0	0.80608792
1	0.78147344
2	0.80559530
3	0.80387795
4	0.80586922
5	0.80614430
6	0.80540134
7	0.80557728
8	0.80622752
9	0.80611122
10	0.80585916
11	0.80658562
12	0.80617507
13	0.80634794
15	0.80598619
16	0.80589722
19	0.80590777
21	0.80624717
26	0.80631678
27	0.80513854
28	0.80324008
31	0.80374382
34	0.80607248
37	0.80052857
38	0.80528648
40	0.80564286
44	0.80054238
49	0.77823826
50	0.77907584
62	0.79559827
66	0.73470067
68	0.79230221
70	0.79438418
76	0.80304257
79	0.80514756
81	0.80272330
91	0.70344267
101	0.80332704
102	0.72254324
114	0.78382483
115	0.74797641
123	0.77043605
127	0.73740460
128	0.65830825
131	0.77895302
136	0.76960316
137	0.73413720
156	0.80013384
162	0.78570268
166	0.74966510
168	0.78064477
169	0.65593739
174	0.58951774
175	0.76860489
179	0.78057095
181	0.77183912
182	0.72011937
188	0.74847939
191	0.74761083
192	0.71450988
201	0.75794353
210	0.72664938
212	0.77924813
224	0.73158552
231	0.77605829
232	0.63134736
238	0.68249799
248	0.72707488
250	0.77311774
253	0.74459501
260	0.73659185
268	0.73993126
269	0.74111103
270	0.69125801
280	0.74281448
286	0.72725081
304	0.70320940
307	0.65533950
316	0.73211678
327	0.65511515
332	0.70446290
346	0.75852895
349	0.65430048
351	0.62458360
354	0.63840662
355	0.65774161
359	0.65103576
360	0.67830719
361	0.69285542
372	0.75592359
399	0.62520029
407	0.63052464
440	0.68899645
464	0.69074976
477	0.69155072
481	0.57058447
499	0.66353691
507	0.61743279
521	0.62568178
523	0.65599703
525	0.59420115
531	0.61668878
578	0.61200441
595	0.65662128
617	0.58041429
622	0.63179070
633	0.63026673
661	0.58838274
691	0.59258408
721	0.61960077
723	0.56281793
754	0.62002320
762	0.60431246
764	0.55726692
775	0.61815705
779	0.54151294
795	0.54814861
804	0.61445369
809	0.57623557
835	0.60542253
844	0.63207478
875	0.63968792
894	0.56482474
896	0.52658226
900	0.58553567
904	0.55858917
917	0.54897181
973	0.54834027
982	0.55416884
983	0.55076203
1012	0.56923739
1014	0.56809147
1015	0.54836203
1033	0.57828226
14	0.80633087
29	0.80604151
97	0.74119607
147	0.77744928
197	0.72686462
230	0.69215388
241	0.74051908
293	0.67479530
297	0.64121687
357	0.74635695
362	0.69026021
381	0.67749358
428	0.70654372
501	0.59638485
656	0.54711870
678	0.60690134
845	0.59194832
984	0.53998130
18	0.80632061
22	0.80616385
25	0.80579118
51	0.76590671
56	0.78162637
58	0.80518322
63	0.80332522
67	0.80054468
75	0.77899607
77	0.79576481
80	0.74015935
87	0.75689041
116	0.75718245
126	0.80423576
187	0.75256683
216	0.72689530
240	0.73909166
271	0.69810700
275	0.65920825
290	0.66759060
339	0.74726779
364	0.62878840
376	0.69937373
378	0.70571160
405	0.65383145
439	0.70204410
448	0.57241419
452	0.66377670
454	0.69107584
604	0.62787536
607	0.64609569
612	0.67544094
618	0.58989895
634	0.62717709
645	0.63533308
707	0.56299703
755	0.62116510
771	0.59548351
789	0.55331026
839	0.60203106
959	0.58336059
1026	0.54638063
23	0.80570805
35	0.80128130
64	0.80430403
78	0.80238380
96	0.79702570
105	0.77713720
117	0.74244094
124	0.78609588
150	0.78643145
171	0.69065561
194	0.74260316
203	0.78015705
215	0.75657680
227	0.73360872
236	0.73198648
246	0.76198926
312	0.66490825
315	0.64311400
317	0.69849578
320	0.59224497
340	0.67514305
363	0.62827814
371	0.64188054
402	0.73899348
459	0.70649779
613	0.59431822
652	0.60361141
657	0.58873174
683	0.57815369
792	0.57808811
870	0.57567498
880	0.58825599
1008	0.56092196
1030	0.57154247
17	0.80620422
24	0.80632148
43	0.80594966
45	0.79959923
53	0.75946203
61	0.73357910
71	0.80514123
89	0.79523557
132	0.79383854
144	0.72837076
151	0.74185532
173	0.78635321
185	0.72689300
196	0.69500690
213	0.71303576
223	0.72152838
228	0.75188802
229	0.74449089
243	0.64602474
257	0.66226846
259	0.73036040
541	0.61322905
552	0.56277661
570	0.58981400
591	0.62319492
641	0.60216654
651	0.60216606
687	0.58732263
781	0.60051275
947	0.62816548
993	0.56496894
1025	0.55266261
20	0.80621515
36	0.80595666
57	0.80570268
60	0.80061908
94	0.78127450
99	0.75030336
100	0.76375532
113	0.77584008
122	0.79246961
129	0.79863595
130	0.74622886
164	0.79068869
183	0.71624458
184	0.76955992
186	0.77548341
211	0.77594621
222	0.73723471
239	0.73597258
273	0.62823509
328	0.60427862
336	0.73771170
338	0.72215801
377	0.60535475
416	0.68907124
435	0.63688274
441	0.69745964
462	0.65159185
469	0.61732895
487	0.58982215
490	0.65537987
505	0.66615925
530	0.69978092
574	0.66143289
580	0.64009904
602	0.64024104
603	0.61639473
654	0.60054736
665	0.63466155
671	0.60237335
674	0.64881371
692	0.60490460
701	0.59558878
704	0.55595034
719	0.65633241
722	0.56024775
735	0.58703730
743	0.60713797
746	0.59539827
794	0.59483241
822	0.62263873
847	0.59306222
872	0.58216903
886	0.55605034
892	0.55888552
893	0.56693164
916	0.57443068
932	0.54665638
964	0.55320000
975	0.54997661
987	0.53759003
999	0.55544199
1003	0.53331956
1013	0.53799243
32	0.79992991
33	0.80552541
55	0.80463452
106	0.71912263
121	0.78974094
138	0.77324295
195	0.68288763
220	0.69292838
288	0.73862359
380	0.68510786
423	0.65500230
529	0.60624842
567	0.68754046
632	0.63173452
684	0.58586846
741	0.62627824
787	0.62958408
797	0.56082042
841	0.54362282
846	0.58436385
863	0.54673442
46	0.80453998
90	0.79856021
92	0.78473442
134	0.78124353
153	0.69662119
165	0.77418830
204	0.76578591
221	0.71708610
285	0.77764756
298	0.66163528
396	0.63742397
410	0.69169463
413	0.63765523
438	0.71585964
473	0.66431429
492	0.60227124
500	0.70714036
601	0.62137680
623	0.63452790
625	0.65336328
659	0.60736922
673	0.53998332
697	0.58584823
726	0.61726031
752	0.60787804
777	0.59357373
791	0.63438476
859	0.56940105
935	0.56303116
936	0.56948523
938	0.54264947
953	0.53669636
990	0.54992244
30	0.80653480
39	0.80163078
41	0.80306692
42	0.79867776
84	0.78388207
118	0.76092646
125	0.75344688
154	0.77145628
176	0.78669549
209	0.75088610
219	0.75819789
225	0.77446117
235	0.75152502
295	0.75637958
318	0.65527383
335	0.67149540
368	0.70450221
386	0.65786127
404	0.70505839
414	0.60931783
429	0.71475580
442	0.67111496
446	0.60372790
447	0.60577737
460	0.59286040
478	0.69317143
489	0.68161333
497	0.64577670
506	0.63492895
544	0.67455081
551	0.61847833
556	0.60241419
596	0.65516951
597	0.59200412
629	0.62366750
643	0.58590997
668	0.63853557
686	0.56299511
703	0.59881007
712	0.62412512
786	0.59232780
800	0.60556462
817	0.56721083
819	0.61867728
826	0.58126203
858	0.59749252
876	0.58171227
937	0.61750249
47	0.79471007
52	0.79314295
69	0.80479636
74	0.77116021
86	0.75952253
88	0.76938888
142	0.72527210
145	0.76742272
189	0.71695264
226	0.75642713
233	0.69016098
234	0.62546568
244	0.70127613
255	0.71948485
294	0.64550336
322	0.77571534
343	0.62180930
373	0.65902522
374	0.70371179
385	0.72454132
400	0.63924477
437	0.72146558
443	0.56010863
509	0.67826529
534	0.55872761
554	0.62309942
571	0.69051994
576	0.58763624
581	0.61207574
589	0.63132522
630	0.59407450
636	0.66564151
646	0.62625321
653	0.62352176
699	0.66159693
713	0.54542176
749	0.60579837
759	0.58482723
812	0.56574353
816	0.60606232
828	0.52241956
857	0.58669559
861	0.58130125
887	0.53552665
952	0.57124267
958	0.56231170
976	0.57613988
1004	0.52417018
48	0.80025484
59	0.80358130
65	0.77004765
72	0.79859962
83	0.79691333
85	0.79941438
93	0.80120968
98	0.79298600
103	0.77553327
107	0.72289377
109	0.79720777
111	0.77563317
143	0.76768054
149	0.76385254
155	0.78459137
159	0.73521083
198	0.77654027
205	0.76989521
206	0.65876299
207	0.74966596
208	0.75023404
217	0.73344209
254	0.68857814
264	0.74326414
274	0.69126548
292	0.67315081
310	0.60090892
311	0.69083279
352	0.75435360
397	0.69495225
415	0.71670930
421	0.59608054
451	0.70890355
465	0.68761266
480	0.67210988
483	0.61823883
508	0.65027948
558	0.58637258
559	0.69032713
560	0.56245503
573	0.63012963
609	0.63434995
616	0.57499243
619	0.57372646
639	0.63029175
694	0.57710451
706	0.56921151
728	0.57829281
742	0.62267306
763	0.55654410
768	0.58810029
778	0.57331026
811	0.56785197
871	0.53003404
877	0.61952723
926	0.54718140
962	0.55205034
965	0.56215801
970	0.57691572
985	0.54123442
997	0.55949204
1001	0.55896779
1007	0.56268869
1027	0.55376040
95	0.78564113
120	0.78607967
152	0.78843298
172	0.72038648
252	0.69356194
282	0.61655139
334	0.74696117
434	0.73852128
457	0.60202771
498	0.62462560
512	0.67658514
513	0.67448351
549	0.62796174
592	0.63027785
640	0.59050968
649	0.58835014
650	0.67146213
658	0.56799569
676	0.56534391
688	0.67411189
710	0.59889856
716	0.60685360
731	0.57030575
767	0.55587900
813	0.63853921
824	0.60652570
865	0.56784104
918	0.53800336
945	0.56453183
957	0.56790201
978	0.52272301
979	0.53307162
1024	0.55997018
1034	0.53841467
73	0.80338945
133	0.79256596
167	0.67090431
199	0.73124238
200	0.78735973
284	0.73775609
287	0.66761208
289	0.70580671
321	0.70329607
325	0.65174717
342	0.68055216
348	0.67243269
406	0.63016510
408	0.66557066
427	0.66497037
458	0.59231093
475	0.58507603
476	0.67685283
479	0.69979751
519	0.67066117
583	0.64358265
606	0.58832752
628	0.58517881
666	0.63819166
667	0.65103931
689	0.57912263
744	0.59106472
820	0.59315657
821	0.55723394
823	0.62012963
856	0.60518341
878	0.55045609
879	0.57494410
905	0.58905743
912	0.56515427
921	0.55523308
82	0.79710959
110	0.78234036
112	0.79771208
135	0.76852589
148	0.73448591
158	0.73281946
306	0.71526654
319	0.59834113
387	0.66562435
395	0.65211045
411	0.70348859
417	0.64145360
422	0.66388639
431	0.63791668
449	0.59157459
470	0.63484008
496	0.64740911
517	0.62877287
547	0.63155235
553	0.65267958
563	0.61998571
679	0.57465350
680	0.62294871
690	0.63561649
700	0.59618092
785	0.55482090
788	0.54408178
943	0.56786443
972	0.55245187
1016	0.55747881
1037	0.56341649
160	0.67385264
305	0.73851553
331	0.63442205
353	0.64075820
394	0.61491093
463	0.67675062
467	0.69084650
486	0.69630681
495	0.63781850
504	0.66582637
515	0.66812963
522	0.70540681
546	0.67306913
718	0.54255081
773	0.54523845
829	0.54092474
891	0.55151687
899	0.56885657
911	0.59220968
915	0.58889137
942	0.54792522
949	0.53932119
989	0.52895523
1009	0.53090134
1011	0.53590662
1017	0.54282426
1019	0.55477220
157	0.76854113
266	0.68035896
283	0.67872167
323	0.69521131
345	0.63006759
369	0.66005925
370	0.69768207
388	0.67450163
389	0.65636635
392	0.66702263
436	0.64911400
466	0.63016012
474	0.61121611
520	0.59393145
533	0.54059175
555	0.59373845
588	0.59458370
709	0.59523653
717	0.62637872
727	0.58939693
734	0.54702771
738	0.58661544
774	0.61068044
801	0.59747172
815	0.58669089
913	0.55993557
914	0.54988341
954	0.53003116
961	0.56250067
1000	0.53327641
1018	0.54042138
1023	0.55799291
1031	0.53269616
146	0.78798859
309	0.61181515
329	0.64594036
344	0.68726980
403	0.65119406
409	0.61184017
419	0.73280911
471	0.69896616
542	0.58901237
550	0.65149463
565	0.63160422
620	0.65639588
660	0.61287459
670	0.59074545
714	0.62111937
729	0.58436836
737	0.58713797
739	0.54883749
769	0.60276932
783	0.57075312
793	0.56065292
803	0.58069530
830	0.59686270
849	0.57337613
869	0.57237555
902	0.55039147
910	0.55213691
920	0.55902790
922	0.55343739
924	0.55413221
971	0.53530700
119	0.78658082
161	0.73696913
180	0.76786798
267	0.69330719
272	0.71045034
302	0.62833797
379	0.66560949
524	0.66042752
537	0.57619722
579	0.61986874
708	0.59051965
715	0.60915849
724	0.54926251
745	0.63069875
806	0.53286596
810	0.60776127
873	0.57417383
960	0.59468552
54	0.80381266
251	0.75082474
398	0.67042483
450	0.63888849
593	0.60014401
663	0.56496031
675	0.58537900
757	0.57103893
818	0.55268677
827	0.56712263
928	0.55590757
974	0.54371026
991	0.55394401
214	0.71086750
245	0.69264238
279	0.71984286
424	0.61226683
493	0.71182339
610	0.62794717
760	0.56188293
848	0.56533595
854	0.55420096
923	0.55061783
927	0.54890585
951	0.54071620
177	0.75861841
190	0.62486520
242	0.75847862
247	0.75728111
258	0.68874334
299	0.69311477
390	0.68852963
420	0.69697555
535	0.66064151
548	0.60787229
586	0.61060844
627	0.57559032
644	0.59820307
685	0.55445877
702	0.57157210
732	0.60366750
736	0.65118456
766	0.57364295
802	0.56610048
843	0.58448562
867	0.61414851
898	0.58714267
907	0.56730288
955	0.56273509
1002	0.56417076
1005	0.55134343
104	0.75472982
140	0.77179473
178	0.70976644
356	0.68156654
358	0.66907881
430	0.58669406
455	0.64400105
461	0.61891850
568	0.64337133
648	0.55526894
751	0.59897440
758	0.63235532
866	0.53897018
933	0.54616539
939	0.55807210
1035	0.52260499
139	0.76245110
313	0.70206079
347	0.69506021
412	0.66647526
445	0.68362081
503	0.68611505
582	0.65801381
587	0.65100825
605	0.59735925
705	0.58213471
784	0.60845657
825	0.56710431
998	0.57423011
1028	0.53845781
1042	0.54939012
108	0.80117776
485	0.61311208
545	0.64340163
868	0.62771093
931	0.54186069
249	0.74984132
337	0.74069108
401	0.66344468
662	0.63289012
681	0.60477287
682	0.56957296
695	0.66802579
748	0.55499425
790	0.59276500
833	0.53242617
889	0.59662071
946	0.54487526
1010	0.54337248
1040	0.54721611
262	0.67535781
278	0.66365820
314	0.69927172
384	0.67254966
433	0.61531822
631	0.65777248
753	0.61403605
831	0.56892454
851	0.54988303
1038	0.55109722
202	0.77398130
291	0.71670489
303	0.72876769
365	0.70170431
491	0.68319942
502	0.67322982
561	0.58529808
594	0.56066251
621	0.63089942
733	0.65522627
747	0.61485091
776	0.60077785
884	0.57787325
1006	0.55478782
265	0.78680633
341	0.72684679
765	0.54112991
969	0.55824132
1036	0.55133547
456	0.67588552
488	0.69008782
527	0.61254765
237	0.74546347
333	0.68991572
425	0.55102215
575	0.57305187
664	0.62577459
832	0.52941553
864	0.53546107
901	0.61843423
980	0.53496069
994	0.53988773
193	0.71679099
256	0.71525053
324	0.68527210
330	0.70702090
375	0.57303452
426	0.60761505
514	0.60715590
647	0.62897076
655	0.56516932
720	0.61853682
163	0.68098763
301	0.63216491
308	0.70068389
510	0.63640700
572	0.60472416
919	0.55561026
986	0.53772617
888	0.55675206
903	0.56403413
141	0.76301333
261	0.77433816
761	0.57493758
367	0.67415896
770	0.55492934
834	0.54166376
897	0.57515944
963	0.54314803
968	0.52136290
300	0.72148025
557	0.60459310
615	0.60401879
444	0.69659521
482	0.62027507
484	0.63583595
626	0.70124104
669	0.57519089
730	0.59061026
853	0.52278073
1041	0.55043058
276	0.64490863
468	0.65644736
472	0.67256491
281	0.67457766
350	0.66137248
711	0.58047958
796	0.59333873
838	0.56190930
850	0.59012876
874	0.60988322
218	0.65973011
532	0.61137967
881	0.59660134
263	0.68919338
453	0.60656616
590	0.59012991
624	0.59387613
642	0.62524573
780	0.60923720
526	0.60528773
836	0.58815503
909	0.54602953
988	0.51621419
598	0.62880374
170	0.72297507
516	0.67483068
611	0.54913576
637	0.63387756
837	0.53004832
948	0.53890527
614	0.71774305
562	0.61906184
518	0.65087948
696	0.59568025
883	0.54644535
996	0.55245379
296	0.64148169
807	0.58368552
698	0.56852378
366	0.64804123
1021	0.55375149
494	0.63847709
536	0.63958360
277	0.68875666
383	0.68865743
600	0.61343126
672	0.64571045
906	0.56855292
393	0.65901496
693	0.63147737
950	0.56444353
814	0.54216184
882	0.56426424
890	0.56087651
956	0.53820882
1020	0.54740662
941	0.59215072
940	0.55133950
511	0.71830585
740	0.58921534
808	0.60065513
977	0.55240547
608	0.60330038
750	0.58990585
929	0.53110134
577	0.57875053
432	0.63809118
566	0.63225436
930	0.53403241
564	0.64834171
538	0.61302771
992	0.55737948
528	0.57482771
852	0.52408849
569	0.62128945
677	0.55910249
326	0.71798418
1032	0.52917948
895	0.54293317
908	0.54122838
599	0.55110700
1022	0.54264132
418	0.72748792
840	0.55954094
862	0.56684228
966	0.55488696
584	0.61790393
725	0.54207047
799	0.54359214
382	0.63442311
391	0.64635772
805	0.56913423
540	0.61235216
860	0.56256385
798	0.54285312
543	0.57908082
925	0.52792828
967	0.51896079
782	0.52954813
885	0.57806663
585	0.68323375
638	0.65821889
944	0.54086951
756	0.66221659
855	0.56150364
995	0.52721160
1029	0.52862272
934	0.52686232
1039	0.51747670
539	0.69740336
981	0.50927018
772	0.54464976
842	0.54322061
635	0.53187967
