0	0.80639324
1	0.80616147
2	0.80634263
3	0.80657050
4	0.80416518
5	0.80127935
6	0.78624063
7	0.80368792
8	0.80603178
9	0.80625471
10	0.80627422
11	0.80655281
12	0.80641456
13	0.80625728
14	0.80627659
15	0.80641951
16	0.80611104
19	0.80647831
20	0.80620409
21	0.80637916
22	0.80610790
23	0.80662093
24	0.80632655
26	0.80618725
27	0.80533302
28	0.80559952
29	0.80616289
30	0.78168991
34	0.80586308
37	0.80460285
38	0.78582797
42	0.80590048
44	0.75488573
47	0.80476308
51	0.80599657
59	0.80362055
63	0.79832027
64	0.79722131
71	0.75433549
72	0.80007441
84	0.78797650
87	0.80356717
89	0.80442379
90	0.79821646
94	0.79034672
100	0.76356993
104	0.79935690
107	0.77290771
110	0.77529848
116	0.74513444
129	0.78798402
144	0.74000038
149	0.70699382
151	0.78315690
155	0.76934615
156	0.77204215
159	0.71854529
164	0.76389819
188	0.77711066
189	0.71548620
197	0.72084339
204	0.70557050
226	0.73259039
227	0.72176489
236	0.65138896
239	0.71407536
240	0.72557469
244	0.66840247
248	0.71282236
252	0.66349001
256	0.72514301
265	0.64150790
270	0.72237412
275	0.72605871
276	0.75370618
277	0.71614301
305	0.72724472
308	0.73485585
313	0.67296023
331	0.68203758
341	0.64430552
376	0.66910000
382	0.67842379
387	0.68490029
420	0.70332293
427	0.71937688
433	0.69425214
444	0.66709010
487	0.58816556
490	0.67615652
502	0.70394919
506	0.67119353
508	0.62075585
519	0.66653644
531	0.58762312
553	0.65525709
560	0.64779534
561	0.62236889
564	0.60778363
567	0.65218335
571	0.55926717
599	0.63173054
604	0.59698344
648	0.63732398
653	0.67067317
660	0.63927250
694	0.57218744
710	0.53362217
713	0.66389087
732	0.59384700
792	0.58749163
813	0.57998906
820	0.53667954
823	0.56227935
842	0.56815404
855	0.57595338
857	0.61420428
858	0.56155918
866	0.59898392
883	0.56816508
897	0.60767402
908	0.55534548
934	0.56081066
963	0.55470171
987	0.54110114
989	0.57177355
991	0.57263949
1035	0.55399144
1045	0.55170837
18	0.80638411
25	0.80024548
31	0.80231532
32	0.80542074
56	0.72250951
62	0.80049715
66	0.78857031
93	0.76722559
95	0.73792816
112	0.75323035
122	0.72678868
127	0.78595899
136	0.77042226
153	0.73459134
158	0.74544843
208	0.68131970
211	0.78917602
216	0.65262912
217	0.78379762
231	0.71255814
232	0.65127850
246	0.74274424
274	0.73530086
289	0.73988382
322	0.69192141
333	0.66845043
366	0.73297212
372	0.69985300
395	0.68290029
422	0.62106727
432	0.73825252
442	0.60194472
466	0.69680409
482	0.65770324
587	0.54810657
670	0.58582274
684	0.67706166
729	0.69099020
786	0.55290875
817	0.61063178
822	0.57229125
838	0.54494938
850	0.59070285
889	0.61257431
904	0.56766898
921	0.55951817
933	0.58337212
965	0.57048173
975	0.54728516
46	0.80616613
48	0.72954272
52	0.80472835
81	0.80365652
85	0.76185661
98	0.80166394
99	0.78060875
118	0.77622274
160	0.78544434
178	0.74813092
179	0.73898696
187	0.76715937
196	0.73042293
200	0.74571246
206	0.71891903
212	0.74459343
233	0.69968582
263	0.67194872
279	0.62559258
283	0.74221199
300	0.71354995
302	0.70087336
304	0.71498126
320	0.65729990
325	0.69191675
369	0.60892559
391	0.67858078
436	0.67795509
469	0.69920932
500	0.59313340
562	0.63983644
572	0.65282797
610	0.64665652
618	0.68157878
627	0.55336755
643	0.55666518
658	0.61337593
698	0.57639905
700	0.55768725
708	0.61006794
712	0.63221541
716	0.56857364
727	0.58623853
739	0.59388754
750	0.59246974
771	0.56751808
772	0.59597859
807	0.55873378
849	0.59708164
872	0.62255538
903	0.55612645
905	0.58334681
925	0.55867650
983	0.54086689
986	0.55805842
1031	0.54284967
17	0.80634091
39	0.75479096
53	0.80582816
58	0.79377250
68	0.79399125
82	0.79560647
96	0.79966422
101	0.74925557
102	0.75148049
114	0.78531494
117	0.76676879
150	0.76312055
168	0.73399952
194	0.76598820
261	0.70173520
287	0.75347203
310	0.72200381
316	0.67085918
321	0.67793283
361	0.66242055
377	0.70425366
401	0.67921874
407	0.68192093
454	0.66038963
494	0.62556251
507	0.58326061
509	0.57528107
515	0.64469334
543	0.64119791
565	0.59122265
635	0.59360971
719	0.65322578
724	0.58397317
808	0.58230457
828	0.61471456
860	0.55653749
894	0.54697250
998	0.56789657
999	0.57449248
1001	0.55880295
73	0.79183321
115	0.77123597
130	0.79039144
161	0.76886546
163	0.79661713
222	0.73069810
237	0.71144624
262	0.70256223
267	0.70820951
324	0.74070266
378	0.78723625
394	0.66185452
439	0.67414853
496	0.66118192
510	0.67580809
518	0.69850343
579	0.66534101
583	0.62800352
629	0.56339296
640	0.57970628
703	0.61453501
706	0.64368877
726	0.61365452
783	0.57737193
791	0.58854396
806	0.61333815
854	0.55935328
882	0.55360000
888	0.59095328
898	0.60895909
1006	0.55510038
1010	0.56011722
1040	0.53561589
35	0.80471237
40	0.79584082
43	0.80612188
45	0.80364101
61	0.80367041
103	0.79282284
135	0.73778297
148	0.73912103
174	0.74523292
193	0.71559867
213	0.70154225
230	0.72862341
269	0.73470542
498	0.67595956
641	0.59623815
702	0.56087108
917	0.56441047
957	0.54251598
972	0.56555300
1009	0.53999163
60	0.80361484
83	0.78265585
91	0.80559153
121	0.78861684
162	0.79131170
192	0.73982255
218	0.60050304
221	0.78194529
339	0.68484624
371	0.68942417
405	0.62242188
463	0.73109058
545	0.64165547
736	0.57764719
833	0.64489686
890	0.54788240
959	0.59651646
69	0.77729334
123	0.63710885
126	0.74372674
141	0.79627755
172	0.80224472
185	0.76432617
190	0.78521979
258	0.62819153
281	0.64984063
319	0.67268630
342	0.62160362
437	0.57216927
450	0.60005186
451	0.66128639
461	0.60418858
470	0.64050209
476	0.67889087
483	0.66697574
526	0.63451779
657	0.60835975
693	0.57997269
785	0.54891237
797	0.62392531
912	0.57470942
919	0.55002759
970	0.54098373
1005	0.55052674
1037	0.53212217
33	0.80492835
54	0.80547364
55	0.80402636
74	0.77857069
76	0.80361408
111	0.76079029
132	0.75626613
133	0.74156965
138	0.67515566
146	0.79165671
154	0.79160428
186	0.74114472
220	0.72710057
268	0.68139743
284	0.72980856
294	0.64398088
337	0.61059772
344	0.74373254
359	0.68889762
365	0.68285737
375	0.70740599
409	0.63628849
413	0.71722341
440	0.65179848
455	0.60222274
471	0.63971199
477	0.62261094
517	0.63881951
581	0.55429315
582	0.59602559
644	0.61940171
699	0.58380343
704	0.61327012
731	0.67806051
733	0.57587355
756	0.56343958
801	0.61981047
804	0.58008773
810	0.62915442
861	0.58557098
922	0.55994529
993	0.55904481
1012	0.54153264
1034	0.55004624
1038	0.55048906
41	0.80535338
49	0.80384025
65	0.79587602
75	0.79866270
88	0.76792655
106	0.80042255
128	0.76618573
166	0.75647269
167	0.77586365
169	0.72542531
177	0.79145994
182	0.72861284
210	0.68583549
245	0.73222293
255	0.70402303
260	0.71521037
327	0.70327850
328	0.71416308
346	0.74443245
356	0.67154529
396	0.64336546
457	0.65643539
489	0.61720400
504	0.69947088
555	0.70429163
568	0.57566717
573	0.65601836
628	0.64259324
634	0.63674053
661	0.58091675
664	0.60783102
671	0.61330057
672	0.65735528
734	0.62625804
737	0.60010657
745	0.61271646
789	0.55983625
844	0.55174539
845	0.58227745
864	0.61226765
881	0.55993225
892	0.56304167
901	0.58296223
931	0.56088811
936	0.50181560
992	0.53518354
997	0.56767507
1002	0.54611484
1016	0.53575024
1018	0.54411075
1042	0.53479791
36	0.79716413
67	0.76588592
77	0.80443254
80	0.79478040
92	0.80547954
108	0.80005804
125	0.74751427
134	0.74776175
152	0.80051513
224	0.70837659
272	0.65449182
280	0.62792873
282	0.76908573
296	0.68124862
298	0.75428211
306	0.69197231
330	0.67082759
350	0.67147612
354	0.70538487
397	0.70000362
398	0.72646432
411	0.69250381
425	0.68180247
435	0.60538487
492	0.67282207
575	0.65758421
626	0.61212483
677	0.58462607
697	0.60372303
705	0.60715433
757	0.58154662
767	0.57534786
768	0.54908221
769	0.56746518
779	0.61006499
839	0.58854367
887	0.54949467
895	0.56120457
914	0.56693482
964	0.56211456
973	0.59546242
1020	0.54338002
50	0.80600200
57	0.80410105
86	0.80476746
105	0.72155642
175	0.75191370
176	0.75532712
183	0.72859867
225	0.60470295
238	0.75844053
254	0.78647098
285	0.67934424
291	0.71031579
314	0.69464377
326	0.66599363
334	0.64021256
362	0.70571931
386	0.57338906
388	0.66074853
414	0.73619239
418	0.69541893
452	0.59398858
474	0.67411874
501	0.63891465
522	0.59692550
525	0.65985642
556	0.61500124
570	0.59531884
595	0.63394995
620	0.62827336
659	0.70207593
666	0.60435109
689	0.58446917
720	0.60397298
738	0.59732969
805	0.54469848
827	0.56796394
870	0.60385595
873	0.56579401
927	0.54854891
940	0.55320333
952	0.54164577
979	0.57855538
1017	0.55953340
1026	0.56271132
70	0.79414348
78	0.74925376
113	0.80108877
120	0.76843787
142	0.71952407
143	0.77669267
171	0.78278554
242	0.77803663
251	0.78795233
367	0.68284795
486	0.67426185
503	0.58709239
569	0.58180742
594	0.63095642
600	0.60757869
624	0.65613635
649	0.65522702
687	0.61237041
735	0.62162303
776	0.58790504
784	0.56583977
809	0.57647345
846	0.55930799
856	0.57043758
878	0.54752131
886	0.56412931
949	0.53834215
951	0.56427555
1024	0.56019610
79	0.76293473
180	0.72038944
191	0.75972417
223	0.72667545
241	0.69060637
243	0.72947916
299	0.63637326
303	0.67561989
380	0.63740257
384	0.65004244
400	0.67144206
403	0.60687812
429	0.65307279
462	0.62288306
473	0.65208325
478	0.61869791
514	0.61465975
601	0.65073530
607	0.63077041
609	0.67037479
614	0.56991694
638	0.62819848
723	0.57936480
725	0.64462445
764	0.54193501
777	0.57333597
853	0.56862293
877	0.54981475
896	0.55574234
909	0.56863054
962	0.54372188
969	0.55164177
1013	0.56669648
1021	0.54913397
145	0.78066175
205	0.79973416
295	0.71214976
347	0.66561646
355	0.58260523
370	0.62276242
399	0.65566070
402	0.63412141
448	0.65362369
467	0.63539905
480	0.59836403
524	0.61264139
551	0.56840923
580	0.62571342
591	0.62503016
596	0.62962046
608	0.57354738
617	0.60890419
642	0.62735167
692	0.58509876
741	0.64307212
766	0.60926375
812	0.57568287
836	0.55559829
867	0.59484396
911	0.61825728
930	0.56167222
954	0.56706384
97	0.80006127
170	0.71346622
195	0.75919990
209	0.73615224
228	0.75978839
229	0.68115756
259	0.60630837
264	0.68155471
271	0.72285471
292	0.69439534
318	0.69595452
332	0.67642217
335	0.59614634
336	0.63534767
338	0.66910438
381	0.59944424
392	0.70778478
404	0.65321741
426	0.70033159
460	0.60420295
465	0.65680618
493	0.68565357
499	0.61286698
533	0.55488221
538	0.64061313
542	0.61981208
544	0.63689515
547	0.64827726
558	0.71408925
566	0.62685671
589	0.65344995
598	0.64517345
606	0.61531979
633	0.56507402
636	0.57863492
639	0.65019753
646	0.64654386
651	0.65943225
669	0.64680209
718	0.58880657
760	0.60027954
774	0.57272312
780	0.61092626
787	0.62067831
790	0.61035671
832	0.64650400
835	0.54312388
837	0.56739191
847	0.61033958
863	0.55768126
875	0.54033359
910	0.56279886
923	0.55439876
977	0.53742588
990	0.52653435
1015	0.58139286
1033	0.53075756
124	0.77580571
131	0.77120076
139	0.70377022
140	0.75379172
203	0.65820657
253	0.75351922
343	0.59630780
389	0.63707897
412	0.62698249
419	0.73417850
423	0.67679791
434	0.70485747
449	0.62070400
481	0.65152645
655	0.58263406
680	0.60354786
683	0.63192312
688	0.60635576
715	0.55139068
824	0.55939163
868	0.53262645
871	0.54857041
879	0.55619220
920	0.61114776
943	0.55102398
956	0.57334510
157	0.78267812
184	0.75181760
247	0.63212693
249	0.74775128
315	0.75004615
317	0.68596889
408	0.64401827
415	0.62314710
472	0.56335233
530	0.63797260
540	0.59090095
615	0.67271380
631	0.60011732
681	0.63593663
753	0.57844929
947	0.55829058
137	0.79501332
147	0.79241570
266	0.66992969
278	0.73786384
393	0.64610599
438	0.68322617
491	0.64293949
513	0.63014272
527	0.59160657
656	0.62824110
676	0.66742617
711	0.53025994
752	0.62398335
819	0.55971798
830	0.59092065
869	0.55015661
891	0.57459467
932	0.55896147
942	0.51854881
1044	0.56424244
301	0.69977536
410	0.63543949
428	0.64065024
459	0.71580143
475	0.68691427
479	0.66461989
488	0.65453777
586	0.53840875
668	0.62020095
746	0.55753302
816	0.55433749
825	0.63397631
859	0.63365842
899	0.58153130
907	0.54545699
958	0.54477840
981	0.52491104
1036	0.55500266
109	0.78892236
173	0.75941237
297	0.76253140
441	0.68073378
446	0.64129486
512	0.66854215
535	0.69827288
546	0.63718335
548	0.64776660
552	0.72261323
602	0.64658088
675	0.64355357
730	0.60529810
742	0.54060894
743	0.58517288
815	0.59253492
1032	0.55086898
201	0.77461047
539	0.67372150
563	0.65121294
584	0.59381884
619	0.64190485
630	0.61651227
696	0.60570752
749	0.55272474
794	0.53947355
826	0.56798021
831	0.57072873
884	0.53252207
976	0.54495262
982	0.52457621
1011	0.56898925
1041	0.53880010
1050	0.53376727
199	0.74143863
214	0.70140400
323	0.68080580
349	0.64121503
357	0.65313092
456	0.66447526
650	0.56457336
701	0.55253520
714	0.61088915
775	0.56283739
848	0.53085081
181	0.78724215
202	0.74609505
207	0.68261484
235	0.71946422
311	0.69916042
312	0.77096689
358	0.67691608
363	0.73548868
416	0.62687764
557	0.67476651
574	0.65870067
603	0.56489049
605	0.63120019
612	0.66567821
621	0.64785224
637	0.56617231
761	0.60501637
778	0.56439867
798	0.55449734
1007	0.52911275
273	0.69789600
293	0.64713939
368	0.65495785
374	0.61219562
550	0.59375966
758	0.62390190
795	0.57141884
821	0.63067983
865	0.55488097
880	0.53496765
885	0.56328639
915	0.55997279
980	0.58269562
119	0.80506318
516	0.62904795
593	0.61218240
625	0.64094738
691	0.58887022
748	0.54827345
796	0.56404872
1048	0.55166327
165	0.76219553
523	0.68347745
662	0.67281817
665	0.56295233
219	0.68435252
383	0.64541560
536	0.60640999
944	0.55188088
967	0.55946632
1023	0.53657060
1029	0.53242160
385	0.68199496
421	0.60438097
424	0.65399867
485	0.62861389
520	0.63177098
559	0.61856974
1028	0.53974900
751	0.57217345
364	0.72437012
390	0.61716470
788	0.60050285
811	0.61746565
938	0.56396841
985	0.51309020
994	0.52923178
1022	0.56464919
1047	0.55711684
309	0.69238173
360	0.70238363
468	0.62047079
484	0.70185385
632	0.64966698
717	0.55745300
759	0.57810238
781	0.55852883
1027	0.54588782
1030	0.52308145
613	0.60523520
673	0.61566670
198	0.73689467
541	0.64366384
755	0.57371227
782	0.60701874
329	0.64375814
353	0.73023416
453	0.65554529
528	0.62911522
874	0.61051170
549	0.59214748
652	0.65992598
773	0.60132236
893	0.53564139
340	0.63790209
464	0.58231551
497	0.60978830
597	0.57765861
647	0.56350152
695	0.58208306
765	0.55617146
814	0.57673140
829	0.58548344
1039	0.55483501
286	0.74045500
576	0.65730628
818	0.61955119
215	0.76948963
288	0.69332731
840	0.59074795
841	0.55132959
1014	0.56231618
430	0.57058088
937	0.56067079
950	0.54865547
234	0.70357517
417	0.66527307
529	0.58796965
663	0.58993245
667	0.58165766
928	0.53038535
966	0.55429543
995	0.56424034
1046	0.55369810
1049	0.55235043
345	0.63221104
352	0.63664424
521	0.65908887
686	0.54395918
709	0.58066660
802	0.57887526
953	0.54045538
257	0.73813911
348	0.70961522
431	0.60904995
447	0.62586013
554	0.58495062
590	0.66615985
740	0.57311989
862	0.57781874
968	0.54634453
577	0.64167954
645	0.61402284
793	0.57201618
926	0.55862303
445	0.59303235
800	0.57527631
918	0.58432436
945	0.53381009
961	0.55308801
406	0.63085186
307	0.67256727
458	0.64354072
876	0.59616518
946	0.55922217
674	0.55883140
988	0.53125519
996	0.53964767
852	0.53618116
1003	0.57803283
1019	0.53179115
505	0.64590523
578	0.62404110
843	0.57670961
678	0.55069153
351	0.70941037
534	0.66695233
679	0.67758402
728	0.61806232
902	0.62184396
935	0.58987060
585	0.61565300
721	0.62758972
685	0.61129515
250	0.71945062
690	0.59242721
443	0.60911855
623	0.64061656
682	0.54826422
622	0.61097298
906	0.54147203
537	0.73278773
913	0.57162226
495	0.65938725
851	0.53087507
916	0.58746185
611	0.63646974
960	0.55446527
974	0.57772559
762	0.60402331
754	0.55771037
1000	0.55240951
592	0.61926518
929	0.57830000
290	0.72742169
722	0.64301741
532	0.62812559
941	0.53965633
588	0.65071361
379	0.63828392
373	0.65041551
744	0.54822265
511	0.59039686
978	0.53113016
654	0.65190904
900	0.57918687
799	0.53662997
763	0.57228344
834	0.58132188
924	0.54107250
1025	0.52102740
971	0.54663834
948	0.58840932
984	0.51074814
1043	0.54914596
803	0.57161075
1004	0.53807850
770	0.59544577
616	0.57480961
747	0.56437812
955	0.56455918
1008	0.55560628
939	0.51898335
707	0.56957012
