0	0.80653774
1	0.75425216
2	0.80397170
3	0.80667358
4	0.80576715
5	0.80228835
6	0.80671632
7	0.80666193
8	0.80658624
9	0.80654728
10	0.80698124
11	0.80672087
12	0.80575760
13	0.80687603
14	0.80683973
15	0.80644872
17	0.80661998
18	0.80670533
19	0.80670710
20	0.80422952
21	0.80648746
24	0.80630366
25	0.80659745
27	0.80638069
28	0.80653052
29	0.80592431
30	0.80516482
31	0.80473063
32	0.80652120
33	0.80510244
41	0.80377858
45	0.78255794
49	0.79269933
52	0.80610222
53	0.79174029
56	0.77592697
66	0.80414317
70	0.80091454
74	0.75582741
75	0.80118380
82	0.80104362
83	0.78733041
85	0.76635727
86	0.75950710
88	0.78581942
97	0.77089945
102	0.72584362
103	0.77427014
113	0.78283663
117	0.78267458
122	0.76156748
124	0.77366437
129	0.73182619
133	0.78659889
148	0.75869168
150	0.78093596
153	0.78474695
159	0.71541365
162	0.76596149
173	0.72149756
174	0.73167336
180	0.78062031
184	0.67121654
190	0.76879723
196	0.75224306
198	0.76580033
222	0.58064517
231	0.65726815
243	0.77016815
247	0.61113973
250	0.70464983
251	0.75653663
252	0.74984428
255	0.67533274
268	0.61605905
273	0.74654828
280	0.68842031
281	0.66091176
283	0.75120200
289	0.68842708
295	0.67542320
302	0.66248779
307	0.69320777
311	0.66315671
314	0.70995794
319	0.70464628
331	0.59670677
336	0.69828590
355	0.72486082
362	0.71784817
363	0.70667669
368	0.61609922
376	0.55930544
380	0.58118868
383	0.62862642
390	0.64471432
405	0.67458701
406	0.65530999
410	0.65090644
423	0.66912142
425	0.62334739
431	0.57018779
442	0.59703696
453	0.62256182
462	0.56535860
464	0.61886404
466	0.63208657
469	0.65092608
473	0.66890488
481	0.60347481
485	0.65434140
497	0.58625527
501	0.66862297
506	0.59683274
524	0.61952619
537	0.59605782
554	0.61735949
556	0.62971154
558	0.61631299
561	0.59342708
568	0.65400633
579	0.63051454
585	0.59426826
588	0.55249800
590	0.57914961
607	0.62410455
614	0.57032486
618	0.54933785
627	0.58310400
646	0.61478546
648	0.60064706
651	0.56980921
665	0.58782719
666	0.62768036
670	0.56623052
673	0.57893119
675	0.60959856
677	0.60067802
688	0.60787236
692	0.57832231
694	0.57482231
696	0.59328735
703	0.58449867
705	0.60131387
750	0.59599012
755	0.55908513
784	0.57652020
809	0.55423563
811	0.58047592
812	0.56861887
841	0.56987203
843	0.54590178
851	0.58011065
853	0.53872397
866	0.54032542
873	0.53406770
882	0.54503529
42	0.80374517
62	0.77110055
114	0.73934695
125	0.77234462
233	0.68108923
393	0.70613330
409	0.59429323
468	0.58100411
482	0.62441232
529	0.60695760
569	0.60541887
717	0.59845205
741	0.52710466
874	0.55801765
37	0.80220488
60	0.80131632
67	0.80362164
71	0.78633219
106	0.78279989
126	0.68469834
141	0.78071221
151	0.75973185
192	0.68427991
201	0.72059323
240	0.66357880
300	0.71163330
343	0.60636704
349	0.67291321
371	0.59849367
422	0.60065627
441	0.62842420
465	0.59923685
477	0.62135949
538	0.59386271
539	0.57475327
543	0.61266238
551	0.64409501
582	0.56251354
589	0.58122353
746	0.54615128
768	0.57299156
790	0.56757014
794	0.59400544
885	0.55237336
16	0.80669057
22	0.80622486
34	0.80416826
39	0.78827014
46	0.80647370
57	0.80423796
59	0.80460067
63	0.78808380
76	0.72457403
96	0.78590710
105	0.80216792
115	0.76129811
118	0.70671432
134	0.77631065
136	0.77109989
156	0.74140311
158	0.70551809
161	0.71085927
171	0.76511110
179	0.68264007
186	0.74982220
203	0.76025450
208	0.74086104
209	0.64390344
227	0.66697114
234	0.70256837
254	0.70751565
256	0.69254994
260	0.67298269
263	0.72498047
282	0.70054062
303	0.73977958
324	0.67683252
330	0.63350688
335	0.73626493
340	0.63873674
344	0.69983785
357	0.66072142
369	0.64671176
373	0.69788124
391	0.61376326
411	0.60350277
413	0.66711032
419	0.70948579
424	0.61700433
427	0.66441820
433	0.63758147
434	0.59104761
435	0.55476016
483	0.67108790
499	0.55388158
503	0.59849290
508	0.63835538
532	0.58611487
542	0.59199145
560	0.63459878
562	0.57678158
577	0.57348402
633	0.66361221
668	0.58983729
689	0.62142786
719	0.54836082
724	0.57224639
726	0.60892486
788	0.56964961
801	0.60241154
810	0.54466459
836	0.53352686
840	0.55247103
848	0.56185061
849	0.54222353
54	0.76470044
55	0.79233862
73	0.79295782
81	0.79949467
99	0.79233829
100	0.78593152
112	0.78342908
154	0.74722420
169	0.76213774
185	0.68923385
200	0.77661321
262	0.73751343
350	0.66853185
436	0.66920055
448	0.66165616
449	0.65154917
458	0.67626104
460	0.68601498
547	0.60499822
567	0.58434606
572	0.64471287
605	0.58549600
606	0.61274750
612	0.56759145
623	0.62329889
628	0.55551065
634	0.57552775
638	0.59621632
661	0.56748768
754	0.58988835
769	0.55378457
799	0.55344661
852	0.55720755
26	0.80320000
35	0.80679956
93	0.77991942
121	0.74578479
130	0.73129512
138	0.80039878
139	0.69843596
166	0.72978624
246	0.68205683
258	0.66898413
301	0.67635427
309	0.66915638
329	0.68288191
347	0.69696016
385	0.67571254
461	0.58153108
530	0.57585494
583	0.59464240
650	0.58689623
709	0.56443918
736	0.62440966
745	0.58899423
765	0.62102142
793	0.56279112
820	0.58191920
854	0.55343430
892	0.55650466
23	0.80648246
40	0.80600910
47	0.80601332
50	0.79662675
68	0.80305538
107	0.75594107
109	0.72900655
116	0.78096260
127	0.76686459
140	0.75893141
142	0.72083485
172	0.76257991
178	0.75344883
205	0.68882819
221	0.66612974
257	0.72139434
277	0.70618047
325	0.70447525
327	0.69997192
338	0.74050821
353	0.62854639
381	0.73175072
412	0.60488868
414	0.66976249
416	0.65500344
421	0.63881154
426	0.70191532
445	0.67486482
454	0.63004162
457	0.57757059
459	0.64236415
478	0.57344240
484	0.66178024
504	0.62021110
510	0.64747614
523	0.63272841
541	0.60999378
587	0.57608746
609	0.59402186
611	0.59050766
631	0.57068424
667	0.61122364
680	0.56591498
683	0.58842364
690	0.56024384
710	0.63260466
723	0.63018191
735	0.60497070
762	0.58861199
777	0.54631021
791	0.55408624
796	0.56281987
802	0.53023541
832	0.54458846
48	0.80474861
51	0.80330444
58	0.80514351
77	0.79395316
87	0.75299723
89	0.80119756
90	0.80277325
108	0.75757414
137	0.78136637
149	0.73919589
210	0.77091798
211	0.68188768
225	0.70009123
226	0.66260633
271	0.69861387
276	0.60434040
291	0.70054595
312	0.67906093
322	0.67131632
328	0.72710222
370	0.63551110
372	0.61874107
398	0.63135993
403	0.61212275
432	0.63402908
463	0.64773962
517	0.66280333
521	0.59379634
597	0.58085361
598	0.62890377
640	0.65254872
660	0.71709423
681	0.58106870
721	0.62707203
731	0.54831265
737	0.56283341
862	0.57714717
890	0.57047703
893	0.54981920
36	0.77128269
44	0.79854606
72	0.78654462
120	0.75585139
132	0.78118968
143	0.77880311
177	0.76703152
181	0.76933674
189	0.78510189
215	0.67430588
238	0.71391354
269	0.75036870
270	0.75697114
294	0.74987658
308	0.71616515
323	0.77899967
341	0.69300888
342	0.68774917
361	0.61124206
365	0.69257503
389	0.61843529
472	0.59456104
479	0.62183962
518	0.64990333
528	0.63284440
534	0.57011654
553	0.59373585
566	0.60971199
608	0.58397714
615	0.59854806
641	0.63813807
682	0.61964739
700	0.53011487
716	0.57793463
760	0.54903541
761	0.55735671
773	0.55650844
830	0.57000089
877	0.53666770
894	0.54780810
61	0.79627181
69	0.75126948
78	0.75441776
80	0.79316426
95	0.74687636
98	0.78374928
104	0.79830233
111	0.78791199
144	0.77240377
168	0.76314917
188	0.78989234
207	0.71581121
228	0.75072675
264	0.71788946
266	0.72211554
279	0.65968080
298	0.74117958
332	0.66577758
334	0.72593762
339	0.66617469
348	0.68566881
356	0.74939734
382	0.62418735
402	0.56594129
471	0.65730644
494	0.66386204
495	0.56023707
533	0.67857159
559	0.60015749
570	0.62596082
617	0.58167902
687	0.59683918
707	0.60465838
749	0.53886127
771	0.54063585
850	0.58155938
64	0.79582675
65	0.78786049
110	0.70787703
123	0.69137547
135	0.76891876
160	0.75909134
164	0.70801576
175	0.72199534
217	0.71923807
223	0.74369312
232	0.73369767
241	0.64043441
272	0.59845006
274	0.71244406
299	0.74567248
316	0.65854895
317	0.65123585
326	0.66472875
354	0.56301920
386	0.71741987
387	0.61784462
440	0.62525794
447	0.60375760
505	0.63541776
509	0.63694173
600	0.68460577
616	0.60620832
625	0.54542697
652	0.64344084
756	0.56681254
759	0.57786559
803	0.56418546
822	0.51730555
825	0.55778069
844	0.55333885
860	0.55861421
861	0.55061654
887	0.56701065
899	0.53091931
92	0.77953696
128	0.77510133
167	0.77497736
239	0.71528346
253	0.75591365
267	0.71989445
288	0.65965805
292	0.69082653
297	0.66865827
306	0.75344018
315	0.60992997
346	0.64559112
374	0.62778646
384	0.64455716
470	0.67407503
475	0.57944040
507	0.61414639
520	0.56556948
544	0.60524639
555	0.64035094
575	0.59862286
604	0.58237636
619	0.56169711
620	0.57522475
629	0.62603008
636	0.58511554
639	0.64388724
649	0.58904839
659	0.55207181
697	0.57894195
714	0.60672342
732	0.57213529
747	0.55935294
758	0.58416759
772	0.54085971
780	0.56370832
817	0.53929612
821	0.55827625
842	0.60388679
897	0.56762531
146	0.67695538
157	0.79093385
197	0.68809256
337	0.69819945
397	0.67944195
488	0.59021043
489	0.60578946
557	0.56106004
662	0.61048735
678	0.62683751
808	0.57366027
868	0.53178957
38	0.80505694
43	0.78944639
176	0.69781776
218	0.74256559
296	0.69612708
367	0.67680333
455	0.61819345
526	0.55560333
527	0.65160910
552	0.64629356
592	0.58843208
601	0.58748835
635	0.64476104
642	0.54196526
653	0.63077458
708	0.54753818
725	0.57072497
733	0.61946038
740	0.57146615
752	0.56876559
753	0.55879900
798	0.55182542
895	0.52866371
212	0.71820577
236	0.71150455
248	0.74549068
378	0.61016149
420	0.63336093
502	0.63732797
603	0.63215461
644	0.53861632
664	0.63745161
674	0.64732342
742	0.55848735
779	0.54603352
783	0.56659057
818	0.55840144
79	0.76872741
91	0.74630122
131	0.79235816
155	0.77070655
182	0.70302009
194	0.68342486
195	0.77190610
220	0.67644661
286	0.71718513
375	0.67379412
428	0.62664428
492	0.60541853
498	0.62637614
512	0.58133674
576	0.62156959
637	0.59407214
647	0.60295450
814	0.54398169
834	0.54449612
845	0.57797958
94	0.76282253
163	0.76652752
199	0.69628402
265	0.74390633
305	0.71067203
392	0.67911654
451	0.63782575
531	0.62997558
622	0.58297747
654	0.61681132
695	0.55491132
718	0.56914373
792	0.54368346
872	0.55336870
883	0.52326082
884	0.53799367
101	0.78629046
202	0.69406693
230	0.73200666
237	0.67034395
244	0.70099201
278	0.60479001
293	0.61421576
304	0.71612109
364	0.65915893
415	0.56495505
437	0.66714484
476	0.68786315
500	0.69234284
545	0.64987425
565	0.55981110
599	0.68337414
643	0.55694562
701	0.55900067
831	0.56563885
859	0.53152242
863	0.54844706
84	0.78328180
147	0.74439112
152	0.76949501
214	0.73282886
345	0.66615782
351	0.64781887
400	0.68175616
401	0.64799889
430	0.63998357
519	0.61107769
581	0.59556781
602	0.64055916
630	0.58198246
789	0.55899556
871	0.54599811
191	0.73931210
193	0.72600266
206	0.73959967
285	0.66003285
313	0.67515738
318	0.67402464
404	0.63615316
418	0.66495893
548	0.63512186
578	0.55967192
187	0.71998169
224	0.64866182
655	0.57298291
671	0.57397614
767	0.60407691
888	0.54612153
216	0.68851354
444	0.58668213
493	0.63114384
536	0.59079234
540	0.62550189
563	0.62922264
564	0.60710266
573	0.67224939
645	0.54189878
693	0.56674828
864	0.51524129
407	0.59248546
446	0.62038113
591	0.65597869
626	0.58678457
658	0.58611077
876	0.58130821
878	0.57991576
229	0.70311909
287	0.67595494
396	0.58265006
399	0.61260100
439	0.63798668
826	0.58129234
846	0.56192075
870	0.59580044
170	0.76489467
245	0.74858080
359	0.64985882
360	0.73816570
480	0.57808069
549	0.60432764
685	0.62094251
706	0.58374151
775	0.58621532
837	0.55142752
857	0.55849922
204	0.73946071
352	0.62729501
358	0.58666837
388	0.72508946
805	0.55989179
438	0.63369456
584	0.56187458
679	0.59092120
829	0.54101443
145	0.68995627
165	0.77677880
394	0.59351776
429	0.68837248
496	0.61559534
514	0.64024129
535	0.61799711
730	0.53685671
880	0.51159512
379	0.67536093
474	0.66930000
490	0.60961665
594	0.57931676
704	0.58227814
875	0.54692031
896	0.54819922
900	0.55521143
377	0.65636371
586	0.59571554
595	0.61995461
691	0.58327647
766	0.63329334
776	0.56349756
797	0.57371443
513	0.65390533
516	0.63516459
869	0.56728657
456	0.63680721
525	0.63960211
684	0.57334229
320	0.66773574
408	0.58297558
443	0.59344084
610	0.58362309
290	0.65577592
321	0.71028635
333	0.71666471
739	0.53860111
819	0.54842974
395	0.60876171
729	0.56231853
782	0.58922120
119	0.66741121
183	0.69912131
259	0.56219534
827	0.53679623
613	0.61704451
235	0.76183707
467	0.60786604
417	0.61391609
734	0.58489323
786	0.54960899
815	0.55208113
828	0.55328857
898	0.52877503
699	0.55080100
839	0.55103063
593	0.63812664
713	0.60752719
795	0.56414440
833	0.55239046
487	0.67784839
728	0.56662519
275	0.70963674
284	0.59999767
596	0.59708424
656	0.59895183
778	0.53869223
889	0.54476371
242	0.73338835
515	0.61470133
580	0.58701376
550	0.61955738
219	0.71364695
261	0.66723296
663	0.63229789
727	0.53988357
669	0.63659501
744	0.54935794
838	0.54712830
486	0.61131099
522	0.62723585
787	0.60432408
800	0.54373407
722	0.59673774
806	0.57484861
816	0.53646970
774	0.60389922
804	0.51482109
824	0.56369867
698	0.51883185
738	0.55985549
310	0.66906404
657	0.59989956
757	0.55451132
676	0.57845183
858	0.52820877
886	0.54170499
452	0.60864950
571	0.64529334
711	0.59701543
720	0.61128468
807	0.52398069
249	0.62758868
511	0.59209922
764	0.55106926
763	0.55262608
213	0.77362830
686	0.57408624
855	0.53936903
879	0.52595749
632	0.60873374
867	0.54427947
823	0.59104129
781	0.56753896
785	0.54365394
546	0.57982442
881	0.53551143
702	0.56106349
813	0.54324218
366	0.59998047
450	0.57453996
491	0.54864906
624	0.56175083
621	0.55809989
770	0.54895094
574	0.54793796
715	0.54199911
847	0.58671543
672	0.55415794
865	0.53389323
891	0.51199057
856	0.54077847
748	0.66357336
743	0.61977014
751	0.54492486
835	0.54264584
712	0.53117370
