0	0.80551314
1	0.80558180
2	0.80370496
3	0.80528952
4	0.80114072
5	0.80560404
6	0.79561746
7	0.80536232
8	0.79608428
9	0.80567895
10	0.80525450
11	0.80567895
12	0.80534007
13	0.80535184
14	0.80517335
15	0.80550680
16	0.80552050
19	0.80281691
20	0.80525864
21	0.80532877
25	0.80406636
28	0.80363042
29	0.80522408
30	0.80531057
32	0.79975193
34	0.80405506
36	0.80514577
37	0.80339412
40	0.80397279
41	0.80338208
43	0.80359559
50	0.80027086
55	0.79901820
56	0.80316039
59	0.79569660
60	0.80524642
62	0.78824908
63	0.77925855
64	0.80437050
67	0.80166866
69	0.80308741
70	0.77425322
74	0.78527050
84	0.79483143
85	0.79099311
87	0.77327169
95	0.79398649
100	0.70244384
103	0.79870928
111	0.80035653
128	0.73110018
130	0.80013217
137	0.77067408
139	0.77838824
140	0.78173888
142	0.79888465
143	0.76728318
153	0.75512812
158	0.73452279
173	0.67165119
185	0.73277564
189	0.67783088
231	0.73428704
233	0.70447077
259	0.69818778
279	0.71558732
281	0.66191967
282	0.74019862
289	0.65931783
291	0.74815836
292	0.68112390
293	0.70230450
317	0.70242068
327	0.67138649
329	0.69698686
335	0.71408447
354	0.74038199
356	0.67664338
363	0.70166186
376	0.68704053
379	0.64673640
380	0.63351967
386	0.61513961
402	0.67365175
416	0.66709191
430	0.61644779
434	0.64289458
438	0.68108860
467	0.64856682
469	0.66240276
496	0.70139743
503	0.56538006
514	0.66538612
517	0.62494044
522	0.73389403
529	0.66966342
537	0.72141636
543	0.65706792
553	0.62557739
556	0.67691186
562	0.61501379
566	0.58433226
567	0.66912187
583	0.65752711
585	0.66024393
602	0.63910423
606	0.65372426
621	0.71736020
627	0.63129899
633	0.66106029
651	0.56229577
684	0.56814062
702	0.63346461
714	0.60497004
719	0.61936204
745	0.59169540
756	0.54887868
759	0.61829669
771	0.56928980
785	0.58185579
791	0.56724228
793	0.58224614
802	0.60472840
812	0.57341305
815	0.64287371
819	0.54712050
826	0.57267151
836	0.57686039
855	0.57837904
870	0.58930873
879	0.60626664
900	0.57133226
905	0.57023566
928	0.59012785
954	0.56378134
961	0.54277574
966	0.53905680
979	0.59674108
986	0.57890928
993	0.54855074
994	0.53715846
996	0.52776801
1000	0.55950386
1011	0.55151544
1015	0.56675754
1019	0.56783171
1024	0.55849853
1053	0.51690607
1072	0.58669062
1075	0.54833722
1079	0.58638392
1083	0.56837868
22	0.79984485
26	0.80461535
35	0.78194936
49	0.80520551
71	0.80523199
73	0.80171756
82	0.79729559
99	0.78838796
110	0.78440294
124	0.77085864
151	0.75001774
156	0.77487730
157	0.76711903
171	0.71095239
177	0.71114733
218	0.73950625
225	0.71462932
247	0.70735699
253	0.73419632
274	0.74465129
299	0.67501452
321	0.74350570
332	0.65650165
340	0.62422169
351	0.67297647
415	0.72335156
418	0.59927344
460	0.69069090
476	0.63892831
481	0.66076737
491	0.72226112
497	0.68209044
502	0.69766664
530	0.72591140
594	0.62962004
620	0.66365083
641	0.65280432
649	0.60261232
657	0.65879145
681	0.62240414
687	0.64943934
726	0.60502500
743	0.60780744
752	0.62026471
779	0.56570551
822	0.56260368
888	0.53324522
889	0.57968539
901	0.55201250
917	0.53594706
924	0.59534384
953	0.56057105
963	0.55281673
964	0.55836581
983	0.54665368
1003	0.55535864
1022	0.56732702
1057	0.56365331
1061	0.53358548
17	0.80562233
18	0.80559642
27	0.80541627
46	0.80372500
65	0.80436912
89	0.79864485
135	0.76748640
172	0.77419118
208	0.78010515
215	0.75367491
227	0.68995101
245	0.77014550
258	0.70657096
283	0.74951893
370	0.71667500
377	0.65747858
663	0.62214660
742	0.63118603
804	0.56674228
824	0.61181930
840	0.56511158
860	0.57878355
898	0.61552785
932	0.61136581
936	0.55605956
940	0.54601149
1017	0.53533980
23	0.80546765
24	0.80540607
31	0.79046213
38	0.80535625
53	0.80510597
57	0.79924890
61	0.76424311
88	0.80533915
101	0.78334614
107	0.71970193
108	0.77696002
126	0.79510267
132	0.77606618
133	0.79703686
145	0.68042711
178	0.75821994
188	0.66502923
194	0.72654540
200	0.62436958
202	0.77582178
211	0.69805919
214	0.77226434
226	0.72662941
290	0.71089099
316	0.65077335
343	0.62232050
381	0.64198281
384	0.66454062
385	0.68941425
401	0.65220570
455	0.64638814
495	0.69729614
510	0.62932665
515	0.61690790
516	0.63574522
536	0.57550855
586	0.65101517
596	0.65234936
608	0.65974439
630	0.64036866
666	0.62723943
704	0.53263897
715	0.53418897
854	0.56360680
914	0.55527868
951	0.56480248
1021	0.56648419
1027	0.54728539
1050	0.57049770
1078	0.52619798
1086	0.53245974
33	0.80558631
83	0.80296857
117	0.70204605
146	0.66788162
260	0.64276075
288	0.75230064
330	0.70950772
357	0.64221847
396	0.68065643
424	0.64542555
542	0.66883888
578	0.60785965
589	0.59302022
671	0.59158217
672	0.62793998
696	0.63340184
700	0.67432665
703	0.61822638
738	0.66191259
778	0.61200744
787	0.60370211
849	0.54085827
861	0.59794862
878	0.60137914
893	0.53499963
1046	0.52633254
44	0.80377932
51	0.79714283
91	0.79144072
93	0.69532096
106	0.71002114
113	0.74305818
115	0.77172858
134	0.77000524
147	0.72271875
161	0.78643456
209	0.74489862
217	0.73706259
221	0.73317592
222	0.72640193
261	0.71158097
269	0.72070129
273	0.74392721
275	0.75432996
285	0.72772555
301	0.70230119
324	0.71565836
333	0.71013483
339	0.65059605
361	0.61021976
365	0.69680772
369	0.69253704
374	0.63768419
388	0.57811967
392	0.69752390
450	0.71228539
452	0.61667574
457	0.59671094
500	0.59557619
521	0.59455827
554	0.63405689
558	0.59874320
575	0.61088649
588	0.59331314
593	0.59683107
600	0.65517546
604	0.58482463
643	0.62039366
653	0.62663778
706	0.62631728
710	0.58607748
711	0.60590561
735	0.60222178
747	0.58101434
758	0.61637279
765	0.62640395
781	0.61257675
792	0.59478125
831	0.57313226
848	0.55262436
853	0.57903585
856	0.59510386
864	0.63310028
874	0.60245597
896	0.58403722
911	0.54372895
922	0.59198631
930	0.57097371
969	0.57025800
1033	0.55766314
1074	0.56108952
52	0.80508244
136	0.77659687
176	0.67475101
205	0.77143134
295	0.72369458
360	0.72253208
508	0.72220708
635	0.63655873
646	0.61621232
689	0.59425349
838	0.60242996
937	0.57685276
967	0.54111388
42	0.80137803
48	0.80485101
54	0.80564283
68	0.78674991
105	0.79117812
131	0.78808511
169	0.75830855
184	0.71272638
203	0.77327252
206	0.71952215
236	0.71334926
238	0.78140588
241	0.76339136
249	0.71772987
263	0.62896324
277	0.58305542
307	0.66878456
344	0.70427298
346	0.71504127
373	0.72357472
382	0.62942849
395	0.70805092
397	0.64472794
423	0.67070432
446	0.66150616
463	0.63252325
466	0.66813272
479	0.64365846
483	0.64543594
492	0.59704559
520	0.71987555
528	0.63781305
539	0.66307996
546	0.58493134
599	0.65477500
613	0.58253539
652	0.62231369
661	0.60704136
679	0.64048382
688	0.56834154
832	0.58775312
847	0.53653824
865	0.55989807
925	0.54410138
1002	0.57292399
1006	0.60209246
1047	0.55066232
1054	0.54302601
1062	0.55817417
58	0.80534881
86	0.79820460
94	0.74820303
97	0.75905524
98	0.78315276
127	0.75718557
148	0.78984449
166	0.69706884
197	0.76402583
243	0.71745662
294	0.64822206
433	0.69733686
442	0.66229219
475	0.63599191
482	0.60997996
551	0.63853226
611	0.56586838
722	0.57896480
766	0.63445965
796	0.62901471
885	0.56845000
995	0.53573300
45	0.80290358
47	0.79750974
72	0.80083428
80	0.79881342
102	0.79781967
112	0.74507040
138	0.76269917
141	0.78354403
144	0.78765708
162	0.78009917
170	0.74701801
174	0.79511535
182	0.67866259
183	0.72237739
199	0.73385616
201	0.72391388
257	0.74465322
264	0.72647445
271	0.70501544
309	0.66920763
312	0.71144651
314	0.68356002
328	0.60127252
336	0.71367923
342	0.67909991
362	0.71116765
375	0.64119044
378	0.65698943
387	0.64444347
389	0.72207564
390	0.67224853
398	0.58019752
403	0.68467426
408	0.64910267
409	0.72168272
440	0.69935257
458	0.66675506
477	0.65213419
478	0.62798493
486	0.64581406
489	0.61488548
499	0.58356526
519	0.63117169
527	0.73177031
535	0.65720358
568	0.62752518
572	0.64780873
590	0.61899403
597	0.68122445
601	0.56896268
625	0.58207224
642	0.55241599
656	0.60660919
662	0.62733824
665	0.59330708
685	0.63139513
690	0.56351213
698	0.61026388
705	0.58835221
708	0.55722537
716	0.62494237
730	0.57621443
748	0.59445983
751	0.58216213
808	0.55920993
843	0.54626489
846	0.58691765
873	0.54975432
912	0.54875414
931	0.55159568
946	0.60723778
956	0.56577647
957	0.57093925
968	0.56386801
1030	0.55796351
1043	0.55987592
1059	0.54281903
1066	0.54195744
1076	0.55264375
75	0.77739550
77	0.78377978
79	0.77913474
96	0.75419899
116	0.74267583
120	0.78391811
125	0.70318318
163	0.78670239
175	0.70641342
204	0.77429770
219	0.70193042
229	0.72674338
237	0.74205248
240	0.74847500
256	0.67427022
286	0.69288364
308	0.68989899
320	0.66828805
337	0.68473134
352	0.71618244
410	0.68042151
411	0.64179752
429	0.65888180
444	0.64688860
453	0.59501296
459	0.68389504
480	0.62800763
518	0.62801204
531	0.61233539
538	0.64374651
544	0.66674752
547	0.64316737
570	0.72044338
576	0.64178309
579	0.64529853
607	0.59236627
610	0.68577840
622	0.57261186
628	0.60327656
638	0.61937316
645	0.59075524
650	0.58514881
660	0.61284393
695	0.54533796
727	0.63186213
741	0.56718199
754	0.60725322
777	0.59785322
871	0.55819338
892	0.56422684
918	0.58405312
941	0.56425910
942	0.57519127
973	0.53348051
974	0.54173888
978	0.59314642
989	0.56157187
1014	0.57931167
1018	0.53727509
1028	0.51589789
1031	0.53142500
1038	0.54407987
1039	0.54398667
1042	0.54377877
1073	0.55773428
109	0.78417583
122	0.78908153
159	0.77205184
160	0.79131324
167	0.78987702
180	0.77870561
210	0.74942004
232	0.73323290
270	0.65007877
278	0.67052528
284	0.66228006
297	0.65719164
311	0.66872077
322	0.70315616
331	0.66598585
359	0.64176287
364	0.63395018
405	0.73226333
437	0.66601259
505	0.60890744
560	0.65115074
561	0.60125570
624	0.61151186
632	0.60492031
675	0.62258042
721	0.61137316
764	0.62183879
770	0.58536976
807	0.58084320
837	0.56503318
872	0.57331544
897	0.54770267
919	0.56214605
935	0.57435974
1004	0.56945221
1055	0.57787629
1080	0.54266590
66	0.80553290
118	0.77317215
216	0.72302252
239	0.72147601
252	0.68058686
302	0.76915561
303	0.78423153
318	0.72276875
393	0.69988300
412	0.62234283
432	0.69452950
485	0.59476599
507	0.63654779
524	0.67148254
565	0.66044081
615	0.63445165
626	0.62252105
691	0.56179347
820	0.56693704
867	0.57995818
908	0.59125607
910	0.58090781
934	0.59851884
947	0.57356847
985	0.55386415
1069	0.55951241
1070	0.56199375
39	0.80531020
78	0.78367206
92	0.78839090
168	0.70496627
191	0.71140643
207	0.66332187
220	0.68086489
251	0.75955873
265	0.69127509
287	0.66844108
304	0.67873676
326	0.71075028
341	0.63611066
371	0.65934384
399	0.68917059
428	0.66469228
443	0.74695496
447	0.63057730
540	0.61838640
541	0.60910395
548	0.62426158
549	0.60217279
550	0.59447031
634	0.58303961
682	0.61253079
723	0.59539513
746	0.58720395
806	0.57428824
839	0.56563640
863	0.57075809
868	0.58380699
926	0.58334164
950	0.53867261
960	0.53853290
976	0.57792206
984	0.56846985
1060	0.55885211
1081	0.54853575
152	0.72973447
165	0.76178750
224	0.72060653
235	0.77038961
248	0.66041664
338	0.64047270
445	0.69262491
512	0.66414917
640	0.54675221
749	0.56954853
842	0.57733456
903	0.57578575
943	0.55627132
1084	0.55369697
154	0.75335506
196	0.70459007
234	0.76224026
280	0.62382904
353	0.70753382
404	0.63545110
439	0.59885579
526	0.58784467
584	0.62985579
605	0.65806379
667	0.58583061
670	0.60487068
674	0.63427849
775	0.61836921
800	0.58299200
801	0.58806379
816	0.59330901
875	0.58016259
909	0.60666700
915	0.57865965
939	0.61647197
1051	0.54815028
76	0.78023805
121	0.78116039
129	0.76123713
164	0.76353474
186	0.74525322
254	0.73631415
266	0.62043281
267	0.77045744
298	0.67416562
348	0.66048860
355	0.62907803
372	0.72588162
394	0.71050671
431	0.62969164
454	0.68980524
456	0.68809963
462	0.63580873
471	0.67348879
474	0.72137472
525	0.62637684
532	0.61475947
582	0.65543557
603	0.62146094
678	0.60044642
683	0.62800395
686	0.66736103
692	0.62889982
693	0.64872279
718	0.55327619
739	0.57950487
784	0.56801241
805	0.53577721
809	0.58632454
813	0.60012675
814	0.60407574
823	0.58483024
827	0.56783750
866	0.56955175
869	0.58887555
876	0.53190285
877	0.53312904
921	0.53859026
938	0.54630028
981	0.57373070
990	0.54719761
1034	0.55752996
1067	0.53408511
1071	0.56078244
1082	0.54980175
81	0.78845937
90	0.78324890
104	0.80004559
155	0.78774614
190	0.67544035
223	0.71686452
262	0.68173483
319	0.56483915
358	0.69410129
421	0.63739724
448	0.65945781
647	0.58476636
713	0.56794945
740	0.59300965
776	0.57055551
783	0.61838888
786	0.62338346
789	0.58461857
810	0.57056912
891	0.60060588
902	0.55205809
906	0.55042794
999	0.56643612
1025	0.56986994
192	0.77048410
230	0.77289586
268	0.76247215
310	0.71642969
400	0.64378943
413	0.66126847
436	0.74503226
552	0.58944366
559	0.67724338
619	0.59437454
654	0.57967031
760	0.59920542
797	0.60226489
850	0.54218033
927	0.60124449
972	0.59107868
1005	0.55655450
1045	0.55811654
212	0.77789660
244	0.76649062
555	0.63476333
616	0.58624807
724	0.57564991
862	0.57105368
899	0.58345239
187	0.76091443
300	0.67298980
313	0.63055202
347	0.67555386
493	0.62054651
659	0.61693134
676	0.62027243
761	0.57691039
767	0.66226912
119	0.79744375
228	0.68654779
383	0.63779118
417	0.58942344
420	0.64133428
545	0.70737215
563	0.59752381
573	0.67731599
623	0.56418272
725	0.61650680
750	0.55463217
757	0.57584274
762	0.56460781
835	0.58459642
997	0.57077932
425	0.63000138
426	0.74644871
468	0.66151075
571	0.55848529
574	0.58909871
150	0.76971553
198	0.73910092
391	0.72484421
451	0.67075937
509	0.61728226
744	0.62749550
753	0.64124494
817	0.54439320
818	0.59928006
825	0.57640257
833	0.60167059
977	0.53759789
195	0.73522868
272	0.75005653
461	0.65344743
523	0.56533741
591	0.65497040
732	0.59144099
834	0.57102114
841	0.53821443
857	0.58875074
886	0.61542252
1001	0.56510349
1085	0.53754044
598	0.60108281
970	0.58798585
306	0.63722960
349	0.67261590
407	0.68171544
882	0.63359936
955	0.57052785
1008	0.52475846
123	0.77182610
323	0.64546369
419	0.65931415
513	0.68006296
533	0.62691866
534	0.63724531
680	0.63156746
707	0.57239412
773	0.56361186
894	0.60210818
962	0.57566406
1007	0.53427426
1013	0.55761728
422	0.63418171
587	0.60550221
720	0.57625855
798	0.55052509
851	0.61239844
246	0.69399182
498	0.66834154
595	0.61305892
636	0.62574246
795	0.60253235
821	0.60642785
852	0.55088254
1035	0.52173327
114	0.75083355
193	0.73951590
465	0.60519200
494	0.62077215
697	0.61478208
737	0.61733171
772	0.55640588
829	0.55734678
488	0.57097371
952	0.57407675
406	0.66526131
449	0.65025735
733	0.62338860
992	0.54786002
149	0.79782270
179	0.76504136
325	0.61631103
472	0.56349825
501	0.62074963
631	0.65052004
794	0.59701792
1037	0.57803483
1087	0.56305110
213	0.67513171
305	0.73366268
484	0.56240901
677	0.66759798
699	0.61314007
763	0.59139540
971	0.53373897
366	0.72158199
435	0.59658529
669	0.67762822
612	0.62860303
658	0.61296314
694	0.63971314
701	0.55279862
768	0.61608107
933	0.56042013
1077	0.55341397
504	0.68893741
736	0.59369458
644	0.64674632
998	0.55998410
1068	0.50876048
296	0.74073382
648	0.58292426
774	0.54621176
811	0.60335671
181	0.75372877
664	0.62699899
731	0.56237114
490	0.66176535
427	0.68906664
350	0.64001443
580	0.66230257
250	0.69162812
414	0.65165855
637	0.65346369
782	0.53579099
944	0.55054550
949	0.54429329
557	0.52964844
755	0.55728208
948	0.53422996
577	0.65380901
895	0.56611792
1032	0.54095827
441	0.61032390
592	0.66189200
828	0.59692123
881	0.56715800
980	0.59827408
982	0.55477279
1036	0.56430349
1065	0.53914761
506	0.70986158
1010	0.55018134
1063	0.50268006
728	0.59516526
880	0.55642169
1052	0.52187142
890	0.57151581
276	0.69408888
564	0.58425570
858	0.59372491
988	0.55967482
734	0.64649347
987	0.54274853
830	0.59569237
1016	0.58175662
345	0.68621976
470	0.67476728
729	0.58138006
255	0.72223658
790	0.59993741
844	0.54172877
1064	0.54707757
668	0.58780285
673	0.59094559
1048	0.52959026
1049	0.57253042
368	0.63282307
511	0.67780607
1012	0.52791627
464	0.67489862
1041	0.54923961
1058	0.53156544
717	0.61005561
1044	0.55108934
473	0.64209430
712	0.61913116
887	0.54862638
1020	0.53670680
629	0.63038713
639	0.62119476
913	0.57947344
958	0.54051820
916	0.53491333
1026	0.53577491
569	0.63447711
617	0.63045864
769	0.56993851
991	0.56228750
1029	0.53056664
242	0.67412528
788	0.56935110
581	0.60394513
655	0.66466673
709	0.56443437
315	0.66748980
334	0.68778272
609	0.61950579
923	0.56226792
920	0.53658456
907	0.55115662
959	0.53483263
487	0.55266434
845	0.56799476
904	0.54763493
367	0.77748778
618	0.61912233
859	0.59168621
1023	0.53232849
1009	0.52710864
884	0.57594945
945	0.56035634
780	0.57042353
799	0.55994669
803	0.58577537
929	0.55831379
883	0.52925331
975	0.52782445
614	0.57343474
1056	0.52473971
1040	0.50558042
965	0.49715708
