0	0.80683427
1	0.80633136
2	0.80095802
3	0.77628607
4	0.80684760
5	0.80672024
6	0.80671794
7	0.79614419
8	0.80689339
9	0.80706603
10	0.80712345
11	0.80695912
12	0.80701944
13	0.80724449
14	0.80663958
15	0.80724910
16	0.80710230
17	0.80698747
18	0.80686483
19	0.80680371
20	0.80704820
21	0.80615631
22	0.80659749
23	0.80640972
24	0.80689669
25	0.80665731
27	0.80527465
28	0.80513988
29	0.78488106
30	0.80674539
34	0.80607886
37	0.80484619
38	0.80393126
39	0.80595481
40	0.80450120
41	0.80624158
43	0.80041413
46	0.80475852
47	0.80455531
48	0.80074198
49	0.80323347
50	0.80534699
52	0.80012675
54	0.80509669
56	0.80037285
58	0.80003888
59	0.80212615
60	0.79898497
62	0.80393788
65	0.78232986
66	0.78953527
71	0.80485671
72	0.79939950
74	0.78971743
76	0.79758347
79	0.75631904
81	0.76585842
91	0.77558898
92	0.79005611
93	0.79015812
95	0.80295311
99	0.77213697
100	0.77502575
104	0.80365291
105	0.79965631
106	0.79115531
111	0.78655271
115	0.76618036
128	0.77485361
133	0.77733036
134	0.75016743
142	0.74333176
143	0.72954840
144	0.75591723
145	0.73382445
164	0.70227034
166	0.73017866
174	0.71575261
176	0.72676513
180	0.77489349
188	0.77168236
193	0.73351703
194	0.71072675
196	0.68752946
203	0.71208257
207	0.74404479
208	0.77768427
229	0.72458737
250	0.74799579
257	0.67664088
263	0.70295110
271	0.68089689
272	0.71951784
280	0.72864409
290	0.70970180
296	0.60264339
298	0.59129729
301	0.68632415
312	0.64223026
315	0.68321523
316	0.64025060
322	0.67155361
329	0.67672325
343	0.64188327
348	0.70030150
359	0.66477144
379	0.68894589
399	0.66410451
403	0.68970551
405	0.62679469
410	0.61088026
418	0.65155180
427	0.69551092
429	0.68769890
444	0.63515982
449	0.61654699
457	0.59466824
468	0.65323257
476	0.65232525
487	0.65895070
492	0.55594269
500	0.61661212
507	0.64714709
518	0.68726323
523	0.64071353
524	0.63210240
525	0.62265541
528	0.72174078
530	0.65842305
533	0.65813647
547	0.64041613
551	0.61660511
568	0.62864279
586	0.62610341
609	0.55683587
615	0.59643407
617	0.59410170
622	0.64405381
626	0.55995862
627	0.57108397
637	0.57449760
641	0.61980100
660	0.61793267
669	0.61509279
686	0.58848778
693	0.58924359
698	0.64484489
704	0.58226303
709	0.59987405
717	0.60545922
735	0.55373297
740	0.55726423
772	0.57711523
786	0.58092816
791	0.58802475
821	0.57800291
826	0.55467044
830	0.57948236
833	0.58024248
836	0.60191032
868	0.58480311
878	0.61075140
885	0.59953547
887	0.54050070
890	0.53851022
892	0.53861052
895	0.61635190
911	0.54888437
927	0.54623908
935	0.54069950
969	0.57394208
974	0.56011102
985	0.54769719
992	0.56565691
995	0.56755100
36	0.80674579
78	0.77033046
89	0.78482555
110	0.80259549
154	0.78170100
163	0.71673778
182	0.74225341
198	0.73872375
209	0.70306413
214	0.73972184
227	0.67368497
236	0.74999529
242	0.74903838
292	0.72020050
338	0.56868908
369	0.64416643
396	0.71567024
402	0.60053547
421	0.64913417
447	0.68471613
497	0.62862976
498	0.63654108
508	0.66322766
517	0.63462776
538	0.59073597
544	0.62044499
618	0.55673036
743	0.58575581
754	0.55782575
757	0.63692305
760	0.55741232
774	0.63774389
776	0.58005691
840	0.63642725
865	0.56537635
872	0.57883096
919	0.56835060
940	0.53690661
973	0.57483868
109	0.80319549
132	0.66087756
147	0.77326232
183	0.77420411
191	0.77389068
261	0.71299920
349	0.66317756
452	0.60202816
516	0.62576754
535	0.64228527
632	0.55165240
684	0.63985792
714	0.60790611
733	0.56142595
759	0.59150230
910	0.56069579
915	0.57993928
33	0.80572535
45	0.80598978
68	0.80262806
70	0.79014669
102	0.79177114
108	0.71944529
138	0.78791804
247	0.69744499
362	0.73056283
370	0.62116343
380	0.61627144
580	0.68402305
585	0.59533888
676	0.59353377
755	0.61285120
61	0.80360271
69	0.79753036
87	0.75631363
88	0.79453116
94	0.78312986
107	0.77527665
121	0.79099319
122	0.74710281
127	0.78397806
141	0.80151824
156	0.72541663
167	0.75637826
169	0.78865842
170	0.64835741
173	0.76437565
201	0.71184689
210	0.69959058
216	0.68046232
228	0.64178307
230	0.78881363
237	0.66259790
238	0.71770671
239	0.79208908
273	0.79340671
278	0.67234639
293	0.73619589
325	0.63039699
336	0.63744739
337	0.65092735
358	0.63010661
371	0.66913918
376	0.59676904
395	0.68477134
411	0.71648507
435	0.69493657
475	0.66914639
477	0.66752545
479	0.65954910
483	0.64407074
505	0.59683457
545	0.56670110
557	0.63933828
564	0.66154930
596	0.56788036
625	0.68240952
706	0.56542435
710	0.58531393
770	0.57183587
807	0.57439279
844	0.56394900
909	0.58609479
924	0.58981182
948	0.53711794
978	0.55409639
980	0.55608206
31	0.79847986
55	0.79120711
67	0.79580411
73	0.72637355
84	0.79981904
86	0.78750792
119	0.78297806
123	0.76427455
130	0.76855912
131	0.74149579
139	0.71474459
148	0.76661232
153	0.73491313
186	0.70531894
187	0.78205581
226	0.76742174
246	0.67203307
256	0.73167735
304	0.71588958
311	0.63753998
317	0.73029780
327	0.65055130
339	0.72245461
351	0.68300792
357	0.67476663
383	0.65587615
400	0.63646092
431	0.67631012
455	0.70264088
467	0.65598768
502	0.59140822
527	0.66331593
552	0.60245180
634	0.59246713
657	0.59784559
694	0.59595000
739	0.63218818
761	0.62995832
764	0.56192435
798	0.59227976
906	0.54921924
968	0.53930331
975	0.53963367
26	0.80674659
32	0.80493246
53	0.79191593
63	0.78150752
90	0.77777355
96	0.79486563
120	0.79729379
129	0.78974870
152	0.78540401
157	0.64676082
162	0.76564028
224	0.73981443
249	0.62420531
276	0.67233597
279	0.62556543
288	0.69890942
299	0.71534669
319	0.71162725
321	0.72106984
382	0.60248397
397	0.62966733
407	0.65289058
408	0.68826733
409	0.62946423
414	0.70260000
423	0.66175411
425	0.66933517
426	0.68433166
428	0.64598267
459	0.66302445
471	0.64560391
496	0.66096343
556	0.56391353
571	0.60413858
600	0.58193858
610	0.61007385
639	0.61806944
668	0.55582735
678	0.60968818
713	0.55985862
745	0.61680341
777	0.59126934
792	0.65099359
808	0.55722395
839	0.54464970
852	0.58238768
870	0.56116182
884	0.57049248
897	0.54647024
920	0.55677034
933	0.58645752
44	0.78890681
178	0.66585872
253	0.74781974
335	0.75501042
401	0.64184649
439	0.63497695
583	0.64547866
591	0.61607645
595	0.62633958
614	0.56418337
642	0.66769569
738	0.56535932
863	0.57738948
57	0.78820772
75	0.78181774
159	0.74679299
165	0.61276242
189	0.72724860
233	0.71958868
268	0.66833046
269	0.73411784
274	0.70322255
275	0.67611673
324	0.72357996
355	0.61073357
391	0.63738026
436	0.69539679
437	0.62023467
443	0.70428587
482	0.61545240
594	0.62141603
671	0.58083557
681	0.57397515
701	0.59046523
734	0.60461373
741	0.56222605
775	0.60080511
783	0.62117615
866	0.54611413
898	0.56483437
907	0.57510952
932	0.55739719
936	0.55892665
35	0.80684048
51	0.78548898
64	0.80543938
97	0.71854208
112	0.79388387
113	0.79728257
114	0.77609509
117	0.75704289
126	0.71369910
149	0.77288868
158	0.70245842
181	0.76628377
192	0.70674719
200	0.77444339
205	0.71263567
206	0.74444599
220	0.72017465
221	0.73098998
225	0.74121042
241	0.69129269
243	0.72071463
244	0.78498347
245	0.74005762
259	0.68821814
262	0.74078166
289	0.67381874
297	0.73474639
305	0.69804679
318	0.65734790
353	0.70254138
354	0.68518747
364	0.57270210
372	0.70247595
392	0.70067896
419	0.56509399
446	0.64526293
450	0.63714509
461	0.71772936
488	0.67683547
491	0.69518186
501	0.62448066
506	0.60896102
520	0.62822846
526	0.66246353
555	0.56636944
570	0.63093357
587	0.60151924
589	0.60310631
599	0.59982295
638	0.62439699
650	0.60961954
652	0.63858387
673	0.60157745
736	0.59314760
751	0.53009870
752	0.53000962
785	0.59023487
816	0.57255501
832	0.59553717
835	0.56510902
877	0.55750040
883	0.56779990
913	0.54541593
916	0.55558136
922	0.57319579
926	0.53014920
937	0.56151573
944	0.56669810
983	0.52946864
984	0.55366894
42	0.80036583
103	0.78245521
171	0.76643838
175	0.68734820
211	0.72425942
248	0.76348677
258	0.75950581
270	0.66382415
303	0.67508808
381	0.66524208
390	0.68796453
417	0.69050651
420	0.56743277
422	0.64980040
438	0.59895451
456	0.66467715
480	0.68321253
495	0.57081142
521	0.58746473
539	0.59327565
542	0.66089068
562	0.63460762
572	0.58714990
606	0.63737154
613	0.59101824
624	0.59969850
663	0.60747976
665	0.60237114
672	0.58010892
679	0.60975020
682	0.55920050
707	0.62844198
718	0.59287174
721	0.59308617
750	0.61344168
782	0.58393066
789	0.60415992
856	0.55833537
864	0.59543747
942	0.52336693
951	0.55565721
971	0.55247435
981	0.54275882
118	0.78684148
177	0.76145411
179	0.73933798
190	0.74991743
202	0.78153788
267	0.74672846
282	0.63616253
283	0.74456844
286	0.68306864
323	0.71575651
326	0.65085631
347	0.68945731
386	0.61767986
387	0.64989880
451	0.60929509
503	0.64585661
504	0.60708808
511	0.64623357
537	0.70161423
541	0.55867986
546	0.61698988
559	0.56288737
566	0.63599699
569	0.66887305
576	0.59335261
653	0.58284439
711	0.55239689
746	0.55367956
771	0.58818236
788	0.58812375
800	0.57612355
809	0.56648788
841	0.60722134
917	0.52909559
943	0.53732505
947	0.55218006
966	0.51245481
85	0.79799800
150	0.79260080
215	0.73724960
234	0.74216433
252	0.72496784
266	0.73554459
306	0.75836182
310	0.70796353
340	0.71704228
342	0.74969058
360	0.75038046
368	0.67438577
393	0.72170631
441	0.58774559
453	0.62876723
460	0.63775491
472	0.65518477
509	0.62094098
577	0.63558667
582	0.62879068
584	0.58361493
601	0.56485511
611	0.61534940
646	0.61747846
680	0.61597355
685	0.61844760
719	0.57785992
726	0.56400271
728	0.54897996
731	0.61670802
744	0.59446182
802	0.58097786
803	0.54162485
886	0.54226132
925	0.56376212
931	0.57416453
80	0.78392244
82	0.80299760
83	0.79172956
98	0.79350551
124	0.75853467
135	0.75383327
213	0.61236754
218	0.76659880
240	0.62365240
254	0.72967024
294	0.73734900
331	0.69176273
404	0.62321273
445	0.68304739
474	0.57793527
649	0.59503908
654	0.61689850
687	0.62428106
702	0.64989519
795	0.56699108
812	0.56489599
819	0.53572435
854	0.58657014
857	0.53626102
860	0.57921453
876	0.56044549
902	0.62701012
970	0.56038236
101	0.80266443
146	0.79561643
161	0.73845190
199	0.68694990
231	0.72041202
264	0.70837876
366	0.67306202
406	0.69910301
440	0.67166563
473	0.66871273
628	0.58649238
644	0.58296974
715	0.55532585
952	0.55253948
996	0.54472184
77	0.77287405
219	0.75102555
232	0.70213477
285	0.70314619
320	0.64132705
334	0.69781253
350	0.70969820
375	0.56423066
398	0.68457244
430	0.66529399
522	0.63832966
565	0.64226232
597	0.64653727
620	0.64150832
631	0.58999920
664	0.61190180
675	0.56114108
688	0.53653918
690	0.59880631
697	0.63165481
699	0.60440792
716	0.56666904
725	0.64104830
780	0.53408397
793	0.63119299
820	0.59185711
838	0.54456784
847	0.55560541
850	0.55996934
871	0.54894028
888	0.53125391
900	0.59326303
914	0.55012545
934	0.54569319
959	0.57272415
961	0.60081062
967	0.55990902
993	0.51496192
140	0.73112084
168	0.76548407
235	0.78961122
255	0.75870932
260	0.74949439
295	0.73778988
313	0.71141784
385	0.68331112
413	0.60040230
463	0.66540351
519	0.67142184
534	0.63122645
563	0.60774800
575	0.66703828
590	0.60864790
623	0.56361703
630	0.62606433
645	0.58459228
648	0.62368507
659	0.57383246
667	0.64512896
703	0.62407184
801	0.57882956
827	0.56036042
842	0.56369729
851	0.58156974
901	0.56061102
912	0.57123267
116	0.78692104
136	0.74577846
137	0.74565170
155	0.77903236
277	0.70472134
307	0.76951964
384	0.67143377
416	0.73886212
510	0.59171904
513	0.63296964
549	0.64089770
598	0.60985451
723	0.60508036
727	0.63363888
749	0.65423166
756	0.61064369
894	0.57693186
903	0.55790431
197	0.76560511
281	0.72669248
287	0.65056263
378	0.68330641
633	0.66749830
666	0.61672224
766	0.57910561
796	0.56481102
875	0.58021944
889	0.55520521
956	0.54440020
960	0.55670581
979	0.51771563
217	0.68579699
222	0.74392796
344	0.70819008
412	0.72245882
481	0.63656413
484	0.61593928
608	0.56385611
629	0.62513788
636	0.59272665
670	0.59223778
804	0.61443507
806	0.60207054
817	0.57640020
955	0.57518818
578	0.64611373
616	0.65356513
867	0.56721002
929	0.54961944
941	0.56752014
308	0.74606052
361	0.67049519
695	0.59875541
813	0.53735942
843	0.56294238
853	0.53681333
962	0.56660872
964	0.58054098
172	0.76309068
300	0.67150481
352	0.71090110
603	0.67531062
700	0.68036313
742	0.55127615
753	0.55346172
824	0.56671663
831	0.60195441
976	0.53663367
125	0.75707004
185	0.77048357
195	0.60570230
291	0.74176413
302	0.70577355
309	0.71572285
389	0.59322405
581	0.64362876
604	0.56603307
732	0.60282906
814	0.59014228
859	0.56649699
950	0.60209599
988	0.53336663
212	0.78835110
373	0.64411403
485	0.63853537
494	0.65959248
514	0.61165090
908	0.56363978
982	0.51747745
990	0.57729088
151	0.76531864
365	0.70267064
367	0.73334208
388	0.65208798
448	0.62071423
536	0.64098297
560	0.60638657
635	0.61288968
661	0.58062084
762	0.62479760
794	0.53609890
799	0.54822144
846	0.56410511
184	0.77820000
374	0.65080010
458	0.64847826
486	0.67685721
489	0.67271343
532	0.55403948
558	0.57622585
573	0.60447004
619	0.58918297
640	0.56481483
829	0.53916693
855	0.57566774
923	0.56870271
553	0.61197184
579	0.63386844
677	0.62261242
963	0.54735381
377	0.60021503
470	0.60526232
602	0.66031593
748	0.57616994
991	0.53383116
345	0.56542385
607	0.61044098
805	0.61087565
204	0.75831383
328	0.59491944
647	0.58640281
658	0.55704379
683	0.57751202
747	0.54741523
781	0.58818216
810	0.60117515
881	0.53363527
284	0.75059259
333	0.68948156
593	0.56115371
223	0.72598126
251	0.68917184
469	0.59522846
873	0.56260271
512	0.61082224
997	0.54842094
432	0.63113457
478	0.62729259
823	0.53512986
893	0.53829409
921	0.60241723
965	0.56280832
394	0.66349389
543	0.58141132
724	0.59888968
822	0.55357084
930	0.54433758
938	0.53060040
314	0.72207395
561	0.57401062
574	0.58946022
691	0.58870912
767	0.56926453
818	0.60238307
904	0.56317996
778	0.53178327
879	0.55048567
499	0.66129058
612	0.58738477
540	0.62063166
588	0.61439058
656	0.58291062
899	0.54242715
689	0.58841593
529	0.70231824
730	0.56063768
918	0.55564940
531	0.70550631
769	0.62040381
949	0.55077204
462	0.64023166
768	0.54787164
811	0.58210792
848	0.56737325
790	0.58785160
858	0.55335251
972	0.52926553
797	0.55120170
862	0.55170611
946	0.54535411
464	0.66932605
928	0.54204329
160	0.68569399
674	0.64637816
722	0.53628788
729	0.57963507
834	0.55344309
415	0.69741854
825	0.57817395
433	0.65513066
465	0.58066092
845	0.54124900
330	0.61045281
442	0.70793557
554	0.55759028
905	0.56167375
765	0.58542054
550	0.61376052
265	0.71159469
466	0.61126764
493	0.67788567
655	0.55801283
341	0.64333036
758	0.60055110
490	0.65794319
605	0.56478958
705	0.63174639
332	0.65412786
712	0.56712615
720	0.62982976
787	0.57896453
621	0.63979419
773	0.55546824
662	0.53732435
954	0.56352545
957	0.54944429
363	0.73399539
986	0.51703517
346	0.70029329
939	0.55008848
696	0.61438878
737	0.61597184
977	0.53296172
779	0.58508116
958	0.55445180
692	0.58156864
651	0.62220180
515	0.62160381
784	0.53962986
880	0.58279719
945	0.58963657
424	0.67071102
356	0.70658547
861	0.55660691
592	0.57452495
849	0.54849709
874	0.51638236
548	0.61950150
567	0.60742745
869	0.52140721
882	0.54303727
708	0.56324138
763	0.59856433
434	0.61655311
454	0.65429198
891	0.56133317
815	0.55303778
953	0.52315641
987	0.50056152
828	0.57975461
643	0.54336683
994	0.52259629
837	0.50945180
989	0.50828928
896	0.51965741
