0	0.80642970
1	0.80606692
2	0.80616880
3	0.74428788
4	0.80636729
5	0.79739671
6	0.80648947
7	0.80624088
8	0.80459633
9	0.80595536
10	0.80632237
11	0.80655977
12	0.80649408
13	0.80604408
15	0.80620122
22	0.80601222
23	0.80605874
24	0.80646118
26	0.80617021
27	0.80639380
29	0.80312030
30	0.80559004
31	0.80629361
32	0.80428806
34	0.78661184
37	0.79673994
39	0.80256288
42	0.80608299
53	0.75954295
55	0.79925000
63	0.80107998
66	0.80350376
67	0.80293534
73	0.77863788
74	0.80197744
75	0.79345498
78	0.80144784
80	0.78583064
81	0.79055442
82	0.80463365
88	0.73818844
93	0.73088938
94	0.78106325
100	0.78933289
103	0.79529793
105	0.80446372
116	0.78894276
118	0.78228825
119	0.75297575
121	0.78315648
127	0.76953158
131	0.78191109
132	0.79200479
138	0.79341259
140	0.63320883
148	0.65005414
150	0.74952509
151	0.74203355
154	0.71171560
161	0.78693280
162	0.65774840
174	0.77814643
180	0.77281006
187	0.73961889
190	0.77956203
191	0.74961880
207	0.76202632
213	0.62912726
228	0.78192838
245	0.73747538
246	0.70704859
252	0.69305836
256	0.64213261
259	0.71531870
267	0.70220385
276	0.64520705
278	0.77445385
291	0.75692171
295	0.67826720
298	0.69111682
300	0.76511250
309	0.75648872
330	0.75645658
363	0.63632453
370	0.67333534
386	0.68840545
389	0.73001776
396	0.68902857
406	0.65581701
410	0.61445038
416	0.64572180
419	0.68918741
422	0.63022528
433	0.61662566
434	0.60828346
438	0.59721682
443	0.64283459
444	0.70854408
449	0.59165320
460	0.63095470
479	0.67444662
482	0.64496212
484	0.67275470
496	0.65239633
497	0.62825968
504	0.63156645
515	0.62147641
525	0.61949013
528	0.67358853
534	0.67418214
548	0.59522143
555	0.62472086
561	0.63907171
563	0.65428994
583	0.64407773
590	0.68490771
609	0.59698609
616	0.60104615
623	0.59911222
624	0.53292321
667	0.61570959
694	0.67562115
728	0.58629586
730	0.58007603
741	0.59382011
751	0.54544398
767	0.63142058
797	0.60500573
798	0.56129934
822	0.57568073
839	0.54943694
845	0.58578985
862	0.56911588
867	0.61139887
878	0.60611654
914	0.55405742
924	0.58581729
925	0.56254521
937	0.54981729
943	0.59073139
954	0.53739305
965	0.53909474
977	0.51414521
978	0.52617039
1001	0.55165169
1003	0.57047829
1004	0.54807895
1014	0.55068402
1016	0.52900075
1018	0.52080564
1048	0.54111212
1051	0.54146635
1056	0.54232641
14	0.80643055
16	0.80615235
17	0.80639831
18	0.80640310
28	0.80573919
33	0.80622096
36	0.80611447
47	0.80558534
76	0.79641372
83	0.79367585
85	0.78213045
89	0.76903383
111	0.79351945
124	0.77469220
125	0.76787434
137	0.80023346
155	0.72382152
163	0.77776241
181	0.75802340
184	0.70182820
189	0.72499511
192	0.74237547
194	0.73289182
197	0.79861673
224	0.71956588
235	0.74234831
237	0.71662171
279	0.76558703
321	0.70224041
329	0.62605188
334	0.61945451
358	0.71752857
392	0.69340273
446	0.63270583
448	0.67829756
543	0.58370038
547	0.57722848
551	0.63366551
567	0.62283741
599	0.60522406
611	0.63323618
656	0.67244135
671	0.65820930
676	0.61163421
692	0.66879070
714	0.60558534
752	0.61658628
795	0.58137133
825	0.58243919
834	0.54363750
852	0.59205094
871	0.55601212
921	0.58624464
979	0.56370160
1032	0.55587857
1055	0.54696635
21	0.80308346
25	0.80621081
38	0.79246062
44	0.80608111
45	0.80402500
46	0.80448750
50	0.80476898
57	0.80299765
117	0.70888797
123	0.75281955
129	0.74771626
167	0.77738289
199	0.77155066
205	0.73676288
242	0.76335461
269	0.72381184
335	0.72898994
384	0.70464784
409	0.68084088
423	0.62005385
429	0.61719248
441	0.68399709
457	0.70245771
458	0.68174398
532	0.62195019
535	0.69325912
545	0.62838186
564	0.64953769
580	0.56008910
585	0.67339427
586	0.63165658
645	0.66673177
649	0.62384182
745	0.62198036
766	0.61922011
796	0.62842603
846	0.59746983
859	0.58252979
866	0.55778947
929	0.56539004
940	0.56777190
953	0.56541081
958	0.57356053
122	0.78617801
175	0.73282801
255	0.71703694
622	0.60711194
642	0.62594107
661	0.56943684
992	0.55491767
1057	0.53649032
20	0.80552650
40	0.80562350
48	0.80170846
62	0.80299878
64	0.73075602
70	0.78877058
71	0.79201372
79	0.77686682
97	0.77099784
107	0.79187961
109	0.75506015
112	0.73104004
143	0.72495780
168	0.67066776
201	0.75004972
227	0.69370028
253	0.72930968
284	0.66576983
285	0.74682669
301	0.67175902
336	0.72428637
345	0.67030470
378	0.73293195
427	0.61069248
466	0.67111588
521	0.68512575
588	0.58680132
597	0.57933008
610	0.60504182
629	0.56766297
640	0.56833026
652	0.68139483
780	0.61147397
802	0.55689784
816	0.57087312
827	0.55459107
831	0.58062021
848	0.53290470
893	0.53908487
960	0.57912679
976	0.55231024
1025	0.55236438
1054	0.49913581
49	0.80583778
54	0.80549286
68	0.79066805
90	0.74965949
210	0.78051429
217	0.78166419
258	0.72538468
315	0.72687876
359	0.71937246
452	0.65314615
455	0.66973271
603	0.59565639
612	0.58975921
625	0.59541250
787	0.56305977
869	0.55590771
995	0.55607650
1028	0.54785122
1035	0.53492227
19	0.80631250
35	0.80629314
92	0.76622086
99	0.79960038
108	0.78756889
115	0.73130827
128	0.79199530
130	0.78916062
141	0.76020160
144	0.77840188
147	0.74512810
157	0.76345733
158	0.73234502
170	0.74450197
179	0.66956118
186	0.68726335
198	0.73061711
200	0.66552180
203	0.73038656
208	0.76766269
226	0.69390902
264	0.78265883
273	0.75731654
302	0.74610207
310	0.69451316
311	0.74447284
320	0.76902951
344	0.73025526
367	0.69885066
395	0.60910442
401	0.71848524
403	0.65637622
420	0.63718477
425	0.72833835
428	0.61571165
431	0.69210677
439	0.63937321
447	0.69954709
473	0.65981429
475	0.68328929
477	0.69254915
485	0.62887585
489	0.66949445
493	0.63980028
494	0.60251382
537	0.67429342
553	0.56902303
556	0.63044436
565	0.67739803
576	0.70135432
592	0.67148430
615	0.64378468
637	0.61680996
657	0.60786400
663	0.55190160
679	0.62523402
683	0.63071071
712	0.57706391
724	0.61625348
738	0.62938120
742	0.58143355
811	0.59854211
832	0.60947180
833	0.57803994
843	0.54107246
888	0.54071870
942	0.56939662
1046	0.51575902
51	0.78503665
56	0.80575912
58	0.78653684
77	0.66434361
86	0.74366429
91	0.76075103
96	0.72640357
102	0.77766241
139	0.74675902
146	0.78116071
149	0.76207030
165	0.77616570
172	0.67549201
188	0.76827519
209	0.72590310
222	0.76208750
223	0.66965874
232	0.77742002
236	0.72343167
244	0.73182011
247	0.73848252
280	0.72856870
296	0.74482857
317	0.75720254
332	0.70932039
347	0.67520602
354	0.65658055
360	0.64420216
376	0.68769549
390	0.61904192
418	0.65887077
470	0.72482735
501	0.64570940
508	0.63428393
531	0.61254793
536	0.62914013
566	0.63547453
574	0.68234286
587	0.65551607
630	0.65186617
647	0.59287303
684	0.57990310
705	0.63973750
709	0.66513055
721	0.59079220
750	0.64068656
758	0.60062509
760	0.57253741
784	0.56742180
814	0.63254662
837	0.54953205
842	0.59481090
856	0.61052547
872	0.61549615
884	0.57679436
897	0.54937331
917	0.53631466
933	0.53814380
1043	0.55077105
1060	0.54463637
61	0.80564032
272	0.65948600
288	0.59604211
297	0.65167547
304	0.68281175
350	0.71251372
498	0.61410789
512	0.70601739
658	0.58022697
682	0.59677867
734	0.68689718
756	0.58808233
783	0.57661288
879	0.55364070
926	0.53794041
935	0.54486306
966	0.57533092
982	0.57212942
993	0.56054126
52	0.80438177
59	0.80250310
60	0.80281043
87	0.78329380
104	0.76675291
110	0.76590150
133	0.73648402
171	0.73814229
212	0.76840695
234	0.64394596
238	0.76938581
240	0.73857284
251	0.72934680
277	0.70601419
289	0.73036908
294	0.73768318
338	0.68231654
366	0.62125667
381	0.73828374
445	0.71853177
468	0.69730742
469	0.64554276
518	0.60165705
539	0.61004342
569	0.59659361
584	0.58213703
602	0.58390949
614	0.61630367
620	0.56178073
628	0.63337838
674	0.58505310
706	0.57333299
708	0.59717002
716	0.64531419
719	0.60013440
731	0.62324850
740	0.59904633
743	0.61377556
765	0.57635677
769	0.61935310
770	0.59428383
786	0.66647707
818	0.60579182
851	0.59321222
858	0.58948374
877	0.56654915
890	0.57493242
941	0.55444727
957	0.56828233
975	0.54100019
983	0.56266419
1049	0.55785028
1053	0.54555320
41	0.80430761
65	0.77555846
72	0.80591955
84	0.78894605
95	0.79398026
101	0.78085197
120	0.80042021
185	0.71658111
215	0.75984333
231	0.67809098
257	0.66224126
271	0.72875959
303	0.70601438
319	0.71043055
351	0.71553628
398	0.67358280
412	0.66596344
424	0.65720310
453	0.68318703
480	0.59555968
506	0.63285263
517	0.72865273
542	0.67004652
589	0.56322679
600	0.55749840
619	0.58114483
626	0.62957556
639	0.61306250
641	0.63984088
668	0.66280103
691	0.61025066
698	0.62493778
711	0.57833365
763	0.59252754
764	0.56400545
775	0.57282791
808	0.57930818
809	0.57919051
860	0.55063308
865	0.58364718
868	0.56912321
882	0.58776870
913	0.59946682
923	0.57756607
928	0.54949859
994	0.56837970
1021	0.57099427
1030	0.55245508
113	0.75054248
126	0.79974098
135	0.75835197
166	0.78952011
196	0.67398017
214	0.75731118
225	0.70808459
229	0.74096344
233	0.76303628
248	0.76539286
270	0.77800630
293	0.71366823
299	0.63083647
308	0.68327096
314	0.60281297
339	0.68095141
343	0.66181974
361	0.67177491
374	0.70691908
377	0.71475648
383	0.59867810
387	0.66799342
391	0.70324295
415	0.69190113
432	0.56232133
500	0.57343590
507	0.65896335
540	0.63781222
571	0.58206109
581	0.65315930
582	0.59584558
618	0.61975874
633	0.61272688
660	0.64326870
665	0.56513205
678	0.63882096
689	0.70516776
722	0.64737838
754	0.62259229
772	0.57789333
801	0.54524126
807	0.55764173
819	0.59123543
874	0.56414483
902	0.57485573
909	0.60712180
930	0.56428637
938	0.59421617
948	0.56195827
970	0.55127115
974	0.55575000
1011	0.57568195
1012	0.55440310
1058	0.54449436
1061	0.55261861
160	0.78410818
164	0.75631100
177	0.70940451
182	0.70290470
265	0.57288148
290	0.71367462
340	0.66624079
349	0.66209511
352	0.69626720
355	0.66964972
379	0.69610818
382	0.73080564
435	0.66306701
437	0.56763111
440	0.73963609
442	0.68895695
467	0.64046410
471	0.67441607
523	0.65869793
541	0.60094991
559	0.63365639
560	0.56006795
607	0.66511532
631	0.63198882
655	0.56063543
664	0.63117124
739	0.54292039
753	0.57455883
791	0.55259117
881	0.55548863
898	0.61591335
1000	0.53230432
1023	0.56452538
43	0.80388120
136	0.74191128
156	0.77284596
159	0.65585395
221	0.76930038
239	0.65692716
292	0.69342030
364	0.67077613
365	0.66786118
373	0.59524699
385	0.69946805
388	0.69276335
459	0.57605432
554	0.62807904
648	0.63897199
669	0.54411617
703	0.61322603
713	0.58886861
747	0.58478853
774	0.60803148
790	0.59436353
849	0.60092867
870	0.57189295
875	0.57250423
922	0.56593938
934	0.56753863
939	0.57939098
967	0.57542754
1007	0.54307453
1019	0.54736344
69	0.77577895
98	0.77156635
106	0.79822641
195	0.72296645
202	0.72414756
206	0.76644887
328	0.67390329
333	0.75236833
371	0.70136353
397	0.71783440
486	0.70857237
499	0.62546927
524	0.59289192
533	0.60109352
575	0.57401363
646	0.60247763
920	0.58745752
971	0.56476363
981	0.54001983
1052	0.56658449
114	0.79630028
145	0.78593487
220	0.68944840
243	0.71688694
263	0.77017209
274	0.65119793
307	0.66926598
323	0.63761598
327	0.61308186
331	0.64048609
341	0.67684662
357	0.69671570
404	0.66133242
430	0.72094774
516	0.59788957
526	0.67055752
562	0.59716720
573	0.63051607
591	0.59718102
594	0.64020197
606	0.59364549
608	0.61315461
617	0.59770320
634	0.64018571
654	0.59363252
673	0.63015630
687	0.57886297
688	0.60759192
788	0.61984727
792	0.57731992
838	0.57456410
896	0.59517961
962	0.56359380
963	0.53936147
987	0.56300592
1013	0.59805583
1034	0.56099850
1036	0.52928205
178	0.74101137
254	0.74496137
260	0.71558524
305	0.68796438
413	0.62431043
464	0.68674211
481	0.60991363
530	0.72755310
550	0.59183280
650	0.64697923
710	0.55933863
729	0.60231024
755	0.58192848
762	0.59921015
805	0.60215414
932	0.53733947
990	0.58097274
134	0.80304436
372	0.62919690
454	0.66088449
456	0.62401692
487	0.62734079
522	0.60735602
643	0.60810799
718	0.55803553
736	0.60196137
193	0.70221128
211	0.72679671
250	0.74007754
261	0.71912444
262	0.66793609
287	0.68427180
368	0.67851250
399	0.63706927
414	0.63680893
436	0.63952585
502	0.67087914
505	0.64378055
546	0.65205207
549	0.67679013
570	0.62895038
697	0.59294220
778	0.64074568
830	0.55615874
855	0.59030263
891	0.59876880
1029	0.56343487
142	0.75962256
204	0.73359380
241	0.72497265
275	0.74088148
313	0.69903778
324	0.72455921
407	0.70520188
461	0.68088675
527	0.62515273
707	0.55911758
817	0.59782331
820	0.61162199
876	0.61568976
907	0.57682650
961	0.55918628
1037	0.51858571
153	0.78253449
216	0.73135902
316	0.72948891
318	0.68028430
595	0.56415611
636	0.58782434
644	0.57626551
693	0.56306447
1026	0.56913346
1031	0.55002754
176	0.71584464
219	0.67970536
337	0.70014154
408	0.69661758
768	0.55757857
806	0.60950244
183	0.77090724
266	0.77555498
312	0.69488308
348	0.69528271
380	0.66257199
411	0.64885724
686	0.60847961
800	0.60581241
1040	0.57482086
362	0.70333872
421	0.68448675
519	0.60252227
627	0.61687669
670	0.61662152
701	0.55156748
883	0.60710442
949	0.60933346
988	0.56958289
513	0.68954718
598	0.57614455
662	0.60523102
720	0.56087133
727	0.59246118
761	0.62162895
771	0.61090216
812	0.55841165
828	0.58606551
864	0.54009314
936	0.56295874
947	0.57001626
968	0.60455630
249	0.74826720
281	0.73995047
306	0.72293148
544	0.64052538
596	0.64604211
726	0.57778966
744	0.57781617
759	0.55325263
885	0.58413647
916	0.58656551
955	0.57176588
973	0.53288308
1044	0.54353318
417	0.65675517
488	0.64884727
568	0.61912021
659	0.60680771
757	0.58243637
773	0.57490545
847	0.53860461
857	0.55078252
861	0.56540921
892	0.55352077
901	0.53817002
230	0.76509624
450	0.61316363
463	0.65489117
558	0.57121241
815	0.59359718
946	0.55062895
969	0.55779286
996	0.54573073
342	0.65859784
393	0.68701288
577	0.63185038
681	0.58456955
895	0.55510385
905	0.57844079
918	0.53791964
956	0.55622782
326	0.67351513
483	0.61690150
492	0.62276400
723	0.60312810
889	0.54927011
927	0.55627632
931	0.63087904
1042	0.54034286
169	0.76231476
776	0.55722227
777	0.52960977
353	0.72228383
356	0.60940508
462	0.65434934
601	0.64656551
638	0.57134361
653	0.65502453
779	0.55032660
853	0.53388966
899	0.53188487
472	0.64910338
514	0.62178449
850	0.55040085
282	0.69460940
325	0.70175310
394	0.69782209
451	0.64993383
520	0.62800630
803	0.64815329
998	0.52569333
1002	0.55114248
1006	0.55549051
605	0.56826523
613	0.62657303
672	0.59448543
980	0.53852133
1024	0.55051372
478	0.59637256
733	0.57119483
997	0.57263929
490	0.66327368
1050	0.53851823
675	0.57621372
841	0.56916222
283	0.75934906
635	0.62698863
793	0.53883900
804	0.56763759
880	0.58205592
886	0.53906476
824	0.61390489
912	0.54324051
951	0.54696917
1045	0.53656306
579	0.58492961
732	0.62113064
218	0.77209897
286	0.68676297
375	0.61111955
465	0.70763750
529	0.64827744
578	0.63957021
704	0.61501748
873	0.55694831
900	0.61044267
903	0.57197688
915	0.58274126
950	0.53561626
789	0.57728863
510	0.56827209
735	0.55560432
794	0.59030348
919	0.59591222
1027	0.55558581
604	0.59695432
651	0.66644897
836	0.58127923
1020	0.54054774
810	0.59874530
887	0.59259267
1047	0.53324417
152	0.68733440
985	0.53262002
405	0.71435310
911	0.61564549
369	0.72108524
677	0.60773929
700	0.54615197
785	0.58317293
268	0.69947669
400	0.66327923
699	0.60906842
1015	0.56259323
781	0.63498421
173	0.75337829
346	0.74665545
402	0.68802970
503	0.65663214
621	0.61411128
737	0.60810000
844	0.57012068
945	0.53322716
1017	0.54301626
491	0.63184784
557	0.61115583
715	0.60387556
906	0.54982096
989	0.56486353
474	0.68380977
799	0.55997613
426	0.65206880
552	0.67104680
690	0.58234643
944	0.55240348
322	0.70617086
840	0.62112726
984	0.55527472
680	0.57906165
725	0.57059944
1009	0.58328665
476	0.63116306
1022	0.55033976
1038	0.52961109
908	0.57088562
999	0.53700226
1062	0.52051598
964	0.53304981
1033	0.52727378
702	0.58783844
821	0.59621823
511	0.62041015
894	0.53734389
823	0.53025150
509	0.57126720
959	0.55998712
749	0.57116664
813	0.56479323
826	0.54073346
904	0.56724746
495	0.61087368
1010	0.51459568
695	0.58304662
863	0.55898440
538	0.60037246
1041	0.52960827
632	0.58505009
685	0.57351786
991	0.52797838
666	0.57628496
1039	0.52672744
746	0.58436607
1059	0.52085968
782	0.57507838
717	0.68785836
572	0.62665357
1063	0.53227801
910	0.53546034
986	0.59137462
1005	0.56363891
593	0.54339192
952	0.57897312
696	0.52607754
1008	0.54009727
829	0.54354445
835	0.53805686
972	0.53073487
854	0.58499934
748	0.65341353
