0	0.80705941
1	0.80726161
2	0.80399109
3	0.80694587
4	0.79955281
5	0.80589186
6	0.80712057
7	0.80370869
8	0.80575996
9	0.80756689
10	0.80726392
11	0.80739285
12	0.80690231
13	0.80711639
14	0.80722398
15	0.80727822
16	0.80694136
17	0.80708867
20	0.80730484
22	0.80713036
23	0.80736480
28	0.80719494
29	0.79783003
31	0.80618966
32	0.80673949
33	0.80400231
34	0.80141595
35	0.80657415
37	0.79211177
47	0.78989307
50	0.79758768
57	0.80251760
66	0.79689329
69	0.80333399
74	0.79747393
75	0.80519076
78	0.80329065
85	0.79530462
87	0.79225160
89	0.75399406
94	0.77448240
96	0.77757723
99	0.79203718
105	0.78986821
106	0.74575127
124	0.78172024
127	0.66835160
135	0.75078636
136	0.73102365
144	0.71328449
152	0.70825215
159	0.77650352
160	0.76436414
170	0.76288207
172	0.60624521
174	0.70991716
179	0.68778020
188	0.79109384
212	0.64436810
214	0.76337767
215	0.66903190
230	0.68677613
232	0.72349274
233	0.69383553
238	0.66799923
239	0.61964521
256	0.71262882
262	0.67480792
263	0.61682805
284	0.75691375
287	0.76225512
289	0.64725556
292	0.72385248
307	0.70285534
311	0.70142673
318	0.71286931
319	0.63369505
324	0.68072959
337	0.75349131
340	0.64540000
343	0.69286755
350	0.67796260
353	0.68319263
357	0.63642167
359	0.65229615
365	0.65934103
389	0.73069945
392	0.66730055
399	0.61386227
405	0.63289923
432	0.62091375
436	0.67681903
437	0.57847932
450	0.62232376
457	0.65549186
470	0.60109153
502	0.68216898
503	0.58874917
504	0.68080660
522	0.61058009
527	0.59085424
530	0.65194345
533	0.58868713
564	0.59785919
571	0.61755886
589	0.61199241
590	0.57539208
605	0.55724653
610	0.61279373
619	0.60367932
620	0.55614180
640	0.60936711
647	0.55082189
661	0.65890803
662	0.64621430
664	0.55075094
668	0.58632893
728	0.57471331
742	0.53269406
775	0.55991210
800	0.59162970
831	0.57886128
873	0.54613883
26	0.80663531
42	0.79538427
46	0.80099868
52	0.80489230
54	0.80402530
58	0.79958284
59	0.76408240
63	0.78927789
64	0.80669670
71	0.78089142
72	0.79793465
79	0.77942145
80	0.77907569
93	0.77285050
100	0.78838240
101	0.70600649
104	0.77258515
112	0.68817063
121	0.79477800
123	0.70732343
131	0.79207008
134	0.75319615
148	0.77324840
155	0.77854092
157	0.73746920
171	0.79155754
186	0.78057426
197	0.69592596
200	0.63478284
204	0.75362255
207	0.71371914
209	0.74660902
222	0.73151210
240	0.73642728
248	0.76288042
255	0.73341441
274	0.76419098
288	0.68510979
293	0.62174939
306	0.70188768
323	0.70920968
326	0.72845710
345	0.72003685
368	0.62585776
423	0.65055314
424	0.67177305
425	0.60327965
452	0.62524829
462	0.58424576
464	0.59164004
468	0.59357899
474	0.63403861
482	0.67228328
484	0.55993861
489	0.60878526
490	0.64380044
509	0.63403003
518	0.65028328
537	0.58108647
560	0.62797690
608	0.60902200
627	0.58701265
637	0.56379351
648	0.60077096
669	0.56982739
675	0.64740220
677	0.60617503
681	0.59019571
685	0.56968812
689	0.54646128
693	0.60554158
695	0.61850990
719	0.58302453
763	0.57360594
796	0.53818119
825	0.55703674
827	0.57220429
832	0.54613256
833	0.58545633
834	0.53078845
842	0.57800022
851	0.53123949
876	0.53779318
21	0.80663784
24	0.80719340
27	0.80723047
40	0.80436590
49	0.80648416
65	0.80228141
110	0.73509428
125	0.78863267
143	0.73578570
181	0.78750220
217	0.67186689
235	0.70653707
247	0.72919054
257	0.65726029
303	0.71446370
428	0.64458240
465	0.64175600
467	0.68787382
524	0.65367338
539	0.71946018
546	0.60730594
632	0.62256535
649	0.54977140
717	0.60429340
815	0.59748108
860	0.54837701
44	0.80738284
51	0.79811111
61	0.79565754
88	0.79564796
120	0.78977492
164	0.78713608
180	0.74420638
221	0.63648977
234	0.72689043
254	0.72422266
269	0.68918768
275	0.70906975
277	0.74640066
315	0.70013157
330	0.66840660
347	0.69628273
349	0.59470737
355	0.66672332
381	0.69293135
469	0.64914312
472	0.60697943
483	0.64675919
508	0.66128438
535	0.62793795
536	0.65289384
552	0.70559681
643	0.57525116
673	0.57415897
708	0.60854543
765	0.62157481
783	0.59206392
805	0.59494983
830	0.55375875
25	0.80722717
39	0.79448812
41	0.80705930
55	0.80439241
77	0.78022706
117	0.74303971
133	0.66401155
154	0.72765413
161	0.72788900
187	0.68812233
198	0.69661210
220	0.67202970
322	0.63802585
331	0.63966271
356	0.71117580
387	0.66336821
397	0.62271221
538	0.59274653
576	0.62300396
588	0.60375171
616	0.60450550
687	0.55371474
709	0.54656348
758	0.58206513
760	0.57949021
766	0.55438845
792	0.57119318
905	0.54039296
30	0.80695622
70	0.80463641
73	0.79361727
129	0.71332827
163	0.69903223
165	0.77533960
167	0.72912189
193	0.71718449
245	0.69166689
253	0.65913080
272	0.74671232
370	0.63553091
385	0.65456821
388	0.64008735
416	0.66367470
418	0.58954411
421	0.61769175
430	0.59973014
487	0.65799494
574	0.63884697
579	0.56792530
629	0.57325204
633	0.59612629
734	0.64063124
735	0.58139725
764	0.58802244
886	0.55813608
18	0.80700682
19	0.80673773
36	0.80452783
38	0.80725809
48	0.79039725
60	0.79787569
83	0.74582607
92	0.79288042
111	0.79141683
114	0.79087712
116	0.78102970
126	0.77612783
137	0.74314818
140	0.77701210
151	0.77838284
156	0.68335732
168	0.73463344
189	0.76318680
199	0.73960220
219	0.72224070
241	0.69749780
250	0.67652343
267	0.67730132
281	0.66591969
305	0.68374147
321	0.73997393
336	0.64867250
341	0.69696359
354	0.67675061
363	0.64363003
396	0.66207965
402	0.61674939
422	0.62478548
443	0.69101221
459	0.61754840
473	0.69042651
494	0.59700605
498	0.61460891
548	0.55661012
622	0.57927118
652	0.55730088
678	0.56089043
694	0.55229923
696	0.55766172
701	0.64022838
720	0.58413454
748	0.54335688
814	0.53605996
856	0.56632156
858	0.53042849
68	0.76120847
119	0.72226964
150	0.72589791
191	0.66358922
243	0.71538504
327	0.70517591
378	0.71592068
573	0.59508988
614	0.60446810
626	0.62172046
741	0.55533839
768	0.55672464
826	0.54970528
836	0.57795061
875	0.59507723
877	0.55333674
887	0.54881463
45	0.78728647
56	0.78531034
84	0.79571210
98	0.79892255
177	0.67774081
361	0.66597481
376	0.68387052
460	0.62369340
526	0.67668537
594	0.63652189
771	0.54846645
864	0.56329714
889	0.52849780
43	0.80411991
53	0.80429934
67	0.79834895
95	0.78730495
97	0.78695446
113	0.79040968
132	0.79774466
138	0.79138152
146	0.65418933
149	0.60799505
169	0.75909967
175	0.74368361
190	0.75430143
195	0.71753498
196	0.73604323
208	0.73258284
223	0.78398185
229	0.74402046
271	0.72948108
286	0.68801650
304	0.73275611
308	0.72912123
314	0.71713608
316	0.71320473
328	0.72113564
346	0.70296271
362	0.73655677
364	0.66450550
366	0.68244664
371	0.59067514
374	0.60066238
375	0.65936326
410	0.66695149
417	0.72252156
426	0.69682101
433	0.58592354
434	0.63078394
455	0.64971672
463	0.66749164
475	0.61454862
516	0.57148768
520	0.61113113
531	0.58450275
556	0.58067437
558	0.59903971
569	0.67394147
570	0.56354763
581	0.62200000
592	0.62939802
593	0.59251562
595	0.60400297
615	0.58254631
621	0.57502992
634	0.66921815
636	0.57071298
639	0.56979131
644	0.58883839
655	0.61237921
684	0.62587338
704	0.57239791
705	0.56472387
732	0.58329593
737	0.63553069
755	0.55460748
781	0.57878680
788	0.56568669
793	0.54903102
799	0.62134785
806	0.57395952
811	0.57847558
820	0.58812717
837	0.55515578
841	0.56107272
849	0.55943014
866	0.53344246
868	0.55777778
872	0.55368009
81	0.78692728
82	0.75573630
86	0.80119065
90	0.78652222
91	0.75095864
107	0.68549439
118	0.76466194
139	0.80144983
162	0.78970781
228	0.67793190
231	0.70402915
252	0.70588999
302	0.67443872
309	0.63795424
334	0.67018746
393	0.70648977
406	0.62128735
419	0.71496194
427	0.64019065
451	0.61907041
479	0.64066436
506	0.61008361
532	0.67154202
559	0.58875831
566	0.65399956
600	0.60719604
601	0.58883014
604	0.59064246
611	0.61136194
642	0.61089505
680	0.58277679
700	0.58369824
715	0.60655677
722	0.55300066
725	0.58744928
782	0.59315864
787	0.57326491
791	0.63716271
807	0.54700990
808	0.56127415
810	0.55953960
878	0.56676964
130	0.72407921
145	0.63560506
147	0.69753740
182	0.72096722
201	0.70024686
210	0.76011287
251	0.68456029
259	0.68987415
270	0.64127261
283	0.63355666
295	0.64261606
301	0.64324521
380	0.64583289
395	0.60769802
401	0.64088372
444	0.72504752
501	0.67148185
507	0.58485270
540	0.64145226
638	0.65006623
691	0.59089956
703	0.55218207
707	0.58743146
714	0.56511474
726	0.56226194
727	0.55807943
733	0.55157261
744	0.57078273
746	0.55973322
747	0.55469296
767	0.56362090
797	0.56932453
859	0.53747063
895	0.56129956
896	0.56939923
900	0.54495468
115	0.71063608
128	0.75972365
153	0.77370638
173	0.73867162
224	0.73043256
242	0.70495776
264	0.76084774
310	0.73888779
367	0.67868229
379	0.59004378
466	0.63255765
553	0.58529032
617	0.62809978
660	0.60552376
671	0.63269439
690	0.63880352
774	0.53168350
863	0.55582057
62	0.79495336
122	0.75792585
141	0.76811166
142	0.71174741
176	0.77247162
226	0.71834620
236	0.65346161
246	0.63545479
273	0.64310044
285	0.64698548
312	0.73312563
412	0.63629582
413	0.58142057
429	0.65024543
435	0.63392915
481	0.64945204
485	0.65760473
505	0.61249802
510	0.63754312
512	0.62589296
586	0.58914906
659	0.58047767
679	0.55794477
710	0.55844774
730	0.62231177
772	0.60796106
802	0.56688130
845	0.56349373
847	0.55817129
857	0.54862882
897	0.53555754
108	0.78778603
211	0.66386502
290	0.70182805
291	0.70451573
299	0.72160209
344	0.72491100
384	0.66745303
414	0.62020231
445	0.56741089
563	0.62248834
686	0.60459516
756	0.55686667
801	0.56155336
816	0.55377195
819	0.53291056
840	0.54555127
76	0.80427437
244	0.68718823
348	0.61760451
372	0.65695512
377	0.66625633
448	0.64655765
497	0.63294609
534	0.55109923
567	0.62133410
618	0.61506304
645	0.56725424
712	0.59867525
750	0.59736678
773	0.56287415
844	0.55317217
846	0.55069384
855	0.57642134
885	0.53711210
898	0.55997107
906	0.53604928
178	0.69543806
184	0.70300385
276	0.72763718
332	0.70121331
335	0.67686425
352	0.67034004
394	0.58712486
398	0.69401496
525	0.58516601
551	0.65438757
572	0.65433685
578	0.58143333
597	0.64364444
613	0.54846832
739	0.53216964
762	0.52349483
798	0.55509516
862	0.55173146
882	0.55826392
902	0.56153806
102	0.75810814
158	0.62457976
183	0.77179978
227	0.61934466
294	0.71892904
351	0.64564323
431	0.63324895
486	0.64277701
657	0.59546953
674	0.54204180
697	0.59558394
738	0.54024268
761	0.53324972
870	0.58080781
908	0.55375721
261	0.66994565
282	0.69360022
358	0.64385523
382	0.57576128
439	0.65220495
453	0.64993707
612	0.63859813
665	0.60457690
698	0.55366282
795	0.57770539
821	0.53236359
838	0.53918053
894	0.52166766
216	0.72146194
260	0.75981661
265	0.69059417
339	0.63759186
602	0.61529835
666	0.66508196
702	0.55427349
883	0.60171650
892	0.53238977
901	0.53739087
109	0.76105809
166	0.64892299
194	0.70946997
206	0.68505369
266	0.65673190
298	0.62956777
313	0.69832871
317	0.72411859
333	0.69339703
407	0.59360737
408	0.71724059
491	0.63720121
513	0.62759857
542	0.62499967
568	0.58744653
577	0.62485644
609	0.58933652
650	0.54099582
711	0.55337954
749	0.55529538
812	0.53202299
843	0.55573025
903	0.54396062
103	0.80402497
185	0.74343311
278	0.72718009
561	0.62907415
583	0.63117756
596	0.61811122
813	0.56852552
874	0.52028339
202	0.69655446
268	0.70827745
391	0.67965083
449	0.59808262
477	0.62758174
631	0.58691859
699	0.58812541
751	0.53170352
794	0.56252266
823	0.54685842
839	0.54348053
880	0.53165028
329	0.64737118
411	0.72370033
521	0.55051254
523	0.63298174
663	0.55501716
716	0.64820165
718	0.60856370
757	0.56727525
759	0.55085996
786	0.54054114
850	0.55494378
280	0.73304411
300	0.76007921
383	0.67106084
646	0.60742464
672	0.57524994
682	0.56340286
729	0.55492013
884	0.53148196
320	0.68789076
360	0.61952541
478	0.58466546
514	0.60508460
528	0.57677206
582	0.64349791
599	0.63618900
342	0.64526953
496	0.64790792
519	0.56616975
658	0.59791265
829	0.57700121
861	0.52216051
400	0.63883630
476	0.64298449
515	0.67151837
575	0.58547228
625	0.56727899
688	0.58239912
731	0.58057085
888	0.56164037
218	0.70920550
456	0.67206150
591	0.56147448
635	0.57659043
743	0.58247613
778	0.53923278
213	0.79222629
447	0.67736810
492	0.63765402
607	0.58001166
192	0.75068460
585	0.61050781
603	0.60737734
740	0.54385105
779	0.57608812
852	0.56131430
373	0.63811287
409	0.67362464
438	0.69615820
493	0.63045952
776	0.58871639
803	0.56043586
249	0.76969659
296	0.66670143
390	0.61515017
706	0.56929318
724	0.61486766
785	0.55997866
325	0.70820253
403	0.60495787
598	0.62058108
628	0.60829461
784	0.59477371
867	0.55637140
879	0.54711991
891	0.54295952
386	0.61367899
495	0.64470308
529	0.61076227
653	0.62819978
667	0.54493905
790	0.56624906
237	0.70014092
440	0.62624246
565	0.57297580
606	0.55410220
789	0.61059626
848	0.53789978
549	0.58130209
580	0.59628878
420	0.61838867
554	0.58104125
871	0.54675853
641	0.60834433
752	0.60775435
854	0.55468537
338	0.69434983
500	0.67500891
683	0.63601804
824	0.54520286
890	0.56553883
541	0.59048504
547	0.64204235
624	0.58167767
804	0.54486150
557	0.57470649
630	0.55516337
754	0.54796590
297	0.69616392
446	0.68471474
587	0.54673971
656	0.61399087
692	0.58811958
471	0.60420979
225	0.77476711
511	0.60247789
550	0.58984334
721	0.57528185
279	0.64257624
442	0.65159406
654	0.68479373
488	0.57209835
499	0.56383036
545	0.57293300
670	0.55878251
904	0.53499461
415	0.71808053
555	0.59167415
562	0.55264752
745	0.54774895
769	0.55299725
203	0.76425050
258	0.69384796
723	0.53254015
458	0.60159098
651	0.56874532
828	0.55419846
369	0.70092937
544	0.56457118
441	0.65270957
461	0.67913113
584	0.66196029
869	0.53577327
713	0.58340847
205	0.70950077
404	0.68043344
480	0.65868207
809	0.53440187
822	0.53365523
817	0.57702684
454	0.60395512
899	0.55494268
818	0.55515853
753	0.56036326
835	0.53241001
865	0.56480033
543	0.60136326
770	0.57052420
893	0.52902112
736	0.54924356
777	0.57789901
853	0.55780363
907	0.52451716
676	0.51276447
623	0.58097690
780	0.53932959
517	0.64662365
881	0.52409736
