0	0.80592361
1	0.80537639
2	0.74233969
3	0.80568193
4	0.80536685
5	0.75933149
6	0.80025820
7	0.80612273
8	0.80553869
9	0.80597749
10	0.80600432
11	0.80600843
12	0.80602373
13	0.80598647
15	0.80599468
16	0.80591796
18	0.80605532
19	0.80590554
20	0.80605277
22	0.80455432
25	0.80581463
26	0.80586220
27	0.80141929
28	0.80591641
29	0.77092849
30	0.79936940
31	0.80600188
38	0.76937683
39	0.80454712
41	0.77526208
42	0.80440355
53	0.77441486
54	0.78113282
56	0.79183415
61	0.79147295
63	0.80565388
64	0.79269024
66	0.75734767
71	0.69489834
73	0.77484701
78	0.79595532
89	0.76903503
92	0.79176874
95	0.78801175
96	0.78576652
97	0.74973326
99	0.69381508
103	0.75493503
104	0.78358492
107	0.78204401
109	0.74680987
123	0.71540931
125	0.78426497
137	0.76384545
138	0.69657306
139	0.69560865
143	0.76261574
150	0.75713825
156	0.75568725
163	0.77364279
164	0.71674035
170	0.72064224
173	0.77231729
182	0.67065000
190	0.68398326
204	0.63266031
208	0.73778282
214	0.75709878
224	0.69190754
225	0.70682871
235	0.66538049
239	0.61953747
242	0.68430432
249	0.72701353
254	0.74208825
267	0.67938614
271	0.66147295
277	0.70507882
305	0.70072140
310	0.68275710
315	0.68173470
342	0.67747517
352	0.65868758
365	0.69004512
378	0.65151075
383	0.68569058
386	0.68924013
388	0.65079102
391	0.66587306
400	0.61491475
405	0.58318004
408	0.62258936
412	0.67999313
413	0.72577350
420	0.69342672
425	0.58238237
426	0.65570898
437	0.67501552
444	0.61095310
456	0.71085244
468	0.65144645
486	0.57358381
489	0.59014989
506	0.59470887
525	0.59294712
536	0.64400820
546	0.60663259
583	0.54134956
600	0.56003004
609	0.57310055
617	0.58409867
620	0.57900222
651	0.62151729
664	0.56185931
669	0.56919002
674	0.57315588
743	0.53633725
753	0.61549579
768	0.58883548
773	0.60331951
775	0.62412140
787	0.60941142
832	0.55026741
836	0.59069734
860	0.54569634
874	0.53897361
891	0.55598182
894	0.56151796
898	0.55100887
14	0.80614080
17	0.80610843
24	0.80599169
108	0.74612528
111	0.76705377
122	0.78548348
130	0.77737406
144	0.73016585
148	0.74326186
179	0.79584080
181	0.74690776
192	0.64668437
199	0.71007616
211	0.62073647
217	0.75058437
257	0.65685344
313	0.72282217
347	0.62808459
348	0.67113714
367	0.64114878
395	0.58318082
410	0.61442727
431	0.65836009
446	0.66032328
454	0.66792727
460	0.62344690
461	0.65877195
463	0.62046297
471	0.64886652
485	0.70607528
491	0.65177949
513	0.64383381
540	0.57188016
553	0.57993093
586	0.63780965
606	0.55917816
662	0.55438681
735	0.55410443
744	0.57595155
752	0.58889047
762	0.53661308
780	0.56968182
826	0.54938636
875	0.52851419
881	0.56172295
890	0.54268758
48	0.79538315
82	0.78117827
114	0.78965543
118	0.77481075
222	0.74855288
366	0.65643991
419	0.62772794
501	0.66430211
526	0.57459091
614	0.61494612
621	0.57526785
675	0.60487683
734	0.61305931
790	0.53943592
858	0.51765798
33	0.80609224
35	0.80452461
37	0.80563570
40	0.80574468
49	0.80605000
52	0.80577716
58	0.79902007
67	0.80190676
69	0.73889667
70	0.79591829
76	0.74773891
79	0.77375987
80	0.69800942
86	0.76785100
88	0.78580244
110	0.76639313
112	0.76686153
172	0.72145000
188	0.68357705
189	0.68000554
226	0.70134146
237	0.66861851
255	0.69343415
272	0.66215477
293	0.64964678
294	0.72182639
296	0.71061275
336	0.68044523
401	0.64764191
430	0.63987506
441	0.63440421
465	0.72950721
492	0.60840366
645	0.57841674
702	0.57561962
760	0.54922029
779	0.56395155
791	0.56342062
804	0.59280532
805	0.57485510
882	0.54295477
55	0.78984789
74	0.80188969
75	0.80153703
91	0.75418027
124	0.74772361
133	0.78389169
281	0.75043282
291	0.64143902
304	0.76623492
306	0.63319401
332	0.62148259
339	0.69030831
343	0.66542506
371	0.64872949
403	0.62662506
472	0.64644645
519	0.62834800
530	0.57432661
578	0.60809867
581	0.61802572
594	0.63629246
646	0.58747483
701	0.58517971
719	0.57264678
766	0.54588481
769	0.54995432
796	0.58115233
46	0.80071984
59	0.78788947
142	0.79313814
202	0.73672672
258	0.71938437
480	0.57730000
484	0.60077450
520	0.56495355
622	0.55880820
673	0.54475543
683	0.63075931
862	0.55393326
877	0.51572694
23	0.80101729
34	0.80404313
57	0.79835554
115	0.76729823
161	0.77600133
196	0.69328459
227	0.69116153
234	0.72690144
285	0.60048392
300	0.68120976
479	0.62083503
504	0.70421763
717	0.55598758
795	0.54758470
861	0.57005222
869	0.59274490
32	0.79380876
60	0.78840942
65	0.80539967
84	0.74043659
87	0.78725100
93	0.77443470
100	0.76221208
102	0.77841996
116	0.76245931
141	0.75400621
162	0.73462328
194	0.75162472
200	0.67636120
201	0.67540576
206	0.76116308
219	0.70182472
221	0.70720377
230	0.69577472
238	0.70721519
260	0.72627284
269	0.70916064
289	0.63417683
311	0.72194246
319	0.59416774
324	0.66545998
337	0.63355277
353	0.64356563
381	0.69466475
390	0.66786086
449	0.62290643
502	0.55578947
524	0.63625732
527	0.64578137
601	0.58800044
616	0.60789800
642	0.61698636
667	0.55861441
672	0.61161874
685	0.58211962
720	0.58667284
723	0.56574457
731	0.59645909
785	0.57764268
821	0.54684246
833	0.55785909
850	0.53304102
876	0.56238592
895	0.50896674
21	0.80605421
135	0.77309812
140	0.71952894
186	0.68835499
193	0.73518071
232	0.69244734
263	0.72502960
266	0.71305055
387	0.74667727
398	0.60507749
436	0.68577683
442	0.70123237
458	0.59357018
547	0.62317894
554	0.61293858
559	0.58157605
580	0.62945111
582	0.58570432
725	0.56313404
767	0.53843692
783	0.53271652
806	0.53692583
815	0.56762605
889	0.56329701
892	0.55083404
47	0.78623160
51	0.79355033
62	0.80354157
83	0.78654745
94	0.77715820
117	0.78555155
119	0.72908426
120	0.80365865
121	0.76398060
127	0.76500477
132	0.74567506
146	0.71149501
149	0.76846608
165	0.73396009
176	0.78937395
191	0.73097494
205	0.66234678
236	0.71546863
241	0.60018703
248	0.77299678
251	0.74476319
252	0.65708625
268	0.61639523
270	0.67984523
279	0.72523171
287	0.64816874
290	0.67997605
297	0.67685432
321	0.61793282
322	0.63213548
325	0.68047705
329	0.61350000
330	0.59276763
349	0.65320211
375	0.68491874
380	0.66940710
382	0.68599047
399	0.70163891
416	0.68093858
433	0.64258936
435	0.64959268
439	0.65118825
443	0.67135710
457	0.69611885
476	0.62404213
505	0.64477517
548	0.69252262
549	0.66749169
563	0.59878392
568	0.65441242
588	0.59293825
608	0.60325987
615	0.56484756
619	0.62617217
624	0.59655588
635	0.59305033
636	0.57771818
637	0.58000100
707	0.60276696
713	0.55581386
716	0.60542627
718	0.65863958
728	0.61878747
799	0.59866242
810	0.56643492
837	0.56473991
839	0.56120166
849	0.56778714
854	0.56885909
856	0.56057350
857	0.56127594
867	0.53451475
36	0.80610953
43	0.77401075
44	0.78666475
45	0.80446075
50	0.75292317
68	0.73455499
85	0.79806752
90	0.78442916
126	0.72025754
128	0.74261663
129	0.79127084
147	0.76831341
160	0.69177949
177	0.75169867
212	0.70239468
215	0.67839845
233	0.68397805
246	0.74623991
283	0.64566707
284	0.66369346
299	0.60357594
312	0.71314512
323	0.71868647
326	0.63630621
327	0.66700089
350	0.70572583
358	0.75526075
360	0.71327095
361	0.71281729
362	0.57370665
397	0.64183160
404	0.67465100
423	0.63651408
470	0.58895920
477	0.56241031
478	0.57476109
498	0.64750333
507	0.59336552
516	0.62927816
521	0.62910055
555	0.58404202
565	0.66226275
591	0.61518659
593	0.63621386
604	0.61074834
629	0.63254080
638	0.59177173
649	0.57132062
684	0.55317239
692	0.60092761
704	0.56213049
706	0.57639656
710	0.55094856
724	0.56103725
745	0.63729313
759	0.54857406
772	0.55711563
800	0.57992672
814	0.54641929
859	0.53888248
72	0.78273525
136	0.79667073
153	0.74015976
154	0.80001064
157	0.75174335
167	0.75368193
168	0.76863481
171	0.72083858
228	0.77091242
244	0.67021430
250	0.74879302
261	0.73797849
276	0.70282761
288	0.66626075
314	0.72837151
331	0.71596486
338	0.61037173
370	0.65746752
376	0.67584069
379	0.63467705
424	0.71408958
428	0.62573836
440	0.70395144
453	0.59858758
494	0.60162483
500	0.64368404
508	0.63861552
531	0.58088226
535	0.63841297
539	0.62683237
564	0.57917406
590	0.65481086
661	0.58300100
708	0.54925543
715	0.55399313
722	0.53655843
758	0.54598137
811	0.56326186
825	0.55757395
864	0.58586009
866	0.55192738
879	0.55457616
887	0.52630698
888	0.56083171
98	0.77737007
101	0.77921475
113	0.77796364
169	0.69132749
198	0.71772384
243	0.75899612
265	0.67766208
286	0.64870277
295	0.71154401
341	0.74046508
351	0.73866319
354	0.60319346
355	0.70032217
356	0.72357073
481	0.63305820
483	0.66023093
487	0.67737761
533	0.65871486
544	0.62391186
575	0.62137694
585	0.62506164
598	0.57790421
628	0.60612528
633	0.60207084
641	0.60907361
670	0.61809124
774	0.57412206
843	0.56068836
845	0.49323714
846	0.53569545
851	0.56017605
77	0.74018215
151	0.74085743
155	0.75929667
158	0.74618902
174	0.74327550
180	0.62394412
184	0.70932761
197	0.71542749
209	0.73058437
229	0.74865044
247	0.71502860
278	0.71579479
303	0.60023004
309	0.71726752
318	0.67594568
328	0.73188470
334	0.62543093
345	0.56285299
374	0.67741984
392	0.65057927
394	0.62633503
411	0.60292572
415	0.60231541
417	0.66686774
421	0.59655920
464	0.62407949
473	0.61520610
499	0.61339512
518	0.56029279
532	0.56368703
557	0.58116818
570	0.62365211
595	0.57448027
605	0.55252783
611	0.58105266
623	0.56024390
648	0.58659967
650	0.56032694
654	0.58013681
689	0.59109590
691	0.54125322
699	0.58813858
703	0.58530676
726	0.58355255
733	0.57195255
739	0.55154180
742	0.56785920
771	0.61373736
777	0.58755665
781	0.57935188
784	0.54542217
789	0.62149723
809	0.60059224
835	0.56728936
848	0.58134933
855	0.55116896
873	0.52679534
893	0.53610865
105	0.74859124
152	0.62419945
210	0.77130931
218	0.70722794
253	0.69255887
316	0.70651430
373	0.67603104
497	0.59425477
522	0.58514335
542	0.59384080
545	0.54980765
573	0.57790654
577	0.58552339
632	0.55011885
793	0.54911253
798	0.55887627
802	0.56204789
834	0.55859645
872	0.56191641
884	0.53968492
896	0.54772350
106	0.79202051
185	0.73062805
195	0.78037162
216	0.71541186
256	0.76124080
259	0.64303670
292	0.67190621
308	0.67945909
363	0.70986929
396	0.65447550
474	0.63625155
579	0.58082084
618	0.55807683
647	0.58984080
677	0.58518758
682	0.55579080
729	0.60471774
788	0.54302217
816	0.57244834
841	0.54407894
81	0.79864357
301	0.66518126
302	0.68466519
372	0.67146585
429	0.61292528
432	0.63463525
467	0.64318592
496	0.64552483
534	0.67210599
597	0.57648570
695	0.54210044
763	0.60889035
808	0.60831718
818	0.59779268
829	0.54291829
863	0.54635310
131	0.76477594
187	0.64936984
240	0.66947616
274	0.61725676
280	0.71360089
282	0.71248847
359	0.72043282
407	0.64706929
438	0.69083271
445	0.61552195
482	0.55090976
490	0.58521452
556	0.58901851
576	0.59500466
587	0.60623914
663	0.55867816
696	0.59812428
764	0.57729058
245	0.69434357
369	0.71225676
422	0.68964667
434	0.59510443
538	0.61573359
561	0.61510000
602	0.58029412
613	0.54130410
625	0.61646851
630	0.65038426
640	0.60370211
652	0.58968559
679	0.56687506
750	0.60139945
786	0.53088747
853	0.55119390
870	0.53962040
203	0.72898537
207	0.67374102
275	0.61873293
459	0.59165876
462	0.61192328
512	0.60054124
612	0.64396741
659	0.56861674
746	0.57810599
812	0.56226075
145	0.76878647
344	0.66573736
510	0.58760133
552	0.56605565
607	0.54256574
626	0.64265721
660	0.56542095
688	0.56213115
822	0.54497805
838	0.53592162
166	0.67456729
220	0.76213880
368	0.70516408
543	0.59688126
560	0.55633692
574	0.62531109
705	0.58660798
748	0.55143525
803	0.56287129
183	0.75124468
346	0.69264246
451	0.60835865
562	0.61614224
634	0.60015188
657	0.64317506
747	0.55843503
828	0.55229978
134	0.74435732
298	0.70385687
320	0.71163137
377	0.71845432
402	0.69141441
452	0.59818503
567	0.59342916
262	0.72042672
335	0.74293525
414	0.63392361
418	0.65397749
529	0.65864002
589	0.67851774
687	0.56996962
709	0.59629789
755	0.53335421
880	0.53756840
175	0.78862572
223	0.76266153
409	0.58983847
455	0.64161197
475	0.61795222
782	0.58731142
819	0.59040532
865	0.54553747
213	0.72552417
364	0.63884191
450	0.70269035
551	0.57973814
665	0.58393902
712	0.56456197
317	0.65515100
469	0.61740887
541	0.56730976
357	0.69573925
385	0.56811053
868	0.56045166
690	0.60801863
901	0.50372306
159	0.67964135
264	0.72805377
340	0.74739024
393	0.60668381
509	0.64977384
515	0.64518681
732	0.54809357
178	0.71233703
656	0.58815033
736	0.55596973
847	0.54015233
883	0.53523670
517	0.64570399
569	0.59223104
643	0.58174080
741	0.55589290
778	0.53138060
820	0.55213137
831	0.53026463
231	0.65697616
514	0.62583525
840	0.56805710
885	0.54862262
897	0.55766907
384	0.59200122
537	0.64521164
550	0.60442749
566	0.58067517
655	0.58718803
681	0.60381818
792	0.56552960
813	0.52718082
333	0.65256552
406	0.68562783
503	0.60695632
599	0.61856497
627	0.56984579
676	0.54369756
693	0.55090166
447	0.60692494
448	0.68540621
488	0.59794712
493	0.69809745
817	0.53103359
686	0.57959002
749	0.56191807
307	0.73150144
571	0.59137705
694	0.54719390
727	0.62308847
584	0.65363647
668	0.56720521
794	0.53256475
886	0.52490022
756	0.54496397
523	0.61547971
711	0.56978858
714	0.53854124
757	0.54953880
273	0.68915067
511	0.55723226
721	0.56375743
698	0.60045876
751	0.56040211
899	0.54472727
737	0.58386863
842	0.53063381
610	0.61930632
738	0.54092982
639	0.56612395
770	0.53413625
852	0.54496519
740	0.56545654
801	0.55174690
427	0.66457228
528	0.61054435
871	0.55601763
495	0.64801475
823	0.53157350
596	0.57718636
697	0.56729080
776	0.58936242
754	0.57078603
389	0.67495244
827	0.58743681
666	0.58371075
631	0.55954113
700	0.52792572
671	0.56623381
603	0.67059812
653	0.58775344
797	0.53946619
844	0.57376208
830	0.55194457
678	0.53708636
466	0.67632761
761	0.52139135
730	0.56892871
824	0.53412328
807	0.57478991
765	0.58304678
878	0.50070599
572	0.63709634
644	0.54247184
680	0.58472594
900	0.51056729
592	0.53604834
558	0.60602627
658	0.52844701
