0	0.80725166
1	0.80682947
2	0.80737679
3	0.80738587
4	0.80757851
5	0.80571191
6	0.80069919
7	0.80740727
8	0.79868829
9	0.80752957
10	0.80705560
11	0.80755399
12	0.80740242
13	0.80741483
14	0.80754793
15	0.80724127
16	0.80744279
17	0.80721937
18	0.80736761
19	0.80748204
20	0.80707568
21	0.80549122
23	0.80715479
25	0.80494208
26	0.80661837
27	0.80730989
31	0.80029122
33	0.80742563
37	0.76563562
39	0.80663522
43	0.80370626
44	0.77148951
45	0.80421009
48	0.80366842
62	0.79399132
68	0.76404934
71	0.78091261
72	0.76641917
74	0.77143189
75	0.78246953
77	0.77057699
84	0.75534178
88	0.80202442
90	0.79688295
91	0.75949243
94	0.72782230
95	0.79395207
106	0.74717154
109	0.77616862
111	0.79334692
124	0.76842896
136	0.79054985
139	0.76924299
140	0.76198688
142	0.78218174
156	0.72245681
158	0.70016680
179	0.72582856
180	0.75720848
182	0.78320272
185	0.75284430
193	0.77104430
196	0.76720232
216	0.77059778
229	0.73116488
247	0.75920283
253	0.70864046
258	0.60581171
261	0.72857518
264	0.72076498
273	0.64152008
278	0.70018073
289	0.63661574
294	0.59605358
295	0.71854480
298	0.69489304
300	0.71759980
302	0.61724793
306	0.74507023
326	0.71016186
327	0.76029314
332	0.66435106
334	0.72613925
338	0.65883017
339	0.71345368
360	0.74776034
363	0.68778920
364	0.56162190
375	0.73138295
390	0.70486246
396	0.67014823
402	0.68438476
404	0.60864733
416	0.65461352
425	0.64340888
426	0.63591635
441	0.72790283
443	0.66397366
446	0.58265318
474	0.61123340
488	0.69514107
495	0.65293310
497	0.57229728
510	0.56484016
565	0.60007770
576	0.64502270
585	0.67575903
589	0.59614632
593	0.64992624
615	0.66321362
617	0.56169243
621	0.60733391
626	0.59371382
631	0.57560737
632	0.55760151
635	0.57183734
638	0.57821746
648	0.63403300
658	0.57303966
669	0.58778123
670	0.56870817
671	0.63917407
685	0.56836509
700	0.63224975
734	0.61746761
739	0.57483966
746	0.62718496
747	0.58672331
777	0.59293310
794	0.60338688
818	0.62144561
831	0.64648315
841	0.58615752
845	0.56181413
871	0.56644036
873	0.56185560
874	0.57901937
878	0.58960242
884	0.55354026
894	0.55154501
898	0.54854712
904	0.55396004
922	0.57664965
945	0.56250252
963	0.57622745
971	0.51241877
972	0.54951070
28	0.80142755
30	0.80756912
35	0.80375247
38	0.80359213
50	0.80634117
57	0.80529243
101	0.77763623
107	0.76664511
118	0.80725076
129	0.76080151
152	0.73535096
186	0.72706428
189	0.76917033
195	0.72043683
209	0.69985893
221	0.69988618
245	0.61380293
270	0.75937760
275	0.68816014
291	0.66567427
304	0.72779435
329	0.70447861
341	0.68191756
345	0.66062442
382	0.58813502
393	0.72624168
395	0.59620928
412	0.63467598
543	0.60379415
637	0.62158971
712	0.60512341
716	0.55716377
731	0.58808184
783	0.59323693
803	0.58773189
809	0.61103481
828	0.59314601
839	0.60146569
857	0.57432947
914	0.53865580
935	0.59674733
938	0.55502755
22	0.80756297
34	0.80724662
40	0.80609213
55	0.80234077
59	0.80485681
69	0.79997871
87	0.72471584
92	0.79824016
99	0.77698880
116	0.78295136
123	0.73916186
132	0.74401372
138	0.76337043
143	0.73312987
160	0.69419728
171	0.72262674
172	0.63326862
178	0.77698739
184	0.77345843
203	0.78372492
206	0.69480151
207	0.77545499
208	0.75346034
214	0.68828002
215	0.69584067
244	0.62463895
248	0.73346498
255	0.74806862
283	0.63070979
287	0.70363865
311	0.77446680
344	0.70584642
366	0.70632674
370	0.72178063
377	0.67958295
409	0.59595187
427	0.66959142
434	0.63958063
493	0.63412351
513	0.59461251
541	0.63962997
577	0.59239435
600	0.59523784
604	0.64492149
692	0.58878971
708	0.59313421
757	0.57546105
775	0.55880494
776	0.58384601
798	0.55233673
849	0.56822210
927	0.58856398
934	0.52271524
941	0.57059395
943	0.54000212
984	0.54940575
24	0.80463935
29	0.80709334
32	0.80736276
47	0.80674511
61	0.78594319
73	0.80512765
80	0.79857568
83	0.79246176
86	0.77563804
89	0.80022866
97	0.72342947
110	0.75742886
125	0.79124501
220	0.70216922
239	0.75848729
242	0.69378234
243	0.73648385
254	0.70831443
296	0.68773552
333	0.68032573
335	0.72386559
384	0.69198416
388	0.68885308
403	0.65536983
408	0.70568113
413	0.65091393
435	0.65292331
436	0.70985984
452	0.65930161
462	0.62670777
465	0.65539445
622	0.68597487
660	0.60201786
661	0.59390656
679	0.62353724
694	0.57897094
710	0.58972008
762	0.57970505
869	0.56298335
933	0.54728163
957	0.57493189
46	0.80487134
53	0.78021150
65	0.79542725
70	0.80329102
76	0.80205338
78	0.79175762
82	0.78628799
102	0.76908365
126	0.72274410
133	0.79433118
137	0.74672109
144	0.72571655
177	0.75729677
194	0.72533058
198	0.75238133
225	0.72209506
240	0.76410293
260	0.71265237
274	0.74656155
297	0.74121907
320	0.67948658
321	0.74571675
323	0.66542018
330	0.63795570
350	0.71033269
411	0.70759818
419	0.74515076
423	0.60296731
428	0.63083169
429	0.62799617
437	0.68759273
445	0.67647770
506	0.63343441
519	0.66021191
534	0.56334914
566	0.67753673
591	0.61618799
609	0.68278809
666	0.63464289
704	0.61261191
749	0.54429899
759	0.53685237
766	0.55755308
767	0.62868840
771	0.56467901
787	0.56342472
834	0.58471988
858	0.59471140
864	0.55547003
883	0.56717437
891	0.55915550
916	0.57599304
947	0.58469778
955	0.58533380
974	0.55104057
51	0.79846236
52	0.80086700
81	0.80324137
85	0.75175015
149	0.76317023
155	0.69580454
218	0.74589677
288	0.64781130
317	0.66605510
367	0.71452170
557	0.64614420
564	0.68721564
656	0.60030626
675	0.61339606
698	0.62662331
724	0.61951372
729	0.62248940
774	0.59493653
819	0.52479112
863	0.56296942
975	0.52973360
56	0.80045832
60	0.78166004
67	0.75936791
96	0.77546206
202	0.75123996
280	0.71825439
354	0.65649344
386	0.71291191
432	0.62139960
439	0.61818991
548	0.63934904
605	0.59447407
672	0.58123845
676	0.60104662
714	0.57779445
722	0.60160969
743	0.54071241
779	0.59218335
800	0.61883956
940	0.58311927
976	0.56977427
64	0.80611393
79	0.78977255
100	0.70794642
103	0.73084410
108	0.79382876
131	0.80300121
145	0.70569314
159	0.78251847
167	0.73950040
181	0.78639596
211	0.74013784
212	0.75853602
236	0.73088658
250	0.70786135
259	0.66776498
284	0.65008446
305	0.66659778
340	0.69570313
405	0.69061120
420	0.61933179
447	0.61761837
475	0.68280605
516	0.66752513
537	0.63828466
547	0.59110747
562	0.60643219
598	0.60449102
680	0.56153350
682	0.56993895
717	0.60414642
786	0.61134067
835	0.54984733
844	0.55260827
847	0.56881322
888	0.57496973
164	0.72271423
183	0.75525661
188	0.78374995
235	0.62734077
266	0.69482119
303	0.69228153
318	0.66370343
353	0.65253058
380	0.73389253
389	0.70484420
485	0.68094763
512	0.64557074
532	0.61441342
667	0.65477800
754	0.58892603
859	0.58824006
930	0.55433976
978	0.54812947
36	0.80618315
41	0.77952139
42	0.80280616
93	0.75417588
104	0.80390868
119	0.78458981
120	0.77810525
127	0.79137175
135	0.71015308
146	0.76188840
151	0.80292190
161	0.77739122
163	0.78502523
176	0.79505641
200	0.77745025
201	0.75535742
210	0.75292876
256	0.71900040
268	0.70593946
269	0.69524087
271	0.68979839
319	0.72012755
336	0.66485328
352	0.59722785
361	0.66334904
362	0.71509485
387	0.68784601
406	0.67153118
421	0.67910373
433	0.69775348
461	0.69848587
469	0.67560676
482	0.62298708
489	0.61210081
496	0.69481998
503	0.63554440
544	0.68660444
546	0.64547235
606	0.61776024
640	0.63898315
657	0.65086589
662	0.60178870
684	0.54811524
765	0.57742775
812	0.56373925
890	0.58073764
915	0.53635863
960	0.53110212
965	0.54851665
969	0.52649546
986	0.56686821
54	0.77992159
150	0.77455318
153	0.74172361
166	0.71170928
192	0.74027608
199	0.71170353
219	0.60273703
231	0.76032654
238	0.74475449
285	0.70892028
314	0.75287053
349	0.62655177
376	0.66252341
378	0.63125540
383	0.61687114
399	0.65415954
407	0.55413138
422	0.64017326
448	0.58172190
530	0.65072805
549	0.58377982
555	0.63274390
572	0.63560838
574	0.59637164
611	0.60298123
618	0.60785096
629	0.61425711
647	0.58701806
651	0.59723653
668	0.59643865
695	0.58357346
792	0.61379839
793	0.56402371
848	0.53844036
853	0.58052704
900	0.58233421
907	0.54571746
928	0.55190303
946	0.55660949
987	0.55590959
990	0.52494995
49	0.80510010
63	0.79744289
113	0.77191413
121	0.79601443
169	0.77072664
187	0.73017265
222	0.77650000
224	0.70747558
228	0.73786640
233	0.76884783
309	0.63161615
322	0.66289506
331	0.60617911
357	0.69533946
358	0.72001867
369	0.61485005
398	0.68706741
414	0.63670888
418	0.68231332
451	0.68630262
456	0.67723330
458	0.68444400
463	0.61579536
473	0.62420444
480	0.72050979
492	0.61398961
538	0.61195903
554	0.68065570
559	0.58659808
580	0.66367175
583	0.59515429
601	0.61765681
633	0.55795984
646	0.60994379
681	0.56348012
699	0.62550737
702	0.61934410
703	0.57837568
718	0.57397669
730	0.59778607
736	0.60940161
816	0.56419929
821	0.53604823
832	0.59582947
837	0.55342220
882	0.56928486
899	0.56703199
911	0.56476125
920	0.55198436
114	0.79598527
115	0.79557144
162	0.68372644
197	0.77625711
205	0.74494551
227	0.71670343
232	0.59963350
249	0.75010525
252	0.72328264
257	0.73916892
279	0.71802674
313	0.69679455
324	0.64802331
381	0.69518224
477	0.65345812
478	0.69816862
481	0.64831705
509	0.55282997
531	0.65414046
582	0.59871231
634	0.54466317
642	0.59376367
683	0.59020605
735	0.57435832
737	0.57556993
751	0.54792523
752	0.61736650
770	0.57387770
778	0.57778920
782	0.60811019
784	0.57547033
791	0.60708174
817	0.53470605
820	0.55351635
846	0.55064551
872	0.53433592
901	0.55815550
924	0.60271927
932	0.59093441
939	0.54210646
944	0.60168153
954	0.54691120
112	0.77892765
148	0.77635853
165	0.78174551
234	0.70458396
237	0.70148991
251	0.78425479
262	0.72862725
277	0.68550424
290	0.68965035
316	0.71817598
343	0.59885964
348	0.64425600
374	0.67785954
400	0.71752886
487	0.63562281
550	0.60140333
567	0.63411019
588	0.68461685
596	0.61555015
597	0.67342361
602	0.59568315
612	0.66630767
619	0.63040918
644	0.61718890
652	0.55742008
690	0.56591483
693	0.60392099
733	0.55878345
756	0.61692674
789	0.57766135
840	0.59339939
885	0.55700777
973	0.51846640
58	0.80688739
66	0.79519647
134	0.71060262
263	0.75095479
308	0.75169748
346	0.67721039
371	0.67965338
515	0.67626539
518	0.63606034
525	0.63010151
527	0.62507094
573	0.65203380
590	0.56195146
614	0.56973713
630	0.63169748
696	0.58377820
720	0.58555358
732	0.56601786
750	0.57680172
790	0.57490404
825	0.57105429
855	0.56785116
910	0.55465439
117	0.72865419
174	0.77195277
190	0.70846609
191	0.73546438
226	0.75855530
282	0.62471695
328	0.66016256
373	0.62007003
424	0.69852674
440	0.69750928
450	0.63260868
455	0.66402170
501	0.62837780
540	0.60980363
556	0.59221786
673	0.56010040
705	0.53566196
715	0.58185943
806	0.56012634
854	0.57814632
870	0.57388184
964	0.54211150
105	0.78776488
213	0.77050817
217	0.76052472
391	0.69167760
444	0.62432846
453	0.57308184
460	0.67080817
486	0.68614763
523	0.64102371
533	0.62679859
569	0.58883552
625	0.55561413
628	0.57923461
636	0.62431080
649	0.64662321
674	0.59593370
719	0.58056912
726	0.57772957
760	0.56733259
804	0.55340414
861	0.55777598
893	0.58983592
919	0.55512876
926	0.55922785
936	0.55261897
967	0.56026892
977	0.53514985
230	0.73886034
379	0.59412957
502	0.69145479
535	0.64693824
613	0.62309233
655	0.55236680
813	0.58644511
895	0.54700918
985	0.54442392
281	0.67209586
476	0.66386993
498	0.67488345
514	0.65195429
526	0.58113522
561	0.63391847
599	0.56295661
653	0.59275711
659	0.60330222
713	0.67403915
758	0.57684309
795	0.56810636
822	0.63807346
829	0.55878981
897	0.56244218
962	0.55865298
98	0.73093935
204	0.73855964
310	0.74300999
312	0.66096519
385	0.59881574
454	0.68966700
470	0.65830020
490	0.61810928
616	0.56722714
711	0.56907639
721	0.59053925
745	0.58612967
755	0.58344238
802	0.54191130
814	0.54359808
826	0.61220000
836	0.56674460
880	0.56045812
966	0.55254773
979	0.52527699
128	0.75208920
130	0.76012825
154	0.70450797
272	0.70973047
365	0.70501049
539	0.59093592
570	0.60402119
902	0.54106226
122	0.79585197
157	0.72477649
246	0.68059475
325	0.68873996
401	0.65235610
500	0.61522926
665	0.59642583
769	0.56916165
925	0.56242825
141	0.77576660
170	0.78442825
241	0.73767023
337	0.63562260
342	0.66472704
552	0.58467074
608	0.62722977
868	0.56824379
887	0.52430949
989	0.54388093
147	0.79741070
307	0.67392684
471	0.64739576
491	0.71272674
504	0.70585600
627	0.65870252
645	0.61555923
727	0.54331423
833	0.57155570
959	0.53586317
639	0.62106468
688	0.55296014
810	0.53661009
815	0.56971695
879	0.55852815
905	0.55209112
970	0.54236821
301	0.68037881
351	0.64193986
417	0.63741483
768	0.57618204
808	0.54700525
918	0.56128870
315	0.74866509
347	0.63074168
394	0.71162392
397	0.69629526
654	0.62600303
663	0.56890938
811	0.60509576
843	0.54041473
862	0.53746902
968	0.54156448
293	0.72661231
372	0.65045358
507	0.67777467
571	0.66151413
575	0.61397699
581	0.58834541
603	0.56509314
623	0.68614117
856	0.56217518
896	0.55063280
942	0.51319566
175	0.76872452
558	0.67976771
801	0.63559102
923	0.55253118
415	0.66407104
459	0.61397316
522	0.58224107
355	0.66869738
392	0.63318325
553	0.57708466
740	0.57986357
741	0.57740172
780	0.56641726
850	0.55509284
877	0.55603068
912	0.53782947
937	0.55005005
981	0.54764834
410	0.60965136
624	0.67267316
761	0.56518012
276	0.67829082
299	0.76318940
479	0.66047679
508	0.67880212
551	0.59461584
607	0.59702674
908	0.54443461
917	0.55689576
929	0.53363925
430	0.57285187
517	0.64856125
592	0.61255600
677	0.61708607
723	0.57899173
772	0.54490666
797	0.53731806
830	0.59166246
961	0.54620040
466	0.56109425
563	0.59357608
650	0.59347447
785	0.55936287
267	0.60508305
678	0.57555812
988	0.53471251
545	0.55013875
610	0.56063249
686	0.63793330
949	0.55676630
173	0.72536307
265	0.62972109
579	0.59382543
805	0.56932260
505	0.61191160
641	0.61440020
709	0.56164985
921	0.53297185
292	0.63124985
697	0.56718900
464	0.60900151
168	0.76395429
529	0.62154016
753	0.57403340
799	0.59222533
913	0.53923623
449	0.61656095
643	0.60646963
980	0.54663502
472	0.64411362
499	0.63743360
524	0.61741534
584	0.61011504
931	0.55509556
948	0.53984208
286	0.75848113
738	0.60711403
881	0.56124218
356	0.68410858
578	0.60232805
950	0.54786488
359	0.66460182
483	0.59364359
691	0.57869637
725	0.58364026
560	0.59891049
824	0.59660434
838	0.57372361
827	0.55670323
707	0.55050050
886	0.57549364
953	0.55833724
431	0.63921958
520	0.66373562
860	0.60045247
438	0.61440827
536	0.64686297
586	0.62130414
763	0.60707790
764	0.54339536
457	0.70591181
468	0.61631776
687	0.60045590
521	0.63273007
781	0.62638466
442	0.55980706
951	0.54021130
484	0.63102079
742	0.62219051
807	0.53134924
595	0.63867820
958	0.54554430
511	0.61658718
594	0.58015479
467	0.64706741
223	0.69317195
788	0.56449889
664	0.62899001
620	0.59127548
744	0.57247023
587	0.63884137
689	0.66210283
542	0.60117013
875	0.54866650
906	0.54315923
842	0.53127851
368	0.63546589
494	0.59721726
876	0.53663058
983	0.55308597
773	0.57033360
865	0.60721615
701	0.58394955
952	0.53181574
851	0.60405510
852	0.52385045
889	0.56838688
982	0.56827447
568	0.59448224
706	0.57487447
748	0.54987306
796	0.55621039
823	0.55518042
892	0.54468385
528	0.59314581
903	0.53454117
867	0.53185913
866	0.57934692
728	0.59619909
956	0.54798729
909	0.55535994
