0	17.94291369047646
1	19.960708333333496
10	19.980756944444614
12	20.00068948412716
14	20.00030654761922
21	19.98053373015891
35	20.00057440476208
44	19.980695436508125
53	20.00064980158747
55	20.000665674603354
67	19.960506944444624
71	19.98047718253985
73	20.000572420635102
93	20.000712301587473
96	20.000679563492238
114	20.000685515873194
116	20.00072023809541
117	20.00034325396843
120	20.000629960317642
144	20.000771825397003
148	20.000567460317633
152	20.000666666666838
160	20.00025297619065
177	20.000711309523982
182	20.000301587301742
187	20.000627976190643
188	20.000594246031905
193	20.000548611111288
203	20.000685515873194
204	20.00070535714303
222	20.000706349206517
225	20.000484126984293
226	20.000570436508113
231	20.000602182539843
273	20.000688492063656
274	20.00071031746049
285	20.00064781746048
289	20.000323412698584
293	19.960520833333504
325	20.000729166666847
340	20.00061111111129
343	20.000536706349372
360	20.000783730158915
364	20.000621031746206
374	20.000709325396997
378	20.0007599206351
400	20.000737103174774
404	20.000604166666836
411	20.00054265873032
412	20.000601190476353
419	20.000704365079525
422	20.000778769841453
436	20.000452380952552
448	20.000532738095416
450	20.00054265873032
465	20.000302579365243
468	20.000284722222382
486	20.0007103174605
494	20.000397817460488
501	20.000750992063665
502	20.000715277777953
516	20.000657738095406
519	20.00066170634938
535	20.000445436508112
546	20.000330357143028
559	20.000524801587478
565	20.00069742063509
570	20.00062599206367
578	20.000648809523984
581	20.000697420635095
587	20.000454365079523
605	20.000779761904933
606	20.00055158730177
610	20.000713293650964
620	20.00060119047638
657	20.000511904762064
675	20.00048015873034
700	20.000715277777953
712	20.00061309523826
720	20.000634920635093
725	20.000615079365254
726	20.000726190476353
728	20.000720238095408
730	20.00072519841287
737	20.000493055555722
739	20.000599206349364
745	20.000196428571602
758	20.000626984127162
788	20.00068948412717
789	20.000696428571608
803	20.000524801587463
806	20.00020436507954
816	20.000657738095413
839	20.000704365079535
843	20.00051984127001
849	20.000500000000184
858	20.00062103174619
886	20.00060813492079
892	20.000778769841443
900	20.000533730158896
906	20.000705357143033
907	20.00038095238113
917	20.000673611111278
945	20.000692460317634
953	20.000705357143012
968	20.00030059523826
977	20.000682539682717
983	20.000720238095422
997	20.000715277777957
998	20.00066765873033
2	19.972050595238386
20	19.97588988095261
24	19.97296329365062
57	19.978820436507938
65	19.98387103174616
70	19.972964285714106
72	19.98277281746028
79	19.966086309523703
97	19.979891865079562
111	19.96512499999973
135	19.971862103174878
140	19.97297619047603
142	19.97982738095257
145	19.974896825396875
174	19.972895833333173
181	19.97393253968249
186	19.972912698412532
195	19.964894841269587
197	19.971972222222504
219	19.976884920634713
220	19.96699305555554
232	19.964072420635134
235	19.978810515873015
248	19.985912698412555
253	19.973999007936467
263	19.97601884920657
271	19.965015873015613
272	19.976978174602948
281	19.980821428571165
283	19.976950396825167
288	19.96393452380974
299	19.975885912698637
337	19.96396329365101
344	19.97600297619071
352	19.972959325396676
353	19.97491666666673
366	19.981929563491917
368	19.973019841269668
369	19.98183531746017
380	19.976872023809282
382	19.986866071428512
384	19.97487500000004
394	19.974832341269888
395	19.986900793650747
409	19.974045634920593
414	19.980843253967972
420	19.978949404761885
421	19.97400099206344
429	19.97503273809532
433	19.97592063492086
452	19.963907738095443
458	19.978879960317478
461	19.967064484126958
471	19.978855158730173
472	19.97702876984103
532	19.96403571428593
533	19.975950396825603
544	19.981900793650645
548	19.9829067460317
550	19.970915674603276
554	19.985954365079206
561	19.96994543650793
579	19.96879761904746
590	19.97193948412725
597	19.974057539682484
608	19.965960317460205
614	19.97391567460312
625	19.966971230158702
640	19.98388591269853
641	19.968019841269992
651	19.983845238095373
655	19.977907738095137
673	19.977938492063405
679	19.975950396825635
701	19.98283234126981
705	19.978823412698404
707	19.970064484126972
721	19.971918650793924
727	19.973997023809492
736	19.970931547619134
738	19.981879960317308
740	19.980746031745774
744	19.979974206349397
750	19.97593055555578
755	19.978898809523812
779	19.9758541666669
790	19.984944444444157
811	19.968040674603305
813	19.983674603174723
821	19.97493353174606
825	19.97579563492087
829	19.97491170634924
875	19.976948412698196
876	19.986880952380893
877	19.97981051587321
883	19.967081349206303
898	19.96908928571414
899	19.965023809523544
935	19.96707242063488
939	19.977982142857055
944	19.97695138888868
960	19.98180257936493
967	19.980807539682267
979	19.979792658730354
984	19.969038690476047
1003	19.982849206349172
41	19.97807341269831
56	19.973823412698373
75	19.96981746031746
87	19.96212400793645
104	19.958919642857197
119	19.980783730158436
125	19.920060515872994
126	19.964048611111316
133	19.96096924603153
147	19.962068452380887
176	19.96796031746049
192	19.979964285714473
196	19.976828373015625
210	19.9700992063492
213	19.959880952381194
214	19.97377480158726
221	19.964099206349413
234	19.959810515873258
239	19.963969246031937
247	19.97289484126966
259	19.96205158730152
296	19.96600099206337
305	19.97707242063469
310	19.968084325396987
311	19.977861111111036
355	19.971823412698683
358	19.981970238095098
372	19.974790674603224
379	19.979827380952567
388	19.976036706349444
389	19.974935515873078
396	19.97757142857134
423	19.97599404761928
435	19.970876984127074
466	19.973981150793602
477	19.974768849206406
482	19.968982142857
498	19.978759920634918
500	19.95692162698397
503	19.96013392857169
505	19.97798710317451
506	19.97397023809518
513	19.969050595237935
537	19.971067460317563
552	19.962722222222265
573	19.980999007936223
584	19.980845238094943
588	19.981919642856997
602	19.96572718253957
603	19.97186805555582
607	19.968847222222074
624	19.968952380952228
627	19.962906746031784
638	19.94512003968248
644	19.96789384920651
656	19.97760317460309
663	19.96191666666662
668	19.971009920635016
686	19.97300496031728
687	19.96572817460306
690	19.97700099206325
704	19.971883928571703
708	19.9757033730161
716	19.97886507936508
734	19.97401587301583
747	19.969688492063487
753	19.93324503968255
756	19.969923611111106
759	19.974928571428784
760	19.960107142857403
771	19.97511011904784
814	19.97587202380973
844	19.956760912698257
855	19.970830357142958
857	19.96984920634922
871	19.975821428571667
890	19.985821428571263
905	19.96167559523805
913	19.94801587301622
916	19.948016865079726
927	19.970920634920713
932	19.921197420635036
964	19.971966269841534
965	19.973821428571384
966	19.965038690475936
969	19.974951388888925
974	19.973057539682348
976	19.981824404761767
994	19.970885912698513
3	19.95418948412701
11	19.97380059523806
27	19.96989186507936
33	19.96963392857143
69	19.970797619047733
94	19.942204365079508
127	19.986779761904693
163	19.973003968253796
209	19.97102777777787
238	19.967051587301572
252	19.97685317460296
270	19.975094246031794
275	19.955830357143153
309	19.976972222221992
314	19.974064484126952
319	19.96704563492061
326	19.977989087301506
336	19.940308531746506
375	19.970918650793735
397	19.971953373016163
399	19.96686607142854
410	19.96217063492055
432	19.985955357142693
451	19.97197817460345
454	19.96509424603147
457	19.964029761904968
478	19.98005158730178
481	19.976808531745803
492	19.961602182539597
510	19.974014880952353
541	19.95701388888875
566	19.95569543650825
567	19.973783730158672
569	19.975886904762135
596	19.980771825396577
600	19.981927579364935
616	19.97287698412681
622	19.971053571428666
626	19.98093551587272
649	19.97092162698425
666	19.974800595238136
677	19.964939484126717
681	19.976926587301367
713	19.96982837301589
718	19.953006944444336
741	19.978846230158744
766	19.971907738095517
797	19.977753968253886
822	19.976986111110882
828	19.966995039682512
834	19.976760912698172
841	19.949887896825448
848	19.97511805555561
889	19.97492757936515
929	19.979643849206525
942	19.96498313492037
951	19.976890873015652
971	19.960004960317715
980	19.96304960317463
996	19.967624007936656
1000	19.975857142857382
1001	19.979048611111132
4	19.968072420635085
15	19.98091765872986
38	19.974800595238147
45	19.972849206349025
46	19.953789682539718
60	19.973049603174417
61	19.970990079365173
77	19.977862103174516
81	19.97103373015883
86	19.97197123015901
89	19.971907738095528
95	19.97689087301564
112	19.976006944444684
113	19.973983134920577
122	19.961688492063445
132	19.956892857142698
139	19.971058531746124
155	19.97090277777789
161	19.97697321428548
166	19.96306746031749
184	19.97653571428551
208	19.96593749999989
212	19.97891765873018
224	19.976999999999762
227	19.970848214285805
261	19.9788511904762
266	19.982974206349162
276	19.969959325396847
277	19.974740079365144
295	19.95902579365087
312	19.97009523809523
320	19.964818452380705
321	19.96989781746033
323	19.95781547619045
328	19.973009920634752
331	19.95423511904765
356	19.96898115079349
391	19.97060912698423
392	19.9680813492065
408	19.964053571428767
417	19.972856150793465
430	19.97495932539689
431	19.945190476190405
456	19.932462301587158
480	19.969786706349208
487	19.95818154761902
496	19.970042658730154
522	19.963105158730176
523	19.96002480158756
529	19.98293948412694
542	19.98005753968273
553	19.96801587301603
560	19.968980158730023
564	19.97385317460313
604	19.955104166666793
609	19.980918650793367
621	19.981838293650657
628	19.976734126983896
637	19.976644841269604
645	19.958027777777758
646	19.98190277777763
647	19.9720228174606
658	19.951193452381066
671	19.96800396825413
719	19.974863095238153
724	19.96393353174624
749	19.96803968253985
780	19.967769841269977
781	19.9795734126986
808	19.966989087301542
818	19.96974603174602
827	19.96909523809509
830	19.977695436507833
840	19.964105158730366
850	19.97975198412715
866	19.96706746031743
868	19.978940476190488
869	19.98378968253982
873	19.97509424603181
879	19.96998809523808
928	19.938777777778036
930	19.97401190476186
936	19.971967261905053
952	19.965657738095118
958	19.983795634920757
978	19.9669226190476
989	19.962155753968197
990	19.967043650793645
5	19.967105158730135
28	19.93431051587257
88	19.977960317460248
110	19.938226190476364
121	19.950384920635052
141	19.9581577380952
172	19.95416567460322
236	19.97893154761905
286	19.979070436507957
318	19.935191468253663
330	19.956135912698727
345	19.965020833333075
349	19.970775793650876
377	19.97787202380944
398	19.98183035714272
402	19.96403273809542
439	19.968646825396682
446	19.962824404761935
455	19.978923611111114
464	19.97687896825374
470	19.962883928571454
507	19.972080357143142
525	19.971997023809802
534	19.965093253967996
592	19.970938492063585
598	19.974959325396878
599	19.956618055555406
612	19.96494940476165
633	19.973936507936465
634	19.97398710317457
669	19.965955357142747
689	19.96211309523803
703	19.97190873015903
710	19.9758660714288
731	19.974825396825466
752	19.959181547619107
754	19.97974702380971
770	19.977008928571195
792	19.973748015872985
794	19.971099206349333
802	19.96190277777773
836	19.965118055555294
864	19.973482142857097
878	19.978953373015873
880	19.98280952380948
891	19.962760912698442
911	19.967026785714275
921	19.976830357142635
922	19.96510119047592
933	19.96784226190492
934	19.970926587301687
937	19.958121031745996
956	19.964928571428324
972	19.980939484126708
981	19.970053571428565
6	19.97359126984124
22	19.97889384920637
62	19.960145833333602
98	19.950224206349244
105	19.962947420634944
115	19.957055555555403
118	19.971838293651082
159	19.961127976190255
169	19.94903670634913
178	19.973954365079315
194	19.98196130952367
199	19.961136904761688
233	19.974929563492108
241	19.958947420634995
254	19.968931547618897
265	19.977950396825328
267	19.97383730158727
291	19.958104166666644
307	19.979892857143046
327	19.968866071428405
342	19.962026785714226
367	19.96404662698433
440	19.974034722222186
460	19.96207142857137
467	19.968770833333167
585	19.952037698413026
648	19.966886904761886
660	19.959963293651033
665	19.968878968253836
694	19.96990575396824
696	19.97189484127011
697	19.97446329365085
733	19.97192460317488
735	19.96996428571429
746	19.968033730158876
772	19.957993055555537
776	19.964845238094963
791	19.971891865079645
881	19.943246031746256
884	19.982964285714232
896	19.973916666666618
912	19.965924603174518
925	19.977935515872947
931	19.982852182539617
940	19.97891170634918
947	19.957790674603142
959	19.954953373015996
986	19.967968253968408
7	19.97294246031728
39	19.97393650793646
63	19.96310615079368
123	19.969977182539687
138	19.965997023809418
157	19.974965277777827
211	19.980939484126694
218	19.957856150793646
256	19.975931547619275
268	19.982800595238064
313	19.972966269841095
322	19.952133928571747
324	19.97279166666648
329	19.97393253968251
359	19.957892857142827
385	19.971675595238384
393	19.95868948412706
416	19.978727182539707
425	19.975654761904977
538	19.969030753968113
577	19.958610119047684
631	19.974701388888963
636	19.978863095238083
654	19.97466666666672
674	19.970036706349205
714	19.97679960317439
715	19.972842261904564
743	19.962990079365103
748	19.977844246031665
784	19.967026785714243
815	19.95019742063497
863	19.960113095238334
993	19.96391567460338
1006	19.9689087301586
8	19.96598412698401
13	19.976840277777537
16	19.974663690476238
34	19.968812499999842
43	19.973948412698363
50	19.957053571428414
82	19.97464087301591
101	19.95498511904774
146	19.969993055555562
167	19.971111111111238
205	19.961123015872808
334	19.960867063491847
348	19.979928571428744
363	19.979848214285884
371	19.969953373015855
376	19.97189682539712
418	19.982947420634876
453	19.96294543650796
474	19.967989087301735
489	19.945153769841205
518	19.981982142856992
520	19.9718829365082
549	19.972798611110917
563	19.975950396825635
629	19.962052579365007
632	19.974919642857195
639	19.97003075396825
661	19.96696726190473
664	19.973978174603147
732	19.972773809523652
774	19.977933531745958
787	19.969723214285718
831	19.976968253968018
847	19.960096230158985
882	19.968100198412856
885	19.971024801587397
894	19.95815079365078
910	19.942047619047738
957	19.977801587301503
9	19.95414880952383
64	19.976720238095023
85	19.97589384920659
99	19.974904761904803
108	19.95517063492076
170	19.976841269841042
200	19.963093253968264
202	19.970946428571523
217	19.973018849206166
237	19.973932539682487
242	19.978888888888893
245	19.98389384920648
280	19.95715079365063
282	19.969015873015724
332	19.970925595238192
350	19.972908730158554
403	19.966057539682424
428	19.975869047619263
438	19.96198611111104
442	19.961999007936445
484	19.95705158730144
497	19.9610505952379
504	19.952129960317777
568	19.966747023809507
574	19.9384117063494
613	19.97501289682545
643	19.976906746031535
785	19.971935515873295
809	19.931427579364833
860	19.971972222222497
862	19.970959325396922
918	19.980972222221936
954	19.980612103174337
955	19.962018849206274
961	19.96580357142844
982	19.97312003968249
987	19.969935515873026
992	19.96997619047621
999	19.975782738095457
23	19.97643353174581
66	19.985901785714134
206	19.97889682539684
240	19.98064583333307
243	19.976924603174368
257	19.977854166666578
279	19.977626984126918
290	19.977842261904676
413	19.977939484126896
493	19.98201289682524
499	19.978037698412603
526	19.984782738094946
540	19.977728174603083
594	19.978791666666663
617	19.981919642857008
630	19.978917658730175
635	19.978702380952402
680	19.986740079365
684	19.97774206349198
693	19.985863095237956
695	19.977771825396722
699	19.982938492063454
702	19.977959325396718
709	19.977819444444343
742	19.981634920634818
757	19.980798611110835
805	19.977904761904675
832	19.977647817460227
852	19.97896825396827
870	19.98090575396798
914	19.977695436507844
919	19.978782738095248
36	19.971877976190747
42	19.96772619047634
52	19.97070238095248
58	19.96969047619047
83	19.978852182539665
91	19.975963293651017
106	19.964968253968
124	19.971842261905017
128	19.981780753968117
130	19.981961309523662
143	19.97873214285715
149	19.976732142856935
150	19.967900793650955
151	19.968878968253822
179	19.975085317460366
223	19.957078373015715
229	19.95608531746063
260	19.974948412698478
264	19.964058531746243
297	19.97702281746009
301	19.96993750000002
357	19.962055555555505
427	19.959204365079433
449	19.977692460317385
473	19.955150793650912
521	19.967932539682685
527	19.96498015872991
528	19.972855158729992
545	19.93038690476151
547	19.96394444444464
576	19.96793650793666
586	19.954905753968372
662	19.96870932539668
672	19.97297718253949
778	19.964050595238295
783	19.966051587301454
820	19.96007738095264
861	19.98388492063505
1005	19.939218253968523
78	19.978823412698407
109	19.973610119047564
164	19.977856150793563
168	19.977053571428335
180	19.98003273809543
201	19.979935515873215
294	19.973648809523777
304	19.97701091269818
341	19.980984126983834
373	19.977782738095154
387	19.97599503968278
441	19.977010912698187
508	19.977873015872927
530	19.976694444444224
575	19.973804563492028
583	19.978881944444435
619	19.974991071428622
670	19.9748065476191
688	19.974748015873082
767	19.97901785714287
769	19.978078373015773
796	19.975850198412925
874	19.977990079364993
893	19.97599206349228
897	19.97321130952378
19	19.942080357143
84	19.939126984127242
102	19.955205357142994
162	19.97493551587306
250	19.973004960317276
308	19.978994047619057
338	19.965103174602913
381	19.94825000000037
407	19.96307440476193
424	19.962969246031783
490	19.970913690476277
495	19.95182043650822
531	19.970035714285714
667	19.95591964285744
817	19.946160714285824
826	19.979047619047627
859	19.978814484126996
865	19.974911706349268
872	19.96962996031745
903	19.95912896825405
1002	19.958089285714255
30	19.969947420634927
40	19.969953373015883
49	19.96178174603168
80	19.972007936508223
153	19.97386408730153
191	19.974891865079403
287	19.975012896825426
292	19.965003968253704
383	19.96507837301561
437	19.971052579365185
512	19.976984126983897
571	19.977962301587212
615	19.97007936507938
692	19.978846230158737
775	19.98088988095211
800	19.97595734127008
801	19.97989484127004
804	19.96173214285708
812	19.980873015872742
819	19.97384325396822
833	19.960820436507728
842	19.976008928571662
845	19.96414682539704
887	19.973018849206174
895	19.978961309523815
920	19.97796527777768
926	19.97003373015874
946	19.972058531746317
18	19.938199404762077
32	19.962935515873045
59	19.97275595238079
158	19.976932539682316
175	19.96589682539671
185	19.961871031745964
189	19.92437400793644
370	19.965900793650672
443	19.96003769841295
459	19.978018849206258
476	19.978757936507947
483	19.955009920635074
591	19.97098710317469
593	19.97286706349188
698	19.9700625
706	19.97604464285738
853	19.961031746031548
924	19.98372023809537
47	19.972074404762193
92	19.96393948412718
156	19.969951388888887
298	19.965074404761648
335	19.964968253968
362	19.965010912698173
485	19.977796626984052
676	19.97800099206341
786	19.97077876984135
807	19.97095932539691
846	19.967932539682675
856	19.96390873015893
908	19.975960317460554
941	19.974822420634958
962	19.976866071428347
1004	19.96885813492048
17	19.962847222222265
165	19.970967261904853
228	19.968872023809393
246	19.952978174603064
251	19.96299503968258
317	19.971887896825663
434	19.973987103174565
462	19.965944444444332
536	19.960011904762155
556	19.972936507936325
562	19.971963293651072
582	19.96779861111127
652	19.97186706349234
763	19.96701388888887
768	19.971759920635208
915	19.95300694444434
975	19.95566369047649
25	19.966995039682512
51	19.969944444444433
129	19.9601309523812
136	19.978911706349226
154	19.977048611110874
190	19.96887301587286
216	19.959079365079432
303	19.971906746032023
306	19.94300396825421
316	19.96802380952396
354	19.96697519841268
415	19.97497718253973
524	19.9779781746031
762	19.973966269841227
765	19.96074007936489
798	19.95507341269853
823	19.972909722222045
867	19.969030753968106
988	19.96174007936502
54	19.971873015873314
76	19.969827380952378
171	19.976992063491842
262	19.958639880952454
269	19.960924603174394
333	19.971857142857413
351	19.970058531746023
426	19.9707400793652
445	19.97772718253961
555	19.97477976190481
623	19.961046626983908
782	19.97092857142867
793	19.95714682539665
837	19.975984126984372
902	19.964002976190688
909	19.946843253968435
90	19.965849206349084
347	19.978019841269766
405	19.97292162698393
509	19.957120039682376
539	19.973988095238056
595	19.963950396825602
618	19.953051587301477
659	19.951096230158893
678	19.981008928571132
682	19.956672619047467
923	19.972925595237925
950	19.972828373015684
37	19.970973214285817
284	19.978939484126993
300	19.957859126984093
401	19.96872619047606
475	19.978936507936506
515	19.969903769841274
653	19.968994047618896
717	19.96292757936509
761	19.96508432539656
31	19.960883928571235
173	19.973899801587265
339	19.96808630952398
390	19.965967261904638
764	19.96484722222199
48	19.97396726190471
74	19.939226190476464
100	19.971016865079466
103	19.97695138888866
137	19.94807738095273
278	19.963753968254185
346	19.960937499999808
444	19.958852182539758
558	19.96119345238074
685	19.9521656746035
691	19.962065476190407
777	19.958956349206403
901	19.966077380952257
970	19.976859126983893
991	19.971815476190752
107	19.96694642857139
365	19.960209325397084
543	19.968733134920498
580	19.945074404761844
948	19.956639880952213
258	19.95596924603204
406	19.97678670634898
723	19.97259920634902
795	19.97099702380964
851	19.966170634920523
854	19.972989087301382
995	19.974831349206372
1007	19.97595138888912
26	19.972064484127262
215	19.96887301587287
447	19.970082341269855
589	19.97597023809547
810	19.968935515872875
963	19.95406746031749
134	19.955919642857427
183	19.96779861111126
198	19.959003968254063
386	19.97397718253964
551	19.96012500000026
361	19.95591567460347
511	19.962096230158664
683	19.968880952380804
29	19.974668650793706
479	19.974955357142925
491	19.938363095238277
642	19.962805555555583
773	19.96405456349228
888	19.975962301587533
68	19.96400793650815
255	19.96211011904754
838	19.974893849206413
949	19.950113095238148
315	19.97886210317462
711	19.974779761904813
943	19.963906746031938
207	19.973047619047424
904	19.978870039682548
557	19.93903670634947
650	19.960091269841527
799	19.97483730158735
230	19.967023809523806
469	19.964795634920375
302	19.96249801587304
572	19.97100496031757
729	19.96000793650819
835	19.975802579365304
249	19.97580753968277
488	19.9638878968256
611	19.976773809523575
722	19.961124007936306
751	19.96204960317454
973	19.969865079365082
938	19.978935515873015
985	19.95799206349205
244	19.959920634920884
131	19.97274007936491
824	19.941262896825386
517	19.979952380952568
514	19.973782738095196
601	19.96698313492063
463	19.96786111111127
