0	20.00095328884652
19	20.00095328884652
33	20.00095328884652
37	20.0
41	20.00095328884652
46	20.0
50	20.00095328884652
88	20.00095328884652
104	20.00095328884652
109	20.00095328884652
120	20.00095328884652
133	20.00095328884652
138	20.00095328884652
139	20.0
153	20.00095328884652
179	20.00095328884652
188	20.00095328884652
197	20.0
202	20.00095328884652
232	20.00095328884652
252	20.00095328884652
259	20.00095328884652
279	20.00095328884652
297	20.00095328884652
299	20.00095328884652
304	20.00095328884652
315	20.00095328884652
342	20.0
343	20.00095328884652
347	20.00095328884652
364	20.00095328884652
376	20.0
381	20.00095328884652
382	20.00095328884652
396	20.00095328884652
400	20.00095328884652
417	20.00095328884652
427	20.00095328884652
431	20.00095328884652
446	20.00095328884652
461	20.00095328884652
471	20.00095328884652
501	20.00095328884652
504	20.00095328884652
522	20.00095328884652
538	20.00095328884652
542	20.00095328884652
560	20.00095328884652
562	20.00095328884652
569	20.00095328884652
573	20.00095328884652
580	20.0
590	20.00095328884652
601	20.00095328884652
640	20.00095328884652
670	20.00095328884652
671	20.00095328884652
677	20.00095328884652
699	20.00095328884652
702	20.00095328884652
712	20.00095328884652
714	20.00095328884652
718	20.0
720	20.00095328884652
751	20.00095328884652
753	20.00095328884652
757	20.00095328884652
785	20.00095328884652
796	20.00095328884652
809	20.00095328884652
835	20.0
839	20.00095328884652
841	20.00095328884652
851	20.00095328884652
853	20.00095328884652
873	20.00095328884652
882	20.00095328884652
887	20.00095328884652
888	20.00095328884652
902	20.00095328884652
911	20.00095328884652
920	20.00095328884652
923	20.00095328884652
937	20.00095328884652
946	20.00095328884652
950	19.98093422306959
966	20.00095328884652
967	20.00095328884652
975	20.0
976	20.00095328884652
978	20.00095328884652
979	20.00095328884652
982	20.00095328884652
987	20.00095328884652
988	20.00095328884652
990	20.00095328884652
995	20.00095328884652
1003	20.00095328884652
1009	20.00095328884652
1015	20.00095328884652
1048	20.00095328884652
1	19.970448045757863
23	19.96377502383222
36	19.98093422306959
42	19.985700667302194
68	19.98188751191611
73	19.954242135367018
79	19.985700667302194
92	19.979027645376547
101	19.966634890371783
128	19.96472831267874
143	19.98093422306959
149	19.97712106768351
151	19.98379408960915
156	19.979027645376547
194	19.975214489990467
196	19.976167778836988
198	19.968541468064824
209	19.95900857959962
213	19.98379408960915
220	19.92945662535748
227	19.976167778836988
242	19.957102001906577
269	19.990467111534794
277	19.966634890371783
296	19.987607244995232
302	19.971401334604387
306	19.971401334604387
325	19.950428979980934
327	19.98093422306959
329	19.95996186844614
332	19.984747378455673
340	19.96472831267874
378	19.969494756911345
388	19.985700667302194
429	19.96091515729266
430	19.98379408960915
432	19.96568160152526
436	19.973307912297425
444	19.972354623450904
447	19.972354623450904
453	19.986653956148714
464	19.95900857959962
475	19.974261201143946
479	19.967588179218303
486	19.958055290753098
511	19.98284080076263
514	19.969494756911345
529	19.979027645376547
535	19.986653956148714
567	19.95900857959962
594	19.97807435653003
596	19.970448045757863
604	19.985700667302194
610	19.985700667302194
619	19.95996186844614
622	19.986653956148714
629	19.970448045757863
630	19.97998093422307
665	19.950428979980934
669	19.95900857959962
679	19.961868446139178
684	19.979027645376547
725	19.961868446139178
726	19.97998093422307
736	19.948522402287892
741	19.96091515729266
750	19.971401334604387
760	19.984747378455673
772	19.98093422306959
779	19.96568160152526
789	19.966634890371783
800	19.962821734985702
824	19.98284080076263
827	19.97712106768351
831	19.96472831267874
844	19.988560533841756
852	19.985700667302194
870	19.968541468064824
879	19.987607244995232
885	19.988560533841756
901	19.974261201143946
904	19.96568160152526
910	19.986653956148714
913	19.968541468064824
922	19.958055290753098
954	19.985700667302194
961	19.95900857959962
970	19.986653956148714
971	19.986653956148714
973	19.97807435653003
983	19.97712106768351
985	19.984747378455673
1014	19.967588179218303
1020	19.986653956148714
1022	19.967588179218303
1044	19.988560533841756
1046	19.976167778836988
2	19.984747378455673
8	19.985700667302194
24	19.98284080076263
65	19.96568160152526
85	19.97712106768351
100	19.987607244995232
111	19.96377502383222
113	19.961868446139178
114	19.96568160152526
160	19.975214489990467
172	19.970448045757863
185	19.987607244995232
187	19.98093422306959
189	19.98284080076263
219	19.954242135367018
226	19.961868446139178
228	19.95900857959962
236	19.984747378455673
248	19.966634890371783
263	19.944709246901812
267	19.986653956148714
274	19.987607244995232
276	19.975214489990467
284	19.98284080076263
293	19.98379408960915
294	19.968541468064824
305	19.966634890371783
312	19.98379408960915
313	19.98379408960915
322	19.984747378455673
344	19.987607244995232
357	19.97807435653003
360	19.98284080076263
372	19.976167778836988
377	19.98379408960915
403	19.976167778836988
409	19.976167778836988
439	19.966634890371783
442	19.96377502383222
450	19.98188751191611
455	19.956148713060056
458	19.979027645376547
470	19.984747378455673
495	19.986653956148714
496	19.97998093422307
497	19.958055290753098
499	19.928503336510964
500	19.971401334604387
507	19.985700667302194
513	19.972354623450904
524	19.97998093422307
525	19.96568160152526
534	19.987607244995232
546	19.97712106768351
551	19.985700667302194
581	19.966634890371783
583	19.98379408960915
627	19.989513822688274
650	19.97807435653003
653	19.967588179218303
658	19.970448045757863
674	19.990467111534794
693	19.98379408960915
698	19.97807435653003
700	19.985700667302194
731	19.967588179218303
734	19.970448045757863
745	19.975214489990467
748	19.975214489990467
765	19.985700667302194
771	19.987607244995232
780	19.974261201143946
788	19.97807435653003
795	19.985700667302194
829	19.972354623450904
836	19.973307912297425
845	19.987607244995232
846	19.98379408960915
858	19.961868446139178
865	19.971401334604387
871	19.974261201143946
883	19.971401334604387
895	19.94184938036225
914	19.98093422306959
935	19.984747378455673
942	19.985700667302194
957	19.97998093422307
968	19.96091515729266
969	19.897044804575785
980	19.979027645376547
986	19.972354623450904
1001	19.972354623450904
1010	19.974261201143946
1039	19.96472831267874
1041	19.97998093422307
1042	19.928503336510964
1047	19.975214489990467
3	19.98188751191611
17	19.986653956148714
32	19.989513822688274
51	19.971401334604387
64	19.974261201143946
70	19.961868446139178
77	19.972354623450904
86	19.975214489990467
96	19.969494756911345
121	19.956148713060056
129	19.98093422306959
142	19.986653956148714
154	19.97807435653003
166	19.97712106768351
180	19.967588179218303
206	19.98093422306959
222	19.990467111534794
225	19.971401334604387
272	19.939942802669208
318	19.984747378455673
345	19.961868446139178
346	19.96377502383222
362	19.98379408960915
369	19.928503336510964
391	19.96377502383222
411	19.989513822688274
418	19.985700667302194
421	19.947569113441375
440	19.984747378455673
478	19.96568160152526
482	19.979027645376547
498	19.945662535748333
527	19.989513822688274
543	19.97998093422307
555	19.96472831267874
556	19.984747378455673
572	19.954242135367018
577	19.97807435653003
597	19.96568160152526
607	19.96377502383222
615	19.98188751191611
623	19.957102001906577
631	19.986653956148714
634	19.98379408960915
645	19.961868446139178
646	19.979027645376547
656	19.94089609151573
657	19.985700667302194
659	19.953288846520493
660	19.97712106768351
713	19.985700667302194
770	19.98284080076263
781	19.97998093422307
786	19.990467111534794
791	19.951382268827455
806	19.98284080076263
826	19.967588179218303
834	19.987607244995232
840	19.95900857959962
847	19.97998093422307
864	19.968541468064824
890	19.967588179218303
905	19.98093422306959
936	19.98284080076263
941	19.956148713060056
944	19.984747378455673
953	19.97998093422307
962	19.986653956148714
994	19.984747378455673
998	19.938036224976166
1012	19.973307912297425
1016	19.98188751191611
1019	19.98093422306959
1034	19.957102001906577
1040	19.95996186844614
4	19.970448045757863
10	19.987607244995232
16	19.972354623450904
38	19.951382268827455
67	19.985700667302194
94	19.947569113441375
99	19.969494756911345
106	19.955195424213535
115	19.955195424213535
123	19.971401334604387
157	19.947569113441375
174	19.975214489990467
186	19.986653956148714
212	19.990467111534794
249	19.967588179218303
257	19.98284080076263
258	19.988560533841756
261	19.974261201143946
275	19.98093422306959
282	19.967588179218303
349	19.984747378455673
350	19.97807435653003
361	19.985700667302194
380	19.98093422306959
397	19.985700667302194
410	19.948522402287892
473	19.98284080076263
493	19.949475691134413
541	19.974261201143946
570	19.98379408960915
605	19.98093422306959
613	19.985700667302194
638	19.979027645376547
643	19.969494756911345
644	19.96568160152526
654	19.974261201143946
687	19.97712106768351
696	19.968541468064824
697	19.94280266920877
722	19.98093422306959
740	19.975214489990467
749	19.961868446139178
769	19.948522402287892
808	19.979027645376547
833	19.98093422306959
848	19.970448045757863
932	19.974261201143946
964	19.97712106768351
997	19.969494756911345
1017	19.969494756911345
5	19.971401334604387
15	19.986653956148714
45	19.972354623450904
69	19.95900857959962
87	19.949475691134413
110	19.988560533841756
116	19.97807435653003
146	19.956148713060056
163	19.967588179218303
176	19.984747378455673
205	19.97807435653003
251	19.96091515729266
255	19.94280266920877
264	19.98379408960915
270	19.984747378455673
286	19.975214489990467
290	19.973307912297425
303	19.952335557673976
307	19.96377502383222
335	19.944709246901812
358	19.987607244995232
416	19.985700667302194
437	19.97807435653003
459	19.97712106768351
465	19.979027645376547
469	19.96568160152526
472	19.971401334604387
492	19.96568160152526
503	19.96568160152526
508	19.97998093422307
521	19.979027645376547
533	19.984747378455673
539	19.972354623450904
544	19.95996186844614
552	19.987607244995232
568	19.986653956148714
582	19.971401334604387
584	19.968541468064824
586	19.961868446139178
649	19.98284080076263
655	19.98284080076263
661	19.97998093422307
662	19.989513822688274
663	19.935176358436607
664	19.986653956148714
676	19.97998093422307
680	19.984747378455673
694	19.98379408960915
708	19.97712106768351
709	19.990467111534794
710	19.97998093422307
716	19.966634890371783
767	19.966634890371783
813	19.962821734985702
825	19.976167778836988
830	19.991420400381315
867	19.98188751191611
886	19.968541468064824
963	19.956148713060056
974	19.96377502383222
1007	19.979027645376547
1027	19.984747378455673
1036	19.961868446139178
1038	19.98284080076263
6	19.98188751191611
27	19.988560533841756
48	19.966634890371783
53	19.976167778836988
58	19.97998093422307
72	19.975214489990467
76	19.98379408960915
130	19.98188751191611
132	19.95996186844614
135	19.972354623450904
164	19.969494756911345
169	19.984747378455673
178	19.974261201143946
200	19.985700667302194
214	19.990467111534794
216	19.984747378455673
237	19.95900857959962
238	19.966634890371783
244	19.985700667302194
247	19.935176358436607
254	19.979027645376547
268	19.984747378455673
273	19.990467111534794
283	19.971401334604387
292	19.989513822688274
316	19.988560533841756
321	19.98379408960915
337	19.984747378455673
356	19.979027645376547
383	19.970448045757863
393	19.974261201143946
401	19.967588179218303
441	19.985700667302194
460	19.98093422306959
505	19.970448045757863
566	19.985700667302194
624	19.987607244995232
666	19.967588179218303
717	19.990467111534794
735	19.986653956148714
747	19.986653956148714
777	19.98284080076263
797	19.96472831267874
816	19.976167778836988
817	19.97807435653003
856	19.968541468064824
875	19.97998093422307
891	19.966634890371783
893	19.984747378455673
906	19.96377502383222
921	19.96568160152526
949	19.96472831267874
951	19.96568160152526
992	19.98093422306959
1013	19.98093422306959
1021	19.96472831267874
1026	19.97998093422307
1029	19.984747378455673
7	19.94280266920877
18	19.96568160152526
49	19.979027645376547
59	19.95900857959962
61	19.987607244995232
83	19.97712106768351
107	19.97712106768351
117	19.984747378455673
118	19.950428979980934
161	19.971401334604387
170	19.976167778836988
181	19.98188751191611
183	19.991420400381315
217	19.98379408960915
271	19.97807435653003
289	19.97998093422307
301	19.98379408960915
330	19.985700667302194
339	19.985700667302194
384	19.984747378455673
449	19.984747378455673
451	19.976167778836988
462	19.98379408960915
468	19.98379408960915
506	19.98379408960915
519	19.98188751191611
549	19.975214489990467
561	19.97998093422307
602	19.98284080076263
603	19.972354623450904
606	19.957102001906577
618	19.95996186844614
689	19.96568160152526
692	19.987607244995232
768	19.98188751191611
774	19.966634890371783
776	19.97807435653003
799	19.97712106768351
802	19.96377502383222
810	19.95900857959962
860	19.98379408960915
880	19.984747378455673
898	19.950428979980934
930	19.97998093422307
958	19.984747378455673
1008	19.948522402287892
1018	19.98284080076263
1031	19.98379408960915
11	19.969494756911345
20	19.98188751191611
21	19.96377502383222
31	19.984747378455673
43	19.968541468064824
44	19.991420400381315
95	19.986653956148714
119	19.96568160152526
125	19.97712106768351
147	19.985700667302194
158	19.973307912297425
165	19.974261201143946
182	19.98379408960915
211	19.970448045757863
231	19.97807435653003
233	19.98093422306959
250	19.969494756911345
287	19.939942802669208
288	19.984747378455673
309	19.969494756911345
320	19.962821734985702
348	19.970448045757863
351	19.976167778836988
379	19.952335557673976
412	19.969494756911345
428	19.985700667302194
433	19.918017159199238
467	19.94184938036225
483	19.986653956148714
547	19.96472831267874
563	19.966634890371783
599	19.987607244995232
625	19.972354623450904
682	19.98093422306959
746	19.984747378455673
759	19.985700667302194
782	19.938036224976166
794	19.966634890371783
798	19.975214489990467
855	19.969494756911345
878	19.96472831267874
884	19.985700667302194
917	19.98284080076263
945	19.97998093422307
1028	19.949475691134413
1037	19.969494756911345
1043	19.95996186844614
9	19.97807435653003
26	19.961868446139178
39	19.96091515729266
71	19.985700667302194
89	19.951382268827455
103	19.970448045757863
108	19.984747378455673
126	19.947569113441375
145	19.97807435653003
150	19.979027645376547
192	19.972354623450904
235	19.973307912297425
256	19.98284080076263
280	19.94089609151573
295	19.972354623450904
298	19.96568160152526
338	19.987607244995232
367	19.966634890371783
386	19.987607244995232
389	19.985700667302194
394	19.96091515729266
413	19.973307912297425
419	19.97807435653003
438	19.950428979980934
484	19.975214489990467
491	19.985700667302194
494	19.974261201143946
515	19.94375595805529
608	19.97998093422307
620	19.985700667302194
673	19.96091515729266
678	19.990467111534794
685	19.97998093422307
711	19.985700667302194
732	19.97807435653003
754	19.972354623450904
756	19.985700667302194
758	19.96377502383222
803	19.97807435653003
805	19.98093422306959
832	19.967588179218303
859	19.961868446139178
915	19.971401334604387
925	19.986653956148714
929	19.95900857959962
940	19.976167778836988
1004	19.96377502383222
22	19.979027645376547
74	19.94280266920877
84	19.97807435653003
97	19.968541468064824
159	19.984747378455673
167	19.97998093422307
175	19.98093422306959
193	19.98188751191611
203	19.987607244995232
229	19.951382268827455
243	19.974261201143946
285	19.962821734985702
363	19.973307912297425
370	19.985700667302194
387	19.985700667302194
426	19.97998093422307
443	19.96377502383222
518	19.962821734985702
531	19.98188751191611
611	19.961868446139178
648	19.96568160152526
695	19.979027645376547
761	19.987607244995232
784	19.956148713060056
814	19.985700667302194
822	19.986653956148714
907	19.958055290753098
934	19.979027645376547
948	19.95900857959962
999	19.952335557673976
13	19.96377502383222
14	19.984747378455673
28	19.967588179218303
40	19.98188751191611
55	19.98188751191611
80	19.95996186844614
134	19.974261201143946
162	19.98188751191611
221	19.98093422306959
223	19.98093422306959
234	19.976167778836988
246	19.976167778836988
262	19.969494756911345
319	19.96472831267874
420	19.94280266920877
457	19.98379408960915
489	19.98284080076263
530	19.968541468064824
532	19.986653956148714
537	19.990467111534794
540	19.98093422306959
576	19.97807435653003
579	19.96472831267874
585	19.979027645376547
635	19.96091515729266
636	19.96091515729266
642	19.96377502383222
652	19.98284080076263
667	19.986653956148714
675	19.947569113441375
691	19.985700667302194
703	19.961868446139178
719	19.984747378455673
737	19.961868446139178
763	19.956148713060056
766	19.958055290753098
773	19.957102001906577
820	19.98188751191611
868	19.94375595805529
918	19.97712106768351
938	19.96568160152526
1033	19.955195424213535
12	19.97998093422307
47	19.90085795996187
54	19.97712106768351
75	19.962821734985702
127	19.97807435653003
152	19.985700667302194
171	19.971401334604387
184	19.969494756911345
239	19.949475691134413
241	19.987607244995232
291	19.984747378455673
324	19.97807435653003
333	19.961868446139178
373	19.966634890371783
435	19.97998093422307
448	19.968541468064824
502	19.985700667302194
591	19.956148713060056
626	19.96091515729266
721	19.968541468064824
764	19.957102001906577
821	19.988560533841756
823	19.990467111534794
828	19.967588179218303
872	19.955195424213535
876	19.98188751191611
896	19.984747378455673
996	19.98188751191611
29	19.98284080076263
82	19.970448045757863
140	19.985700667302194
168	19.97712106768351
204	19.96377502383222
300	19.987607244995232
334	19.973307912297425
341	19.971401334604387
395	19.94280266920877
452	19.98379408960915
481	19.97998093422307
485	19.976167778836988
516	19.972354623450904
550	19.973307912297425
559	19.984747378455673
587	19.98379408960915
621	19.97807435653003
681	19.98284080076263
807	19.984747378455673
889	19.984747378455673
928	19.97998093422307
1002	19.98284080076263
1024	19.969494756911345
30	19.95996186844614
62	19.938036224976166
66	19.966634890371783
78	19.971401334604387
191	19.990467111534794
201	19.953288846520493
230	19.961868446139178
353	19.98093422306959
355	19.97807435653003
359	19.973307912297425
385	19.954242135367018
390	19.976167778836988
402	19.970448045757863
463	19.956148713060056
536	19.972354623450904
545	19.96568160152526
554	19.97807435653003
641	19.984747378455673
686	19.915157292659675
688	19.947569113441375
724	19.989513822688274
727	19.97998093422307
762	19.984747378455673
778	19.951382268827455
881	19.98093422306959
908	19.967588179218303
912	19.984747378455673
1005	19.976167778836988
1006	19.967588179218303
1023	19.97807435653003
1032	19.95900857959962
218	19.98093422306959
331	19.972354623450904
368	19.970448045757863
371	19.96472831267874
404	19.979027645376547
414	19.973307912297425
415	19.958055290753098
424	19.973307912297425
476	19.971401334604387
520	19.967588179218303
553	19.986653956148714
558	19.968541468064824
705	19.96377502383222
730	19.95900857959962
733	19.96377502383222
801	19.98379408960915
1025	19.969494756911345
1030	19.985700667302194
34	19.97712106768351
60	19.96091515729266
112	19.98093422306959
137	19.972354623450904
195	19.970448045757863
199	19.948522402287892
365	19.97807435653003
366	19.94375595805529
434	19.984747378455673
480	19.972354623450904
487	19.95900857959962
510	19.947569113441375
564	19.98188751191611
574	19.961868446139178
575	19.966634890371783
598	19.971401334604387
612	19.979027645376547
690	19.967588179218303
815	19.975214489990467
842	19.967588179218303
874	19.98284080076263
900	19.989513822688274
977	19.989513822688274
1011	19.962821734985702
93	19.972354623450904
98	19.9256434699714
131	19.975214489990467
155	19.971401334604387
177	19.979027645376547
190	19.984747378455673
215	19.98188751191611
317	19.98093422306959
328	19.98188751191611
408	19.96091515729266
423	19.96091515729266
445	19.979027645376547
512	19.949475691134413
593	19.988560533841756
633	19.979027645376547
668	19.97807435653003
899	19.987607244995232
952	19.98379408960915
1045	19.97712106768351
35	19.95996186844614
141	19.973307912297425
148	19.984747378455673
281	19.96568160152526
565	19.966634890371783
578	19.966634890371783
600	19.962821734985702
715	19.971401334604387
738	19.973307912297425
755	19.987607244995232
819	19.98188751191611
857	19.987607244995232
869	19.97998093422307
877	19.957102001906577
981	19.98188751191611
1000	19.96568160152526
52	19.991420400381315
91	19.974261201143946
260	19.976167778836988
266	19.98284080076263
375	19.98284080076263
405	19.987607244995232
683	19.986653956148714
793	19.986653956148714
903	19.992373689227836
926	19.979027645376547
960	19.987607244995232
972	19.989513822688274
81	19.984747378455673
102	19.96377502383222
173	19.948522402287892
422	19.96472831267874
523	19.98188751191611
557	19.98188751191611
651	19.97807435653003
804	19.966634890371783
837	19.97807435653003
894	19.975214489990467
919	19.986653956148714
924	19.96472831267874
927	19.96568160152526
947	19.98379408960915
245	19.97807435653003
398	19.949475691134413
406	19.956148713060056
407	19.96472831267874
474	19.98284080076263
548	19.949475691134413
617	19.984747378455673
628	19.979027645376547
892	19.97807435653003
909	19.98284080076263
956	19.970448045757863
991	19.953288846520493
25	19.95900857959962
207	19.944709246901812
352	19.972354623450904
392	19.97712106768351
589	19.96568160152526
639	19.966634890371783
787	19.988560533841756
862	19.948522402287892
965	19.936129647283128
989	19.97998093422307
63	19.98379408960915
122	19.969494756911345
210	19.96472831267874
354	19.972354623450904
647	19.967588179218303
729	19.94089609151573
752	19.98284080076263
863	19.972354623450904
866	19.954242135367018
314	19.98093422306959
466	19.972354623450904
614	19.96377502383222
616	19.98188751191611
838	19.939942802669208
916	19.986653956148714
943	19.989513822688274
240	19.966634890371783
311	19.967588179218303
490	19.96568160152526
632	19.96472831267874
707	19.98379408960915
897	19.98379408960915
931	19.95996186844614
939	19.97807435653003
136	19.96472831267874
253	19.979027645376547
278	19.967588179218303
723	19.96377502383222
265	19.972354623450904
790	19.979027645376547
811	19.984747378455673
955	19.96377502383222
1035	19.979027645376547
456	19.97998093422307
509	19.954242135367018
792	19.952335557673976
144	19.976167778836988
308	19.96568160152526
425	19.986653956148714
571	19.962821734985702
637	19.94375595805529
933	19.971401334604387
850	19.96377502383222
477	19.986653956148714
528	19.972354623450904
744	19.984747378455673
984	19.91992373689228
374	19.985700667302194
592	19.97712106768351
812	19.986653956148714
818	19.989513822688274
224	19.974261201143946
609	19.98379408960915
704	19.95996186844614
843	19.98379408960915
323	19.967588179218303
336	19.970448045757863
993	19.98379408960915
124	19.969494756911345
517	19.98284080076263
959	19.96091515729266
454	19.98093422306959
526	19.949475691134413
861	19.969494756911345
90	19.962821734985702
743	19.961868446139178
310	19.96377502383222
488	19.96472831267874
595	19.97807435653003
706	19.98093422306959
105	19.979027645376547
208	19.966634890371783
588	19.973307912297425
739	19.92278360343184
701	19.957102001906577
57	19.98284080076263
783	19.972354623450904
399	19.972354623450904
326	19.98093422306959
728	19.95996186844614
56	19.97712106768351
775	19.95996186844614
854	19.96377502383222
672	19.98093422306959
742	19.979027645376547
849	19.97712106768351
