0	18.023112200435495
2	20.00068736383412
3	19.980722222221914
35	20.00052941176439
37	20.00070152505416
48	20.000765795206664
69	20.00065468409556
72	20.00071459694959
74	19.960546840958305
99	20.00083551198226
108	20.000635076252408
109	20.00081372548988
115	20.000740740740426
137	20.000724400871153
170	20.00065359477093
183	20.000699346404918
195	19.98051089324589
208	20.000492374727365
214	20.00064705882322
216	19.960891067537816
220	20.00064488017398
227	20.00062962962933
230	19.98024183006506
245	20.000510893245902
252	20.000691721132576
253	20.000595860566136
265	20.000801742919077
269	20.000675381263314
279	20.000241830065065
284	20.000708061001866
287	20.000735294117337
310	20.00065032679707
314	19.940613289760037
328	20.00028104575133
345	19.960421568627144
359	20.000647058823212
383	20.00073202614348
385	20.000835511982263
404	20.00086819172082
405	20.00083877995611
416	20.000783224400553
423	20.00070152505417
426	20.000831154683784
441	20.00064705882322
444	20.000673202614074
446	20.00065359477093
488	20.000687363834107
514	20.00067755991254
532	20.000469498910377
548	20.00067864923717
556	20.000643790849367
569	20.000533769062876
570	20.000699346404925
579	20.000732026143478
588	20.000712418300353
589	20.00069063180796
596	20.00075708060971
614	20.000794117646752
631	20.000496732025834
646	20.00055119825678
653	20.000813725489895
663	20.00085729847463
674	20.00058932461843
688	20.0008267973853
696	20.00085947712386
709	20.000483660130417
719	20.000249455337386
720	20.000831154683773
721	20.000540305010592
734	20.000596949890756
741	20.00065795206941
745	20.000683006535635
766	20.000578431372247
783	20.000802832243693
793	20.000779956426705
795	20.00069934640492
796	20.00062962962932
820	20.000642701524757
832	20.00081154684065
853	20.000655773420164
878	20.000514161219744
882	20.000600217864623
1	19.97995315904124
17	19.969046840958786
22	19.967985838780393
26	19.963971677559833
38	19.943064270152533
46	19.96054575163373
78	19.958359477124034
88	19.957168845316083
101	19.96262418300676
118	19.981242919390148
131	19.961714596949864
141	19.976739651415816
160	19.95621677559954
177	19.961578431372537
181	19.97690849673169
186	19.980117647058666
190	19.961615468409583
205	19.968001089325043
228	19.970323529411502
237	19.973383442265813
240	19.964899782134708
255	19.962631808279088
260	19.967978213508093
273	19.96911111111128
285	19.975812636165532
301	19.95171568627439
302	19.97366122004358
305	19.970255991285143
319	19.954826797385685
320	19.969213507625433
335	19.965787581699303
340	19.969200435730016
341	19.97683006535914
379	19.982172113289522
384	19.960556644879915
387	19.957080610021965
417	19.964880174291558
439	19.97467755991309
443	19.9637015250544
451	19.977832244008695
456	19.958410675381103
459	19.97563616557728
468	19.950509803921765
471	19.977920479302817
476	19.95715032679757
489	19.96362527233109
501	19.975758169934593
512	19.95679847494571
529	19.974608932462125
542	19.98226579520673
546	19.946330065359284
552	19.9594651416122
555	19.975584967320227
563	19.963759259259167
572	19.931178649237456
573	19.97797603485835
576	19.96375163398685
581	19.97029847494527
582	19.9680904139438
586	19.932225490196437
621	19.958379084967184
630	19.963808278867024
661	19.97139978213511
693	19.916974945533916
704	19.9583867102395
728	19.979985838779786
740	19.981212418300814
780	19.958236383442134
782	19.9757352941176
798	19.95278104575123
803	19.951759259259163
836	19.97118954248369
844	19.9591339869281
845	19.979982570805937
862	19.969238562091693
875	19.968151416122463
877	19.927684095860435
901	19.962665577342268
915	19.95242374727631
6	19.977964052287554
14	19.977764705882315
50	19.975759259259206
54	19.98230392156837
58	19.972383442265592
77	19.980071895424683
80	19.97661002178615
90	19.964774509803558
110	19.976754901960444
111	19.982103485838543
114	19.96684313725502
121	19.97560021786488
132	19.98214923747252
143	19.980028322439928
147	19.972303921568415
162	19.974676470588474
165	19.97891176470602
217	19.965751633986848
223	19.982305010892986
224	19.975484749455294
234	19.984525054466026
248	19.96808169934686
250	19.980176470588077
254	19.97783115468407
262	19.975550108932413
288	19.97791067538122
294	19.972364923747076
304	19.983286492374788
321	19.96574727668839
348	19.976831154683758
361	19.97339324618739
368	19.973428104575166
376	19.970297385620633
377	19.97894226579531
396	19.981204793028482
409	19.980052287581533
424	19.9658518518518
479	19.969945533768808
481	19.98109694989121
487	19.9790163398694
493	19.970203703703433
519	19.977919389978187
528	19.97004793028297
551	19.974674291939245
564	19.98874291938969
567	19.966832244008785
593	19.98778104575163
602	19.977913943355084
613	19.979061002178785
622	19.981166666666812
632	19.967773420479734
634	19.97118954248369
637	19.965978213507565
665	19.981150326797543
668	19.973521786492373
670	19.98555664488021
679	19.975631808278816
684	19.9821884531588
690	19.97130718954253
695	19.972336601306985
699	19.96483224400835
714	19.980070806100063
715	19.981140522875965
725	19.97884422657966
752	19.97885076252735
754	19.977711328976014
762	19.97674400871426
763	19.978934640523015
767	19.96916775599146
773	19.978848583878094
777	19.97896296296309
784	19.98441612200417
789	19.973438997821372
807	19.975595860566415
851	19.971051198257115
874	19.966821350762622
888	19.98098801742935
891	19.974581699346643
895	19.98334749455342
5	19.980087145969335
9	19.984356209150132
10	19.976826797385296
33	19.977971677559875
62	19.98433986928086
71	19.979962962962816
98	19.98333442265801
127	19.983368191721198
153	19.97797603485837
169	19.97692374727636
185	19.983255991285425
188	19.98541721132899
207	19.98001525054452
281	19.9778801742919
291	19.98229084967294
300	19.980066448801573
324	19.975775599128504
331	19.980150326797215
332	19.977901960784294
353	19.980119825707895
362	19.981037037037204
367	19.9757647058823
386	19.981201525054637
403	19.976799564269804
452	19.9755424836601
467	19.98553376906324
482	19.974469498910917
485	19.98445206971658
503	19.981051198257248
517	19.981162309368344
524	19.98112200435746
525	19.977996732026114
543	19.97786056644878
550	19.976864923746934
557	19.98230283224375
558	19.975726579520657
566	19.980021786492244
571	19.981149237472934
592	19.98117320261452
594	19.97797276688452
607	19.981135076252887
610	19.980023965141445
624	19.987574074074082
625	19.982282135076005
656	19.981147058823687
659	19.979068627451138
685	19.98009803921554
687	19.977898692810417
698	19.986672113290034
701	19.981163398692974
707	19.97679084967287
711	19.974606753812868
713	19.98112527233133
731	19.974699346405465
739	19.979916122004216
744	19.978944444444572
758	19.97898366013083
761	19.977922657952035
770	19.975760348583826
787	19.97679738562057
797	19.97438453159067
801	19.980137254901813
846	19.975828976034812
854	19.982206971677318
855	19.97894444444457
867	19.981152505446776
870	19.98010566448785
892	19.97476034858413
909	19.973546840958626
912	19.974788671024232
4	19.96486601307152
23	19.978933551198395
25	19.973557734204814
34	19.958380174291804
39	19.973679738562105
93	19.977895424836586
122	19.96679956427025
152	19.948540305011193
158	19.973623093681926
161	19.96161546840956
180	19.980130718954094
213	19.974520697167964
221	19.956155773420896
222	19.9170087145971
226	19.96907843137272
258	19.95399019607834
290	19.98012200435713
317	19.974612200435978
334	19.972459694988892
343	19.962753812636386
347	19.975556644880125
354	19.96152069716772
390	19.975721132897565
398	19.965999999999955
431	19.965679738562045
453	19.968118736383875
457	19.93993355119811
458	19.962778867102617
484	19.973516339869313
509	19.973541394335516
531	19.941810457516215
541	19.969202614379263
545	19.96710348583887
547	19.96380827886703
605	19.980001089324464
609	19.973562091503297
616	19.973596949891085
640	19.971481481481508
647	19.953959694989003
648	19.97800980392154
651	19.96688453159051
676	19.973352941176476
680	19.972448801742704
700	19.947236383442263
746	19.97014052287555
756	19.964758169934278
772	19.983180827886777
774	19.965880174291886
778	19.972396514160994
792	19.978980392156984
819	19.97454575163422
843	19.972481481481264
883	19.9689836601309
886	19.97043137254873
893	19.966017429193865
8	19.974721132897837
41	19.957163398692995
55	19.95077668845337
76	19.961396514161176
82	19.97238453159021
84	19.973620915032697
102	19.973542483660143
104	19.975715686274466
116	19.972413943354887
128	19.963744008714514
156	19.94609694989088
166	19.97030610021762
179	19.968943355119986
203	19.95287037036998
219	19.96270915032701
231	19.97672113289728
249	19.922360566448564
261	19.951483660130606
277	19.9495413943355
308	19.96699346405238
342	19.9560631808283
394	19.976753812635838
408	19.9833867102397
415	19.976799564269815
477	19.948054466231227
504	19.967948801743365
505	19.943074074074108
516	19.974716775599376
549	19.977857298474895
562	19.972458605664258
584	19.96914161220061
618	19.9659793028322
619	19.970422657951797
671	19.97900435729857
694	19.963642701524975
743	19.957102396514347
759	19.97041394335483
781	19.971302832244046
790	19.969326797385783
799	19.970257080609777
800	19.97686601307156
809	19.968040305011332
824	19.960456427015014
825	19.968998910675566
840	19.946320261437723
858	19.943779956427385
871	19.97136056644882
887	19.950738562091697
910	19.969255991285582
914	19.970157952069457
15	19.964929193899412
30	19.974779956427277
53	19.973538126361667
67	19.95508605664492
125	19.976840958605315
126	19.968001089325057
139	19.95501307189547
171	19.968008714597374
175	19.962793028322675
218	19.95819172113277
244	19.95385294117639
246	19.972389978213297
271	19.976905228757822
311	19.969140522876
316	19.96709259259268
336	19.97581481481477
380	19.94264814814816
418	19.972478213507394
449	19.96018845315877
478	19.951747276688362
499	19.95930827886711
544	19.962661220043803
553	19.942649237472803
568	19.982236383442025
575	19.951711328975932
597	19.969135076252897
612	19.970286492374466
635	19.971359477124217
650	19.966989106753914
662	19.969069716775774
678	19.971374727668877
737	19.96158387799564
768	19.953999999999915
818	19.968148148148593
850	19.968079520697618
863	19.950546840958797
880	19.97024509803894
885	19.967110021786567
7	19.96363616557728
11	19.963753812636096
24	19.930035947712256
49	19.971350762527262
61	19.970343137254645
66	19.977775599128517
97	19.973700435729867
172	19.969326797385786
191	19.95824074074059
212	19.968033769063652
215	19.972367102396316
229	19.962678649237706
235	19.966864923747366
241	19.948415032680042
243	19.960433551197994
259	19.95386165577333
270	19.959411764705884
313	19.971354030501114
315	19.972479302832035
323	19.960570806099977
337	19.963788671023888
365	19.978042483660108
382	19.96365686274502
420	19.962529411764923
422	19.972321350762304
428	19.972266884531372
430	19.982325708060763
434	19.956217864924174
472	19.96709912854041
475	19.95382026143782
498	19.958346405228603
554	19.974565359477353
636	19.969299564270337
639	19.952750544661928
657	19.96044989106729
702	19.975775599128493
710	19.970270152505176
727	19.973587145969518
749	19.968002178649684
765	19.972518518518296
779	19.96364705882346
785	19.94738453159042
786	19.965995642701476
788	19.974673202614614
804	19.970321350762255
815	19.96153594771239
838	19.970065359476873
842	19.976699346404917
847	19.934023965141414
852	19.952835511982173
857	19.97034531590388
865	19.96588453159036
907	19.9757647058823
908	19.964891067537756
913	19.980053376906184
19	19.95496732026151
45	19.963778867102313
60	19.972358387799343
73	19.973321350762532
87	19.965808278867076
94	19.97036383442237
123	19.976797385620582
135	19.96923747276705
136	19.97355119825709
142	19.96371677559905
168	19.955118736383497
176	19.97008714596925
197	19.9668671023966
247	19.955122004357367
272	19.98108496732041
297	19.967038126361768
312	19.949251633986936
318	19.964619825707693
346	19.946382352941008
389	19.968101307189986
414	19.968111111111554
425	19.972472766884316
495	19.968098039216134
513	19.970071895424585
538	19.974642701525305
585	19.971419389978234
595	19.962690631808496
626	19.963823529411712
641	19.963809368191658
643	19.965874727668794
654	19.969250544662483
673	19.9648061002178
681	19.96918300653613
682	19.972436819171886
683	19.97348366013074
686	19.9653583877995
723	19.961508714596928
751	19.95688671023984
760	19.97031481481456
769	19.973544662309386
771	19.967011982570877
822	19.9769215686271
849	19.965984749455288
21	19.975771241830024
31	19.959491285403068
63	19.95609368191763
65	19.964649237472408
105	19.975591503267932
113	19.963705882352862
144	19.966942265795296
157	19.972581699346176
167	19.971454248366054
303	19.971406318082828
326	19.96814161220091
357	19.97459912854052
391	19.973590413943356
395	19.955143790849743
421	19.937506535947712
432	19.968052287582157
537	19.963762527233037
578	19.951844226579425
587	19.96807734204838
591	19.961544662309333
615	19.96906862745116
642	19.954667755991327
655	19.96596187363828
666	19.969074074074243
667	19.964816993463685
669	19.961624183006517
672	19.969148148148314
675	19.96793790849716
750	19.97120043572989
805	19.96045098039191
812	19.961568627450962
829	19.954781045751712
841	19.95934967320263
848	19.967603485839202
860	19.956198257081038
864	19.9703888888886
876	19.971434640522933
897	19.966044662309315
903	19.960342047930034
906	19.97224400871438
16	19.95401198257071
20	19.973472766884544
27	19.96794226579564
52	19.962793028322668
96	19.957106753812813
117	19.96588888888885
155	19.97454030501111
173	19.97801851851848
182	19.97348366013072
184	19.9514193899781
187	19.966016339869217
189	19.954910675381306
402	19.974814814815062
412	19.96925163398711
440	19.96378104575156
466	19.968993464052467
601	19.95836056644867
608	19.970238562091225
628	19.974737472767128
703	19.975696078431326
791	19.977901960784294
810	19.9519193899781
816	19.962734204793264
830	19.96382788671018
839	19.96260566448823
872	19.967084967320353
917	19.950701525054672
18	19.96709259259268
32	19.96054139433526
68	19.962620915032893
89	19.96376688453151
120	19.98237037037012
129	19.9582233115467
159	19.970159041394083
174	19.95379629629619
193	19.948298474945823
202	19.98017538126346
238	19.968215686274974
274	19.97357734204795
289	19.910288671023693
364	19.96696187363843
369	19.955002178649256
378	19.96698474945544
438	19.957153594771416
461	19.95712091503285
462	19.96930174291955
474	19.974623093682155
497	19.972336601306967
522	19.97028976034832
530	19.963613289760275
577	19.97465904139456
620	19.96806644880219
627	19.967875816993924
652	19.972474945533563
717	19.976789760348247
808	19.96252069716797
856	19.959218954248367
898	19.96713071895435
12	19.968028322440542
70	19.949645969498903
92	19.970333333333066
145	19.96595424836595
242	19.956093681917597
266	19.94960784313725
295	19.955045751634042
330	19.96933442265813
435	19.970252723311287
463	19.937776688453148
491	19.97001960784286
494	19.972435729847245
515	19.96161437908496
561	19.96488344226542
603	19.96385947712412
664	19.967032679738672
814	19.9670577342049
873	19.969101307189707
13	19.967035947712517
75	19.948274509804204
148	19.970384531590167
209	19.964826797385243
264	19.9680435729852
363	19.96153159041393
366	19.944906318082918
374	19.96474945533732
429	19.969188453159205
433	19.96712527233125
447	19.981174291939155
464	19.954901960784387
502	19.953820261437816
508	19.93104684095863
518	19.967967320261874
535	19.964547930282865
536	19.98334204793034
600	19.95405010893237
658	19.978930283224507
730	19.977862745098026
884	19.963795206971593
47	19.964688453158672
192	19.973506535947724
267	19.95917647058823
293	19.96158169934639
329	19.970189542483403
406	19.964749455337344
413	19.97348474945537
448	19.956166666667098
473	19.969148148148317
480	19.963896514161142
486	19.97566993464049
492	19.950584967320456
533	19.972555555555317
590	19.96268191721153
611	19.965984749455288
692	19.965819172113225
724	19.959527233115487
747	19.968101307190008
764	19.965823529411704
817	19.97246949891043
831	19.974629629629874
896	19.96262200435751
904	19.957208061002383
29	19.964823529411394
43	19.965887799564207
151	19.977851851851838
263	19.965980392156798
296	19.966905228758268
307	19.97131372549023
358	19.926488017429467
410	19.959455337690645
465	19.963842047930207
507	19.973606753812653
534	19.96907625272349
580	19.971310457516374
677	19.952858387799168
708	19.97341938997822
718	19.965993464052225
729	19.966870370370465
732	19.962674291939223
821	19.95804575163385
837	19.95828213507613
866	19.960343137254675
900	19.96490958605628
911	19.960340958605403
44	19.962654684096083
83	19.949440087145966
150	19.97357407407409
163	19.967054466231026
325	19.959380174291976
339	19.98005337690616
381	19.963666666666597
437	19.97140849673206
483	19.967144880174384
539	19.952741830064973
629	19.96689542483669
712	19.96586492374723
735	19.96160130718952
757	19.960461873638103
775	19.962696078431595
776	19.97906644880188
794	19.948374727669087
811	19.94965250544661
869	19.975769063180785
28	19.91376688453151
40	19.9562026143795
64	19.9648235294114
178	19.95402287581689
206	19.966984749455403
280	19.94952723311547
286	19.97907734204808
327	19.961644880174262
371	19.948156862745364
411	19.958276688453026
565	19.969200435730013
691	19.965872549019558
716	19.955075163398753
722	19.969242919390158
736	19.95934422657954
755	19.957209150327003
868	19.973542483660164
889	19.953877995642614
899	19.97579738562086
95	19.970363834422376
239	19.97470261437932
251	19.975687363834385
256	19.968088235294562
309	19.963713507625197
352	19.97568845315899
455	19.972466230936604
470	19.971428104575203
520	19.943867102396887
526	19.95607407407449
599	19.96166557734205
902	19.962595860566665
916	19.96585403050102
133	19.96278649237495
140	19.96698039215697
146	19.97577668845312
164	19.95605555555593
196	19.975790849673146
225	19.963794117646998
275	19.968035947712867
283	19.94083660130677
372	19.950427015250728
496	19.975717864923705
523	19.965825708060933
606	19.97138562091508
623	19.961659041394327
705	19.962725490196306
748	19.966968409586173
56	19.964705882352572
91	19.969046840958775
107	19.974622004357524
200	19.92228104575139
204	19.951776688453048
268	19.962637254902166
349	19.966830065359556
355	19.981230936819333
373	19.96594989106747
397	19.97026688453132
407	19.968171023965613
450	19.97345424836603
454	19.960411764705615
506	19.971282135076294
574	19.96471677559878
644	19.969254901960984
726	19.957094771242
733	19.97666993464019
742	19.97144226579524
833	19.971355119825752
861	19.971359477124217
881	19.959387799564283
119	19.95724836601325
124	19.951722222222127
232	19.968145969499375
419	19.967984749455763
583	19.9482679738565
806	19.97471786492398
813	19.96270152505469
823	19.973509803921576
51	19.96929629629647
81	19.976788671023638
154	19.95295098039175
257	19.968201525054923
278	19.96459912853995
351	19.943968409586418
370	19.94797821350792
393	19.96044771241805
559	19.96498910675343
689	19.959385620915036
697	19.945147058823665
738	19.96158932461874
859	19.965882352941122
890	19.97568082788665
79	19.969228758170104
86	19.962741830065557
134	19.974567538126603
233	19.97991285403035
500	19.957139433551365
560	19.96799782135123
57	19.969977124182765
59	19.9669302832245
85	19.952700435729447
149	19.96707189542495
199	19.959230936819196
211	19.97020915032654
356	19.95603812636204
400	19.957142701525243
753	19.96695206971684
834	19.968016339869735
103	19.958469498910524
112	19.976531590413618
511	19.964866013071532
36	19.97797167755988
194	19.947095860566474
306	19.973529411764705
350	19.969010893246356
436	19.975689542483615
604	19.970189542483407
617	19.973427015250564
660	19.95188235294107
706	19.969151416122166
905	19.970392156862452
100	19.965332244008653
510	19.972543572984524
42	19.962733115468634
198	19.96906862745114
210	19.947401960784315
292	19.961643790849646
427	19.952911764705473
445	19.96696840958615
460	19.965875816993403
638	19.945966230936634
360	19.9766644880171
527	19.974553376906552
598	19.967925925926362
649	19.972332244008488
282	19.95514923747283
322	19.958319172113132
388	19.9691013071897
894	19.957285403050285
826	19.969343137255077
138	19.965028322439693
645	19.96815032679785
392	19.945265795207117
442	19.97343572984754
827	19.952592592592197
828	19.967103485838873
201	19.979027233115612
338	19.976863834422314
375	19.979067538126497
276	19.972654684095634
299	19.96802505446667
490	19.972525054465997
835	19.964904139433177
879	19.968113289760794
344	19.95252178649198
130	19.970137254901708
633	19.974642701525276
298	19.970224400871206
401	19.96699019607853
333	19.97017864923721
236	19.968119825708524
106	19.96819934640569
399	19.962592592592816
521	19.96605882352935
469	19.96917973856226
802	19.96474400871424
540	19.95915141612202
