0	18.28243918291555
1	20.00068802228407
7	20.00065088207983
15	19.980745589600716
27	19.980799442896902
35	20.000772516248805
51	20.000717734447505
54	20.000620241411287
80	20.000461467038036
92	20.00027298050136
97	20.000547818012976
104	19.980501392757617
117	20.000636954503218
127	20.0007558031569
132	20.00054410399253
141	20.00043918291547
142	20.000682451253446
154	20.000651810584927
175	19.920766945218165
186	20.000732590529203
187	20.000516248839325
189	20.000649025069613
191	20.00054688950786
192	20.000402971216303
214	20.000765088207956
220	20.000727019498573
221	20.000616527390854
223	20.000788300835623
237	20.00041597028781
252	20.000668523676843
264	20.000690807799415
267	20.00074094707518
272	20.000697307335177
274	20.000735376044535
276	20.00067316620238
277	20.00068337975856
296	20.00059888579384
305	20.000698235840268
310	20.00079758588671
322	20.00062209842151
327	20.00074001857007
329	20.000644382544074
336	20.000545032497637
340	20.00058217270192
348	19.9607158774373
362	20.000637883008313
365	20.00071773444751
370	20.00060352831937
375	20.00059702878362
376	20.000613741875554
382	20.000697307335162
393	20.00075580315689
394	20.00040018570098
401	20.0006193129062
402	20.000652739090032
426	20.0007019498607
439	20.00072144846794
444	20.00061652739088
466	20.00054688950785
471	20.000663881151308
473	20.000431754874622
477	20.000023212627628
479	20.000706592386233
481	20.0004168987929
497	20.00048839368613
514	20.000664809656413
528	20.000180129990678
544	20.00065738161557
548	20.00063231197768
550	20.000761374187526
570	20.000679665738126
575	20.00033890436394
582	20.00077715877433
594	20.00061188486534
628	20.000768802228375
633	20.00075116063136
636	20.000543175487422
641	20.000133704735344
661	20.00064066852364
670	20.000685236768774
687	20.000732590529214
690	20.00076787372327
693	20.00041968430823
730	20.00071494893219
733	20.000648096564504
744	20.00060445682448
747	20.00062859795725
748	20.000447539461433
749	20.00051717734444
750	20.000558960074255
752	20.000714020427083
760	20.000432683379717
764	20.00002971216339
769	20.0005524605385
807	20.000717734447505
810	20.00050696378826
814	20.000724233983256
825	20.000388115134594
826	20.000705663881117
830	20.00068987929431
837	20.000656453110462
839	20.000699164345384
841	20.00059331476319
849	20.000709377901547
877	20.00050046425253
899	20.000656453110448
913	20.000446610956327
925	20.000660167130903
930	20.000627669452154
937	20.00055803156915
938	20.000677808727918
958	20.000620241411294
959	20.00071866295262
980	20.000649025069613
996	20.000662024141096
997	20.000523676880196
1012	20.000199628597922
1055	20.000607242339804
1075	20.000659238625776
3	19.983074280408744
18	19.98024419684332
59	19.979239554317676
61	19.985712163417077
68	19.984930362117087
72	19.982838440111628
73	19.984014856081885
75	19.993272051996414
78	19.987616527390927
96	19.97983565459633
101	19.98169545032502
107	19.98008170844964
113	19.9867335190345
115	19.97950882079874
140	19.98204363974009
155	19.983713091922205
181	19.98119684308225
190	19.996099350046492
196	19.979318477251713
229	19.97908263695461
238	19.989411327762408
241	19.977974930361764
246	19.98587836583118
263	19.990472609099353
289	19.98579294336136
291	19.982700092850703
297	19.97884308263704
306	19.987651810585017
321	19.978250696378478
323	19.98659702878379
343	19.984745589600788
344	19.9867214484681
350	19.985810584958386
353	19.98012441968457
360	19.980871866294834
374	19.98492014856088
414	19.981726090993565
428	19.98033611884889
449	19.983756731662197
458	19.979931290622346
487	19.986636954503393
530	19.97915506035292
531	19.980914577529774
536	19.985825441040095
546	19.978999071494975
554	19.98388765088226
566	19.986697307335305
567	19.979280408542355
599	19.981950789229384
611	19.98204363974009
618	19.98461838440117
626	19.977910863509386
651	19.97877530176426
656	19.978033426183487
658	19.980750232125885
662	19.98678180130006
684	19.979710306406925
694	19.992367688022327
697	19.980610027854738
710	19.979724233983525
714	19.98682636954519
719	19.98761095636031
734	19.98106220984176
735	19.979995357474703
742	19.978221912720173
776	19.981710306406725
780	19.981298978643952
786	19.980949860723804
846	19.987703806870982
854	19.981883008356608
855	19.98569545032513
858	19.983765088208173
869	19.98203992571966
887	19.97917084493976
905	19.981085422469416
907	19.98205013927583
910	19.990455896007447
935	19.981643454039048
939	19.97785143918256
945	19.983688950789432
948	19.98664531104936
971	19.985450324976956
978	19.982162488393758
982	19.985794800371572
985	19.984859795728944
987	19.98363509749321
1001	19.985621169916588
1010	19.990570102135557
1018	19.987677808728005
1024	19.987616527390934
1032	19.979371402042823
1053	19.979900649953823
1054	19.981213556174154
1061	19.986553389043785
1068	19.980679665737767
2	19.99052460538533
4	19.97520334261806
10	19.967215413184494
11	19.987755803156972
16	19.990297121634175
36	19.984935933147707
37	19.9753472609096
41	19.964595171773237
47	19.972584958216974
67	19.96340668523703
81	19.948595171773338
82	19.968155988858175
87	19.975452181986668
88	19.928058495821794
111	19.959811513463126
149	19.98115970287797
167	19.980302692665063
173	19.983641597028967
183	19.97926740947086
224	19.96524698235813
233	19.966376973073576
259	19.986514391829306
262	19.956143918291325
316	19.985694521820037
318	19.97546518105819
319	19.977428969359615
320	19.949379758588485
345	19.977283194057836
361	19.96887372330573
366	19.98852553389059
384	19.96056267409498
388	19.960740947075482
399	19.979181058495936
400	19.978450324976414
417	19.98079015784546
455	19.98175580315698
463	19.954198700092743
482	19.984911792014973
488	19.976558031569283
540	19.945617455895952
543	19.962480965645064
561	19.962574744660856
571	19.981937790157904
573	19.98851717734464
610	19.98775580315694
616	19.981883936861724
625	19.96434447539442
639	19.96873630454991
645	19.976318477251745
649	19.98671309192214
653	19.96063045496781
665	19.987636954503273
666	19.97833333333295
688	19.982125348189474
689	19.968083565459857
709	19.926111420612887
717	19.97832219127169
751	19.978257195914217
754	19.97742246982385
763	19.982749303621375
766	19.973759517177495
773	19.987649025069665
775	19.987675951717787
784	19.96539740018543
785	19.983824512534984
791	19.97201299907171
833	19.988365831012207
835	19.975471680593902
840	19.982907149489513
859	19.951374187557892
872	19.98482172701959
879	19.98129897864395
880	19.973363045496882
890	19.945000928504932
893	19.98498328690815
922	19.971658310120908
929	19.985695450325153
950	19.985695450325125
952	19.969135561745844
962	19.978370473537268
963	19.967298978644106
970	19.967096564530863
972	19.987617455896046
976	19.98190714948938
977	19.98267502321282
984	19.98213741875587
992	19.981177344474986
1006	19.95797678737265
1033	19.981159702877953
1048	19.98206035283201
1059	19.950329619312686
1062	19.970819870009496
29	19.96340947075238
30	19.97809470752054
31	19.942100278551397
39	19.943136490250687
64	19.971733519034554
74	19.977294336119122
77	19.986576601671434
85	19.962572887650623
86	19.953342618384223
93	19.972776230268977
95	19.936570102135512
129	19.95340111420592
130	19.966958217269916
144	19.973564531105076
146	19.967084493964457
152	19.979342618384518
164	19.9754252553386
184	19.968103992572157
197	19.982167130919287
205	19.949595171773247
215	19.95607242339807
219	19.966344475394845
254	19.976585886722514
256	19.977434540390256
261	19.97181801299928
265	19.977230269266766
278	19.952205199629013
284	19.985826369545215
299	19.97824976787336
301	19.98553389043656
332	19.953235840296927
407	19.96229155060328
410	19.974630454967816
418	19.96069545032526
443	19.986758588672377
446	19.983063138347465
447	19.984387186629608
503	19.956845868152094
511	19.983833797586055
520	19.981817084494015
522	19.985752089136678
524	19.959558031568978
537	19.96170380687076
564	19.94134447539453
578	19.967054781801053
585	19.984008356546134
592	19.978128133704377
607	19.98031197771611
615	19.96079387186656
619	19.950498607242125
631	19.972692664809355
647	19.974623955432083
652	19.990454967502327
685	19.95797864438288
702	19.962584029711945
703	19.97581522748385
706	19.961587743732412
707	19.96239925719569
712	19.96711699164319
795	19.94472051996269
813	19.984938718663035
818	19.97922562674102
875	19.965326833797317
921	19.967157845867874
931	19.98305199628616
974	19.944902506963626
983	19.975532033425885
993	19.963543175487754
1005	19.963583101207355
1020	19.981541318477323
1022	19.97917084493975
1039	19.981788300835717
1040	19.957764159703192
1052	19.95039461467015
1060	19.976525533890545
1070	19.975285051067477
19	19.98493314763238
23	19.983662952646398
46	19.96258495821703
62	19.941800371401904
66	19.964609099349836
76	19.988566388115306
89	19.979330547818122
108	19.979335190343644
135	19.9781169916431
170	19.972829155060047
213	19.988660167131094
242	19.963559888579674
247	19.970018570101836
281	19.967114206127878
312	19.95978458681505
330	19.98871309192216
335	19.959573816155785
341	19.956947075208724
351	19.984728876508896
364	19.97453760445714
403	19.98291922005593
429	19.98661374187572
433	19.96147446610938
435	19.974543175487764
436	19.936542246982302
456	19.98941968430838
470	19.956955431754697
495	19.957922005571366
506	19.97462024141164
519	19.95686629526447
565	19.96040575673193
569	19.9865422469825
587	19.984662952646314
601	19.98681522748391
622	19.96534168987901
623	19.980562674094305
664	19.960766945218488
695	19.968792943361425
701	19.97733519034382
731	19.968224698236078
739	19.96634911792041
745	19.98020519962883
755	19.980298050139528
770	19.961529247910704
806	19.978306406684883
819	19.973578458681665
828	19.97004735376017
862	19.96174187558014
874	19.977347260910207
912	19.97636211699174
917	19.980196843082883
920	19.952382544104385
923	19.96615506035309
927	19.9635645311052
932	19.985512534819108
941	19.96990064995329
954	19.977427112349396
956	19.984861652739188
988	19.96620891364925
1027	19.959614670380482
1035	19.97283936861623
1049	19.984740018570175
1050	19.978397400185322
1057	19.978313834725714
1064	19.98566573816174
5	19.975219127204856
20	19.971911792015074
26	19.988681522748532
60	19.98581337047369
109	19.976954503250024
112	19.982879294336303
122	19.97100557103085
137	19.988521819870193
230	19.986662024141275
239	19.977343546889806
248	19.969896935932862
260	19.982059424326895
269	19.97741225626768
285	19.97552181986969
347	19.976195914577612
363	19.969979572887354
369	19.986698235840436
373	19.985719591457915
425	19.98022469823607
432	19.964483751160415
441	19.98644103992585
489	19.962598885793636
517	19.985272980501538
534	19.965095636025712
559	19.984723305478266
572	19.9587260909933
574	19.98492571959154
608	19.958948932219005
677	19.978238625812075
782	19.984857010213606
787	19.98678087279494
805	19.981902506963866
847	19.982032497678787
856	19.97185051067802
870	19.980168987929687
882	19.96440018570081
892	19.970923862581436
898	19.981937790157886
909	19.964419684308062
916	19.967222841225357
964	19.969948932218852
965	19.951471680594103
967	19.959655524605186
975	19.966219127205434
1008	19.977504178273264
1015	19.982978644382747
1025	19.981867223769793
1038	19.982722376973275
6	19.972571030640378
103	19.970013927576318
118	19.987301764159735
119	19.969846796657112
120	19.975591457752678
131	19.98150417827302
138	19.949573816155798
169	19.961591457752828
172	19.985693593314927
176	19.966333333333587
177	19.967023212627414
195	19.98018384401139
208	19.978428969358973
209	19.978246982358037
210	19.987748375116084
266	19.9374893221912
271	19.956948003713855
292	19.97007799442868
293	19.986558960074436
311	19.98962766945229
317	19.973655524605533
326	19.978367688021923
334	19.97478737233087
338	19.9792701949862
408	19.950537604456592
420	19.968029712163656
421	19.983937790158024
427	19.969015784587068
451	19.982882079851652
453	19.983897864438447
472	19.976169916434632
476	19.975428040853878
480	19.971970287836797
486	19.98294150417847
492	19.977437325905576
501	19.965070566387816
507	19.969673166202114
525	19.98682265552475
549	19.97462674094737
551	19.976220055710414
563	19.966425255339168
577	19.976557103064156
586	19.976431754874774
597	19.98685608170859
632	19.96999907149459
644	19.98484493964723
663	19.920573816156125
675	19.982133704735432
692	19.966244196843302
696	19.988604456824675
713	19.98214856081715
716	19.978399257195566
727	19.96897585886748
728	19.967231197771362
732	19.96797307335213
753	19.965220055710038
798	19.962568245125105
801	19.960690807799736
808	19.98298792943381
815	19.96609935004666
829	19.974380687094076
863	19.980232126276945
886	19.988492107706747
891	19.985820798514567
911	19.978381615598543
942	19.97559795728845
994	19.982773444754155
1009	19.977203342618637
1021	19.969003714020676
1034	19.954012999071367
1036	19.959762302692475
1043	19.94202135561733
1046	19.956976787372174
1066	19.980058495821947
1071	19.98114763231157
1072	19.976568245125478
17	19.990494893221914
32	19.98182358402977
42	19.98253481894172
56	19.988682451253652
114	19.985652739090245
123	19.983966573816364
139	19.982866295264827
168	19.986740947075344
185	19.988694521820044
227	19.988705663881323
231	19.98282172701971
288	19.985865366759683
342	19.981884865366833
371	19.989535747446727
386	19.98575208913665
391	19.991410399257312
509	19.98965831012082
545	19.98377530176434
596	19.983709377901768
600	19.984001857010394
603	19.986670380687233
643	19.98173816155995
668	19.9827530176418
686	19.9847437325906
700	19.981914577530226
729	19.981972144846846
746	19.987623955431797
771	19.98481337047359
778	19.983755803157088
799	19.98783379758594
802	19.983133704735586
809	19.983898792943545
817	19.98191643454047
857	19.983996285979757
866	19.98478365831018
867	19.98398421541335
868	19.985740018570258
883	19.98385422469844
904	19.988747446611125
915	19.988699164345576
934	19.988650882080023
949	19.984943361188574
999	19.987660167130944
1000	19.982817084494155
1004	19.98187558031574
1045	19.981537604456875
1051	19.98860817084512
8	19.981856081708518
43	19.963378830083844
63	19.9569545032496
106	19.96030826369572
128	19.974685236769133
156	19.987510677808775
159	19.981935004642605
204	19.957011142061113
308	19.985597957288928
324	19.939855153203226
352	19.96535654596071
405	19.969956360259715
445	19.98663231197785
464	19.985776230269437
474	19.979311977715998
491	19.967127205199347
496	19.967813370473756
541	19.98046796657342
553	19.981196843082238
555	19.948677808727847
557	19.966379758588918
562	19.98363602599832
584	19.96441875580296
593	19.970567316620425
605	19.982082636954555
606	19.98654503249782
621	19.977404828226824
650	19.969067780873036
654	19.976539461467176
683	19.966669452181726
699	19.97530919220023
720	19.974720519963164
779	19.916101207056702
781	19.967105849581944
803	19.982026926648146
908	19.980201485608415
947	19.950388115134423
969	19.950546889507656
973	19.98737325905298
986	19.957015784586627
1007	19.97644475394626
1016	19.956095636025744
1074	19.961655524605206
9	19.982941504178452
34	19.95325812441949
40	19.98458031569183
83	19.960788300835958
105	19.95245032497719
116	19.968911792015092
133	19.976324048282365
134	19.944802228412076
178	19.975560817084162
188	19.98582451253499
202	19.972792014855784
226	19.95129897864423
250	19.980000000000228
270	19.978329619312554
298	19.965284122562384
337	19.98674280408559
358	19.959803156917157
377	19.946838440111254
378	19.958762302692506
438	19.950597028783417
484	19.980935933147215
485	19.953196843082434
513	19.983871866295463
624	19.9755691736301
646	19.974656453110807
676	19.977439182915795
681	19.988542246982522
715	19.981996285979637
725	19.975327762302364
736	19.978393686164882
737	19.975633240482477
761	19.98854503249784
812	19.983865366759694
816	19.979324048282383
824	19.970967502321486
832	19.980916434539974
844	19.979150417827423
864	19.963594243268624
873	19.963581244197133
878	19.954838440111786
888	19.960752089136786
928	19.99038625812443
944	19.97176973073373
953	19.977335190343815
1014	19.948762302692575
1023	19.98283194057586
1041	19.966342618384658
1056	19.98004271123514
1063	19.97728876508846
12	19.972803156917063
33	19.96444568245101
44	19.969077994429217
45	19.975597028783326
50	19.966268337976093
70	19.97752646239583
71	19.983058495821922
91	19.986355617456038
145	19.96990993500435
147	19.982808727948193
160	19.96149767873706
171	19.94963788300817
193	19.97555896007396
211	19.98397121634186
251	19.981540389972185
325	19.97839832869048
372	19.947662952646056
390	19.984532033426273
395	19.96958217270166
404	19.983917363045677
431	19.952368616527778
434	19.938435468895033
437	19.969081708449657
467	19.968118848653884
505	19.914346332405056
535	19.973712163417048
542	19.967220055710044
552	19.982013927576634
576	19.9594233983285
589	19.98091364902468
620	19.977339832869333
630	19.96349303621201
708	19.982138347260964
724	19.958881151346212
740	19.97369730733535
796	19.979132776230372
800	19.98481708449406
836	19.981848653667655
865	19.95978922934056
995	19.970139275765714
1002	19.9456369545032
1031	19.980952646239146
1044	19.97639461467052
1067	19.970721448468147
1076	19.987505106778148
38	19.96258402971193
52	19.94948839368595
57	19.965466109563312
198	19.96719684308237
200	19.978371402042345
207	19.97092850510696
232	19.966274837511836
240	19.938188486536653
244	19.975508820798186
245	19.983640668523854
280	19.956891364902337
302	19.984813370473617
355	19.98030176415994
357	19.968108635097717
359	19.95406499535735
422	19.977333333333608
502	19.946387186629394
508	19.988586815227656
516	19.97920427112363
533	19.984818012999156
588	19.978097493035843
590	19.932687093779045
635	19.979380687093876
705	19.953293407613558
721	19.976290622098546
759	19.977467038068994
767	19.977402042711507
838	19.959872794800148
842	19.973699164345557
906	19.97928597957299
914	19.949500464252385
951	19.97455803156949
979	19.978315691735943
990	19.981229340760965
1028	19.97003714020397
1069	19.978340761373822
1073	19.984318477251712
121	19.980306406685468
153	19.97732776230297
174	19.9846443825442
235	19.945889507892243
258	19.98189229340765
282	19.95423119777147
287	19.974559888579712
303	19.96244568245103
333	19.963485608171126
349	19.940180129990594
396	19.962655524605154
430	19.974615598886114
457	19.98306406685256
461	19.95427205199617
512	19.98842061281354
518	19.948502321262673
526	19.957983286908398
581	19.98397028783675
602	19.977928505106437
614	19.961430826369373
638	19.95868709377888
660	19.975564531104574
691	19.977353760445958
698	19.98029526462419
743	19.959512534818753
820	19.968916434540635
821	19.96612070566413
822	19.97463974001888
823	19.961788300835465
876	19.98309192200576
885	19.97182915506054
966	19.980292479108872
1017	19.971859795729106
13	19.981590529248
28	19.97638718662962
55	19.98579572887668
84	19.9866490250698
110	19.968907149489578
180	19.99037418755805
206	19.986690807799572
268	19.969029712163664
309	19.970831012070754
315	19.983873723305653
424	19.96889229340786
560	19.981133704734987
583	19.98632126276711
627	19.975544103992238
655	19.98455524605391
758	19.984739090065077
768	19.965179201485334
894	19.97754038997242
981	19.977550603528606
989	19.97182636954523
991	19.966025069638125
1030	19.9719145775304
14	19.98371866295282
48	19.959844939646967
69	19.98660631383487
136	19.986466109563743
143	19.980272980501617
300	19.96787279480058
331	19.98481987000936
346	19.985671309192373
392	19.948408542246888
406	19.965446610956075
412	19.984623026926734
413	19.976438254410517
454	19.977323119777434
498	19.96905106778113
642	19.98545775301781
704	19.96340204271151
722	19.97357103064082
723	19.987662024141176
790	19.98566573816173
794	19.979297121634268
797	19.966213556174793
827	19.961513463323893
881	19.954305478180014
897	19.972495821726714
961	19.970067780872515
1003	19.97918105849596
22	19.98950139275778
53	19.984676880222896
90	19.98665273909021
199	19.98824698235856
225	19.988334261838602
253	19.985645311049375
387	19.984785515320418
397	19.986511606313993
409	19.98671680594257
423	19.986557103064207
579	19.990547818013003
629	19.98757474466112
657	19.98569916434556
659	19.985620241411503
711	19.986747446611098
772	19.984752089136588
774	19.98556545961019
783	19.98447446610963
789	19.985638811513635
860	19.985779944289856
955	19.98853110492124
1011	19.986599814299126
65	19.981881151346393
182	19.92632683379764
203	19.96352367688049
222	19.969978644382284
234	19.963474466109854
243	19.9812061281333
257	19.979376973073464
290	19.988444753946307
307	19.96889507892317
383	19.965162488393418
448	19.977145775302027
499	19.988587743732758
504	19.958667595171633
558	19.966311977716103
580	19.979340761374303
591	19.979120705663977
637	19.97551996285947
673	19.980155060353052
679	19.98030362117018
738	19.97653017641609
831	19.963455896007705
853	19.95517455896045
861	19.976408542247114
896	19.980377901578706
903	19.9806304549671
1037	19.976519034354805
100	19.96624976787394
126	19.973857938718833
148	19.961685236768613
179	19.95049582172678
275	19.97929247910873
314	19.97916991643465
415	19.968962859795987
493	19.97810770659204
500	19.95693036211682
556	19.964424326833587
634	19.965343546889226
671	19.977402042711514
756	19.978300835654238
793	19.981200557102632
843	19.97379665738179
871	19.985826369545205
884	19.981917363045547
946	19.980129990715184
162	19.97661745589614
249	19.970137418755506
295	19.97644846796669
469	19.980134633240706
595	19.96910027855177
741	19.98034076137444
765	19.96820705663906
94	19.966220055710547
201	19.964365831011843
356	19.981092850510272
440	19.977143918291823
452	19.968126276694775
521	19.965303621169635
532	19.95239832869121
672	19.97566480965609
918	19.978210770658887
943	19.98308913649044
960	19.984402971216426
1029	19.983872794800547
1065	19.975603528319077
158	19.981878365831065
163	19.965417827297774
166	19.951441039925562
236	19.975255338904038
411	19.98113649025031
459	19.982016713092005
527	19.959777158774173
612	19.98198607242344
640	19.97323119777172
669	19.961599814298822
968	19.976343546889627
1019	19.969060352832177
1026	19.976103064066955
21	19.97941225626751
151	19.959781801299705
157	19.987542246982407
212	19.982985143918487
313	19.9310371402043
385	19.98586258124438
398	19.97538161559855
515	19.959829155060135
648	19.988232126276845
726	19.970755803157118
792	19.96901207056662
851	19.969777158774082
900	19.983000928505312
936	19.96403899721429
957	19.956184772515996
24	19.986521819870145
49	19.964438254410183
58	19.9784447539458
124	19.958857938718523
216	19.985521819870172
381	19.967282265552203
465	19.969010213556402
478	19.972391829154752
539	19.95421727019487
926	19.97747725162515
273	19.964395543175282
279	19.963505106778356
389	19.969955431754588
510	19.959508820798316
547	19.988309192200717
718	19.977258124419944
777	19.976494893222014
1047	19.98206499535754
79	19.986636025998283
368	19.943152274837498
380	19.961363045496586
613	19.973808727948168
674	19.976351903435575
757	19.980306406685475
998	19.950219127204967
1058	19.982047353760475
25	19.96451439182894
98	19.948670380686995
165	19.968675023212853
538	19.91711792014875
680	19.97374001857025
848	19.96163231197756
895	19.97560631383439
102	19.9634159702881
150	19.966274837511854
255	19.980272980501624
283	19.987651810584996
286	19.94842339832862
339	19.951432683379615
367	19.976751160631647
450	19.97826183843974
468	19.976255338904465
475	19.958743732590374
568	19.969793871866038
217	19.980884865366356
304	19.983939647168256
483	19.982056638811585
667	19.982073351903516
834	19.982922934076342
901	19.98307428040875
228	19.97598050139287
416	19.966247910863732
902	19.961615598885647
218	19.961654596100104
328	19.976177344475513
494	19.959756731661827
617	19.980215413185
845	19.98484772516258
933	19.979194057567423
99	19.980266480965895
194	19.975343546889157
419	19.978873723305593
852	19.955190343547244
924	19.97190157845889
598	19.97645682451266
919	19.95796285979609
609	19.981923862581308
940	19.977316620241663
1013	19.95611513463298
529	19.965383472608817
811	19.970994428969547
294	19.980153203342844
523	19.976511606313956
850	19.96888022284146
125	19.982581244197046
161	19.97908542246992
354	19.980009285051295
490	19.978121634168627
604	19.981195914577114
1042	19.97845403899683
442	19.97538718662919
889	19.954289693593182
678	19.963454038997497
788	19.980207056639024
460	19.97821727019462
462	19.96440018570081
379	19.955192200557445
682	19.968129990715205
804	19.974607242340152
762	19.97834447539427
