0	17.803109561753175
32	19.98052788844647
43	19.98067629482097
47	19.980581673307025
58	19.980818725099855
83	20.00054282868552
117	20.0006743027891
121	19.92078884462177
136	20.000755976095867
156	20.000762948207434
161	20.000704183267178
181	19.980556772908614
191	20.00062051792855
208	19.98072211155404
215	20.00046215139467
226	20.000620517928546
233	20.000770916334915
236	20.000674302789097
242	19.92075298804806
244	20.000697211155632
248	20.00054980079706
261	20.000715139442494
273	20.00030876494048
281	20.000737051793084
284	20.000549800797067
286	20.000712151394673
307	20.000784860558028
320	20.000736055777153
366	20.000643426295067
395	20.000676294820973
402	20.00078286852615
404	20.00060657370543
419	20.000443227091882
438	20.000434262948463
442	20.000848605577943
447	20.000634462151652
448	20.000566733067984
451	20.00062948207196
457	20.000716135458422
462	20.00050896414368
482	20.000754980079932
484	20.000767928287114
492	20.000717131474357
495	20.000661354581922
496	20.00060358565763
498	20.000750000000252
506	20.00043127490065
517	20.000461155378737
530	19.980427290836904
543	20.000644422311016
556	20.000711155378745
573	20.00051992031898
597	20.00064243027914
605	20.000782868526144
610	20.000835657370782
612	20.000541832669565
630	20.000709163346862
635	20.000159362550054
645	20.000633466135717
653	20.000801792828938
665	20.00080876494049
668	20.00057768924328
673	20.00047211155404
674	20.00078884462178
686	20.000689243028145
715	20.000673306773173
750	20.000421314741278
752	20.000620517928542
753	20.000585657370774
779	20.000812749004243
796	20.00052290836678
797	20.00083565737077
801	20.000604581673553
802	20.000648406374754
826	20.000780876494282
837	20.00065836653412
841	20.000693227091883
857	20.000717131474364
866	20.000285856573964
867	20.00075000000026
895	20.000594621514196
921	20.000616533864807
944	20.000733067729332
967	20.000671314741297
971	20.000612549801048
974	20.000654382470366
979	20.000601593625746
982	20.000696215139694
992	20.000809760956443
996	20.00055378486081
1	19.958602589641636
6	19.988757968127945
11	19.985485059760578
13	19.954720119521628
64	19.979599601593332
66	19.974837649402435
78	19.96583466135449
81	19.97378984063726
96	19.96780179282847
101	19.963861553784728
107	19.977483067729345
109	19.987563745020065
118	19.964649402390535
143	19.968868525896553
150	19.98374003984079
157	19.96692031872526
167	19.987675298804955
171	19.978836653386445
172	19.986636454183063
180	19.96885657370533
184	19.97671015936261
201	19.97384163346593
213	19.962772908366755
218	19.982748007968087
221	19.978896414342636
224	19.968740039840775
228	19.95080378486086
230	19.981831673306925
234	19.978803784860514
241	19.972525896414357
250	19.979768924302498
256	19.953731075697213
277	19.966861553785016
290	19.960600597609176
297	19.96274601593646
312	19.969839641434653
326	19.96895916334676
327	19.974260956175325
328	19.947890438247086
332	19.97378187250975
338	19.958713147410542
345	19.95285458167308
346	19.986686254979876
351	19.978856573705166
368	19.96663545816747
373	19.97476992031876
393	19.968944223107723
401	19.964842629482145
430	19.977909362550072
466	19.962909362550022
477	19.986728087649194
478	19.970921314741066
497	19.948063745019994
503	19.934058764940474
505	19.97471513944225
513	19.965607569721037
516	19.965761952191166
544	19.9509780876497
549	19.96685756972125
566	19.966729083665477
579	19.987670318725254
608	19.981836653386605
614	19.97877191235059
616	19.96086055776854
624	19.972900398406377
629	19.95393525896412
650	19.96791832669301
656	19.970761952191246
718	19.9604711155375
740	19.961754980079498
747	19.975815737052073
754	19.96183964143407
759	19.97277689243029
761	19.97182171314725
770	19.982638446215088
782	19.97731772908394
809	19.968869521912506
811	19.986720119521717
821	19.97078585657373
824	19.975515936255274
827	19.966753984063875
858	19.96591235059753
860	19.9748565737052
862	19.976662350597667
871	19.93285856573707
875	19.96581374501984
879	19.984695219123527
889	19.946921314740916
894	19.97876494023902
899	19.98063346613534
906	19.977671314741308
908	19.94892231075682
936	19.942797808764695
938	19.96787250995994
947	19.964806772908453
951	19.958902390438443
958	19.979722111553507
960	19.988741035857043
984	19.966685258964272
987	19.969877490040233
988	19.972805776892425
1000	19.959910358565793
2	19.973773904382277
8	19.955939243027817
20	19.97175597609545
23	19.970970119521922
24	19.972729083665364
50	19.98155179282883
60	19.98260956175294
72	19.965762948207065
77	19.965728087649318
84	19.976801792828724
92	19.97249701195221
100	19.98461852589639
108	19.97968127490016
133	19.95573207171308
135	19.96295418326716
155	19.971835657370352
175	19.970888446215152
196	19.969650398406753
219	19.975888446215443
223	19.965934262948114
232	19.97283665338648
235	19.982423306772855
255	19.985601593625113
264	19.97676892430285
280	19.982649402390393
316	19.972908366533876
324	19.959892430278906
339	19.971760956175128
340	19.96952589641474
354	19.982653386454142
358	19.954736055776614
369	19.948823705179137
370	19.987681274900574
391	19.96976792828723
410	19.988762948207633
421	19.953719123505948
422	19.9748097609562
427	19.962417330677514
435	19.977869521912616
439	19.9796862549798
440	19.97056972111559
446	19.976803784860618
453	19.97541633466163
463	19.964899402390518
470	19.9599272908367
511	19.97260059760957
512	19.977695219123788
521	19.983614541832793
551	19.971895418326504
567	19.987554780876657
590	19.966914342629632
607	19.982069721115483
682	19.97463147410362
690	19.977776892430537
691	19.976792828685312
697	19.981339641434403
712	19.93508067729079
720	19.97237549800801
725	19.968900398406525
729	19.96077091633428
730	19.955377490039762
793	19.98673107569699
798	19.9727629482072
819	19.957882470119504
829	19.972790836653406
832	19.99063944223096
855	19.982758964143365
883	19.962959163346856
888	19.969964143426672
891	19.973704183266758
896	19.957641434262946
923	19.96494123505985
939	19.96961254980114
953	19.989691235059873
968	19.968822709163497
995	19.93589741035823
998	19.96877290836667
3	19.973866533864346
5	19.957786852589624
15	19.966974103585805
19	19.984749003984064
28	19.978724103585638
38	19.962915338645633
45	19.96371912350586
46	19.98255577689239
51	19.97476693227094
68	19.963824701195094
76	19.970904382470138
127	19.967593625497788
128	19.95678984063764
152	19.967827689242814
166	19.97782968127516
168	19.97763446215166
205	19.977709163346873
207	19.97856474103586
212	19.98258864541827
225	19.974767928286884
231	19.98988247011963
274	19.979728087649114
283	19.98274601593621
314	19.95192231075707
315	19.9788306772908
353	19.97970318725072
367	19.962878486056
409	19.982679282868467
417	19.99078187250983
426	19.9816852589643
431	19.976864541832718
458	19.976767928286915
461	19.97373007968107
467	19.979806772908088
473	19.9806952191234
494	19.964896414342714
504	19.983498007968254
533	19.975777888446487
550	19.980751992031745
568	19.98575498007928
574	19.93881075697201
589	19.97780876494051
603	19.965926294820648
632	19.985799800796414
633	19.95456872509931
662	19.982791832669268
701	19.968945219123647
707	19.976864541832715
724	19.986769920318537
733	19.984713147410353
771	19.982707171314694
774	19.97582868525925
776	19.97690039840643
790	19.983636454183408
799	19.980797808764844
804	19.985795816732637
816	19.984554780876493
836	19.987796812749185
838	19.965347609561697
840	19.984772908366555
854	19.968833665338785
864	19.946653386454038
872	19.970939243027917
901	19.980574701195106
911	19.989778884462257
919	19.980751992031756
932	19.947980079681354
935	19.97582470119552
972	19.98455079681274
977	19.959610557768997
978	19.98382370517943
1003	19.967708167330454
4	19.943891434263094
12	19.970474103585698
17	19.978724103585645
27	19.95963446215141
31	19.96693326693242
40	19.98876593625544
52	19.96398505976083
54	19.948876494023747
70	19.959703187251055
74	19.967814741035617
93	19.97390637450177
116	19.984585657370538
125	19.97877888446213
126	19.96494223107579
132	19.949629482071803
134	19.987705179283015
142	19.98487450199202
146	19.953942231075672
149	19.965775896414275
153	19.97093127490042
170	19.980821713147304
178	19.96076792828648
179	19.978595617529862
199	19.983556772908496
209	19.98454581673305
247	19.98381474103599
276	19.981364541832807
288	19.98357370517942
289	19.970729083665354
293	19.96782270916312
318	19.959667330677313
356	19.983793824701333
374	19.969896414343015
385	19.970583665338676
396	19.95483565737024
403	19.96089641434225
411	19.970895418326712
425	19.972927290836672
437	19.979849601593333
441	19.981705179283008
450	19.967605577689014
493	19.971882470119336
514	19.921867529880362
539	19.963625498007826
541	19.97343227091614
545	19.965616533864452
563	19.965845617529816
588	19.97972410358538
623	19.96471115537856
625	19.974757968127527
639	19.979941235059474
649	19.967890438246794
659	19.961725099601406
660	19.977799800797083
664	19.98181374502008
698	19.96373207171303
714	19.957941235059753
722	19.98471613545817
732	19.975773904382763
743	19.955840637450144
744	19.985410358565368
745	19.981757968127635
764	19.958818725099782
775	19.981864541832827
789	19.966947211155524
851	19.97348705179264
904	19.972908366533883
915	19.966882470119668
918	19.979764940238773
941	19.975857569721406
946	19.97471912350599
948	19.976805776892476
963	19.977592629482338
975	19.981690239043974
9	19.97266135458169
21	19.98062450199192
37	19.95558764940232
69	19.96358764940227
73	19.96970517928325
160	19.983748007968277
177	19.967791832669125
249	19.963770916334536
257	19.971736055776738
267	19.966604581673447
268	19.94885458167315
300	19.954571713147125
301	19.97770418326721
303	19.973808764940053
317	19.981587649402545
335	19.984873505976097
347	19.974781872509986
352	19.953368525896387
365	19.96385358565724
394	19.980746015936145
423	19.938956175298724
434	19.98776792828703
443	19.974762948207186
464	19.915078685259118
507	19.979859561752686
519	19.968826693227243
528	19.97277888446216
537	19.98774601593646
557	19.965740039840554
562	19.960797808764546
570	19.97270119521916
577	19.975756972111846
599	19.97065139442234
600	19.98669123505955
621	19.965719123505902
637	19.950934262948522
658	19.98477191235059
678	19.984680278884454
694	19.976869521912413
703	19.975825697211445
710	19.9848406374502
777	19.97581772908394
778	19.95786354581672
780	19.94469721115581
783	19.984728087649398
792	19.979776892429992
817	19.963804780876366
835	19.971775896414172
905	19.9626942231078
929	19.984677290836622
950	19.967858565736822
952	19.966714143426437
973	19.964878486055863
989	19.975765936255275
999	19.982638446215088
14	19.96993027888485
30	19.96493924302799
35	19.98573605577649
56	19.98676693227071
86	19.965834661354517
90	19.956767928287054
91	19.976767928286908
99	19.969377490040216
102	19.967900398406154
120	19.967796812748777
138	19.940746015936213
148	19.96795816733044
159	19.977749003984332
165	19.954870517928025
173	19.9788247011952
182	19.950941235060064
183	19.94285258964118
186	19.96770916334637
217	19.97277490039842
237	19.93998406374513
246	19.98380776892444
260	19.9617221115536
266	19.981805776892582
330	19.941025896414292
331	19.969634462151756
355	19.958939243028087
357	19.983758964143572
364	19.981767928287017
377	19.972921314741065
380	19.983717131474247
389	19.96570916334652
408	19.973914342629275
414	19.98355478087663
424	19.985682270915927
445	19.951960159362635
468	19.976835657370557
471	19.978658366533853
480	19.959851593625555
491	19.965822709163277
501	19.982724103585614
535	19.974881474103604
552	19.97282470119525
555	19.981815737051946
569	19.953621513944203
575	19.970864541832693
592	19.96687649402405
613	19.987713147410535
617	19.972902390438275
638	19.97579282868555
643	19.964745019920397
657	19.965820717131372
661	19.96659163346627
670	19.96964840637489
671	19.973892430278678
721	19.97486952191238
726	19.955793824701136
728	19.96977888446252
742	19.977774900398682
758	19.98878386454229
769	19.98573904382429
795	19.97276394422313
803	19.966816733067873
825	19.965822709163245
830	19.98676992031852
846	19.977715139442495
852	19.95888346613566
853	19.9488505976094
863	19.9787579681275
882	19.97382270916313
890	19.959814741035878
893	19.94195517928243
927	19.974800796812783
965	19.980691235059652
983	19.97177589641419
985	19.970809760956197
993	19.97881573705176
7	19.98080677290827
16	19.964848605577778
25	19.977605577689527
49	19.984765936254988
87	19.962442231075933
105	19.981925298804942
122	19.981017928287
158	19.919904382469948
197	19.982453187250968
200	19.9665239043826
245	19.963215139442102
279	19.97766832669349
295	19.982565737051758
305	19.9705129482072
333	19.982761952191183
336	19.961752988047614
348	19.97592031872538
371	19.99077788844611
415	19.967936254979858
418	19.98772011952208
436	19.98369920318738
476	19.98242131474101
542	19.98164243027904
615	19.956752988048002
620	19.96290338645441
669	19.969932270916726
739	19.972733067729106
748	19.96739442231054
751	19.988721115538304
762	19.974621513944243
763	19.962802788844836
765	19.966845617530034
766	19.938908366533777
787	19.974754980079712
805	19.959772908366546
828	19.963857569720986
843	19.96567231075689
849	19.981777888446363
874	19.96777589641412
886	19.975774900398687
909	19.979737051792537
930	19.97184262948191
942	19.969843625498406
969	19.96362051792817
80	19.96003087649407
95	19.95387051792826
106	19.972721115537855
169	19.963939243027763
262	19.97292729083667
263	19.95665836653408
296	19.976635458167394
304	19.953910358565704
323	19.983838645418473
344	19.98580677290794
382	19.979690239043546
383	19.977869521912623
399	19.97368227091614
433	19.978769920318708
469	19.983217131474234
479	19.95986155378493
489	19.978745019920265
526	19.954723107569446
536	19.987713147410524
547	19.964897410358656
648	19.973776892430074
684	19.962806772908575
685	19.98566434262908
716	19.969674302789226
746	19.982790836653326
772	19.97780677290864
786	19.977578685259243
807	19.965903386454105
813	19.963969123505855
842	19.960785856573345
861	19.969859561753374
887	19.96996115537889
892	19.967924302788624
928	19.9634571713146
940	19.974712151394446
956	19.961754980079498
1001	19.949923306772973
42	19.98267231075694
82	19.975633466135747
98	19.97579183266961
140	19.970658366533875
190	19.97581075697239
198	19.980579681274797
259	19.985699203186847
298	19.98573705179244
310	19.968712151394563
319	19.972882470119544
322	19.972651394422343
329	19.981753984063904
376	19.957593625498017
379	19.949681274900488
454	19.984924302788833
483	19.98353087649415
485	19.971873505975918
509	19.972898406374526
565	19.985810756971713
596	19.975860557769206
601	19.974845617529915
619	19.94877490039825
622	19.973809760955973
642	19.93195517928312
663	19.950857569721407
706	19.965781872509876
711	19.979901394422
859	19.969667330677662
876	19.959914342629503
910	19.974754980079705
957	19.97070219123509
959	19.97082370517932
1002	19.984690239043807
10	19.971874501991888
75	19.97566235059788
112	19.968943227091785
113	19.957938247011953
115	19.979710159362288
210	19.962846613546038
285	19.980691235059652
349	19.972685258964148
392	19.97383466135437
452	19.953513944223094
465	19.974850597609578
500	19.966771912350733
515	19.960876494023523
572	19.964703187251068
578	19.98571513944183
593	19.9836364541834
595	19.96174203187231
640	19.96984063745058
651	19.982733067729033
667	19.977781872510217
672	19.94881872509945
708	19.957912350597613
756	19.9608675298801
808	19.974875498008004
823	19.967888446214932
847	19.984710159362564
865	19.98172211155393
877	19.958732071713335
881	19.97386852589622
885	19.968771912350743
912	19.9768117529881
917	19.97062350597613
920	19.983520916334793
922	19.98355378486067
990	19.974884462151422
22	19.97981175298777
36	19.976832669322746
88	19.97164043824688
129	19.936723107569584
206	19.967810756971893
229	19.96428187251005
251	19.971314741035677
287	19.96071812748966
361	19.974858565737073
378	19.97286354581675
407	19.9777450199206
449	19.987591633466288
460	19.983603585657505
474	19.9727440239044
488	19.936989043824568
490	19.96052888446177
520	19.974491035856598
538	19.94391035856587
571	19.97280478087652
581	19.983686254980213
606	19.973736055776687
644	19.973893426294623
652	19.960702191234702
655	19.97681972111558
699	19.965771912350537
785	19.974813745019933
788	19.988532868526338
815	19.978776892430243
850	19.942792828685015
986	19.979691235059498
55	19.966813745020072
79	19.973855577689044
103	19.980875498007855
154	19.964883466135536
174	19.967706175298584
185	19.986655378485853
194	19.97488346613549
203	19.980820717131373
239	19.961979083665145
258	19.97488247011956
271	19.972765936254987
308	19.968607569721257
343	19.965749003983976
384	19.97058266932274
397	19.978838645418307
502	19.98871414342676
525	19.983690239043977
559	19.98584262948167
576	19.97874003984063
679	19.97586055776921
693	19.9617440239042
735	19.949724103585744
741	19.964800796812845
755	19.976883466135526
757	19.980818725099496
844	19.98261254980075
878	19.961799800796623
880	19.977571713147682
933	19.954833665338345
937	19.963833665338516
943	19.968906374502136
964	19.967800796812543
997	19.96534960159354
29	19.969651394422677
163	19.971866533864382
220	19.983755976095757
222	19.97677091633469
265	19.970601593625524
309	19.98073406374491
350	19.9768834661355
386	19.97171115537832
459	19.967811752987824
546	19.964780876494114
554	19.96891832669338
611	19.96089243027851
666	19.96368227091621
695	19.964702191235133
704	19.94089840637447
794	19.96564641434254
945	19.97073804780877
981	19.97192131474087
41	19.97482270916337
61	19.957964143426295
62	19.97293924302791
65	19.979840637449907
123	19.96080776892393
292	19.97884860557769
299	19.956737051793024
311	19.972713147410346
321	19.950869521912665
372	19.948942231075552
455	19.973930278884264
510	19.975875498008257
527	19.945956175298868
534	19.963815737051675
594	19.9609581673303
627	19.94395617529897
646	19.96138745019901
687	19.975868525896693
768	19.97074501992034
902	19.975823705179568
934	19.976811752988105
97	19.974817729083682
139	19.970798804780898
227	19.981736055777056
238	19.93600199203153
282	19.982767928286812
405	19.97768227091659
499	19.950793824701496
508	19.963717131474002
523	19.967914342629268
558	19.976647410358606
631	19.951728087649492
800	19.96791633466112
820	19.96878685258978
856	19.956647410358777
868	19.98459960159363
884	19.967748007967916
39	19.969768924303164
114	19.960848605577315
131	19.96893525896429
360	19.973642430278684
362	19.970807768924313
375	19.969828685259355
420	19.968748007968273
487	19.970885458167352
529	19.986788844621326
587	19.97175597609542
680	19.969948207171697
681	19.983665338645565
734	19.966876494024046
767	19.988681274900856
924	19.96687948207187
926	19.97583964143454
970	19.986714143426088
110	19.986693227091433
111	19.9738266932269
141	19.97584661354611
189	19.94685458167319
253	19.9776932270919
291	19.987700199203367
313	19.978622509960132
325	19.97875796812748
429	19.981823705179433
532	19.945583665338717
583	19.964843625498094
696	19.978618525896415
737	19.989664342629602
810	19.98362948207185
834	19.974854581673334
18	19.96775398406353
44	19.97684860557774
119	19.956519920318936
130	19.976566733067777
202	19.983844621514077
216	19.971900398406195
341	19.971911354581465
342	19.97461952191238
413	19.97783565737079
432	19.979852589641144
486	19.967728087649178
524	19.97461553784864
591	19.959848605577726
604	19.93907171314732
641	19.98465139442233
705	19.985635458166932
709	19.9775806772911
736	19.972855577689266
925	19.9657709163346
955	19.974715139442253
26	19.96630079681289
71	19.961686254979874
104	19.975767928287155
145	19.97378486055756
162	19.983627490039986
188	19.956015936254914
195	19.98148007968141
275	19.980883466135342
416	19.955912350597554
428	19.94994223107579
475	19.98360358565751
531	19.972689243027894
580	19.95669123505996
618	19.937918326693506
675	19.96664741035871
677	19.95796314741036
719	19.966854581673452
831	19.984530876494034
976	19.92287350597622
85	19.974726095617548
204	19.9886135458172
252	19.98078187250986
270	19.97173107569704
553	19.965907370517854
561	19.97291434262949
598	19.9778386454186
626	19.975716135458452
914	19.968874501992183
991	19.979892430278607
33	19.971900398406213
67	19.9677041832667
124	19.970854581673336
144	19.973701195218908
193	19.9639243027887
272	19.974905378486092
363	19.949726095617617
400	19.962755976095835
481	19.977877490040115
634	19.968860557769073
683	19.96798505976071
689	19.94398904382485
781	19.953537848605546
791	19.9676623505974
812	19.971807768924137
848	19.976716135458215
870	19.96774999999977
931	19.957829681274884
949	19.975759960159643
63	19.969946215139828
137	19.981734063745172
269	19.98340239043838
294	19.963848605577574
306	19.96994920318763
518	19.968968127490182
584	19.958719123506185
818	19.978651394422283
869	19.974591633466165
980	19.96683466135474
147	19.962570717131687
302	19.970873505976108
334	19.97882071713145
602	19.974811752988074
700	19.974843625498043
738	19.976778884462185
806	19.97881573705178
961	19.98476693227092
966	19.97582470119551
176	19.94696414342619
214	19.98058864541822
472	19.98335258964157
582	19.946681274900254
723	19.946584661354493
784	19.959892430278927
897	19.968859561753145
359	19.980677290836546
388	19.97283466135459
548	19.971822709163195
898	19.968839641434407
187	19.981670318725254
760	19.984728087649394
873	19.98679980079661
907	19.983504980079825
954	19.98151095617546
59	19.978831673306736
94	19.95791832669321
398	19.977800796813025
903	19.981607569721273
913	19.97688844621519
53	19.96384063745007
278	19.976742031872565
406	19.979868525896133
676	19.974859561753014
717	19.98176892430294
749	19.946919322709032
814	19.98271912350593
962	19.962717131474335
48	19.982731075697174
240	19.97888346613543
444	19.971801792828515
456	19.97372908366514
540	19.970726095617533
585	19.96090438246975
773	19.96380876494011
822	19.96792231075674
337	19.98370418326706
412	19.960637450198845
522	19.981717131474255
654	19.980728087649297
900	19.981706175298953
151	19.939588645418432
243	19.964740039840727
560	19.976723107569786
833	19.944904382470533
254	19.97782669322736
692	19.980729083665228
994	19.977703187251276
702	19.956778884462338
34	19.952896414342362
731	19.948883466135296
192	19.983739043824848
636	19.924116533864265
845	19.987562749004148
609	19.982737051792782
839	19.953589641434235
381	19.958896414342828
688	19.959929282868593
387	19.95681772908388
586	19.96778784860537
628	19.9658784860557
713	19.978675298804784
89	19.944713147410766
564	19.97480278884464
164	19.971623505975945
647	19.968785856573845
211	19.94301294820694
390	19.971827689242858
727	19.959684262948265
57	19.983499003984186
916	19.963933266932166
