0	0.87884858
1	0.82775577
2	0.87485991
3	0.86975643
4	0.87823290
5	0.87677407
6	0.85783617
7	0.84640937
8	0.87742484
9	0.87686819
10	0.85512767
11	0.86722810
12	0.87889826
13	0.87137800
14	0.85784575
15	0.81528497
16	0.87897625
17	0.87893181
18	0.87884641
19	0.87856100
20	0.87874684
21	0.87838366
22	0.87886275
23	0.87916100
24	0.87798366
25	0.87892636
26	0.87850566
27	0.87898148
28	0.87858519
29	0.87881983
30	0.87836885
31	0.87781111
32	0.87786253
33	0.87864815
35	0.87870806
36	0.87628148
37	0.87349259
41	0.87837647
42	0.87110632
45	0.87419673
49	0.86956318
53	0.86127952
54	0.87734183
55	0.87667102
56	0.86940937
59	0.83908061
60	0.87249521
61	0.87598301
62	0.83250959
65	0.85537669
71	0.87231176
76	0.84378322
77	0.86785534
78	0.85664248
80	0.85890545
82	0.83533529
89	0.85702745
91	0.83614641
92	0.85977538
99	0.86159477
101	0.80567756
107	0.83975556
109	0.82239521
110	0.84848932
118	0.79044205
124	0.83160349
126	0.84346536
132	0.84541416
139	0.83059956
144	0.84027386
159	0.82744662
161	0.79261961
167	0.80606797
173	0.83623486
175	0.78093203
182	0.82708126
184	0.81528257
186	0.79848845
190	0.78961983
195	0.76698845
200	0.79340806
201	0.79070763
207	0.82091002
216	0.79361307
217	0.78216035
220	0.81261939
227	0.78784009
232	0.78669608
236	0.76941852
239	0.75684074
244	0.75245033
245	0.73428061
246	0.75091176
247	0.78343769
248	0.77702963
261	0.75554270
262	0.77889303
277	0.73235381
292	0.77216318
293	0.74053725
295	0.73886601
309	0.72291307
311	0.73073834
315	0.72842658
318	0.76151678
339	0.67794749
341	0.71737233
350	0.71812941
353	0.73476819
357	0.71635556
358	0.68939434
361	0.70310523
363	0.72855904
371	0.70488802
373	0.70827473
384	0.70299455
401	0.69212919
409	0.67543486
418	0.69232614
421	0.69926885
431	0.68297037
432	0.69385969
454	0.69043682
44	0.87364444
75	0.86837407
79	0.87281460
94	0.83583486
100	0.85378453
106	0.84888170
121	0.83782810
150	0.80506471
235	0.77822266
254	0.76175054
268	0.74075621
278	0.73434532
307	0.72443072
319	0.71913442
362	0.73086797
413	0.66997298
38	0.87845795
50	0.86928170
64	0.85775795
70	0.86707102
73	0.81990370
90	0.81995556
98	0.84685969
108	0.85709020
120	0.84734379
122	0.85211634
125	0.83781176
128	0.85997734
142	0.81859913
145	0.84661525
149	0.80633181
165	0.79666209
166	0.81980741
181	0.79811329
185	0.79306841
203	0.82028475
228	0.75739826
263	0.76595795
272	0.72273072
273	0.73838562
328	0.70280915
349	0.71344510
375	0.66606645
379	0.69292244
400	0.68095817
408	0.70641656
439	0.68372200
456	0.66213377
57	0.87118780
66	0.85720218
67	0.84558932
85	0.83956078
86	0.84412113
88	0.86001176
95	0.83273486
117	0.85464989
127	0.82193159
171	0.77362789
183	0.83386449
197	0.76977821
225	0.76436623
233	0.76118889
252	0.75126797
258	0.78589521
275	0.75370196
279	0.71822571
285	0.74551939
301	0.75099281
304	0.75297974
325	0.68144009
333	0.68388736
336	0.74220392
381	0.67782462
382	0.67842004
437	0.68720697
442	0.66969935
455	0.67400153
34	0.87824597
43	0.87735948
47	0.86287081
48	0.87472004
52	0.85961721
68	0.87446492
74	0.86025991
81	0.86696797
84	0.85984858
105	0.85680937
112	0.78180959
153	0.80888715
155	0.80885490
174	0.81802462
176	0.79290566
178	0.80929978
194	0.76324967
206	0.77786841
208	0.81380305
222	0.79121351
234	0.79731176
308	0.73262418
312	0.76506144
316	0.72620283
317	0.73593943
343	0.69154946
344	0.73442876
347	0.71726492
354	0.74108780
360	0.70495011
364	0.71336405
368	0.71605926
370	0.70277712
396	0.68505294
405	0.67798780
415	0.66287102
422	0.68364619
434	0.70788911
438	0.69611939
39	0.87805447
46	0.86629150
97	0.84988693
116	0.81051983
154	0.79812048
156	0.81316078
158	0.84102985
172	0.76322680
177	0.77117298
191	0.73623987
198	0.78010588
264	0.77747908
280	0.78439477
355	0.67334815
372	0.71285534
393	0.66769368
399	0.66684161
404	0.68693878
40	0.87823878
63	0.85951394
69	0.86269172
93	0.80927277
164	0.80885556
211	0.77867756
255	0.78288802
287	0.73722549
300	0.72349477
305	0.73681068
342	0.72717124
376	0.69860741
392	0.69284031
427	0.67131939
51	0.86022397
130	0.81423900
134	0.79590218
218	0.76565098
256	0.71544815
284	0.79131198
291	0.73459913
332	0.68755403
356	0.70069390
429	0.70473791
445	0.66869216
188	0.77447538
199	0.72066906
204	0.76571068
240	0.76889303
270	0.73140305
274	0.75681590
294	0.74606993
329	0.75876362
367	0.67780349
412	0.68086449
414	0.67286667
417	0.68713442
419	0.70200305
423	0.68306122
449	0.66286993
102	0.86778257
113	0.84654161
151	0.78553115
157	0.80701939
210	0.83169956
226	0.78495251
238	0.71745882
242	0.74981198
251	0.75475664
335	0.71502440
369	0.72010654
374	0.69575185
391	0.69845969
428	0.67650414
111	0.82532462
141	0.77988410
143	0.76228649
180	0.79730523
192	0.76202244
214	0.76532113
249	0.80537015
306	0.73772070
323	0.72791416
377	0.71199869
58	0.87807342
72	0.83084009
170	0.76023203
209	0.77283638
224	0.75933878
269	0.74137996
303	0.74287712
425	0.69276362
83	0.86857277
115	0.83697473
133	0.83334379
138	0.80420523
140	0.79947865
152	0.83623181
169	0.81689325
196	0.81408061
202	0.74507669
205	0.78793813
213	0.79058802
219	0.76627821
229	0.78174270
283	0.72415795
299	0.72602723
314	0.71989521
321	0.71457037
324	0.68755664
351	0.70552440
365	0.73742985
386	0.66963834
390	0.67720741
441	0.66440828
260	0.77641438
265	0.71223115
271	0.72576057
411	0.72081569
452	0.67652026
147	0.77438671
179	0.78784553
212	0.80135664
327	0.69638627
394	0.69685991
403	0.67525098
87	0.84010000
104	0.86038911
119	0.80540588
129	0.81944793
162	0.77624771
189	0.75761939
215	0.77636187
230	0.74775577
282	0.77973050
297	0.74963747
302	0.73625425
313	0.70772353
322	0.73191176
346	0.72035773
380	0.70635033
385	0.68253464
103	0.86334139
123	0.81200349
136	0.78495294
148	0.80056013
221	0.78409063
231	0.79093529
243	0.75678802
250	0.75087887
276	0.68192484
340	0.74393333
424	0.68951089
440	0.67251721
444	0.67682723
96	0.86963377
131	0.81262309
163	0.76845054
168	0.81559913
387	0.67219586
410	0.71348606
416	0.69389935
426	0.66925076
436	0.66368257
448	0.68399717
114	0.84322505
193	0.71923987
223	0.78584837
253	0.74487407
402	0.70220327
146	0.81159194
160	0.83453660
187	0.81343682
286	0.74816558
290	0.71618257
298	0.80660741
310	0.71103377
337	0.75419216
352	0.72650501
457	0.67266100
398	0.68505752
446	0.65997146
135	0.85755534
257	0.78168410
266	0.78299368
296	0.75334684
407	0.71937146
447	0.65814771
450	0.66602593
458	0.66922919
137	0.84801460
241	0.74453399
267	0.73811656
383	0.66582876
430	0.65956100
433	0.67525229
237	0.74329150
281	0.74920501
378	0.74595403
397	0.67650370
443	0.67368780
289	0.69073094
338	0.70162157
395	0.73391024
388	0.69246449
389	0.68408889
420	0.69702527
326	0.72429303
331	0.72103704
320	0.71457451
330	0.67838192
451	0.67127102
259	0.75465730
288	0.73914815
348	0.68690871
359	0.68256166
345	0.71295076
453	0.67400218
366	0.69867124
406	0.66598736
334	0.75386580
435	0.68381285
