0	0.87893407
1	0.84357560
2	0.87048085
3	0.87796411
4	0.86521875
5	0.86745706
6	0.86507964
7	0.87437339
8	0.87571734
9	0.86770202
10	0.87444940
11	0.87643508
12	0.87470161
13	0.87745302
14	0.87344798
15	0.87414214
16	0.87871552
17	0.87889012
18	0.87861714
19	0.87876976
20	0.87844798
21	0.87881996
22	0.87853387
23	0.87886089
24	0.87850968
26	0.87880282
30	0.87504173
31	0.87802742
34	0.87734980
36	0.87848972
37	0.87834657
39	0.87791573
41	0.87781935
42	0.87807782
43	0.87380625
46	0.87187238
47	0.87685484
50	0.87259859
53	0.87343185
57	0.87418206
60	0.87214012
61	0.87608649
63	0.87098911
68	0.81771431
70	0.87125565
71	0.84913085
72	0.87339637
75	0.84454073
81	0.87196028
82	0.85264274
83	0.85862480
84	0.84915121
89	0.85075706
94	0.86108911
95	0.86663851
96	0.85449395
97	0.84521875
98	0.86878810
100	0.85463105
101	0.85965161
102	0.82757903
103	0.86213488
107	0.84754597
108	0.79195282
109	0.85305302
111	0.85376532
116	0.84218972
119	0.79134980
133	0.84855605
134	0.85090665
136	0.79834395
139	0.83492298
140	0.80063851
151	0.76189093
153	0.81760302
154	0.84434496
155	0.79431270
159	0.77476532
163	0.84497923
165	0.80337319
168	0.79261351
169	0.79695262
172	0.80069516
174	0.80109556
175	0.83938851
179	0.82754738
188	0.80873569
190	0.81258306
194	0.79187742
196	0.80026028
198	0.80685222
199	0.80612500
206	0.75923609
208	0.75898286
210	0.78901895
211	0.77707702
213	0.76110262
214	0.82007440
222	0.81947641
223	0.75270504
236	0.79375766
239	0.73302258
258	0.78360524
269	0.71133669
273	0.75774536
280	0.77733931
283	0.73018992
290	0.77691431
291	0.74120161
292	0.73901169
294	0.69747238
295	0.73457903
300	0.74914214
303	0.78372782
311	0.76583448
313	0.77819355
315	0.72219738
322	0.74216331
337	0.70394718
338	0.69519960
346	0.72927601
351	0.68992984
362	0.71094899
366	0.71956069
370	0.73886774
383	0.69756734
386	0.72169335
393	0.73416593
394	0.69264496
395	0.70022782
411	0.68318125
428	0.70315343
435	0.67952802
437	0.68058770
441	0.67984254
445	0.68384052
450	0.70808085
459	0.69848569
461	0.67883488
48	0.87803145
64	0.84392944
66	0.87201593
67	0.87609556
80	0.85112601
123	0.83230242
164	0.80883690
200	0.82243569
207	0.80792036
215	0.74541593
226	0.76008931
238	0.77786694
242	0.76301815
256	0.72518952
277	0.76771935
286	0.76192621
350	0.71768327
398	0.69699657
443	0.70959194
25	0.87824335
28	0.87860363
29	0.87842560
32	0.87796190
33	0.87584677
45	0.87825161
49	0.87325645
51	0.87322903
58	0.87005948
59	0.87261815
76	0.85689173
91	0.86090504
93	0.84239919
113	0.84576714
145	0.84899234
147	0.77632218
158	0.84952883
160	0.79176875
161	0.80314980
177	0.79258468
180	0.84043004
235	0.78492117
347	0.70785706
353	0.69914274
354	0.68173065
363	0.71458024
378	0.69674294
399	0.68789496
401	0.69399597
419	0.73482077
475	0.67194617
493	0.67829133
38	0.87691714
40	0.87852702
44	0.87681694
54	0.87109556
73	0.87119415
86	0.86583266
104	0.86247984
127	0.84501714
130	0.82863427
144	0.85049839
148	0.80892359
167	0.81234456
171	0.81161835
183	0.82993044
185	0.77584294
203	0.79609919
212	0.74350786
216	0.77141008
249	0.74253629
260	0.80084073
305	0.80441996
336	0.70532964
344	0.71466694
368	0.67341431
369	0.72760887
375	0.71436190
379	0.72397601
396	0.71643448
426	0.69403911
429	0.70137419
438	0.67674677
447	0.69469073
468	0.67957661
471	0.67143992
480	0.68010081
27	0.87877198
88	0.86182560
106	0.82100786
115	0.84249093
301	0.74876573
306	0.68943226
335	0.73956915
340	0.72110504
365	0.71967198
389	0.69988105
403	0.69906331
482	0.68683629
494	0.68840806
87	0.85346008
126	0.75621089
149	0.81995282
182	0.80580222
205	0.76787863
224	0.79966573
293	0.81364274
312	0.71382581
421	0.71924234
431	0.69939597
466	0.68114577
467	0.68117823
56	0.87743831
65	0.86616653
118	0.79903367
240	0.75438770
241	0.70649335
252	0.81257964
259	0.76974577
261	0.76843952
279	0.71627278
285	0.73179093
307	0.74605464
408	0.69610242
444	0.68919536
451	0.70399859
454	0.70928831
473	0.66381190
486	0.66913427
35	0.87451048
62	0.86943508
79	0.85027177
85	0.83311512
114	0.80451250
132	0.84048387
176	0.77354980
201	0.76033891
247	0.76319698
250	0.78453589
264	0.78391452
289	0.71101754
309	0.76096270
314	0.73457419
391	0.75001613
392	0.67474879
412	0.68584415
52	0.87827984
99	0.85338810
117	0.81562520
124	0.84680323
141	0.83980665
152	0.82725847
197	0.82015988
227	0.81662218
232	0.79269375
266	0.71445423
319	0.78872762
332	0.72123085
333	0.68842843
361	0.67949032
413	0.68477238
453	0.68024375
491	0.67787500
55	0.86744899
77	0.76474032
157	0.85072319
162	0.80350988
195	0.75144778
243	0.73131573
327	0.70349234
348	0.75054597
356	0.71340343
433	0.67157641
446	0.70027359
78	0.86616633
92	0.85144657
105	0.85217056
112	0.82202540
120	0.79584052
137	0.75160101
156	0.81944617
170	0.82601028
218	0.82342177
230	0.71468810
237	0.79674133
275	0.69452923
278	0.71595907
288	0.77804617
359	0.74604052
405	0.72224435
470	0.67005222
485	0.66864355
492	0.67279153
122	0.84735504
138	0.82913669
143	0.82453569
191	0.73810867
229	0.72896391
263	0.73958972
320	0.77880383
355	0.72976532
434	0.68165827
440	0.70378327
464	0.67844173
178	0.82610827
186	0.81049294
219	0.77816472
234	0.79669758
284	0.73364294
296	0.70455706
321	0.72221270
334	0.70569556
341	0.72707218
358	0.72814395
371	0.71589738
374	0.70432238
69	0.87361935
125	0.82910242
166	0.85505605
173	0.81994859
184	0.82157782
187	0.81414052
189	0.81228911
228	0.79515504
246	0.76586552
253	0.77509476
254	0.78536714
287	0.75199859
299	0.72682520
328	0.74257480
339	0.69127802
357	0.69883569
146	0.81956069
262	0.75132722
343	0.69611109
345	0.75542923
360	0.75597762
415	0.71160020
417	0.69346673
439	0.70182823
489	0.66820968
90	0.86854798
142	0.80359435
202	0.76204194
209	0.77337016
248	0.77572258
318	0.74881149
373	0.67992359
423	0.68888206
479	0.67917944
490	0.68431754
495	0.67496694
74	0.87497117
129	0.82817056
150	0.78551996
181	0.78716613
193	0.75411956
220	0.80956048
317	0.73628145
331	0.72356452
376	0.71341270
377	0.72242339
388	0.73522641
432	0.67261371
488	0.67480161
135	0.79572762
192	0.80531593
221	0.76415665
231	0.80956351
244	0.77476391
281	0.77104355
308	0.73679698
325	0.72713427
367	0.71276089
409	0.69212419
416	0.69541855
418	0.68839798
427	0.67406210
458	0.71066129
484	0.68268165
487	0.67977742
110	0.86508690
217	0.81720060
268	0.76115585
270	0.72623044
276	0.77186552
282	0.75072016
310	0.74331109
457	0.66881552
462	0.67628105
472	0.67582319
204	0.80385262
225	0.82473911
297	0.76920766
298	0.76086653
324	0.75318306
342	0.70622056
364	0.72036129
372	0.70628609
385	0.69249556
390	0.67075948
410	0.69887460
420	0.67208569
456	0.69744980
477	0.69071048
478	0.66112419
121	0.83402097
131	0.83794315
272	0.73709677
326	0.76547802
380	0.71074113
404	0.73811774
424	0.68761855
474	0.68681048
257	0.80486653
265	0.77650363
381	0.71682440
382	0.71504617
406	0.70680000
481	0.66855605
245	0.75245081
387	0.73239254
274	0.74072742
397	0.68395746
414	0.68057661
430	0.71424456
128	0.83458347
267	0.77813649
352	0.70073710
402	0.71172117
233	0.78639677
302	0.74062520
460	0.69120585
271	0.77394577
442	0.70335847
469	0.67361129
476	0.66362560
255	0.76623145
465	0.67634798
304	0.78368508
316	0.69349637
449	0.67273185
349	0.74519153
400	0.69139496
425	0.70866794
448	0.68094254
407	0.70352944
329	0.73605060
251	0.77944435
384	0.69784456
436	0.69887742
452	0.68648831
323	0.69161008
330	0.74860766
483	0.65028468
455	0.68648488
422	0.67217964
463	0.66604556
