0	0.87702823
1	0.48727129
2	0.87710526
3	0.87620622
4	0.85536914
5	0.86766196
6	0.86144856
7	0.86007416
8	0.87158421
9	0.87218349
10	0.87322799
11	0.87247416
12	0.81514474
13	0.87208660
14	0.76151077
15	0.76192560
16	0.87697488
17	0.87685598
18	0.87710072
19	0.87690837
20	0.87731651
21	0.87708469
22	0.87594761
23	0.87705813
24	0.87687344
25	0.87716675
26	0.87679761
27	0.87730766
28	0.87737823
29	0.87687703
30	0.87679450
32	0.87666579
33	0.87307608
34	0.86579976
35	0.87231794
36	0.87697464
37	0.87232081
38	0.87686364
39	0.87599952
40	0.87427990
42	0.87416651
46	0.84746770
49	0.87548038
50	0.87039713
52	0.86346722
53	0.87246555
54	0.86744306
55	0.85811244
56	0.87173732
57	0.86259330
60	0.86194258
61	0.85910694
62	0.85004139
63	0.87420550
64	0.86595383
65	0.84994043
68	0.87210574
73	0.86697153
75	0.83312273
77	0.79418397
81	0.81487679
86	0.83454115
88	0.85346244
89	0.86811483
90	0.85151100
91	0.84995096
92	0.85429641
101	0.84748421
104	0.83778373
105	0.84518493
106	0.76008445
111	0.82558541
124	0.84392823
125	0.81955167
126	0.75934378
129	0.83211435
139	0.84799809
142	0.78320598
147	0.78070287
150	0.78403660
151	0.80265287
158	0.76985335
159	0.77962297
162	0.77342608
173	0.77419187
178	0.75904856
179	0.80463254
180	0.81804258
181	0.82467464
182	0.77067105
184	0.82310670
187	0.73038923
188	0.80602464
196	0.72733541
202	0.75336148
203	0.79144115
205	0.76354833
209	0.71426244
214	0.76339761
215	0.75798493
218	0.79192679
226	0.74014450
233	0.77939928
239	0.79523636
242	0.71091770
246	0.77239833
250	0.74434856
253	0.73151435
257	0.78431316
260	0.75883876
261	0.72946196
262	0.74955072
266	0.74115359
269	0.75375502
278	0.74256866
282	0.74335742
288	0.67552536
300	0.71811890
307	0.71296388
309	0.68126340
310	0.74520885
312	0.75714904
314	0.71942679
320	0.72142919
321	0.71096029
324	0.69801148
335	0.68748373
341	0.70470311
347	0.67703660
350	0.65739211
353	0.70899043
364	0.73411818
367	0.70850311
368	0.68250694
373	0.68709139
377	0.66760287
378	0.68396651
382	0.67457919
386	0.69259545
391	0.71425670
392	0.67774761
394	0.67949522
397	0.67093325
399	0.68099880
408	0.68314163
411	0.65945359
413	0.67649402
415	0.68010622
76	0.83804234
93	0.84508804
299	0.71310766
43	0.86889522
45	0.87611938
47	0.87222033
48	0.86000096
51	0.85766483
58	0.85156842
59	0.85634880
69	0.85419617
97	0.84925144
100	0.82042249
109	0.86212392
110	0.85669211
113	0.84905526
114	0.86175096
116	0.83093804
118	0.83265239
119	0.85683397
128	0.79202943
132	0.81240909
135	0.80638158
137	0.81718134
145	0.80700215
148	0.78127105
153	0.75617990
155	0.81651746
186	0.76900622
206	0.76040502
207	0.74534785
222	0.78723612
227	0.69777033
229	0.76603612
238	0.73144689
241	0.77958134
254	0.69400622
264	0.74101244
287	0.72882919
289	0.73625383
295	0.70811794
304	0.73038589
318	0.72338325
325	0.72220957
326	0.67978612
332	0.67671340
355	0.69651531
370	0.72113230
371	0.69505742
375	0.67430120
376	0.70676818
379	0.69901842
398	0.68029880
401	0.66485718
410	0.66349641
414	0.66982727
41	0.87508206
66	0.85153636
67	0.86812703
79	0.87382297
84	0.84866746
98	0.85471077
99	0.79445072
122	0.83908086
140	0.76635957
149	0.81300550
171	0.77136388
172	0.81700957
176	0.80502536
177	0.75998038
183	0.75996722
195	0.80583349
197	0.79924426
198	0.73909211
199	0.77082608
204	0.75859928
212	0.76079713
219	0.74381603
223	0.72746029
236	0.74136722
256	0.71115072
280	0.71571579
305	0.70587632
316	0.70450813
323	0.74779378
345	0.69696531
360	0.68781531
31	0.87616029
44	0.87470550
85	0.86249139
130	0.83473900
144	0.79806053
166	0.74051938
191	0.78867990
194	0.79661340
255	0.71087823
273	0.74603660
294	0.74543732
351	0.66750072
78	0.86058589
87	0.84143086
102	0.85540933
133	0.82993828
134	0.81900024
138	0.81964498
157	0.79418062
169	0.76716818
185	0.76930359
201	0.74546148
217	0.75002464
230	0.71032656
249	0.73579115
274	0.74012440
290	0.70492608
296	0.69453134
311	0.66638684
343	0.70162512
359	0.68636220
95	0.81804641
117	0.80628565
160	0.79369187
170	0.77367201
232	0.79178421
235	0.76203254
243	0.74317488
271	0.77523947
276	0.72442033
298	0.69331746
334	0.68301938
356	0.71728373
374	0.66626077
416	0.68807799
123	0.79782919
152	0.81599641
167	0.75691148
277	0.72548756
297	0.75491148
331	0.72340287
358	0.68641651
363	0.67611603
387	0.66414450
107	0.82148254
175	0.75004402
248	0.74481675
251	0.75596292
275	0.73478708
292	0.70873134
302	0.73750526
337	0.70595718
82	0.86119522
168	0.76275024
208	0.72031699
225	0.75330957
234	0.72175239
303	0.69615239
319	0.70950646
336	0.70761507
361	0.70588876
389	0.68116770
409	0.67534211
108	0.84276818
121	0.79863278
131	0.81046986
136	0.79426579
163	0.79482273
216	0.74042249
237	0.77105335
247	0.74183325
265	0.75045598
330	0.72821220
342	0.69528995
366	0.69384856
393	0.67037177
395	0.68023062
400	0.67702823
403	0.67603828
71	0.84498373
115	0.84282368
127	0.81141818
221	0.72287512
272	0.74234833
357	0.70065383
390	0.67198852
156	0.80031411
315	0.71352488
329	0.69778158
349	0.68699211
112	0.84477943
141	0.80786914
161	0.83595215
252	0.73448134
268	0.68600670
317	0.68314880
328	0.77421938
385	0.66550263
72	0.86443278
279	0.71021794
301	0.71767751
224	0.75688421
293	0.72388086
120	0.83059450
154	0.84833062
174	0.78236627
189	0.80992392
210	0.75891268
244	0.75949617
267	0.69481029
270	0.70844354
281	0.70665239
283	0.71820335
291	0.75334665
306	0.73729785
308	0.71549522
340	0.72074761
362	0.68037967
365	0.67037416
146	0.81690263
200	0.73036699
231	0.76078349
322	0.71228876
369	0.68439665
396	0.67884306
412	0.67234258
74	0.83953684
80	0.86851986
83	0.84442416
96	0.85801196
103	0.85149402
143	0.84821053
164	0.82396722
165	0.80507656
193	0.76578301
213	0.78208230
192	0.78980981
211	0.77607273
245	0.73369426
286	0.71932416
402	0.67056531
406	0.67965287
70	0.84485407
220	0.73984378
285	0.71139282
352	0.71778900
258	0.78283732
339	0.70576124
344	0.69307368
284	0.71878780
354	0.66750646
94	0.85528828
228	0.76453541
259	0.71955048
380	0.66607823
263	0.73714498
327	0.68995263
348	0.72718445
372	0.68522010
384	0.67371292
240	0.73388612
190	0.74865431
346	0.68177416
404	0.66878756
333	0.66830072
383	0.68243947
417	0.66994522
338	0.72599928
405	0.66619282
381	0.70022799
313	0.78062368
388	0.70412344
407	0.66613469
