0	0.87756827
1	0.85122129
2	0.87361002
3	0.53659123
4	0.85357704
5	0.81533779
6	0.87681712
7	0.87679854
8	0.87648873
9	0.87631816
10	0.87705887
11	0.86908580
12	0.86819353
13	0.87177724
14	0.87572547
15	0.87458455
16	0.87758330
17	0.87738038
18	0.87759353
19	0.87779833
20	0.87771044
21	0.87749478
22	0.87743549
23	0.87799123
24	0.87781127
25	0.87799186
26	0.87780605
27	0.87764509
28	0.87756764
29	0.87742797
30	0.87539102
32	0.87660814
33	0.87299770
36	0.87414656
38	0.87612359
39	0.87124029
40	0.87727203
42	0.87700084
44	0.87283653
45	0.87667077
46	0.87726597
47	0.87633132
49	0.86764196
50	0.87306180
57	0.87415240
59	0.85380355
60	0.87217996
61	0.86146827
62	0.87033382
63	0.84880480
64	0.86979144
67	0.87102171
75	0.86397850
78	0.81079311
80	0.86077975
81	0.85691399
82	0.86517161
85	0.85217641
86	0.85323528
94	0.84941587
96	0.85358894
97	0.83325532
102	0.75997766
113	0.83641211
114	0.86065261
128	0.86095261
132	0.75935532
136	0.82765470
139	0.80690251
140	0.85917516
143	0.81616054
146	0.81760647
149	0.75025136
155	0.83070376
157	0.75412067
158	0.79924280
159	0.80134238
180	0.80825825
183	0.82825992
184	0.78633862
185	0.80309395
192	0.81845553
197	0.81503695
207	0.76901023
223	0.80139332
228	0.78659875
243	0.72175365
248	0.77861608
249	0.71671733
255	0.74924029
266	0.75492004
267	0.75834990
274	0.79223841
277	0.75167223
279	0.75599708
284	0.72574676
287	0.76963633
296	0.77525428
314	0.75188413
326	0.69000334
331	0.68830981
340	0.72584154
344	0.71978914
345	0.74046388
349	0.73586806
355	0.72388998
356	0.68622213
384	0.66468058
395	0.71676284
399	0.66450125
400	0.67064864
404	0.70675240
410	0.69699687
411	0.71553194
413	0.69023257
423	0.69316889
427	0.67648914
437	0.67495010
447	0.69060564
472	0.66456931
31	0.87728225
53	0.87358309
55	0.87632317
73	0.87281420
74	0.87136618
101	0.84810731
105	0.82672818
129	0.81514760
142	0.84174468
173	0.82429040
186	0.80519916
217	0.74795992
282	0.71652902
307	0.68953361
325	0.71824572
339	0.74729478
341	0.73417077
361	0.73939520
375	0.71108497
396	0.70735804
408	0.69261232
460	0.69769290
462	0.68012213
463	0.68637077
471	0.68702004
68	0.85512630
70	0.86506514
71	0.86454572
76	0.87541587
83	0.86527954
93	0.86341775
110	0.82291816
111	0.84545031
118	0.81655491
125	0.84846305
126	0.84351503
134	0.82707182
145	0.84692985
152	0.78991691
153	0.83921065
166	0.80897891
176	0.77983904
210	0.78530585
216	0.78254196
229	0.74761232
237	0.82673236
241	0.74255115
257	0.77709582
262	0.76209436
275	0.73593841
278	0.76172839
312	0.70849854
319	0.74806117
342	0.67651879
343	0.77505428
354	0.73202046
417	0.71133236
422	0.67586430
431	0.69838455
470	0.67601795
476	0.68511336
48	0.87479520
150	0.83155031
190	0.82400668
441	0.66551127
454	0.67465491
34	0.87728163
37	0.87661420
117	0.82555866
141	0.76682046
163	0.76978476
167	0.81577035
172	0.80678058
233	0.80719833
238	0.78029395
306	0.70179248
324	0.68192338
332	0.71929165
369	0.67972004
385	0.68468455
35	0.86770772
56	0.87505762
112	0.82035407
208	0.77103027
231	0.78206388
270	0.77232067
299	0.71196827
311	0.77201420
348	0.76249541
367	0.70462296
386	0.71301733
459	0.66813173
66	0.86867203
72	0.86593236
77	0.85306785
106	0.83421649
109	0.83382255
116	0.79579729
127	0.84767432
133	0.85346806
138	0.73336221
144	0.83868205
147	0.82866221
171	0.78486138
174	0.79467370
189	0.79961086
191	0.79076722
200	0.78376430
201	0.81299019
203	0.78945303
209	0.71862380
235	0.77627328
236	0.75187871
244	0.81293403
250	0.76306033
264	0.79877704
300	0.74038539
315	0.71940772
337	0.74843612
362	0.68005470
364	0.70598747
374	0.69802547
382	0.73171670
409	0.70066701
418	0.69963549
432	0.69440772
450	0.68436743
455	0.69552985
43	0.87586931
69	0.85524301
79	0.86916806
88	0.84249332
89	0.83003633
115	0.81774635
123	0.83727453
151	0.81440939
154	0.78702150
204	0.78152255
218	0.75726367
232	0.72094948
268	0.77242025
271	0.72275240
289	0.75432526
291	0.78559791
292	0.73133716
297	0.72131399
302	0.75644029
360	0.72110000
376	0.71841754
392	0.71951148
473	0.67735532
51	0.86592401
54	0.85817724
65	0.86905804
90	0.84540835
99	0.86201315
119	0.79452818
121	0.82021232
148	0.78804175
160	0.80725783
188	0.73246430
195	0.77987140
196	0.79875699
214	0.77047850
245	0.76469770
259	0.72477098
265	0.80992693
293	0.76186493
295	0.71513111
301	0.71304697
308	0.73050605
309	0.72839478
327	0.73435741
365	0.70563278
366	0.71225407
379	0.71222839
383	0.67300438
405	0.68347411
415	0.69645825
435	0.71261086
438	0.70681399
440	0.70493528
451	0.66404864
41	0.85743257
87	0.83207119
103	0.85375887
120	0.84836472
124	0.80536493
130	0.83631253
165	0.81535908
170	0.79181754
175	0.81323862
177	0.79266639
178	0.83146618
212	0.73928935
220	0.73126033
224	0.73086221
304	0.74871670
313	0.72470898
334	0.74995532
338	0.72065658
368	0.73069833
403	0.71818497
445	0.67019019
461	0.68008956
465	0.65809582
469	0.67201399
91	0.81434134
108	0.84478100
206	0.80438205
219	0.75092735
234	0.78437035
240	0.82725428
269	0.76664635
281	0.69265491
322	0.74942317
336	0.71364509
352	0.74826493
363	0.69178392
370	0.67800898
387	0.74173132
390	0.69026054
412	0.68991545
421	0.67114154
430	0.70172693
444	0.68431357
464	0.69766660
52	0.86401942
58	0.84656013
95	0.86604906
107	0.85406388
168	0.80755804
215	0.77307015
222	0.78536117
260	0.76287724
351	0.70246493
357	0.74443278
425	0.70261879
434	0.67452839
468	0.68015929
161	0.84392150
213	0.75786660
246	0.71581106
254	0.70618789
276	0.73221649
394	0.68416722
439	0.67388914
92	0.85735157
137	0.83420919
162	0.82079791
211	0.81183883
242	0.80673779
263	0.72624614
288	0.74854802
347	0.74239311
380	0.73841816
401	0.67775094
407	0.69583152
156	0.81496472
169	0.77825929
239	0.73820522
280	0.79271441
283	0.83816514
321	0.75341816
371	0.69068727
414	0.65910689
474	0.66944572
98	0.82219812
179	0.80521253
256	0.76736764
316	0.71050376
373	0.73458914
397	0.68090919
398	0.72491837
100	0.84604489
122	0.82346534
131	0.76811336
164	0.79830000
198	0.79337056
199	0.78405365
205	0.75213069
225	0.77705240
227	0.77190689
258	0.76699436
272	0.82072944
294	0.73571420
298	0.78003904
310	0.72407223
323	0.74884802
333	0.70312902
359	0.71704092
391	0.67981712
426	0.70319645
135	0.86365553
226	0.73723758
230	0.72353862
251	0.81365616
261	0.75109770
290	0.74236159
318	0.71690376
329	0.73247119
335	0.73958873
353	0.71570251
388	0.68062526
419	0.68517996
453	0.69795929
458	0.67356973
466	0.68141691
478	0.66951837
84	0.83193507
104	0.85319854
194	0.78846263
202	0.82049666
303	0.73256764
305	0.70922651
320	0.69801190
358	0.71098455
378	0.70264551
389	0.68732672
406	0.70725574
446	0.66620251
449	0.68479353
457	0.69301524
247	0.77467056
253	0.73771628
285	0.71737161
381	0.71048977
402	0.70991816
433	0.65641921
456	0.67530167
475	0.67033403
181	0.77591670
317	0.72086597
377	0.72630585
428	0.69171461
221	0.78897077
330	0.69478288
372	0.71007244
393	0.70990752
429	0.68509937
182	0.75152547
187	0.76414530
193	0.82106347
252	0.75007119
346	0.70039478
350	0.68985010
448	0.66807578
477	0.66389415
273	0.73777015
286	0.69694927
436	0.68488643
443	0.68518351
328	0.72877035
416	0.72423132
467	0.66248768
424	0.67091357
420	0.68147704
452	0.66516848
442	0.68514363
