0	0.87790676
1	0.87820303
2	0.87356340
3	0.76893660
4	0.87697669
5	0.87616830
6	0.86025128
7	0.87126620
8	0.87599627
9	0.87474359
10	0.87816667
11	0.86718159
12	0.85366457
13	0.87681259
14	0.87362051
15	0.86726830
16	0.87822960
17	0.87796107
18	0.87792984
19	0.87786270
20	0.87745082
21	0.87767296
22	0.87832098
23	0.87792587
24	0.87662145
25	0.87759231
26	0.87758998
27	0.87738182
28	0.87820326
29	0.87811515
30	0.87703217
31	0.87747389
32	0.87072051
33	0.87781608
34	0.87417902
35	0.87466084
36	0.86364172
37	0.87707110
39	0.87391678
40	0.87290023
42	0.87778252
43	0.87622844
44	0.87705431
47	0.86589161
50	0.86589021
52	0.86762354
55	0.86978555
58	0.85747902
59	0.86761002
60	0.86849720
61	0.86314336
62	0.86625361
63	0.85851166
65	0.84912471
73	0.86091795
77	0.84804289
78	0.85393590
81	0.82973100
82	0.81375245
84	0.84526154
85	0.81070723
89	0.84005524
94	0.85168834
107	0.84336247
109	0.80920490
110	0.79662051
116	0.82946387
119	0.83318601
123	0.81541492
136	0.80496690
140	0.83939324
141	0.77114615
150	0.83001049
162	0.81105548
163	0.76192238
174	0.81561935
176	0.81317762
182	0.74198042
184	0.80442984
186	0.77001562
189	0.82305524
190	0.77937599
192	0.78862145
193	0.75803520
199	0.70746900
203	0.73374802
210	0.75797809
221	0.79027249
222	0.77635291
227	0.78821702
229	0.77632261
230	0.77856783
237	0.78803986
245	0.72807972
247	0.77268625
252	0.77681305
264	0.72778904
266	0.71953147
278	0.70336970
280	0.76430536
282	0.77174103
284	0.71921352
285	0.69514685
290	0.71242751
294	0.70687436
296	0.71171795
304	0.70990746
307	0.70561888
312	0.78815245
315	0.72209138
320	0.72466294
327	0.68772937
334	0.67894172
344	0.70374639
349	0.68045455
352	0.70586480
355	0.68916620
360	0.67729068
361	0.70274802
378	0.71319650
383	0.67203380
384	0.67526014
400	0.66278368
404	0.69218578
405	0.67508205
408	0.67627599
413	0.68888718
41	0.87672634
45	0.86837389
53	0.87628858
56	0.87251562
69	0.87114499
70	0.82146853
71	0.86651049
74	0.83861772
76	0.87293800
88	0.86833660
91	0.84319650
95	0.86256667
96	0.86092261
99	0.84316084
105	0.82685315
111	0.85609464
115	0.85251235
128	0.78148462
133	0.83308531
134	0.83581632
138	0.78204615
155	0.82846434
165	0.76390396
171	0.79954848
178	0.73440909
183	0.77236783
188	0.81413916
197	0.73454779
209	0.78873730
212	0.79620466
217	0.79729068
219	0.74401049
223	0.78601818
234	0.76359907
241	0.76688462
258	0.69425245
283	0.75358928
302	0.72244569
322	0.75186410
340	0.71473403
365	0.68374615
367	0.68855874
372	0.68316457
377	0.69028089
412	0.68998042
420	0.66138904
38	0.87578322
64	0.87057459
79	0.87137855
90	0.81783170
93	0.83187646
100	0.85646737
104	0.85148112
126	0.79264289
137	0.84314476
147	0.79970350
156	0.83242797
175	0.80974242
198	0.77831515
211	0.80333660
213	0.79466224
214	0.79721002
226	0.75076550
240	0.75179907
265	0.72817366
268	0.74785175
275	0.79607179
279	0.74644359
281	0.69070000
303	0.72453963
306	0.75088159
308	0.74058322
309	0.71321818
329	0.71778019
357	0.72223170
393	0.74685524
49	0.87586037
75	0.86443939
80	0.85685501
139	0.79930932
154	0.82085082
169	0.77023473
269	0.73565361
298	0.69919207
335	0.69597413
394	0.67522751
418	0.66888718
103	0.83582867
108	0.82988741
117	0.81194406
120	0.81423753
127	0.83574802
146	0.81091655
181	0.76338648
185	0.82739207
191	0.76131352
195	0.77176224
201	0.78192914
202	0.76622191
218	0.77971678
224	0.72714266
235	0.71278718
250	0.74005198
301	0.71062378
313	0.68252284
332	0.69838695
345	0.68648159
346	0.69076014
356	0.68430699
368	0.69185221
387	0.68174289
409	0.66799441
51	0.87675594
54	0.87284219
57	0.86422984
98	0.86117762
112	0.83304615
114	0.84442797
124	0.82836853
160	0.81353800
167	0.81335501
177	0.79731049
196	0.76978019
200	0.74523800
242	0.74910186
261	0.76079650
271	0.69479767
289	0.72516177
297	0.73953753
316	0.72080653
324	0.70612494
339	0.70516597
395	0.68115268
46	0.87774988
48	0.87593520
92	0.83427016
101	0.84417972
142	0.78156830
159	0.77384639
170	0.79432214
272	0.70141189
277	0.70869907
425	0.66790210
66	0.83882331
67	0.85814545
106	0.82720093
152	0.82020233
168	0.77723963
262	0.73957995
295	0.70577716
330	0.68035478
416	0.67104126
419	0.66680163
87	0.86276690
118	0.79795874
121	0.82634126
122	0.77887552
158	0.79769930
173	0.77157296
204	0.79196364
205	0.78611911
220	0.76698322
251	0.72873263
254	0.73851725
263	0.70104615
273	0.71418438
351	0.68302937
399	0.67050839
428	0.66882984
68	0.84357110
97	0.85323730
125	0.81529231
132	0.82205921
149	0.79306387
225	0.80027203
246	0.77528951
249	0.75070280
256	0.72941562
342	0.68093613
353	0.74811305
374	0.69743636
402	0.66917459
403	0.68368438
426	0.69246200
83	0.84454592
129	0.79426107
143	0.74540583
148	0.83699184
153	0.81803263
157	0.84104009
164	0.75707086
179	0.75174755
206	0.74604779
207	0.78456737
215	0.72149021
236	0.74458998
238	0.73612401
239	0.74425991
243	0.75155128
248	0.71050490
259	0.77500816
293	0.70949347
314	0.69661608
317	0.68670443
319	0.71133427
331	0.70680699
348	0.68992354
354	0.69681888
366	0.69870280
380	0.69285967
392	0.70345315
406	0.67632261
144	0.83402005
187	0.80792657
216	0.74577902
260	0.77372821
333	0.72247040
385	0.68091422
255	0.76188322
376	0.67980070
417	0.68150490
86	0.84152937
151	0.82361795
161	0.71766760
253	0.74370303
267	0.73833520
305	0.72588578
328	0.69796620
362	0.69507273
371	0.70215291
166	0.76956713
194	0.75434009
232	0.77310163
338	0.72360839
375	0.67652681
411	0.70214732
102	0.83207692
145	0.83907366
72	0.86846224
270	0.71499744
276	0.72878438
288	0.73855921
336	0.69952308
343	0.69850583
347	0.72123030
358	0.72051702
364	0.73395688
379	0.72390233
381	0.69730583
390	0.69692821
397	0.67695455
414	0.66914452
421	0.66465758
424	0.66583893
231	0.78291119
286	0.71304172
326	0.71078928
337	0.67833450
386	0.68043450
130	0.84065105
172	0.79761632
244	0.75197203
287	0.68929930
321	0.71738881
359	0.72535361
363	0.67973263
388	0.66681445
180	0.81171888
325	0.70472261
396	0.67335967
427	0.68088135
131	0.85329534
208	0.72688671
228	0.71966690
391	0.66963893
135	0.80646037
292	0.75779720
350	0.71225082
389	0.66472657
410	0.66981119
311	0.67904033
113	0.83540256
233	0.76658718
257	0.74762587
291	0.74854196
300	0.73052890
323	0.69506923
369	0.70970862
299	0.72172727
398	0.68904172
407	0.68044266
274	0.69669277
373	0.70307506
318	0.71454779
310	0.69062145
370	0.68048112
401	0.67158112
422	0.67024289
382	0.70266224
423	0.67411399
341	0.71274872
415	0.68845758
