0	0.33254144
1	0.32390000
5	0.34207700
19	0.32776966
9	0.33896705
45	0.35345465
13	0.29804046
15	0.31896183
2	0.30341860
272	0.28054241
17	0.26749152
22	0.23719576
36	0.24715742
40	0.18575710
6	0.24627700
20	0.24625922
23	0.34155628
30	0.11648564
50	0.34017667
42	0.34422251
76	0.29456803
77	0.22775367
78	0.31444437
150	0.24689869
67	0.35611240
709	0.16651925
121	0.28506117
10	0.13227700
28	0.22810196
118	0.33474127
179	0.12627031
419	0.16102985
420	0.20557716
123	0.34047471
133	0.34116003
481	0.17818564
143	0.27689657
292	0.19469608
11	0.14425905
43	0.35539772
44	0.16895726
49	0.32352953
48	0.33726264
124	0.33162039
90	0.33103556
734	0.25770049
175	0.30504095
793	0.11218597
171	0.29184144
126	0.31494356
14	0.22668450
47	0.16737047
298	0.29258385
16	0.23245318
52	0.30673442
157	0.31639576
785	0.29072561
320	0.20243622
3	0.29172904
26	0.32500865
289	0.08975971
18	0.18287227
32	0.16250082
187	0.28469054
21	0.23901044
784	0.10108206
883	0.08162724
720	0.22306672
894	0.30283100
1090	0.11338336
37	0.23823018
41	0.06185498
325	0.15456362
4	0.11733703
12	0.15450718
33	0.35462871
38	0.08871582
39	0.08374992
46	0.35554943
534	0.17071370
553	0.16806982
554	0.14591909
112	0.35482806
27	0.20157553
164	0.28125791
288	0.27099511
714	0.12864470
711	0.25942333
796	0.30085416
909	0.13986085
910	0.18480196
684	0.16303719
84	0.14805139
798	0.04668320
100	0.26784959
101	0.35028564
113	0.28797879
115	0.35104878
81	0.35094160
160	0.31400538
188	0.15789168
190	0.32166819
191	0.17270359
424	0.29370685
425	0.11107276
428	0.18885416
65	0.34324095
102	0.29039657
108	0.34755008
82	0.30353915
83	0.19743263
194	0.30079576
275	0.18677031
119	0.33146052
51	0.35692887
469	0.32339445
472	0.23497716
476	0.14369315
487	0.15813148
97	0.24741044
162	0.21655644
536	0.33401077
656	0.26877635
671	0.12336933
840	0.22717553
434	0.33297374
286	0.25590865
66	0.32862920
71	0.34886607
103	0.29502414
107	0.31671093
130	0.12335220
140	0.28265090
142	0.17585334
193	0.16821338
299	0.17842431
535	0.19840604
541	0.17273312
550	0.18740294
555	0.12116493
296	0.20611403
569	0.16838108
429	0.28211697
167	0.29176819
797	0.04700914
7	0.21798287
547	0.13156036
135	0.31445954
34	0.22748858
895	0.22233524
24	0.21264225
131	0.25552708
283	0.21740636
491	0.10438189
543	0.30282692
80	0.32228662
156	0.33631142
155	0.18347080
1213	0.16439201
31	0.07496737
271	0.27988157
490	0.13073719
562	0.16362855
166	0.14522235
290	0.27711093
291	0.23118450
573	0.23062692
435	0.28025318
1089	0.11656281
829	0.32449690
8	0.24368777
287	0.12226998
704	0.11385416
571	0.20512920
433	0.13919201
184	0.23953752
545	0.07087308
546	0.05654992
548	0.09491485
558	0.18378271
134	0.34254943
280	0.22416476
465	0.21425514
503	0.12327863
517	0.11128679
453	0.19936346
659	0.18387471
262	0.30922316
397	0.24327455
710	0.29322838
686	0.20496150
596	0.19016803
1014	0.12830163
263	0.16423197
559	0.13585090
284	0.15722202
991	0.14053491
174	0.20258597
723	0.11041175
75	0.27536215
264	0.09298613
733	0.17489902
62	0.32572055
265	0.32863589
147	0.34880555
285	0.20691240
294	0.26444894
295	0.21278940
127	0.23520098
581	0.14069168
136	0.30138124
269	0.23011305
969	0.16531680
1012	0.24091452
736	0.23241697
74	0.31675432
117	0.28018613
151	0.21829853
473	0.20660962
528	0.19137341
511	0.14114127
105	0.26445367
273	0.14608091
89	0.28972594
91	0.26052512
99	0.33232137
665	0.30895383
426	0.25800147
706	0.15865889
138	0.20899886
178	0.27734992
159	0.08905563
1088	0.08112398
158	0.10900147
125	0.29601109
681	0.10700082
25	0.27050587
120	0.32202072
594	0.14610392
93	0.31070848
270	0.13294323
340	0.16918467
494	0.14588140
712	0.17562594
122	0.19721860
597	0.21577716
53	0.33461256
68	0.17512659
786	0.12533083
827	0.19218548
828	0.11646591
1094	0.14195840
364	0.25803458
527	0.22095237
1122	0.14660375
152	0.16974225
207	0.31298091
1117	0.11983165
319	0.22357667
321	0.22368711
337	0.13599070
1017	0.09180228
1100	0.08389233
1101	0.08379445
29	0.19546705
165	0.13059168
789	0.20700995
790	0.16840098
808	0.17909380
806	0.24052251
819	0.11922643
383	0.21120326
1092	0.12985498
1118	0.16273785
506	0.18307749
486	0.10813507
615	0.11933083
809	0.08935808
897	0.06813458
983	0.10366917
485	0.10452643
403	0.21868891
1044	0.07608711
1065	0.04997520
460	0.15866770
896	0.08184796
982	0.09464600
985	0.15299706
72	0.34545139
109	0.35031191
79	0.09324633
182	0.11279918
551	0.24795612
552	0.19460767
572	0.14467080
616	0.30223377
537	0.22505759
104	0.28562039
35	0.24801436
95	0.26713703
169	0.15686900
85	0.28694829
86	0.17423279
92	0.23146362
172	0.28189511
211	0.20045987
219	0.21479135
253	0.13813507
423	0.31423051
189	0.26094160
787	0.16810261
788	0.16099853
813	0.22210392
1058	0.11103458
1148	0.20543980
1195	0.16110865
814	0.16057047
132	0.15888157
1214	0.10650914
708	0.11096248
782	0.21157635
783	0.14329560
466	0.19865726
990	0.19275041
689	0.27739413
1013	0.17136591
206	0.22699837
208	0.24266737
405	0.23727276
459	0.21431126
688	0.30710228
691	0.27400375
986	0.17675008
987	0.10671892
1011	0.12019739
1127	0.13758744
205	0.24465285
992	0.11626998
482	0.16597765
882	0.06940065
719	0.19368777
721	0.06757765
851	0.21570881
865	0.21842806
961	0.12602007
898	0.16547227
936	0.15962806
578	0.12290424
1091	0.11087618
529	0.10304356
843	0.21020538
565	0.14214617
729	0.23046264
730	0.17612855
792	0.12645106
542	0.12707096
544	0.10209201
557	0.13300701
277	0.12598091
800	0.07798744
530	0.08047488
667	0.14580065
185	0.23537145
94	0.26899641
978	0.06339364
781	0.10467325
713	0.15926150
212	0.20299788
775	0.16730962
186	0.34893785
795	0.10154095
1093	0.16917798
576	0.25827455
411	0.23859918
791	0.20735367
801	0.22427259
821	0.30761077
836	0.14838760
842	0.25010653
968	0.16130310
404	0.24570669
430	0.15615383
731	0.12625546
149	0.17736232
153	0.22602121
170	0.26649739
199	0.24272284
815	0.18476052
1018	0.15687308
61	0.29998075
64	0.25037129
492	0.17035285
301	0.13588695
116	0.16210816
148	0.23171207
427	0.18935595
1121	0.18120995
63	0.30290326
300	0.12929804
421	0.17272741
88	0.35178352
807	0.18460424
1050	0.22790799
145	0.31710131
137	0.16592463
1095	0.11397162
1096	0.09944160
192	0.16737423
181	0.12453165
567	0.09923246
580	0.10351713
163	0.08948662
180	0.11266232
201	0.16817374
410	0.18384649
675	0.17599576
823	0.21373426
111	0.17431925
839	0.17886150
324	0.15069592
595	0.08361305
110	0.22013230
183	0.08827945
732	0.13133409
947	0.09267455
620	0.22567047
520	0.13025465
635	0.24699706
692	0.10215334
509	0.13634731
678	0.13034486
838	0.08564339
830	0.10200326
1052	0.09914502
1123	0.10400065
70	0.25512904
73	0.22456542
683	0.13744894
1116	0.19463018
1129	0.10760065
176	0.10846754
799	0.10144176
173	0.24561713
780	0.11403132
144	0.30522822
822	0.14721321
844	0.24749641
967	0.24936493
641	0.20428923
1063	0.15575954
323	0.16480440
1126	0.08815351
802	0.09718075
570	0.19302365
794	0.05935938
376	0.11612985
377	0.20082790
670	0.15728140
276	0.09571305
657	0.27133100
477	0.10341941
493	0.11675285
488	0.25799935
98	0.16336183
501	0.13471941
672	0.10047814
564	0.17237879
489	0.14114927
484	0.09122643
563	0.08977553
566	0.06184258
655	0.15400016
267	0.11707292
735	0.20675204
855	0.10763083
856	0.10691762
1006	0.14539706
626	0.20165742
1105	0.18487667
1225	0.15432675
677	0.19078711
128	0.19510343
168	0.14899902
820	0.10931223
577	0.17238858
682	0.10036313
701	0.08958564
268	0.09325416
973	0.05460131
307	0.32127325
1005	0.23275612
361	0.19247651
454	0.09179135
652	0.06199119
146	0.13263051
318	0.24795530
200	0.29240636
1051	0.12733279
549	0.09544029
1133	0.09131338
568	0.07104095
54	0.03414192
55	0.05854682
1075	0.06899331
56	0.07346003
904	0.03999331
905	0.02835677
852	0.08210098
932	0.03429413
1078	0.01985253
903	0.02908140
628	0.20089250
1076	0.02031223
57	0.03372887
393	0.06930000
394	0.02323393
631	0.15770457
906	0.01018695
1156	0.01061158
1140	0.04337635
853	0.03384095
869	0.03443768
934	0.02918760
902	0.03109788
1077	0.01139918
908	0.01157259
1168	0.01926688
58	0.02680114
756	0.01430995
392	0.17239299
632	0.00820767
303	0.06955661
357	0.28176215
630	0.06280767
933	0.05145155
59	0.02923768
755	0.02246117
60	0.08191958
1184	0.01418189
282	0.06547928
359	0.05063817
653	0.04499168
715	0.07983540
999	0.04704666
1001	0.09765383
355	0.03563181
1183	0.01531207
281	0.11643768
358	0.10869674
998	0.09017390
867	0.22607928
354	0.04803328
69	0.21871648
87	0.21235922
302	0.11399478
422	0.23654339
707	0.16708548
96	0.18803752
139	0.17280277
266	0.18975595
293	0.12197847
106	0.22586411
161	0.23592480
666	0.21413409
664	0.17170196
574	0.07911419
297	0.13545024
654	0.16867455
661	0.11971941
663	0.17630114
575	0.02332545
114	0.18130995
508	0.17216330
674	0.15067635
1004	0.17421485
1131	0.09640832
141	0.14247047
478	0.23825938
525	0.17870277
524	0.19113801
395	0.16355073
204	0.13638059
847	0.20503605
976	0.12443817
981	0.11357569
1016	0.12883246
322	0.22740424
1115	0.10907863
812	0.14230930
1128	0.12471713
210	0.05997227
215	0.14614959
748	0.06155759
750	0.06116134
751	0.05950245
752	0.05761925
753	0.09635628
593	0.06964715
762	0.06531207
765	0.06271126
766	0.06075987
771	0.10132561
773	0.06255710
776	0.10008874
220	0.20322904
249	0.16626248
259	0.11676835
451	0.10889070
251	0.14606020
600	0.22595302
349	0.25252268
805	0.16878989
1057	0.05066297
522	0.11534388
1007	0.14693230
1194	0.06954551
1210	0.10646346
310	0.24977227
1215	0.03231191
662	0.10252773
154	0.22942773
560	0.11311566
1125	0.08872838
495	0.16788907
496	0.14695905
804	0.15739217
825	0.14723980
561	0.12013752
824	0.14205416
826	0.14173426
195	0.07013442
603	0.30738891
538	0.06816591
727	0.08972838
728	0.13274861
841	0.12122268
931	0.16847080
278	0.06039902
504	0.03598401
279	0.09515579
483	0.09430326
716	0.12414241
970	0.27800082
946	0.17547210
963	0.27785432
311	0.30809657
382	0.15654405
203	0.07337178
1022	0.06409494
339	0.20388858
1024	0.09092202
1206	0.06531876
1207	0.07349739
979	0.08928793
980	0.14811403
1114	0.12446346
274	0.12055905
700	0.11575334
431	0.10346232
432	0.09497635
705	0.07758956
699	0.08979918
198	0.15380294
499	0.07912186
129	0.07617374
726	0.03208499
930	0.10540457
409	0.11170343
502	0.05307569
579	0.03659918
1130	0.02994600
510	0.08295334
556	0.07053279
690	0.17777814
676	0.13251958
467	0.13261843
468	0.14634356
480	0.14863295
523	0.13210163
533	0.17557684
1048	0.11834584
687	0.06250212
854	0.04038515
625	0.11213377
939	0.11143148
957	0.17717781
984	0.13877716
1010	0.12993132
962	0.26148793
386	0.28403899
518	0.08816378
519	0.09409005
607	0.06253736
305	0.17934633
455	0.10954470
658	0.16068891
660	0.08611223
759	0.05650750
872	0.06087781
877	0.06201843
878	0.06013817
1143	0.09608891
396	0.28376199
398	0.09243458
964	0.23344829
702	0.03269690
479	0.10898858
497	0.08740653
977	0.08320962
624	0.20363328
640	0.16937471
642	0.07013475
893	0.25966607
1064	0.05241060
498	0.09810620
1119	0.14389788
507	0.05604894
512	0.05654078
810	0.08959315
334	0.12365759
342	0.26593817
365	0.10810424
470	0.11338793
1221	0.11291843
833	0.06693801
1081	0.08483344
1132	0.06784551
634	0.18374225
960	0.14699299
941	0.19492626
1120	0.14581729
209	0.19108679
601	0.12435628
1066	0.17419788
1124	0.10297520
959	0.21009135
599	0.11374584
627	0.17400946
177	0.10743736
306	0.15470392
602	0.13388499
940	0.14037504
958	0.10356672
1097	0.03818956
196	0.04497325
197	0.14461468
335	0.13684633
622	0.10626688
336	0.12493687
202	0.12991093
312	0.14955677
317	0.16201240
313	0.27918809
328	0.14937129
341	0.14598842
384	0.15554209
389	0.13345889
406	0.12005090
412	0.09259706
531	0.10411778
532	0.10129984
598	0.09062023
647	0.13394976
649	0.19373083
650	0.19514078
696	0.10176884
698	0.09988711
850	0.11725530
646	0.20656346
975	0.10492235
344	0.23166542
1087	0.09840848
1109	0.10751240
1110	0.09967863
1111	0.10397439
1106	0.14352757
338	0.09185090
408	0.10402284
1015	0.10803377
407	0.15395873
803	0.08529804
526	0.14487651
1047	0.08806917
400	0.31455922
965	0.13242365
988	0.09600897
989	0.12389201
993	0.16480832
645	0.20590392
1046	0.08837569
1079	0.14991109
1080	0.08986330
866	0.11765285
1142	0.10508564
362	0.05458711
669	0.11866623
857	0.13981354
213	0.13115481
222	0.09937325
224	0.07276623
228	0.07833507
233	0.08282268
237	0.11389168
239	0.08130261
439	0.10792023
258	0.13210440
216	0.14022529
741	0.13129886
769	0.10276737
774	0.09902936
254	0.11682235
592	0.03342300
1059	0.03382822
763	0.03234062
767	0.03503132
217	0.16977145
250	0.09349168
252	0.09358679
951	0.06585546
952	0.10412871
1060	0.07652431
214	0.04761370
444	0.07875465
238	0.07849462
243	0.07747259
223	0.10110326
257	0.08887618
1034	0.07055579
1037	0.04558189
740	0.08638369
744	0.07622838
225	0.07706493
229	0.08388842
234	0.11033100
590	0.03445824
1028	0.03418418
240	0.10762969
436	0.09435400
737	0.08500065
742	0.04476949
754	0.04433785
747	0.11058254
1053	0.08216460
1055	0.05690783
438	0.03410326
1032	0.02387423
443	0.06047162
445	0.05076558
449	0.08672398
441	0.04726639
442	0.03878140
1042	0.03695905
230	0.05406460
1031	0.03099560
1033	0.04460506
1036	0.03819543
448	0.05570179
437	0.05020049
1062	0.04719364
218	0.05227732
221	0.05927993
248	0.05731860
255	0.04717357
440	0.05893181
745	0.05792920
260	0.11443279
1054	0.08045041
1061	0.06261827
871	0.04653899
929	0.02792594
743	0.03193719
746	0.04724698
261	0.03604992
447	0.04702708
761	0.06024029
935	0.05061093
1039	0.06601533
1040	0.06703687
452	0.04015416
749	0.07565432
950	0.04146966
870	0.04062414
1041	0.03018222
226	0.02356248
227	0.02324127
232	0.03481843
242	0.02148124
244	0.02475237
247	0.02223426
446	0.04989299
889	0.01647390
231	0.01653067
450	0.03841191
256	0.05268630
235	0.03395873
236	0.01064519
241	0.03180734
245	0.03140701
246	0.03089396
589	0.01338173
1029	0.01111126
1056	0.02999217
738	0.09985302
880	0.06122365
1212	0.03824160
954	0.04360065
757	0.01594454
388	0.12918907
724	0.03883312
606	0.07263442
605	0.17110392
521	0.07695677
942	0.09088842
943	0.04981175
1203	0.04877357
619	0.18295204
636	0.08644290
779	0.15094307
859	0.13224731
693	0.10903622
668	0.09842349
679	0.04893034
685	0.07558842
837	0.08434584
304	0.06806134
901	0.03105628
458	0.05470343
956	0.05734584
1138	0.09341387
1139	0.08852219
1144	0.05844633
1208	0.06796232
457	0.02666232
582	0.01787325
955	0.03129086
1185	0.04652577
390	0.19847015
475	0.13842431
949	0.07163589
456	0.03710359
760	0.03400816
899	0.05404666
953	0.06561631
1145	0.02969804
604	0.22227015
966	0.18433034
360	0.26992251
614	0.22465204
314	0.22086069
332	0.18587912
385	0.27895954
387	0.17625188
916	0.18705073
1149	0.12765498
1071	0.19152137
1220	0.08166868
995	0.12995139
1000	0.12998891
1049	0.11000489
638	0.15776395
1067	0.16332659
401	0.15014454
1072	0.18715922
1073	0.11328548
1209	0.15095090
868	0.06479657
996	0.10136558
1002	0.07140457
1068	0.10069984
1069	0.09437732
1150	0.06840604
1222	0.09959233
308	0.03664927
309	0.11906509
391	0.21158630
925	0.07565351
1217	0.08065155
629	0.07251044
368	0.12056803
924	0.02423622
1211	0.05891729
1216	0.04400179
329	0.08708646
350	0.08306998
371	0.18763328
353	0.13559201
680	0.05504111
945	0.11008809
343	0.13037113
356	0.14412610
373	0.10857553
402	0.18071321
413	0.03431778
695	0.04987471
849	0.11921680
974	0.08261256
1137	0.03332773
345	0.17396362
1086	0.03689445
1108	0.07670114
1218	0.04963181
1223	0.05433116
315	0.10810816
326	0.07955220
864	0.18550783
863	0.14436672
1174	0.08078940
333	0.08886949
366	0.07788515
617	0.12245122
380	0.09772007
399	0.10159918
1019	0.11467635
892	0.18643980
1107	0.11772235
621	0.14803148
1027	0.10420653
1082	0.10749853
1084	0.08817210
718	0.14257129
316	0.04230832
327	0.07022333
848	0.08697945
347	0.11646248
1083	0.09119282
471	0.04458157
1023	0.10754633
1026	0.09284111
608	0.10034470
613	0.12017586
639	0.12600962
648	0.09593899
972	0.11212675
1157	0.09380701
346	0.07911060
378	0.10756574
994	0.06732480
1172	0.02326232
1171	0.00966705
348	0.05842414
330	0.05262577
351	0.04802610
352	0.12946574
331	0.08545122
623	0.08919038
1159	0.03307830
1021	0.09341403
928	0.08671093
1074	0.10144127
1158	0.03546248
379	0.02683132
1141	0.03482463
367	0.02508760
418	0.02499641
375	0.04842414
618	0.05256639
369	0.04316803
1193	0.04111909
381	0.03117765
1201	0.04224861
1192	0.02304519
1102	0.04356721
1103	0.05527488
372	0.06598189
374	0.06039772
370	0.06009331
1104	0.09113622
1003	0.03562594
1198	0.02010555
997	0.05460946
474	0.14137798
891	0.11447945
890	0.14871011
938	0.07131191
971	0.10385171
1020	0.05856672
927	0.03806199
363	0.01693719
881	0.06467113
772	0.06701044
948	0.08751811
1099	0.03925612
1197	0.01139380
516	0.01478173
513	0.02238597
644	0.07758858
1045	0.10553736
414	0.03830082
633	0.00311305
1085	0.03520587
1098	0.03677830
637	0.06609560
643	0.03809527
415	0.01176378
416	0.00416411
417	0.00179315
651	0.02019739
914	0.01164845
461	0.01056215
462	0.00348728
758	0.01879070
463	0.00275563
464	0.00209201
778	0.00160783
846	0.00177047
1113	0.00177259
777	0.00120865
845	0.00122773
1112	0.00124405
739	0.15209135
1070	0.11378467
917	0.05562398
920	0.05778972
500	0.02487684
505	0.02473915
811	0.00765873
816	0.00863883
817	0.01644095
818	0.00537488
514	0.00709755
515	0.00336705
944	0.01916868
1008	0.05057113
1202	0.04734633
1025	0.05672953
1147	0.03963670
1151	0.03673230
1160	0.03468581
1164	0.03695677
1175	0.03569886
1182	0.03718254
1189	0.03882773
1199	0.03646542
1204	0.03910995
1146	0.02401011
1152	0.01170114
1161	0.01208581
1165	0.01367700
1009	0.01515775
1169	0.01652284
1173	0.02199625
1176	0.01630522
1190	0.02315204
1200	0.01551697
1205	0.02998450
539	0.01965383
540	0.00727194
583	0.00136166
584	0.00244829
585	0.00419005
586	0.00238091
591	0.00931958
587	0.00288450
588	0.00504454
609	0.02770685
717	0.07376232
1224	0.05758434
610	0.00864992
611	0.00413214
612	0.00160440
1167	0.03372349
860	0.03552643
937	0.05463426
926	0.04980049
858	0.07259103
875	0.08908401
879	0.07897814
673	0.02463312
703	0.03646003
873	0.03406134
911	0.01852186
876	0.04095677
884	0.01897912
694	0.01599429
697	0.01603687
722	0.02128679
725	0.03585285
888	0.01142904
887	0.01636623
915	0.00412414
764	0.01059315
768	0.01121011
770	0.01233409
834	0.01992675
831	0.05520489
832	0.01855090
835	0.00818369
1166	0.01397602
861	0.01137276
1177	0.01584176
1178	0.01232104
1179	0.00421599
862	0.00452219
900	0.02813883
874	0.01143817
912	0.00653834
885	0.00748630
886	0.00289690
907	0.00646835
1155	0.00459935
913	0.00283915
918	0.01842529
921	0.01836085
919	0.00777667
1187	0.00589364
1186	0.01673736
1188	0.00303295
922	0.00953573
923	0.00994682
1219	0.03530930
1136	0.00958369
1170	0.00909625
1030	0.00403507
1035	0.00463246
1038	0.00455432
1043	0.00493687
1134	0.00219331
1135	0.00342023
1153	0.00497064
1154	0.00314209
1162	0.00483100
1163	0.00202023
1191	0.00768206
1180	0.00261909
1181	0.00133165
1196	0.00146754
