0	0.89866683
1	0.89064341
2	0.89538390
3	0.89944146
4	0.89622732
5	0.89896439
6	0.89517463
7	0.89397220
8	0.89864878
9	0.89876732
10	0.79733854
11	0.81408000
12	0.89836098
13	0.89932341
14	0.89841512
15	0.89615415
333	0.89578049
174	0.89113171
175	0.89931756
120	0.89914439
352	0.87807317
377	0.87376293
378	0.89154049
392	0.89534585
406	0.89853854
387	0.89886780
400	0.89847902
369	0.89904293
407	0.89478439
398	0.89705561
18	0.89933512
24	0.88643854
206	0.89888537
27	0.89768390
28	0.89261317
399	0.78029415
388	0.89747561
405	0.67469512
408	0.89212390
29	0.79250488
30	0.88882976
360	0.87291610
240	0.89477902
386	0.89009122
259	0.88597171
32	0.89893317
74	0.84081561
33	0.87237122
34	0.89604000
372	0.84668634
35	0.89897951
57	0.89746780
39	0.89649561
31	0.82338341
58	0.75720585
60	0.89835805
38	0.89923122
61	0.89772390
55	0.89697561
40	0.89162683
70	0.83820829
71	0.89538537
72	0.87813268
43	0.89515902
59	0.89911951
41	0.89834195
69	0.89765463
78	0.89807366
79	0.89899951
260	0.88206049
241	0.87734927
119	0.89923024
84	0.84998927
44	0.89943024
93	0.89249805
54	0.85957220
94	0.74223220
136	0.77020390
235	0.89356439
236	0.83609171
294	0.89256244
295	0.89346585
361	0.73029268
362	0.73107463
394	0.74648829
97	0.88008390
364	0.84205512
366	0.89208195
290	0.79154488
309	0.80828049
379	0.80278390
383	0.87712000
371	0.88871366
384	0.76580878
385	0.88396146
209	0.87047463
47	0.87839122
48	0.89930780
49	0.89034488
52	0.81782585
56	0.89872195
63	0.89872537
64	0.89728878
73	0.72679171
75	0.88556780
81	0.81688683
92	0.73615610
98	0.89908585
107	0.89882634
114	0.89885073
239	0.86774049
128	0.89830927
129	0.81264537
179	0.89296732
142	0.85657951
205	0.89936537
301	0.66083951
381	0.79589317
53	0.89765171
105	0.89655659
397	0.54064634
42	0.84308195
80	0.89854244
103	0.89257317
106	0.89658049
110	0.89715220
112	0.89464439
208	0.85340195
345	0.67561561
409	0.27369854
207	0.89058049
36	0.73719073
37	0.89338732
50	0.89902244
45	0.88882488
51	0.89817902
380	0.82728000
391	0.87367073
404	0.49974780
95	0.64292390
96	0.65617317
99	0.88910341
83	0.89821854
100	0.89301854
88	0.82037659
101	0.89399073
102	0.89942732
237	0.62740000
396	0.68157561
343	0.78965659
82	0.89838634
126	0.82780683
344	0.70375268
46	0.89863463
66	0.89416976
123	0.89132049
130	0.86928829
131	0.89931024
125	0.89869805
132	0.89905707
133	0.89914927
134	0.89611951
135	0.88842049
115	0.89916537
138	0.89915561
139	0.84361512
62	0.89914537
65	0.89299415
67	0.89715659
68	0.89903707
86	0.27639024
87	0.45669902
89	0.89636439
90	0.89939561
91	0.46423854
108	0.89510098
111	0.88973366
116	0.89892878
117	0.89952293
118	0.89929854
124	0.86283171
104	0.89103902
109	0.89704878
127	0.88199415
310	0.44434878
389	0.56799805
113	0.89603317
137	0.88759122
143	0.89845707
202	0.89116878
180	0.89445951
150	0.88648927
170	0.87995171
203	0.89932537
168	0.88179268
152	0.86713561
16	0.86376244
17	0.88603951
19	0.88968976
20	0.88020000
21	0.86972000
22	0.81114293
23	0.88762439
25	0.83499512
26	0.78481317
363	0.87813268
370	0.88835659
121	0.84386732
76	0.74068244
77	0.62283317
85	0.62353854
238	0.46415366
244	0.61319561
390	0.58928000
140	0.86126439
141	0.78720488
144	0.26314634
151	0.27473171
153	0.83841171
154	0.89917268
155	0.89867220
156	0.89928683
157	0.86786537
158	0.62126439
159	0.89952683
160	0.89899073
161	0.89869317
162	0.76264390
163	0.89923073
164	0.89915073
165	0.89796293
166	0.89244488
167	0.88977024
332	0.51806537
169	0.82001073
171	0.85038341
176	0.89939561
177	0.89908146
213	0.45207951
216	0.86097268
182	0.89863171
219	0.87009902
184	0.89723024
185	0.89886829
204	0.89841073
186	0.89718439
178	0.89891268
172	0.89631512
183	0.89852390
145	0.89878488
188	0.89906195
189	0.89886927
190	0.89896439
191	0.89949561
192	0.89930537
193	0.89872488
194	0.89469707
215	0.89923561
198	0.89912049
199	0.89927659
231	0.89945268
232	0.89860195
200	0.89907902
233	0.27294244
234	0.89945512
122	0.89716878
220	0.79667805
221	0.80633805
222	0.87658341
223	0.81014098
224	0.87586098
225	0.89593463
226	0.81635073
227	0.88296683
228	0.78103415
229	0.89015951
230	0.84107268
146	0.65023171
147	0.46122829
148	0.47600878
149	0.89840049
187	0.84815854
217	0.81274390
210	0.83700780
181	0.89147463
195	0.89593512
214	0.89863951
248	0.89873659
249	0.89918341
246	0.89866293
247	0.89907951
197	0.83799854
245	0.89852390
252	0.89851024
255	0.69859561
254	0.89243707
173	0.89617805
256	0.83964488
257	0.88557854
218	0.81611659
258	0.52252049
196	0.82499415
250	0.50442390
253	0.88894244
261	0.87279902
262	0.89906976
263	0.79276878
264	0.89376634
265	0.89492098
266	0.84197268
267	0.89013463
268	0.89486585
269	0.89785024
270	0.89899122
271	0.89458683
272	0.89069902
273	0.89701220
274	0.89129902
275	0.89446634
276	0.89553659
277	0.89891171
278	0.88952634
279	0.89452634
280	0.89914390
281	0.88063463
282	0.84823659
283	0.89257756
284	0.84276732
285	0.89648098
286	0.89185756
287	0.89564780
288	0.85870390
299	0.85518341
292	0.68127707
293	0.73346927
296	0.54344927
251	0.80922146
302	0.85617707
298	0.73198195
300	0.77359415
289	0.66688878
291	0.58599854
382	0.45568927
401	0.17319854
402	0.26435317
403	0.36336293
211	0.26040585
212	0.25958537
201	0.67738780
308	0.60209220
321	0.49765512
306	0.84543951
322	0.88225268
324	0.88278244
330	0.81674537
334	0.80893317
331	0.85415073
325	0.73501756
335	0.89680976
336	0.89009024
337	0.85857366
319	0.89466829
338	0.84640146
320	0.89670732
339	0.66501512
340	0.87398732
341	0.89150098
342	0.86086634
243	0.69634683
329	0.86773024
327	0.79421854
395	0.66209659
242	0.42828341
297	0.57251902
307	0.74415220
303	0.36601951
323	0.84107415
326	0.80137366
311	0.56370976
312	0.89123659
313	0.89641659
314	0.89330000
315	0.88549951
316	0.88410683
317	0.84082244
318	0.89211463
328	0.81007659
347	0.85960829
348	0.82169171
349	0.68396293
350	0.54061951
351	0.62412146
358	0.80829610
346	0.75020634
359	0.82586537
356	0.82546000
393	0.42714683
304	0.32174683
305	0.20542146
353	0.45528488
354	0.44872780
355	0.65697854
357	0.82906049
365	0.66152976
367	0.27311951
368	0.46396244
373	0.53679659
376	0.53035805
375	0.56480195
374	0.15362390
