0 1
0 2
0 3
0 4
0 5
0 6
0 7
0 8
0 9
0 10
0 11
0 12
0 13
0 14
0 15
0 16
0 17
0 18
0 19
0 20
0 21
0 26
0 27
0 29
0 32
0 33
0 36
0 40
0 45
0 47
0 51
0 53
0 55
0 56
0 59
0 62
0 68
0 69
0 74
0 75
0 76
0 82
0 87
0 90
0 93
0 95
0 96
0 98
0 100
0 101
0 102
0 104
0 113
0 114
0 117
0 122
0 123
0 128
0 138
0 139
0 140
0 141
0 150
0 153
0 156
0 167
0 173
0 174
0 178
0 179
0 182
0 184
0 187
0 203
0 210
0 213
0 214
0 220
0 221
0 231
0 234
0 238
0 241
0 244
0 249
0 254
0 264
0 272
0 273
0 279
0 283
0 284
0 294
0 302
0 319
0 325
0 327
0 331
0 332
0 334
0 341
0 359
0 360
0 373
0 374
0 381
0 387
0 394
0 400
0 404
0 426
0 427
0 436
0 449
0 466
0 496
0 500
0 510
0 515
0 517
0 524
0 537
0 563
0 565
0 566
0 574
0 576
0 583
0 615
0 619
0 629
0 639
0 648
0 651
0 669
0 683
0 690
0 695
0 705
0 720
0 736
0 743
0 779
0 791
0 805
0 819
0 828
0 845
0 849
0 852
0 856
0 870
0 885
0 887
0 888
0 895
0 896
0 915
0 917
0 928
0 947
0 950
1 9
1 10
1 13
1 15
1 16
1 26
1 27
1 29
1 30
1 31
1 33
1 35
1 42
1 44
1 45
1 54
1 69
1 77
1 85
1 106
1 116
1 119
1 144
1 147
1 157
1 163
1 191
1 192
1 212
1 214
1 215
1 245
1 259
1 278
1 289
1 335
1 352
1 417
1 440
1 462
1 466
1 493
1 499
1 567
1 594
1 605
1 633
1 645
1 698
1 702
1 719
1 779
1 801
1 811
1 821
1 827
1 836
1 840
1 857
1 868
1 897
2 9
2 10
2 11
2 12
2 14
2 15
2 18
2 19
2 22
2 26
2 29
2 31
2 34
2 39
2 52
2 57
2 58
2 60
2 64
2 70
2 71
2 84
2 85
2 93
2 94
2 110
2 118
2 121
2 122
2 128
2 173
2 176
2 180
2 188
2 189
2 198
2 203
2 204
2 210
2 213
2 216
2 226
2 237
2 249
2 258
2 260
2 261
2 280
2 283
2 320
2 333
2 334
2 351
2 376
2 387
2 392
2 412
2 418
2 438
2 445
2 455
2 456
2 466
2 467
2 474
2 495
2 498
2 503
2 506
2 518
2 549
2 575
2 595
2 604
2 632
2 645
2 664
2 671
2 672
2 683
2 688
2 698
2 722
2 723
2 788
2 805
2 809
2 833
2 838
2 877
2 883
2 914
3 9
3 10
3 11
3 12
3 13
3 14
3 15
3 19
3 20
3 22
3 27
3 30
3 32
3 39
3 40
3 46
3 48
3 49
3 50
3 55
3 62
3 67
3 75
3 76
3 80
3 81
3 86
3 101
3 104
3 111
3 117
3 122
3 125
3 130
3 152
3 157
3 158
3 164
3 186
3 187
3 192
3 193
3 195
3 201
3 209
3 224
3 231
3 236
3 246
3 251
3 256
3 278
3 310
3 311
3 321
3 346
3 352
3 353
3 377
3 434
3 462
3 464
3 468
3 487
3 492
3 494
3 495
3 521
3 533
3 580
3 602
3 608
3 614
3 615
3 616
3 619
3 648
3 664
3 670
3 685
3 711
3 728
3 742
3 748
3 770
3 842
3 845
3 861
3 939
3 941
4 9
4 10
4 12
4 13
4 15
4 16
4 21
4 22
4 23
4 24
4 27
4 28
4 29
4 33
4 35
4 37
4 56
4 57
4 59
4 70
4 71
4 88
4 98
4 100
4 135
4 138
4 142
4 147
4 153
4 174
4 186
4 212
4 227
4 231
4 253
4 293
4 306
4 325
4 366
4 395
4 468
4 508
4 519
4 536
4 547
4 579
4 708
4 727
4 803
4 816
4 835
4 844
4 872
5 9
5 10
5 11
5 12
5 13
5 14
5 16
5 21
5 26
5 37
5 40
5 41
5 44
5 45
5 50
5 63
5 67
5 82
5 85
5 103
5 107
5 108
5 109
5 134
5 137
5 141
5 147
5 159
5 164
5 175
5 182
5 186
5 191
5 192
5 207
5 210
5 211
5 225
5 228
5 229
5 242
5 252
5 253
5 267
5 288
5 300
5 305
5 321
5 329
5 338
5 347
5 354
5 361
5 367
5 384
5 399
5 402
5 423
5 446
5 476
5 478
5 484
5 532
5 537
5 543
5 553
5 556
5 586
5 592
5 642
5 661
5 662
5 665
5 688
5 719
5 757
5 762
5 780
5 801
5 808
5 817
5 829
5 836
5 871
5 876
5 913
5 930
5 931
5 938
5 945
6 9
6 10
6 11
6 14
6 17
6 18
6 22
6 27
6 32
6 36
6 37
6 39
6 46
6 48
6 56
6 60
6 65
6 70
6 84
6 86
6 92
6 106
6 108
6 126
6 135
6 136
6 142
6 152
6 159
6 171
6 189
6 191
6 193
6 202
6 206
6 218
6 222
6 225
6 228
6 250
6 261
6 262
6 263
6 265
6 274
6 312
6 326
6 328
6 331
6 338
6 340
6 345
6 355
6 359
6 371
6 411
6 426
6 439
6 458
6 482
6 485
6 510
6 523
6 530
6 550
6 554
6 587
6 590
6 622
6 626
6 629
6 637
6 650
6 667
6 679
6 685
6 686
6 700
6 712
6 731
6 736
6 780
6 788
6 791
6 799
6 806
6 824
6 828
6 834
6 835
6 845
6 855
6 888
6 902
6 907
6 908
6 925
6 927
6 930
7 9
7 16
7 17
7 25
7 26
7 28
7 31
7 41
7 43
7 45
7 50
7 51
7 55
7 62
7 69
7 99
7 101
7 116
7 122
7 128
7 132
7 134
7 137
7 147
7 161
7 166
7 167
7 173
7 190
7 210
7 230
7 233
7 234
7 259
7 271
7 277
7 280
7 302
7 303
7 322
7 324
7 382
7 385
7 405
7 408
7 423
7 425
7 433
7 460
7 467
7 469
7 472
7 477
7 479
7 496
7 553
7 561
7 613
7 623
7 659
7 682
7 707
7 712
7 747
7 788
7 811
7 831
7 908
7 919
8 11
8 16
8 17
8 19
8 26
8 34
8 36
8 44
8 55
8 88
8 89
8 90
8 94
8 151
8 163
8 164
8 199
8 215
8 218
8 248
8 260
8 286
8 333
8 337
8 399
8 408
8 415
8 460
8 469
8 494
8 506
8 510
8 569
8 618
8 664
8 784
8 795
8 871
8 881
8 901
8 946
9 10
9 11
9 12
9 13
9 14
9 16
9 17
9 19
9 24
9 25
9 29
9 30
9 31
9 32
9 34
9 37
9 39
9 41
9 43
9 49
9 54
9 60
9 66
9 67
9 69
9 76
9 83
9 91
9 92
9 94
9 95
9 97
9 98
9 99
9 100
9 109
9 117
9 121
9 124
9 132
9 136
9 142
9 145
9 153
9 156
9 161
9 167
9 191
9 195
9 200
9 202
9 216
9 237
9 240
9 247
9 254
9 273
9 287
9 289
9 323
9 331
9 339
9 342
9 346
9 356
9 357
9 363
9 389
9 414
9 420
9 427
9 428
9 436
9 454
9 456
9 479
9 486
9 487
9 499
9 507
9 520
9 524
9 526
9 533
9 542
9 543
9 545
9 546
9 564
9 567
9 579
9 580
9 583
9 587
9 604
9 614
9 630
9 664
9 673
9 675
9 679
9 690
9 698
9 707
9 710
9 714
9 726
9 767
9 772
9 799
9 803
9 834
9 863
9 882
9 894
9 919
9 945
10 11
10 12
10 13
10 14
10 15
10 17
10 18
10 21
10 25
10 26
10 28
10 30
10 38
10 41
10 42
10 46
10 51
10 52
10 54
10 58
10 72
10 73
10 84
10 87
10 88
10 90
10 91
10 104
10 105
10 106
10 116
10 152
10 156
10 164
10 168
10 171
10 172
10 177
10 183
10 187
10 192
10 198
10 200
10 202
10 203
10 204
10 208
10 210
10 211
10 221
10 247
10 255
10 297
10 323
10 329
10 335
10 344
10 350
10 356
10 361
10 362
10 364
10 372
10 377
10 379
10 383
10 392
10 393
10 399
10 405
10 445
10 448
10 458
10 470
10 493
10 508
10 509
10 548
10 583
10 586
10 590
10 612
10 635
10 644
10 650
10 659
10 682
10 689
10 690
10 716
10 729
10 755
10 764
10 766
10 780
10 800
10 805
10 828
10 831
10 840
10 842
10 846
10 856
10 872
10 893
10 894
10 939
10 944
10 948
11 12
11 13
11 17
11 18
11 20
11 21
11 22
11 23
11 24
11 28
11 30
11 35
11 45
11 49
11 58
11 61
11 71
11 81
11 83
11 108
11 110
11 112
11 113
11 124
11 127
11 132
11 148
11 151
11 157
11 182
11 200
11 214
11 218
11 233
11 234
11 251
11 259
11 267
11 277
11 283
11 297
11 310
11 320
11 324
11 332
11 338
11 349
11 351
11 380
11 384
11 401
11 407
11 434
11 475
11 501
11 508
11 527
11 540
11 545
11 565
11 577
11 607
11 609
11 630
11 651
11 677
11 771
11 779
11 785
11 806
11 815
11 819
11 825
11 830
11 893
11 902
11 944
11 947
11 948
12 15
12 16
12 22
12 23
12 24
12 27
12 32
12 34
12 47
12 51
12 58
12 59
12 62
12 68
12 71
12 77
12 79
12 80
12 103
12 108
12 110
12 121
12 123
12 129
12 131
12 137
12 171
12 176
12 180
12 196
12 203
12 208
12 212
12 220
12 226
12 230
12 239
12 250
12 260
12 274
12 284
12 288
12 290
12 301
12 322
12 349
12 363
12 367
12 371
12 393
12 397
12 399
12 403
12 417
12 421
12 425
12 450
12 456
12 462
12 476
12 490
12 532
12 543
12 549
12 562
12 565
12 566
12 583
12 590
12 595
12 618
12 623
12 736
12 765
12 777
12 784
12 787
12 817
12 887
12 899
12 917
13 14
13 15
13 20
13 22
13 24
13 25
13 27
13 32
13 33
13 34
13 38
13 40
13 41
13 42
13 50
13 55
13 56
13 57
13 64
13 70
13 89
13 91
13 98
13 101
13 103
13 111
13 116
13 119
13 124
13 127
13 130
13 131
13 136
13 143
13 160
13 172
13 173
13 178
13 186
13 190
13 200
13 205
13 206
13 208
13 212
13 215
13 224
13 225
13 226
13 227
13 235
13 239
13 240
13 241
13 243
13 250
13 253
13 259
13 266
13 276
13 278
13 280
13 286
13 287
13 291
13 295
13 304
13 316
13 339
13 358
13 369
13 370
13 371
13 376
13 382
13 389
13 407
13 418
13 432
13 438
13 444
13 447
13 454
13 457
13 479
13 486
13 490
13 493
13 522
13 526
13 535
13 552
13 563
13 564
13 592
13 624
13 631
13 697
13 706
13 723
13 726
13 806
13 810
13 811
13 837
13 880
13 911
13 917
13 918
13 931
13 936
13 943
13 950
14 20
14 21
14 24
14 34
14 36
14 40
14 42
14 47
14 53
14 58
14 61
14 80
14 109
14 115
14 126
14 127
14 133
14 143
14 156
14 165
14 177
14 179
14 180
14 193
14 210
14 222
14 231
14 273
14 283
14 284
14 310
14 358
14 370
14 378
14 389
14 455
14 501
14 509
14 526
14 527
14 563
14 603
14 660
14 682
14 734
14 790
14 835
14 892
14 909
14 923
15 18
15 19
15 20
15 23
15 25
15 35
15 42
15 43
15 49
15 56
15 57
15 59
15 67
15 92
15 98
15 134
15 170
15 186
15 197
15 208
15 210
15 211
15 217
15 226
15 230
15 261
15 282
15 286
15 309
15 313
15 325
15 334
15 339
15 386
15 423
15 431
15 448
15 452
15 481
15 487
15 504
15 507
15 525
15 543
15 571
15 584
15 608
15 613
15 652
15 661
15 688
15 741
15 779
15 784
15 789
15 836
15 837
15 845
15 855
15 873
15 939
16 17
16 18
16 19
16 20
16 28
16 37
16 39
16 63
16 87
16 89
16 92
16 119
16 162
16 165
16 183
16 201
16 252
16 345
16 436
16 594
16 640
16 665
16 673
16 679
16 741
16 771
16 797
16 820
16 821
16 827
17 18
17 20
17 21
17 23
17 31
17 33
17 35
17 36
17 38
17 47
17 48
17 49
17 50
17 55
17 59
17 69
17 78
17 80
17 82
17 84
17 85
17 99
17 117
17 118
17 121
17 125
17 134
17 150
17 167
17 172
17 185
17 205
17 237
17 250
17 264
17 270
17 282
17 288
17 290
17 300
17 304
17 329
17 340
17 345
17 349
17 362
17 367
17 381
17 396
17 434
17 435
17 443
17 460
17 463
17 466
17 467
17 488
17 547
17 552
17 562
17 598
17 616
17 620
17 632
17 643
17 649
17 659
17 669
17 680
17 692
17 693
17 707
17 718
17 724
17 756
17 830
17 831
17 840
17 862
17 908
17 929
18 19
18 21
18 22
18 23
18 25
18 29
18 35
18 37
18 38
18 41
18 43
18 64
18 69
18 88
18 91
18 104
18 107
18 109
18 110
18 114
18 129
18 130
18 131
18 142
18 144
18 145
18 148
18 168
18 169
18 175
18 181
18 190
18 192
18 210
18 214
18 221
18 235
18 238
18 258
18 260
18 280
18 287
18 305
18 311
18 319
18 323
18 324
18 328
18 335
18 365
18 366
18 368
18 375
18 390
18 396
18 403
18 413
18 420
18 452
18 460
18 467
18 522
18 527
18 528
18 550
18 572
18 580
18 581
18 583
18 595
18 602
18 604
18 663
18 664
18 670
18 682
18 696
18 724
18 728
18 729
18 732
18 743
18 753
18 754
18 776
18 778
18 781
18 784
18 787
18 788
18 790
18 847
18 852
18 865
18 874
18 904
18 922
18 931
18 946
19 24
19 28
19 34
19 37
19 38
19 40
19 43
19 48
19 51
19 63
19 72
19 90
19 122
19 155
19 176
19 178
19 180
19 186
19 233
19 249
19 338
19 360
19 381
19 411
19 412
19 427
19 473
19 497
19 499
19 538
19 574
19 641
19 655
19 671
19 689
19 691
19 743
19 762
19 778
19 859
19 883
19 918
20 23
20 25
20 27
20 28
20 29
20 30
20 31
20 33
20 38
20 41
20 43
20 45
20 61
20 66
20 72
20 87
20 96
20 108
20 118
20 119
20 128
20 133
20 136
20 139
20 150
20 153
20 161
20 165
20 167
20 169
20 170
20 178
20 206
20 209
20 218
20 221
20 227
20 239
20 255
20 265
20 271
20 278
20 279
20 288
20 303
20 314
20 321
20 322
20 324
20 325
20 326
20 329
20 330
20 339
20 353
20 354
20 359
20 361
20 372
20 387
20 393
20 401
20 402
20 420
20 427
20 431
20 440
20 449
20 457
20 461
20 472
20 499
20 514
20 520
20 523
20 535
20 586
20 591
20 604
20 607
20 612
20 626
20 633
20 659
20 663
20 667
20 668
20 675
20 684
20 687
20 690
20 709
20 730
20 753
20 772
20 785
20 812
20 813
20 821
20 831
20 832
20 859
20 876
20 887
20 910
21 23
21 24
21 25
21 26
21 35
21 46
21 54
21 55
21 65
21 75
21 81
21 82
21 83
21 111
21 114
21 135
21 139
21 155
21 169
21 178
21 187
21 219
21 250
21 262
21 268
21 281
21 300
21 303
21 306
21 310
21 312
21 321
21 332
21 347
21 350
21 395
21 397
21 403
21 417
21 420
21 497
21 528
21 532
21 557
21 569
21 576
21 599
21 602
21 624
21 627
21 655
21 700
21 744
21 745
21 863
21 887
21 909
21 935
22 40
22 43
22 46
22 50
22 52
22 53
22 56
22 63
22 65
22 78
22 89
22 93
22 95
22 115
22 127
22 137
22 140
22 149
22 154
22 182
22 205
22 252
22 257
22 266
22 269
22 299
22 327
22 331
22 343
22 348
22 373
22 376
22 405
22 408
22 439
22 449
22 456
22 587
22 591
22 632
22 637
22 646
22 658
22 685
22 686
22 687
22 688
22 689
22 696
22 763
22 784
22 820
22 829
22 880
22 890
22 918
23 33
23 50
23 60
23 112
23 139
23 166
23 170
23 218
23 243
23 244
23 256
23 319
23 366
23 398
23 434
23 562
23 576
23 610
23 644
23 651
23 680
23 764
23 768
23 778
24 28
24 35
24 37
24 39
24 44
24 47
24 58
24 88
24 118
24 122
24 146
24 182
24 202
24 207
24 212
24 217
24 245
24 254
24 258
24 272
24 287
24 302
24 312
24 331
24 387
24 409
24 413
24 414
24 442
24 492
24 498
24 515
24 531
24 541
24 544
24 567
24 605
24 654
24 689
24 716
24 757
24 758
24 795
24 799
24 863
24 882
24 940
25 30
25 34
25 36
25 44
25 49
25 51
25 52
25 54
25 57
25 58
25 59
25 86
25 87
25 109
25 111
25 121
25 129
25 133
25 134
25 143
25 151
25 162
25 163
25 166
25 177
25 183
25 193
25 206
25 211
25 212
25 267
25 274
25 275
25 285
25 291
25 339
25 353
25 375
25 439
25 468
25 483
25 527
25 542
25 575
25 578
25 651
25 665
25 680
25 691
25 701
25 755
25 764
25 776
25 800
25 846
25 867
25 924
25 943
26 29
26 51
26 75
26 90
26 103
26 105
26 144
26 184
26 251
26 273
26 275
26 290
26 349
26 403
26 432
26 582
26 595
26 614
26 629
26 637
26 645
26 718
26 787
26 842
26 872
27 30
27 52
27 53
27 61
27 66
27 75
27 80
27 81
27 116
27 124
27 126
27 129
27 150
27 158
27 181
27 183
27 256
27 262
27 278
27 286
27 387
27 426
27 427
27 463
27 473
27 500
27 562
27 569
27 629
27 654
27 753
27 782
27 787
27 803
27 871
27 940
28 31
28 32
28 33
28 50
28 53
28 67
28 71
28 73
28 87
28 91
28 108
28 119
28 120
28 123
28 132
28 147
28 157
28 160
28 174
28 175
28 234
28 239
28 248
28 261
28 262
28 278
28 292
28 303
28 322
28 324
28 349
28 353
28 354
28 362
28 368
28 382
28 392
28 422
28 462
28 472
28 486
28 509
28 514
28 517
28 527
28 541
28 544
28 559
28 586
28 625
28 636
28 637
28 648
28 669
28 679
28 699
28 704
28 733
28 791
28 792
28 815
28 837
28 868
28 911
28 930
29 31
29 38
29 69
29 70
29 71
29 73
29 88
29 91
29 101
29 120
29 129
29 141
29 160
29 180
29 181
29 191
29 198
29 266
29 287
29 303
29 306
29 307
29 320
29 372
29 376
29 455
29 463
29 495
29 496
29 585
29 593
29 643
29 693
29 700
29 862
29 893
30 32
30 36
30 48
30 55
30 63
30 78
30 81
30 88
30 92
30 96
30 110
30 120
30 131
30 135
30 138
30 139
30 150
30 193
30 233
30 248
30 263
30 264
30 304
30 320
30 351
30 361
30 388
30 400
30 436
30 445
30 446
30 449
30 496
30 498
30 509
30 514
30 522
30 533
30 555
30 560
30 569
30 570
30 620
30 636
30 653
30 676
30 680
30 697
30 722
30 742
30 751
30 768
30 781
30 802
30 827
30 831
30 848
30 858
30 869
30 885
30 897
30 949
31 39
31 42
31 61
31 65
31 74
31 86
31 89
31 103
31 104
31 116
31 125
31 134
31 141
31 145
31 149
31 157
31 159
31 165
31 171
31 182
31 189
31 197
31 200
31 202
31 213
31 216
31 230
31 246
31 260
31 342
31 347
31 354
31 360
31 384
31 385
31 411
31 420
31 447
31 473
31 491
31 560
31 566
31 574
31 581
31 582
31 621
31 626
31 636
31 642
31 657
31 669
31 736
31 756
31 793
31 845
31 946
32 40
32 56
32 62
32 76
32 86
32 97
32 100
32 109
32 115
32 123
32 127
32 140
32 162
32 168
32 169
32 176
32 182
32 199
32 218
32 227
32 228
32 233
32 254
32 265
32 284
32 302
32 320
32 404
32 458
32 484
32 507
32 516
32 618
32 696
32 704
32 852
32 895
32 910
32 937
33 36
33 42
33 43
33 47
33 66
33 71
33 125
33 176
33 211
33 212
33 230
33 281
33 324
33 367
33 372
33 407
33 448
33 449
33 492
33 512
33 537
33 585
33 650
33 751
33 846
34 57
34 65
34 73
34 77
34 81
34 101
34 107
34 117
34 119
34 121
34 124
34 129
34 148
34 152
34 160
34 161
34 201
34 207
34 220
34 241
34 259
34 299
34 313
34 348
34 369
34 400
34 418
34 477
34 498
34 529
34 534
34 556
34 558
34 574
34 594
34 616
34 671
34 720
34 722
34 778
34 861
34 877
34 929
35 42
35 44
35 46
35 48
35 52
35 53
35 54
35 57
35 59
35 61
35 65
35 68
35 74
35 77
35 80
35 82
35 87
35 102
35 112
35 130
35 138
35 141
35 146
35 147
35 173
35 179
35 203
35 281
35 299
35 320
35 336
35 355
35 408
35 480
35 488
35 504
35 531
35 570
35 584
35 601
35 607
35 625
35 661
35 663
35 676
35 683
35 695
35 708
35 722
35 724
35 736
35 747
35 798
35 801
35 839
35 888
35 890
35 901
36 38
36 44
36 45
36 53
36 64
36 66
36 79
36 82
36 85
36 91
36 103
36 106
36 126
36 146
36 173
36 177
36 231
36 232
36 249
36 295
36 304
36 351
36 380
36 415
36 437
36 438
36 489
36 513
36 544
36 584
36 608
36 642
36 737
36 830
36 874
36 880
37 39
37 51
37 61
37 63
37 79
37 81
37 91
37 97
37 102
37 106
37 142
37 149
37 150
37 154
37 165
37 245
37 285
37 292
37 305
37 316
37 328
37 362
37 378
37 430
37 521
37 528
37 557
37 564
37 727
37 738
37 777
37 843
37 897
37 934
38 54
38 62
38 67
38 72
38 89
38 100
38 124
38 133
38 150
38 155
38 170
38 181
38 196
38 197
38 219
38 236
38 238
38 244
38 308
38 309
38 322
38 376
38 386
38 409
38 413
38 428
38 438
38 561
38 570
38 579
38 598
38 615
38 634
38 686
38 709
38 712
38 740
38 746
38 749
38 755
38 816
38 835
38 847
38 888
38 912
38 937
38 944
39 45
39 47
39 49
39 58
39 62
39 66
39 71
39 84
39 85
39 86
39 89
39 97
39 111
39 119
39 120
39 127
39 128
39 132
39 134
39 159
39 170
39 183
39 189
39 195
39 197
39 225
39 229
39 232
39 261
39 274
39 280
39 289
39 297
39 301
39 329
39 386
39 392
39 426
39 452
39 468
39 518
39 524
39 527
39 560
39 595
39 612
39 631
39 642
39 668
39 678
39 685
39 693
39 707
39 723
39 731
39 785
39 798
39 891
39 895
39 901
39 929
40 41
40 70
40 75
40 104
40 105
40 114
40 117
40 133
40 159
40 169
40 240
40 268
40 292
40 308
40 326
40 369
40 380
40 459
40 629
41 46
41 48
41 64
41 74
41 77
41 84
41 95
41 102
41 126
41 196
41 228
41 233
41 253
41 314
41 357
41 361
41 424
41 459
41 475
41 490
41 606
41 638
41 702
41 715
41 777
41 825
41 846
41 916
42 44
42 48
42 49
42 64
42 76
42 92
42 96
42 232
42 271
42 285
42 287
42 350
42 390
42 417
42 436
42 475
42 479
42 480
42 509
42 766
42 767
42 793
42 840
42 871
42 902
42 931
43 52
43 70
43 74
43 76
43 77
43 84
43 92
43 98
43 99
43 124
43 146
43 155
43 157
43 164
43 166
43 194
43 209
43 232
43 260
43 264
43 268
43 282
43 333
43 352
43 396
43 407
43 457
43 461
43 467
43 478
43 526
43 550
43 611
43 667
43 700
43 710
43 728
43 746
43 749
43 808
43 860
43 865
43 898
43 950
44 46
44 52
44 54
44 63
44 66
44 67
44 79
44 86
44 87
44 93
44 95
44 103
44 105
44 112
44 120
44 145
44 165
44 238
44 266
44 301
44 421
44 447
44 448
44 451
44 499
44 546
44 599
44 615
44 620
44 699
44 796
44 845
44 850
44 886
44 914
44 920
44 949
45 57
45 64
45 70
45 101
45 105
45 107
45 126
45 128
45 143
45 164
45 187
45 199
45 213
45 231
45 235
45 243
45 290
45 314
45 315
45 351
45 370
45 373
45 393
45 447
45 475
45 523
45 566
45 611
45 650
45 694
45 712
45 758
45 828
45 857
45 926
45 935
46 47
46 72
46 74
46 118
46 127
46 155
46 175
46 194
46 256
46 370
46 371
46 434
46 649
47 78
47 94
47 102
47 198
47 227
47 374
47 378
47 438
47 496
47 610
47 655
47 697
47 843
47 869
47 878
47 905
48 65
48 68
48 72
48 120
48 131
48 148
48 183
48 187
48 278
48 282
48 342
48 371
48 385
48 462
48 601
48 624
48 670
48 709
48 718
48 723
48 733
48 754
48 915
49 68
49 77
49 85
49 89
49 111
49 115
49 137
49 167
49 185
49 196
49 247
49 269
49 279
49 315
49 326
49 329
49 358
49 432
49 441
49 446
49 455
49 492
49 501
49 521
49 597
49 656
49 683
49 684
49 700
49 709
49 732
49 739
49 881
49 904
49 906
49 933
50 53
50 83
50 95
50 99
50 100
50 166
50 265
50 276
50 318
50 334
50 413
50 421
50 429
50 546
50 570
50 929
50 939
51 56
51 79
51 95
51 113
51 122
51 128
51 154
51 162
51 201
51 223
51 258
51 393
51 395
51 453
51 526
51 569
51 674
51 795
51 891
52 73
52 75
52 78
52 109
52 131
52 224
52 245
52 258
52 275
52 285
52 365
52 367
52 394
52 429
52 430
52 442
52 477
52 560
52 600
52 638
52 683
52 744
52 771
52 785
52 788
52 792
52 835
52 922
53 60
53 67
53 68
53 76
53 80
53 112
53 168
53 213
53 254
53 266
53 272
53 313
53 337
53 464
53 516
53 556
53 662
53 689
53 692
53 708
53 771
53 772
53 792
53 902
53 936
53 947
54 69
54 86
54 95
54 140
54 161
54 186
54 203
54 237
54 300
54 313
54 335
54 420
54 474
54 522
54 530
54 557
54 570
54 810
54 820
54 822
55 60
55 66
55 72
55 74
55 94
55 129
55 135
55 154
55 160
55 184
55 204
55 208
55 223
55 232
55 240
55 252
55 255
55 292
55 307
55 366
55 373
55 374
55 409
55 411
55 414
55 442
55 452
55 779
55 791
55 807
55 815
56 59
56 60
56 62
56 64
56 78
56 90
56 94
56 105
56 113
56 123
56 142
56 192
56 204
56 215
56 245
56 255
56 263
56 269
56 296
56 301
56 310
56 312
56 317
56 324
56 370
56 406
56 419
56 465
56 477
56 480
56 486
56 494
56 529
56 539
56 587
56 605
56 621
56 640
56 693
56 721
56 865
56 889
56 906
56 918
56 940
57 60
57 74
57 79
57 81
57 93
57 146
57 154
57 178
57 194
57 217
57 266
57 296
57 312
57 394
57 405
57 411
57 423
57 504
57 530
57 575
57 577
57 597
57 638
57 641
57 642
57 645
57 653
57 697
57 711
57 735
57 750
57 762
57 773
57 776
57 778
57 797
57 864
57 907
57 926
58 61
58 83
58 90
58 96
58 102
58 144
58 150
58 152
58 236
58 257
58 259
58 269
58 341
58 352
58 353
58 365
58 399
58 419
58 440
58 470
58 592
58 712
58 770
58 800
58 871
58 873
58 889
58 906
59 76
59 83
59 97
59 130
59 143
59 175
59 190
59 191
59 211
59 294
59 306
59 388
59 410
59 437
59 470
59 472
59 495
59 511
59 538
59 575
59 579
59 616
59 648
59 658
59 679
59 768
59 773
59 812
59 817
59 849
59 882
59 938
60 75
60 97
60 104
60 112
60 209
60 222
60 229
60 236
60 248
60 270
60 295
60 297
60 301
60 317
60 321
60 355
60 377
60 395
60 396
60 424
60 439
60 442
60 504
60 607
60 647
60 648
60 697
60 881
60 921
60 928
61 73
61 78
61 79
61 82
61 127
61 133
61 141
61 149
61 158
61 174
61 177
61 198
61 227
61 235
61 238
61 254
61 257
61 263
61 265
61 267
61 268
61 312
61 314
61 392
61 439
61 471
61 542
61 547
61 572
61 575
61 582
61 587
61 589
61 625
61 628
61 659
61 670
61 694
61 714
61 715
61 729
61 774
61 810
61 900
61 915
61 919
61 935
61 948
62 63
62 65
62 68
62 73
62 78
62 85
62 96
62 97
62 121
62 142
62 158
62 188
62 197
62 222
62 267
62 268
62 277
62 285
62 293
62 331
62 333
62 385
62 391
62 400
62 402
62 423
62 443
62 446
62 502
62 522
62 531
62 555
62 559
62 565
62 571
62 605
62 610
62 622
62 684
62 693
62 695
62 700
62 713
62 725
62 747
62 784
62 797
62 808
62 812
62 829
62 855
62 869
62 897
62 916
62 933
63 68
63 100
63 131
63 143
63 159
63 184
63 254
63 284
63 407
63 476
63 482
63 485
63 516
63 519
63 633
63 651
63 685
63 702
63 744
63 764
64 72
64 77
64 130
64 188
64 228
64 232
64 270
64 332
64 343
64 354
64 391
64 419
64 421
64 461
64 465
64 489
64 633
64 684
64 854
65 73
65 98
65 101
65 158
65 218
65 267
65 293
65 311
65 330
65 336
65 350
65 493
65 499
65 545
65 548
65 549
65 561
65 613
65 633
65 734
65 833
65 909
66 79
66 83
66 99
66 105
66 136
66 192
66 216
66 247
66 250
66 255
66 302
66 316
66 318
66 401
66 431
66 541
66 549
66 623
66 628
66 662
66 684
66 703
66 705
66 715
66 721
66 734
66 786
66 821
66 891
66 906
66 936
67 83
67 113
67 141
67 146
67 191
67 197
67 235
67 238
67 241
67 251
67 260
67 298
67 347
67 383
67 439
67 514
67 559
67 588
67 589
67 643
67 665
67 692
67 781
67 806
67 838
67 853
67 872
68 100
68 116
68 120
68 123
68 128
68 132
68 143
68 228
68 268
68 363
68 482
68 504
68 542
68 609
68 626
68 629
68 727
68 759
68 927
68 929
69 129
69 141
69 148
69 251
69 272
69 323
69 331
69 437
69 636
69 692
69 720
69 804
69 809
69 823
69 873
69 900
70 173
70 188
70 190
70 194
70 196
70 237
70 277
70 286
70 317
70 328
70 344
70 348
70 357
70 388
70 389
70 394
70 416
70 423
70 434
70 441
70 512
70 583
70 710
70 711
70 739
70 848
71 88
71 93
71 110
71 115
71 161
71 184
71 189
71 190
71 224
71 285
71 298
71 307
71 309
71 317
71 329
71 373
71 445
71 457
71 506
71 515
71 548
71 657
71 662
71 677
71 758
71 808
72 111
72 115
72 177
72 188
72 240
72 242
72 369
72 626
72 668
72 739
73 94
73 113
73 179
73 181
73 190
73 200
73 262
73 335
73 422
73 445
73 452
73 460
73 462
73 473
73 510
73 518
73 571
73 639
73 655
73 701
73 725
73 770
73 785
73 795
73 837
73 871
73 890
74 112
74 137
74 151
74 158
74 180
74 247
74 270
74 300
74 321
74 412
74 430
74 433
74 438
74 554
74 560
74 708
74 772
74 794
74 831
74 880
75 80
75 108
75 109
75 156
75 179
75 180
75 213
75 219
75 221
75 252
75 280
75 288
75 315
75 317
75 409
75 428
75 443
75 477
75 531
75 551
75 561
75 606
75 647
75 695
75 713
75 754
75 836
75 895
76 104
76 184
76 201
76 240
76 309
76 324
76 420
76 496
76 514
76 516
76 850
76 891
77 162
77 195
77 199
77 249
77 256
77 288
77 335
77 377
77 417
77 431
77 435
77 464
77 471
77 521
77 549
77 693
77 791
77 820
78 84
78 93
78 94
78 115
78 121
78 153
78 161
78 166
78 172
78 188
78 261
78 296
78 339
78 421
78 452
78 461
78 481
78 486
78 638
78 653
78 661
78 707
78 723
78 750
78 762
78 782
78 879
79 82
79 117
79 120
79 163
79 274
79 289
79 355
79 519
79 607
79 655
79 799
79 817
79 880
79 891
79 925
80 96
80 97
80 195
80 216
80 292
80 306
80 419
80 752
80 796
80 820
81 114
81 151
81 251
81 281
81 321
81 474
81 538
81 721
81 754
81 812
81 847
81 869
81 898
81 942
82 92
82 112
82 276
82 323
82 725
83 137
83 153
83 167
83 242
83 252
83 391
83 443
83 465
83 537
83 659
83 920
83 943
84 96
84 102
84 110
84 138
84 265
84 276
84 348
84 364
84 377
84 385
84 454
84 484
84 525
84 539
84 551
84 553
84 634
84 635
84 743
84 814
84 867
84 923
84 949
85 163
85 168
85 179
85 215
85 325
85 349
85 356
85 376
85 389
85 452
85 457
85 469
85 501
85 681
85 721
85 779
85 786
85 896
85 914
86 116
86 149
86 181
86 205
86 249
86 271
86 272
86 275
86 363
86 372
86 378
86 433
86 444
86 535
86 675
86 720
86 748
86 755
86 769
86 822
86 844
86 884
86 887
86 900
86 907
86 942
87 93
87 99
87 114
87 123
87 144
87 171
87 194
87 204
87 279
87 297
87 325
87 327
87 447
87 464
87 469
87 507
87 602
87 739
87 798
87 869
88 200
88 229
88 281
88 330
88 373
88 432
88 439
88 582
89 90
89 102
89 135
89 148
89 165
89 167
89 176
89 180
89 205
89 222
89 244
89 254
89 259
89 266
89 284
89 314
89 319
89 322
89 498
89 582
89 610
89 644
89 706
89 715
89 720
89 767
89 816
89 827
89 828
89 884
89 898
89 944
90 106
90 113
90 136
90 149
90 152
90 181
90 183
90 193
90 234
90 272
90 274
90 392
90 512
90 534
90 535
90 563
90 685
90 704
90 721
90 722
90 728
90 757
90 917
91 99
91 300
91 336
91 337
91 382
91 541
91 919
91 937
91 943
92 106
92 107
92 118
92 139
92 144
92 159
92 204
92 232
92 258
92 282
92 303
92 304
92 364
92 397
92 519
92 573
92 660
92 725
92 789
92 848
92 902
93 107
93 119
93 140
93 142
93 146
93 152
93 154
93 162
93 163
93 168
93 241
93 247
93 399
93 521
93 568
93 713
93 861
94 98
94 105
94 107
94 115
94 122
94 125
94 221
94 273
94 315
94 351
94 355
94 438
94 443
94 480
94 579
94 591
94 635
94 683
94 760
94 782
94 813
94 896
94 926
95 146
95 174
95 216
95 219
95 248
95 277
95 315
95 342
95 437
95 481
95 498
95 574
95 605
95 612
95 654
95 702
95 818
96 113
96 144
96 151
96 157
96 178
96 275
96 282
96 315
96 333
96 345
96 358
96 411
96 416
96 512
96 521
96 621
96 716
96 730
96 747
96 823
96 857
96 913
97 118
97 135
97 235
97 349
97 694
97 813
97 907
98 106
98 125
98 135
98 194
98 239
98 325
98 460
98 465
99 126
99 136
99 243
99 330
99 440
99 544
99 567
99 609
99 834
100 103
100 108
100 124
100 133
100 137
100 156
100 174
100 217
100 239
100 257
100 424
100 440
100 604
100 639
100 640
100 709
100 720
100 730
100 764
100 834
100 858
100 927
101 169
101 256
101 336
101 380
101 498
101 532
101 737
101 799
102 195
102 412
102 494
102 630
102 657
102 725
102 729
102 757
102 802
102 920
103 107
103 114
103 132
103 148
103 156
103 165
103 173
103 185
103 217
103 448
103 453
103 483
103 627
103 818
103 867
104 356
104 459
104 597
104 769
104 866
104 888
105 114
105 185
105 293
105 300
105 412
105 437
105 468
105 482
105 520
105 522
105 556
105 563
105 645
105 733
105 823
105 899
105 948
106 111
106 130
106 368
106 481
106 624
106 699
106 741
106 945
107 162
107 198
107 214
107 287
107 375
107 631
107 648
108 138
108 332
108 418
108 890
109 110
109 117
109 131
109 132
109 148
109 276
109 327
109 358
109 368
109 392
109 401
109 477
109 534
109 538
109 580
109 585
109 586
109 600
109 719
109 769
109 840
110 125
110 149
110 166
110 220
110 238
110 240
110 295
110 406
110 409
110 426
110 568
110 912
111 140
111 368
111 403
111 424
111 444
111 542
111 548
111 605
111 617
111 912
111 925
112 126
112 136
112 229
112 236
112 297
112 393
112 416
112 459
112 546
112 566
112 639
112 660
112 677
112 694
113 194
113 207
113 241
113 274
113 275
113 294
113 298
113 336
113 369
113 394
113 395
113 418
113 466
113 518
113 536
113 543
113 578
113 598
113 601
113 653
113 665
113 734
113 740
113 748
113 754
113 794
113 832
113 849
114 133
114 138
114 205
114 213
114 390
114 474
114 525
114 613
114 717
114 718
114 839
115 143
115 340
115 403
115 489
115 490
115 535
115 545
115 603
116 145
116 162
116 171
116 185
116 188
116 209
116 226
116 244
116 256
116 391
116 446
116 601
116 657
116 738
116 765
116 775
116 840
116 861
116 869
116 914
116 922
116 930
116 944
117 118
117 123
117 160
117 262
117 289
117 352
117 365
117 388
117 495
117 671
117 681
117 710
117 764
117 833
117 866
117 876
117 905
118 130
118 147
118 156
118 277
118 294
118 500
118 555
118 571
118 596
118 614
118 668
118 718
119 155
119 159
119 196
119 198
119 294
119 313
119 341
119 386
119 394
119 468
119 473
119 558
119 572
119 646
119 654
119 668
119 692
119 699
119 732
119 808
119 809
119 938
119 945
120 181
120 185
120 186
120 233
120 271
120 318
120 347
120 428
120 532
120 559
120 561
120 713
120 783
120 878
121 153
121 155
121 206
121 293
121 340
121 366
121 372
121 508
121 518
121 534
121 552
121 578
121 733
121 755
121 892
122 140
122 170
122 215
122 263
122 269
122 270
122 291
122 303
122 322
122 363
122 463
122 482
122 484
122 488
122 572
122 590
122 601
122 628
122 730
122 893
123 177
123 200
123 202
123 209
123 245
123 276
123 328
123 338
123 342
123 360
123 365
123 381
123 454
123 475
123 479
123 494
123 537
123 592
123 597
123 649
123 681
123 766
123 768
123 791
123 850
123 893
124 125
124 145
124 168
124 196
124 202
124 220
124 248
124 283
124 356
124 390
124 433
124 440
124 466
124 504
124 517
124 541
124 543
124 557
124 564
124 707
124 736
124 744
124 753
124 770
124 773
124 841
124 848
124 908
125 149
125 194
125 197
125 207
125 216
125 237
125 248
125 298
125 318
125 351
125 389
125 398
125 400
125 449
125 476
125 525
125 663
125 703
125 811
125 820
125 886
125 910
125 938
126 158
126 191
126 226
126 393
126 410
126 695
126 737
126 808
126 903
127 187
127 207
127 219
127 242
127 383
127 471
127 656
127 810
128 139
128 222
128 281
128 318
128 320
128 327
128 421
128 425
128 458
128 521
128 523
128 563
128 581
128 685
128 828
128 866
128 885
128 900
128 923
128 938
129 134
129 138
129 154
129 184
129 185
129 199
129 302
129 304
129 311
129 346
129 360
129 393
129 406
129 482
129 524
129 550
129 584
129 599
129 604
129 623
129 624
129 628
129 640
129 656
129 672
129 674
129 694
129 830
129 850
129 875
130 140
130 147
130 198
130 264
130 276
130 279
130 293
130 323
130 396
130 517
130 556
130 566
130 576
130 593
130 658
130 711
130 825
130 844
130 859
130 862
130 884
130 910
131 163
131 185
131 309
131 357
131 476
131 480
131 528
131 532
131 569
131 606
131 614
131 645
131 648
131 674
131 860
131 937
132 193
132 206
132 236
132 252
132 275
132 300
132 306
132 424
132 425
132 453
132 575
132 579
132 655
132 876
133 144
133 224
133 379
133 398
133 423
133 470
133 536
133 705
133 754
133 757
133 826
134 176
134 487
134 491
134 582
134 853
134 935
135 157
135 164
135 242
135 244
135 246
135 345
135 435
135 450
135 458
135 472
135 506
135 571
135 609
135 666
135 670
135 714
135 864
135 865
136 139
136 174
136 196
136 306
136 313
136 314
136 451
136 525
136 554
136 555
136 690
136 734
136 795
136 811
136 825
136 864
136 906
137 177
137 179
137 327
137 328
137 363
137 397
137 433
137 442
137 499
137 503
137 546
137 585
137 630
137 643
137 794
137 804
137 851
137 889
137 898
137 940
138 145
138 171
138 223
138 343
138 373
138 388
138 391
138 410
138 412
138 416
138 429
138 430
138 453
138 524
138 606
138 628
138 635
138 660
138 676
138 821
139 145
139 151
139 199
139 261
139 297
139 344
139 352
139 380
139 381
139 383
139 404
139 504
139 563
139 577
139 614
139 652
139 679
139 783
139 790
139 823
139 843
139 847
139 908
139 928
139 939
139 943
140 152
140 169
140 183
140 217
140 223
140 225
140 319
140 373
140 379
140 701
140 775
140 845
140 940
141 269
141 299
141 315
141 348
141 354
141 406
141 424
141 511
141 526
141 535
141 570
141 599
141 652
141 756
141 763
141 871
141 878
141 912
142 202
142 287
142 305
142 309
142 323
142 330
142 347
142 357
142 394
142 418
142 428
142 485
142 655
142 712
142 751
142 784
142 792
142 822
142 848
142 876
143 166
143 168
143 238
143 253
143 338
143 510
143 541
143 650
143 690
143 760
144 153
144 154
144 230
144 244
144 306
144 421
144 632
144 647
144 738
144 853
145 164
145 172
145 239
145 251
145 369
145 436
145 718
146 216
146 224
146 307
146 385
146 415
146 495
146 652
146 653
146 849
146 949
147 161
147 208
147 215
147 220
147 253
147 308
147 328
147 511
147 588
147 734
147 815
147 876
147 941
147 947
148 158
148 163
148 379
148 405
148 453
148 485
148 490
148 728
148 838
148 933
149 151
149 241
149 298
149 335
149 346
149 424
149 486
149 674
149 752
149 783
149 823
149 891
150 172
150 280
150 483
150 508
150 577
150 822
150 841
151 155
151 160
151 204
151 225
151 265
151 275
151 295
151 317
151 337
151 431
151 447
151 456
151 491
151 492
151 505
151 516
151 687
151 716
151 717
151 732
151 737
151 758
151 832
151 856
151 864
151 886
152 170
152 189
152 296
152 332
152 340
152 364
152 377
152 489
152 543
152 564
152 576
152 704
152 767
152 793
152 878
152 889
152 911
152 925
153 223
153 237
153 380
153 445
153 456
153 592
153 888
154 169
154 291
154 342
154 461
154 586
154 680
154 916
155 172
155 247
155 268
155 292
155 390
155 470
155 487
155 497
155 524
155 646
155 666
156 160
156 170
156 176
156 189
156 244
156 246
156 398
156 518
156 539
156 603
156 640
156 879
156 905
156 908
156 913
157 220
157 310
157 382
157 513
157 551
157 811
157 868
158 172
158 217
158 222
158 225
158 289
158 296
158 316
158 435
158 484
158 500
158 503
158 589
158 689
158 872
158 927
159 174
159 229
159 361
159 379
159 547
159 671
159 760
159 812
160 251
160 312
160 384
160 590
160 741
160 877
161 171
161 182
161 205
161 250
161 276
161 356
161 362
161 502
161 703
161 805
162 222
162 231
162 305
162 358
162 448
162 485
162 487
162 584
163 188
163 235
163 327
163 404
163 454
163 568
163 613
163 697
163 804
163 909
164 203
164 214
164 311
164 379
164 428
164 551
164 678
164 702
164 746
165 195
165 227
165 256
165 341
165 350
165 364
165 383
165 478
165 730
165 778
165 796
165 899
166 175
166 178
166 197
166 199
166 282
166 344
166 408
166 422
166 455
166 507
166 532
166 842
167 187
167 193
167 299
167 550
167 620
167 668
167 850
168 207
168 637
168 677
168 729
168 803
169 192
169 294
169 456
169 517
169 543
169 607
169 639
169 665
169 713
169 726
169 735
169 835
169 853
170 220
170 495
170 608
170 707
170 785
171 295
171 316
171 336
171 386
171 417
171 611
171 671
171 860
171 886
172 175
172 239
172 258
172 298
172 319
172 451
172 518
172 550
172 558
172 589
172 603
172 621
172 761
172 931
173 223
173 226
173 346
173 365
173 410
173 596
174 175
174 179
174 201
174 207
174 263
174 293
174 375
174 466
174 478
174 663
174 677
174 723
174 731
174 792
174 825
174 842
174 854
174 903
174 950
175 303
175 363
175 441
175 513
175 528
175 656
175 886
175 946
176 208
176 273
176 397
176 603
176 634
176 760
176 761
176 783
176 806
176 832
176 903
177 221
177 223
177 286
177 310
177 388
177 406
177 437
177 462
177 573
177 593
177 594
177 600
177 603
177 619
177 681
177 692
177 694
177 743
177 762
177 773
177 826
177 897
177 910
177 914
178 206
178 213
178 224
178 235
178 271
178 292
178 302
178 341
178 344
178 395
178 471
178 510
178 560
178 565
178 600
178 625
178 627
178 628
178 654
178 688
178 750
178 756
178 782
179 245
179 255
179 341
179 343
179 419
179 452
179 479
179 514
179 623
179 635
179 654
179 770
179 800
179 815
179 819
179 865
180 184
180 240
180 290
180 374
180 415
180 555
180 556
180 870
180 900
181 190
181 255
181 290
181 294
181 509
181 510
181 567
181 623
181 801
181 828
181 849
182 195
182 211
182 219
182 237
182 489
182 535
182 540
182 577
182 615
182 627
182 744
182 749
182 789
182 825
182 877
182 886
182 914
182 919
183 203
183 234
183 284
183 336
183 544
183 587
183 786
183 799
183 852
183 863
183 934
184 214
184 221
184 267
184 383
184 398
184 408
184 565
184 813
185 250
185 289
185 319
185 372
185 378
185 381
185 391
185 430
185 470
185 557
185 598
185 621
185 651
185 663
185 808
185 867
185 919
185 948
186 201
186 204
186 230
186 234
186 243
186 269
186 283
186 288
186 297
186 298
186 301
186 304
186 308
186 330
186 343
186 359
186 361
186 368
186 408
186 439
186 442
186 449
186 488
186 552
186 573
186 627
186 665
186 673
186 678
186 727
186 756
186 808
186 822
186 860
187 206
187 257
187 375
187 382
187 434
187 512
187 574
187 591
187 685
187 839
187 841
187 880
187 896
187 905
187 944
188 189
188 212
188 214
188 229
188 263
188 274
188 396
188 470
188 491
188 541
188 542
188 550
188 578
188 597
188 656
188 666
188 756
188 790
188 817
188 858
189 242
189 343
189 352
189 358
189 406
189 443
189 444
189 505
189 525
189 537
189 572
189 574
189 586
189 705
189 732
189 847
189 883
189 884
189 894
189 943
190 295
190 554
190 572
190 686
191 205
191 230
191 242
191 249
191 310
191 350
191 362
191 370
191 411
191 436
191 465
191 506
191 511
191 726
191 899
192 253
192 313
192 338
192 364
192 397
192 418
192 519
192 602
192 740
192 748
192 791
193 199
193 258
193 279
193 478
193 553
193 686
193 818
194 227
194 229
194 257
194 340
194 346
194 418
194 469
194 493
194 636
194 699
194 700
194 847
195 211
195 249
195 481
195 539
195 560
195 694
195 768
195 775
195 818
195 847
195 941
196 201
196 234
196 257
196 337
196 472
196 576
196 620
196 636
196 662
196 667
196 719
196 728
196 743
196 918
196 938
196 946
197 228
197 346
197 370
197 420
197 489
197 749
197 881
198 215
198 228
198 231
198 308
198 334
198 402
198 416
198 502
198 674
198 717
198 730
198 856
198 893
198 947
199 379
199 484
199 566
199 594
199 626
199 871
199 881
200 262
200 343
200 389
200 506
200 572
200 611
200 635
200 724
200 738
200 882
201 208
201 209
201 264
201 305
201 311
201 347
201 433
201 450
201 506
201 552
201 602
201 625
201 655
201 656
201 661
201 682
201 829
201 837
201 844
201 883
201 924
202 307
202 337
202 367
202 409
202 629
203 451
203 457
203 588
203 641
203 751
203 940
204 224
204 225
204 245
204 311
204 360
204 376
204 383
204 445
204 537
204 672
204 710
204 740
204 741
204 802
204 832
204 876
205 223
205 259
205 291
205 338
205 361
205 415
205 507
205 721
205 733
205 866
206 217
206 232
206 257
206 312
206 360
206 474
206 515
206 526
206 670
206 895
206 942
207 368
207 415
207 521
207 579
207 667
207 744
207 831
207 931
208 209
208 260
208 277
208 333
208 359
208 542
208 611
208 800
208 802
208 879
209 268
209 326
209 423
209 502
209 548
209 623
209 759
210 226
210 241
210 337
210 345
210 397
210 425
210 426
210 471
210 497
210 559
210 571
210 594
210 726
211 481
211 833
211 926
212 236
212 243
212 252
212 286
212 308
212 318
212 359
212 382
212 432
212 447
212 500
212 714
213 282
213 705
213 751
213 786
214 219
214 264
214 353
214 384
214 404
214 475
214 553
214 562
214 714
214 766
214 882
215 219
215 332
215 554
215 717
215 742
216 218
216 279
216 292
216 485
216 763
216 846
216 932
217 283
217 305
217 342
217 427
217 456
217 509
217 515
217 562
217 582
217 706
217 711
217 745
217 753
217 775
217 851
217 881
218 272
218 307
218 345
218 367
218 384
218 471
218 663
218 845
218 945
219 290
219 299
219 355
219 387
219 443
219 458
219 469
219 483
219 548
219 578
219 608
219 611
219 745
219 765
219 926
220 233
220 243
220 271
220 293
220 385
220 390
220 501
220 620
220 642
220 735
220 803
220 814
220 900
221 253
221 283
221 386
221 409
221 414
221 437
221 504
221 678
221 751
221 770
221 776
221 789
221 879
221 896
222 273
222 295
222 313
222 355
222 398
222 412
222 449
222 459
222 476
222 479
222 519
222 619
222 687
222 706
222 770
222 787
222 810
222 846
222 865
223 247
223 294
223 406
223 804
224 440
224 505
224 618
224 733
225 263
225 277
225 326
225 394
225 444
225 488
225 616
225 634
225 651
225 816
225 819
225 829
225 927
225 932
226 243
226 279
226 351
226 384
226 398
226 596
226 607
226 695
226 703
226 715
226 723
226 858
226 922
227 246
227 248
227 316
227 353
227 372
227 389
227 413
227 494
227 560
227 620
227 646
227 704
227 887
227 922
228 380
228 592
228 804
229 278
229 322
229 330
229 388
229 402
229 502
229 621
229 625
229 640
229 652
229 821
229 860
230 236
230 242
230 246
230 284
230 370
230 417
230 483
230 552
231 265
231 392
231 425
231 492
231 575
231 645
231 757
231 809
231 813
232 344
232 897
233 246
233 634
233 713
233 920
234 262
234 450
234 511
234 607
234 855
234 925
235 246
235 296
235 341
235 342
235 343
235 344
235 416
235 523
235 594
235 616
235 622
235 647
235 728
235 841
235 911
236 344
236 522
236 571
236 832
237 334
237 534
237 613
237 705
237 911
238 309
238 321
238 349
238 410
238 553
238 570
238 747
238 896
239 269
239 270
239 444
239 610
239 638
239 771
239 867
240 270
240 323
240 646
240 672
240 861
241 291
241 336
241 365
241 430
241 432
241 436
241 479
241 493
241 534
241 553
241 615
241 657
241 660
241 760
241 859
242 317
242 359
242 446
242 485
242 496
242 501
242 567
242 577
242 603
242 748
242 765
242 886
242 927
243 289
243 309
243 311
243 369
243 388
243 402
243 471
243 529
243 548
243 556
243 704
243 838
244 375
244 502
244 669
245 437
245 748
245 832
246 255
246 270
246 318
246 444
246 483
246 515
246 868
246 909
247 455
247 531
247 690
247 923
248 502
248 513
248 551
248 600
248 602
248 736
248 855
248 892
248 941
249 266
249 359
249 435
249 684
249 740
249 913
250 267
250 354
250 434
250 656
250 742
251 264
251 281
251 315
251 360
251 413
251 457
251 567
251 686
251 774
251 900
252 374
252 400
252 537
252 557
252 580
252 673
252 732
252 872
252 892
253 432
253 464
253 477
253 501
253 538
253 551
253 622
253 726
253 755
254 288
254 350
254 367
254 491
254 704
254 752
254 882
254 933
255 281
255 339
255 398
255 401
255 422
255 459
255 630
255 717
256 280
256 499
256 502
256 540
256 819
257 512
257 618
257 765
257 838
257 858
257 881
258 450
258 476
258 705
258 838
258 847
258 907
259 285
259 307
259 316
259 446
259 512
259 688
259 800
259 884
260 261
260 366
260 405
260 455
260 497
260 613
260 708
260 762
261 329
261 453
261 700
261 742
262 273
262 286
262 352
262 406
262 415
262 425
262 586
262 683
262 708
262 779
262 780
262 782
262 790
262 850
262 898
262 917
263 271
263 478
263 481
263 524
263 604
264 299
264 332
264 677
264 919
265 272
265 387
265 391
265 442
265 536
265 573
265 644
265 659
265 704
265 854
266 290
266 374
266 401
266 641
266 794
266 892
266 928
267 498
267 513
267 550
267 675
267 682
267 841
267 868
268 386
268 651
268 901
268 908
269 308
269 745
269 803
269 842
269 862
270 291
270 348
270 546
270 614
270 633
270 635
270 724
270 750
270 830
270 897
270 925
271 340
271 347
271 357
271 396
271 419
271 471
271 701
272 374
272 382
272 490
272 538
272 554
272 581
272 609
272 637
272 696
272 745
272 921
273 327
273 357
273 410
273 433
273 496
273 581
273 585
273 634
273 740
273 796
273 870
274 298
274 371
274 472
274 503
274 641
274 802
274 901
274 913
275 422
275 459
275 503
275 530
275 688
275 891
276 419
276 444
276 720
276 726
276 758
278 301
278 339
278 549
278 589
278 662
278 915
278 916
279 451
279 569
280 317
280 395
280 404
280 573
280 576
280 591
280 863
281 299
281 304
281 325
281 401
281 458
281 466
281 503
281 588
281 652
281 675
281 682
281 777
282 285
282 409
282 451
282 454
282 514
282 522
282 568
282 619
282 698
282 709
282 757
282 839
282 904
283 319
283 465
283 511
283 637
283 748
283 846
283 861
284 333
284 443
285 291
285 378
285 390
285 413
285 441
285 641
285 824
286 296
286 305
286 416
286 523
286 676
286 758
286 934
287 584
287 612
287 753
288 326
288 432
288 551
288 654
288 759
288 862
289 708
290 296
290 368
290 450
290 491
290 625
290 698
290 753
290 817
290 823
290 895
291 328
291 451
291 796
291 921
292 301
292 302
292 345
292 357
292 374
292 413
292 435
292 539
292 561
292 646
292 757
292 823
292 870
293 308
293 539
293 814
294 381
294 390
294 397
294 429
294 430
294 463
294 478
294 494
294 540
294 595
294 664
294 719
294 867
295 383
295 562
295 708
295 710
296 369
296 429
296 474
296 760
297 407
297 421
297 545
297 631
297 640
297 691
297 766
297 774
297 936
298 320
298 371
298 435
298 455
298 584
298 600
298 649
298 686
298 737
298 832
299 350
299 475
299 948
300 362
300 364
300 798
300 938
301 358
301 362
301 429
301 460
301 527
301 850
302 307
302 356
302 384
302 403
302 508
302 539
302 540
302 556
302 573
302 689
302 691
302 713
302 798
302 807
303 316
303 335
303 448
303 464
303 564
303 789
304 314
304 448
305 326
305 474
305 583
305 676
305 824
305 864
306 314
306 334
306 340
306 405
306 488
306 514
306 534
306 715
306 749
306 756
306 795
306 859
307 330
307 424
307 491
307 523
307 527
307 795
307 906
307 924
308 348
308 364
308 366
308 484
308 526
308 552
308 564
308 701
308 854
308 937
309 402
309 464
309 676
309 853
310 555
310 739
310 782
310 828
310 890
311 346
311 414
311 440
311 477
311 533
311 558
311 595
311 617
311 680
311 682
311 738
311 769
311 781
311 783
311 906
312 422
312 581
312 849
312 850
312 928
313 318
313 331
313 385
313 530
313 788
314 511
314 829
314 857
314 875
315 353
315 405
315 431
315 493
315 558
315 752
316 454
317 629
317 649
317 652
317 694
317 702
317 709
317 750
317 796
317 897
317 936
318 408
318 482
318 591
318 666
318 669
318 706
318 797
318 806
318 949
319 341
319 524
319 608
319 617
319 885
320 348
320 568
320 602
320 653
320 738
320 776
320 778
321 427
321 431
321 533
321 610
321 670
322 334
322 354
322 585
322 587
323 337
323 416
323 546
323 589
324 375
324 780
324 804
324 912
324 920
325 377
325 669
325 691
325 814
325 821
325 875
325 918
326 473
326 658
326 769
326 801
326 855
327 395
327 422
328 399
328 661
328 813
329 463
329 520
329 932
330 365
330 407
330 503
330 610
331 333
331 356
331 379
331 674
331 763
331 766
331 786
331 874
331 877
331 935
332 401
332 699
332 782
332 858
332 948
333 621
333 676
333 701
333 724
334 492
334 583
334 638
334 696
335 391
335 467
335 672
335 715
335 841
335 895
336 631
336 675
337 760
337 768
338 363
338 428
338 431
338 473
338 506
338 536
338 932
338 942
339 366
339 597
339 899
340 410
340 528
340 576
340 692
340 719
340 939
341 377
341 386
341 486
341 501
341 531
341 622
341 794
341 883
341 888
342 854
343 417
343 441
343 446
343 520
343 578
343 633
343 843
344 612
344 642
344 836
345 450
345 486
345 573
345 614
345 619
345 665
346 355
346 387
346 425
346 457
347 381
347 402
347 404
347 764
347 856
348 631
348 699
348 712
348 783
348 870
349 400
349 468
349 517
349 539
349 557
349 673
349 772
349 885
349 896
351 378
351 414
351 596
351 616
351 785
351 873
352 814
353 410
353 441
353 515
353 627
354 371
354 380
354 480
354 500
354 787
355 441
355 488
355 581
355 647
355 668
355 730
355 848
355 931
356 412
356 590
357 414
357 784
357 943
358 644
359 426
359 465
359 489
359 513
359 547
359 549
359 606
359 631
360 465
361 378
361 414
361 603
361 634
361 656
361 909
362 544
362 909
362 946
363 528
363 540
363 601
363 617
364 472
364 491
364 718
364 950
365 500
366 399
366 588
366 657
366 721
366 739
367 375
367 429
367 533
367 573
367 650
367 673
367 719
367 819
368 419
368 525
368 555
368 606
368 820
368 856
368 885
369 942
370 400
370 571
370 732
370 859
370 884
371 507
371 516
371 567
371 714
371 814
371 827
371 937
372 530
372 807
372 907
372 923
372 929
373 461
373 695
374 588
374 727
375 376
375 551
375 596
375 721
375 930
376 482
376 559
376 626
376 703
377 681
377 945
378 403
378 767
379 447
379 568
379 632
379 776
379 792
380 505
380 752
380 901
381 435
381 621
381 717
382 926
383 519
383 879
384 538
384 632
384 650
384 690
384 691
384 731
385 593
385 875
386 660
386 749
387 678
387 738
387 741
388 427
388 475
388 531
388 558
388 638
388 731
388 755
388 829
388 920
389 525
389 644
389 793
390 470
390 531
390 546
390 662
390 819
390 874
390 887
391 433
391 733
391 839
391 937
392 404
392 613
392 691
392 713
392 761
393 516
393 761
394 396
394 536
394 630
394 748
394 797
394 917
395 702
395 723
395 879
396 557
396 657
396 786
396 900
396 910
397 459
397 588
397 788
398 426
398 453
398 562
398 698
399 536
399 930
400 494
400 593
400 618
400 630
400 790
401 489
401 497
401 542
401 577
401 597
401 745
401 866
401 879
401 892
402 407
402 451
402 641
402 658
402 695
402 726
402 834
402 935
403 734
403 763
404 508
404 554
404 751
404 767
404 794
404 812
405 430
405 702
406 411
406 415
406 480
406 484
406 553
406 660
406 867
406 947
407 606
407 680
407 826
408 422
408 599
408 623
408 925
409 505
409 534
409 610
409 650
409 809
409 816
409 906
410 429
410 627
410 641
411 593
411 759
411 767
412 454
412 460
412 540
412 687
412 807
412 898
412 899
412 917
413 561
413 691
413 769
413 775
413 916
414 510
414 598
414 696
414 824
415 463
415 572
415 617
415 923
417 555
417 710
417 809
418 438
418 671
418 686
418 774
419 445
419 469
419 483
419 590
419 742
419 934
420 442
420 649
420 761
420 783
420 915
421 441
421 617
421 843
421 864
422 497
423 461
423 463
423 533
423 548
423 599
423 658
423 689
423 945
424 547
424 561
424 719
424 772
424 798
424 814
424 911
424 933
425 473
425 500
425 505
425 743
425 773
425 857
425 890
425 899
426 428
426 568
427 814
428 558
428 578
429 480
429 575
430 490
432 468
432 592
432 673
432 827
432 936
433 467
433 545
433 628
433 647
433 873
434 461
434 740
434 762
434 793
435 476
435 574
435 619
435 681
435 776
435 854
436 758
437 458
437 495
437 687
437 738
437 754
437 789
437 863
438 591
438 672
438 718
438 794
439 492
439 505
439 642
439 763
439 892
440 450
440 905
440 927
441 714
442 547
442 598
442 647
442 928
442 931
443 485
443 807
443 854
446 487
446 503
446 612
446 774
446 851
446 888
447 513
448 619
448 661
448 729
448 801
448 807
449 624
449 644
449 653
450 635
450 698
450 803
451 453
451 469
451 474
451 481
451 508
451 535
451 609
451 706
451 793
452 520
452 725
452 872
453 464
453 530
453 589
453 672
453 796
453 893
454 735
454 861
455 604
455 816
455 875
456 528
456 558
456 731
457 598
458 515
458 565
458 593
459 777
460 462
460 647
460 786
460 827
460 924
460 932
461 577
461 789
461 846
461 863
462 584
462 680
462 746
462 826
463 493
463 533
463 600
463 778
464 478
465 512
465 520
465 532
465 664
465 810
466 467
466 490
466 513
466 618
466 659
466 848
467 529
468 582
468 735
468 802
468 844
469 654
469 864
469 920
470 511
470 529
470 638
471 517
471 520
471 587
471 611
471 632
471 760
472 509
472 679
473 683
473 933
475 483
475 552
475 639
475 866
475 939
476 649
476 741
477 688
478 487
478 611
478 612
478 643
478 676
478 873
479 568
479 904
480 488
480 806
482 544
483 667
483 777
484 529
484 559
484 599
484 609
484 717
484 802
484 842
485 497
485 519
485 564
485 646
485 667
485 852
486 674
486 824
487 933
488 507
488 585
488 859
489 950
490 891
491 616
491 687
491 753
491 806
492 608
492 632
492 780
492 851
494 724
494 820
494 944
496 505
496 765
496 822
497 790
497 805
498 580
498 636
498 746
498 858
498 910
498 934
499 631
499 925
500 538
500 541
500 662
500 678
501 516
501 545
501 617
501 815
501 941
503 517
503 529
504 580
505 523
505 530
505 544
505 559
505 823
506 540
506 589
506 735
506 771
507 580
507 775
508 633
508 865
509 652
509 684
509 735
509 901
509 932
510 636
510 716
511 812
512 666
512 681
512 733
512 912
512 924
513 701
513 889
514 779
515 653
515 834
515 878
516 518
516 529
516 545
519 696
519 759
519 809
520 763
520 797
521 672
521 761
521 763
522 536
522 622
522 624
522 658
522 725
522 801
524 591
524 663
524 742
524 853
526 595
526 749
527 596
527 605
527 634
529 740
529 885
530 579
530 731
531 547
531 807
532 563
532 605
532 618
532 639
532 883
533 549
533 670
533 758
533 882
533 921
533 947
534 716
534 787
534 870
534 941
535 739
537 565
537 566
537 606
537 772
537 824
537 859
537 947
539 590
540 596
540 597
540 710
540 716
540 819
540 901
541 581
541 773
541 857
541 895
541 940
542 697
542 898
543 554
544 692
544 934
545 833
546 645
547 811
549 697
550 578
550 752
550 783
550 792
550 799
551 588
551 674
551 781
552 601
552 917
553 904
554 608
555 569
555 737
556 800
557 734
557 805
558 666
558 677
558 848
559 788
559 873
559 942
561 598
561 643
561 739
561 790
561 902
562 570
562 593
562 833
562 875
563 615
563 669
564 620
564 625
564 768
564 817
564 855
565 842
566 609
566 754
567 673
567 862
568 639
568 761
569 829
569 831
569 868
570 693
571 664
572 594
572 776
573 809
574 677
574 706
574 854
575 617
575 624
575 627
575 766
575 836
575 913
576 600
576 675
576 800
576 803
576 830
576 874
576 929
577 628
577 773
577 798
577 822
577 889
577 903
577 932
578 585
578 643
578 866
579 750
581 815
582 596
582 666
582 705
583 815
583 838
583 839
583 857
584 592
584 765
585 750
585 817
585 860
585 903
586 703
587 868
588 622
588 759
588 787
588 907
588 913
589 661
589 762
589 781
589 843
589 938
591 747
592 701
592 737
592 750
592 870
593 599
593 648
593 684
593 711
593 862
593 875
594 649
594 922
595 643
596 601
597 630
597 949
598 833
599 860
600 626
600 711
600 744
600 851
601 844
601 935
601 936
602 678
602 747
602 781
602 916
602 941
603 949
606 737
606 839
607 622
607 775
607 884
607 912
609 744
609 865
610 735
610 874
612 666
613 724
614 615
614 777
614 874
615 646
615 870
616 711
616 781
616 822
616 915
617 667
617 722
618 657
618 816
619 768
619 930
620 863
621 877
622 671
622 678
622 771
622 849
623 825
624 640
624 795
624 838
625 840
625 915
626 755
627 727
627 797
627 825
628 914
629 637
629 660
629 742
629 889
629 928
630 741
630 769
631 780
631 785
631 886
631 893
632 767
633 729
634 835
634 836
636 903
636 911
637 714
637 769
637 921
638 727
638 764
638 894
639 699
640 930
640 945
642 759
642 933
643 644
644 752
644 861
645 679
645 873
646 770
646 867
647 658
649 747
651 761
651 851
652 759
653 698
653 706
653 853
655 765
655 775
655 801
656 709
656 745
656 830
657 818
657 851
658 856
659 687
659 856
660 703
660 722
660 892
661 878
661 948
662 926
663 728
665 675
665 736
665 943
666 668
667 834
667 890
670 703
672 949
673 732
673 752
673 824
674 712
675 746
675 805
675 833
676 875
677 727
677 830
678 681
679 696
681 693
682 707
683 796
683 811
684 746
684 849
684 855
685 730
685 896
685 927
686 715
686 717
686 749
686 756
686 766
686 780
686 853
686 916
687 798
687 928
688 786
688 907
690 836
690 921
693 918
693 924
694 793
694 794
694 924
696 805
696 950
698 852
699 946
701 716
701 729
701 731
701 791
702 837
702 877
702 919
703 746
706 812
707 782
709 722
709 851
709 894
710 799
710 818
710 826
711 899
713 804
714 743
715 810
716 884
717 924
718 720
718 837
719 826
720 725
723 745
725 843
725 877
725 918
729 774
731 789
731 813
731 939
732 793
734 751
734 807
738 771
738 864
739 872
741 936
743 869
743 883
743 946
744 903
746 774
746 942
747 905
748 941
749 840
750 792
750 879
751 774
751 880
751 912
753 889
757 772
758 813
758 818
759 910
761 882
762 810
762 841
764 802
764 881
764 904
765 904
766 824
767 915
768 773
768 862
768 926
770 777
773 894
776 921
777 844
777 922
778 852
779 874
779 878
779 894
780 826
783 797
784 883
793 902
794 841
795 843
795 887
798 818
799 816
802 880
803 804
804 821
807 885
808 834
812 835
813 826
813 844
822 837
822 905
823 827
825 839
825 852
825 868
825 878
828 940
835 890
835 934
836 911
837 858
841 876
842 860
845 909
848 857
848 898
849 921
850 932
851 866
851 903
851 914
854 923
856 935
857 908
859 869
860 929
860 944
862 923
865 913
880 937
881 904
890 894
890 902
894 905
906 934
909 916
909 920
921 922
921 942
938 950
