0 1
0 2
0 3
0 4
0 5
0 6
0 7
0 8
0 9
0 10
0 11
0 12
0 13
0 14
0 15
0 16
0 17
0 18
0 20
0 21
0 22
0 24
0 26
0 27
0 28
0 29
0 30
0 31
0 38
0 40
0 43
0 46
0 50
0 54
0 64
0 68
0 69
0 71
0 74
0 92
0 94
0 95
0 104
0 119
0 125
0 129
0 136
0 140
0 143
0 151
0 161
0 162
0 179
0 183
0 188
0 189
0 193
0 209
0 214
0 219
0 236
0 240
0 242
0 248
0 253
0 256
0 259
0 272
0 281
0 283
0 292
0 301
0 305
0 307
0 312
0 318
0 329
0 332
0 335
0 340
0 343
0 350
0 352
0 361
0 372
0 387
0 392
0 398
0 400
0 432
0 436
0 438
0 439
0 473
0 484
0 485
0 519
0 526
0 535
0 543
0 545
0 550
0 594
0 609
0 633
0 640
0 641
0 653
0 657
0 660
0 672
0 680
0 691
0 711
0 717
0 719
0 727
0 745
0 764
0 805
0 806
0 825
0 832
0 878
0 879
0 886
0 891
0 892
0 902
0 905
0 908
0 920
0 958
0 959
1 9
1 10
1 12
1 14
1 15
1 16
1 17
1 18
1 19
1 20
1 21
1 22
1 23
1 28
1 31
1 32
1 35
1 37
1 40
1 49
1 58
1 65
1 75
1 77
1 79
1 82
1 86
1 112
1 132
1 133
1 147
1 157
1 158
1 161
1 173
1 188
1 202
1 213
1 220
1 223
1 225
1 248
1 265
1 268
1 271
1 318
1 333
1 375
1 391
1 407
1 440
1 452
1 462
1 528
1 559
1 567
1 597
1 634
1 667
1 682
1 685
1 686
1 724
1 736
1 766
1 856
1 875
1 887
1 890
1 909
2 9
2 10
2 11
2 12
2 13
2 17
2 20
2 23
2 26
2 28
2 32
2 33
2 36
2 40
2 45
2 48
2 53
2 59
2 70
2 72
2 92
2 93
2 95
2 108
2 118
2 127
2 129
2 131
2 135
2 143
2 165
2 175
2 183
2 218
2 224
2 239
2 252
2 255
2 267
2 287
2 298
2 357
2 372
2 374
2 389
2 394
2 403
2 476
2 498
2 517
2 520
2 521
2 522
2 524
2 534
2 554
2 633
2 646
2 659
2 674
2 727
2 762
2 824
2 842
2 848
2 859
2 881
2 898
2 912
2 926
2 955
3 9
3 10
3 12
3 13
3 32
3 54
3 57
3 67
3 153
3 155
3 249
3 340
3 370
3 401
3 424
3 468
3 580
3 744
3 781
3 809
3 957
4 11
4 22
4 23
4 133
4 197
4 247
4 433
4 470
4 484
4 559
4 564
4 666
4 683
4 745
4 819
4 821
4 824
5 9
5 10
5 11
5 12
5 15
5 19
5 22
5 24
5 27
5 31
5 32
5 42
5 49
5 59
5 61
5 80
5 88
5 96
5 100
5 108
5 140
5 158
5 190
5 195
5 200
5 213
5 215
5 239
5 306
5 373
5 380
5 391
5 425
5 441
5 476
5 487
5 539
5 581
5 597
5 610
5 633
5 708
5 770
5 772
5 777
5 804
5 816
5 896
5 904
6 9
6 10
6 11
6 13
6 15
6 17
6 33
6 39
6 45
6 47
6 50
6 55
6 56
6 65
6 67
6 75
6 90
6 109
6 139
6 208
6 238
6 259
6 307
6 329
6 343
6 362
6 383
6 385
6 403
6 413
6 418
6 450
6 486
6 487
6 501
6 502
6 642
6 644
6 720
6 756
6 831
6 911
6 955
7 9
7 10
7 11
7 12
7 16
7 17
7 18
7 25
7 26
7 34
7 39
7 41
7 58
7 70
7 83
7 88
7 92
7 101
7 108
7 148
7 156
7 169
7 171
7 179
7 185
7 210
7 216
7 217
7 241
7 245
7 250
7 255
7 269
7 312
7 329
7 332
7 345
7 346
7 356
7 399
7 428
7 430
7 457
7 461
7 478
7 487
7 537
7 538
7 563
7 592
7 610
7 623
7 645
7 647
7 648
7 651
7 673
7 714
7 716
7 736
7 773
7 775
7 779
7 855
7 866
7 926
7 933
8 9
8 13
8 14
8 18
8 25
8 27
8 29
8 37
8 38
8 44
8 54
8 84
8 85
8 89
8 99
8 113
8 153
8 171
8 174
8 186
8 205
8 214
8 245
8 260
8 284
8 325
8 338
8 389
8 469
8 565
8 566
8 580
8 603
8 652
8 669
8 724
8 739
8 778
8 823
8 829
8 836
8 842
8 854
8 880
8 935
9 10
9 11
9 12
9 13
9 14
9 15
9 17
9 19
9 20
9 21
9 23
9 26
9 27
9 28
9 29
9 33
9 34
9 39
9 44
9 48
9 49
9 50
9 51
9 52
9 55
9 56
9 58
9 59
9 60
9 61
9 63
9 64
9 68
9 70
9 71
9 72
9 77
9 78
9 88
9 98
9 99
9 104
9 105
9 106
9 107
9 110
9 112
9 120
9 125
9 126
9 134
9 137
9 140
9 141
9 144
9 148
9 151
9 154
9 157
9 172
9 181
9 188
9 191
9 194
9 199
9 202
9 205
9 210
9 215
9 216
9 219
9 222
9 223
9 224
9 231
9 241
9 245
9 249
9 252
9 257
9 264
9 269
9 270
9 274
9 284
9 288
9 302
9 306
9 313
9 316
9 336
9 338
9 350
9 366
9 378
9 379
9 383
9 395
9 399
9 403
9 404
9 405
9 444
9 448
9 461
9 467
9 476
9 477
9 511
9 536
9 553
9 554
9 556
9 567
9 599
9 601
9 609
9 618
9 624
9 625
9 630
9 638
9 646
9 653
9 660
9 665
9 689
9 693
9 699
9 706
9 712
9 718
9 729
9 754
9 756
9 759
9 761
9 764
9 769
9 772
9 776
9 778
9 795
9 799
9 829
9 841
9 861
9 872
9 876
9 877
9 901
9 937
9 944
9 949
9 950
9 954
10 11
10 13
10 14
10 16
10 17
10 18
10 21
10 23
10 24
10 25
10 26
10 27
10 29
10 30
10 31
10 34
10 37
10 40
10 41
10 42
10 43
10 56
10 62
10 64
10 67
10 70
10 75
10 98
10 125
10 134
10 140
10 148
10 153
10 170
10 172
10 180
10 193
10 202
10 236
10 238
10 282
10 290
10 298
10 314
10 315
10 325
10 340
10 350
10 355
10 371
10 373
10 403
10 419
10 434
10 439
10 444
10 460
10 462
10 469
10 496
10 533
10 540
10 549
10 579
10 582
10 659
10 683
10 687
10 704
10 714
10 720
10 729
10 734
10 736
10 812
10 827
10 831
10 843
10 851
10 856
10 870
10 895
10 902
10 959
11 12
11 13
11 14
11 15
11 16
11 18
11 19
11 21
11 26
11 28
11 31
11 42
11 44
11 45
11 48
11 51
11 63
11 72
11 75
11 79
11 81
11 106
11 110
11 112
11 113
11 123
11 146
11 150
11 151
11 169
11 172
11 173
11 190
11 191
11 194
11 203
11 231
11 232
11 240
11 253
11 260
11 267
11 268
11 281
11 282
11 297
11 323
11 324
11 338
11 339
11 343
11 362
11 384
11 388
11 402
11 442
11 444
11 513
11 517
11 538
11 555
11 572
11 573
11 593
11 605
11 612
11 655
11 685
11 688
11 705
11 766
11 775
11 792
11 815
11 821
11 831
11 835
11 842
11 851
11 892
11 895
11 910
11 940
12 14
12 15
12 19
12 20
12 21
12 25
12 28
12 31
12 35
12 36
12 38
12 44
12 46
12 49
12 52
12 55
12 58
12 62
12 65
12 69
12 77
12 78
12 79
12 88
12 94
12 111
12 120
12 129
12 133
12 146
12 152
12 153
12 154
12 156
12 158
12 198
12 216
12 221
12 230
12 249
12 250
12 275
12 284
12 307
12 325
12 328
12 342
12 343
12 344
12 357
12 383
12 391
12 410
12 420
12 422
12 446
12 448
12 458
12 468
12 489
12 532
12 536
12 602
12 607
12 615
12 622
12 670
12 677
12 685
12 710
12 758
12 759
12 775
12 779
12 803
12 806
12 844
12 861
12 873
12 945
12 946
12 962
13 14
13 16
13 21
13 24
13 25
13 29
13 33
13 35
13 43
13 48
13 54
13 56
13 63
13 73
13 77
13 83
13 88
13 110
13 116
13 121
13 138
13 144
13 151
13 157
13 163
13 172
13 173
13 183
13 188
13 192
13 194
13 198
13 202
13 220
13 307
13 317
13 337
13 338
13 356
13 358
13 365
13 382
13 385
13 388
13 403
13 406
13 407
13 419
13 432
13 487
13 492
13 503
13 537
13 591
13 620
13 636
13 664
13 689
13 695
13 769
13 774
13 782
13 833
14 15
14 16
14 17
14 18
14 19
14 20
14 22
14 23
14 25
14 26
14 35
14 38
14 39
14 41
14 45
14 47
14 49
14 53
14 58
14 63
14 67
14 74
14 76
14 77
14 81
14 83
14 84
14 96
14 97
14 102
14 103
14 113
14 121
14 124
14 126
14 142
14 145
14 148
14 152
14 160
14 163
14 167
14 183
14 187
14 193
14 196
14 223
14 225
14 232
14 246
14 250
14 252
14 273
14 279
14 280
14 309
14 317
14 327
14 331
14 333
14 334
14 345
14 346
14 348
14 358
14 378
14 395
14 397
14 403
14 409
14 417
14 440
14 444
14 452
14 474
14 492
14 522
14 524
14 530
14 546
14 612
14 617
14 618
14 624
14 636
14 648
14 649
14 661
14 674
14 682
14 705
14 706
14 720
14 732
14 743
14 773
14 790
14 813
14 843
14 846
14 848
14 853
14 903
14 905
14 924
14 931
14 936
14 967
15 16
15 18
15 19
15 22
15 24
15 36
15 38
15 48
15 52
15 59
15 61
15 69
15 72
15 85
15 86
15 95
15 100
15 140
15 145
15 156
15 158
15 163
15 190
15 222
15 237
15 253
15 263
15 271
15 296
15 328
15 329
15 348
15 371
15 398
15 406
15 417
15 456
15 488
15 489
15 505
15 520
15 525
15 527
15 531
15 557
15 644
15 645
15 650
15 670
15 697
15 720
15 764
15 775
15 819
15 914
15 928
15 943
16 20
16 22
16 28
16 33
16 38
16 41
16 43
16 55
16 56
16 66
16 67
16 69
16 71
16 76
16 81
16 83
16 85
16 90
16 103
16 110
16 116
16 127
16 128
16 149
16 164
16 169
16 212
16 215
16 220
16 221
16 233
16 242
16 256
16 266
16 275
16 282
16 286
16 290
16 294
16 297
16 303
16 309
16 315
16 324
16 326
16 331
16 341
16 342
16 356
16 360
16 363
16 372
16 393
16 411
16 417
16 468
16 475
16 490
16 505
16 547
16 568
16 569
16 589
16 667
16 672
16 683
16 695
16 717
16 758
16 794
16 804
16 806
16 822
16 871
16 908
16 935
16 956
17 21
17 27
17 29
17 30
17 32
17 33
17 36
17 40
17 47
17 52
17 57
17 59
17 84
17 88
17 99
17 102
17 130
17 154
17 183
17 186
17 206
17 208
17 217
17 220
17 221
17 288
17 314
17 340
17 361
17 398
17 409
17 410
17 417
17 419
17 445
17 454
17 462
17 509
17 537
17 540
17 545
17 567
17 588
17 592
17 594
17 626
17 666
17 670
17 692
17 696
17 716
17 719
17 737
17 760
17 769
17 788
17 833
17 862
17 939
17 948
17 949
17 958
18 19
18 27
18 30
18 31
18 35
18 37
18 54
18 66
18 71
18 74
18 75
18 84
18 94
18 120
18 121
18 122
18 131
18 136
18 138
18 140
18 143
18 148
18 151
18 176
18 183
18 195
18 208
18 215
18 226
18 241
18 247
18 299
18 310
18 366
18 391
18 412
18 443
18 513
18 533
18 536
18 537
18 550
18 605
18 607
18 628
18 690
18 745
18 812
18 866
18 876
18 881
18 929
18 935
19 20
19 28
19 37
19 38
19 45
19 46
19 49
19 51
19 52
19 63
19 105
19 106
19 113
19 124
19 126
19 143
19 155
19 163
19 172
19 208
19 213
19 214
19 254
19 278
19 294
19 297
19 305
19 352
19 358
19 363
19 367
19 417
19 431
19 443
19 466
19 474
19 475
19 482
19 494
19 508
19 509
19 521
19 536
19 537
19 606
19 607
19 653
19 659
19 708
19 735
19 821
19 942
20 23
20 24
20 34
20 35
20 38
20 39
20 47
20 52
20 65
20 83
20 89
20 93
20 113
20 114
20 117
20 128
20 141
20 147
20 152
20 155
20 173
20 193
20 196
20 199
20 222
20 234
20 257
20 262
20 277
20 297
20 343
20 361
20 373
20 391
20 415
20 434
20 452
20 466
20 490
20 524
20 551
20 585
20 590
20 621
20 691
20 731
20 779
20 783
20 822
20 839
20 844
20 899
20 919
20 966
21 22
21 24
21 25
21 35
21 36
21 37
21 42
21 44
21 64
21 65
21 87
21 108
21 112
21 114
21 116
21 124
21 139
21 168
21 177
21 191
21 221
21 230
21 258
21 265
21 268
21 279
21 286
21 297
21 379
21 418
21 438
21 448
21 450
21 463
21 470
21 478
21 521
21 533
21 545
21 590
21 677
21 691
21 727
21 739
21 764
21 783
21 857
21 911
22 23
22 24
22 29
22 30
22 32
22 37
22 47
22 48
22 53
22 56
22 60
22 61
22 68
22 71
22 74
22 81
22 85
22 95
22 97
22 111
22 119
22 120
22 128
22 141
22 143
22 176
22 184
22 215
22 238
22 252
22 255
22 273
22 276
22 278
22 281
22 282
22 298
22 323
22 327
22 331
22 332
22 334
22 336
22 369
22 393
22 399
22 410
22 421
22 422
22 425
22 429
22 440
22 444
22 445
22 454
22 468
22 471
22 481
22 571
22 572
22 594
22 601
22 615
22 627
22 629
22 663
22 676
22 686
22 713
22 725
22 751
22 775
22 789
22 796
22 865
22 867
22 963
23 27
23 30
23 32
23 44
23 45
23 46
23 57
23 65
23 69
23 75
23 79
23 84
23 86
23 95
23 108
23 117
23 119
23 120
23 123
23 135
23 150
23 156
23 176
23 178
23 181
23 187
23 206
23 229
23 247
23 252
23 279
23 323
23 324
23 335
23 388
23 460
23 472
23 480
23 498
23 508
23 509
23 546
23 580
23 592
23 628
23 631
23 639
23 646
23 647
23 663
23 685
23 687
23 688
23 703
23 711
23 725
23 727
23 740
23 743
23 746
23 767
23 775
23 857
23 862
23 900
23 934
24 25
24 29
24 34
24 39
24 43
24 46
24 47
24 52
24 66
24 87
24 93
24 94
24 97
24 101
24 102
24 107
24 129
24 140
24 154
24 158
24 160
24 176
24 180
24 211
24 216
24 218
24 231
24 244
24 246
24 251
24 273
24 282
24 283
24 299
24 327
24 348
24 357
24 362
24 367
24 374
24 402
24 459
24 479
24 497
24 499
24 516
24 538
24 559
24 601
24 603
24 638
24 673
24 681
24 760
24 830
24 858
24 867
24 883
24 897
24 904
24 941
24 961
25 26
25 30
25 50
25 51
25 62
25 69
25 74
25 78
25 84
25 85
25 88
25 95
25 98
25 130
25 141
25 192
25 211
25 217
25 226
25 239
25 240
25 250
25 251
25 300
25 306
25 321
25 347
25 356
25 450
25 470
25 491
25 496
25 504
25 514
25 539
25 547
25 562
25 632
25 657
25 684
25 792
25 859
25 873
25 882
25 894
25 917
25 953
25 965
26 31
26 33
26 36
26 41
26 48
26 53
26 59
26 82
26 83
26 128
26 132
26 195
26 196
26 206
26 209
26 245
26 261
26 289
26 293
26 295
26 304
26 313
26 323
26 371
26 377
26 381
26 396
26 440
26 455
26 462
26 504
26 510
26 581
26 582
26 589
26 598
26 602
26 615
26 656
26 673
26 682
26 746
26 786
26 814
26 818
26 865
26 884
26 895
26 917
26 923
26 930
26 942
27 32
27 34
27 39
27 40
27 41
27 43
27 53
27 71
27 73
27 78
27 80
27 86
27 91
27 112
27 122
27 129
27 146
27 149
27 152
27 156
27 168
27 182
27 203
27 211
27 215
27 278
27 285
27 288
27 291
27 312
27 314
27 368
27 374
27 383
27 393
27 431
27 472
27 489
27 501
27 502
27 532
27 555
27 571
27 579
27 604
27 612
27 634
27 637
27 707
27 708
27 738
27 746
27 747
27 749
27 786
27 789
27 791
27 800
27 806
27 808
27 811
27 880
27 881
27 891
27 903
27 924
27 944
27 960
28 30
28 33
28 49
28 52
28 61
28 70
28 79
28 81
28 87
28 91
28 92
28 97
28 101
28 102
28 103
28 109
28 115
28 119
28 122
28 123
28 127
28 134
28 139
28 145
28 164
28 170
28 178
28 196
28 198
28 218
28 226
28 231
28 233
28 267
28 270
28 283
28 294
28 300
28 318
28 349
28 351
28 364
28 369
28 375
28 384
28 385
28 426
28 443
28 462
28 471
28 475
28 478
28 479
28 486
28 492
28 510
28 521
28 582
28 598
28 620
28 635
28 668
28 686
28 689
28 721
28 738
28 766
28 777
28 781
28 809
28 811
28 836
28 844
28 852
28 879
28 887
28 888
28 897
28 943
29 36
29 41
29 42
29 45
29 53
29 69
29 72
29 79
29 85
29 102
29 111
29 112
29 115
29 137
29 156
29 162
29 166
29 191
29 199
29 233
29 236
29 307
29 319
29 327
29 333
29 335
29 364
29 407
29 439
29 451
29 464
29 466
29 474
29 477
29 532
29 592
29 617
29 623
29 660
29 662
29 741
29 850
29 867
29 964
30 34
30 40
30 43
30 68
30 70
30 82
30 86
30 90
30 93
30 99
30 109
30 114
30 130
30 131
30 132
30 137
30 138
30 143
30 147
30 185
30 222
30 224
30 236
30 243
30 258
30 277
30 335
30 351
30 406
30 443
30 459
30 464
30 555
30 676
30 700
30 713
30 728
30 748
30 812
30 828
30 834
30 843
30 845
30 878
30 887
30 967
30 968
31 40
31 44
31 56
31 62
31 103
31 210
31 226
31 229
31 239
31 302
31 326
31 405
31 418
31 422
31 478
31 526
31 527
31 654
31 741
31 757
31 780
31 794
31 836
31 839
31 946
32 41
32 62
32 73
32 74
32 89
32 96
32 104
32 110
32 118
32 133
32 160
32 186
32 204
32 233
32 239
32 243
32 250
32 266
32 279
32 302
32 303
32 311
32 346
32 360
32 382
32 429
32 449
32 451
32 508
32 523
32 530
32 531
32 539
32 544
32 567
32 610
32 678
32 690
32 724
32 789
32 792
32 811
32 850
32 916
32 956
33 34
33 35
33 42
33 44
33 53
33 56
33 68
33 72
33 73
33 79
33 81
33 82
33 87
33 99
33 100
33 105
33 108
33 123
33 137
33 185
33 192
33 204
33 220
33 228
33 247
33 254
33 256
33 258
33 272
33 293
33 301
33 308
33 319
33 322
33 351
33 358
33 413
33 416
33 436
33 449
33 468
33 475
33 482
33 493
33 537
33 542
33 546
33 558
33 600
33 605
33 614
33 635
33 654
33 682
33 716
33 735
33 773
33 788
33 898
33 940
33 946
34 43
34 46
34 50
34 55
34 57
34 62
34 86
34 89
34 90
34 91
34 119
34 132
34 171
34 179
34 188
34 201
34 203
34 247
34 271
34 272
34 320
34 328
34 330
34 334
34 368
34 483
34 507
34 543
34 569
34 585
34 654
34 655
34 661
34 673
34 719
34 731
34 740
34 817
34 823
34 824
34 864
34 880
34 932
34 943
35 36
35 37
35 39
35 42
35 48
35 63
35 80
35 101
35 111
35 116
35 131
35 135
35 142
35 155
35 161
35 165
35 176
35 200
35 266
35 278
35 295
35 303
35 331
35 349
35 355
35 430
35 437
35 495
35 534
35 545
35 577
35 584
35 595
35 643
35 658
35 860
35 864
35 878
35 885
36 45
36 46
36 47
36 55
36 57
36 66
36 73
36 77
36 82
36 101
36 104
36 109
36 137
36 144
36 150
36 160
36 167
36 170
36 181
36 183
36 185
36 189
36 202
36 247
36 261
36 271
36 291
36 304
36 305
36 351
36 352
36 354
36 377
36 392
36 401
36 416
36 421
36 431
36 485
36 486
36 497
36 525
36 559
36 560
36 570
36 621
36 625
36 639
36 662
36 683
36 700
36 701
36 716
36 738
36 760
36 767
36 772
36 774
36 836
36 837
36 867
36 886
36 892
36 913
36 943
37 50
37 54
37 73
37 130
37 134
37 158
37 168
37 193
37 199
37 209
37 242
37 261
37 314
37 320
37 355
37 390
37 400
37 547
37 560
37 664
37 681
37 755
37 863
37 933
38 42
38 58
38 59
38 62
38 66
38 73
38 93
38 96
38 117
38 121
38 159
38 162
38 168
38 197
38 225
38 244
38 263
38 276
38 301
38 312
38 319
38 337
38 339
38 355
38 389
38 390
38 398
38 411
38 511
38 518
38 573
38 614
38 659
38 663
38 757
38 814
38 890
38 936
38 957
38 964
38 966
39 62
39 64
39 67
39 78
39 85
39 97
39 115
39 116
39 117
39 122
39 124
39 129
39 165
39 171
39 177
39 207
39 213
39 224
39 229
39 259
39 263
39 267
39 268
39 274
39 289
39 290
39 309
39 319
39 351
39 358
39 374
39 381
39 441
39 462
39 506
39 561
39 608
39 609
39 637
39 669
39 674
39 684
39 767
39 825
39 850
39 854
39 855
39 957
40 53
40 64
40 68
40 114
40 138
40 171
40 185
40 228
40 251
40 300
40 352
40 406
40 442
40 575
40 666
40 776
40 904
40 952
41 46
41 49
41 51
41 64
41 67
41 76
41 81
41 98
41 110
41 123
41 126
41 134
41 160
41 162
41 165
41 167
41 185
41 196
41 206
41 217
41 223
41 230
41 231
41 232
41 237
41 238
41 246
41 249
41 261
41 264
41 291
41 294
41 299
41 365
41 367
41 372
41 381
41 399
41 460
41 478
41 482
41 504
41 506
41 543
41 574
41 575
41 600
41 604
41 608
41 631
41 673
41 684
41 746
41 781
41 787
41 802
41 847
41 851
41 876
41 887
41 929
41 931
42 51
42 54
42 87
42 137
42 147
42 150
42 151
42 163
42 181
42 205
42 211
42 287
42 338
42 375
42 393
42 430
42 455
42 486
42 531
42 546
42 562
42 637
42 654
42 658
42 753
42 784
42 857
42 957
43 57
43 60
43 91
43 99
43 109
43 121
43 122
43 123
43 125
43 128
43 130
43 153
43 164
43 166
43 186
43 195
43 198
43 211
43 223
43 228
43 257
43 261
43 267
43 277
43 287
43 293
43 295
43 310
43 316
43 359
43 373
43 389
43 495
43 540
43 574
43 613
43 681
43 713
43 715
43 754
43 801
43 828
43 830
43 864
43 888
43 939
43 943
44 47
44 50
44 57
44 82
44 103
44 108
44 174
44 375
44 405
44 509
44 552
44 628
44 650
44 845
44 849
44 895
44 922
45 50
45 55
45 80
45 81
45 98
45 103
45 150
45 187
45 192
45 278
45 290
45 357
45 376
45 394
45 421
45 450
45 500
45 549
45 598
45 702
45 730
45 746
45 757
45 781
45 807
45 907
45 909
45 933
45 938
46 55
46 57
46 109
46 145
46 151
46 159
46 168
46 203
46 207
46 219
46 230
46 245
46 260
46 299
46 397
46 408
46 457
46 500
46 529
46 625
46 629
46 821
46 905
46 920
46 951
46 956
47 51
47 60
47 72
47 80
47 86
47 92
47 111
47 124
47 132
47 141
47 150
47 186
47 207
47 321
47 339
47 349
47 382
47 399
47 469
47 626
47 649
47 791
47 813
47 830
47 862
47 907
48 51
48 65
48 70
48 76
48 82
48 84
48 100
48 126
48 135
48 144
48 156
48 166
48 169
48 201
48 214
48 229
48 273
48 319
48 322
48 361
48 386
48 387
48 413
48 417
48 436
48 466
48 556
48 558
48 571
48 575
48 583
48 587
48 598
48 604
48 606
48 613
48 621
48 674
48 695
48 710
48 766
48 789
48 846
48 850
48 856
48 932
49 58
49 60
49 69
49 75
49 92
49 102
49 107
49 110
49 115
49 136
49 145
49 154
49 170
49 193
49 201
49 213
49 226
49 227
49 231
49 238
49 265
49 269
49 346
49 370
49 404
49 414
49 440
49 454
49 473
49 488
49 553
49 562
49 596
49 634
49 662
49 666
49 668
49 715
49 755
49 770
49 786
49 858
49 902
49 942
50 54
50 79
50 90
50 92
50 95
50 105
50 119
50 123
50 161
50 256
50 272
50 289
50 469
50 477
50 493
50 548
50 769
50 788
50 884
50 919
50 939
51 60
51 66
51 76
51 106
51 122
51 136
51 152
51 173
51 195
51 237
51 337
51 348
51 368
51 388
51 413
51 432
51 434
51 451
51 529
51 611
51 672
51 874
51 919
52 61
52 66
52 104
52 113
52 158
52 179
52 182
52 184
52 198
52 199
52 201
52 206
52 219
52 251
52 258
52 365
52 376
52 394
52 400
52 498
52 502
52 507
52 617
52 629
52 681
52 721
52 838
52 839
52 860
52 898
52 904
52 913
52 916
52 950
52 954
52 967
53 58
53 59
53 60
53 63
53 64
53 74
53 112
53 118
53 127
53 138
53 144
53 152
53 188
53 268
53 283
53 303
53 310
53 319
53 361
53 375
53 394
53 396
53 399
53 422
53 447
53 518
53 568
53 593
53 645
53 672
53 685
53 706
53 726
53 728
53 740
53 756
53 785
53 828
53 840
53 841
53 857
53 905
53 956
53 966
54 71
54 76
54 83
54 110
54 111
54 117
54 145
54 164
54 244
54 257
54 286
54 288
54 315
54 339
54 346
54 452
54 472
54 473
54 479
54 482
54 503
54 526
54 534
54 645
54 652
54 669
54 712
54 715
54 730
54 763
54 785
54 787
54 826
54 952
54 965
55 65
55 75
55 93
55 96
55 105
55 128
55 137
55 141
55 170
55 187
55 212
55 240
55 253
55 308
55 321
55 342
55 541
55 585
55 611
55 618
55 660
55 708
55 771
55 790
56 70
56 89
56 94
56 115
56 149
56 189
56 219
56 244
56 270
56 274
56 275
56 291
56 374
56 395
56 411
56 493
56 523
56 577
56 642
56 682
56 816
56 869
56 938
57 61
57 68
57 76
57 106
57 148
57 186
57 197
57 208
57 243
57 247
57 262
57 263
57 279
57 289
57 310
57 327
57 403
57 421
57 425
57 458
57 600
57 617
57 624
57 702
57 727
57 791
57 797
57 824
57 835
57 939
57 941
57 961
58 101
58 118
58 161
58 166
58 184
58 305
58 324
58 336
58 370
58 393
58 614
58 617
58 621
58 832
59 60
59 61
59 76
59 78
59 87
59 91
59 96
59 106
59 125
59 130
59 138
59 139
59 149
59 185
59 197
59 204
59 206
59 207
59 216
59 219
59 226
59 233
59 235
59 241
59 255
59 265
59 275
59 285
59 294
59 295
59 326
59 330
59 362
59 364
59 384
59 424
59 437
59 438
59 449
59 480
59 481
59 482
59 485
59 488
59 550
59 651
59 652
59 690
59 697
59 702
59 753
59 772
59 774
59 794
59 905
59 922
59 932
59 933
59 967
60 73
60 77
60 78
60 98
60 101
60 104
60 107
60 108
60 111
60 114
60 133
60 136
60 142
60 144
60 148
60 167
60 198
60 225
60 238
60 246
60 295
60 297
60 303
60 311
60 331
60 332
60 336
60 352
60 376
60 436
60 459
60 465
60 484
60 493
60 569
60 601
60 647
60 722
60 742
60 827
60 908
60 948
61 63
61 80
61 107
61 139
61 161
61 180
61 181
61 204
61 213
61 280
61 306
61 318
61 345
61 356
61 377
61 423
61 467
61 511
61 551
61 553
61 555
61 577
61 612
61 620
61 628
61 723
61 741
61 758
61 812
61 899
62 66
62 67
62 68
62 93
62 97
62 103
62 170
62 174
62 246
62 292
62 392
62 431
62 556
62 562
62 563
62 632
62 716
62 729
62 758
62 822
62 915
63 86
63 87
63 221
63 242
63 248
63 275
63 280
63 283
63 410
63 447
63 470
63 479
63 508
63 527
63 558
63 757
63 829
63 938
64 80
64 89
64 163
64 178
64 204
64 218
64 233
64 253
64 289
64 322
64 377
64 378
64 392
64 458
64 520
64 538
64 554
64 600
64 708
64 751
64 768
64 905
64 910
64 958
65 85
65 96
65 101
65 109
65 119
65 175
65 188
65 199
65 222
65 223
65 245
65 262
65 397
65 431
65 476
65 481
65 531
65 552
65 566
65 573
65 581
65 598
65 630
65 637
65 650
65 657
65 662
65 683
65 733
65 744
65 799
65 832
65 838
65 852
66 71
66 105
66 124
66 174
66 232
66 335
66 382
66 515
66 606
66 615
66 679
66 698
66 705
66 734
66 749
66 780
66 806
66 816
66 905
67 107
67 117
67 148
67 149
67 160
67 177
67 293
67 329
67 378
67 423
67 424
67 494
67 504
67 587
67 635
67 695
67 704
67 733
67 787
67 901
68 88
68 127
68 162
68 215
68 234
68 275
68 365
68 398
68 492
68 612
68 819
68 864
68 884
69 80
69 100
69 109
69 113
69 117
69 207
69 316
69 336
69 430
69 432
69 433
69 449
69 467
69 562
69 591
69 613
69 616
69 619
69 630
69 686
69 743
69 798
69 928
69 949
70 121
70 149
70 154
70 171
70 175
70 179
70 180
70 194
70 198
70 205
70 220
70 228
70 266
70 303
70 354
70 357
70 369
70 384
70 436
70 467
70 511
70 549
70 579
70 580
70 582
70 600
70 726
70 817
70 841
70 842
70 849
70 853
70 866
70 871
70 927
71 72
71 74
71 82
71 116
71 122
71 128
71 135
71 142
71 147
71 155
71 165
71 199
71 213
71 221
71 223
71 237
71 253
71 260
71 279
71 281
71 315
71 323
71 347
71 361
71 372
71 380
71 494
71 510
71 516
71 561
71 567
71 608
71 622
71 646
71 658
71 665
71 666
71 699
71 707
71 771
71 777
71 782
71 802
71 835
71 852
71 869
71 886
71 922
71 929
71 938
71 963
72 90
72 118
72 131
72 135
72 137
72 162
72 193
72 241
72 254
72 298
72 302
72 327
72 329
72 331
72 350
72 399
72 406
72 453
72 506
72 512
72 558
72 568
72 607
72 609
72 626
72 698
72 704
72 738
72 777
72 800
72 812
72 910
73 228
73 260
73 320
73 321
73 330
73 355
73 388
73 404
73 414
73 566
73 588
73 641
73 669
73 921
74 78
74 126
74 160
74 165
74 174
74 180
74 200
74 277
74 327
74 351
74 421
74 568
74 778
74 798
74 871
74 893
74 955
75 83
75 94
75 99
75 114
75 123
75 146
75 184
75 187
75 202
75 208
75 212
75 235
75 311
75 396
75 400
75 414
75 415
75 450
75 457
75 465
75 507
75 564
75 565
75 627
75 635
75 645
75 668
75 691
75 699
75 781
75 796
75 842
75 926
75 966
76 77
76 91
76 94
76 120
76 128
76 131
76 162
76 166
76 183
76 189
76 235
76 239
76 258
76 276
76 341
76 377
76 387
76 408
76 410
76 455
76 470
76 518
76 522
76 529
76 581
76 634
76 683
76 714
76 720
76 726
76 731
76 750
76 810
76 839
76 888
76 932
76 963
77 94
77 106
77 107
77 115
77 184
77 250
77 308
77 363
77 369
77 382
77 404
77 431
77 512
77 627
77 810
77 961
78 97
78 103
78 104
78 121
78 124
78 158
78 161
78 167
78 184
78 195
78 201
78 207
78 233
78 241
78 302
78 323
78 460
78 466
78 482
78 487
78 513
78 539
78 566
78 599
78 626
78 644
78 709
78 717
78 884
78 956
79 89
79 95
79 113
79 180
79 259
79 313
79 333
79 472
79 510
79 613
79 631
79 649
79 834
79 951
80 84
80 91
80 119
80 121
80 146
80 168
80 174
80 204
80 251
80 295
80 325
80 337
80 349
80 353
80 461
80 627
80 636
80 728
80 776
80 781
80 796
80 808
80 832
80 852
80 896
80 949
81 89
81 90
81 100
81 102
81 104
81 106
81 157
81 168
81 175
81 178
81 205
81 209
81 235
81 263
81 288
81 302
81 310
81 315
81 367
81 371
81 388
81 392
81 416
81 426
81 505
81 552
81 558
81 574
81 639
81 645
81 719
81 757
81 767
81 798
81 836
81 837
81 895
81 896
81 897
81 932
82 90
82 91
82 115
82 169
82 280
82 317
82 328
82 396
82 429
82 506
82 512
82 540
82 551
82 552
82 727
82 729
82 795
82 863
82 910
83 93
83 135
83 146
83 169
83 170
83 180
83 194
83 205
83 216
83 236
83 276
83 294
83 296
83 335
83 359
83 399
83 407
83 433
83 515
83 527
83 565
83 594
83 645
83 667
83 682
83 686
83 693
83 785
83 834
83 835
83 839
83 849
83 874
83 889
83 895
83 934
83 966
84 87
84 132
84 172
84 176
84 271
84 291
84 342
84 373
84 389
84 425
84 451
84 474
84 667
84 686
84 694
84 701
84 717
84 831
84 876
84 914
85 96
85 127
85 159
85 177
85 178
85 187
85 202
85 216
85 264
85 267
85 271
85 274
85 278
85 282
85 336
85 337
85 342
85 345
85 347
85 351
85 367
85 371
85 385
85 400
85 481
85 496
85 516
85 602
85 611
85 615
85 651
85 661
85 725
85 756
85 841
85 847
85 907
86 129
86 147
86 160
86 166
86 170
86 182
86 190
86 228
86 229
86 232
86 254
86 255
86 325
86 330
86 396
86 405
86 422
86 435
86 529
86 575
86 628
86 653
86 724
86 726
86 805
86 878
86 917
86 958
87 97
87 118
87 127
87 133
87 225
87 269
87 304
87 361
87 391
87 398
87 418
87 441
87 689
87 709
87 734
87 846
88 122
88 180
88 212
88 238
88 243
88 325
88 357
88 370
88 499
88 644
88 651
88 699
88 782
88 789
88 962
89 105
89 240
89 270
89 305
89 423
89 427
89 452
89 546
89 556
89 721
89 817
89 837
90 112
90 136
90 225
90 287
90 329
90 437
90 495
90 547
90 703
90 745
91 92
91 100
91 105
91 116
91 130
91 144
91 150
91 152
91 153
91 190
91 192
91 195
91 198
91 200
91 227
91 232
91 233
91 234
91 235
91 242
91 271
91 334
91 337
91 345
91 354
91 364
91 428
91 499
91 533
91 546
91 554
91 570
91 588
91 601
91 617
91 709
91 740
91 744
91 761
91 769
91 791
91 818
91 830
91 835
91 847
91 873
91 885
91 899
91 924
91 930
91 937
92 129
92 145
92 244
92 472
92 488
92 568
92 806
92 897
93 118
93 139
93 159
93 244
93 264
93 317
93 405
93 424
93 443
93 626
93 639
93 672
93 698
93 796
93 797
93 918
93 921
94 102
94 125
94 259
94 266
94 267
94 368
94 388
94 455
94 528
94 578
94 583
94 590
94 605
94 736
94 804
94 914
94 936
95 98
95 99
95 138
95 149
95 222
95 224
95 284
95 419
95 425
95 429
95 465
95 472
95 517
95 556
95 755
95 806
95 911
95 941
96 100
96 131
96 139
96 179
96 306
96 353
96 409
96 552
96 553
96 558
96 631
97 98
97 134
97 136
97 147
97 181
97 188
97 231
97 285
97 292
97 323
97 331
97 347
97 387
97 392
97 398
97 405
97 441
97 453
97 469
97 480
97 488
97 499
97 537
97 550
97 633
97 637
97 685
97 707
97 846
97 870
97 882
98 107
98 114
98 126
98 161
98 162
98 197
98 200
98 209
98 226
98 264
98 285
98 316
98 319
98 360
98 476
98 560
98 714
98 770
98 787
98 800
98 870
99 224
99 290
99 309
99 379
99 424
99 578
100 135
100 142
100 175
100 190
100 191
100 214
100 230
100 238
100 260
100 298
100 318
100 344
100 378
100 382
100 387
100 428
100 473
100 509
100 512
100 530
100 538
100 614
100 620
100 622
100 624
100 700
100 782
100 803
100 841
100 938
100 945
100 955
100 957
101 209
101 245
101 377
101 381
101 389
101 464
101 671
101 751
101 874
101 889
101 896
101 930
102 111
102 125
102 167
102 179
102 181
102 182
102 202
102 220
102 230
102 259
102 284
102 294
102 322
102 366
102 370
102 371
102 395
102 414
102 416
102 456
102 497
102 504
102 516
102 591
102 640
102 647
102 677
102 810
102 864
102 877
103 219
103 256
103 317
103 322
103 364
103 498
103 624
103 718
103 737
103 792
103 813
103 814
103 835
103 966
104 114
104 185
104 227
104 301
104 324
104 408
104 447
104 502
104 572
104 766
104 847
104 885
104 888
105 115
105 145
105 154
105 189
105 289
105 315
105 427
105 434
105 529
105 737
105 869
105 901
105 949
106 116
106 120
106 132
106 134
106 139
106 172
106 176
106 308
106 311
106 363
106 402
106 404
106 444
106 493
106 501
106 528
106 530
106 831
106 884
106 897
106 948
106 968
107 157
107 194
107 196
107 207
107 234
107 297
107 310
107 317
107 324
107 348
107 353
107 442
107 520
107 541
107 576
107 641
107 706
108 143
108 155
108 317
108 318
108 320
108 366
108 421
108 465
108 494
108 534
108 587
108 623
108 689
108 724
108 726
108 840
108 868
108 899
109 156
109 280
109 385
109 438
109 573
109 632
109 752
109 783
109 814
109 968
110 117
110 118
110 141
110 142
110 152
110 159
110 167
110 211
110 242
110 244
110 252
110 295
110 347
110 352
110 412
110 507
110 539
110 629
110 702
110 805
110 813
110 868
111 127
111 157
111 169
111 187
111 205
111 217
111 247
111 264
111 331
111 398
111 446
111 466
111 481
111 524
111 526
111 619
111 640
111 796
111 823
111 851
111 968
112 191
112 408
112 445
112 478
112 491
112 535
112 656
112 747
113 133
113 191
113 215
113 237
113 240
113 258
113 313
113 340
113 369
113 373
113 389
113 409
113 419
113 446
113 457
113 475
113 519
113 546
113 548
113 602
113 620
113 664
113 688
113 773
113 818
113 819
113 823
113 865
113 916
113 922
114 133
114 141
114 182
114 260
114 375
114 380
114 402
114 656
114 657
114 687
114 704
114 714
114 715
114 835
114 844
115 120
115 126
115 195
115 214
115 248
115 301
115 418
115 483
115 599
115 664
115 759
115 809
115 875
116 163
116 276
116 304
116 564
116 746
116 875
116 946
117 182
117 203
117 209
117 239
117 306
117 321
117 332
117 360
117 383
117 384
117 456
117 457
117 547
117 606
117 623
117 663
117 705
117 735
118 140
118 255
118 300
118 318
118 461
118 563
118 593
118 649
118 676
118 790
118 810
119 125
119 131
119 197
119 268
119 520
119 583
119 700
119 762
119 793
119 798
119 865
119 915
119 938
120 201
120 328
120 946
121 124
121 173
121 240
121 284
121 293
121 564
122 286
122 298
122 320
122 383
122 411
122 712
122 866
122 923
123 154
123 159
123 177
123 178
123 208
123 210
123 526
123 587
123 617
123 648
123 676
123 821
123 904
124 130
124 229
124 234
124 281
124 320
124 342
124 501
124 595
124 738
124 802
124 820
124 849
124 861
124 871
124 931
125 192
125 194
125 206
125 272
125 455
125 471
125 578
126 142
126 296
126 506
126 541
126 586
126 623
126 838
127 132
127 146
127 210
127 495
127 509
127 542
127 596
127 688
127 760
128 136
128 147
128 159
128 350
128 634
128 652
128 737
128 859
128 938
129 138
129 157
129 225
129 325
129 423
129 626
129 664
129 699
129 914
129 967
130 153
130 172
130 237
130 248
130 281
130 390
130 394
130 502
130 603
130 644
130 918
131 134
131 143
131 186
131 214
131 296
131 366
131 393
131 415
131 577
131 629
131 692
131 710
131 786
131 813
131 848
131 854
131 869
131 917
132 164
132 415
132 626
132 910
133 249
133 802
134 142
134 179
134 218
134 232
134 254
134 267
134 279
134 315
134 320
134 326
134 362
134 394
134 412
134 483
134 579
134 592
134 597
134 655
134 724
134 743
134 826
134 865
134 920
134 942
135 293
135 510
135 558
135 589
135 683
135 694
135 791
136 150
136 155
136 189
136 256
136 274
136 283
136 334
136 513
136 551
136 655
136 705
136 785
136 871
136 906
137 168
137 227
137 264
137 319
137 372
137 460
137 578
137 623
137 699
137 728
137 930
138 276
138 307
138 326
138 335
138 384
138 426
138 536
138 553
138 561
138 586
138 605
138 640
138 720
138 904
138 936
139 165
139 171
139 175
139 246
139 272
139 286
139 300
139 367
139 404
139 418
139 424
139 477
139 649
139 677
139 685
139 823
139 891
140 144
140 146
140 191
140 400
140 434
140 478
140 626
140 713
140 730
140 879
140 898
140 960
141 201
141 206
141 279
141 370
141 423
141 578
141 648
141 759
141 919
142 155
142 262
142 292
142 299
142 367
142 370
142 610
142 694
142 731
142 894
143 149
143 151
143 189
143 287
143 329
143 415
143 427
143 456
143 485
143 650
143 784
143 894
143 927
144 166
144 174
144 220
144 222
144 236
144 257
144 270
144 341
144 342
144 429
144 491
144 566
144 579
144 590
144 644
144 660
144 682
145 190
145 246
145 379
145 443
145 482
145 663
145 897
145 923
146 175
146 200
146 235
146 286
146 379
146 449
146 456
146 519
146 722
146 794
146 826
146 869
146 890
146 921
146 926
146 945
147 164
147 182
147 199
147 213
147 254
147 311
147 465
147 514
147 593
147 733
147 843
147 900
147 925
148 157
148 177
148 287
148 304
148 324
148 356
148 442
148 453
148 498
148 507
148 739
148 742
149 159
149 177
149 227
149 280
149 284
149 847
149 853
149 865
149 945
150 163
150 173
150 276
150 277
150 312
150 332
150 344
150 381
150 471
150 670
150 680
150 764
150 788
150 895
150 943
151 153
151 173
151 221
151 317
151 349
151 376
151 416
151 503
151 595
151 639
151 674
151 714
151 762
151 768
151 786
151 800
151 811
151 861
151 931
152 164
152 175
152 192
152 235
152 270
152 397
152 420
152 433
152 637
152 673
152 734
152 772
152 862
153 187
153 222
153 236
153 300
153 304
153 376
153 397
153 522
153 540
153 588
153 604
153 907
154 204
154 228
154 234
154 269
154 282
154 409
154 418
154 459
154 549
154 584
154 586
154 608
154 635
154 656
154 691
154 800
154 862
154 906
154 921
155 289
155 345
155 429
155 470
155 557
155 745
156 192
156 205
156 252
156 326
156 469
156 530
156 622
156 697
156 757
156 924
157 167
157 169
157 254
157 402
157 641
158 166
158 171
158 174
158 209
158 221
158 245
158 263
158 268
158 320
158 512
158 514
158 518
158 573
158 616
158 633
158 691
158 721
158 818
158 930
158 933
159 194
159 234
159 236
159 241
159 290
159 302
159 343
159 354
159 378
159 428
159 506
159 544
159 551
159 596
159 668
159 801
159 887
159 889
159 910
159 933
159 934
159 935
160 164
160 203
160 210
160 298
160 353
160 463
160 531
160 651
160 711
160 712
160 857
161 165
161 178
161 218
161 316
161 365
161 393
161 875
162 177
162 196
162 197
162 200
162 203
162 371
162 434
162 483
162 499
162 515
162 519
162 561
162 568
162 640
162 676
162 727
162 785
162 788
162 793
162 800
162 836
162 879
162 883
163 176
163 204
163 249
163 250
163 287
163 326
163 572
163 581
163 669
163 923
163 958
164 184
164 196
164 217
164 243
164 447
164 703
165 283
165 288
165 362
165 404
165 408
165 799
165 852
166 219
166 255
166 693
166 742
166 804
167 459
167 477
167 746
167 863
167 942
168 385
168 467
168 490
168 584
168 632
168 756
168 899
169 181
169 182
169 203
169 240
169 280
169 311
169 403
169 435
169 446
169 447
169 466
169 548
169 586
169 678
169 680
169 731
169 732
169 748
169 760
169 776
169 778
169 812
170 186
170 210
170 250
170 251
170 272
170 377
170 484
170 517
170 596
170 622
170 687
170 719
170 747
170 828
170 833
170 872
170 876
170 877
170 927
170 953
170 967
171 225
171 226
171 257
171 272
171 316
171 455
171 481
171 508
171 783
171 939
172 217
172 257
172 259
172 265
172 464
172 514
172 654
172 761
172 947
173 189
173 210
173 212
173 353
173 386
173 394
173 451
173 524
173 583
173 609
173 642
173 732
173 783
173 815
173 925
174 274
174 379
174 698
174 709
175 178
175 248
175 463
175 535
175 596
175 747
175 751
176 217
176 249
176 265
176 402
176 427
176 495
176 619
176 689
176 755
176 808
176 888
176 962
177 193
177 212
177 262
177 321
177 341
177 355
177 364
177 397
177 438
177 464
177 544
177 560
177 642
177 753
177 837
177 868
177 872
177 933
178 301
178 344
178 348
178 363
178 380
178 545
178 649
178 668
178 767
178 869
179 211
179 352
179 432
179 457
179 475
179 521
179 553
179 646
179 671
179 702
179 766
179 775
180 184
180 190
180 197
180 349
180 392
180 410
180 453
180 518
180 564
180 576
180 697
180 710
180 743
180 755
181 254
181 308
181 335
181 350
181 427
181 532
181 557
181 708
181 717
181 737
181 840
181 858
182 231
182 253
182 440
182 480
182 903
183 334
183 449
183 452
183 489
183 723
183 780
183 784
183 881
183 930
183 944
184 340
184 356
184 430
184 432
184 471
184 513
184 672
184 698
184 819
185 227
185 277
185 407
185 590
185 909
186 229
186 328
186 517
186 834
187 207
187 364
187 693
187 869
187 962
188 201
188 230
188 297
188 316
188 650
188 678
188 758
189 212
189 224
189 323
189 447
189 585
189 610
189 648
189 710
189 809
189 912
190 273
190 365
190 437
190 474
190 531
190 959
191 243
191 281
191 322
191 363
191 386
191 515
191 618
191 713
191 788
191 890
191 950
192 253
192 304
192 312
192 411
192 514
192 615
192 707
192 724
192 747
192 751
192 763
192 842
193 200
193 271
193 359
193 384
193 503
193 695
193 696
193 723
193 922
193 943
193 964
194 311
194 387
194 400
194 448
194 497
194 523
194 533
194 588
194 638
194 751
194 844
194 883
194 947
195 223
195 244
195 344
195 395
195 428
195 451
195 454
195 463
195 477
195 497
195 500
195 526
195 584
195 600
195 602
195 788
195 797
195 928
196 212
196 218
196 230
196 266
196 285
196 307
196 312
196 387
196 413
196 446
196 448
196 451
196 508
196 518
196 589
196 611
196 706
196 748
196 829
196 937
197 341
197 467
197 808
198 208
198 432
198 496
198 505
198 578
198 710
198 762
198 931
199 246
199 264
199 409
199 454
199 580
199 607
199 659
199 690
199 771
200 224
200 313
200 327
200 338
200 424
200 481
200 483
200 527
200 548
200 550
200 563
200 717
200 742
200 778
200 898
200 904
200 937
200 939
201 296
201 313
201 341
201 347
201 666
201 722
201 755
201 828
201 860
201 865
201 948
202 218
202 249
202 261
202 274
202 294
202 535
202 712
202 835
202 962
203 243
203 292
203 393
203 523
203 529
203 587
203 632
203 657
203 687
203 729
203 767
203 789
203 824
203 854
203 960
204 787
204 807
204 866
204 877
205 262
205 278
205 298
205 451
205 723
206 270
206 438
206 479
206 525
206 771
206 944
207 211
207 228
207 260
207 493
207 647
207 678
207 782
207 843
208 214
208 232
208 248
208 390
208 448
208 506
208 643
208 648
208 847
208 905
209 305
209 308
209 340
209 359
209 576
209 587
209 647
209 697
209 873
209 945
210 216
210 234
210 301
210 356
210 385
210 560
210 611
210 612
210 618
210 805
210 843
210 882
210 912
210 937
211 263
211 266
211 291
211 295
211 347
211 378
211 429
211 458
211 491
211 675
211 794
211 809
212 285
212 292
212 303
212 343
212 412
212 483
212 511
212 535
212 552
212 595
212 665
212 743
212 842
212 907
213 242
213 252
213 293
213 308
213 355
213 381
213 461
213 500
213 521
213 599
213 752
213 753
213 793
213 874
213 952
214 334
214 421
214 436
214 456
214 468
214 511
214 612
214 637
214 867
215 237
215 288
215 296
215 405
215 535
215 576
215 605
215 730
215 771
215 855
215 963
216 310
216 522
216 692
216 705
216 708
216 899
217 237
217 437
217 561
217 635
217 694
217 730
218 322
218 405
218 500
218 804
219 265
219 424
219 441
219 473
219 543
219 597
219 856
220 299
220 332
220 334
220 379
220 914
221 241
221 276
221 330
221 340
221 401
221 425
221 486
221 518
221 542
221 576
221 624
221 674
222 242
222 269
222 316
222 352
222 354
222 425
222 525
222 561
222 571
222 582
222 585
222 636
222 642
222 766
222 803
222 898
222 949
222 967
223 251
223 256
223 258
223 268
223 337
223 401
223 415
223 440
223 441
223 444
223 505
223 622
223 706
223 819
223 860
223 881
224 227
224 286
224 314
224 362
224 406
224 411
224 593
224 658
224 665
224 735
224 789
224 947
225 309
225 314
225 369
225 401
225 460
225 500
225 554
225 567
225 643
225 649
225 656
225 684
225 693
225 743
225 769
225 772
225 964
226 227
226 229
226 282
226 301
226 324
226 456
226 532
226 802
226 850
227 257
227 299
227 346
227 357
227 368
227 376
227 383
227 402
227 540
227 560
227 838
227 943
228 235
228 256
228 302
228 387
228 414
228 495
228 532
228 559
228 673
228 679
228 733
228 765
228 779
228 940
229 261
229 376
229 401
229 468
229 524
229 567
229 706
229 879
229 893
230 309
230 315
230 370
230 385
230 536
230 577
230 584
230 591
230 710
230 774
230 808
231 348
231 358
231 437
231 447
231 480
231 505
231 515
231 525
231 731
231 810
231 893
232 278
232 283
232 354
232 428
232 432
232 502
232 641
232 680
232 858
232 885
232 925
232 940
233 248
233 290
233 369
233 407
233 494
233 896
233 903
233 908
234 300
234 304
234 395
234 412
234 512
234 592
234 624
234 653
234 703
234 830
234 935
234 957
235 350
235 402
235 450
235 501
235 504
235 555
235 568
235 585
235 619
235 747
235 834
235 839
235 913
235 930
236 243
236 269
236 275
236 291
236 312
236 392
236 419
236 658
236 736
236 920
237 305
237 306
237 328
237 374
237 488
237 493
237 659
237 893
238 239
238 273
238 285
238 328
238 474
238 491
238 527
238 562
238 564
238 609
238 710
238 712
238 919
239 412
239 860
240 305
240 313
240 322
240 330
240 472
240 496
240 701
240 739
240 824
240 834
240 963
241 255
241 310
241 336
241 339
241 390
241 396
241 476
241 546
241 684
242 270
242 372
242 492
242 549
242 696
242 712
242 722
242 725
242 743
242 745
242 821
242 833
242 893
242 918
242 945
243 265
243 290
243 416
243 436
243 453
243 597
243 621
243 868
243 931
243 953
244 296
244 303
244 318
244 325
244 445
244 574
244 576
244 608
244 652
244 694
244 738
244 778
244 909
245 259
245 281
245 321
245 412
245 496
245 525
245 675
245 918
246 262
246 507
246 557
246 607
246 808
246 877
247 269
247 330
247 428
247 483
247 485
247 590
247 602
247 667
247 704
247 790
247 911
248 307
248 333
248 339
248 599
248 709
248 770
248 817
248 820
248 851
249 251
249 273
249 309
249 349
249 358
249 443
249 709
249 792
249 872
250 292
250 321
250 437
250 452
250 495
250 503
250 530
250 542
250 668
250 718
250 855
250 873
251 275
251 287
251 299
251 366
251 415
251 564
251 642
251 649
251 692
251 754
251 763
251 787
251 816
251 858
251 864
251 895
251 928
251 955
252 277
252 496
252 513
252 534
252 574
252 585
252 679
252 891
252 913
252 941
253 258
253 407
253 426
253 427
253 656
253 698
253 709
253 877
253 889
254 266
254 337
254 357
254 386
254 538
254 680
254 807
255 261
255 359
255 435
255 456
255 522
255 528
256 262
256 273
256 344
256 490
256 656
256 665
256 700
256 711
256 897
256 951
256 954
257 285
257 309
257 386
257 423
257 438
257 478
257 558
257 886
258 263
258 343
258 445
258 454
258 518
258 573
258 591
258 701
258 779
258 817
258 820
258 861
258 948
259 913
260 286
260 442
260 459
260 506
260 583
260 613
260 630
260 719
260 807
260 855
260 889
261 410
261 446
261 499
261 549
261 616
261 623
261 737
261 828
261 848
262 288
262 516
262 535
262 574
262 735
262 773
262 907
262 918
263 296
263 601
263 703
263 719
263 829
263 848
264 311
264 364
264 371
264 862
264 884
265 277
265 280
265 289
265 293
265 341
265 362
265 408
265 536
265 582
265 586
265 599
265 738
265 793
265 822
265 838
265 891
266 274
266 313
266 330
266 380
266 472
266 547
266 560
266 638
266 659
266 675
266 678
267 430
267 690
267 692
268 444
268 621
268 644
268 678
268 811
269 368
269 602
269 696
269 934
270 284
270 354
270 448
270 469
270 523
270 597
270 840
270 844
271 344
271 380
271 384
271 498
271 570
271 611
271 620
271 655
271 762
271 965
272 306
272 342
272 726
272 829
273 376
273 417
273 486
273 552
273 610
274 339
274 408
274 426
274 439
274 470
274 471
274 539
274 662
274 707
274 780
274 883
275 292
275 300
275 347
275 420
275 423
275 441
275 597
275 632
275 781
275 920
276 414
276 699
276 753
277 458
277 557
278 339
278 348
278 526
278 657
278 697
278 774
278 793
279 481
279 867
280 363
280 390
280 571
280 676
280 754
280 812
281 332
282 314
282 366
282 670
283 291
283 326
283 374
283 413
283 473
283 662
283 679
283 735
284 308
284 351
284 395
284 435
284 497
284 607
284 723
284 744
284 754
284 777
284 784
284 841
285 471
285 553
287 391
287 530
288 510
288 574
288 586
288 722
288 928
289 479
289 525
289 731
289 796
289 870
289 888
290 591
290 765
290 783
290 801
290 833
291 333
291 359
291 543
291 582
291 764
291 841
291 844
291 892
291 932
291 954
292 363
292 460
292 526
292 825
292 916
293 314
293 346
293 504
293 721
293 925
294 416
294 442
294 471
294 495
294 780
294 862
294 917
295 479
295 871
295 908
296 381
296 411
296 442
296 589
296 707
296 742
296 744
296 756
297 382
297 559
297 570
297 652
297 881
297 940
298 474
298 494
298 517
298 838
298 853
298 857
299 360
299 422
299 453
299 772
299 821
299 923
300 443
300 485
300 530
300 540
301 336
301 373
301 477
301 573
301 627
301 628
301 663
301 834
302 333
302 359
302 439
302 480
302 555
302 570
302 577
302 815
303 341
303 408
303 459
303 480
303 668
303 742
303 763
303 839
304 401
304 410
304 421
304 442
304 489
304 500
304 632
304 761
304 781
305 333
305 461
305 892
306 345
306 386
306 522
306 598
306 829
306 830
306 894
306 922
307 368
307 462
307 501
307 589
307 616
307 714
307 726
307 749
307 823
307 859
307 890
307 929
308 420
308 446
308 447
308 490
308 694
308 700
308 718
308 791
308 822
308 954
309 422
309 458
309 584
309 643
309 646
310 375
310 377
310 717
311 487
311 676
311 867
312 396
312 505
312 584
312 721
313 365
313 605
313 652
313 765
313 826
314 338
314 420
314 485
314 621
314 665
314 736
314 761
314 882
314 964
315 346
315 354
315 386
315 492
315 541
315 604
316 420
316 458
316 459
316 524
316 665
316 887
316 901
316 925
317 426
317 513
317 554
317 555
317 601
317 623
317 658
317 701
317 765
317 795
317 883
318 397
318 404
318 485
318 497
318 609
318 667
318 671
318 677
318 755
320 360
320 411
320 430
320 551
320 658
320 664
320 678
320 759
320 788
320 882
320 940
321 360
321 383
321 489
321 723
322 433
322 514
322 653
322 802
322 888
322 966
323 345
323 426
323 563
323 593
323 603
324 338
324 355
324 379
324 427
324 474
324 798
324 907
325 639
325 744
326 507
327 353
327 461
327 468
327 502
327 689
327 797
328 749
328 899
328 948
329 406
329 413
329 469
329 596
329 655
329 779
329 923
330 366
330 701
330 720
330 764
330 798
331 360
331 368
331 470
331 612
331 614
331 854
332 797
332 912
333 349
333 568
333 583
333 778
334 523
335 520
336 463
336 528
336 544
336 577
336 763
336 918
336 952
337 439
337 445
337 466
337 519
337 522
337 618
337 702
337 753
337 786
337 798
337 881
337 883
337 955
338 508
338 540
338 581
338 651
338 684
338 718
338 739
338 741
338 771
339 422
339 453
339 489
339 561
339 587
339 607
339 633
339 669
339 715
339 768
339 825
339 916
340 554
340 845
340 861
341 344
341 557
342 359
342 413
342 440
342 452
342 475
342 745
342 900
342 960
344 350
344 353
344 380
344 396
344 449
344 450
344 625
344 636
344 915
344 951
345 606
345 825
346 435
346 477
346 886
347 381
347 569
347 776
347 951
348 516
348 598
348 625
348 672
348 848
348 880
349 358
349 361
349 590
349 677
349 730
350 465
350 503
350 538
350 565
350 660
351 353
351 388
351 394
351 423
351 661
351 729
352 465
352 693
352 726
352 882
353 543
353 613
353 817
353 827
353 915
354 606
354 680
354 958
355 382
355 448
355 463
355 482
355 563
355 661
356 369
356 476
356 505
356 566
356 686
356 767
356 770
356 928
356 961
357 634
357 661
357 701
357 795
358 407
358 479
358 516
358 651
359 372
359 378
359 386
359 406
359 467
359 499
359 583
359 741
359 749
359 822
359 852
359 870
359 924
360 494
360 511
360 536
360 618
360 620
361 365
361 419
361 453
361 492
361 510
361 572
361 677
361 915
362 373
362 380
362 433
362 793
362 816
362 924
363 491
363 591
364 713
364 783
364 945
365 367
365 390
365 391
365 412
365 584
365 740
365 858
365 875
366 757
366 782
366 894
367 571
367 621
367 684
367 886
367 962
368 429
368 461
368 502
368 592
369 414
369 527
369 803
369 932
370 446
370 463
370 555
370 733
370 741
370 863
370 902
370 952
371 389
371 557
372 375
372 441
372 455
372 528
372 556
372 675
372 818
372 853
372 958
373 374
373 417
373 454
373 878
374 401
374 409
374 578
374 716
375 431
375 588
375 614
375 885
376 619
377 525
377 636
377 667
377 728
378 418
378 545
379 435
379 515
379 837
379 856
380 390
380 431
380 575
380 618
380 846
380 854
380 926
380 941
381 397
381 488
381 567
381 576
381 725
381 769
381 915
381 939
382 433
382 509
382 514
382 551
383 551
383 740
383 887
384 438
384 537
384 658
385 426
385 545
385 959
386 549
386 633
386 902
387 427
387 753
387 852
387 883
388 395
388 548
388 852
389 570
390 436
390 462
390 498
390 548
390 587
390 632
390 745
390 862
390 924
391 420
391 454
391 500
391 596
391 622
391 640
391 810
391 911
391 946
392 503
393 512
393 515
393 548
393 744
394 483
394 565
394 570
394 855
394 874
395 433
395 597
395 952
396 490
397 455
397 457
397 534
397 900
398 400
398 414
398 415
398 445
398 542
398 603
398 661
398 749
398 757
399 425
399 484
399 653
399 785
400 499
400 510
400 514
400 681
400 738
400 770
400 846
400 853
400 906
401 544
401 662
401 716
401 934
402 523
402 539
402 544
402 593
402 594
402 631
402 872
402 926
402 954
403 409
403 631
403 647
403 878
403 899
403 950
404 548
404 944
404 952
405 434
405 595
405 625
405 821
405 909
406 755
406 948
407 445
407 449
407 509
407 528
407 850
407 868
408 420
408 504
408 752
408 802
409 492
409 517
409 599
409 685
409 741
410 430
410 520
410 563
410 912
411 416
412 434
412 435
412 529
412 539
412 695
412 797
413 575
413 603
414 669
414 674
414 734
414 792
414 823
414 866
415 475
415 480
415 574
415 643
415 657
415 675
415 687
416 419
416 488
416 722
416 756
416 803
417 625
418 460
419 491
419 528
419 541
419 629
419 638
419 669
419 916
420 765
421 435
421 465
421 701
422 428
422 579
422 608
422 712
422 774
422 912
422 946
423 437
423 610
423 636
424 629
424 634
424 686
424 816
424 837
424 864
424 936
425 521
425 610
425 765
425 837
425 866
426 439
426 458
426 589
426 611
426 711
426 734
426 785
427 549
427 628
427 805
427 875
428 512
428 635
429 489
429 490
429 570
429 880
430 698
430 890
431 694
431 796
431 816
431 876
432 542
433 631
433 769
434 439
434 672
434 725
434 801
435 545
435 595
435 619
435 703
435 730
435 733
435 762
435 807
436 541
436 556
436 575
436 683
436 725
436 793
436 861
437 532
437 550
437 572
437 775
438 845
439 464
439 487
440 457
440 507
440 606
440 614
440 691
440 804
440 888
441 688
441 784
441 912
442 473
442 523
442 529
442 556
442 661
442 684
442 870
442 871
444 594
444 815
444 818
444 832
444 889
445 490
445 774
445 917
445 948
446 473
446 513
446 638
446 663
446 706
446 785
446 903
447 734
448 613
448 660
448 827
448 831
448 880
449 450
449 486
449 508
449 687
449 794
449 827
450 476
450 501
450 519
450 569
450 715
450 916
452 484
452 547
452 582
452 588
452 642
452 670
452 720
453 464
453 590
453 643
453 740
453 817
454 543
454 604
454 674
454 778
454 843
455 542
455 557
455 576
455 807
455 873
456 494
456 579
456 589
456 873
456 926
457 493
457 532
457 727
457 813
457 900
458 517
458 630
458 654
458 664
459 463
459 464
459 467
459 534
459 588
459 625
459 647
459 704
459 768
459 787
459 845
459 858
459 954
460 486
460 544
460 563
461 609
461 654
462 515
462 749
462 750
463 501
463 543
463 813
463 836
464 583
464 696
464 737
466 565
466 577
466 714
467 541
467 553
467 858
467 887
468 585
468 604
468 639
468 735
468 784
468 800
468 840
469 562
469 765
469 790
469 840
469 842
469 874
469 934
470 820
470 908
471 498
471 603
471 810
472 920
472 961
473 569
473 723
473 729
473 777
473 900
473 956
474 491
474 708
475 484
475 554
475 779
475 898
476 793
476 868
477 533
478 790
478 826
478 831
479 487
479 815
480 608
481 484
481 519
481 572
481 606
481 642
481 680
482 586
482 616
482 799
482 885
483 520
483 663
483 711
483 870
484 497
484 586
484 671
485 754
486 544
486 580
486 596
486 624
486 776
486 777
486 892
486 925
487 643
487 752
487 859
487 925
488 627
488 768
488 916
488 919
489 531
489 535
489 711
489 846
490 534
490 591
490 851
491 496
491 692
491 818
492 511
492 592
492 631
492 693
492 786
492 802
493 812
493 850
493 870
494 503
494 643
494 762
495 599
495 638
495 648
495 953
496 617
497 521
497 593
497 947
498 542
498 604
498 732
498 799
498 929
498 958
500 524
500 531
500 538
500 696
500 833
500 941
501 581
501 711
501 791
501 874
501 913
501 937
502 550
502 653
502 961
503 519
503 748
503 856
503 911
504 573
504 640
504 964
505 594
505 875
505 918
505 933
505 953
506 753
508 550
508 572
508 722
509 533
509 640
510 565
510 641
510 707
510 807
511 527
511 790
511 820
512 562
512 670
512 671
512 679
512 840
512 902
513 552
513 605
513 759
513 765
513 927
514 827
515 516
515 541
515 742
516 566
516 616
516 847
517 715
518 564
518 688
518 814
519 595
519 673
520 615
520 630
520 651
520 671
520 927
520 949
522 571
522 579
522 641
522 792
522 848
522 910
523 759
523 761
523 815
524 561
524 619
524 620
524 760
524 777
524 782
524 790
524 913
524 957
525 560
525 700
525 744
525 767
526 580
526 774
527 533
527 565
527 598
527 628
527 666
527 703
527 908
527 935
528 941
528 965
529 732
529 919
531 851
532 603
533 547
533 752
533 807
533 838
534 566
534 833
535 690
536 751
537 656
537 865
539 655
539 732
539 768
540 569
540 679
540 896
541 559
541 578
541 655
541 713
541 715
541 732
541 963
542 671
542 879
542 950
543 931
544 857
545 616
545 638
545 746
545 828
547 569
547 689
547 760
547 845
548 637
548 728
549 600
549 681
550 650
550 667
550 688
550 951
551 581
551 633
551 856
553 648
553 681
553 811
553 934
554 770
554 806
555 580
555 629
555 694
555 728
555 829
555 896
557 559
557 619
557 627
557 680
557 849
558 654
558 822
559 671
559 721
559 750
559 841
559 960
560 716
560 942
561 747
561 844
561 950
562 635
563 644
563 676
563 828
564 798
564 809
564 849
565 914
566 615
567 571
567 645
567 827
567 849
569 779
570 630
570 668
570 761
570 891
571 699
571 782
571 797
572 575
572 600
572 741
572 799
572 911
573 762
573 912
573 921
574 611
574 691
574 748
574 818
575 747
575 758
575 830
576 780
577 602
578 665
578 799
578 855
578 928
579 630
579 690
579 750
579 907
579 951
580 594
580 815
582 595
582 613
582 776
582 789
582 810
582 906
584 646
585 601
585 678
585 721
585 795
585 914
586 614
586 718
586 801
586 885
586 931
588 696
588 803
589 622
589 695
589 761
590 675
590 801
590 822
590 863
590 884
590 926
591 690
592 666
592 739
592 799
595 742
596 868
596 961
597 675
597 677
597 754
597 935
598 627
598 892
599 650
599 679
599 919
601 857
601 965
602 608
603 733
603 734
603 889
603 921
605 616
605 700
605 947
606 815
608 944
608 959
610 634
610 787
610 880
611 732
611 749
611 893
612 884
612 923
613 646
613 664
613 825
614 697
614 914
615 707
617 636
617 748
617 797
617 808
617 819
617 920
618 657
618 752
619 639
619 650
619 662
619 725
619 750
620 780
624 805
625 780
626 903
627 704
628 763
628 920
629 736
629 880
630 764
630 832
631 692
632 703
632 704
632 811
632 906
633 675
633 722
633 786
633 859
633 915
634 641
634 682
634 748
637 805
639 692
639 754
639 776
639 963
640 718
640 731
640 763
641 901
642 911
643 860
643 937
646 735
646 867
647 751
648 795
649 660
649 773
649 819
650 872
650 947
651 652
651 697
652 688
652 702
653 717
653 959
654 864
654 934
655 696
655 733
655 796
655 924
656 698
656 811
656 816
657 670
657 783
657 824
658 659
658 773
658 827
659 748
659 930
660 855
662 813
662 929
663 863
664 771
664 836
665 760
665 800
665 937
666 719
667 853
667 962
669 847
670 695
670 792
671 679
671 918
674 681
674 889
675 921
677 724
677 771
677 814
677 859
677 896
678 866
679 705
679 794
679 906
679 908
681 687
681 873
682 693
682 723
682 791
682 814
682 928
682 956
683 705
683 902
684 860
684 903
685 770
687 795
687 901
688 863
689 730
690 803
690 881
691 820
691 953
692 833
695 702
696 752
696 942
697 927
697 964
699 718
701 942
702 713
702 840
703 808
704 854
704 968
705 944
706 823
707 913
708 709
708 729
708 826
709 740
710 750
711 824
713 801
715 872
716 766
716 838
717 750
717 803
717 878
717 906
719 736
720 728
722 820
722 859
722 892
724 737
724 909
724 941
726 860
729 831
729 876
729 922
729 951
730 752
730 804
730 890
730 936
731 750
731 894
732 739
732 756
732 759
733 837
733 839
733 925
735 809
736 739
736 773
738 758
738 843
738 846
743 894
744 832
745 878
746 830
746 917
746 960
748 893
749 879
749 947
751 784
751 805
751 923
752 953
753 772
753 826
753 947
754 768
754 795
755 935
756 758
757 851
759 853
759 959
762 763
762 768
763 861
766 801
767 877
767 900
767 938
768 850
768 955
770 890
771 940
772 845
776 856
776 965
781 784
781 825
781 902
782 809
783 885
785 956
786 825
789 876
789 932
791 794
791 915
792 875
793 814
793 817
795 804
796 845
796 869
796 879
800 964
801 883
801 894
803 848
803 872
803 936
805 863
807 903
808 940
810 868
812 820
813 826
813 886
815 849
821 898
821 949
825 909
826 893
826 900
828 832
829 854
830 834
830 910
831 929
831 950
838 904
840 961
842 871
842 960
844 897
845 944
846 917
847 953
849 927
851 877
852 874
854 945
856 950
863 882
864 962
866 901
867 929
868 966
869 957
871 955
872 882
875 927
877 922
879 901
883 886
883 906
885 891
887 891
891 909
892 921
897 967
898 939
905 936
905 968
918 946
925 959
925 968
926 960
934 963
939 954
944 968
946 952
954 965
956 965
