0 1
0 2
0 3
0 4
0 5
0 6
0 7
0 8
0 9
0 10
0 11
0 12
0 13
0 14
0 15
0 16
0 17
0 18
0 19
0 21
0 25
0 29
0 30
0 33
0 34
0 35
0 36
0 43
0 44
0 45
0 46
0 50
0 51
0 53
0 60
0 64
0 65
0 69
0 70
0 71
0 74
0 75
0 77
0 78
0 89
0 90
0 105
0 111
0 113
0 116
0 117
0 131
0 147
0 151
0 155
0 162
0 169
0 170
0 171
0 174
0 178
0 180
0 183
0 185
0 198
0 205
0 207
0 219
0 231
0 234
0 244
0 249
0 252
0 256
0 260
0 263
0 265
0 269
0 270
0 271
0 272
0 273
0 281
0 291
0 304
0 306
0 317
0 320
0 322
0 328
0 346
0 351
0 358
0 362
0 368
0 371
0 380
0 385
0 405
0 413
0 419
0 424
0 436
0 439
0 441
0 444
0 445
0 481
0 488
0 492
0 503
0 505
0 510
0 512
0 513
0 526
0 528
0 531
0 558
0 584
0 587
0 588
0 597
0 600
0 608
0 611
0 614
0 636
0 638
0 655
0 676
0 680
0 682
0 685
0 705
0 710
0 719
0 727
0 745
0 750
0 752
0 758
0 771
0 773
0 785
0 802
0 806
0 813
0 824
0 827
0 833
0 842
0 852
0 856
0 858
0 865
0 905
0 915
0 940
0 952
0 955
0 956
0 968
0 985
0 1034
0 1056
1 9
1 10
1 11
1 12
1 13
1 14
1 17
1 24
1 30
1 45
1 50
1 72
1 78
1 85
1 105
1 145
1 151
1 169
1 211
1 214
1 230
1 252
1 257
1 264
1 266
1 336
1 352
1 376
1 388
1 403
1 411
1 415
1 427
1 462
1 539
1 542
1 544
1 550
1 559
1 612
1 640
1 694
1 832
1 883
1 1009
2 9
2 10
2 17
2 21
2 33
2 39
2 59
2 88
2 99
2 102
2 115
2 128
2 136
2 152
2 156
2 181
2 336
2 345
2 352
2 439
2 487
2 520
2 536
2 604
2 606
2 655
2 665
2 666
2 713
2 714
2 816
2 837
2 861
2 871
2 932
2 988
2 995
3 12
3 13
3 14
3 36
3 42
3 68
3 106
3 115
3 157
3 171
3 172
3 193
3 201
3 218
3 224
3 363
3 430
3 491
3 506
3 629
3 649
3 668
3 753
3 792
3 848
3 951
4 9
4 11
4 12
4 21
4 22
4 23
4 26
4 27
4 29
4 35
4 41
4 53
4 62
4 64
4 75
4 90
4 113
4 116
4 170
4 239
4 250
4 254
4 277
4 282
4 298
4 300
4 318
4 332
4 373
4 389
4 413
4 495
4 514
4 536
4 650
4 684
4 696
4 787
4 789
4 795
4 807
4 814
4 818
4 845
4 892
4 896
4 909
4 926
4 927
4 949
4 999
4 1011
5 9
5 10
5 11
5 14
5 15
5 16
5 19
5 20
5 22
5 23
5 27
5 34
5 37
5 42
5 45
5 55
5 57
5 68
5 77
5 78
5 80
5 82
5 86
5 87
5 94
5 98
5 105
5 107
5 109
5 119
5 129
5 131
5 132
5 140
5 153
5 154
5 158
5 161
5 167
5 171
5 187
5 194
5 218
5 221
5 228
5 229
5 289
5 297
5 299
5 303
5 305
5 341
5 362
5 368
5 378
5 396
5 408
5 414
5 446
5 462
5 496
5 506
5 507
5 527
5 548
5 561
5 570
5 577
5 600
5 622
5 671
5 746
5 765
5 796
5 815
5 816
5 818
5 828
5 829
5 856
5 876
5 911
5 935
5 941
5 947
5 952
5 972
5 989
5 999
5 1000
5 1025
5 1039
5 1043
5 1073
6 9
6 10
6 22
6 23
6 54
6 67
6 81
6 124
6 141
6 177
6 232
6 691
6 703
6 711
6 810
6 920
6 944
6 1009
7 9
7 10
7 11
7 13
7 14
7 15
7 16
7 20
7 23
7 25
7 29
7 32
7 34
7 35
7 38
7 58
7 59
7 65
7 74
7 90
7 107
7 132
7 160
7 219
7 223
7 233
7 244
7 258
7 282
7 287
7 292
7 310
7 316
7 329
7 368
7 390
7 394
7 402
7 421
7 432
7 447
7 449
7 468
7 486
7 487
7 493
7 511
7 574
7 587
7 590
7 617
7 622
7 649
7 680
7 704
7 862
7 872
7 881
7 909
7 967
7 981
7 1007
7 1017
8 9
8 10
8 11
8 12
8 13
8 17
8 18
8 20
8 22
8 27
8 28
8 30
8 31
8 36
8 37
8 39
8 40
8 46
8 48
8 56
8 59
8 73
8 81
8 85
8 90
8 94
8 98
8 101
8 117
8 118
8 133
8 136
8 140
8 143
8 148
8 177
8 183
8 184
8 194
8 204
8 210
8 219
8 227
8 251
8 260
8 267
8 287
8 334
8 354
8 381
8 389
8 400
8 431
8 435
8 437
8 457
8 462
8 469
8 475
8 496
8 509
8 512
8 545
8 556
8 567
8 589
8 597
8 604
8 627
8 653
8 667
8 672
8 751
8 899
8 970
8 982
8 1025
8 1026
8 1036
8 1049
9 10
9 11
9 12
9 13
9 14
9 15
9 17
9 19
9 20
9 21
9 22
9 24
9 28
9 29
9 38
9 40
9 41
9 49
9 55
9 58
9 61
9 62
9 65
9 67
9 72
9 82
9 85
9 87
9 94
9 103
9 104
9 106
9 112
9 121
9 127
9 138
9 144
9 154
9 159
9 177
9 179
9 181
9 193
9 213
9 214
9 215
9 218
9 238
9 247
9 251
9 256
9 278
9 287
9 292
9 296
9 301
9 305
9 310
9 315
9 322
9 330
9 344
9 356
9 358
9 378
9 380
9 381
9 400
9 407
9 409
9 414
9 444
9 462
9 491
9 498
9 509
9 516
9 521
9 523
9 524
9 526
9 527
9 537
9 542
9 547
9 563
9 578
9 630
9 657
9 664
9 684
9 685
9 704
9 734
9 747
9 759
9 762
9 764
9 776
9 788
9 799
9 804
9 822
9 826
9 856
9 875
9 889
9 899
9 922
9 924
9 959
9 1001
9 1036
9 1038
9 1056
10 11
10 12
10 13
10 14
10 15
10 16
10 17
10 18
10 19
10 21
10 25
10 27
10 28
10 29
10 35
10 36
10 43
10 44
10 46
10 53
10 56
10 57
10 59
10 63
10 67
10 71
10 74
10 78
10 80
10 83
10 90
10 98
10 106
10 114
10 118
10 127
10 130
10 132
10 159
10 164
10 166
10 167
10 168
10 194
10 196
10 202
10 211
10 232
10 233
10 239
10 243
10 249
10 261
10 262
10 270
10 280
10 292
10 297
10 300
10 310
10 317
10 334
10 353
10 356
10 375
10 393
10 397
10 418
10 424
10 428
10 431
10 455
10 457
10 466
10 483
10 501
10 517
10 527
10 529
10 544
10 547
10 553
10 610
10 656
10 675
10 707
10 741
10 762
10 770
10 785
10 830
10 835
10 840
10 846
10 850
10 864
10 873
10 878
10 901
10 905
10 911
10 941
10 950
10 956
10 957
10 965
10 973
10 994
10 1013
10 1021
10 1043
10 1067
10 1068
10 1069
11 12
11 13
11 15
11 16
11 18
11 21
11 24
11 25
11 27
11 28
11 31
11 32
11 33
11 34
11 39
11 40
11 41
11 43
11 47
11 48
11 51
11 58
11 64
11 66
11 73
11 75
11 79
11 81
11 84
11 86
11 92
11 93
11 101
11 103
11 105
11 107
11 111
11 116
11 122
11 127
11 130
11 139
11 147
11 150
11 152
11 158
11 161
11 165
11 182
11 187
11 195
11 200
11 204
11 206
11 233
11 237
11 245
11 246
11 253
11 255
11 269
11 274
11 282
11 283
11 290
11 305
11 308
11 311
11 313
11 339
11 340
11 345
11 361
11 368
11 375
11 380
11 389
11 399
11 422
11 433
11 446
11 456
11 463
11 466
11 499
11 504
11 507
11 512
11 527
11 560
11 570
11 576
11 593
11 607
11 608
11 615
11 634
11 646
11 662
11 664
11 671
11 701
11 709
11 730
11 740
11 746
11 764
11 769
11 783
11 797
11 802
11 805
11 812
11 816
11 822
11 830
11 848
11 849
11 858
11 978
11 988
11 1005
11 1035
11 1066
11 1070
12 15
12 16
12 19
12 20
12 21
12 25
12 26
12 31
12 32
12 33
12 34
12 35
12 36
12 40
12 44
12 50
12 52
12 54
12 61
12 69
12 74
12 77
12 99
12 136
12 140
12 145
12 148
12 149
12 183
12 185
12 189
12 195
12 198
12 212
12 219
12 226
12 233
12 244
12 275
12 276
12 281
12 303
12 312
12 316
12 319
12 369
12 375
12 404
12 416
12 452
12 471
12 474
12 477
12 502
12 525
12 584
12 596
12 608
12 631
12 651
12 654
12 656
12 718
12 721
12 740
12 759
12 807
12 809
12 823
12 860
12 895
12 980
12 1031
12 1033
13 14
13 18
13 19
13 20
13 22
13 23
13 26
13 28
13 30
13 32
13 36
13 39
13 41
13 42
13 44
13 45
13 46
13 49
13 52
13 55
13 57
13 58
13 60
13 63
13 67
13 70
13 72
13 75
13 77
13 82
13 84
13 88
13 92
13 97
13 102
13 107
13 114
13 122
13 127
13 135
13 141
13 146
13 148
13 156
13 162
13 163
13 167
13 169
13 172
13 188
13 194
13 196
13 206
13 211
13 212
13 213
13 230
13 235
13 243
13 245
13 257
13 261
13 265
13 276
13 299
13 312
13 319
13 332
13 351
13 352
13 360
13 365
13 371
13 382
13 395
13 412
13 429
13 436
13 437
13 440
13 441
13 448
13 461
13 465
13 466
13 494
13 512
13 530
13 531
13 534
13 535
13 538
13 543
13 553
13 556
13 573
13 583
13 588
13 593
13 599
13 613
13 615
13 619
13 623
13 629
13 638
13 647
13 665
13 674
13 691
13 721
13 731
13 768
13 777
13 781
13 814
13 815
13 823
13 826
13 831
13 840
13 849
13 850
13 852
13 854
13 875
13 888
13 917
13 934
13 947
13 958
13 966
13 978
13 982
13 991
13 1042
13 1048
13 1053
13 1063
14 15
14 16
14 18
14 26
14 29
14 30
14 38
14 48
14 57
14 60
14 62
14 63
14 68
14 84
14 127
14 132
14 133
14 138
14 139
14 150
14 151
14 166
14 169
14 173
14 202
14 239
14 240
14 265
14 271
14 293
14 317
14 321
14 324
14 325
14 346
14 368
14 373
14 387
14 390
14 400
14 410
14 420
14 421
14 429
14 433
14 439
14 482
14 483
14 506
14 519
14 536
14 576
14 590
14 591
14 623
14 643
14 655
14 660
14 689
14 770
14 818
14 822
14 825
14 831
14 833
14 849
14 866
14 897
14 957
14 974
14 993
14 1008
14 1048
15 16
15 17
15 19
15 20
15 21
15 22
15 23
15 24
15 27
15 28
15 31
15 37
15 38
15 41
15 42
15 43
15 47
15 49
15 52
15 53
15 56
15 59
15 68
15 70
15 74
15 80
15 82
15 89
15 93
15 100
15 107
15 108
15 112
15 113
15 115
15 117
15 125
15 127
15 139
15 155
15 158
15 159
15 168
15 178
15 187
15 201
15 205
15 211
15 213
15 216
15 227
15 240
15 242
15 245
15 251
15 268
15 278
15 311
15 312
15 314
15 315
15 328
15 343
15 346
15 348
15 352
15 363
15 370
15 373
15 376
15 382
15 392
15 393
15 403
15 414
15 431
15 435
15 436
15 447
15 453
15 466
15 482
15 501
15 503
15 509
15 515
15 522
15 544
15 545
15 554
15 564
15 567
15 593
15 620
15 624
15 629
15 634
15 635
15 645
15 654
15 692
15 707
15 709
15 719
15 723
15 728
15 745
15 759
15 801
15 828
15 833
15 836
15 839
15 860
15 863
15 899
15 910
15 916
15 922
15 929
15 931
15 971
15 975
15 984
15 1006
15 1041
15 1044
15 1048
15 1052
16 17
16 18
16 31
16 32
16 33
16 37
16 40
16 49
16 50
16 51
16 54
16 55
16 56
16 60
16 62
16 65
16 68
16 75
16 86
16 88
16 90
16 91
16 94
16 99
16 104
16 109
16 115
16 117
16 119
16 126
16 135
16 138
16 140
16 143
16 145
16 157
16 159
16 164
16 176
16 185
16 186
16 189
16 192
16 208
16 250
16 257
16 264
16 265
16 281
16 292
16 300
16 308
16 311
16 328
16 331
16 341
16 381
16 391
16 412
16 425
16 428
16 429
16 454
16 458
16 469
16 479
16 489
16 504
16 508
16 512
16 529
16 577
16 596
16 607
16 634
16 636
16 642
16 650
16 651
16 656
16 664
16 728
16 738
16 747
16 757
16 775
16 791
16 796
16 836
16 864
16 877
16 889
16 925
16 983
16 996
16 1001
16 1016
16 1036
16 1048
16 1062
16 1069
17 18
17 19
17 23
17 24
17 25
17 29
17 32
17 50
17 51
17 57
17 69
17 73
17 74
17 96
17 121
17 131
17 142
17 150
17 222
17 277
17 293
17 341
17 357
17 376
17 384
17 433
17 452
17 559
17 623
17 667
17 669
17 761
17 796
17 818
17 821
17 920
17 975
17 1012
17 1067
18 24
18 25
18 26
18 30
18 31
18 58
18 88
18 89
18 102
18 112
18 120
18 137
18 143
18 144
18 145
18 147
18 165
18 190
18 199
18 210
18 218
18 255
18 259
18 272
18 298
18 307
18 325
18 333
18 353
18 358
18 406
18 418
18 436
18 457
18 459
18 468
18 509
18 537
18 561
18 571
18 635
18 637
18 658
18 709
18 716
18 765
18 767
18 769
18 847
18 912
18 916
18 964
18 989
19 20
19 22
19 24
19 25
19 26
19 27
19 31
19 32
19 33
19 36
19 37
19 38
19 51
19 54
19 57
19 58
19 59
19 70
19 73
19 74
19 76
19 79
19 81
19 82
19 87
19 88
19 95
19 96
19 104
19 111
19 112
19 115
19 123
19 125
19 131
19 154
19 164
19 170
19 181
19 183
19 186
19 187
19 209
19 211
19 217
19 230
19 236
19 237
19 239
19 247
19 249
19 250
19 252
19 256
19 257
19 263
19 268
19 269
19 292
19 293
19 297
19 303
19 306
19 318
19 324
19 328
19 329
19 330
19 343
19 366
19 382
19 395
19 412
19 427
19 435
19 446
19 459
19 460
19 465
19 476
19 519
19 520
19 527
19 534
19 541
19 543
19 560
19 565
19 570
19 572
19 578
19 596
19 598
19 602
19 630
19 649
19 650
19 669
19 688
19 695
19 710
19 715
19 729
19 749
19 780
19 789
19 799
19 812
19 852
19 872
19 885
19 898
19 923
19 1023
19 1026
19 1028
19 1030
19 1037
19 1050
19 1064
20 26
20 34
20 45
20 48
20 58
20 60
20 61
20 63
20 85
20 88
20 91
20 93
20 116
20 138
20 144
20 153
20 176
20 177
20 190
20 196
20 197
20 206
20 231
20 237
20 241
20 255
20 307
20 349
20 380
20 422
20 445
20 486
20 492
20 495
20 521
20 543
20 546
20 567
20 571
20 604
20 615
20 618
20 633
20 740
20 749
20 810
20 814
20 844
20 921
20 924
20 925
20 942
20 946
20 996
20 1024
20 1055
21 24
21 26
21 29
21 35
21 36
21 37
21 40
21 41
21 44
21 56
21 57
21 62
21 73
21 84
21 96
21 103
21 137
21 148
21 150
21 158
21 183
21 185
21 205
21 216
21 226
21 232
21 250
21 267
21 280
21 287
21 307
21 348
21 364
21 366
21 404
21 416
21 447
21 519
21 531
21 542
21 595
21 635
21 638
21 696
21 708
21 722
21 730
21 751
21 755
21 765
21 793
21 849
21 862
21 880
21 905
21 917
21 994
21 1042
21 1043
22 23
22 27
22 45
22 50
22 52
22 61
22 62
22 67
22 91
22 94
22 96
22 120
22 127
22 136
22 152
22 167
22 168
22 188
22 198
22 238
22 240
22 249
22 253
22 269
22 270
22 298
22 326
22 353
22 369
22 400
22 435
22 472
22 500
22 543
22 563
22 568
22 574
22 581
22 589
22 631
22 710
22 731
22 747
22 761
22 788
22 790
22 887
22 917
22 1009
22 1026
23 30
23 35
23 47
23 49
23 51
23 53
23 65
23 66
23 69
23 71
23 91
23 106
23 133
23 146
23 210
23 229
23 238
23 276
23 293
23 321
23 323
23 374
23 404
23 504
23 508
23 514
23 536
23 594
23 640
23 642
23 654
23 736
23 754
23 757
23 817
23 867
23 873
23 1020
23 1030
23 1034
24 32
24 43
24 48
24 57
24 65
24 98
24 124
24 148
24 225
24 284
24 285
24 294
24 305
24 308
24 381
24 392
24 416
24 422
24 424
24 426
24 468
24 603
24 608
24 702
24 710
24 737
24 783
24 877
24 921
24 959
24 960
24 966
24 1000
24 1003
25 38
25 40
25 54
25 69
25 71
25 80
25 92
25 98
25 103
25 111
25 120
25 128
25 146
25 147
25 190
25 206
25 222
25 241
25 276
25 286
25 302
25 315
25 335
25 343
25 347
25 354
25 355
25 382
25 492
25 579
25 618
25 637
25 639
25 706
25 731
25 733
25 737
25 751
25 765
25 768
25 775
25 804
25 834
25 837
25 856
25 863
25 910
25 941
25 942
25 972
25 984
25 1010
25 1035
25 1038
25 1060
26 28
26 31
26 33
26 35
26 43
26 44
26 46
26 47
26 52
26 61
26 71
26 79
26 80
26 82
26 87
26 106
26 108
26 110
26 111
26 119
26 125
26 137
26 161
26 163
26 187
26 193
26 215
26 225
26 230
26 258
26 290
26 319
26 331
26 337
26 412
26 415
26 420
26 424
26 448
26 458
26 471
26 479
26 508
26 538
26 561
26 592
26 600
26 670
26 746
26 790
26 791
26 843
26 845
26 869
26 876
26 918
26 939
26 940
26 945
26 957
27 28
27 30
27 39
27 40
27 42
27 47
27 55
27 56
27 61
27 65
27 72
27 73
27 89
27 93
27 96
27 97
27 99
27 104
27 112
27 113
27 118
27 129
27 140
27 143
27 171
27 175
27 176
27 185
27 196
27 201
27 209
27 225
27 227
27 244
27 255
27 273
27 309
27 331
27 337
27 374
27 378
27 381
27 393
27 430
27 434
27 443
27 457
27 521
27 525
27 648
27 715
27 735
27 743
27 759
27 823
27 863
27 868
27 876
27 933
27 947
27 1052
27 1061
28 42
28 44
28 61
28 63
28 69
28 86
28 97
28 101
28 126
28 133
28 156
28 167
28 175
28 190
28 195
28 222
28 342
28 362
28 391
28 410
28 472
28 513
28 527
28 537
28 598
28 648
28 687
28 801
28 866
28 1072
29 34
29 38
29 39
29 48
29 56
29 66
29 78
29 81
29 83
29 85
29 86
29 100
29 105
29 107
29 182
29 187
29 191
29 192
29 202
29 209
29 227
29 228
29 260
29 269
29 272
29 299
29 310
29 347
29 363
29 367
29 382
29 408
29 450
29 468
29 480
29 514
29 516
29 550
29 558
29 588
29 603
29 655
29 661
29 676
29 712
29 734
29 736
29 751
29 753
29 763
29 787
29 808
29 815
29 843
29 851
29 905
29 918
29 937
29 964
29 969
30 62
30 70
30 83
30 87
30 103
30 108
30 130
30 138
30 141
30 142
30 174
30 175
30 188
30 191
30 212
30 216
30 258
30 272
30 274
30 277
30 316
30 370
30 417
30 496
30 505
30 513
30 530
30 554
30 576
30 647
30 671
30 727
30 739
30 742
30 873
30 874
30 894
31 34
31 42
31 46
31 55
31 72
31 87
31 89
31 125
31 179
31 186
31 191
31 210
31 225
31 230
31 299
31 316
31 337
31 353
31 359
31 378
31 408
31 467
31 477
31 479
31 630
31 686
31 714
31 815
31 832
31 907
31 1024
32 33
32 37
32 39
32 41
32 45
32 53
32 54
32 63
32 64
32 69
32 77
32 84
32 85
32 91
32 95
32 109
32 113
32 121
32 125
32 187
32 199
32 217
32 242
32 252
32 278
32 279
32 283
32 285
32 293
32 306
32 314
32 318
32 359
32 387
32 426
32 446
32 483
32 499
32 530
32 619
32 653
32 680
32 719
32 746
32 756
32 788
32 913
32 945
32 951
32 1064
33 47
33 67
33 71
33 79
33 100
33 113
33 118
33 126
33 130
33 149
33 165
33 175
33 189
33 197
33 204
33 219
33 231
33 245
33 247
33 317
33 329
33 354
33 379
33 444
33 447
33 561
33 570
33 583
33 598
33 612
33 645
33 647
33 666
33 674
33 696
33 720
33 724
33 762
33 809
33 814
33 816
33 817
33 818
33 829
33 879
33 893
33 921
33 942
33 972
33 973
33 979
33 1032
34 49
34 50
34 83
34 108
34 110
34 133
34 135
34 208
34 225
34 249
34 275
34 359
34 398
34 403
34 457
34 495
34 536
34 551
34 571
34 582
34 592
34 607
34 613
34 626
34 661
34 668
34 677
34 729
34 837
34 857
34 864
34 891
34 914
34 1017
34 1042
35 37
35 39
35 55
35 59
35 95
35 149
35 182
35 184
35 234
35 245
35 252
35 256
35 259
35 266
35 281
35 290
35 292
35 324
35 346
35 355
35 404
35 417
35 432
35 443
35 533
35 595
35 620
35 646
35 648
35 697
35 703
35 740
35 757
35 782
35 795
35 798
35 830
35 861
35 993
35 1026
35 1040
35 1059
36 43
36 50
36 66
36 70
36 75
36 86
36 92
36 95
36 118
36 119
36 124
36 128
36 130
36 137
36 153
36 156
36 159
36 180
36 199
36 229
36 231
36 239
36 250
36 254
36 256
36 338
36 441
36 449
36 490
36 501
36 564
36 601
36 618
36 655
36 765
36 782
36 803
36 823
36 855
36 971
36 978
36 983
36 997
37 38
37 55
37 68
37 76
37 101
37 116
37 154
37 164
37 168
37 178
37 185
37 190
37 198
37 210
37 219
37 234
37 272
37 274
37 288
37 294
37 302
37 318
37 393
37 400
37 420
37 422
37 469
37 478
37 507
37 526
37 535
37 543
37 547
37 568
37 605
37 627
37 640
37 659
37 695
37 718
37 743
37 832
37 879
37 974
37 1037
37 1067
38 41
38 46
38 52
38 77
38 85
38 88
38 116
38 118
38 122
38 128
38 144
38 158
38 172
38 174
38 399
38 411
38 419
38 434
38 451
38 480
38 495
38 529
38 562
38 566
38 598
38 678
38 693
38 719
38 723
38 730
38 783
38 841
38 861
38 892
38 1047
38 1072
39 44
39 48
39 52
39 60
39 64
39 70
39 86
39 107
39 116
39 119
39 153
39 155
39 195
39 217
39 236
39 274
39 317
39 355
39 403
39 442
39 450
39 509
39 512
39 566
39 581
39 629
39 642
39 655
39 835
39 863
39 960
39 1068
40 42
40 49
40 51
40 52
40 60
40 81
40 83
40 89
40 91
40 102
40 103
40 109
40 111
40 120
40 160
40 177
40 182
40 220
40 221
40 247
40 252
40 270
40 275
40 286
40 294
40 295
40 300
40 301
40 306
40 310
40 313
40 315
40 328
40 495
40 531
40 541
40 575
40 645
40 654
40 697
40 701
40 789
40 819
40 822
40 895
40 921
40 953
40 961
40 1006
40 1051
41 47
41 67
41 96
41 97
41 132
41 133
41 135
41 184
41 185
41 223
41 238
41 255
41 260
41 262
41 267
41 275
41 325
41 394
41 458
41 499
41 501
41 504
41 522
41 531
41 636
41 660
41 725
41 732
41 766
41 825
41 1012
41 1058
41 1071
41 1072
42 43
42 46
42 63
42 70
42 71
42 89
42 90
42 115
42 181
42 201
42 204
42 220
42 262
42 314
42 382
42 416
42 426
42 427
42 473
42 487
42 508
42 552
42 638
42 653
42 654
42 686
42 694
42 696
42 752
42 764
42 785
42 846
42 899
42 908
42 923
42 928
42 1053
42 1072
43 45
43 62
43 104
43 116
43 128
43 157
43 172
43 190
43 229
43 280
43 474
43 700
43 725
43 848
43 850
43 894
43 959
43 1058
44 47
44 53
44 54
44 61
44 72
44 76
44 92
44 93
44 132
44 143
44 145
44 176
44 216
44 218
44 235
44 279
44 489
44 518
44 550
44 558
44 622
44 659
44 663
44 720
44 736
44 772
44 804
44 808
44 902
44 996
44 1020
44 1026
44 1056
45 64
45 66
45 82
45 83
45 99
45 102
45 106
45 123
45 131
45 155
45 163
45 173
45 198
45 248
45 263
45 313
45 326
45 361
45 367
45 397
45 411
45 469
45 519
45 524
45 562
45 565
45 613
45 632
45 645
45 663
45 693
45 841
45 851
45 916
45 950
45 962
45 1024
45 1062
46 48
46 97
46 98
46 161
46 171
46 175
46 189
46 197
46 220
46 244
46 262
46 265
46 280
46 308
46 313
46 319
46 350
46 388
46 498
46 579
46 629
46 687
46 692
46 700
46 705
46 855
46 882
46 907
46 917
46 937
46 945
46 946
46 996
46 1003
46 1033
46 1069
47 49
47 53
47 56
47 59
47 60
47 67
47 76
47 165
47 175
47 194
47 199
47 207
47 209
47 233
47 269
47 289
47 302
47 305
47 321
47 335
47 356
47 395
47 435
47 470
47 503
47 505
47 517
47 554
47 559
47 609
47 612
47 619
47 654
47 682
47 821
47 854
47 878
47 906
47 964
47 966
47 1022
48 76
48 80
48 93
48 95
48 110
48 126
48 128
48 141
48 142
48 144
48 156
48 162
48 183
48 189
48 193
48 205
48 232
48 239
48 291
48 333
48 351
48 355
48 356
48 363
48 369
48 379
48 401
48 431
48 467
48 478
48 523
48 579
48 585
48 657
48 669
48 677
48 699
48 746
48 773
48 807
48 809
48 822
48 947
48 949
48 966
48 980
48 986
48 1002
48 1039
49 79
49 93
49 124
49 154
49 156
49 158
49 208
49 214
49 222
49 224
49 253
49 322
49 394
49 460
49 662
49 672
49 687
49 747
49 810
49 838
49 847
49 869
49 871
49 932
49 951
49 976
50 51
50 66
50 75
50 94
50 97
50 98
50 101
50 105
50 114
50 121
50 153
50 154
50 163
50 169
50 184
50 195
50 197
50 204
50 213
50 225
50 249
50 257
50 280
50 284
50 321
50 323
50 340
50 359
50 363
50 373
50 411
50 426
50 452
50 478
50 486
50 496
50 505
50 510
50 548
50 566
50 571
50 577
50 586
50 659
50 688
50 709
50 766
50 773
50 775
50 864
50 892
50 903
50 914
50 924
50 937
50 942
50 958
50 1052
51 54
51 101
51 107
51 152
51 258
51 295
51 296
51 313
51 326
51 451
51 566
51 584
51 627
51 739
51 926
52 69
52 76
52 79
52 94
52 108
52 109
52 121
52 122
52 160
52 173
52 176
52 186
52 192
52 203
52 206
52 236
52 286
52 358
52 389
52 409
52 412
52 551
52 557
52 563
52 571
52 592
52 623
52 624
52 703
52 712
52 760
52 781
52 782
52 812
52 818
52 821
52 831
52 853
52 880
52 932
52 1008
52 1020
52 1036
52 1059
52 1065
53 79
53 91
53 104
53 128
53 131
53 140
53 159
53 189
53 236
53 301
53 315
53 349
53 380
53 389
53 429
53 434
53 442
53 491
53 556
53 598
53 626
53 627
53 629
53 706
53 716
53 728
53 758
53 770
53 800
53 817
53 845
53 846
53 859
53 958
53 979
53 1015
53 1023
54 64
54 72
54 84
54 87
54 96
54 103
54 201
54 203
54 258
54 287
54 304
54 323
54 327
54 332
54 338
54 358
54 440
54 491
54 528
54 555
54 626
54 630
54 655
54 825
54 851
54 878
54 896
54 986
54 1055
54 1066
55 63
55 64
55 66
55 81
55 95
55 100
55 101
55 123
55 138
55 212
55 228
55 247
55 285
55 297
55 317
55 329
55 340
55 384
55 414
55 573
55 592
55 612
55 620
55 632
55 635
55 659
55 683
55 711
55 773
55 774
55 793
55 836
55 880
55 881
55 919
55 951
55 972
55 1019
55 1041
55 1059
56 75
56 84
56 100
56 102
56 109
56 139
56 179
56 190
56 196
56 199
56 202
56 214
56 219
56 225
56 228
56 229
56 232
56 271
56 275
56 277
56 297
56 309
56 343
56 345
56 443
56 480
56 514
56 550
56 586
56 618
56 658
56 685
56 761
56 770
56 935
56 946
56 1031
56 1047
57 58
57 65
57 86
57 129
57 131
57 132
57 166
57 192
57 203
57 212
57 241
57 279
57 323
57 342
57 376
57 412
57 460
57 465
57 482
57 487
57 503
57 510
57 536
57 560
57 722
57 763
57 952
57 1049
58 66
58 73
58 77
58 83
58 95
58 96
58 99
58 111
58 134
58 144
58 147
58 155
58 166
58 177
58 178
58 181
58 200
58 203
58 243
58 250
58 260
58 282
58 288
58 325
58 334
58 336
58 341
58 357
58 372
58 385
58 399
58 400
58 402
58 406
58 415
58 434
58 437
58 483
58 486
58 488
58 543
58 549
58 563
58 616
58 629
58 657
58 737
58 742
58 761
58 762
58 803
58 1045
58 1060
59 71
59 72
59 78
59 80
59 181
59 236
59 300
59 318
59 334
59 344
59 366
59 408
59 453
59 522
59 542
59 579
59 606
59 667
59 668
59 708
59 753
59 777
59 832
59 861
59 976
59 1032
60 78
60 91
60 103
60 106
60 129
60 210
60 240
60 245
60 343
60 351
60 395
60 405
60 448
60 453
60 628
60 661
60 679
60 755
60 763
60 824
60 915
60 927
60 989
60 997
60 1027
61 83
61 90
61 92
61 123
61 134
61 135
61 138
61 152
61 164
61 248
61 262
61 267
61 386
61 387
61 410
61 506
61 602
61 927
61 1011
62 76
62 114
62 123
62 131
62 155
62 337
62 394
62 396
62 430
62 438
62 445
62 485
62 507
62 517
62 580
62 624
62 625
62 696
62 704
62 711
62 739
62 865
62 895
62 915
62 944
62 1019
62 1067
63 73
63 87
63 88
63 101
63 105
63 119
63 130
63 161
63 170
63 188
63 190
63 192
63 217
63 234
63 235
63 247
63 261
63 301
63 304
63 326
63 371
63 396
63 436
63 453
63 465
63 470
63 472
63 473
63 499
63 516
63 528
63 549
63 560
63 565
63 577
63 682
63 695
63 705
63 778
63 782
63 794
63 820
63 824
63 832
63 841
63 855
63 859
63 862
63 928
63 945
63 962
63 983
63 1021
63 1035
63 1058
64 68
64 115
64 117
64 123
64 142
64 163
64 227
64 270
64 307
64 357
64 365
64 380
64 388
64 399
64 464
64 476
64 477
64 492
64 559
64 574
64 584
64 631
64 640
64 643
64 688
64 689
64 731
64 741
64 772
64 777
64 791
64 837
64 849
64 960
64 1001
64 1015
65 68
65 84
65 100
65 119
65 129
65 148
65 149
65 166
65 179
65 254
65 259
65 290
65 364
65 421
65 481
65 569
65 598
65 717
65 749
65 767
65 796
65 815
65 891
65 897
65 1005
65 1017
65 1038
66 110
66 119
66 129
66 137
66 155
66 161
66 205
66 206
66 279
66 295
66 324
66 351
66 370
66 376
66 413
66 487
66 551
66 552
66 564
66 648
66 692
66 797
66 807
66 810
66 952
66 977
66 1071
67 110
67 114
67 160
67 210
67 231
67 246
67 280
67 321
67 371
67 577
67 621
67 670
67 878
67 927
67 1016
68 76
68 77
68 100
68 125
68 141
68 200
68 390
68 508
68 520
68 574
68 586
68 591
68 646
68 668
68 723
68 738
68 743
68 809
68 838
68 871
69 74
69 81
69 99
69 129
69 140
69 146
69 164
69 188
69 196
69 224
69 240
69 263
69 268
69 294
69 299
69 383
69 403
69 410
69 422
69 515
69 521
69 525
69 535
69 541
69 553
69 605
69 624
69 655
69 670
69 690
69 702
69 708
69 729
69 778
69 806
69 826
69 858
69 872
69 914
69 941
69 982
69 1013
69 1015
69 1041
69 1046
69 1051
69 1057
69 1058
70 109
70 122
70 137
70 148
70 151
70 164
70 173
70 180
70 195
70 204
70 209
70 226
70 257
70 261
70 322
70 334
70 339
70 369
70 377
70 404
70 433
70 441
70 469
70 475
70 520
70 541
70 605
70 631
70 706
70 729
70 751
70 768
70 831
70 844
70 847
70 925
70 990
70 1032
71 112
71 126
71 148
71 194
71 244
71 269
71 310
71 323
71 324
71 522
71 535
71 788
71 851
72 110
72 143
72 228
72 235
72 250
72 286
72 374
72 401
72 411
72 461
72 500
72 524
72 604
72 697
72 769
72 780
72 887
72 907
73 102
73 174
73 180
73 223
73 262
73 273
73 369
73 418
73 421
73 474
73 508
73 524
73 528
73 637
73 640
73 674
73 697
73 868
73 918
73 923
73 987
73 1000
74 82
74 100
74 114
74 121
74 149
74 159
74 160
74 168
74 194
74 220
74 231
74 264
74 272
74 290
74 293
74 385
74 424
74 536
74 591
74 592
74 594
74 782
74 790
74 814
74 825
74 843
74 884
74 920
74 954
74 1022
74 1062
75 78
75 80
75 104
75 120
75 125
75 126
75 135
75 146
75 162
75 184
75 285
75 354
75 363
75 366
75 425
75 455
75 498
75 559
75 671
75 698
75 906
75 948
75 1014
76 133
76 149
76 200
76 309
76 368
76 429
76 459
76 552
76 602
76 603
76 605
76 685
76 698
76 707
76 805
76 901
76 944
76 1047
77 95
77 162
77 200
77 205
77 216
77 266
77 286
77 327
77 350
77 434
77 474
77 513
77 569
77 752
77 758
77 790
77 820
77 843
77 901
77 978
78 79
78 123
78 125
78 214
78 224
78 226
78 345
78 492
78 532
78 637
78 643
78 740
78 760
78 762
78 840
78 954
78 1006
78 1025
79 108
79 136
79 154
79 161
79 197
79 202
79 226
79 249
79 300
79 330
79 387
79 394
79 396
79 431
79 510
79 533
79 585
79 612
79 631
79 676
79 723
79 731
79 735
79 784
79 805
79 812
79 940
79 979
79 1003
80 141
80 171
80 178
80 247
80 260
80 277
80 331
80 397
80 398
80 420
80 432
80 472
80 475
80 564
80 1025
81 126
81 266
81 335
81 349
81 428
81 738
81 823
81 894
81 993
82 85
82 89
82 112
82 124
82 135
82 153
82 163
82 222
82 227
82 270
82 283
82 363
82 451
82 493
82 498
82 534
82 542
82 626
82 700
82 757
82 762
82 866
82 890
82 953
83 173
83 184
83 199
83 215
83 309
83 331
83 352
83 393
83 570
83 672
83 674
83 692
83 693
83 713
83 732
83 898
83 900
83 958
83 966
83 983
83 1059
84 99
84 122
84 160
84 170
84 186
84 192
84 221
84 308
84 380
84 418
84 473
84 476
84 514
84 572
84 601
84 720
84 809
84 872
84 886
84 937
84 957
84 963
84 998
85 92
85 102
85 121
85 145
85 189
85 357
85 362
85 368
85 458
85 475
85 583
85 681
85 812
85 854
85 1007
86 111
86 188
86 195
86 216
86 218
86 242
86 247
86 259
86 278
86 289
86 326
86 417
86 543
86 550
86 556
86 658
86 707
86 912
86 991
86 1005
86 1056
86 1064
87 92
87 141
87 143
87 152
87 163
87 257
87 290
87 346
87 377
87 434
87 470
87 581
87 585
87 633
87 690
87 725
87 765
87 807
87 808
87 881
87 885
87 900
87 979
87 1038
87 1069
88 93
88 127
88 147
88 151
88 215
88 343
88 347
88 403
88 417
88 418
88 545
88 651
88 1050
89 94
89 122
89 138
89 145
89 219
89 229
89 264
89 280
89 304
89 312
89 324
89 334
89 379
89 384
89 389
89 393
89 422
89 432
89 539
89 542
89 641
89 735
89 758
89 845
89 897
89 924
89 938
89 971
89 1038
90 97
90 104
90 136
90 210
90 263
90 311
90 471
90 744
90 759
90 968
90 1028
90 1037
91 123
91 129
91 130
91 151
91 162
91 230
91 237
91 258
91 276
91 322
91 375
91 407
91 510
91 513
91 515
91 558
91 576
91 649
91 672
91 683
91 714
91 733
91 771
91 813
91 836
91 919
91 1031
91 1050
91 1059
92 97
92 109
92 117
92 200
92 223
92 236
92 242
92 246
92 251
92 311
92 414
92 464
92 607
92 632
92 640
92 801
92 808
92 901
92 935
92 1071
93 106
93 113
93 114
93 115
93 128
93 169
93 172
93 181
93 184
93 192
93 214
93 245
93 254
93 277
93 295
93 334
93 344
93 424
93 460
93 488
93 515
93 739
93 829
93 950
93 967
93 1024
93 1060
94 117
94 120
94 122
94 141
94 143
94 147
94 150
94 206
94 211
94 217
94 239
94 265
94 268
94 300
94 312
94 320
94 379
94 390
94 402
94 448
94 450
94 465
94 476
94 518
94 547
94 555
94 613
94 656
94 685
94 724
94 741
94 760
94 855
94 856
94 953
94 978
94 980
94 1018
94 1033
95 98
95 118
95 136
95 139
95 149
95 178
95 213
95 273
95 277
95 281
95 295
95 303
95 327
95 331
95 340
95 361
95 371
95 398
95 518
95 602
95 653
95 762
95 819
95 836
95 853
95 912
95 932
95 936
96 105
96 110
96 124
96 140
96 157
96 162
96 198
96 238
96 240
96 245
96 262
96 268
96 273
96 295
96 298
96 317
96 403
96 583
96 842
96 846
96 858
96 903
96 967
96 997
97 120
97 137
97 150
97 189
97 213
97 324
97 377
97 381
97 424
97 499
97 695
97 724
97 924
97 939
97 993
97 999
98 133
98 134
98 217
98 306
98 416
98 455
98 467
98 498
98 501
98 677
98 735
98 848
98 908
98 910
98 955
99 108
99 241
99 286
99 443
99 516
99 541
99 575
99 719
99 792
100 155
100 159
100 337
100 367
100 525
100 607
100 619
100 637
100 733
100 904
101 134
101 146
101 202
101 261
101 279
101 300
101 332
101 372
101 387
101 391
101 402
101 494
101 533
101 657
101 694
101 769
101 785
101 822
102 171
102 191
102 207
102 259
102 296
102 377
102 406
102 473
102 477
102 505
102 546
102 555
102 560
102 582
102 595
102 728
102 747
102 830
102 846
102 937
102 944
102 950
103 108
103 117
103 118
103 134
103 212
103 258
103 271
103 272
103 305
103 329
103 440
103 481
103 505
103 516
103 548
103 645
103 779
103 803
103 808
103 856
103 967
103 980
104 110
104 113
104 150
104 282
104 332
104 350
104 383
104 388
104 454
104 472
104 605
104 611
104 639
104 689
104 716
104 844
104 846
104 857
104 935
105 157
105 167
105 178
105 240
105 273
105 274
105 291
105 298
105 355
105 386
105 449
105 517
105 532
105 818
105 905
105 910
106 124
106 146
106 157
106 161
106 248
106 291
106 330
106 407
106 502
106 533
106 580
106 625
106 643
106 916
107 142
107 149
107 222
107 244
107 248
107 255
107 267
107 427
107 478
107 481
107 485
107 543
107 635
107 793
107 838
107 876
107 939
107 1014
107 1015
107 1020
107 1060
107 1069
108 134
108 142
108 152
108 222
108 253
108 405
108 431
108 481
108 548
108 549
108 688
109 163
109 167
109 186
109 212
109 215
109 250
109 278
109 292
109 301
109 324
109 348
109 450
109 549
109 553
109 557
109 567
109 616
109 723
109 839
110 112
110 114
110 134
110 136
110 144
110 171
110 177
110 201
110 202
110 296
110 364
110 370
110 407
110 428
110 501
110 506
110 529
110 567
110 587
110 610
110 671
110 676
110 738
110 885
110 1033
111 144
111 151
111 157
111 165
111 215
111 223
111 229
111 244
111 268
111 284
111 313
111 331
111 354
111 358
111 386
111 411
111 460
111 494
111 603
111 611
111 793
111 805
111 929
111 1055
112 160
112 176
112 283
112 350
112 353
112 357
112 377
112 485
112 531
112 563
112 633
112 806
112 871
112 892
112 906
112 978
112 1045
112 1051
112 1070
113 145
113 192
113 199
113 213
113 222
113 227
113 288
113 289
113 320
113 502
113 522
113 553
113 611
113 615
113 663
113 731
113 757
113 842
113 925
113 995
113 1069
113 1071
113 1073
114 120
114 201
114 224
114 230
114 256
114 313
114 364
114 379
114 544
114 545
114 556
114 582
114 663
114 672
114 701
114 705
115 124
115 130
115 338
115 486
115 560
115 618
115 669
115 749
115 780
116 198
116 205
116 273
116 359
116 372
116 402
116 474
116 541
116 561
116 582
116 814
116 860
116 1041
117 121
117 165
117 166
117 309
117 339
117 360
117 387
117 400
117 461
117 527
117 643
117 645
117 811
117 840
117 897
117 959
117 983
117 1024
117 1036
118 142
118 156
118 177
118 180
118 186
118 204
118 207
118 208
118 218
118 285
118 320
118 335
118 340
118 343
118 361
118 364
118 441
118 470
118 564
118 625
118 644
118 671
118 672
118 694
118 697
118 748
118 845
118 862
118 896
118 990
118 1013
118 1026
119 168
119 191
119 266
119 288
119 303
119 339
119 390
119 478
119 498
119 636
119 687
119 689
119 839
119 864
119 977
119 982
120 151
120 206
120 229
120 237
120 258
120 275
120 313
120 441
120 462
120 553
120 566
120 745
120 821
120 839
120 879
120 897
120 1032
120 1033
121 357
121 378
121 454
121 493
121 504
121 534
121 758
121 857
121 1018
122 174
122 179
122 302
122 320
122 419
122 499
122 575
122 657
122 716
122 789
122 834
122 975
122 1011
122 1057
123 153
123 298
123 330
123 496
123 507
123 509
123 548
123 847
123 958
123 1030
124 126
124 168
124 170
124 174
124 248
124 270
124 333
124 341
124 345
124 665
124 756
124 831
124 850
124 965
124 1002
124 1014
124 1034
125 139
125 194
125 217
125 223
125 233
125 243
125 319
125 488
125 521
125 529
125 669
125 767
125 781
125 957
125 960
125 1027
125 1065
126 156
126 193
126 235
126 284
126 322
126 344
126 374
126 440
126 522
126 631
126 664
126 712
126 721
126 728
126 967
126 1041
126 1061
127 132
127 134
127 182
127 204
127 221
127 230
127 232
127 288
127 350
127 354
127 483
127 545
127 565
127 577
127 589
127 652
127 658
127 702
127 704
127 778
127 964
127 1038
127 1054
127 1062
128 137
128 167
128 203
128 279
128 333
128 361
128 383
128 417
128 428
128 661
128 725
128 730
128 737
128 781
128 786
128 800
128 817
128 963
128 990
129 135
129 152
129 165
129 172
129 184
129 234
129 253
129 266
129 333
129 365
129 500
129 523
129 532
129 536
129 538
129 601
129 722
129 904
129 922
130 139
130 142
130 147
130 193
130 207
130 242
130 280
130 367
130 388
130 409
130 510
130 556
130 575
130 840
130 861
130 899
130 915
130 956
130 1072
131 153
131 157
131 271
131 281
131 367
131 385
131 430
131 498
131 614
131 620
131 715
131 789
131 909
131 996
131 1027
131 1035
132 158
132 173
132 185
132 201
132 287
132 365
132 414
132 862
132 897
132 1007
133 139
133 158
133 175
133 291
133 296
133 327
133 335
133 384
133 409
133 438
133 451
133 454
133 526
133 599
133 604
133 754
133 774
133 865
133 888
133 902
133 1016
134 170
134 228
134 231
134 253
134 302
134 307
134 334
134 406
134 463
134 526
134 546
134 551
134 593
134 637
134 685
134 688
134 701
134 737
134 748
134 785
134 820
134 902
134 905
134 917
134 978
134 1015
134 1051
135 232
135 338
135 350
135 383
135 462
135 488
135 738
136 179
136 193
136 263
136 271
136 303
136 404
136 443
136 755
136 787
136 918
136 1014
136 1020
136 1064
137 154
137 166
137 191
137 199
137 223
137 237
137 326
137 338
137 356
137 390
137 453
137 571
137 590
137 612
137 617
137 634
137 641
137 666
137 677
137 832
137 931
137 968
138 209
138 241
138 243
138 268
138 279
138 388
138 419
138 450
138 502
138 690
138 799
138 956
138 998
139 397
139 405
139 445
139 454
139 480
139 494
139 507
139 516
139 533
139 561
139 717
139 791
139 808
139 908
139 927
139 971
140 214
140 382
140 401
140 418
140 437
140 660
140 772
140 777
140 909
140 1045
141 170
141 251
141 379
141 398
141 409
141 444
141 493
141 608
141 613
141 641
141 659
141 775
141 835
141 934
141 1042
142 228
142 421
142 432
142 503
142 662
142 797
142 831
142 1068
143 150
143 241
143 260
143 290
143 308
143 319
143 322
143 396
143 417
143 435
143 943
143 988
144 146
144 182
144 242
144 337
144 381
144 440
144 482
144 604
144 639
144 660
144 695
144 772
144 796
144 800
144 911
144 959
144 962
144 983
144 1029
144 1044
145 176
145 238
145 302
145 377
145 378
145 412
145 484
145 530
145 732
145 763
146 164
146 169
146 252
146 254
146 364
146 376
146 418
146 423
146 460
146 463
146 503
146 585
146 608
146 642
146 880
147 180
147 207
147 217
147 223
147 243
147 316
147 372
147 480
147 526
147 587
147 640
147 687
147 699
147 718
147 827
147 833
147 922
148 173
148 215
148 266
148 325
148 336
148 379
148 395
148 509
148 679
148 811
148 820
148 943
148 970
148 1048
149 175
149 234
149 356
149 457
149 596
149 784
149 805
149 923
150 169
150 239
150 285
150 350
150 493
150 684
150 701
150 742
150 919
150 986
151 180
151 310
151 315
151 391
151 433
151 475
151 502
151 546
151 586
151 628
151 690
151 696
151 717
151 877
152 260
152 264
152 265
152 284
152 286
152 288
152 290
152 303
152 318
152 391
152 456
152 470
152 480
152 677
152 920
152 1063
153 172
153 176
153 234
153 298
153 299
153 309
153 427
153 428
153 500
153 554
153 708
153 728
153 753
153 952
153 1068
154 387
154 893
154 1017
154 1067
155 160
155 162
155 174
155 198
155 252
155 261
155 282
155 294
155 349
155 374
155 392
155 395
155 447
155 471
155 497
155 500
155 576
155 609
155 638
155 725
155 726
155 776
155 798
155 951
155 1060
156 202
156 207
156 220
156 226
156 285
156 296
156 297
156 338
156 389
156 410
156 423
156 601
156 619
156 700
156 903
156 1060
157 165
157 166
157 226
157 279
157 474
157 510
157 538
157 554
157 681
157 692
157 711
157 714
157 860
157 877
158 188
158 197
158 240
158 251
158 311
158 323
158 401
158 413
158 594
158 670
158 679
158 913
158 981
159 196
159 197
159 208
159 216
159 254
159 264
159 273
159 423
159 517
159 519
159 520
159 640
159 682
159 755
159 828
159 876
159 1037
160 182
160 299
160 312
160 352
160 464
160 516
160 562
160 583
160 600
160 698
160 837
160 866
160 876
160 1043
160 1044
161 365
161 384
161 436
161 442
161 502
161 748
161 771
161 950
161 964
161 996
162 173
162 180
162 215
162 259
162 336
162 409
162 413
162 535
162 560
162 581
162 763
162 794
162 874
162 928
162 1017
163 221
163 368
163 467
163 489
163 562
163 681
163 690
163 854
163 872
163 910
163 970
163 999
164 312
164 399
164 406
164 677
164 859
164 874
165 212
165 463
165 524
165 585
165 707
165 735
165 834
165 915
165 977
165 998
165 1057
166 203
166 220
166 221
166 224
166 852
166 987
166 1062
167 168
167 174
167 226
167 228
167 233
167 289
167 320
167 370
167 396
167 456
167 633
167 768
167 874
167 900
167 955
168 195
168 425
168 449
168 450
168 463
168 490
168 520
168 595
168 633
168 704
168 795
168 948
168 973
168 1016
169 172
169 183
169 248
169 323
169 328
169 632
169 760
169 867
169 901
169 933
169 968
169 1066
170 179
170 438
170 452
170 531
170 596
170 621
171 347
171 528
171 676
172 193
172 237
172 316
172 392
172 539
172 540
172 572
172 581
172 769
172 803
172 957
172 986
172 1028
173 283
173 314
173 332
173 342
173 489
173 548
173 557
173 641
173 673
173 692
173 727
173 786
173 871
173 937
173 963
174 295
174 314
174 348
174 362
174 398
174 408
174 476
174 552
174 753
174 965
174 999
174 1029
175 178
175 182
175 272
175 408
175 622
175 908
176 183
176 196
176 208
176 220
176 254
176 301
176 316
176 327
176 349
176 356
176 575
176 580
176 692
176 938
177 179
177 191
177 208
177 211
177 227
177 333
177 407
177 481
177 500
177 875
177 1014
178 186
178 200
178 301
178 366
178 444
178 456
178 550
178 599
178 786
178 839
178 859
179 181
179 214
179 232
179 271
179 340
179 701
179 703
179 722
179 740
179 1066
180 213
180 251
180 274
180 541
180 691
180 796
180 895
180 911
181 243
181 266
181 305
181 342
181 352
181 490
181 515
181 537
181 551
181 557
181 624
181 801
181 828
181 875
182 221
182 237
182 270
182 314
182 398
182 418
182 469
182 546
182 693
182 824
182 853
182 928
182 942
183 191
183 203
183 205
183 241
183 265
183 346
183 392
183 554
183 616
183 751
183 755
183 881
183 994
183 995
184 484
184 574
184 662
184 721
184 1002
184 1034
184 1052
184 1054
184 1061
185 187
185 281
185 360
185 373
185 415
185 427
185 438
185 454
185 486
185 518
185 567
185 604
185 682
185 691
185 742
185 810
185 859
185 998
186 188
186 197
186 325
186 403
186 547
186 600
186 743
186 794
186 814
186 871
187 236
187 365
187 402
187 484
187 491
187 710
187 733
187 770
187 815
187 904
187 1042
187 1059
188 353
188 479
188 511
188 540
188 787
188 804
188 842
188 851
188 952
188 1029
188 1050
189 297
189 353
189 355
189 414
189 477
189 628
189 863
189 1025
189 1073
190 203
190 208
190 209
190 291
190 328
190 363
190 365
190 421
190 496
190 594
190 632
190 818
190 932
190 1017
190 1021
190 1053
190 1064
191 200
191 243
191 276
191 277
191 351
191 446
191 448
191 468
191 576
191 587
191 670
191 780
191 923
191 943
191 945
192 207
192 246
192 330
192 349
192 482
192 639
192 734
192 754
192 836
192 845
192 980
192 1057
193 366
193 426
193 483
193 485
193 516
193 553
193 564
193 601
193 791
193 882
193 1033
194 225
194 289
194 303
194 320
194 360
194 395
194 407
194 484
194 647
194 826
194 850
194 854
194 867
194 925
194 1000
195 216
195 306
195 438
195 602
195 646
195 698
195 718
195 823
195 893
196 235
196 253
196 291
196 537
196 606
196 653
196 659
196 809
197 224
197 276
197 283
197 448
197 490
197 504
197 570
197 635
198 242
198 267
198 276
198 362
198 443
198 510
198 565
198 667
198 779
198 884
198 925
198 1068
199 211
199 218
199 261
199 268
199 269
199 294
199 311
199 341
199 392
199 398
199 449
199 521
199 525
199 546
199 568
199 636
199 652
199 803
199 804
199 807
199 827
199 853
199 882
199 898
199 959
199 974
199 1011
199 1058
200 308
200 342
200 347
200 370
200 397
200 473
200 506
200 638
201 233
201 283
201 308
201 321
201 355
201 461
201 464
201 578
201 599
201 648
201 651
201 812
201 858
201 916
201 929
201 1009
202 249
202 274
202 275
202 293
202 335
202 742
203 209
203 256
203 395
203 451
203 452
203 621
203 628
204 235
204 329
204 409
204 423
204 464
204 549
204 574
204 713
204 736
204 742
204 1012
205 257
205 304
205 344
205 348
205 374
205 540
205 556
205 600
205 654
205 878
205 933
205 979
206 354
206 424
206 936
206 1035
207 263
207 271
207 296
207 299
207 343
207 479
207 754
207 778
207 815
208 231
208 236
208 529
208 573
208 597
208 614
208 616
208 678
208 686
208 718
208 740
208 774
208 934
208 985
209 248
209 287
209 344
209 372
209 439
209 578
209 607
209 614
209 780
209 805
209 875
209 893
209 941
209 969
209 1017
209 1040
209 1045
210 246
210 304
210 327
210 440
210 814
211 220
211 381
211 562
211 578
211 648
211 789
211 803
211 973
212 262
212 278
212 371
212 375
212 390
212 452
212 559
212 566
212 579
212 614
212 732
212 1022
213 304
213 338
213 452
213 477
213 511
213 757
213 844
213 870
213 951
214 799
214 949
215 246
215 248
215 306
215 404
215 427
215 442
215 466
215 478
215 519
215 534
215 561
215 594
215 671
215 787
215 1036
216 416
216 442
216 475
216 601
216 747
216 906
216 949
216 1018
216 1066
217 238
217 316
217 339
217 353
217 386
217 404
217 693
217 696
218 360
218 449
218 981
219 224
219 282
219 289
219 301
219 307
219 406
219 470
219 496
219 679
219 718
219 792
219 821
219 841
220 221
220 246
220 259
220 294
220 372
220 520
220 523
220 589
220 606
220 637
220 753
220 819
220 870
220 997
220 1016
220 1027
221 242
221 315
221 358
221 415
221 626
221 762
221 834
221 881
221 908
221 975
221 1070
222 264
222 288
222 407
222 430
222 449
222 478
222 490
222 593
222 621
222 646
222 647
222 649
222 676
222 714
222 761
222 820
222 834
222 984
222 1068
223 234
223 275
223 391
223 508
223 713
223 821
223 847
223 990
223 1039
223 1049
224 261
224 335
224 378
224 426
224 720
224 970
225 284
225 294
225 660
225 663
225 792
226 235
226 264
226 336
226 349
226 401
226 459
226 682
226 982
227 327
227 385
227 423
227 432
227 463
227 568
227 670
227 869
227 950
227 1047
228 241
228 255
228 339
228 355
228 367
228 455
228 459
228 591
228 642
228 714
228 810
228 865
228 879
228 891
228 991
228 1023
229 256
229 318
229 373
229 386
229 433
229 447
229 686
229 724
229 747
229 828
229 874
229 900
229 904
230 253
230 364
230 473
230 857
230 1000
231 513
231 580
231 609
231 961
232 254
232 263
232 267
232 327
232 375
232 406
232 415
232 453
232 462
232 471
232 633
232 663
232 697
232 703
232 714
232 793
232 948
232 960
232 1056
233 238
233 281
233 383
233 413
233 571
233 926
234 514
234 584
234 614
234 644
234 654
234 962
234 1000
234 1051
235 255
235 385
235 458
235 493
235 615
235 694
235 911
235 998
236 289
236 587
236 668
236 706
236 711
236 713
236 1019
237 251
237 344
237 366
237 468
237 497
237 519
237 525
237 628
237 721
237 760
237 930
238 397
238 464
238 573
238 794
238 1069
239 634
239 721
239 847
239 926
239 1040
240 349
240 369
240 479
240 657
240 973
241 282
241 467
241 624
241 806
241 962
241 985
241 1038
242 428
242 455
242 464
242 465
242 497
242 607
242 876
242 957
243 371
243 387
243 394
243 399
243 455
243 525
243 578
243 586
243 677
243 709
244 246
244 435
244 1025
245 259
245 297
245 532
245 540
245 592
245 684
245 744
245 753
246 798
246 958
246 981
246 1023
247 278
247 330
247 448
247 491
247 651
247 770
247 795
247 907
247 1043
248 744
248 883
248 890
249 326
249 503
250 284
250 293
250 325
250 361
250 791
250 835
251 336
251 493
251 621
251 969
252 311
252 333
252 414
252 522
252 583
252 673
252 783
252 909
252 994
253 406
253 450
253 500
253 550
253 591
253 679
253 772
253 832
253 1006
254 329
254 492
254 603
254 623
254 705
254 852
254 913
254 948
254 1071
255 291
255 296
255 319
255 377
255 440
255 449
255 563
255 589
255 616
255 617
255 719
255 764
255 797
255 885
255 1043
255 1053
255 1063
256 295
256 396
256 626
256 665
256 983
256 1071
257 317
257 350
257 430
257 456
257 587
257 699
257 792
257 826
257 833
257 889
258 314
258 392
258 444
258 748
258 783
258 784
258 869
258 881
258 885
258 909
258 933
258 1054
259 267
259 471
259 790
259 873
259 885
259 907
259 1029
260 278
260 461
260 589
260 729
260 868
261 340
261 374
261 523
261 572
261 599
261 684
261 690
261 725
261 887
261 891
261 900
261 1012
261 1021
261 1054
262 284
262 312
262 452
262 461
262 533
262 650
262 717
262 885
262 886
262 923
263 307
263 347
263 362
263 419
263 426
263 439
263 517
263 537
263 545
263 572
263 642
263 658
263 686
263 756
263 760
263 761
263 771
263 881
263 1023
263 1027
263 1041
264 335
264 366
264 409
264 410
264 479
264 518
264 534
264 820
264 830
264 981
264 1055
265 318
265 326
265 408
265 420
265 442
265 445
265 559
265 644
265 681
265 734
265 929
266 346
266 524
266 579
266 788
267 407
267 428
267 450
267 459
267 489
267 500
267 963
268 585
268 624
268 633
268 647
268 650
268 738
268 813
268 830
269 307
269 315
269 341
269 471
269 512
269 600
269 615
269 671
269 756
270 285
270 309
270 320
270 364
270 370
270 383
270 410
270 447
270 476
270 507
270 545
270 634
270 668
270 680
270 686
270 712
270 756
270 792
270 865
270 964
271 287
271 330
271 392
271 393
271 583
271 663
271 664
271 896
271 898
271 939
271 982
272 274
272 361
272 375
272 391
272 429
272 446
272 489
272 517
272 569
272 734
272 763
272 808
272 969
272 1006
272 1057
273 487
273 497
273 501
273 523
273 526
273 572
273 778
273 817
274 298
274 304
274 369
274 372
274 384
274 399
274 431
274 531
274 703
274 755
274 788
274 823
274 861
274 1001
275 436
275 470
275 511
275 604
275 611
275 614
275 736
276 302
276 325
276 346
276 441
276 551
276 595
276 610
276 664
276 776
276 864
276 888
276 919
277 283
277 286
277 328
277 520
277 599
277 644
277 695
277 702
277 783
277 817
277 822
277 889
277 928
278 378
278 605
278 735
278 760
279 314
279 394
279 456
279 457
279 484
279 519
279 532
279 562
279 728
279 766
279 955
279 980
279 1044
280 354
280 400
280 786
280 880
281 332
281 338
281 391
281 643
281 824
281 843
282 347
282 361
282 551
282 691
282 914
283 405
283 415
283 504
283 609
283 670
283 675
284 472
284 569
284 743
284 825
284 894
284 970
285 288
285 310
285 345
285 371
285 383
285 401
285 417
285 419
285 420
285 718
285 793
285 903
285 1067
286 331
286 482
286 487
286 623
286 704
286 844
287 374
287 544
287 611
287 764
287 786
287 988
287 1070
288 292
288 305
288 358
288 367
288 421
288 495
288 529
288 547
288 635
288 1028
289 538
289 750
289 799
289 845
289 920
289 923
290 437
290 455
290 609
290 623
290 632
290 890
290 1061
291 302
291 596
291 603
291 611
291 628
291 738
291 761
291 827
291 929
291 966
291 1020
292 329
292 356
292 782
293 396
293 422
293 442
293 697
294 321
294 470
294 534
294 650
294 748
294 764
294 785
294 811
294 937
294 1058
295 332
295 397
295 465
295 518
295 621
295 641
295 675
295 811
295 861
295 912
295 1060
296 337
296 339
296 393
296 425
296 446
296 453
296 668
296 688
296 977
296 1048
297 348
297 351
297 594
297 618
297 699
297 812
297 899
298 365
298 530
298 555
298 583
298 644
298 681
298 731
298 745
298 827
298 1023
299 486
300 340
300 497
300 560
300 595
300 673
300 678
300 774
300 785
301 342
301 687
301 787
301 801
301 961
302 309
302 1014
303 342
303 401
303 490
303 565
303 567
303 716
303 820
303 849
303 1028
304 413
304 590
304 605
304 651
304 893
304 930
304 985
304 1008
305 306
305 333
305 439
305 512
305 777
305 860
305 950
305 987
305 1040
306 661
307 433
307 491
307 532
307 1007
308 798
308 936
309 345
309 794
309 892
309 917
310 445
310 733
310 965
311 379
311 386
311 401
311 558
311 709
311 741
311 746
311 936
312 319
312 427
312 494
312 575
312 665
312 679
312 689
312 775
312 893
312 961
312 967
313 413
313 579
313 829
313 931
314 322
314 323
314 337
314 426
314 438
314 445
314 480
314 557
314 630
314 639
314 900
314 939
314 972
314 990
314 1026
315 662
316 336
316 370
316 411
316 783
317 369
317 508
317 544
317 585
317 643
317 660
317 779
317 868
317 991
317 1039
317 1067
318 514
318 646
318 791
318 948
319 454
319 477
319 613
319 683
319 795
319 979
319 1008
320 321
320 339
320 357
320 359
320 362
320 382
320 385
320 402
320 494
320 539
320 677
320 687
320 800
320 802
320 869
320 930
320 946
321 436
321 588
321 786
321 917
321 998
322 420
322 432
322 524
322 594
322 723
322 997
323 422
323 458
323 505
323 578
323 597
323 632
323 693
323 782
323 939
323 972
323 1054
324 347
324 359
324 423
324 580
324 674
324 813
324 913
324 994
325 448
325 473
325 474
325 490
325 537
325 836
325 971
325 1042
326 678
326 689
326 835
327 352
327 463
327 485
327 691
327 752
327 809
327 869
328 367
328 443
328 582
328 810
328 829
328 848
328 992
329 342
329 405
329 535
329 602
329 722
329 724
329 798
329 1064
330 461
330 465
330 524
330 625
330 698
330 845
330 854
330 856
330 976
331 429
331 501
331 620
331 776
332 375
332 582
332 616
333 431
333 437
333 473
333 521
333 555
333 582
333 753
333 761
333 810
333 833
333 1025
333 1061
334 505
334 652
334 756
334 821
334 854
334 894
334 937
334 960
334 1046
335 481
335 585
335 589
335 702
335 736
335 759
335 787
335 1003
335 1034
335 1035
336 348
336 373
336 421
336 444
336 565
336 643
336 667
336 688
336 766
336 853
336 891
336 912
336 1024
337 359
337 372
337 419
337 423
337 437
337 636
337 639
337 707
337 773
337 896
337 990
337 1004
337 1014
338 344
338 384
338 479
338 486
338 509
338 511
338 515
338 525
338 617
338 653
338 663
338 699
338 898
339 348
339 357
339 528
340 341
340 351
340 394
340 488
340 552
340 581
340 584
340 712
340 736
340 829
340 892
340 944
340 1032
341 975
341 1013
342 438
342 886
342 888
342 1012
343 345
343 556
343 558
343 813
343 867
343 884
344 386
344 463
344 555
344 595
344 907
344 1033
345 360
345 415
345 758
345 806
345 914
345 931
346 397
346 398
346 590
346 631
346 715
346 1048
347 360
347 602
347 682
347 717
347 730
347 734
347 757
347 802
347 844
347 880
347 890
347 977
348 380
348 384
348 712
348 848
348 978
349 425
349 499
349 539
349 681
349 689
349 716
349 732
350 373
350 606
350 609
350 695
350 729
350 778
350 1053
351 360
351 538
351 568
351 690
351 713
351 755
351 916
352 438
352 662
352 866
354 376
354 377
354 451
354 456
354 598
354 659
354 708
354 879
354 884
355 443
355 458
355 476
355 502
355 532
355 568
355 578
355 607
355 684
355 968
356 416
356 429
356 480
356 554
357 497
357 588
357 617
357 732
357 786
357 813
357 838
358 389
358 553
358 743
358 964
358 1070
359 388
359 678
359 865
359 914
359 1006
360 507
360 769
360 831
360 838
361 491
361 540
361 605
361 610
361 622
361 717
361 796
361 911
361 919
361 921
361 985
361 988
362 417
362 504
362 587
362 773
363 385
363 459
363 647
363 804
363 870
363 1004
364 419
364 476
364 485
364 758
364 894
364 926
364 958
364 1045
365 383
365 410
365 416
365 456
365 461
365 779
365 831
365 912
365 970
365 1033
366 511
366 649
366 945
366 989
367 469
367 475
368 447
368 573
369 435
369 598
369 612
369 720
369 722
369 724
369 778
369 865
369 874
369 984
369 1055
369 1061
370 455
370 820
370 850
370 1055
371 444
371 467
371 597
371 621
371 627
371 934
371 953
372 376
372 386
372 432
372 515
372 704
372 711
372 893
373 484
373 616
373 837
374 943
374 1035
375 399
375 569
375 617
375 628
375 701
375 726
375 735
375 764
375 819
375 840
376 390
376 485
376 772
376 797
376 938
376 1041
377 453
377 466
377 472
377 566
377 652
377 683
377 779
377 887
377 975
378 405
378 425
378 468
378 494
378 698
378 890
378 1040
379 388
379 405
379 423
379 451
379 460
379 478
379 597
379 742
380 552
380 883
381 402
381 542
381 721
381 887
383 425
383 451
383 467
383 469
383 540
383 546
383 557
383 562
383 744
383 763
384 439
384 539
384 616
384 720
384 986
385 430
385 572
385 679
385 696
385 912
385 951
385 1055
386 669
386 749
387 412
387 495
387 551
387 710
387 1020
388 514
388 522
388 534
388 557
388 581
388 645
388 674
388 744
388 913
389 547
389 548
389 630
389 674
389 722
389 784
389 787
390 493
390 580
390 645
390 718
390 741
390 776
390 846
390 898
391 468
391 577
391 588
391 726
391 793
391 966
392 454
392 586
392 816
392 926
393 408
393 467
393 549
393 574
393 593
393 708
393 850
393 1013
393 1031
393 1044
393 1063
394 499
394 618
394 619
394 625
394 653
394 775
394 868
394 890
394 996
394 1070
395 459
395 462
395 788
395 956
396 513
396 745
396 926
397 411
397 442
397 528
397 795
397 870
397 906
397 1003
399 434
399 513
400 433
400 517
400 526
400 615
400 625
400 630
400 828
400 849
400 953
400 992
400 1002
400 1012
400 1053
401 750
402 439
402 542
402 582
402 646
402 736
402 777
402 779
403 474
403 477
403 563
403 731
403 1040
404 576
404 702
404 706
404 716
404 1008
405 482
405 571
405 618
405 919
406 634
406 798
406 865
407 420
407 472
407 485
407 497
407 588
407 771
407 792
407 827
408 437
408 489
408 771
408 795
408 996
408 1019
409 727
409 837
409 842
409 896
409 910
409 945
410 498
410 579
410 830
410 968
410 994
411 656
411 988
412 457
412 518
412 546
412 723
413 555
413 568
413 703
413 757
413 777
413 791
413 989
414 559
414 784
415 471
415 564
415 694
415 749
415 884
415 923
415 1052
416 530
416 676
416 746
416 961
417 430
417 481
417 622
417 641
417 868
418 466
418 613
418 641
418 662
418 680
418 802
418 973
419 425
419 434
419 494
419 530
419 638
419 730
419 733
419 1066
420 446
420 642
420 780
421 580
421 658
421 717
421 749
421 790
421 911
422 488
422 617
422 819
422 965
423 547
423 609
423 709
423 756
423 765
423 784
423 886
424 441
424 675
424 935
424 942
424 1028
425 539
425 1023
426 533
426 789
426 918
426 974
427 440
427 619
427 642
427 755
428 466
428 660
428 667
428 967
429 488
429 557
429 1047
430 733
430 799
430 864
430 991
432 593
432 902
432 971
432 1037
433 561
433 691
433 898
433 956
434 851
434 1031
435 482
435 685
435 702
435 750
435 769
435 824
435 829
435 852
435 908
435 942
435 1008
435 1063
437 492
437 495
437 944
438 445
438 483
438 726
438 778
438 938
438 985
438 1032
439 680
439 776
439 878
439 995
439 1007
439 1044
441 590
441 610
441 634
441 752
442 464
442 653
442 705
442 738
442 949
442 1005
443 544
443 839
444 883
444 913
445 458
445 586
445 681
445 948
445 993
445 1000
445 1017
446 497
446 540
446 588
446 689
446 816
446 863
446 936
448 895
449 669
449 812
449 881
450 721
450 767
450 891
450 929
451 523
451 650
451 720
451 879
452 675
452 888
452 1064
453 544
453 562
453 603
453 1016
453 1073
454 475
454 593
454 611
454 659
454 754
454 781
454 872
454 905
455 460
455 483
455 527
455 597
455 627
455 968
456 590
456 601
456 673
456 716
456 838
457 535
457 594
457 597
457 652
457 700
457 903
457 1000
458 490
458 521
458 580
458 644
458 656
458 661
458 699
458 758
458 766
458 811
458 902
458 1073
459 614
459 631
459 666
459 712
459 853
460 575
460 839
460 860
460 883
461 503
461 540
461 747
461 806
461 902
461 971
462 484
462 518
462 675
462 775
462 802
463 523
463 637
463 652
463 739
463 809
463 819
463 830
463 909
464 693
464 739
464 1072
465 687
465 714
465 816
465 821
465 954
465 987
466 652
466 684
466 1065
467 570
468 489
468 496
468 549
468 638
468 678
468 833
468 920
469 487
469 515
469 573
469 586
469 621
469 648
469 700
469 756
469 799
469 922
470 628
470 632
470 790
470 868
471 636
471 829
471 883
471 977
471 1029
472 673
472 866
474 666
474 744
474 1002
474 1004
474 1035
475 609
475 771
475 1031
476 545
476 942
476 1045
477 548
477 766
477 773
477 883
477 935
477 989
478 661
478 693
478 734
478 748
478 752
478 768
478 792
478 857
478 872
478 931
478 1010
479 549
479 574
479 915
479 932
479 1046
480 528
480 992
481 484
481 506
481 555
481 741
481 904
481 1009
481 1015
482 511
482 779
482 794
482 971
483 511
483 568
483 842
483 910
484 566
484 627
484 826
484 930
484 1031
484 1047
485 565
485 592
485 665
485 939
485 1006
486 492
486 651
486 676
487 610
487 691
487 737
487 795
487 884
487 995
488 727
489 563
489 564
489 630
489 873
490 947
491 708
491 1011
492 529
492 570
492 573
492 726
492 781
492 796
492 927
492 976
493 502
493 506
493 648
493 672
493 852
494 841
494 1004
494 1054
495 901
495 930
496 735
496 987
497 581
497 647
497 649
497 896
497 899
498 851
498 929
499 794
499 982
499 1037
500 584
500 675
500 855
500 989
501 550
501 986
502 535
503 554
503 558
503 979
504 754
504 817
504 943
505 835
505 968
507 848
508 572
508 622
508 898
509 532
509 672
509 742
510 665
510 710
510 827
511 592
511 636
512 692
512 868
512 892
512 988
512 1034
513 552
513 591
513 595
514 946
515 558
515 569
515 591
515 602
515 678
515 682
515 683
515 712
515 794
515 1050
516 530
516 538
516 577
517 1042
518 538
518 666
518 960
518 985
519 837
519 878
519 902
519 947
519 1002
520 666
520 681
520 797
520 944
520 945
522 984
523 706
523 941
523 958
523 1024
524 537
524 623
524 625
524 769
524 912
524 943
524 951
524 987
525 617
525 620
525 727
525 935
525 1029
526 576
526 603
526 615
526 706
526 918
526 925
527 698
527 704
527 767
528 589
528 635
528 732
529 959
529 1009
530 610
530 799
530 884
530 919
530 1016
530 1069
531 533
531 567
531 652
531 695
531 781
531 931
531 948
531 1045
532 539
532 552
532 741
532 893
532 904
533 575
533 800
534 613
534 633
534 657
534 730
534 853
535 541
535 569
535 683
535 686
535 800
535 828
535 841
535 900
536 825
536 1028
536 1046
537 719
537 921
537 984
539 600
539 976
540 569
540 639
540 646
540 928
541 658
541 866
542 771
542 775
542 1002
542 1007
542 1073
543 873
543 1004
544 629
544 752
544 802
545 768
545 870
545 1010
545 1049
545 1072
546 688
547 741
547 847
547 884
547 885
547 1018
548 649
548 694
548 699
548 754
548 759
548 813
548 886
549 590
549 641
549 1036
550 620
550 627
550 673
550 728
550 772
550 824
550 875
550 890
550 901
550 1012
550 1019
551 1007
552 702
552 774
552 793
552 983
553 859
553 1007
554 760
554 768
554 936
555 612
555 668
555 726
555 807
555 1059
556 656
556 840
557 624
558 824
559 737
559 767
560 608
560 650
560 764
560 886
560 929
561 1059
562 610
562 993
563 998
563 1020
564 573
565 887
565 1004
566 596
566 754
566 974
567 584
567 838
568 811
568 882
568 947
569 606
569 608
569 644
569 683
569 892
569 909
569 930
569 1001
570 599
570 606
570 657
570 972
570 1018
570 1050
571 660
571 959
572 619
572 745
573 774
573 1019
574 626
574 684
574 720
574 743
574 836
574 869
575 838
575 874
575 903
576 591
576 703
576 765
576 802
576 925
577 965
579 679
580 919
581 1049
582 806
583 661
583 674
583 1009
584 596
585 938
585 955
585 995
585 1046
585 1072
586 670
586 859
586 930
586 1004
586 1045
588 601
588 667
588 940
588 1051
589 599
589 733
589 744
589 993
589 1030
590 1063
590 1070
591 620
591 1016
592 719
592 740
593 697
593 766
593 780
593 805
593 991
593 1001
593 1049
594 644
596 656
596 784
596 979
597 606
597 815
597 985
598 962
599 734
599 782
599 877
599 1070
600 664
600 767
601 707
601 759
602 678
602 1073
603 662
603 673
603 723
603 992
605 715
605 781
606 669
606 680
606 800
606 1012
607 701
607 774
607 922
607 956
607 992
608 639
608 826
608 897
609 622
609 665
609 675
609 680
609 969
609 1018
611 727
611 1062
612 673
613 707
613 773
613 834
613 879
613 894
614 779
615 804
616 625
616 897
616 921
616 947
617 667
617 827
618 855
618 965
619 626
620 806
620 855
620 858
620 1003
621 739
621 828
621 976
621 1030
622 969
623 709
623 748
623 867
624 705
624 855
624 869
624 924
624 999
624 1065
625 770
625 1028
626 918
626 954
627 750
627 887
627 899
627 1056
627 1068
628 748
628 963
628 1052
629 651
630 746
630 950
631 751
632 889
632 955
634 685
634 686
634 752
635 664
636 938
636 1056
637 1011
638 726
638 768
638 866
638 940
638 980
638 986
638 1027
638 1061
639 717
639 745
639 957
639 1044
640 879
640 933
640 1043
641 724
641 811
641 988
643 711
643 843
644 776
644 789
644 835
644 852
644 889
645 803
645 826
645 839
645 906
645 973
647 1009
648 683
649 1050
651 658
651 926
651 955
652 729
652 832
652 842
652 877
653 813
653 870
654 772
655 905
655 995
656 874
656 941
657 858
657 934
657 948
659 694
659 911
659 946
660 743
660 1030
660 1062
661 715
661 834
661 1029
662 666
662 873
662 903
662 973
663 940
664 690
664 725
664 800
664 1022
665 698
665 1030
666 842
666 903
666 1014
667 726
667 788
667 847
667 954
667 962
667 1057
668 713
668 883
668 989
669 834
669 844
669 963
671 744
671 833
672 749
673 724
673 1051
674 725
674 777
675 700
675 732
676 1049
677 770
677 822
678 922
679 727
680 987
681 710
681 862
681 864
681 878
682 880
683 711
683 715
683 785
683 938
683 960
683 1015
684 767
684 805
685 934
685 1013
686 888
687 699
687 722
687 853
687 875
687 1071
688 700
688 705
688 798
688 954
688 981
688 1006
688 1013
688 1068
691 706
691 766
691 890
692 708
694 750
694 1032
695 908
695 954
697 730
697 895
697 956
697 977
698 780
698 841
698 850
698 867
698 889
698 906
698 1039
698 1058
699 841
699 1022
700 790
700 906
701 797
701 1011
702 974
702 1021
703 936
703 964
704 860
704 862
704 924
704 1042
706 715
706 823
706 928
707 807
707 857
707 1039
709 857
709 910
709 946
710 713
710 875
711 811
711 986
713 969
714 994
715 819
715 902
716 751
716 908
716 930
719 739
719 873
722 825
722 967
723 963
724 737
724 776
724 846
725 729
725 825
725 854
725 886
726 995
727 808
727 867
727 1023
727 1051
730 901
730 920
730 1005
731 801
731 1044
732 954
732 970
733 860
734 783
734 889
734 990
735 750
735 961
736 798
736 1038
739 1004
739 1064
740 750
740 863
740 933
740 946
740 962
740 997
741 801
743 844
743 980
743 1067
744 745
744 887
746 940
746 1057
747 913
747 1047
748 763
748 774
748 975
749 803
749 858
749 1039
750 870
750 1046
751 816
751 888
754 972
754 1041
754 1049
756 786
756 843
756 870
758 872
758 1071
759 856
759 886
760 1054
761 1062
764 914
765 896
765 916
765 1046
766 1001
766 1039
767 915
768 997
770 953
771 863
772 801
772 1058
773 784
773 851
773 862
773 1005
774 797
774 849
774 934
774 974
774 981
774 1022
774 1026
777 871
777 891
777 928
778 804
778 861
779 840
779 976
781 894
781 949
781 952
781 961
784 1025
789 843
789 871
789 1021
789 1066
791 835
793 876
794 817
795 987
797 920
797 1034
799 880
801 1010
803 913
803 917
810 982
810 990
811 819
811 977
812 949
813 1027
815 927
816 992
817 904
817 918
819 859
820 939
820 943
822 857
822 999
823 916
823 1022
824 1005
826 944
827 1003
829 867
831 877
833 1010
834 891
834 915
835 1052
836 1053
839 882
840 848
840 969
841 940
843 994
844 895
844 949
844 1015
847 882
847 992
847 1002
848 1043
850 921
850 991
850 1011
852 882
852 943
858 882
862 927
862 965
862 992
863 922
865 1005
866 877
866 953
866 1061
869 941
869 1036
871 933
872 895
873 1048
875 991
876 888
876 907
877 1034
880 904
881 1018
883 932
883 997
883 1037
888 984
888 1066
889 900
890 931
890 938
890 1065
897 961
900 1010
900 1073
901 907
904 1052
904 1065
907 914
907 934
907 936
912 999
917 1053
918 966
921 924
921 970
921 1040
925 953
927 932
927 963
929 931
931 933
934 935
935 1050
936 1008
936 1060
939 1037
940 955
941 952
944 1046
944 1054
947 1031
948 981
950 975
961 1003
963 974
963 1047
966 1001
966 1013
966 1019
968 976
970 993
974 1008
975 1010
979 1019
979 1027
980 984
981 1063
982 998
987 1056
988 1063
1005 1010
1005 1022
1011 1057
1014 1030
1014 1040
1015 1018
1016 1021
1016 1055
1017 1021
1022 1065
1023 1024
1024 1029
1028 1065
1029 1032
