0 1
0 2
0 3
0 4
0 5
0 6
0 7
0 8
0 9
0 10
0 11
0 12
0 13
0 14
0 15
0 16
0 17
0 18
0 22
0 23
0 24
0 25
0 29
0 35
0 36
0 37
0 41
0 43
0 44
0 45
0 50
0 57
0 58
0 63
0 66
0 69
0 70
0 72
0 87
0 91
0 92
0 97
0 100
0 112
0 127
0 134
0 137
0 139
0 144
0 148
0 166
0 173
0 178
0 184
0 186
0 189
0 193
0 204
0 224
0 231
0 233
0 240
0 249
0 262
0 264
0 268
0 273
0 274
0 275
0 279
0 280
0 286
0 288
0 291
0 306
0 320
0 331
0 335
0 336
0 344
0 345
0 354
0 359
0 377
0 383
0 401
0 405
0 409
0 419
0 433
0 447
0 459
0 501
0 506
0 550
0 563
0 578
0 582
0 600
0 609
0 631
0 642
0 652
0 657
0 661
0 678
0 691
0 716
0 721
0 727
0 757
0 761
0 774
0 775
0 790
0 800
0 820
0 835
0 838
0 844
0 865
0 879
0 883
0 905
0 937
0 943
0 979
0 987
1 9
1 10
1 11
1 12
1 13
1 17
1 18
1 20
1 22
1 24
1 25
1 27
1 30
1 33
1 37
1 38
1 39
1 43
1 44
1 46
1 48
1 49
1 59
1 62
1 72
1 74
1 75
1 76
1 87
1 89
1 97
1 111
1 112
1 117
1 120
1 121
1 124
1 136
1 142
1 147
1 148
1 153
1 185
1 190
1 192
1 198
1 201
1 204
1 208
1 222
1 226
1 239
1 242
1 261
1 279
1 298
1 301
1 303
1 316
1 318
1 324
1 333
1 345
1 360
1 365
1 389
1 392
1 397
1 418
1 435
1 440
1 454
1 494
1 502
1 505
1 530
1 551
1 574
1 579
1 582
1 586
1 611
1 654
1 679
1 688
1 700
1 706
1 707
1 711
1 720
1 735
1 738
1 742
1 750
1 772
1 788
1 792
1 796
1 805
1 807
1 822
1 843
1 845
1 888
1 928
1 963
1 971
2 9
2 11
2 31
2 34
2 43
2 46
2 50
2 60
2 67
2 76
2 77
2 82
2 84
2 110
2 123
2 124
2 171
2 198
2 203
2 241
2 242
2 263
2 282
2 287
2 296
2 300
2 366
2 375
2 389
2 419
2 422
2 431
2 462
2 489
2 491
2 518
2 576
2 602
2 615
2 640
2 683
2 775
2 782
2 806
2 809
2 811
2 826
2 838
2 988
3 9
3 10
3 11
3 12
3 13
3 15
3 17
3 20
3 26
3 33
3 42
3 43
3 47
3 58
3 63
3 71
3 73
3 77
3 79
3 84
3 85
3 93
3 94
3 95
3 97
3 120
3 125
3 126
3 128
3 138
3 160
3 207
3 209
3 220
3 239
3 281
3 283
3 296
3 316
3 336
3 348
3 352
3 353
3 362
3 416
3 422
3 433
3 441
3 447
3 455
3 474
3 476
3 480
3 481
3 497
3 499
3 506
3 547
3 587
3 608
3 632
3 640
3 647
3 676
3 724
3 784
3 823
3 847
3 850
3 886
3 891
3 914
3 945
3 959
3 980
4 10
4 11
4 15
4 16
4 17
4 26
4 39
4 41
4 52
4 54
4 55
4 56
4 58
4 64
4 81
4 84
4 85
4 88
4 97
4 109
4 117
4 129
4 133
4 159
4 183
4 257
4 315
4 319
4 336
4 384
4 389
4 399
4 437
4 444
4 447
4 453
4 456
4 458
4 475
4 505
4 519
4 523
4 571
4 603
4 616
4 635
4 700
4 712
4 714
4 735
4 737
4 758
4 782
4 796
4 800
4 917
4 919
5 9
5 10
5 12
5 14
5 15
5 17
5 19
5 20
5 21
5 24
5 28
5 29
5 31
5 32
5 33
5 34
5 39
5 41
5 42
5 45
5 47
5 48
5 62
5 65
5 76
5 83
5 88
5 122
5 146
5 172
5 173
5 183
5 185
5 189
5 212
5 213
5 222
5 232
5 235
5 239
5 258
5 265
5 282
5 287
5 290
5 295
5 301
5 307
5 318
5 334
5 389
5 395
5 400
5 403
5 422
5 431
5 438
5 453
5 455
5 461
5 500
5 523
5 548
5 551
5 599
5 605
5 634
5 649
5 663
5 665
5 673
5 674
5 680
5 696
5 720
5 741
5 749
5 751
5 837
5 838
5 911
5 915
5 930
5 936
5 972
6 9
6 10
6 11
6 13
6 15
6 16
6 18
6 20
6 23
6 37
6 46
6 50
6 56
6 60
6 85
6 101
6 102
6 149
6 163
6 169
6 216
6 237
6 246
6 269
6 306
6 326
6 334
6 348
6 372
6 379
6 384
6 455
6 498
6 501
6 537
6 568
6 569
6 579
6 601
6 728
6 827
6 848
6 993
7 9
7 11
7 12
7 14
7 15
7 36
7 45
7 50
7 55
7 60
7 67
7 95
7 101
7 103
7 112
7 149
7 159
7 184
7 188
7 259
7 304
7 371
7 408
7 557
7 606
7 684
7 719
7 784
7 814
7 854
7 899
7 977
8 9
8 10
8 14
8 23
8 26
8 27
8 28
8 32
8 34
8 36
8 46
8 48
8 50
8 51
8 60
8 67
8 69
8 72
8 79
8 84
8 131
8 142
8 151
8 168
8 188
8 213
8 219
8 234
8 250
8 267
8 289
8 307
8 337
8 341
8 349
8 372
8 412
8 415
8 428
8 457
8 489
8 515
8 551
8 562
8 590
8 591
8 593
8 630
8 651
8 657
8 669
8 726
8 746
8 760
8 823
8 867
8 898
8 968
9 10
9 11
9 12
9 13
9 14
9 15
9 16
9 17
9 19
9 20
9 24
9 25
9 27
9 29
9 30
9 32
9 33
9 35
9 37
9 40
9 41
9 45
9 48
9 50
9 51
9 57
9 58
9 59
9 60
9 62
9 68
9 70
9 71
9 74
9 78
9 80
9 82
9 86
9 90
9 92
9 93
9 99
9 100
9 101
9 102
9 105
9 107
9 110
9 112
9 114
9 117
9 126
9 130
9 131
9 135
9 142
9 149
9 170
9 173
9 174
9 176
9 180
9 184
9 191
9 206
9 207
9 211
9 215
9 217
9 225
9 230
9 234
9 243
9 252
9 262
9 279
9 280
9 304
9 308
9 310
9 321
9 328
9 338
9 342
9 347
9 355
9 366
9 380
9 381
9 388
9 391
9 393
9 401
9 412
9 414
9 425
9 427
9 456
9 465
9 475
9 488
9 499
9 503
9 511
9 512
9 514
9 520
9 525
9 527
9 555
9 561
9 572
9 575
9 582
9 585
9 589
9 598
9 606
9 611
9 617
9 620
9 639
9 647
9 657
9 661
9 670
9 686
9 688
9 728
9 729
9 732
9 751
9 753
9 757
9 778
9 794
9 819
9 834
9 840
9 858
9 869
9 876
9 880
9 923
9 927
9 948
9 959
9 971
9 984
10 12
10 13
10 15
10 16
10 18
10 19
10 20
10 21
10 23
10 25
10 26
10 27
10 28
10 30
10 31
10 33
10 36
10 56
10 58
10 66
10 67
10 70
10 74
10 75
10 90
10 92
10 94
10 95
10 102
10 114
10 122
10 135
10 136
10 140
10 141
10 143
10 144
10 146
10 151
10 156
10 165
10 174
10 177
10 187
10 193
10 217
10 219
10 223
10 236
10 238
10 244
10 262
10 265
10 268
10 272
10 279
10 289
10 294
10 301
10 306
10 313
10 315
10 325
10 340
10 353
10 366
10 381
10 394
10 397
10 405
10 406
10 419
10 424
10 435
10 438
10 442
10 450
10 453
10 460
10 466
10 474
10 475
10 479
10 485
10 486
10 487
10 509
10 512
10 517
10 520
10 541
10 552
10 556
10 557
10 564
10 574
10 577
10 592
10 598
10 633
10 636
10 677
10 698
10 699
10 700
10 702
10 705
10 708
10 732
10 734
10 735
10 747
10 758
10 779
10 794
10 811
10 832
10 847
10 859
10 866
10 897
10 899
10 900
10 906
10 937
10 948
10 965
10 978
10 985
10 989
11 12
11 13
11 14
11 16
11 17
11 18
11 19
11 21
11 23
11 25
11 26
11 28
11 29
11 40
11 42
11 44
11 47
11 56
11 61
11 68
11 78
11 86
11 92
11 93
11 96
11 98
11 99
11 104
11 110
11 113
11 118
11 120
11 127
11 147
11 150
11 159
11 169
11 193
11 195
11 203
11 221
11 237
11 239
11 258
11 259
11 264
11 276
11 278
11 294
11 312
11 313
11 315
11 319
11 328
11 334
11 335
11 339
11 341
11 351
11 382
11 395
11 411
11 416
11 440
11 441
11 452
11 463
11 465
11 467
11 480
11 529
11 536
11 578
11 583
11 587
11 589
11 594
11 622
11 670
11 689
11 724
11 764
11 784
11 789
11 793
11 817
11 828
11 831
11 839
11 856
11 876
11 889
11 916
11 957
11 984
12 13
12 14
12 18
12 20
12 27
12 30
12 32
12 35
12 43
12 55
12 65
12 76
12 80
12 82
12 93
12 96
12 107
12 112
12 119
12 123
12 132
12 139
12 158
12 160
12 175
12 179
12 180
12 182
12 185
12 187
12 194
12 224
12 226
12 228
12 230
12 232
12 233
12 243
12 245
12 258
12 264
12 273
12 276
12 287
12 308
12 309
12 312
12 322
12 344
12 350
12 376
12 388
12 402
12 427
12 496
12 508
12 555
12 579
12 610
12 612
12 672
12 716
12 748
12 787
12 812
12 840
12 867
12 885
12 886
12 889
12 925
12 942
12 956
12 969
13 14
13 16
13 17
13 18
13 19
13 22
13 24
13 32
13 40
13 41
13 47
13 53
13 57
13 81
13 83
13 88
13 94
13 99
13 110
13 112
13 114
13 115
13 118
13 122
13 123
13 127
13 130
13 132
13 133
13 138
13 143
13 148
13 154
13 156
13 174
13 176
13 181
13 184
13 195
13 199
13 201
13 250
13 251
13 259
13 266
13 273
13 275
13 294
13 310
13 325
13 334
13 337
13 364
13 368
13 379
13 411
13 414
13 447
13 459
13 462
13 471
13 484
13 491
13 518
13 519
13 546
13 553
13 580
13 584
13 603
13 637
13 638
13 645
13 647
13 650
13 671
13 677
13 685
13 757
13 763
13 814
13 832
13 844
13 866
13 875
13 879
13 881
13 909
13 951
13 976
13 990
14 19
14 25
14 26
14 31
14 34
14 36
14 38
14 39
14 40
14 51
14 55
14 61
14 64
14 68
14 71
14 80
14 98
14 104
14 113
14 115
14 139
14 141
14 146
14 147
14 150
14 154
14 174
14 182
14 206
14 210
14 219
14 221
14 223
14 227
14 242
14 243
14 261
14 277
14 284
14 295
14 305
14 310
14 317
14 328
14 331
14 333
14 338
14 352
14 353
14 368
14 375
14 386
14 396
14 397
14 398
14 435
14 439
14 461
14 467
14 472
14 516
14 527
14 570
14 596
14 618
14 723
14 733
14 742
14 752
14 805
14 829
14 831
14 840
14 841
14 863
14 878
14 889
14 913
14 937
14 987
15 16
15 18
15 19
15 20
15 21
15 22
15 23
15 28
15 31
15 33
15 35
15 39
15 43
15 46
15 53
15 65
15 70
15 73
15 78
15 89
15 97
15 134
15 137
15 181
15 195
15 210
15 211
15 225
15 303
15 305
15 347
15 444
15 459
15 493
15 499
15 505
15 608
15 680
15 722
15 815
15 875
15 970
15 978
15 981
16 22
16 23
16 24
16 30
16 42
16 43
16 44
16 58
16 60
16 64
16 66
16 80
16 87
16 90
16 105
16 117
16 120
16 124
16 125
16 157
16 184
16 190
16 195
16 209
16 224
16 232
16 235
16 246
16 249
16 254
16 260
16 279
16 292
16 299
16 314
16 409
16 413
16 428
16 466
16 469
16 472
16 488
16 495
16 508
16 518
16 524
16 546
16 605
16 705
16 717
16 752
16 763
16 799
16 809
16 826
16 882
16 890
16 899
16 918
16 940
16 950
16 985
17 21
17 29
17 30
17 32
17 36
17 43
17 51
17 54
17 65
17 66
17 72
17 75
17 80
17 86
17 87
17 90
17 98
17 101
17 106
17 129
17 136
17 148
17 150
17 160
17 163
17 165
17 176
17 177
17 190
17 199
17 206
17 227
17 234
17 235
17 236
17 245
17 264
17 270
17 271
17 274
17 286
17 292
17 304
17 311
17 329
17 335
17 351
17 387
17 393
17 396
17 404
17 414
17 423
17 454
17 458
17 466
17 486
17 492
17 509
17 525
17 545
17 555
17 579
17 614
17 626
17 647
17 652
17 656
17 667
17 672
17 680
17 685
17 701
17 709
17 717
17 730
17 733
17 743
17 745
17 746
17 766
17 815
17 821
17 859
17 879
17 897
17 940
17 943
17 966
18 19
18 21
18 25
18 26
18 35
18 42
18 46
18 49
18 52
18 53
18 54
18 59
18 64
18 84
18 85
18 86
18 108
18 116
18 119
18 122
18 123
18 135
18 138
18 145
18 151
18 167
18 173
18 178
18 180
18 193
18 202
18 211
18 215
18 255
18 258
18 265
18 273
18 276
18 283
18 296
18 310
18 311
18 320
18 335
18 338
18 339
18 340
18 354
18 368
18 370
18 371
18 382
18 383
18 397
18 426
18 452
18 476
18 484
18 502
18 529
18 542
18 548
18 598
18 602
18 611
18 619
18 621
18 654
18 669
18 686
18 705
18 720
18 721
18 786
18 826
18 848
18 880
18 915
18 918
18 922
18 948
18 952
18 960
18 976
18 991
19 21
19 22
19 57
19 65
19 82
19 85
19 96
19 103
19 111
19 136
19 152
19 165
19 172
19 176
19 205
19 219
19 229
19 274
19 311
19 327
19 379
19 400
19 462
19 473
19 477
19 486
19 500
19 522
19 584
19 592
19 604
19 660
19 685
19 760
19 842
19 911
19 919
20 21
20 22
20 31
20 32
20 34
20 47
20 49
20 52
20 54
20 99
20 111
20 128
20 161
20 166
20 176
20 196
20 204
20 242
20 301
20 346
20 368
20 374
20 377
20 410
20 467
20 534
20 560
20 578
20 615
20 658
20 672
20 678
20 772
21 22
21 24
21 27
21 28
21 36
21 40
21 47
21 51
21 52
21 55
21 61
21 68
21 70
21 115
21 126
21 134
21 139
21 144
21 166
21 167
21 172
21 174
21 196
21 197
21 202
21 204
21 206
21 235
21 258
21 263
21 303
21 317
21 350
21 392
21 397
21 406
21 432
21 442
21 446
21 477
21 523
21 534
21 543
21 553
21 559
21 576
21 643
21 659
21 689
21 720
21 731
21 747
21 778
21 856
21 871
21 877
21 882
21 917
21 931
21 942
21 975
21 977
21 993
22 23
22 24
22 33
22 34
22 35
22 37
22 40
22 44
22 52
22 66
22 68
22 69
22 72
22 86
22 91
22 95
22 100
22 122
22 132
22 149
22 160
22 168
22 172
22 181
22 192
22 201
22 218
22 225
22 248
22 249
22 263
22 277
22 286
22 321
22 324
22 339
22 365
22 370
22 383
22 410
22 455
22 468
22 484
22 520
22 522
22 534
22 634
22 672
22 682
22 747
22 802
22 807
22 847
22 852
22 863
22 909
22 929
22 944
22 954
22 990
23 25
23 26
23 30
23 48
23 68
23 71
23 82
23 92
23 103
23 108
23 121
23 123
23 137
23 143
23 148
23 156
23 166
23 167
23 187
23 203
23 255
23 290
23 293
23 295
23 311
23 327
23 359
23 380
23 457
23 465
23 478
23 492
23 516
23 518
23 524
23 550
23 580
23 582
23 586
23 614
23 635
23 674
23 682
23 684
23 688
23 691
23 693
23 711
23 715
23 795
23 811
23 820
23 841
23 846
23 847
23 860
23 889
23 953
23 972
24 27
24 28
24 29
24 60
24 71
24 75
24 83
24 106
24 114
24 130
24 135
24 141
24 156
24 164
24 165
24 169
24 200
24 240
24 244
24 245
24 260
24 278
24 309
24 316
24 356
24 418
24 425
24 447
24 462
24 478
24 484
24 537
24 631
24 649
24 673
24 707
24 789
24 801
24 816
24 891
24 893
24 902
24 981
25 34
25 37
25 50
25 51
25 58
25 63
25 67
25 97
25 104
25 107
25 108
25 130
25 134
25 137
25 141
25 144
25 167
25 193
25 197
25 253
25 323
25 328
25 346
25 349
25 370
25 371
25 400
25 434
25 492
25 494
25 621
25 710
25 730
25 831
25 843
25 876
25 955
26 27
26 28
26 29
26 31
26 38
26 67
26 77
26 90
26 100
26 158
26 162
26 179
26 190
26 199
26 200
26 203
26 208
26 232
26 242
26 246
26 261
26 266
26 271
26 287
26 293
26 343
26 357
26 409
26 426
26 439
26 457
26 489
26 515
26 599
26 660
26 694
26 703
26 706
26 740
26 751
26 805
26 828
26 902
26 918
26 923
26 924
26 927
26 955
26 963
26 979
27 34
27 35
27 38
27 39
27 45
27 49
27 62
27 64
27 65
27 69
27 73
27 97
27 111
27 130
27 142
27 154
27 169
27 180
27 182
27 186
27 191
27 214
27 229
27 264
27 269
27 270
27 272
27 314
27 330
27 347
27 353
27 375
27 477
27 478
27 497
27 505
27 513
27 514
27 548
27 559
27 565
27 567
27 583
27 586
27 588
27 600
27 613
27 623
27 727
27 793
27 798
27 801
27 811
27 820
27 894
27 962
28 29
28 31
28 32
28 35
28 37
28 38
28 39
28 41
28 51
28 59
28 63
28 88
28 91
28 94
28 116
28 118
28 120
28 149
28 152
28 178
28 184
28 190
28 216
28 222
28 223
28 236
28 247
28 254
28 259
28 266
28 275
28 278
28 287
28 298
28 300
28 311
28 314
28 360
28 376
28 390
28 412
28 432
28 437
28 439
28 446
28 453
28 456
28 457
28 467
28 599
28 621
28 729
28 752
28 787
28 828
28 855
28 868
28 873
28 887
28 990
29 30
29 37
29 38
29 45
29 48
29 61
29 91
29 95
29 98
29 103
29 114
29 118
29 155
29 162
29 166
29 172
29 177
29 186
29 202
29 210
29 215
29 229
29 259
29 265
29 280
29 288
29 305
29 322
29 342
29 381
29 404
29 405
29 430
29 438
29 448
29 482
29 501
29 502
29 541
29 544
29 555
29 764
29 775
29 795
29 826
30 38
30 41
30 44
30 53
30 59
30 63
30 72
30 75
30 76
30 77
30 78
30 94
30 98
30 102
30 119
30 127
30 139
30 144
30 149
30 152
30 155
30 156
30 167
30 175
30 189
30 192
30 210
30 212
30 217
30 227
30 228
30 229
30 244
30 254
30 273
30 277
30 287
30 309
30 315
30 326
30 373
30 398
30 402
30 416
30 418
30 453
30 488
30 526
30 535
30 549
30 555
30 568
30 572
30 600
30 620
30 643
30 683
30 705
30 732
30 789
30 796
30 851
30 896
30 939
30 950
30 951
30 963
30 980
30 991
31 33
31 36
31 39
31 47
31 57
31 61
31 87
31 96
31 116
31 121
31 123
31 124
31 128
31 130
31 131
31 140
31 150
31 162
31 178
31 220
31 278
31 339
31 377
31 383
31 429
31 440
31 464
31 543
31 568
31 661
31 692
31 694
31 762
31 785
31 799
31 857
31 867
31 949
32 48
32 63
32 69
32 71
32 73
32 85
32 88
32 108
32 109
32 127
32 132
32 133
32 138
32 165
32 172
32 204
32 208
32 218
32 236
32 247
32 261
32 266
32 271
32 330
32 354
32 359
32 390
32 395
32 401
32 423
32 442
32 467
32 504
32 527
32 536
32 562
32 570
32 613
32 672
32 679
32 707
32 715
32 717
32 741
32 750
32 767
32 885
32 892
32 899
32 929
32 943
32 968
32 972
32 974
33 42
33 49
33 51
33 68
33 74
33 79
33 81
33 88
33 102
33 111
33 113
33 170
33 171
33 182
33 198
33 215
33 232
33 243
33 256
33 283
33 320
33 330
33 344
33 345
33 349
33 357
33 405
33 424
33 463
33 465
33 560
33 618
33 641
33 654
33 679
33 703
33 765
33 782
33 813
33 850
33 891
33 894
33 897
33 936
34 38
34 41
34 54
34 56
34 57
34 89
34 98
34 101
34 108
34 116
34 120
34 141
34 151
34 153
34 172
34 186
34 195
34 204
34 252
34 267
34 275
34 277
34 281
34 284
34 307
34 314
34 321
34 324
34 326
34 329
34 349
34 359
34 404
34 411
34 468
34 517
34 526
34 531
34 538
34 552
34 568
34 573
34 579
34 582
34 587
34 624
34 631
34 696
34 711
34 713
34 731
34 741
34 794
34 821
34 829
34 855
34 896
34 935
35 48
35 92
35 119
35 143
35 217
35 229
35 245
35 318
35 337
35 372
35 378
35 421
35 450
35 516
35 536
35 575
35 625
35 641
35 643
35 644
35 829
35 867
35 953
36 40
36 45
36 46
36 59
36 76
36 98
36 108
36 131
36 184
36 215
36 399
36 412
36 428
36 434
36 439
36 443
36 460
36 485
36 508
36 512
36 539
36 587
36 613
36 658
36 659
36 678
36 706
36 710
36 732
36 740
36 744
36 754
36 803
36 834
36 884
36 888
36 912
36 916
36 924
36 930
36 945
36 986
37 44
37 61
37 78
37 100
37 109
37 149
37 153
37 156
37 163
37 164
37 177
37 195
37 221
37 276
37 312
37 365
37 511
37 524
37 695
37 810
37 864
37 865
37 940
37 944
38 42
38 47
38 49
38 59
38 65
38 73
38 74
38 133
38 143
38 150
38 154
38 181
38 188
38 210
38 236
38 243
38 252
38 255
38 265
38 271
38 303
38 321
38 400
38 473
38 557
38 573
38 584
38 648
38 664
38 695
38 714
38 822
38 866
38 904
38 908
38 937
39 40
39 42
39 44
39 73
39 74
39 76
39 117
39 135
39 171
39 191
39 197
39 212
39 231
39 236
39 267
39 268
39 292
39 295
39 298
39 302
39 303
39 309
39 315
39 322
39 338
39 343
39 352
39 374
39 389
39 402
39 406
39 409
39 416
39 443
39 462
39 533
39 595
39 650
39 663
39 674
39 688
39 704
39 759
39 797
39 804
39 844
39 860
39 908
39 928
39 977
39 984
40 46
40 52
40 54
40 55
40 63
40 67
40 70
40 83
40 84
40 85
40 100
40 101
40 114
40 129
40 130
40 155
40 161
40 192
40 197
40 202
40 216
40 218
40 223
40 230
40 260
40 281
40 297
40 302
40 306
40 322
40 355
40 396
40 410
40 428
40 439
40 456
40 469
40 490
40 526
40 542
40 601
40 763
40 779
40 830
40 833
40 849
40 855
40 873
40 887
40 894
40 914
40 917
40 955
40 970
40 992
41 49
41 50
41 53
41 61
41 62
41 78
41 85
41 115
41 131
41 152
41 157
41 161
41 176
41 181
41 186
41 194
41 196
41 198
41 221
41 300
41 320
41 324
41 342
41 392
41 413
41 453
41 461
41 500
41 511
41 515
41 563
41 567
41 581
41 589
41 635
41 648
41 698
41 736
41 758
41 801
41 855
41 879
42 54
42 64
42 75
42 102
42 128
42 250
42 299
42 581
42 585
42 605
42 666
42 668
42 669
42 697
42 710
42 802
42 831
42 922
43 53
43 54
43 56
43 63
43 69
43 72
43 73
43 83
43 109
43 147
43 187
43 224
43 228
43 243
43 253
43 254
43 314
43 325
43 332
43 333
43 356
43 395
43 404
43 405
43 452
43 516
43 536
43 575
43 662
43 680
43 690
43 698
43 706
43 771
43 834
43 920
43 992
44 45
44 49
44 52
44 64
44 66
44 72
44 79
44 84
44 86
44 92
44 104
44 120
44 146
44 150
44 219
44 261
44 262
44 266
44 267
44 295
44 411
44 441
44 503
44 520
44 543
44 549
44 555
44 597
44 657
44 719
44 748
44 779
44 906
44 914
44 947
44 987
45 53
45 60
45 61
45 66
45 76
45 78
45 79
45 83
45 87
45 95
45 107
45 113
45 165
45 177
45 211
45 221
45 263
45 268
45 286
45 299
45 313
45 324
45 325
45 350
45 386
45 445
45 448
45 457
45 460
45 461
45 517
45 520
45 535
45 563
45 593
45 616
45 622
45 623
45 636
45 650
45 707
45 724
45 735
45 737
45 753
45 755
45 759
45 796
45 841
45 890
46 57
46 67
46 87
46 115
46 117
46 145
46 217
46 218
46 252
46 305
46 363
46 483
46 515
46 551
46 562
46 590
46 614
46 615
46 626
46 635
46 653
46 758
46 763
46 801
46 816
46 911
46 978
46 983
47 62
47 71
47 83
47 105
47 116
47 122
47 128
47 151
47 163
47 252
47 261
47 313
47 338
47 350
47 378
47 409
47 448
47 471
47 545
47 561
47 596
47 601
47 650
47 653
47 661
47 677
47 717
47 792
47 806
47 853
47 864
47 901
47 991
48 77
48 94
48 130
48 195
48 246
48 254
48 291
48 326
48 350
48 357
48 529
48 549
48 625
48 642
48 704
48 722
48 760
48 822
49 66
49 69
49 93
49 99
49 112
49 119
49 127
49 133
49 167
49 216
49 232
49 265
49 272
49 398
49 401
49 435
49 444
49 462
49 478
49 482
49 501
49 503
49 604
49 613
49 617
49 641
49 647
49 722
49 734
49 745
49 761
49 773
49 875
49 947
49 959
49 971
49 988
49 989
50 107
50 121
50 140
50 155
50 174
50 202
50 291
50 299
50 375
50 489
50 545
50 626
50 628
50 811
50 826
51 52
51 55
51 56
51 93
51 96
51 99
51 104
51 146
51 163
51 175
51 191
51 272
51 309
51 358
51 391
51 457
51 483
51 513
51 646
51 654
51 907
51 911
51 917
52 53
52 74
52 81
52 101
52 112
52 119
52 125
52 126
52 155
52 234
52 275
52 285
52 379
52 386
52 476
52 519
52 530
52 531
52 547
52 586
52 606
52 637
52 643
52 658
52 674
52 701
52 770
52 772
52 824
52 858
52 861
52 893
52 945
52 963
52 988
53 57
53 88
53 121
53 197
53 207
53 285
53 302
53 372
53 399
53 470
53 559
53 568
53 749
53 756
53 758
53 816
53 943
53 975
53 976
54 55
54 65
54 77
54 78
54 99
54 131
54 159
54 176
54 214
54 218
54 244
54 285
54 349
54 358
54 382
54 391
54 394
54 501
54 522
54 531
54 577
54 620
54 659
54 983
55 56
55 64
55 118
55 141
55 147
55 171
55 183
55 186
55 226
55 228
55 260
55 386
55 481
55 506
55 508
55 539
55 570
55 573
55 594
55 622
55 676
55 798
55 912
55 916
55 921
55 933
55 946
55 952
55 976
56 105
56 107
56 147
56 162
56 168
56 179
56 193
56 232
56 238
56 252
56 279
56 321
56 334
56 351
56 357
56 367
56 382
56 423
56 513
56 607
56 674
56 676
56 677
56 713
56 718
56 734
56 755
56 759
56 761
56 847
56 862
56 923
56 948
57 58
57 59
57 62
57 122
57 150
57 152
57 159
57 176
57 205
57 223
57 240
57 260
57 289
57 291
57 432
57 514
57 519
57 656
57 702
57 719
57 802
57 901
58 70
58 99
58 127
58 179
58 197
58 219
58 220
58 231
58 249
58 262
58 275
58 308
58 351
58 352
58 361
58 378
58 445
58 470
58 495
58 548
58 560
58 593
58 638
58 733
58 756
58 759
58 782
58 914
58 920
59 73
59 77
59 80
59 81
59 82
59 88
59 89
59 104
59 106
59 113
59 157
59 177
59 225
59 247
59 293
59 296
59 364
59 386
59 402
59 404
59 528
59 601
59 624
59 638
59 654
59 671
59 697
59 797
59 832
59 860
59 920
59 970
59 991
60 86
60 95
60 102
60 108
60 125
60 137
60 156
60 199
60 220
60 226
60 228
60 274
60 299
60 304
60 329
60 333
60 368
60 430
60 432
60 499
60 583
60 678
60 743
60 819
60 904
60 974
61 62
61 71
61 82
61 90
61 92
61 96
61 104
61 109
61 116
61 117
61 139
61 143
61 147
61 160
61 185
61 186
61 239
61 244
61 263
61 282
61 313
61 366
61 377
61 400
61 417
61 426
61 479
61 545
61 548
61 583
61 645
61 656
61 668
61 682
61 690
61 702
61 734
61 791
61 852
61 907
61 952
61 953
62 81
62 82
62 94
62 95
62 111
62 125
62 138
62 196
62 206
62 220
62 235
62 253
62 258
62 261
62 331
62 371
62 397
62 415
62 418
62 460
62 486
62 503
62 550
62 561
62 563
62 648
62 865
62 872
62 931
62 977
63 83
63 115
63 180
63 255
63 258
63 263
63 282
63 291
63 417
63 442
63 482
63 511
63 523
63 547
63 631
63 646
63 668
63 764
64 69
64 79
64 89
64 93
64 96
64 105
64 106
64 110
64 129
64 145
64 184
64 217
64 238
64 259
64 270
64 304
64 308
64 339
64 344
64 359
64 369
64 378
64 403
64 419
64 447
64 469
64 498
64 512
64 531
64 549
64 558
64 559
64 608
64 634
64 651
64 695
64 701
64 738
64 779
64 881
64 933
64 962
65 68
65 75
65 91
65 229
65 246
65 275
65 303
65 328
65 440
65 464
65 505
65 514
65 713
65 814
66 70
66 81
66 118
66 136
66 140
66 194
66 199
66 201
66 210
66 217
66 294
66 317
66 363
66 364
66 376
66 435
66 451
66 685
66 719
66 774
66 781
66 816
66 990
67 79
67 109
67 122
67 155
67 203
67 214
67 216
67 229
67 230
67 272
67 293
67 320
67 529
67 539
67 577
67 731
67 746
67 790
67 814
67 828
67 844
67 848
67 887
68 97
68 113
68 168
68 210
68 285
68 315
68 331
68 431
68 483
68 594
68 595
68 600
68 625
68 664
68 708
68 949
69 89
69 118
69 142
69 144
69 156
69 188
69 205
69 209
69 266
69 281
69 302
69 344
69 363
69 408
69 541
69 566
69 596
69 639
69 710
69 751
69 784
69 798
69 858
69 897
69 925
69 970
70 129
70 145
70 183
70 194
70 205
70 268
70 296
70 337
70 383
70 802
70 905
71 74
71 75
71 86
71 90
71 91
71 94
71 102
71 105
71 106
71 111
71 114
71 127
71 134
71 179
71 187
71 230
71 234
71 277
71 297
71 325
71 355
71 356
71 428
71 467
71 512
71 520
71 572
71 675
71 723
71 846
71 866
71 909
71 957
72 79
72 89
72 106
72 123
72 126
72 128
72 142
72 148
72 158
72 160
72 164
72 278
72 300
72 322
72 360
72 362
72 375
72 381
72 394
72 429
72 444
72 463
72 603
72 619
72 626
72 707
72 855
72 874
72 988
73 80
73 89
73 134
73 136
73 158
73 171
73 192
73 237
73 293
73 307
73 414
73 527
73 541
73 566
73 777
73 809
73 827
73 877
74 87
74 101
74 109
74 159
74 194
74 207
74 226
74 280
74 461
74 507
74 522
74 575
74 615
74 633
74 856
75 77
75 80
75 98
75 110
75 148
75 175
75 179
75 185
75 268
75 297
75 339
75 447
75 489
75 613
75 715
75 866
75 920
75 952
75 966
76 96
76 125
76 134
76 161
76 212
76 213
76 249
76 260
76 336
76 340
76 367
76 395
76 413
76 463
76 465
76 569
76 599
76 832
76 849
76 878
76 904
76 921
76 949
77 223
77 231
77 259
77 270
77 274
77 373
77 480
77 540
77 554
77 580
77 623
77 640
77 718
77 749
77 875
77 890
78 107
78 155
78 183
78 292
78 303
78 427
78 786
78 815
78 835
78 900
78 917
78 978
79 93
79 131
79 160
79 169
79 171
79 182
79 196
79 230
79 236
79 241
79 247
79 373
79 388
79 434
79 450
79 452
79 470
79 572
79 628
79 745
79 757
79 939
79 983
80 81
80 157
80 222
80 270
80 312
80 314
80 443
80 490
80 495
80 576
80 601
80 662
80 746
80 761
80 831
80 833
81 84
81 90
81 100
81 103
81 143
81 158
81 161
81 168
81 225
81 252
81 256
81 290
81 337
81 382
81 386
81 420
81 452
81 461
81 514
81 604
81 608
81 691
81 771
81 772
81 786
81 850
81 928
81 942
81 961
81 964
81 978
82 103
82 111
82 129
82 162
82 166
82 182
82 227
82 247
82 384
82 402
82 431
82 722
82 727
82 838
82 954
82 987
83 103
83 153
83 162
83 247
83 264
83 284
83 406
83 449
83 572
83 593
83 633
83 712
83 761
83 820
84 154
84 269
84 485
84 513
84 547
84 818
84 847
84 960
84 973
85 145
85 153
85 157
85 161
85 180
85 207
85 220
85 240
85 251
85 307
85 385
85 661
85 771
85 886
86 91
86 133
86 159
86 194
86 229
86 288
86 321
86 329
86 379
86 384
86 410
86 418
86 426
86 507
86 902
86 961
87 91
87 100
87 105
87 113
87 114
87 115
87 119
87 123
87 135
87 143
87 151
87 158
87 173
87 186
87 202
87 216
87 248
87 269
87 273
87 320
87 355
87 384
87 385
87 398
87 421
87 468
87 512
87 624
87 652
87 678
87 749
87 801
87 825
87 860
87 877
87 939
87 942
87 964
88 118
88 126
88 135
88 146
88 198
88 201
88 290
88 300
88 303
88 385
88 421
88 448
88 540
88 541
88 547
88 564
88 619
88 629
88 712
88 722
88 739
88 774
88 931
89 124
89 133
89 148
89 157
89 187
89 202
89 356
89 425
89 476
89 487
89 497
89 498
89 593
89 632
89 659
89 660
89 662
89 669
89 708
89 785
89 804
89 862
89 876
89 907
90 138
90 173
90 200
90 257
90 272
90 295
90 350
90 351
90 364
90 370
90 374
90 540
90 608
90 613
90 688
90 747
90 754
90 760
90 787
90 880
90 916
91 116
91 174
91 187
91 209
91 268
91 288
91 344
91 553
91 611
91 657
91 743
91 887
91 923
91 949
92 126
92 138
92 140
92 169
92 170
92 172
92 185
92 190
92 197
92 237
92 280
92 316
92 346
92 353
92 432
92 450
92 481
92 482
92 489
92 490
92 491
92 512
92 612
92 697
92 724
92 744
92 769
92 809
92 825
92 837
92 853
92 941
93 302
93 440
93 492
93 520
93 786
93 798
93 877
94 107
94 113
94 316
94 377
94 490
94 612
94 750
94 926
95 104
95 121
95 147
95 164
95 329
95 345
95 349
95 380
95 473
95 588
95 596
95 691
95 728
95 737
95 825
95 852
96 103
96 286
96 372
96 514
96 538
96 556
96 624
96 632
96 664
96 721
96 767
96 773
96 775
96 793
96 940
97 227
97 255
97 273
97 299
97 396
97 438
97 642
97 762
97 851
98 132
98 152
98 168
98 219
98 242
98 344
98 346
98 365
98 419
98 433
98 435
98 529
98 625
98 693
98 730
99 106
99 129
99 133
99 161
99 173
99 206
99 231
99 240
99 258
99 271
99 294
99 304
99 332
99 370
99 406
99 425
99 451
99 517
99 529
99 565
99 638
99 714
99 878
99 952
100 106
100 121
100 146
100 180
100 192
100 222
100 249
100 267
100 279
100 280
100 330
100 466
100 468
100 486
100 533
100 563
100 571
100 573
100 583
100 589
100 622
100 701
100 774
100 818
100 864
100 896
100 905
100 938
101 105
101 110
101 145
101 162
101 163
101 251
101 292
101 297
101 309
101 314
101 315
101 346
101 360
101 362
101 363
101 413
101 446
101 458
101 470
101 482
101 483
101 500
101 522
101 523
101 617
101 628
101 655
101 769
101 785
101 788
101 795
101 804
101 807
101 829
101 872
101 973
102 124
102 153
102 189
102 237
102 407
102 602
102 694
102 912
102 930
103 121
103 160
103 178
103 198
103 208
103 271
103 384
103 399
103 410
103 469
103 506
103 549
103 552
103 605
103 667
103 728
103 803
103 819
103 859
103 901
103 915
103 953
104 108
104 132
104 205
104 213
104 214
104 319
104 381
104 452
104 544
104 561
104 618
104 683
104 744
104 801
105 120
105 138
105 178
105 189
105 198
105 203
105 235
105 246
105 250
105 261
105 287
105 328
105 342
105 357
105 361
105 471
105 481
105 554
105 640
105 722
105 797
105 806
105 864
105 877
105 909
105 925
106 334
106 344
106 363
106 713
106 781
106 813
106 826
106 922
106 962
106 989
107 109
107 110
107 119
107 124
107 145
107 153
107 164
107 194
107 230
107 327
107 331
107 352
107 394
107 399
107 472
107 543
107 560
107 566
107 590
107 658
107 675
107 748
107 768
107 841
108 115
108 134
108 136
108 139
108 164
108 188
108 297
108 306
108 400
108 627
108 674
108 680
108 719
108 745
108 800
108 837
108 910
108 915
109 117
109 125
109 235
109 396
109 408
109 415
109 423
109 459
109 472
109 745
109 883
109 948
109 953
110 129
110 209
110 256
110 317
110 449
110 451
110 466
110 485
110 549
110 594
110 666
110 757
110 815
110 830
110 857
110 941
111 142
111 167
111 189
111 224
111 238
111 276
111 278
111 280
111 294
111 357
111 407
111 425
111 490
111 507
111 509
111 537
111 567
111 662
111 692
111 798
111 805
111 958
111 961
112 179
112 200
112 245
112 288
112 348
112 385
112 403
112 421
112 484
112 521
112 539
112 546
112 573
112 727
112 822
112 854
112 903
112 905
112 932
113 116
113 182
113 189
113 220
113 225
113 236
113 239
113 241
113 243
113 253
113 259
113 323
113 340
113 354
113 426
113 471
113 487
113 561
113 637
113 647
113 691
113 716
113 796
113 818
113 903
113 959
113 970
113 983
114 125
114 144
114 152
114 177
114 181
114 191
114 225
114 280
114 319
114 341
114 401
114 487
114 518
114 646
114 726
114 743
114 795
114 848
114 904
114 943
114 974
115 132
115 144
115 161
115 191
115 269
115 524
115 565
115 657
115 663
115 714
115 782
115 827
115 979
116 146
116 347
116 449
116 456
116 466
116 558
116 585
116 677
116 931
117 124
117 131
117 137
117 155
117 247
117 284
117 305
117 311
117 323
117 427
117 474
117 476
117 587
117 681
117 693
117 731
117 754
117 763
117 870
117 873
117 923
117 955
118 126
118 137
118 140
118 141
118 154
118 162
118 211
118 241
118 243
118 323
118 429
118 453
118 460
118 523
118 538
118 622
118 919
119 132
119 166
119 175
119 246
119 251
119 356
119 415
119 421
119 475
119 482
119 497
119 524
119 560
119 586
119 641
119 680
119 729
119 742
119 753
119 928
119 932
119 981
119 984
120 152
120 190
120 193
120 209
120 231
120 332
120 335
120 347
120 363
120 431
120 448
120 459
120 470
120 760
120 766
120 829
121 142
121 234
121 245
121 248
121 276
121 283
121 305
121 341
121 363
121 388
121 464
121 480
121 530
121 553
121 666
121 682
121 707
121 770
121 823
121 861
121 870
121 922
121 978
121 985
122 222
122 307
122 320
122 416
122 433
122 451
122 512
122 605
122 636
122 670
122 757
122 771
122 830
122 966
122 968
122 993
123 128
123 141
123 151
123 158
123 262
123 298
123 302
123 323
123 331
123 629
123 690
123 853
123 854
123 856
124 128
124 140
124 269
124 304
124 428
124 557
124 574
124 649
124 706
124 733
125 135
125 150
125 203
125 290
125 374
125 390
125 552
125 687
126 149
126 207
126 228
126 357
126 377
126 382
126 405
126 412
126 425
126 464
126 467
126 517
126 536
126 562
126 597
126 668
126 708
126 762
126 824
126 892
126 968
126 975
126 980
127 170
127 188
127 211
127 435
127 602
127 624
127 660
127 881
127 916
127 923
127 986
128 165
128 178
128 192
128 216
128 218
128 242
128 295
128 324
128 372
128 429
128 470
128 538
128 548
128 553
128 558
128 592
128 614
128 625
128 689
128 702
128 732
128 767
128 867
128 882
128 902
129 137
129 200
129 224
129 493
129 644
129 659
129 975
130 232
130 317
130 329
130 442
130 446
130 455
130 542
130 577
130 619
130 868
130 871
130 917
131 136
131 180
131 212
131 250
131 313
131 330
131 347
131 359
131 362
131 380
131 417
131 424
131 466
131 506
131 545
131 561
131 567
131 604
131 749
131 755
131 792
131 832
131 833
131 969
132 205
132 291
132 322
132 335
132 446
132 449
132 511
132 533
132 554
132 631
132 773
132 969
132 987
133 139
133 153
133 164
133 165
133 213
133 306
133 332
133 336
133 372
133 477
133 520
133 556
133 571
133 655
133 942
134 163
134 170
134 193
134 196
134 199
134 256
134 257
134 263
134 311
134 346
134 367
134 485
134 495
134 509
134 517
134 529
134 535
134 584
134 594
134 671
134 721
135 157
135 166
135 241
135 536
135 565
135 585
135 603
135 657
135 666
135 738
135 758
135 902
135 914
135 946
136 154
136 158
136 175
136 185
136 195
136 206
136 214
136 221
136 242
136 245
136 264
136 274
136 281
136 314
136 475
136 483
136 502
136 539
136 562
136 582
136 625
136 663
136 670
136 699
136 702
136 716
136 720
136 722
136 775
136 816
136 826
136 830
136 890
136 894
136 980
136 985
137 140
137 170
137 210
137 279
137 286
137 366
137 414
137 434
137 526
137 582
137 620
137 621
137 633
137 634
137 747
137 766
137 863
137 869
137 886
137 893
137 969
137 987
138 185
138 199
138 213
138 276
138 360
138 424
138 495
138 502
138 661
138 684
138 768
138 772
138 780
138 804
138 826
138 872
138 900
139 189
139 223
139 292
139 371
139 392
139 425
139 469
139 488
139 607
139 611
139 632
139 675
139 712
139 816
139 859
139 889
139 928
140 163
140 177
140 209
140 244
140 452
140 469
140 656
140 712
140 790
140 839
140 858
141 233
141 250
141 285
141 436
141 521
141 712
141 772
141 903
142 214
142 262
142 305
142 341
142 369
142 385
142 420
142 438
142 915
142 924
143 173
143 178
143 212
143 288
143 376
143 444
143 491
143 522
143 609
144 145
144 183
144 208
144 227
144 240
144 301
144 316
144 342
144 348
144 360
144 383
144 385
144 427
144 507
144 565
144 589
144 590
144 597
144 604
144 681
144 702
144 723
144 737
144 744
144 821
144 880
145 174
145 225
145 226
145 246
145 250
145 257
145 260
145 262
145 266
145 288
145 322
145 326
145 477
145 486
145 491
145 496
145 534
145 617
145 635
145 637
145 699
145 785
145 827
145 848
145 933
146 154
146 179
146 201
146 207
146 256
146 281
146 292
146 313
146 325
146 436
146 632
146 638
146 648
146 650
146 651
146 725
146 740
147 151
147 181
147 183
147 253
147 305
147 351
147 527
147 818
147 856
148 157
148 167
148 168
148 171
148 231
148 237
148 343
148 345
148 400
148 445
148 522
148 692
148 798
149 249
149 298
149 341
149 389
149 485
149 521
149 544
149 589
149 685
149 870
149 930
150 168
150 215
150 233
150 446
150 508
150 599
150 606
150 692
150 694
150 780
150 782
150 982
151 200
151 359
151 365
151 531
151 532
151 575
151 696
151 804
151 805
151 954
152 171
152 310
152 362
152 460
152 544
152 607
152 666
152 687
152 786
153 205
153 256
153 296
153 375
153 392
153 414
153 439
153 491
153 524
153 557
153 571
153 620
153 684
153 758
153 879
153 893
154 159
154 164
154 182
154 191
154 199
154 231
154 371
154 503
154 688
154 714
154 781
154 816
154 824
154 869
154 873
154 907
155 188
155 411
155 581
155 614
155 627
155 886
155 931
156 175
156 233
156 267
156 289
156 341
156 388
156 463
156 574
156 588
156 590
156 743
156 899
156 958
157 170
157 206
157 208
157 227
157 623
157 808
158 217
158 431
158 599
158 659
159 276
159 278
159 323
159 334
159 340
159 355
159 403
159 429
159 480
159 484
159 525
159 533
159 550
159 557
159 633
159 738
159 747
159 750
159 759
159 774
159 781
159 787
159 838
160 169
160 238
160 428
160 459
160 469
160 538
160 716
160 747
160 770
160 780
160 783
160 814
160 891
160 974
161 200
161 202
161 208
161 248
161 249
161 282
161 356
161 357
161 651
161 736
161 812
161 875
161 934
162 197
162 218
162 239
162 241
162 308
162 323
162 380
162 407
162 444
162 559
162 669
162 705
162 745
162 852
163 318
163 365
163 489
163 518
163 546
163 682
163 764
163 776
163 817
163 842
163 932
163 963
164 169
164 253
164 310
164 330
164 495
164 496
164 526
164 534
164 567
164 748
164 789
164 815
164 921
165 269
165 327
165 406
165 807
165 808
165 882
165 923
166 175
166 188
166 204
166 240
166 244
166 248
166 256
166 271
166 277
166 296
166 301
166 327
166 396
166 455
166 479
166 485
166 500
166 527
166 645
166 679
166 686
166 698
166 794
166 839
166 853
166 876
166 913
167 212
167 293
167 312
167 545
167 566
167 583
167 635
167 679
167 699
167 901
167 975
167 990
168 283
168 318
168 422
168 437
168 777
168 843
168 851
168 895
168 898
168 926
168 935
169 170
169 218
169 589
169 664
169 742
170 183
170 253
170 376
170 394
170 535
170 575
170 692
170 988
171 221
171 270
171 291
171 308
171 327
171 336
171 341
171 343
171 353
171 544
171 752
171 863
172 211
172 285
172 294
172 360
172 454
172 466
172 495
172 591
172 639
172 694
172 725
172 801
172 857
172 906
172 912
173 257
173 416
173 643
173 786
173 842
173 892
173 908
174 224
174 226
174 228
174 234
174 238
174 299
174 304
174 347
174 379
174 418
174 440
174 607
174 616
174 620
174 649
174 664
174 934
175 192
175 238
175 407
175 413
175 440
175 483
175 703
175 756
175 967
176 282
176 420
176 506
176 595
176 613
176 652
176 656
176 666
176 912
176 964
176 982
177 196
177 219
177 255
177 338
177 409
177 434
177 445
177 578
177 617
177 623
177 717
177 725
177 769
177 785
177 791
177 819
177 843
177 846
177 876
178 190
178 201
178 209
178 213
178 241
178 415
178 468
178 526
178 567
178 668
178 682
178 687
178 688
178 697
178 748
178 780
178 827
178 908
178 922
178 941
179 181
179 239
179 251
179 257
179 293
179 316
179 376
179 406
179 407
179 422
179 473
179 481
179 545
179 574
179 753
179 762
179 791
179 799
180 204
180 220
180 398
180 452
180 573
180 768
180 776
180 890
181 251
181 284
181 369
181 377
181 426
181 472
181 479
181 564
181 609
181 655
181 673
181 781
181 834
181 942
182 196
182 302
182 498
182 646
182 715
182 792
182 846
182 924
182 971
183 201
183 227
183 257
183 283
183 336
183 361
183 364
183 403
183 424
183 427
183 441
183 470
183 502
183 548
183 556
183 605
183 711
183 855
183 864
183 896
183 964
183 975
184 187
184 290
184 346
184 361
184 369
184 411
184 436
184 482
184 631
184 640
184 667
184 672
184 700
184 710
184 783
184 813
184 910
184 947
185 194
185 237
185 348
185 437
185 477
185 639
185 878
185 923
185 978
185 983
186 216
186 234
186 394
186 499
186 775
186 809
186 869
186 889
186 903
186 936
187 198
187 213
187 321
187 355
187 358
187 395
187 473
187 508
187 554
187 564
187 569
187 612
187 639
187 668
187 679
187 706
187 845
187 857
187 878
188 203
188 221
188 359
188 465
188 478
188 504
188 532
188 553
188 713
188 967
188 972
188 983
189 191
189 205
189 208
189 222
189 251
189 302
189 319
189 329
189 343
189 393
189 468
189 516
189 570
189 668
189 704
189 815
189 837
189 846
189 892
189 904
189 960
190 251
190 264
190 332
190 333
190 352
190 377
190 387
190 392
190 448
190 475
190 504
190 558
190 600
190 697
190 721
190 749
190 843
190 921
190 972
191 310
192 214
192 283
192 414
192 569
192 634
192 641
192 703
192 777
192 800
192 907
193 296
193 366
193 564
193 863
194 226
194 297
194 318
194 660
194 961
195 325
195 760
195 840
195 942
196 200
196 277
196 306
196 358
196 472
196 504
196 563
196 613
196 630
196 632
196 790
196 850
197 245
197 248
197 354
197 365
197 380
197 392
197 664
197 719
197 841
197 846
198 237
198 317
198 355
198 368
198 369
198 373
198 432
198 546
198 572
198 598
198 609
198 614
198 673
198 693
198 725
198 775
198 835
198 836
198 928
199 233
199 255
199 402
199 412
199 424
199 559
199 612
199 711
199 750
199 878
199 887
199 963
200 684
200 900
200 928
201 356
201 362
201 384
201 402
201 434
201 464
201 475
201 577
201 658
201 836
201 879
201 981
202 207
202 212
202 343
202 391
202 423
202 437
202 500
202 591
202 657
202 818
202 927
203 241
203 528
203 644
204 214
204 270
204 278
204 286
204 361
204 436
204 474
204 494
204 497
204 509
204 570
204 641
204 679
204 787
204 812
204 850
204 898
204 921
205 275
205 436
205 454
205 894
206 211
206 268
206 319
206 327
206 333
206 340
206 388
206 393
206 404
206 511
206 539
206 544
206 585
206 594
206 635
206 771
206 808
206 834
207 215
207 260
207 356
207 413
207 428
207 681
207 704
207 787
207 800
207 897
208 254
208 308
208 376
208 382
208 385
208 547
208 817
208 844
208 846
208 884
209 230
209 284
209 320
209 327
209 410
209 540
209 612
209 637
209 661
209 758
209 925
210 248
210 270
210 510
210 591
210 653
210 737
210 890
210 918
211 250
211 494
211 560
211 649
211 656
211 769
211 845
212 222
212 265
212 272
212 334
212 407
212 471
212 488
212 491
212 492
212 538
212 650
212 663
212 872
213 215
213 290
213 298
213 340
213 367
213 368
213 510
213 531
213 587
213 697
213 698
213 732
213 854
213 922
213 958
213 981
214 228
214 282
214 480
214 569
214 585
214 749
214 856
214 957
215 369
215 389
215 405
215 416
215 429
215 440
215 465
215 497
215 513
215 735
215 784
215 844
215 865
215 943
215 968
216 233
216 269
216 310
216 374
216 399
216 556
216 610
216 695
216 735
216 806
216 838
216 915
216 952
217 282
217 519
217 684
217 781
218 439
218 541
218 630
218 729
219 408
219 628
219 675
219 723
219 936
220 223
220 289
220 360
220 400
220 556
220 602
220 971
221 315
221 378
221 611
221 655
221 766
222 298
222 333
222 343
222 352
222 430
222 463
222 546
222 817
222 873
222 985
223 224
223 283
223 410
223 473
223 484
223 516
223 577
223 597
223 646
223 699
223 843
223 962
223 970
223 982
224 248
224 256
224 263
224 267
224 337
224 345
224 358
224 419
224 713
224 824
224 903
224 926
224 951
225 337
225 417
225 693
225 718
225 829
225 896
226 244
226 297
226 299
226 342
226 354
226 406
226 460
226 490
226 493
226 510
226 527
226 547
226 675
226 701
226 718
226 761
226 812
226 991
227 238
227 240
227 274
227 419
227 554
227 627
227 665
227 926
228 413
228 419
228 494
228 525
229 316
229 391
229 491
229 503
229 504
229 539
229 724
229 797
229 990
230 233
230 281
230 438
230 529
230 595
230 615
230 697
230 722
230 780
230 831
230 842
230 940
230 965
231 274
231 329
231 365
231 621
231 711
231 953
231 956
232 235
232 247
232 254
232 342
232 348
232 463
232 518
232 605
232 736
232 752
232 839
232 863
232 908
232 951
233 391
233 437
233 468
233 583
233 875
233 895
234 293
234 379
234 422
234 488
234 936
235 393
235 482
235 523
235 648
235 714
235 748
235 821
235 946
235 972
236 289
236 332
236 407
236 515
236 536
236 821
236 936
237 399
237 610
237 965
238 381
238 436
238 479
238 487
238 509
239 266
239 284
239 430
239 456
239 486
239 524
239 544
239 607
239 651
239 690
239 738
239 809
239 919
239 933
239 947
240 255
240 288
240 331
240 415
240 446
240 458
240 488
240 527
240 565
240 576
240 689
241 706
242 319
242 325
242 335
242 423
242 744
242 874
243 253
243 294
243 443
243 460
243 519
243 562
243 633
243 699
243 806
244 254
244 337
244 370
244 695
244 726
244 823
245 318
245 323
245 433
245 808
245 874
245 885
246 252
246 257
246 317
246 322
246 345
246 514
246 526
246 528
246 566
246 787
246 797
246 836
247 271
247 281
247 285
247 290
247 300
247 312
247 339
247 373
247 393
247 399
247 462
247 530
247 542
247 591
247 818
247 896
247 979
248 379
248 585
248 641
248 672
248 730
248 951
248 972
249 564
249 662
249 676
249 690
249 712
249 898
250 300
250 301
250 851
251 292
251 358
251 551
251 566
251 692
251 772
251 779
252 446
252 505
252 507
252 518
252 683
252 695
252 718
252 720
252 741
252 910
253 331
253 333
253 451
253 554
254 298
254 307
254 559
254 574
254 588
254 666
254 683
254 740
254 813
254 873
254 874
254 959
255 265
255 267
255 300
255 479
255 549
255 577
255 618
255 619
255 645
255 728
255 833
255 925
255 933
256 552
256 578
256 719
256 759
256 854
256 935
257 284
257 338
257 358
257 383
257 459
257 485
257 909
258 291
258 562
258 958
258 980
259 596
259 623
259 858
259 942
260 313
260 388
260 390
260 449
260 528
260 537
260 667
260 707
260 853
261 324
261 465
261 547
261 554
261 569
261 744
261 756
261 790
261 822
261 824
262 676
262 824
262 891
262 924
263 297
263 362
263 371
263 683
263 731
264 286
264 394
264 489
264 729
264 922
265 424
265 448
265 458
265 653
265 654
265 795
265 850
265 903
266 464
266 605
266 764
266 838
266 992
267 799
267 856
267 986
268 272
268 273
268 390
268 401
268 426
268 431
268 525
268 740
268 767
268 914
268 943
268 956
268 965
269 277
269 287
269 330
269 362
269 390
269 724
269 763
269 829
269 932
270 376
270 790
271 496
271 865
272 289
272 383
272 590
272 685
272 737
272 774
272 981
273 285
273 370
273 696
273 825
273 983
274 319
274 420
274 558
274 580
274 602
274 944
275 421
275 604
275 728
276 307
276 330
276 335
276 367
276 533
276 582
276 588
276 744
277 295
277 301
277 340
277 354
277 403
277 629
277 674
277 783
277 937
277 991
278 408
278 421
278 454
278 530
278 579
278 590
278 609
278 621
278 661
278 739
278 821
278 868
278 901
278 969
278 971
279 306
279 342
279 363
279 381
279 384
279 387
279 395
279 398
279 535
279 553
279 557
279 622
279 625
279 650
279 686
279 791
279 824
279 872
279 962
280 652
281 368
281 526
281 568
281 629
281 726
281 945
282 311
282 415
282 602
282 607
282 739
282 786
283 309
283 505
283 638
283 663
283 664
283 765
283 794
284 308
284 391
284 517
284 541
284 630
284 837
285 318
285 343
285 361
285 367
285 493
285 498
285 652
285 877
285 989
286 321
286 351
286 388
286 569
286 873
287 417
287 418
287 441
287 450
287 610
287 778
287 819
287 862
287 911
287 944
287 951
288 289
288 351
288 401
288 438
288 849
289 326
289 369
289 476
289 531
289 790
289 938
290 490
290 608
290 696
290 734
290 766
290 777
290 913
290 989
291 354
291 358
291 494
291 521
291 624
291 664
291 790
291 980
292 627
292 751
293 407
293 552
293 780
293 924
294 493
294 552
294 733
294 811
295 332
295 378
295 387
295 522
295 703
295 726
295 835
295 941
296 437
296 535
296 680
297 385
297 387
297 394
297 427
297 626
297 955
298 361
298 546
298 696
298 905
299 430
299 779
299 828
299 890
299 911
299 915
300 309
300 312
300 332
300 854
301 336
301 856
301 904
302 364
302 433
302 462
302 636
302 736
302 810
302 919
303 717
303 732
303 913
304 409
304 434
304 502
304 504
304 510
304 572
304 639
304 846
304 913
304 917
305 392
305 435
306 338
306 420
306 576
306 591
306 742
307 312
307 410
307 442
307 556
307 569
307 655
307 671
307 712
307 738
307 793
307 986
308 339
308 478
308 671
308 823
308 848
308 945
309 417
309 438
309 471
309 496
309 532
309 546
309 568
309 615
309 630
309 699
309 765
309 773
309 849
309 866
309 937
310 464
310 592
310 601
311 361
311 412
311 442
311 456
311 472
311 476
311 484
311 525
311 631
311 653
311 752
311 843
311 883
311 900
312 352
312 370
312 373
312 405
312 468
312 609
312 727
312 769
312 782
312 939
314 326
314 372
314 398
314 411
314 429
314 441
314 555
314 776
314 932
315 317
315 324
315 350
315 364
315 408
315 447
315 537
315 834
315 957
316 420
316 584
316 963
317 599
317 670
317 718
317 799
317 925
317 927
318 346
318 441
318 714
318 824
319 326
319 328
319 375
319 445
319 461
319 486
319 497
319 514
319 538
319 555
319 565
319 768
319 827
319 891
319 892
319 990
320 411
320 511
320 528
320 532
320 637
320 705
320 733
320 756
320 913
321 374
321 510
321 592
321 764
321 939
322 380
322 444
322 568
322 593
322 633
322 671
322 768
322 881
322 895
322 913
323 369
323 757
323 822
324 608
324 621
325 328
325 353
325 390
325 421
325 445
325 510
325 612
325 709
325 727
325 963
326 348
326 349
326 402
326 592
326 604
326 627
326 783
326 909
327 347
327 393
327 423
327 535
327 587
327 608
327 732
327 768
327 879
327 926
328 375
328 420
328 754
328 835
328 872
328 899
329 373
329 777
329 787
329 851
330 480
330 560
330 851
330 853
330 962
331 350
331 366
331 492
331 663
331 868
332 483
333 348
333 567
334 364
334 393
334 493
334 617
334 697
334 862
335 471
335 778
335 993
336 349
336 378
336 420
336 432
336 677
336 772
336 844
336 853
336 874
336 888
337 374
337 471
337 735
338 355
338 559
338 654
338 752
338 955
339 417
339 423
339 530
339 629
339 690
339 888
339 950
340 345
340 430
340 451
340 461
340 542
341 442
341 458
341 496
341 521
341 738
341 739
342 397
342 401
342 771
342 802
343 487
343 599
343 810
343 870
343 931
344 508
345 353
345 441
345 576
345 886
346 418
346 454
346 524
346 640
346 961
347 378
347 456
347 662
347 716
347 933
348 436
348 737
348 945
348 988
349 700
350 381
350 728
350 883
351 414
351 588
351 704
351 715
351 734
351 957
352 367
352 415
352 537
352 540
352 615
352 739
352 854
352 886
353 380
353 454
353 472
353 516
353 739
353 859
353 954
355 643
356 727
356 918
357 403
357 570
358 366
358 398
358 598
358 682
359 443
359 445
359 487
359 494
359 498
359 816
359 860
359 891
360 373
360 443
360 606
360 609
360 902
361 426
361 431
361 655
361 867
361 964
362 434
362 478
362 498
362 920
362 939
362 950
363 510
363 532
363 598
363 616
363 676
363 698
363 980
364 501
364 577
365 425
365 450
365 490
365 539
365 612
365 777
365 799
365 885
366 367
366 371
366 408
366 632
366 641
366 652
366 676
366 743
367 386
367 783
367 798
367 813
367 937
368 495
368 636
368 753
369 457
369 542
369 586
369 624
369 666
369 720
369 765
369 973
370 374
370 387
370 395
370 413
370 493
370 627
370 644
370 785
370 964
371 543
371 810
371 927
372 397
372 451
372 519
372 678
372 860
372 888
373 409
373 543
373 668
373 694
373 962
374 386
374 404
374 545
374 767
375 437
375 497
375 510
375 692
375 794
375 830
375 867
375 871
376 387
376 389
376 412
376 430
376 455
376 496
376 540
376 562
376 812
376 863
376 920
377 422
377 986
379 391
379 573
379 642
379 709
379 717
379 742
379 747
379 921
380 382
380 947
381 404
381 422
381 553
381 603
381 857
381 905
382 448
382 554
382 748
382 881
382 888
383 408
383 502
383 623
383 770
383 892
384 387
384 473
384 938
385 975
386 649
386 777
386 786
386 818
387 443
387 458
387 477
387 538
387 558
387 570
387 733
387 985
388 390
388 417
388 449
388 631
388 726
389 736
390 396
390 432
390 443
390 588
390 619
390 644
390 906
390 910
390 992
391 403
391 450
391 464
391 474
391 499
391 643
391 678
391 875
391 986
392 753
393 445
393 788
394 581
394 629
394 925
395 396
395 416
395 481
395 496
395 525
395 557
395 594
395 597
395 655
395 703
395 883
395 893
396 551
396 733
396 775
396 785
396 882
396 935
396 958
397 457
397 458
397 628
397 778
398 646
398 725
398 861
399 534
399 961
399 986
400 436
400 479
400 720
400 730
400 817
401 450
401 455
401 494
401 517
401 573
401 611
401 619
401 632
401 655
401 665
401 871
401 929
402 505
403 444
403 556
403 558
403 651
403 966
404 430
404 574
404 606
404 659
404 709
404 764
404 797
404 803
404 849
405 687
407 478
407 710
407 771
407 974
407 984
408 424
408 501
408 509
408 574
408 622
409 429
409 598
409 659
409 715
409 728
409 966
409 968
410 504
410 642
410 670
411 433
411 540
411 694
411 776
411 779
412 823
413 454
413 513
413 606
413 740
414 433
414 532
414 534
414 541
414 629
414 907
415 476
415 530
415 629
415 667
415 683
415 746
416 642
416 746
416 904
416 905
416 960
417 535
417 739
417 932
418 503
418 578
418 621
418 862
418 934
419 467
419 840
420 427
420 549
421 451
421 511
421 585
421 778
422 501
422 618
422 620
422 687
422 806
423 459
423 610
423 702
423 751
423 752
423 782
423 929
423 967
423 974
424 709
424 724
424 766
427 477
427 687
427 800
427 889
428 487
429 630
429 656
429 893
429 921
429 982
430 726
430 808
431 449
431 594
431 622
431 653
432 449
432 533
432 576
432 700
432 730
433 558
433 865
433 877
434 453
434 500
434 596
434 861
434 931
434 976
435 836
435 930
436 439
436 479
436 936
436 974
437 595
437 602
437 715
437 749
437 848
438 508
439 521
439 708
439 729
439 820
439 830
439 934
439 956
440 463
440 499
440 528
440 580
440 592
440 623
440 647
440 677
440 689
440 751
440 759
440 762
440 805
440 833
440 870
440 960
441 536
441 708
442 469
442 515
442 637
442 675
443 550
443 571
443 729
443 766
444 812
445 593
445 793
446 470
446 492
446 584
446 686
446 766
446 951
447 492
447 615
447 674
447 765
448 894
449 513
449 579
450 530
450 561
450 563
450 571
450 762
450 910
450 967
451 498
451 540
451 571
451 694
451 791
451 981
452 474
452 597
452 648
452 745
453 507
453 823
453 894
454 480
454 493
454 636
454 717
454 809
455 481
455 869
455 946
456 620
456 626
456 783
456 864
456 883
456 940
457 473
457 543
457 600
457 642
457 662
457 731
457 780
457 792
457 822
457 859
457 909
458 770
459 580
460 474
460 567
460 614
460 675
460 819
460 845
460 885
461 532
461 533
461 551
461 639
461 833
461 945
462 581
462 721
462 757
462 769
462 859
463 475
463 534
463 616
463 935
464 481
464 544
464 625
464 839
465 550
465 618
465 681
465 899
465 915
466 548
466 592
466 603
466 665
466 731
466 900
467 596
468 474
468 488
468 586
468 709
468 833
468 906
469 528
469 651
469 711
469 730
469 762
469 868
469 919
469 985
470 563
470 580
471 507
471 550
471 684
471 959
472 669
473 601
473 688
473 825
473 993
475 515
475 750
476 521
476 552
476 581
477 543
477 917
477 953
479 533
479 537
479 575
479 595
479 642
479 761
479 818
479 869
479 882
479 892
479 893
480 483
480 611
480 618
480 699
480 767
480 835
481 506
481 516
481 542
481 581
481 601
481 628
481 651
481 686
481 776
481 921
482 578
482 588
482 616
482 768
482 907
482 984
482 990
483 504
483 643
483 798
484 644
484 656
484 954
484 977
485 499
485 503
485 507
485 513
486 914
487 630
487 683
487 903
488 515
488 685
488 802
489 595
489 609
489 614
489 803
490 500
490 578
490 773
490 879
490 902
490 903
491 702
491 708
491 769
491 773
491 938
491 952
492 762
493 506
493 639
493 860
493 886
493 955
493 975
494 847
495 779
495 792
495 857
496 525
496 528
496 583
496 627
496 840
496 841
496 929
497 519
497 575
497 607
497 660
497 794
497 966
498 646
498 689
498 760
498 900
498 929
499 628
499 796
500 665
500 675
501 565
501 584
501 796
501 982
502 509
502 566
502 570
502 635
502 647
502 652
502 663
502 690
502 967
503 710
503 771
503 809
504 627
504 773
504 982
505 684
505 740
505 992
506 564
506 918
506 940
506 944
507 645
507 954
507 993
508 648
509 532
509 673
510 550
510 587
510 616
510 719
510 944
511 678
511 740
511 850
511 911
511 969
512 571
512 596
512 648
512 649
512 665
513 537
513 566
513 598
513 636
513 724
513 813
514 576
514 965
515 671
515 680
515 731
515 876
515 885
515 934
516 604
516 638
516 686
516 689
516 774
516 784
516 801
516 911
517 521
517 523
517 667
517 696
517 701
517 704
517 705
518 617
518 672
518 753
519 687
519 812
519 849
519 885
519 950
520 531
520 637
520 705
520 765
520 806
520 814
521 579
521 597
521 634
521 646
521 693
521 805
523 804
524 791
525 551
525 560
525 586
525 640
525 739
525 741
525 808
525 884
525 924
525 956
527 667
528 891
529 590
529 591
529 593
529 727
529 837
529 870
529 906
529 949
529 971
530 564
530 572
530 653
530 754
530 869
530 897
530 938
530 959
531 581
531 645
532 673
532 960
533 584
533 806
533 821
534 603
534 750
534 855
535 618
535 864
536 542
537 636
537 644
537 933
537 948
538 687
539 610
539 630
539 759
539 767
539 804
539 962
540 561
540 964
541 650
541 972
542 723
542 820
542 832
542 841
543 792
543 969
544 616
544 713
544 881
546 633
546 778
546 884
547 634
547 725
547 770
547 799
547 803
548 645
548 682
548 738
549 788
549 820
550 589
550 789
550 849
550 968
551 670
551 756
552 662
552 934
553 867
555 765
556 667
556 691
556 841
556 842
557 603
557 707
557 746
557 767
557 774
557 847
557 889
557 906
557 910
558 926
558 944
559 700
559 906
559 941
559 992
560 645
560 807
561 799
562 606
562 624
562 764
564 628
564 703
564 810
565 736
565 832
565 858
565 895
566 681
566 755
567 807
567 840
567 957
569 669
569 967
570 617
570 813
570 876
571 597
571 704
571 746
571 800
572 580
572 754
573 691
574 595
574 644
574 698
575 619
575 989
576 634
577 638
577 941
578 600
578 788
579 658
579 716
579 725
579 904
579 912
580 607
580 811
581 703
581 748
582 654
584 751
585 591
585 658
585 721
586 696
586 842
586 927
586 940
587 793
587 868
587 888
588 600
589 670
589 698
589 840
589 950
590 861
590 870
591 988
593 610
593 934
594 709
594 810
594 880
594 930
595 626
595 755
595 851
595 859
595 866
595 928
595 937
597 803
597 905
598 691
598 769
599 685
599 708
599 800
599 887
600 679
600 763
601 770
601 777
601 842
601 857
601 874
601 875
601 910
601 912
601 950
602 610
602 686
602 773
602 808
603 896
604 789
604 836
604 868
605 881
606 778
607 669
607 695
607 793
607 860
607 910
608 898
610 701
611 831
611 912
611 971
612 695
612 794
612 938
614 713
614 874
615 872
615 993
616 665
616 877
616 944
617 658
617 660
617 671
618 797
619 815
619 851
620 640
620 808
620 880
621 884
622 861
622 914
623 795
623 797
623 858
624 626
624 803
625 681
625 704
626 804
626 884
626 985
628 730
628 813
632 649
632 788
632 807
633 761
633 776
635 660
635 792
636 854
637 750
637 898
637 913
638 736
639 729
639 865
640 819
640 845
642 673
643 693
644 676
644 709
644 930
644 939
644 948
645 653
645 827
645 835
646 796
646 872
647 811
647 828
648 673
648 789
649 681
649 723
649 883
650 690
650 823
650 973
651 861
651 965
652 825
653 770
653 978
654 743
654 802
655 874
656 756
657 665
657 908
659 737
659 979
660 700
660 791
660 964
661 781
661 795
662 701
662 706
664 714
664 753
664 986
665 814
665 827
665 837
665 935
666 755
667 677
667 725
668 718
668 956
670 845
671 681
672 810
673 716
673 721
673 785
673 807
673 820
675 693
675 742
675 817
675 845
676 966
677 689
678 744
679 718
682 692
682 710
682 934
682 981
683 890
684 783
684 836
684 908
684 959
685 715
685 742
685 743
686 723
687 862
687 919
687 976
688 765
689 781
689 830
689 909
691 755
691 932
692 898
692 984
693 982
694 973
694 991
695 795
696 754
697 831
697 862
697 951
698 871
699 776
700 833
700 842
700 857
701 734
702 723
702 734
702 829
702 983
704 711
704 741
705 924
707 755
708 882
708 982
710 849
710 970
711 791
712 735
712 805
712 976
713 858
713 899
713 926
714 828
714 843
714 862
716 726
716 776
716 837
716 861
718 783
718 803
718 839
718 897
719 736
719 789
721 745
726 741
726 784
727 788
730 802
730 853
734 864
735 741
737 810
739 763
739 884
740 756
740 780
740 839
740 933
741 754
741 760
741 836
741 855
742 768
742 834
743 880
746 920
747 927
747 946
748 852
748 873
748 895
748 919
749 784
749 930
749 938
749 993
750 834
753 966
754 947
757 932
760 894
760 954
762 896
763 929
763 960
764 852
765 839
767 897
768 817
769 927
770 958
771 852
773 793
773 819
775 845
775 871
776 817
776 871
778 878
779 825
779 852
780 814
782 895
783 788
784 957
785 973
786 835
786 935
787 812
787 821
788 844
788 967
789 902
790 918
791 880
791 929
792 836
792 920
794 863
794 883
794 916
794 970
798 828
798 838
798 958
798 987
801 901
803 822
804 865
805 878
806 884
808 815
810 866
810 916
810 969
811 848
812 832
812 987
813 888
815 869
815 946
820 830
821 916
822 825
823 850
823 918
826 893
826 947
828 882
828 945
828 957
834 977
835 895
837 908
838 977
841 989
846 947
846 976
847 936
849 941
850 881
851 885
856 949
858 895
858 935
863 868
863 870
863 955
863 977
864 954
866 871
866 946
867 922
871 926
872 900
872 965
876 898
876 901
877 887
878 956
879 952
880 953
881 979
884 887
884 892
886 907
886 948
887 925
888 961
890 938
890 958
891 949
894 973
895 901
897 931
897 939
900 956
901 979
903 988
906 949
906 967
913 980
915 961
915 968
919 965
929 950
930 974
931 989
935 941
936 946
938 984
940 979
942 943
949 992
952 960
959 973
960 991
969 992
