0	0.80764553
1	0.80751771
2	0.80033103
3	0.80454216
4	0.80088887
5	0.47176172
6	0.80638145
7	0.79802749
8	0.75032648
9	0.80735447
10	0.80751501
11	0.80758111
13	0.80748752
14	0.80527150
15	0.80735481
16	0.80730236
17	0.80648078
19	0.80765919
22	0.80652884
23	0.79988786
24	0.80757302
26	0.80445025
27	0.80393221
33	0.80581467
43	0.80306408
44	0.79814890
48	0.76476543
49	0.79848061
50	0.79421585
54	0.79734604
58	0.80361012
65	0.77338887
67	0.74951922
68	0.74781771
79	0.77236020
88	0.75303002
92	0.74053642
93	0.73101788
99	0.71315363
100	0.77472934
101	0.79121585
106	0.78766172
108	0.71948567
122	0.70954924
127	0.69301653
128	0.70310894
131	0.65182715
133	0.77792277
138	0.67645464
163	0.67241686
164	0.77730809
166	0.75756948
173	0.67483659
179	0.66344216
182	0.73571248
183	0.73245902
191	0.70673137
193	0.62656560
201	0.63602664
202	0.68149730
203	0.72766577
204	0.73270236
208	0.75138904
217	0.63784621
218	0.56729713
223	0.62227437
235	0.60147403
241	0.70079646
250	0.68810017
254	0.63924975
256	0.67236543
264	0.70535919
266	0.64297133
276	0.63724401
285	0.65633002
301	0.57246931
309	0.68806391
312	0.63360927
314	0.57778280
331	0.66622681
337	0.62012310
341	0.61476594
343	0.61112530
346	0.59664064
349	0.57458449
355	0.59647656
356	0.58359410
373	0.63050051
383	0.64686830
401	0.61387555
419	0.55901062
421	0.63014654
472	0.58255413
478	0.63197723
508	0.62932934
512	0.55760641
513	0.54676948
520	0.59107909
535	0.56184722
541	0.56960438
544	0.56112530
545	0.55612243
546	0.54983676
565	0.54770573
571	0.56840843
588	0.56551653
12	0.80711029
20	0.80301197
21	0.80743035
25	0.80552749
28	0.80640944
29	0.80427841
31	0.79544604
35	0.80152614
41	0.78905599
46	0.79274283
47	0.80694637
60	0.78616189
62	0.78916138
64	0.76125194
69	0.76099191
71	0.77358904
73	0.75772175
77	0.74161113
81	0.76352513
83	0.80066003
84	0.76208617
86	0.77003406
94	0.69605649
105	0.74399899
107	0.74442277
109	0.75923777
111	0.77886105
112	0.68533642
113	0.74554266
118	0.76707841
143	0.73732260
152	0.75027015
160	0.65692580
171	0.70991501
177	0.72293120
195	0.70888718
199	0.69751029
205	0.65761973
207	0.74638550
212	0.64886627
226	0.64562985
227	0.65992293
230	0.65320590
232	0.72915312
233	0.64186695
234	0.73202428
248	0.67641956
262	0.58643457
282	0.69574233
292	0.64641804
295	0.58521653
303	0.65922664
307	0.60982445
318	0.63194789
329	0.60037251
354	0.62715767
363	0.56450236
368	0.58870877
377	0.57681130
384	0.59569713
388	0.70444115
394	0.59530202
395	0.63820202
407	0.58626526
414	0.60523912
416	0.64901568
423	0.57617892
424	0.57761046
428	0.59465852
435	0.56544030
443	0.59495110
484	0.56184469
487	0.59913659
497	0.57814081
509	0.59477605
567	0.54448364
579	0.55999275
39	0.80400169
51	0.73915497
52	0.80144587
80	0.77291366
139	0.76199444
140	0.75040304
148	0.66678718
174	0.72715514
213	0.66449494
215	0.65938094
244	0.67974250
268	0.63015447
339	0.57264317
364	0.64445852
365	0.63254064
399	0.59303761
504	0.55571164
570	0.57876138
584	0.56161737
30	0.80741872
42	0.70442715
57	0.79351788
61	0.77972766
97	0.77605363
145	0.71274671
176	0.73762125
197	0.65996442
257	0.69143727
258	0.67052985
281	0.70670270
284	0.64455143
296	0.62209022
297	0.61857234
325	0.68915616
396	0.59503305
426	0.56597352
447	0.58208887
463	0.59438600
496	0.64418735
560	0.56497234
569	0.54112985
18	0.80711265
34	0.80247336
37	0.79454553
38	0.79789393
87	0.73774789
117	0.74483980
142	0.70023912
157	0.72022327
178	0.69212681
189	0.69726492
228	0.72490809
229	0.59199224
359	0.66712277
372	0.64086627
385	0.59221450
397	0.64649393
436	0.65096847
437	0.58854705
444	0.63999224
449	0.63056526
523	0.56126678
580	0.54753541
180	0.60323744
274	0.60713221
53	0.80559781
55	0.80593187
66	0.80291788
91	0.75976796
96	0.72298651
102	0.77524536
115	0.76129056
135	0.69447403
141	0.70942395
175	0.72295025
231	0.62087960
236	0.68732142
273	0.65058567
299	0.73180776
334	0.64777943
335	0.59814047
411	0.61926003
412	0.62144688
432	0.53524418
479	0.57598668
526	0.54055683
534	0.55315885
557	0.53890354
32	0.78705025
56	0.73262782
74	0.77646324
188	0.63953929
237	0.63106324
261	0.65900927
280	0.59355379
379	0.61958988
452	0.55483406
492	0.55272361
507	0.56369022
510	0.54667892
522	0.55036560
563	0.53833744
286	0.64601501
287	0.62776880
338	0.56237386
393	0.58002782
400	0.61804587
553	0.54073052
585	0.54149730
36	0.79729562
45	0.80610742
63	0.73200084
98	0.72364233
110	0.77129562
125	0.74302175
161	0.73260573
165	0.67670118
181	0.70256914
219	0.74360489
222	0.70302327
249	0.66622125
253	0.64514435
294	0.56886206
304	0.67229899
324	0.59690877
342	0.61632597
361	0.61169696
369	0.63784418
387	0.60580506
409	0.58779477
453	0.61265059
467	0.58663019
471	0.63305481
505	0.57881079
515	0.55334705
524	0.55809696
530	0.55806627
542	0.56436965
547	0.56573390
555	0.56514368
574	0.54836391
40	0.79633727
59	0.79826560
76	0.77987909
82	0.75925885
116	0.71600590
134	0.71999292
137	0.76009376
144	0.66452749
147	0.68279933
150	0.64323541
153	0.69437740
154	0.70790641
170	0.65264384
184	0.76122799
194	0.62356712
198	0.68194823
239	0.63130944
277	0.56242293
358	0.62939022
371	0.65169595
382	0.54266374
429	0.63301771
451	0.61336796
460	0.62962361
473	0.54200607
482	0.56205616
495	0.58399612
503	0.51996897
506	0.56782192
536	0.54202361
538	0.55054368
543	0.57118078
558	0.56158836
70	0.71331821
89	0.71382530
103	0.73635953
119	0.77617032
120	0.73400877
151	0.76091400
220	0.74336290
224	0.63541450
259	0.72074503
288	0.71175329
290	0.61519848
293	0.62067841
322	0.70763120
330	0.57790708
398	0.63987555
417	0.62715295
431	0.62940742
434	0.59447386
474	0.57640135
533	0.55661939
577	0.53173761
72	0.77319696
90	0.79776290
123	0.73152664
156	0.64160051
187	0.61671298
190	0.69889730
211	0.63999562
245	0.66611180
260	0.66119713
278	0.61001383
320	0.62060135
326	0.62419207
347	0.59399983
357	0.62608786
367	0.63854874
386	0.57344941
389	0.61350860
408	0.60589528
415	0.58125616
439	0.71738078
441	0.60215784
491	0.56554233
498	0.55483204
525	0.56448533
576	0.55817302
590	0.56712344
78	0.76981518
124	0.73557049
129	0.66732580
136	0.74511180
158	0.72183524
169	0.72139511
196	0.63453373
200	0.67808078
221	0.69955750
251	0.68858111
252	0.67631585
255	0.60190978
263	0.71352479
265	0.65058246
272	0.61713187
275	0.60568482
308	0.63699444
311	0.65400371
327	0.61597605
340	0.59462091
351	0.58134941
353	0.59300759
392	0.59502563
402	0.64316948
418	0.57384334
420	0.58159022
438	0.60500961
461	0.59566914
462	0.55941501
475	0.57580556
501	0.55581231
514	0.56135379
540	0.59564739
589	0.54617909
126	0.70086863
185	0.65995464
242	0.59230405
315	0.61516965
445	0.62152934
476	0.58691450
552	0.54565734
556	0.56550826
591	0.54256847
85	0.74010185
192	0.68211180
225	0.67719292
270	0.72611332
366	0.60623524
375	0.62879865
481	0.60251383
566	0.52628971
121	0.75625683
238	0.72662175
246	0.71202142
313	0.58004384
332	0.59947673
345	0.56904233
370	0.60539325
403	0.56949157
410	0.61893794
425	0.64923592
465	0.55941467
480	0.57416813
488	0.54429781
529	0.53096981
104	0.60587218
167	0.65696442
291	0.64502614
427	0.59469916
477	0.58238246
494	0.54986830
511	0.55375143
516	0.57411602
114	0.76374621
146	0.73230202
155	0.73876155
159	0.75317892
267	0.66593052
269	0.65005548
413	0.64317049
456	0.60971922
486	0.56174604
575	0.53174317
592	0.53287656
75	0.79017943
149	0.74334486
209	0.75493659
240	0.65101535
283	0.70960438
305	0.56046745
348	0.61973929
360	0.60735228
406	0.59431669
450	0.58517639
470	0.55662462
489	0.55084283
490	0.57232968
500	0.59823693
519	0.58111130
548	0.59225481
551	0.52343103
422	0.62223052
573	0.54846712
130	0.74463777
172	0.74300759
271	0.64965413
310	0.60309831
319	0.55287690
352	0.60011180
531	0.52878567
214	0.74920708
300	0.56899815
374	0.55678583
582	0.54806256
186	0.69869511
446	0.58128533
517	0.55503238
162	0.69974452
381	0.54300675
430	0.63228432
440	0.62057521
581	0.54729106
586	0.54747487
587	0.54629376
323	0.63066003
390	0.55360270
132	0.75577825
168	0.75400236
298	0.68503862
376	0.65039460
468	0.59603322
499	0.54937352
321	0.59711197
328	0.64946054
350	0.63977454
549	0.56036914
95	0.67037302
378	0.56188752
469	0.54832715
532	0.54400877
333	0.64896728
483	0.56381906
550	0.56869713
391	0.54582614
405	0.57304975
485	0.54935632
521	0.55478078
561	0.54996459
247	0.62622867
302	0.68323575
317	0.67257993
493	0.57422327
206	0.68554992
344	0.61064722
537	0.59581214
568	0.52453137
316	0.57994266
404	0.56741889
442	0.62476931
539	0.60034688
210	0.69089933
279	0.65988617
448	0.59034334
502	0.53439966
336	0.54466408
455	0.57176290
464	0.56975464
518	0.56445329
362	0.57224536
243	0.72484199
289	0.58457589
458	0.60455784
466	0.52999966
216	0.67671602
527	0.53799022
433	0.53782260
457	0.52311821
578	0.51551653
380	0.59431197
454	0.54197622
528	0.52501417
554	0.53615177
564	0.52137572
572	0.54632715
562	0.53907841
459	0.54737976
306	0.61130944
559	0.54652310
583	0.51257454
