0	0.80764370
1	0.80470469
2	0.72075827
3	0.80708469
4	0.79994346
5	0.80078543
6	0.78478148
7	0.78027309
8	0.80694593
9	0.80800642
10	0.80697975
11	0.80684494
12	0.80489309
13	0.80770025
14	0.80720321
15	0.80768099
19	0.80635457
21	0.80742519
22	0.80452198
23	0.77736840
25	0.80114568
29	0.80592938
32	0.76402889
38	0.76385877
39	0.71490395
44	0.80394617
45	0.80242840
46	0.78400321
47	0.68000864
48	0.77607309
51	0.78819926
57	0.78726963
58	0.69516988
64	0.77054420
65	0.78597383
66	0.75799531
67	0.73404099
70	0.77701309
71	0.76139753
73	0.72427086
74	0.64825728
76	0.76826988
79	0.68215333
81	0.76437753
83	0.67127975
84	0.79077556
89	0.75858840
92	0.74948000
93	0.63189827
100	0.74365951
105	0.75078938
108	0.74751951
110	0.69858741
111	0.70514914
112	0.76219506
113	0.70475556
114	0.71031975
119	0.72053407
122	0.67317333
128	0.61662444
136	0.66482074
138	0.70951630
141	0.68240667
143	0.71025235
149	0.72521235
151	0.59824370
153	0.63917852
154	0.59554568
160	0.65713235
162	0.68907975
170	0.59746099
172	0.59627383
174	0.68068000
176	0.74045235
178	0.67506469
184	0.68800988
190	0.70685383
191	0.62087654
192	0.60769951
194	0.66461284
197	0.66472346
208	0.57696370
210	0.69010494
220	0.62019778
225	0.63495802
227	0.59153259
248	0.56140198
259	0.63130000
263	0.62721333
264	0.56463235
265	0.60687556
271	0.59665605
276	0.55117481
288	0.57776519
289	0.56816148
291	0.55287753
294	0.54934049
297	0.57965778
298	0.60710222
304	0.56859185
310	0.55314148
315	0.63746617
329	0.54288691
331	0.57117383
333	0.61200642
336	0.53013037
337	0.54204642
361	0.57024642
370	0.55525827
378	0.55430296
384	0.55192716
388	0.55500494
394	0.54310988
17	0.80768593
26	0.79903556
30	0.78941383
31	0.80223432
34	0.80367778
40	0.80376173
42	0.70770370
49	0.74553407
52	0.71485975
53	0.76189654
63	0.71260074
77	0.76504963
88	0.70424840
109	0.73710938
124	0.68294765
142	0.66588691
158	0.67530025
216	0.63153235
269	0.58801062
280	0.56105062
296	0.60887037
316	0.59702099
327	0.56612691
365	0.54748321
381	0.54519975
385	0.55955975
402	0.54023556
16	0.80253432
50	0.78644370
166	0.67060642
214	0.64422593
221	0.58189457
245	0.60827753
266	0.53212296
295	0.55402173
376	0.55910765
28	0.80656025
33	0.80296420
54	0.75778691
62	0.78631481
78	0.70289975
86	0.73873531
87	0.78732988
95	0.72988469
96	0.75670148
97	0.76130074
102	0.71996420
103	0.71390568
106	0.67837580
118	0.75392272
120	0.69198691
121	0.74836691
125	0.70292469
126	0.71574370
129	0.77381358
132	0.73511531
144	0.67176173
156	0.64879753
164	0.65332642
168	0.62857333
186	0.62015111
198	0.66697630
203	0.61564667
204	0.64359432
213	0.65198691
240	0.61079457
246	0.59525457
254	0.61336691
256	0.64599975
258	0.61015556
278	0.61199160
299	0.57495926
305	0.57157185
330	0.57682173
355	0.54270914
360	0.55948099
362	0.56447432
372	0.55278667
375	0.57162099
379	0.54179901
380	0.57402395
383	0.54526667
387	0.55082247
391	0.55928123
392	0.55864247
27	0.80711358
59	0.75580272
69	0.77753926
94	0.69036642
107	0.63246765
207	0.65454963
212	0.63666617
229	0.64651086
230	0.71273531
24	0.80715062
37	0.78737086
41	0.78962099
60	0.77359802
61	0.79596370
80	0.73692296
130	0.75564173
134	0.64256148
147	0.58256988
195	0.69231432
199	0.64784173
226	0.60163556
236	0.60967284
273	0.62069160
312	0.57759210
317	0.63829309
346	0.56179506
349	0.57348346
356	0.56587160
397	0.51625210
18	0.80649309
35	0.78413605
56	0.77957531
72	0.65150617
75	0.72697852
137	0.72794741
180	0.62053383
218	0.59976099
262	0.61077556
270	0.63346247
272	0.58571753
313	0.62343407
20	0.80596889
55	0.77922099
99	0.74243654
116	0.72467704
233	0.57140741
247	0.60911778
253	0.60703728
318	0.57974988
351	0.55819975
364	0.58328593
396	0.55934321
36	0.79497062
82	0.71078938
152	0.67240222
161	0.59215901
169	0.60999926
185	0.63838000
215	0.62301630
300	0.56414346
324	0.56638543
390	0.57019877
43	0.78894296
85	0.77437877
90	0.72234914
98	0.71118790
101	0.73303778
131	0.76356395
139	0.68231506
150	0.62371037
193	0.68689877
196	0.65663877
200	0.58210247
206	0.66940889
211	0.59582815
238	0.62689926
261	0.61493975
301	0.59314494
319	0.61353432
342	0.57749111
382	0.54757951
395	0.55336395
399	0.54808741
123	0.74244519
133	0.74457654
155	0.64531407
167	0.65744123
175	0.68483975
234	0.59007778
302	0.58535951
325	0.62217259
326	0.55607877
340	0.54819309
357	0.55894370
366	0.56873753
393	0.55294691
401	0.54693778
177	0.69552790
183	0.67092864
201	0.63112049
209	0.68126074
235	0.66402173
257	0.58934247
277	0.64429753
303	0.58716222
311	0.57831309
314	0.53977333
335	0.56352938
363	0.55132914
369	0.57351556
104	0.74812469
140	0.69396938
146	0.70742395
249	0.66158667
252	0.60185605
282	0.63331160
285	0.60502247
287	0.61243531
68	0.80184296
91	0.71514296
135	0.66477160
255	0.59207432
260	0.66048617
281	0.59508494
368	0.56000988
371	0.60524667
224	0.59175457
268	0.63748741
293	0.58309185
309	0.59781037
339	0.60307160
341	0.56712420
373	0.56923259
374	0.57147531
404	0.56557086
145	0.62416741
189	0.64205679
205	0.63067975
274	0.57095086
353	0.58660790
173	0.57742099
275	0.61918346
307	0.54968889
345	0.54871432
347	0.59905704
127	0.69931062
179	0.65296198
182	0.68656642
222	0.64475358
231	0.66356914
338	0.56359284
358	0.54417284
389	0.53041481
400	0.53916938
403	0.56209086
148	0.66022148
181	0.61584025
188	0.61944370
228	0.63745531
239	0.61010914
115	0.67204444
159	0.59238074
219	0.64306691
237	0.68175704
243	0.60789852
328	0.58238099
332	0.56413926
348	0.54091852
367	0.57361531
117	0.65040444
251	0.64748938
279	0.60676420
283	0.64766790
352	0.59531901
354	0.57765086
321	0.56750593
343	0.55576123
377	0.55261333
284	0.58388815
286	0.58883901
165	0.67384321
232	0.63798395
242	0.57069753
323	0.54948519
350	0.58051407
171	0.63822444
187	0.66097580
223	0.56358519
320	0.56303877
344	0.57580543
163	0.72584247
244	0.58856000
267	0.58896469
217	0.56997679
241	0.61930815
322	0.56066988
202	0.61184889
334	0.56514074
359	0.54909654
398	0.54028272
157	0.68137383
308	0.62715210
386	0.53900198
292	0.56168568
290	0.54748691
306	0.53828568
250	0.54701210
