0	0.80715430
1	0.78474381
2	0.80682577
3	0.80613643
4	0.79993729
5	0.80648746
6	0.80320447
7	0.80618282
8	0.80474141
9	0.80740722
10	0.80731942
11	0.80711409
12	0.80720344
14	0.80685206
15	0.80683797
16	0.80504966
17	0.80575258
18	0.80736529
19	0.80715704
20	0.80726323
21	0.80663282
22	0.80661151
23	0.80704759
33	0.80253849
34	0.80547818
37	0.80641821
39	0.80655120
41	0.78568832
42	0.75978694
44	0.79957990
47	0.71922302
52	0.77855481
53	0.77265206
57	0.78754845
59	0.75960722
60	0.79044192
65	0.79677491
67	0.70651546
69	0.78063058
76	0.79888419
77	0.76093385
85	0.79328677
88	0.76714175
90	0.79363969
100	0.68071735
101	0.68668866
102	0.78043540
104	0.77305052
108	0.74362423
110	0.76729502
113	0.72095430
117	0.68737388
122	0.64458797
125	0.70297423
126	0.71161512
128	0.78400704
130	0.73979175
146	0.67699124
159	0.75416959
162	0.69820464
167	0.72373900
170	0.68448969
171	0.73924278
176	0.77414622
183	0.62027577
193	0.67822509
195	0.66847629
201	0.74991753
208	0.73289072
211	0.66111564
214	0.73832663
220	0.65081426
244	0.71384605
246	0.61235395
249	0.59090292
252	0.66825687
263	0.68305430
265	0.60370361
266	0.63661924
267	0.68023041
270	0.61022457
276	0.71787663
278	0.66426151
289	0.59565962
292	0.68002302
293	0.64755825
294	0.63486426
309	0.67664278
310	0.60353625
316	0.61202405
368	0.67048162
401	0.61430430
408	0.55103436
433	0.61065103
435	0.60363213
446	0.60153024
449	0.58662560
458	0.59567491
460	0.62058540
478	0.55010223
484	0.56467784
494	0.57137096
495	0.54698265
509	0.56842680
516	0.57359777
528	0.56134381
571	0.54563144
43	0.79505808
49	0.78667371
80	0.77374639
95	0.77530979
154	0.71392027
158	0.70659485
191	0.73120326
222	0.72933832
242	0.63537766
253	0.62617835
287	0.66269983
308	0.57669158
371	0.54532904
429	0.54432938
440	0.64323557
469	0.52696907
507	0.58717612
536	0.53497423
13	0.80678196
25	0.80561581
28	0.80637131
30	0.80441649
32	0.80426821
45	0.80238832
51	0.78939691
54	0.74650962
55	0.74733883
56	0.78067887
61	0.78200636
133	0.73618265
142	0.72739863
150	0.73805945
188	0.69713385
192	0.67455928
196	0.71628729
216	0.66795825
223	0.73263333
237	0.64334759
247	0.64636357
260	0.66991598
262	0.66209107
274	0.65825687
296	0.67069777
297	0.62483505
313	0.64484880
315	0.61223282
326	0.64062148
333	0.63925103
356	0.55912715
357	0.60843110
361	0.59236546
369	0.56299553
375	0.62283179
379	0.58678436
395	0.59451890
409	0.58966581
427	0.57359313
444	0.57218436
465	0.60038144
468	0.61109725
471	0.59722595
492	0.56541701
520	0.56106409
525	0.56490533
548	0.54757062
581	0.53480103
27	0.80615979
29	0.80341495
35	0.80715567
46	0.77007079
62	0.79056821
74	0.79357474
78	0.76976203
96	0.72780309
127	0.74414863
156	0.64067887
157	0.69593454
181	0.72210739
199	0.67445979
206	0.59612938
210	0.63979261
213	0.67345945
230	0.71087852
233	0.72170636
257	0.57796203
277	0.67726426
284	0.59098763
306	0.64879124
311	0.63726357
314	0.65415292
317	0.61770223
321	0.67453883
323	0.61646134
329	0.61505670
338	0.58202835
349	0.57942491
350	0.59964313
359	0.66192526
383	0.59653711
434	0.59617990
442	0.63181375
499	0.58685000
504	0.56686392
512	0.57517784
521	0.56667440
524	0.55935309
542	0.53728557
547	0.56084845
554	0.53347869
24	0.80284691
72	0.76378574
119	0.66713591
141	0.73966718
143	0.72847801
144	0.70394536
227	0.67402629
228	0.63308230
272	0.67220344
285	0.73889330
407	0.59604141
436	0.58795962
441	0.57607199
475	0.57479313
480	0.58802749
486	0.55637096
519	0.55805481
527	0.55600034
558	0.54965997
36	0.80366392
48	0.80523333
50	0.75078832
71	0.79613797
79	0.71718488
81	0.73532784
84	0.75242801
92	0.77827577
98	0.76665172
118	0.72593282
190	0.73717096
200	0.59300911
236	0.67277388
298	0.63756271
307	0.65399381
325	0.61104691
342	0.62499674
378	0.59807973
386	0.61058900
402	0.67898660
450	0.56953299
451	0.58170120
453	0.61287835
457	0.57392766
549	0.56576701
553	0.56563608
73	0.78347027
75	0.75100636
83	0.68814072
160	0.66138333
161	0.73614622
164	0.73051082
173	0.67422148
209	0.64207285
290	0.62525034
302	0.59771942
347	0.58399089
363	0.55846392
489	0.57333351
505	0.53388041
533	0.56740275
563	0.56522595
26	0.79138196
68	0.76803625
103	0.73477113
120	0.68196959
179	0.73686942
207	0.72937732
218	0.59662010
221	0.62244399
235	0.68514227
239	0.57209124
240	0.61860704
259	0.63032388
275	0.65573024
320	0.61518694
351	0.63495893
366	0.61370515
384	0.60062801
413	0.65563230
431	0.60251804
479	0.57890017
515	0.51766357
555	0.55548780
572	0.55481667
575	0.55098368
38	0.80542234
58	0.74302646
63	0.79395550
93	0.68711323
180	0.67389880
299	0.57163557
389	0.59855120
392	0.56090584
397	0.63503402
430	0.57786306
463	0.56960842
534	0.54480103
565	0.54678488
568	0.53498196
31	0.79017010
40	0.80415979
70	0.78102079
86	0.71413540
91	0.73077852
99	0.78706134
111	0.72895567
112	0.72432216
132	0.62222423
135	0.73784175
136	0.76818918
149	0.70062698
151	0.70178007
168	0.72000739
177	0.69149622
189	0.59950911
194	0.70804708
197	0.68066100
203	0.60121632
217	0.65123969
231	0.60729450
232	0.65547577
256	0.62683505
280	0.59344966
286	0.61972045
288	0.59380756
291	0.65450412
305	0.63042354
343	0.60394381
370	0.60687680
374	0.62193935
459	0.58407698
481	0.55996615
498	0.57744536
518	0.57122234
535	0.54020515
544	0.54805344
573	0.58111942
577	0.56753007
64	0.76934416
105	0.76954485
163	0.76056632
178	0.71037251
184	0.67525326
204	0.70094278
225	0.71671753
229	0.74617955
248	0.65605378
258	0.65215756
330	0.60956512
331	0.63943900
466	0.58780447
473	0.55584158
579	0.53820412
94	0.77645000
97	0.78752629
107	0.73876220
124	0.77550309
134	0.77784811
145	0.69841220
147	0.77586804
241	0.67408694
328	0.61640945
341	0.61634467
360	0.64576890
377	0.63805430
396	0.55344227
438	0.60268127
452	0.58191460
464	0.57422182
476	0.58474880
510	0.54649313
537	0.55876289
559	0.56275636
564	0.54849966
82	0.73783746
106	0.75773866
121	0.78190876
166	0.70117165
172	0.64002457
174	0.69003746
212	0.68992457
224	0.64048918
251	0.68814966
319	0.65347560
339	0.63707784
382	0.62084278
421	0.53897405
461	0.59092732
483	0.56919485
517	0.55951117
574	0.56126357
576	0.54978557
87	0.76028763
129	0.73182302
140	0.70741684
155	0.66659948
261	0.59091340
271	0.62819863
273	0.57408883
337	0.62563058
346	0.55873024
352	0.54389742
367	0.59075137
394	0.61754072
456	0.60356117
514	0.54561753
561	0.55167715
115	0.68584107
137	0.72478660
215	0.66917354
318	0.62028333
344	0.67815120
355	0.64895241
420	0.57333436
472	0.56773247
539	0.59567457
152	0.68952371
234	0.68129914
269	0.62111254
327	0.64296357
405	0.59930911
425	0.63229519
445	0.62092904
448	0.57469966
462	0.56965069
485	0.58499983
500	0.61177268
506	0.54650206
538	0.56409416
543	0.54815498
546	0.54686443
303	0.60545533
304	0.55068814
312	0.58589536
353	0.56893711
404	0.63918918
439	0.57517234
522	0.57074588
523	0.58955997
530	0.57649759
541	0.55934158
66	0.78202302
138	0.74177440
169	0.73598076
175	0.73025945
186	0.65321254
202	0.72827199
245	0.69406443
264	0.66513471
283	0.63112749
345	0.61620808
426	0.55650722
148	0.65196082
185	0.65465172
205	0.74770584
332	0.62336529
410	0.62077904
411	0.59727955
467	0.53935756
477	0.57732268
531	0.53951340
89	0.76499811
187	0.70268694
219	0.65843454
282	0.70979759
380	0.55130997
391	0.64180172
400	0.58204227
414	0.63723265
447	0.58925241
482	0.61171460
488	0.55180241
532	0.54483986
109	0.70221787
165	0.69542010
182	0.68973127
226	0.65004502
250	0.56572216
268	0.65376838
322	0.62297801
417	0.61309897
551	0.55804330
295	0.60049845
415	0.54668127
490	0.54788677
540	0.51826460
279	0.59481564
364	0.55903540
399	0.66985498
513	0.55295275
526	0.52910292
562	0.51005275
114	0.70938007
123	0.79131632
255	0.67444227
334	0.65159364
569	0.52887698
403	0.58292784
443	0.58825292
470	0.57739330
503	0.53601615
580	0.53306271
139	0.74955739
362	0.62531993
385	0.59806254
243	0.69051684
324	0.57997560
354	0.55611082
358	0.59163711
381	0.61197801
418	0.57328608
419	0.58333814
422	0.55709089
428	0.58624725
455	0.56251924
545	0.55763505
238	0.69796770
301	0.54548729
335	0.61950876
406	0.58230017
557	0.54020825
502	0.53802182
556	0.55697285
566	0.57763883
198	0.68397199
493	0.57050636
116	0.60303316
153	0.63927285
281	0.71240550
131	0.68175584
424	0.57714399
432	0.57260601
390	0.57881357
393	0.61343333
501	0.56343041
578	0.54355206
372	0.68861443
373	0.61309777
388	0.67041357
511	0.54924416
348	0.57213110
550	0.52440704
398	0.58565962
474	0.54947990
416	0.56869347
560	0.55112990
567	0.54528058
365	0.64483746
412	0.57308832
300	0.62317371
336	0.63945533
570	0.52635206
491	0.57695619
423	0.60311701
437	0.60167560
496	0.53231770
454	0.58758900
529	0.55582388
376	0.58007955
487	0.56836254
497	0.53774863
254	0.65380344
387	0.57371529
508	0.53259072
552	0.50953883
340	0.63553385
