0	0.80911432
1	0.80492427
2	0.80519951
3	0.80808034
4	0.73994563
5	0.77090194
6	0.80866845
7	0.79719296
8	0.80754782
9	0.80861820
10	0.80864587
11	0.80879442
13	0.80739126
14	0.80872451
15	0.80903568
16	0.80769782
18	0.80273204
19	0.80750510
20	0.78981481
21	0.80851505
26	0.79787888
27	0.80817379
30	0.80799466
32	0.80819951
33	0.80264442
34	0.79679976
38	0.73495364
41	0.76883083
44	0.79300097
48	0.79694515
50	0.79757573
52	0.77903883
58	0.79983374
59	0.75072136
63	0.77815777
71	0.72938010
72	0.74759951
74	0.68782379
78	0.77542039
84	0.70808617
90	0.75364223
105	0.66879515
109	0.74246189
112	0.70153131
113	0.71777233
119	0.67195291
121	0.76347233
122	0.64350291
127	0.68960364
132	0.66120607
134	0.69643956
135	0.63384636
143	0.75211432
145	0.69627694
147	0.65410898
148	0.64140485
153	0.63596820
155	0.68404660
156	0.71612840
162	0.64573034
177	0.62156117
189	0.69812330
190	0.73415121
193	0.65870583
194	0.67250777
201	0.63258762
213	0.65574029
218	0.62723131
219	0.61709927
222	0.61849757
236	0.55821626
240	0.61208641
241	0.67804515
246	0.66651602
252	0.56903422
260	0.60403908
266	0.63590583
271	0.58937015
282	0.57595874
286	0.57761966
293	0.59444053
308	0.56409417
309	0.63266189
317	0.59626092
343	0.54437549
344	0.61048714
353	0.54474102
356	0.54803786
360	0.54913811
361	0.57662233
365	0.54126845
371	0.56852621
381	0.54955680
386	0.54069782
389	0.55982233
403	0.55328495
406	0.55641748
411	0.52666796
12	0.80881214
23	0.80486408
35	0.77864417
39	0.79125024
43	0.80357985
46	0.70522184
49	0.74028228
51	0.80099223
53	0.80203883
54	0.79148617
57	0.79741820
80	0.73851917
86	0.74734660
95	0.76064879
97	0.65067379
137	0.63750097
144	0.73463617
169	0.61615000
174	0.62362840
227	0.59679806
257	0.60266262
280	0.60744223
284	0.59208762
291	0.58457791
359	0.58293131
17	0.80852160
25	0.79143689
29	0.79637888
40	0.79034733
62	0.77068908
70	0.69312354
73	0.76766869
87	0.70932888
89	0.72127961
115	0.78123422
149	0.68891141
176	0.61856602
192	0.68164879
196	0.66332160
199	0.61497573
256	0.62053228
269	0.59471675
274	0.62149709
285	0.53445558
294	0.59831893
312	0.59236068
327	0.56964393
331	0.59099757
346	0.55969515
364	0.55230801
400	0.54759296
22	0.80704806
24	0.80581626
42	0.78544903
45	0.79729490
47	0.79679417
55	0.74329879
66	0.77447646
92	0.77450000
94	0.74939490
98	0.74753277
106	0.70967257
124	0.73759636
140	0.66842597
154	0.70826165
164	0.68997791
165	0.63676238
179	0.59723034
184	0.66382403
188	0.64917646
191	0.67298738
206	0.67400874
208	0.66467597
209	0.67256141
224	0.60113883
234	0.72438932
251	0.60660607
288	0.59272694
300	0.58430437
379	0.60374951
404	0.55795073
110	0.68451092
126	0.74434854
172	0.72715218
183	0.61771311
228	0.58495995
263	0.61166311
351	0.53104684
399	0.54476044
31	0.79676165
67	0.76467670
79	0.74121845
118	0.66759879
146	0.70030437
150	0.65321772
255	0.55633617
258	0.56303398
264	0.54594126
329	0.56544660
368	0.55760364
382	0.55189782
391	0.55331189
28	0.76733641
36	0.75219272
56	0.76929102
60	0.71788083
61	0.77808883
85	0.75695752
100	0.61119248
101	0.67818762
103	0.72950583
130	0.68980097
133	0.71198932
152	0.62056359
181	0.63501820
195	0.61217937
197	0.59093204
198	0.66123592
216	0.64424005
230	0.60251092
237	0.63875049
244	0.65876650
245	0.62089806
250	0.59696117
265	0.60568762
270	0.62307985
273	0.57250097
278	0.65994951
290	0.56722354
292	0.57053883
304	0.58356141
305	0.57134660
320	0.59984806
335	0.54742646
337	0.62125801
349	0.55949417
362	0.59724612
402	0.58523447
99	0.68785534
163	0.68748422
203	0.62553568
204	0.66231189
226	0.59175583
272	0.61839078
275	0.61239757
330	0.59584709
383	0.53321189
37	0.78552379
65	0.76627937
83	0.76198155
104	0.71905898
111	0.67309393
114	0.73518325
116	0.74021650
125	0.69886311
173	0.59107451
202	0.65686383
205	0.64061699
229	0.58050922
235	0.66613350
319	0.58545243
324	0.59375801
333	0.59071942
363	0.57020024
380	0.57947500
394	0.55844345
409	0.55236068
410	0.53859951
69	0.74410995
77	0.78334709
88	0.70202937
107	0.66113228
141	0.70355413
151	0.68718155
157	0.70464515
168	0.71676214
207	0.60796214
223	0.61616311
253	0.62876141
287	0.68998592
314	0.61158617
325	0.57233301
76	0.79889587
117	0.68148204
129	0.70804296
161	0.58394782
180	0.62578859
182	0.65086165
187	0.65679248
248	0.59305922
254	0.62525170
277	0.57224393
299	0.58373034
302	0.58981917
303	0.61274636
340	0.58199539
347	0.56108471
348	0.56702015
367	0.59976335
108	0.72478495
138	0.71860607
139	0.63401481
142	0.60702718
160	0.68418519
178	0.69962160
185	0.66823689
242	0.58651602
247	0.59330534
267	0.61078859
298	0.61838956
313	0.59756966
316	0.53897791
328	0.56662039
341	0.54274393
352	0.56293762
396	0.51452160
91	0.73116383
123	0.72612451
186	0.61698689
214	0.61169587
215	0.61497354
220	0.61845728
238	0.62526917
243	0.59666044
259	0.63253422
279	0.58661723
326	0.54932767
334	0.55001699
375	0.56788471
384	0.58517646
407	0.56210850
64	0.79871189
93	0.74228811
170	0.71591990
261	0.65523131
276	0.63264612
289	0.70351141
295	0.62011044
310	0.62251383
369	0.56667451
395	0.55364005
68	0.76894927
82	0.71285170
136	0.67902427
232	0.67581505
297	0.56146262
307	0.56531990
315	0.61626966
321	0.54339539
357	0.58940995
75	0.76411917
239	0.64942743
268	0.63052694
374	0.55921917
378	0.56932621
393	0.56665121
397	0.55654612
128	0.73151529
350	0.57094830
376	0.55313107
377	0.57154150
102	0.67805534
120	0.66750510
225	0.62570364
318	0.56939053
342	0.59002354
373	0.56105947
387	0.54978932
81	0.70939782
171	0.69179126
221	0.61130558
398	0.53979078
233	0.61643786
249	0.65420607
96	0.73753811
175	0.69479369
372	0.57101529
385	0.53505558
332	0.58884005
354	0.62654248
158	0.68614223
167	0.61109951
323	0.59039126
338	0.55403252
262	0.59763689
311	0.61024684
336	0.60229417
355	0.53413107
210	0.70643131
212	0.57257087
217	0.59641869
306	0.61849029
388	0.55805947
405	0.54645121
131	0.74269029
322	0.58931796
366	0.55956481
296	0.54307451
159	0.70733058
166	0.67227961
283	0.55462403
408	0.53331189
401	0.57197743
231	0.63324976
345	0.54870534
211	0.57503350
200	0.66362913
301	0.61573859
339	0.57824976
390	0.52751044
281	0.56751335
358	0.55729053
370	0.52423932
392	0.50871359
