0	0.80667600
1	0.80398200
2	0.80560480
3	0.80642580
4	0.19230520
5	0.80504340
6	0.73667560
7	0.80637540
8	0.80627980
9	0.80603320
10	0.80615660
11	0.80619920
12	0.80582700
13	0.80622160
14	0.80577360
15	0.80645940
16	0.80621780
18	0.80436260
19	0.80594620
20	0.80608540
21	0.80448420
22	0.79664240
24	0.80399480
25	0.76666520
26	0.80617540
27	0.78854760
28	0.80445880
29	0.80582020
30	0.80589120
34	0.78808020
35	0.79634960
36	0.79445720
39	0.80095900
40	0.78714360
41	0.79779780
42	0.79802220
43	0.79865040
44	0.78509160
46	0.79606220
47	0.80303020
48	0.79610140
51	0.79483100
53	0.79904620
55	0.76652620
56	0.77144760
57	0.77633460
60	0.76767860
62	0.80015460
64	0.80003820
65	0.73422800
67	0.75194720
69	0.75795160
72	0.70993660
76	0.71654860
81	0.78362980
88	0.77572560
91	0.74666100
92	0.74032960
93	0.72171940
95	0.66610780
98	0.73469780
100	0.73046180
101	0.73859040
104	0.73273420
107	0.68241720
110	0.74174140
111	0.74221700
112	0.71797240
118	0.68804800
119	0.69863300
122	0.75030380
137	0.69546580
144	0.70146200
149	0.75100240
160	0.69267680
162	0.70567780
167	0.68750940
173	0.71718680
174	0.68876260
178	0.73327820
195	0.63128100
201	0.63901480
206	0.64572300
208	0.64780160
214	0.69786340
222	0.68252040
228	0.60117940
230	0.64682160
231	0.67068160
236	0.65669660
237	0.67469440
240	0.67462980
246	0.73579180
248	0.67634300
251	0.64833760
253	0.64641860
256	0.67362280
259	0.59226740
263	0.60967500
282	0.60704440
286	0.61640020
293	0.57296600
295	0.64197580
296	0.61957700
300	0.59964280
306	0.58739420
307	0.66677820
314	0.65786160
316	0.57712200
325	0.57471860
340	0.60639060
342	0.65922360
344	0.58185260
351	0.64113320
353	0.60060720
366	0.62414540
379	0.56782240
385	0.56642560
399	0.54152680
401	0.59149560
412	0.52015200
419	0.56651000
420	0.56355060
425	0.60137700
428	0.56375640
431	0.55810160
435	0.56892460
438	0.58630820
442	0.60061560
452	0.54519500
455	0.57456420
458	0.56369600
466	0.55127300
477	0.54088300
491	0.54588660
497	0.55107860
49	0.78777960
59	0.75568960
82	0.72144680
85	0.74870860
86	0.75657020
90	0.65418620
113	0.74428100
128	0.72988540
153	0.68189400
158	0.73416420
183	0.60246800
194	0.70627000
200	0.74012780
232	0.62842140
247	0.63338860
255	0.60728920
273	0.65006940
285	0.58892420
291	0.58571800
309	0.59948460
310	0.58516820
313	0.59291620
322	0.56232360
361	0.61999360
400	0.58215220
410	0.59394280
411	0.57967040
423	0.57766340
437	0.55611320
489	0.52821420
498	0.55779080
17	0.79708960
33	0.80434060
52	0.77811420
66	0.78931500
68	0.74756420
77	0.76924120
78	0.75005180
83	0.70746960
84	0.76006140
116	0.73071600
121	0.68742920
123	0.70317340
135	0.69334460
143	0.70445960
163	0.74933420
164	0.72366980
165	0.67878940
168	0.59736220
171	0.67420000
176	0.72888000
185	0.67260160
241	0.65278680
243	0.61093780
252	0.59473080
266	0.59524140
323	0.60695460
335	0.60947120
336	0.57221460
348	0.58088600
409	0.57383660
475	0.55831900
31	0.80495960
45	0.77125220
63	0.79178620
75	0.75587800
94	0.76882060
97	0.73965320
99	0.76088900
105	0.73041980
132	0.69206460
142	0.68043420
190	0.73213100
192	0.73949620
193	0.66853840
202	0.72739580
227	0.62659940
229	0.64597760
245	0.65769820
267	0.59395540
272	0.60777700
290	0.62950420
317	0.63454880
318	0.61796220
327	0.64895820
338	0.63408060
355	0.59963580
368	0.56624640
381	0.60080060
382	0.54481300
418	0.53870340
426	0.56105760
427	0.54131060
439	0.55024060
446	0.52639220
459	0.55595200
482	0.54327540
303	0.55172100
38	0.75878340
79	0.74008300
108	0.68792220
109	0.70606840
114	0.63609440
115	0.71968120
145	0.65581560
154	0.63078620
213	0.62476860
220	0.70612240
221	0.58581160
261	0.67069960
358	0.65391160
371	0.57214300
389	0.57719440
445	0.59152460
485	0.55800500
495	0.51872700
499	0.55049140
80	0.77584140
207	0.70961900
210	0.66695920
218	0.70302920
249	0.60321820
254	0.59037960
257	0.56167660
331	0.61604700
436	0.56177740
23	0.80431740
73	0.75579580
74	0.73642220
87	0.76479780
102	0.68694320
117	0.68760440
125	0.76126500
136	0.71254000
186	0.71376100
189	0.73469260
204	0.70035580
212	0.69946660
260	0.67058560
264	0.66685560
274	0.69344800
283	0.62888660
294	0.64033060
333	0.56920100
349	0.61007880
357	0.55997780
375	0.60178920
391	0.56992780
417	0.54864220
454	0.58192880
463	0.54281560
54	0.78634240
129	0.74994600
130	0.74947840
148	0.73842300
177	0.62013920
179	0.64173000
262	0.68566680
269	0.65967100
271	0.65645680
284	0.62790620
287	0.62056380
297	0.57443880
312	0.61135280
324	0.57434120
326	0.62662400
347	0.56482620
373	0.55823980
388	0.57341620
415	0.55150000
429	0.57325220
433	0.55724040
450	0.56714680
474	0.54571240
32	0.80385280
37	0.79348160
58	0.75079920
61	0.79805500
106	0.67318580
120	0.67785140
139	0.67671620
147	0.70300620
157	0.72706240
170	0.70541340
215	0.59685440
219	0.72201120
226	0.67950480
305	0.61286880
311	0.62406020
332	0.55315020
386	0.60038540
395	0.57800520
402	0.55625860
406	0.56859120
414	0.53808900
444	0.57954980
469	0.56087680
50	0.79641240
96	0.76806920
103	0.75302360
134	0.67924940
159	0.66196660
161	0.66756660
203	0.65266940
205	0.69453560
209	0.61227980
224	0.65097360
234	0.63538980
235	0.60811200
250	0.65198580
275	0.56933840
298	0.59122560
319	0.57397800
363	0.61339860
367	0.56234540
407	0.57260340
434	0.59956220
447	0.58910400
461	0.53422320
464	0.58366060
486	0.55211380
488	0.54754940
172	0.60055080
187	0.63475840
225	0.67420260
330	0.57344020
341	0.54592200
365	0.61291420
378	0.57628760
398	0.59029340
408	0.55663820
451	0.53622020
460	0.56878740
471	0.59952780
492	0.53291000
71	0.79694180
126	0.74156880
244	0.65064960
289	0.58034160
308	0.59057860
315	0.64470600
328	0.58422700
346	0.60463300
364	0.55163020
384	0.61549860
478	0.56574880
487	0.52583380
127	0.65996280
155	0.66957260
169	0.63918060
258	0.63674700
281	0.67276160
299	0.66178440
345	0.61450760
350	0.62773340
413	0.59569140
453	0.57674000
465	0.55044380
473	0.56775920
223	0.69304160
457	0.56014180
480	0.54697100
124	0.68070900
191	0.67636120
196	0.70713760
198	0.63546380
217	0.63853360
239	0.64342460
89	0.74771780
152	0.65148380
197	0.68086020
265	0.61411840
304	0.62703000
369	0.60069840
396	0.56862740
421	0.53853200
430	0.55847860
449	0.55356740
472	0.56519720
484	0.55860260
383	0.55978600
470	0.54636020
181	0.66954740
216	0.70947160
280	0.56456500
321	0.62097340
352	0.57177480
376	0.61501380
440	0.54039360
456	0.57024460
131	0.72342780
140	0.64006860
150	0.63364700
156	0.57763100
166	0.68530600
337	0.58971840
370	0.63810420
392	0.55137940
175	0.79335580
329	0.58496300
334	0.68625620
359	0.55209120
238	0.66463740
320	0.58989360
372	0.54956440
387	0.62343140
138	0.66279340
276	0.63529260
339	0.60471180
354	0.53612920
242	0.63361940
292	0.61346340
462	0.54631600
496	0.54542060
141	0.72183660
180	0.65032840
288	0.61073700
390	0.56165000
467	0.55966040
360	0.57440980
70	0.76170580
146	0.66343440
151	0.57438220
356	0.56918480
441	0.61504280
343	0.59186940
397	0.57036840
133	0.63905620
184	0.65120840
377	0.59117340
493	0.57774220
182	0.67208540
404	0.60884260
422	0.55311860
483	0.54661660
494	0.56518280
188	0.73155500
468	0.53955520
481	0.59133080
301	0.63150060
302	0.58367140
374	0.55662960
380	0.59747780
490	0.52201520
403	0.53062820
270	0.60580620
279	0.60952920
393	0.56587940
199	0.70394060
394	0.56696840
211	0.63822560
424	0.56170660
233	0.68366660
277	0.64305680
405	0.56844500
362	0.57333840
268	0.67859860
448	0.54506820
476	0.51157180
479	0.53994960
416	0.56170120
278	0.63076180
443	0.52483300
432	0.53243320
