0	0.80688514
1	0.77042933
2	0.80685371
3	0.80726076
4	0.80526400
5	0.78838743
6	0.80588971
7	0.80332476
8	0.80033238
9	0.80730476
10	0.80715295
11	0.80695429
12	0.80709638
13	0.80733867
14	0.80547010
19	0.80542743
20	0.80540171
23	0.80673181
25	0.79927352
27	0.80232438
28	0.79802629
29	0.80162305
30	0.79951657
31	0.79269562
35	0.79968210
37	0.80697352
39	0.79714076
40	0.75253924
42	0.76945143
47	0.80462133
49	0.75212971
50	0.75029771
53	0.78881752
55	0.70244667
56	0.77184171
58	0.77126552
60	0.79211162
62	0.79330495
63	0.79597905
65	0.75755067
67	0.71473867
68	0.74300781
70	0.76592019
71	0.77756324
76	0.79942152
84	0.76941886
88	0.60941886
92	0.77361029
97	0.67558495
101	0.75641352
103	0.77697467
105	0.63272324
110	0.72954914
112	0.70147752
125	0.70821562
129	0.71065924
133	0.76956743
136	0.69295410
145	0.68084648
147	0.66652971
154	0.72079238
159	0.70902876
160	0.69825714
161	0.67514248
187	0.67426781
196	0.68290686
203	0.64534895
211	0.74160000
213	0.64046952
225	0.64344495
232	0.67874190
234	0.63978229
241	0.59435771
242	0.61249162
247	0.61435771
256	0.59939657
260	0.71325905
262	0.63947733
275	0.59998762
280	0.63021752
285	0.59819657
286	0.61613581
295	0.58504914
316	0.63167733
324	0.59027657
337	0.56916343
343	0.56805848
348	0.60423943
349	0.61144914
353	0.57615410
354	0.57778400
356	0.54819924
357	0.64474552
365	0.59144362
380	0.60171181
381	0.58336952
383	0.61294210
399	0.61896629
402	0.59362914
412	0.54925524
418	0.58668305
426	0.57884000
438	0.55680286
443	0.58423257
446	0.56089505
451	0.56354019
454	0.57088552
457	0.54420667
465	0.60646781
476	0.57478686
484	0.56584552
489	0.54885143
495	0.56010248
498	0.57384724
516	0.56520400
38	0.79505486
52	0.78508838
57	0.76715943
61	0.77655771
116	0.70885276
120	0.73087810
142	0.70823200
178	0.64023810
221	0.64557505
309	0.62033010
341	0.59706724
413	0.59246419
427	0.58403067
445	0.59365448
448	0.55552095
453	0.57780476
15	0.80697295
17	0.80695733
18	0.80688724
21	0.80701486
24	0.80363219
32	0.80269981
33	0.80307886
34	0.79581333
51	0.80012248
93	0.78397962
96	0.67653829
99	0.71435676
107	0.75889429
113	0.75570895
115	0.76606019
130	0.77019962
134	0.65010819
141	0.66822800
148	0.67897162
149	0.60822210
174	0.67621105
182	0.74663657
185	0.63457848
188	0.66481619
200	0.68223543
231	0.66882781
246	0.66320990
278	0.61164590
283	0.63829676
288	0.71649848
293	0.69381162
297	0.60250857
302	0.61388019
329	0.65389105
330	0.53796114
331	0.59565962
342	0.68889105
364	0.62984857
373	0.58365943
394	0.63950705
415	0.56958019
433	0.60299638
473	0.55030286
482	0.55560838
490	0.56881943
497	0.58411086
507	0.53770914
26	0.80639219
43	0.79798914
44	0.78871543
45	0.76697562
59	0.76084171
66	0.73448495
69	0.73258152
72	0.78938057
78	0.79488152
83	0.77502286
85	0.75561848
95	0.76075638
104	0.71112457
119	0.77331486
126	0.73456895
137	0.70687676
163	0.65004629
167	0.60997581
180	0.73167295
191	0.74057524
197	0.63293714
199	0.63225810
205	0.69722210
218	0.69053562
219	0.67421257
253	0.67503543
258	0.57987733
271	0.65419295
276	0.60836724
277	0.70106229
281	0.64208914
284	0.61142990
300	0.61784095
305	0.59063429
318	0.55634343
319	0.56669086
321	0.54059771
326	0.59132781
335	0.63588152
374	0.56909943
403	0.53564971
417	0.60515143
423	0.55355829
424	0.59883790
435	0.51473543
437	0.58721448
440	0.55820190
477	0.54530629
491	0.57066571
515	0.56260952
22	0.80170400
41	0.73527733
46	0.79106876
54	0.76846324
80	0.71628190
82	0.69376190
94	0.78280590
127	0.77001467
128	0.79024381
132	0.72664495
212	0.66411086
237	0.68598876
238	0.64666914
243	0.61157657
249	0.59440286
294	0.56903467
311	0.64307638
320	0.61997486
355	0.59187790
369	0.57987276
432	0.57200057
442	0.56250324
452	0.57889486
479	0.56702705
483	0.54956019
486	0.54748076
502	0.55406152
89	0.75049714
106	0.76085790
138	0.68925143
152	0.64619752
175	0.58080819
264	0.64957086
303	0.67563467
375	0.62492781
450	0.56374229
460	0.54390838
520	0.54243962
16	0.80638381
64	0.77884133
79	0.77649943
123	0.77106419
144	0.70713143
153	0.61769810
157	0.67390610
184	0.69684590
190	0.72952324
220	0.64312876
226	0.69351486
291	0.65856667
301	0.59592095
339	0.59816514
346	0.57000190
363	0.60877200
367	0.57247371
376	0.58322267
386	0.61298114
449	0.55516114
464	0.55345295
478	0.56707676
500	0.56042038
504	0.56284705
508	0.54916000
73	0.73596495
81	0.79286914
109	0.62221067
117	0.73481600
156	0.72107810
176	0.63234952
179	0.71641162
207	0.66846438
224	0.68891181
245	0.65889848
292	0.65678400
296	0.67714076
458	0.60365333
75	0.79706343
77	0.76043333
121	0.74832743
143	0.74481333
166	0.70679829
171	0.72529390
181	0.64359962
289	0.62290000
323	0.56152800
372	0.67943638
379	0.57627429
456	0.56808190
493	0.55983448
48	0.79819238
74	0.79117619
87	0.74765657
90	0.78268800
102	0.74093143
122	0.69844533
150	0.75640686
158	0.64446933
169	0.64742305
192	0.68605029
215	0.63928895
216	0.63699867
230	0.62481962
239	0.64364400
240	0.58965029
252	0.65357143
257	0.55312876
263	0.60768038
265	0.72300571
268	0.56887467
272	0.66564762
308	0.57764343
350	0.57763067
352	0.54977810
362	0.59595410
390	0.56197390
393	0.58460133
410	0.58594857
431	0.55766171
455	0.56109124
459	0.53237219
466	0.55023790
467	0.53444971
36	0.78395886
98	0.80157124
114	0.63654114
135	0.78479029
201	0.71193810
214	0.63522381
229	0.67807886
236	0.62220971
261	0.65089352
266	0.68721695
282	0.61361162
304	0.61645410
306	0.62996667
312	0.59442114
317	0.63443924
325	0.56693733
328	0.59439010
334	0.61250114
338	0.59785505
389	0.57410838
411	0.56899829
419	0.59080686
422	0.57459733
447	0.55377505
471	0.55567810
474	0.60972552
492	0.56032286
499	0.54041295
511	0.55297143
131	0.69063543
165	0.71606381
168	0.66963086
235	0.60047981
254	0.64387886
273	0.61213010
299	0.59639981
313	0.63853619
340	0.57920000
360	0.53919010
398	0.60206114
439	0.58232590
441	0.56733371
461	0.57880686
463	0.60955314
470	0.56361257
519	0.56047505
523	0.54483067
164	0.67685943
173	0.63035905
189	0.68744419
206	0.70775886
222	0.66034438
267	0.64458343
269	0.63385695
287	0.61195429
290	0.56944362
310	0.67179657
358	0.59329714
387	0.59469352
388	0.60556133
392	0.59677010
395	0.58741486
510	0.56052457
512	0.53520495
514	0.54659448
86	0.76471810
91	0.79195029
108	0.75571790
170	0.71177829
279	0.62113467
322	0.60276590
429	0.55798152
274	0.63025790
315	0.67002571
177	0.66200190
198	0.67904952
210	0.61785029
233	0.64681619
361	0.55897029
416	0.58519733
118	0.73963771
193	0.70559848
227	0.63548400
244	0.68053600
298	0.62118952
333	0.58318076
359	0.59885676
377	0.57425276
407	0.55265410
436	0.54801467
496	0.55013067
151	0.68207086
195	0.67761886
204	0.64180914
209	0.65001867
400	0.59122667
408	0.56693181
434	0.58150457
444	0.59122571
111	0.70730590
124	0.74102971
139	0.74875200
155	0.73029962
172	0.67454571
217	0.64025410
248	0.68068705
251	0.69277962
259	0.68941390
480	0.56549390
503	0.54758990
517	0.54137219
162	0.74100248
183	0.73551086
270	0.61925619
384	0.56217638
513	0.53661524
336	0.57805829
462	0.56454210
344	0.63278438
368	0.62857029
397	0.58938305
406	0.60317733
255	0.66774286
371	0.58975429
382	0.57959124
428	0.58983010
208	0.65117086
401	0.62420724
524	0.56721562
518	0.54977371
100	0.75564476
146	0.74207048
194	0.68948438
250	0.61324248
378	0.58737200
186	0.67231886
228	0.65815238
501	0.53772952
345	0.56415105
487	0.60728571
505	0.56125467
314	0.67032305
396	0.55050533
425	0.55032343
481	0.55457143
202	0.61896819
327	0.60310667
140	0.71601524
468	0.54733429
366	0.56140514
370	0.53870514
494	0.54849067
351	0.58496190
485	0.54655200
347	0.59098343
522	0.51675105
307	0.58873600
405	0.64028419
414	0.54337562
430	0.53574571
385	0.55553829
420	0.60099810
404	0.56113714
391	0.56996952
509	0.53886781
409	0.53844705
521	0.55874305
223	0.64091581
472	0.56294876
475	0.57108324
506	0.53786095
469	0.52665886
421	0.56117067
488	0.52196000
332	0.64857181
