0	0.80628732
1	0.71471531
2	0.80639856
3	0.77672703
4	0.79958110
5	0.80600048
6	0.80634306
7	0.80052560
8	0.79764928
9	0.80635311
10	0.80612967
11	0.80652344
12	0.80609809
13	0.80642321
14	0.80646722
15	0.80404282
16	0.80622584
17	0.79012536
18	0.80602751
19	0.80602010
22	0.80539593
23	0.80510239
26	0.79640598
27	0.78815048
29	0.80528947
31	0.79967129
34	0.80380598
36	0.72330383
37	0.77533565
38	0.75229067
39	0.76020072
46	0.80323684
49	0.80408278
50	0.75896627
56	0.72519115
58	0.72693278
59	0.80382201
65	0.74865957
79	0.77514713
84	0.76536938
85	0.76723732
92	0.73827273
95	0.69227416
100	0.66565311
103	0.72476029
115	0.74393230
119	0.69160789
141	0.68776914
160	0.72985933
164	0.70789976
166	0.72713038
169	0.66795981
183	0.69911962
189	0.66747679
203	0.68896268
208	0.58652177
209	0.61225909
212	0.63228589
218	0.65920431
220	0.60463110
227	0.63788349
245	0.63368086
263	0.61087943
281	0.58749689
283	0.58223421
298	0.57173517
306	0.61940909
308	0.61624904
315	0.55315335
318	0.64916770
326	0.59266722
339	0.58869354
342	0.61568900
347	0.60502273
348	0.55723206
355	0.55577871
359	0.56395048
380	0.52469115
398	0.57503325
40	0.77689282
42	0.79741196
55	0.71339904
83	0.76179234
113	0.62514211
117	0.71738900
135	0.67061818
147	0.65757321
198	0.64058636
225	0.64996770
239	0.65467871
276	0.55335622
21	0.79352416
24	0.80481364
30	0.71883254
44	0.77186005
52	0.72541962
57	0.76483804
67	0.76441388
75	0.73622751
77	0.72529833
80	0.70624450
82	0.75533110
87	0.63753780
91	0.75083780
94	0.75751938
105	0.74661220
106	0.68234043
109	0.65887416
110	0.69628110
116	0.72791531
128	0.65400144
132	0.62693947
159	0.62199593
177	0.65510144
181	0.64426316
206	0.63552703
214	0.55947057
230	0.61357129
252	0.61991794
257	0.55267967
279	0.59481100
289	0.62632440
294	0.55595024
299	0.54383230
301	0.57610861
307	0.56807392
312	0.56880813
325	0.54081220
346	0.57257967
383	0.57016340
48	0.76965574
53	0.75272392
66	0.76261316
88	0.67731029
125	0.68741316
152	0.67157416
222	0.63823206
258	0.55599785
329	0.55697703
331	0.57194880
356	0.55724522
373	0.59062249
404	0.53275455
405	0.54014761
28	0.80337129
63	0.74908158
70	0.72306196
86	0.76550574
96	0.66396746
97	0.69982512
102	0.75061196
108	0.74516818
184	0.56207847
187	0.71830072
195	0.60601770
224	0.62884617
231	0.64904952
243	0.61925742
247	0.59492105
259	0.63112871
280	0.59105981
292	0.60739354
366	0.54151722
415	0.54379067
20	0.80553254
25	0.80633301
45	0.78042344
61	0.76939713
68	0.73377392
71	0.76232057
73	0.71214713
104	0.76895622
107	0.74048804
121	0.72724163
126	0.71474354
129	0.62008971
133	0.62491722
137	0.63828182
161	0.71422751
171	0.60953636
173	0.63695024
185	0.72353182
191	0.67040694
192	0.63083804
211	0.69208373
233	0.60913421
267	0.60455263
282	0.63167871
285	0.55534402
309	0.58157392
334	0.60659737
365	0.57295407
389	0.55996986
407	0.57183110
32	0.79647823
41	0.79639474
54	0.77288923
64	0.75261890
76	0.77256722
155	0.68887464
179	0.68359713
193	0.61828493
216	0.58675909
217	0.58380670
226	0.65838756
232	0.63614187
234	0.59412201
236	0.64078971
251	0.57405670
264	0.58871005
284	0.57155766
293	0.64742129
303	0.60613158
311	0.55828852
319	0.56452656
320	0.54835478
333	0.57267512
344	0.56373325
360	0.57542344
375	0.55774593
33	0.77356531
43	0.76557632
89	0.77189569
99	0.73844115
153	0.67778565
162	0.66282895
165	0.75161627
194	0.62303038
199	0.68856603
207	0.61533852
221	0.61126962
304	0.56901866
324	0.57649689
98	0.66355407
111	0.68480072
122	0.70069593
130	0.69568397
238	0.61934904
322	0.61254617
336	0.57967129
371	0.57649880
35	0.75344426
47	0.78273804
74	0.72007919
78	0.74484378
90	0.70716722
124	0.72885981
134	0.68972033
143	0.59303636
156	0.63562632
163	0.75848445
215	0.69844569
240	0.64888541
256	0.60045837
270	0.60698828
300	0.62561053
302	0.58381196
305	0.59293230
327	0.56751794
378	0.56205622
393	0.57456603
402	0.53531818
136	0.74458541
146	0.71588684
174	0.68517536
188	0.68521172
190	0.67803421
201	0.57531459
248	0.58906411
250	0.56737943
261	0.55743804
313	0.60581364
316	0.54277727
335	0.55803565
349	0.55831555
387	0.55737656
388	0.56156005
403	0.55503469
51	0.74817656
62	0.72572943
81	0.74837201
93	0.69983589
114	0.67735431
120	0.72679258
142	0.72556986
151	0.74451555
170	0.70578660
175	0.63766268
196	0.65267464
228	0.66338708
242	0.65023110
271	0.61390646
290	0.53970550
291	0.61941411
314	0.63428038
317	0.55673756
340	0.56228421
352	0.56212775
368	0.54335670
401	0.55092129
416	0.54407249
69	0.74540311
72	0.72510861
127	0.64591699
131	0.61242321
139	0.72679354
144	0.65877129
157	0.62968876
180	0.69491268
255	0.68238660
268	0.59227488
295	0.58814689
310	0.58864426
321	0.55606722
323	0.58251459
330	0.59896651
341	0.57022273
362	0.55663612
363	0.54277632
370	0.54914569
376	0.55837751
377	0.57616029
386	0.53576364
399	0.53228756
400	0.53878373
411	0.56755622
412	0.54345789
414	0.53511699
112	0.69661459
150	0.64806077
197	0.64197512
219	0.60670072
223	0.61451244
229	0.71514856
235	0.62717201
237	0.56174402
266	0.57679617
269	0.60695120
296	0.58985167
408	0.54588756
138	0.72159522
178	0.65624019
182	0.62606794
202	0.66061651
241	0.60607129
246	0.65547967
379	0.56766579
60	0.76708517
213	0.61695431
287	0.54015167
351	0.57855957
172	0.60291316
244	0.60162153
332	0.58193325
343	0.58533876
354	0.57721053
358	0.60213517
361	0.54902153
385	0.58248565
149	0.64387464
328	0.58431890
101	0.75100670
154	0.66793828
205	0.67809019
253	0.59259761
254	0.58241459
273	0.64173541
286	0.63920144
382	0.56657560
396	0.54537129
410	0.53167990
118	0.67531340
123	0.76842368
148	0.72957847
167	0.67667775
200	0.66744713
204	0.61885861
260	0.61251531
262	0.61535383
297	0.60744928
337	0.55936100
338	0.60025431
345	0.56308278
392	0.55506722
417	0.55570957
210	0.61827081
397	0.56375215
278	0.58008278
350	0.55543900
394	0.54996196
145	0.59056005
168	0.71999761
274	0.63232177
275	0.60911077
176	0.64299067
249	0.59636675
277	0.59014904
395	0.54431770
374	0.53336722
406	0.53260885
265	0.55191962
272	0.54392225
353	0.53167153
381	0.57581148
186	0.68077297
288	0.57327368
357	0.60123612
372	0.55658852
140	0.66300167
158	0.74446914
384	0.58678732
364	0.52425000
390	0.53516053
391	0.52218301
367	0.55243541
369	0.56679211
409	0.50975550
413	0.51899282
