0	0.80844348
1	0.74255145
2	0.80836123
3	0.80815362
4	0.80627717
5	0.80630996
6	0.80785399
7	0.80821594
8	0.75077663
9	0.80865797
10	0.80817754
11	0.80851739
12	0.80812772
13	0.80667536
14	0.80662591
17	0.80815562
18	0.80833949
20	0.80755217
22	0.80780833
23	0.80826993
24	0.78274312
26	0.80471159
27	0.80796431
28	0.80780254
29	0.79900308
31	0.78177283
33	0.80796159
34	0.80273949
38	0.79589638
40	0.80043098
41	0.80043134
45	0.75669982
46	0.77712917
47	0.77964837
49	0.78869511
50	0.78300417
51	0.78171268
54	0.80150525
55	0.77588859
56	0.79465018
63	0.79856449
65	0.73190109
68	0.73250453
69	0.78048152
70	0.79492609
75	0.77655833
77	0.77673641
78	0.79885254
80	0.80346594
82	0.72968315
83	0.64666667
87	0.67695996
88	0.78879946
90	0.78997246
95	0.71992391
99	0.73261540
100	0.78782899
102	0.73300471
108	0.73357337
112	0.73501920
117	0.77217717
120	0.71513297
122	0.70435254
149	0.72723949
164	0.60659710
165	0.69872826
172	0.71110417
173	0.71526141
174	0.62814837
177	0.74256069
183	0.62442138
184	0.71070036
186	0.60623822
188	0.69181757
191	0.62396087
203	0.62656214
211	0.72055833
213	0.67740399
214	0.68732935
242	0.65129058
254	0.64234638
273	0.60185272
281	0.67233678
282	0.66230888
288	0.69522953
290	0.64293967
299	0.65513134
315	0.68400236
318	0.58310072
321	0.59617880
325	0.56574710
337	0.64249837
344	0.56802899
355	0.62292011
358	0.60719366
361	0.54345543
406	0.66469203
408	0.59314547
416	0.61754891
430	0.58735543
459	0.55528406
463	0.55162065
470	0.60856377
487	0.54088442
489	0.58737645
492	0.56902174
515	0.54594203
518	0.56979746
521	0.56465616
538	0.53764348
547	0.55376087
35	0.79634420
61	0.78126196
106	0.72481141
119	0.70908243
129	0.73896649
135	0.70874511
142	0.74869004
194	0.71881178
216	0.61829185
229	0.69810109
261	0.66090580
445	0.59532391
15	0.80834909
16	0.80801449
25	0.80656431
30	0.79742554
44	0.78321612
58	0.78457011
73	0.71372536
76	0.77811286
105	0.76584275
114	0.77238225
141	0.70682989
147	0.62849674
152	0.72295888
158	0.60811431
163	0.69346612
169	0.70625072
179	0.73964366
209	0.71354004
221	0.64285507
238	0.65817536
241	0.69757192
243	0.66337500
245	0.67564982
247	0.65466993
260	0.67740435
294	0.62823351
295	0.57295091
300	0.64081685
364	0.62998949
366	0.61007717
380	0.60889783
385	0.60198533
429	0.55923062
447	0.58027464
452	0.55961214
464	0.58217210
486	0.54884185
496	0.54090254
535	0.57031232
19	0.80856703
21	0.80333641
32	0.80665217
37	0.80250072
52	0.78920109
60	0.77978261
66	0.75894293
72	0.74826721
81	0.76681449
86	0.73847572
107	0.75638623
111	0.75388841
113	0.73577717
115	0.77332554
124	0.68174076
132	0.75441431
155	0.70267862
171	0.71368297
198	0.67528460
225	0.67515272
231	0.64217880
262	0.70415851
308	0.66293949
330	0.56003062
346	0.56832337
350	0.67139946
356	0.65307029
362	0.59565779
392	0.56108822
407	0.63143659
418	0.58154928
438	0.56483931
504	0.56723261
522	0.54790634
523	0.53788043
543	0.56462953
48	0.79666486
62	0.79938551
64	0.77502029
79	0.78181938
89	0.77702319
123	0.77962572
151	0.73921232
153	0.66837645
193	0.70406793
204	0.64231033
215	0.69449764
226	0.60715236
265	0.69497138
269	0.60915634
285	0.57090888
324	0.55215616
333	0.61460471
390	0.63347591
431	0.55645543
450	0.61177536
462	0.60767935
469	0.57324312
526	0.59135525
36	0.79468025
59	0.75623243
116	0.69911250
131	0.76525906
143	0.71175797
156	0.67923424
166	0.66576286
168	0.65044764
187	0.77005743
192	0.71144221
263	0.67612301
267	0.59207899
284	0.64605145
296	0.57269674
305	0.64198533
316	0.66298297
348	0.53592935
414	0.56289402
528	0.56138714
546	0.54790145
53	0.77766449
57	0.79594928
93	0.76346975
101	0.79953931
103	0.72670290
110	0.74535779
118	0.73928406
145	0.73348569
182	0.60409022
200	0.65519547
201	0.66355670
286	0.59363659
310	0.59833062
319	0.63610797
339	0.57992047
352	0.55612627
384	0.60476504
397	0.64653225
399	0.66969293
400	0.59700453
409	0.56510036
436	0.55838913
468	0.60271757
490	0.59902754
520	0.56309167
541	0.52174746
42	0.80359638
67	0.80067355
74	0.72018804
92	0.78266395
94	0.77514402
97	0.69791069
98	0.78472409
109	0.77232482
130	0.67602065
144	0.76442663
148	0.67429656
150	0.67257120
162	0.72448659
189	0.75975344
207	0.63698333
222	0.64791449
234	0.66118370
264	0.69018678
289	0.62880996
311	0.65361975
313	0.65180707
349	0.62671667
370	0.60996486
410	0.54947083
449	0.56607754
457	0.55055308
480	0.55364130
501	0.55726051
519	0.52905707
549	0.56569746
39	0.80322717
159	0.68362319
167	0.78891178
236	0.65395725
297	0.61037029
383	0.57005543
458	0.56373895
497	0.55380308
43	0.79130127
71	0.80243949
91	0.75049420
96	0.74948333
128	0.68349402
154	0.71431540
180	0.75101630
190	0.68812681
212	0.57786123
239	0.67192065
240	0.65427210
252	0.65113297
258	0.69234094
272	0.66360091
276	0.61463696
303	0.61669583
320	0.61459004
404	0.63887337
424	0.57312572
435	0.62959601
439	0.58950543
446	0.59632210
451	0.55167391
465	0.56011775
467	0.58490978
471	0.57374547
475	0.56781703
478	0.58065543
483	0.61486975
488	0.54415670
508	0.54418605
533	0.54933659
544	0.53323533
85	0.77834094
138	0.69162953
160	0.73793243
176	0.73810688
196	0.67285580
219	0.63554710
253	0.66510362
268	0.56741377
270	0.66231920
278	0.60251014
291	0.64529004
314	0.64033043
322	0.64048442
326	0.57098225
365	0.60972264
402	0.62119420
426	0.57388207
472	0.53336522
491	0.60316667
525	0.56745362
84	0.78307192
140	0.70510000
175	0.68560580
220	0.71900109
232	0.64884004
255	0.67656069
317	0.61132101
341	0.57311504
351	0.68434746
427	0.58744674
479	0.55046141
510	0.55798025
516	0.54435399
524	0.55027663
529	0.54472717
133	0.66592011
137	0.74983351
161	0.72059620
185	0.71163569
195	0.67702754
218	0.63127772
246	0.62847446
280	0.65166522
309	0.58218659
338	0.57277446
393	0.55138007
401	0.56122989
423	0.59713442
434	0.55670888
442	0.60316884
466	0.54708243
505	0.57332482
517	0.54528678
540	0.56492699
548	0.54228388
127	0.62757518
336	0.59664801
345	0.57269058
398	0.63317591
498	0.54462373
513	0.56017174
125	0.78279692
223	0.66900109
235	0.71018478
277	0.63466649
292	0.59186920
304	0.56604293
354	0.66529855
419	0.60160851
453	0.60171268
461	0.58902917
503	0.55038931
531	0.54335761
157	0.61476214
199	0.71036812
205	0.66718225
206	0.65360362
224	0.62849493
244	0.66118569
248	0.67765688
249	0.58237971
287	0.70626830
307	0.66056322
312	0.65409728
342	0.67291250
374	0.59153333
379	0.60112989
381	0.54656196
405	0.64897246
506	0.57066902
121	0.78046051
170	0.74442953
266	0.57612572
271	0.70480399
378	0.60761304
391	0.65807645
396	0.58645870
443	0.53667156
448	0.58675996
495	0.56757283
542	0.50915543
104	0.65920145
139	0.73594167
230	0.63469728
251	0.70195036
327	0.67882029
367	0.54297591
421	0.60237174
425	0.53586105
440	0.55842518
454	0.56737083
473	0.56693007
514	0.58064601
545	0.54121721
134	0.69139674
210	0.63725833
250	0.63432518
256	0.66454873
368	0.58416830
386	0.60475326
537	0.55322681
539	0.53898786
217	0.69451341
228	0.63738207
279	0.57708696
323	0.66333841
343	0.60690435
359	0.62505598
433	0.56919656
534	0.59175380
126	0.72842156
146	0.74322899
202	0.70650380
335	0.65250888
420	0.57770652
509	0.53824221
512	0.55368043
197	0.56852627
208	0.63745562
306	0.63637464
340	0.62170942
456	0.57598786
477	0.53615924
237	0.68181286
302	0.58642391
332	0.65123587
372	0.57703804
375	0.58578678
411	0.60128279
413	0.61955181
507	0.58677536
178	0.64917591
181	0.65881757
395	0.52635217
415	0.58198877
329	0.57922935
382	0.59030091
388	0.58807337
428	0.64474094
227	0.65477518
233	0.64274511
347	0.58465978
357	0.55830978
360	0.67849094
293	0.65361630
369	0.60538569
444	0.52498424
455	0.55432754
403	0.58079438
417	0.60536141
482	0.54755634
301	0.62922228
334	0.65549547
274	0.60747754
353	0.62502192
259	0.65898297
551	0.51537754
377	0.63463370
283	0.60982536
437	0.56572283
527	0.57212301
136	0.70546703
389	0.64220525
373	0.60400688
530	0.53691649
532	0.51197772
363	0.58328460
394	0.54544855
484	0.57322428
371	0.59940924
387	0.61968098
441	0.56563678
432	0.59441558
494	0.52787899
485	0.53078496
257	0.67770417
460	0.52967065
412	0.60742319
500	0.54680399
474	0.55209547
275	0.62372699
476	0.55719330
499	0.55205725
493	0.53863243
298	0.62259076
502	0.51416105
331	0.56450489
376	0.56753152
422	0.56294167
481	0.54536051
328	0.57115018
536	0.52374330
550	0.53172862
511	0.61252065
