0	0.80640202
1	0.78415835
2	0.80646826
3	0.76124624
4	0.79443156
5	0.80638679
6	0.80626165
7	0.80602404
8	0.72240385
9	0.80625193
10	0.80619413
11	0.80613339
12	0.80636422
13	0.80636459
14	0.80629835
15	0.80534624
16	0.80631376
17	0.80591064
18	0.80526404
19	0.80602294
20	0.80463560
21	0.80650330
23	0.80635817
24	0.78570220
25	0.78124917
26	0.79987028
27	0.80025248
28	0.78528661
33	0.80491138
36	0.80367633
38	0.80070477
39	0.79293138
41	0.80436569
44	0.76562899
45	0.74502532
47	0.80601413
48	0.78254037
50	0.80267945
52	0.79222679
56	0.79489083
58	0.75260826
60	0.72321358
61	0.78190239
65	0.72918275
66	0.79946936
78	0.68501009
87	0.75862661
94	0.66459083
99	0.76190569
109	0.74749853
110	0.75154128
112	0.77371541
115	0.72369615
117	0.66772624
119	0.71725156
124	0.70934018
134	0.65988349
136	0.71211670
145	0.67415743
146	0.65880349
150	0.69408073
151	0.66298349
157	0.72158624
162	0.62352220
169	0.77266459
172	0.62935083
175	0.59605119
183	0.70219908
184	0.62843413
188	0.69476679
192	0.70151945
195	0.63921908
198	0.63737523
201	0.68967266
214	0.61771119
231	0.61561505
241	0.60903339
243	0.65552000
250	0.67435450
252	0.66777193
255	0.64052495
256	0.67855083
258	0.69379798
260	0.67251229
285	0.59469872
289	0.68577303
292	0.60267908
305	0.68488018
311	0.59850936
322	0.62842055
342	0.59908092
359	0.55210275
361	0.61863596
366	0.58946147
387	0.58282807
389	0.56105872
393	0.63834789
411	0.63335211
427	0.55356257
444	0.57959193
445	0.59698862
463	0.54275211
480	0.55127651
496	0.55175486
498	0.55541706
504	0.55629817
515	0.55386128
517	0.56792917
535	0.57019982
537	0.52561817
22	0.80486514
30	0.79758532
31	0.79706367
37	0.79533743
42	0.80611761
81	0.78388624
82	0.79171780
83	0.69722385
103	0.72898128
143	0.68858862
149	0.73433211
163	0.69873486
224	0.71323578
242	0.65837817
271	0.61572459
319	0.59715633
344	0.61729670
347	0.54909468
502	0.53105596
511	0.60095725
519	0.58715028
43	0.77549982
49	0.80552349
55	0.79015505
62	0.79393303
75	0.75395945
76	0.71425174
96	0.75722771
123	0.74933101
132	0.74606092
153	0.72234826
156	0.75835193
203	0.65038092
218	0.72875817
280	0.62616954
281	0.62965193
294	0.57733009
309	0.59301229
321	0.66301193
330	0.64300312
385	0.58035284
396	0.62248789
403	0.57944385
416	0.57844844
424	0.60364532
434	0.56214734
476	0.53580789
482	0.57268220
489	0.55594128
493	0.61582367
512	0.55907248
514	0.55473064
64	0.77679872
68	0.76580495
108	0.66596936
168	0.59835394
211	0.60015064
216	0.64633780
234	0.63025541
259	0.62433633
336	0.59487780
340	0.61538000
351	0.59707303
425	0.56594147
459	0.56585358
539	0.54676826
29	0.80473009
40	0.80501083
89	0.77634018
152	0.69862018
160	0.68539982
205	0.68065156
217	0.65762202
238	0.72098385
244	0.62580055
293	0.59952404
323	0.62076220
372	0.60332330
413	0.56006807
439	0.61436899
503	0.55796661
32	0.78479339
35	0.78235596
46	0.77185578
72	0.75305450
73	0.75826789
91	0.76276569
92	0.72091780
106	0.74060037
116	0.72716917
121	0.78168734
126	0.70595193
129	0.72574330
133	0.73040532
135	0.74202422
137	0.65375156
139	0.62238018
148	0.68097908
158	0.68201064
159	0.66205541
178	0.62638697
181	0.67596606
187	0.68543780
202	0.65397468
223	0.59525284
230	0.66390073
272	0.65548055
303	0.61563945
304	0.61731743
315	0.65067596
324	0.65860055
341	0.59563927
343	0.58641266
352	0.60971193
354	0.56507743
365	0.61286606
384	0.61840220
404	0.58351817
479	0.55716954
54	0.76281872
59	0.78663817
69	0.79611009
105	0.76509798
107	0.67878257
111	0.76139376
155	0.67672771
182	0.64407009
186	0.64833413
200	0.77087853
206	0.70810807
215	0.69545706
220	0.68544349
226	0.63982514
236	0.61883615
253	0.64192495
254	0.64944954
267	0.67599505
301	0.63188055
331	0.59857633
335	0.63398881
370	0.57623083
417	0.55849413
420	0.63539853
428	0.57164606
438	0.55212807
450	0.60680349
462	0.55445119
500	0.53934367
533	0.54663468
538	0.52400110
34	0.80537358
67	0.76645523
86	0.75968569
88	0.77888422
118	0.79126514
170	0.72313560
179	0.73995633
213	0.71220606
240	0.66976514
248	0.70706128
257	0.64044459
283	0.62373486
297	0.61569450
332	0.65760991
348	0.61510642
397	0.55222789
429	0.54454165
435	0.58986000
456	0.53994899
467	0.55758422
506	0.55540991
516	0.51145927
51	0.71426532
57	0.79375468
142	0.69552239
277	0.57460936
373	0.59389982
436	0.58681064
525	0.53967963
53	0.79696954
70	0.79309853
71	0.78785101
74	0.77536679
80	0.79899596
90	0.78198165
95	0.77220018
113	0.73969908
114	0.66072826
140	0.68263284
144	0.65022239
164	0.69961339
185	0.61835248
207	0.66485394
209	0.65979156
229	0.61442734
262	0.63912385
269	0.67119725
287	0.65137284
312	0.60547945
317	0.64437725
363	0.58768349
390	0.60850055
414	0.57074404
77	0.69309248
97	0.75229101
100	0.76367339
102	0.75102404
165	0.74325872
190	0.72830330
193	0.67828459
199	0.61516239
212	0.61880422
219	0.66454000
232	0.62994147
249	0.71205376
268	0.66445835
284	0.63005413
299	0.64316037
325	0.57969413
329	0.65044183
355	0.61772679
356	0.54348183
362	0.65190862
381	0.55100385
391	0.58523119
398	0.56993670
474	0.54427394
477	0.59619523
484	0.56973670
507	0.54702991
513	0.59081743
63	0.77752183
79	0.78653835
127	0.75507376
174	0.66199156
208	0.63681853
228	0.64449651
264	0.65341229
274	0.71488936
307	0.63438073
410	0.60725064
418	0.58056936
461	0.54867101
471	0.56114899
542	0.56385945
122	0.65237119
128	0.76725761
141	0.71491927
154	0.70008000
261	0.64295670
265	0.67937119
327	0.55777174
339	0.56934569
368	0.56981578
377	0.57411798
378	0.58830807
394	0.55381872
452	0.58646789
458	0.53955688
466	0.55832092
469	0.57781706
534	0.56424734
543	0.55170349
93	0.74352294
101	0.69677872
130	0.75948367
131	0.70663908
161	0.71869982
166	0.71706055
180	0.71618624
189	0.73920917
194	0.67549028
197	0.65547468
235	0.62880716
237	0.64868606
245	0.73852991
263	0.59130844
275	0.65345009
276	0.64727651
314	0.66815468
371	0.56877761
392	0.65389303
400	0.58380514
440	0.54527670
441	0.56818752
448	0.57765688
470	0.57315523
481	0.53961817
490	0.57769248
491	0.56638899
494	0.57402147
84	0.78999248
120	0.66151596
282	0.63155339
337	0.53922514
360	0.58943229
369	0.60388220
405	0.55983670
406	0.56487798
421	0.60104972
432	0.61364477
446	0.54029229
451	0.60311138
460	0.57808220
465	0.54241486
483	0.55998642
499	0.55680385
222	0.70514220
328	0.58339431
333	0.58807394
346	0.59694752
357	0.58584954
401	0.59370000
464	0.52614734
526	0.53546202
528	0.53915688
191	0.66799376
204	0.61624917
227	0.71890936
273	0.69193706
286	0.63893358
296	0.69261413
453	0.53783028
524	0.55563945
125	0.71749927
138	0.77640495
173	0.73567174
233	0.64127853
316	0.60717908
349	0.71164312
376	0.60335670
383	0.61042807
415	0.54071945
433	0.60649009
485	0.56771156
501	0.54434440
505	0.56265339
530	0.54907009
104	0.72449523
176	0.74986202
291	0.63899505
300	0.62633688
313	0.62061670
345	0.59873743
374	0.66865468
380	0.59919651
399	0.56758312
422	0.56091596
523	0.53172037
147	0.64455670
171	0.63947156
375	0.64072972
409	0.57265248
426	0.59306073
495	0.60466000
510	0.56480642
520	0.56848330
177	0.71688183
246	0.58405321
278	0.61461541
334	0.54882789
430	0.51424092
509	0.56067339
527	0.54798954
85	0.77356183
196	0.61122477
247	0.58910404
251	0.67864165
308	0.61926128
320	0.57091193
338	0.63491927
364	0.61347541
508	0.51466789
221	0.67293266
266	0.61300275
302	0.57269743
388	0.58696202
497	0.57860147
419	0.60666367
290	0.63986202
437	0.56887835
544	0.55392881
98	0.77677394
279	0.61247303
531	0.52606697
239	0.66173229
382	0.55013615
442	0.57100385
472	0.56612367
210	0.70146110
395	0.57133138
457	0.59527615
488	0.56124587
521	0.54632991
536	0.54875394
367	0.58164771
449	0.55674239
270	0.63929358
298	0.62372716
225	0.61564330
532	0.53016917
167	0.69211615
318	0.58802000
529	0.56726440
326	0.57448569
522	0.51980385
412	0.55541908
423	0.61093523
540	0.53345046
486	0.53794789
402	0.53704220
443	0.54655450
454	0.52915853
492	0.56486404
408	0.60770165
468	0.57752037
487	0.53493835
288	0.61973211
473	0.55256899
310	0.62523009
353	0.62114257
295	0.65942954
475	0.60021780
541	0.51335009
379	0.57157009
455	0.58328807
518	0.54650495
358	0.62278055
478	0.53958532
447	0.57293193
407	0.59073651
386	0.58634606
350	0.58723009
431	0.59235083
306	0.62717450
