0	0.69211679
1	0.69186442
2	0.69201797
3	0.69208732
4	0.69191113
5	0.67625620
6	0.68938522
9	0.69170776
10	0.69213148
13	0.67323668
14	0.69195620
16	0.69152600
17	0.65191086
26	0.68850721
32	0.68450730
36	0.67072600
48	0.66590648
49	0.68279945
50	0.59627929
53	0.66182254
55	0.67105839
60	0.68912473
61	0.65264635
75	0.67390630
77	0.67182564
78	0.66875630
97	0.55654489
99	0.68892810
100	0.62696378
118	0.44317062
120	0.60162792
128	0.62137445
132	0.65985739
140	0.57797071
141	0.46026551
147	0.61255137
148	0.47943358
154	0.45795109
156	0.49155027
173	0.44491743
202	0.50618449
204	0.45259863
217	0.48637984
224	0.56688504
237	0.45893266
241	0.62654900
246	0.46214900
256	0.51119690
258	0.53270849
280	0.43949361
286	0.45677144
306	0.44481761
313	0.45798111
321	0.48825484
322	0.48954936
342	0.50114872
352	0.49374891
358	0.61162482
361	0.42081168
366	0.47039544
391	0.61596779
426	0.39484078
441	0.54769708
442	0.49559380
463	0.44257637
467	0.47743586
484	0.42951633
498	0.38807673
513	0.41857491
517	0.44702664
555	0.47056013
561	0.52397491
574	0.46539297
597	0.42904553
602	0.45047947
607	0.43917026
608	0.44162546
625	0.45343349
627	0.42612956
629	0.45211679
632	0.53111232
633	0.48458987
657	0.54644069
719	0.48650036
733	0.41439964
768	0.45167400
844	0.42973668
853	0.46378750
855	0.41657984
905	0.39369626
913	0.41443622
919	0.41113595
951	0.44768723
961	0.42173111
991	0.45359589
1002	0.44898723
1009	0.40877637
1023	0.40351907
1039	0.40891624
1045	0.42132016
1071	0.38530894
7	0.69210903
8	0.69220228
19	0.66371597
29	0.69223412
41	0.62993513
59	0.51318814
62	0.58630027
76	0.67074690
91	0.63443020
149	0.63523750
160	0.57810803
228	0.50026496
250	0.64748230
277	0.56580484
320	0.51137938
324	0.46659307
325	0.60423175
331	0.49638531
368	0.45907445
395	0.52581989
420	0.54134252
448	0.50005082
576	0.42280009
682	0.45927235
716	0.43350684
735	0.43937427
743	0.43040392
750	0.39617682
838	0.46182755
859	0.42121131
860	0.42615027
888	0.42331168
968	0.42859051
976	0.44454589
1048	0.40741232
33	0.66302135
37	0.69054434
39	0.68314334
42	0.67357035
46	0.61564954
47	0.68148148
79	0.50811515
80	0.61217984
85	0.53231387
87	0.63597692
93	0.57960319
109	0.47814170
155	0.63029243
163	0.56368029
192	0.54584562
194	0.56343978
243	0.57788695
268	0.55560055
317	0.54611204
348	0.54615529
350	0.53784909
354	0.56115766
367	0.43217892
407	0.58035703
489	0.43914781
533	0.46205721
541	0.48141314
553	0.43970876
638	0.44964380
659	0.47280620
708	0.42196296
720	0.43767162
722	0.43440821
732	0.46208549
797	0.42943650
806	0.48676542
891	0.42940474
926	0.47997026
950	0.39671478
977	0.41044425
1022	0.40088047
1027	0.45663978
1030	0.37229589
1067	0.44924681
1069	0.39526870
1095	0.42591122
18	0.68911943
20	0.69174498
21	0.69176058
24	0.68495484
27	0.63180347
38	0.68765392
45	0.64873969
65	0.66704243
68	0.69022892
89	0.57207418
101	0.65248157
103	0.62450456
122	0.62016131
138	0.61850611
146	0.58525137
159	0.63085849
170	0.56203266
189	0.44875529
210	0.51802080
264	0.44293723
267	0.55767016
272	0.48185000
273	0.47303996
365	0.46783193
373	0.45392226
386	0.45062947
392	0.55237080
423	0.49631387
455	0.45852263
478	0.48076442
485	0.52701268
510	0.42560091
512	0.48371341
554	0.41316907
557	0.41310502
626	0.42213321
647	0.44366013
690	0.41561022
694	0.44674024
829	0.41544462
841	0.48264580
902	0.42739325
916	0.43978668
936	0.42091414
955	0.42905474
978	0.45111469
11	0.69217445
23	0.67449106
25	0.56624033
31	0.68374462
40	0.68360438
43	0.68449790
57	0.57414726
110	0.45441578
119	0.63481423
125	0.60568887
143	0.50896724
144	0.44724078
166	0.58207929
169	0.56114635
182	0.59251031
196	0.66637016
200	0.44950511
205	0.44198723
208	0.64060511
211	0.58466277
212	0.50716761
226	0.57854991
244	0.63478376
262	0.64239763
297	0.54866095
308	0.51603029
327	0.51489042
337	0.49024507
338	0.49138075
347	0.48406396
363	0.48328431
375	0.52921834
376	0.50581460
410	0.52172555
449	0.46038814
451	0.43255858
469	0.52622956
483	0.43489973
543	0.51442436
564	0.47441807
580	0.46176451
630	0.47518750
648	0.38446168
706	0.45990812
795	0.42594133
813	0.39185465
854	0.38248741
883	0.41075265
895	0.41462901
898	0.42687363
946	0.41444343
985	0.39876286
996	0.40973120
1015	0.40105493
1040	0.38941095
1064	0.39384069
1076	0.40404708
1091	0.41721515
1093	0.41283914
15	0.69037792
92	0.55051451
408	0.52671560
450	0.43409480
569	0.52764544
687	0.41244808
993	0.45764243
58	0.62194188
165	0.60492938
174	0.48310511
190	0.50575693
216	0.56721369
231	0.47621195
372	0.50096150
397	0.51659918
400	0.53163859
425	0.47562673
439	0.43486633
528	0.49019726
572	0.46809024
631	0.46082026
691	0.43472089
761	0.41928942
910	0.38727856
915	0.48784808
954	0.40759571
51	0.54382965
83	0.66115648
84	0.62073412
105	0.57553303
199	0.47208203
207	0.65850557
283	0.50347117
287	0.51188358
310	0.51762737
380	0.45677728
399	0.50244060
681	0.53198522
825	0.43535164
862	0.42431843
863	0.42944270
982	0.40036442
990	0.42528631
1078	0.44072865
1087	0.38582126
12	0.69214343
22	0.68684808
28	0.69126843
35	0.68149535
44	0.68778075
56	0.68123467
63	0.63686396
66	0.64899434
113	0.61971688
117	0.63935137
137	0.52913102
171	0.63808422
209	0.54084799
221	0.63222308
233	0.53607482
247	0.59518586
339	0.49745876
378	0.53518239
389	0.44150748
402	0.42879416
443	0.51131797
480	0.46287035
482	0.48230146
487	0.52911451
511	0.54266141
522	0.46077582
570	0.48596633
600	0.51861724
606	0.54964827
634	0.56518111
651	0.41867737
669	0.46808923
671	0.44071880
707	0.49088239
734	0.42620958
746	0.41565785
747	0.46740538
792	0.38533951
812	0.44121223
823	0.48756934
836	0.48577381
994	0.43682655
54	0.68853786
124	0.60917445
151	0.66719662
198	0.42896597
215	0.59650630
232	0.55848951
239	0.59190785
251	0.55636296
279	0.58283193
381	0.48008796
396	0.52679507
421	0.50072372
477	0.45909964
509	0.45561743
520	0.42941697
613	0.43269772
623	0.44259398
628	0.46310684
801	0.48070283
847	0.41564964
929	0.39490712
975	0.35767929
127	0.62189443
145	0.57426332
157	0.58384088
178	0.51720666
187	0.56260319
213	0.45226870
219	0.47902135
225	0.42065730
260	0.66843622
296	0.48215046
345	0.52644316
357	0.60030721
362	0.49130383
394	0.45124471
403	0.45092491
433	0.53777974
529	0.50626049
587	0.44855091
864	0.41269681
1043	0.36349781
1065	0.41013175
64	0.63256195
102	0.46944945
115	0.62137719
193	0.62866204
201	0.51063695
223	0.53675766
281	0.45203996
359	0.58970447
374	0.48459863
379	0.47524334
436	0.49708932
481	0.49510082
596	0.52167947
604	0.45633148
679	0.45068595
717	0.45944042
728	0.42086697
773	0.41993695
783	0.41637418
831	0.46543148
1050	0.41234973
69	0.57458339
81	0.60957783
90	0.61404088
94	0.64396031
95	0.63798257
104	0.55215858
134	0.62091907
214	0.50882016
229	0.45007609
261	0.63747135
278	0.52423549
315	0.49673467
370	0.48143613
393	0.44345958
432	0.49946341
454	0.47622655
499	0.45096040
521	0.44494279
539	0.49111779
562	0.49693887
612	0.44896807
635	0.39120347
661	0.49144416
686	0.47887026
692	0.46969982
751	0.42784507
756	0.44280246
770	0.45467345
827	0.45568641
830	0.42235192
1016	0.40007947
1070	0.39129434
288	0.55477564
430	0.48717847
641	0.42520584
740	0.45278969
52	0.69183148
123	0.68747646
139	0.61774161
242	0.54812947
252	0.44261305
369	0.58061487
390	0.43251834
409	0.53026296
414	0.50601880
507	0.42699261
535	0.44406478
560	0.46873431
565	0.45481077
579	0.48562737
603	0.43526715
639	0.48184589
643	0.52897856
760	0.45595949
807	0.46070383
808	0.39685876
824	0.42574553
828	0.45184973
871	0.40837792
885	0.42883066
896	0.42880766
914	0.45636131
948	0.38403276
1054	0.36247445
88	0.59059589
98	0.66416496
135	0.61250192
227	0.60199243
274	0.63729015
307	0.47721661
349	0.52064945
712	0.41675894
766	0.42040666
826	0.41849790
848	0.40466524
959	0.40928786
107	0.63677555
126	0.66038029
300	0.59704836
384	0.49835958
405	0.53325210
424	0.44987491
427	0.48804124
459	0.51349690
620	0.43853422
666	0.42192108
683	0.42999790
738	0.42341095
739	0.38929224
752	0.45674808
769	0.40196186
940	0.40321049
972	0.40791040
1005	0.37924918
1013	0.44101761
1073	0.38759571
1083	0.40987281
245	0.49091323
530	0.51395265
74	0.64886560
106	0.56119471
116	0.61348485
131	0.62315100
222	0.59022993
470	0.46100109
534	0.47757363
724	0.44170520
71	0.67057701
492	0.44235931
563	0.40778878
668	0.49089316
721	0.41676752
852	0.40372272
1037	0.38622573
34	0.67040912
73	0.64836049
114	0.61385912
175	0.59363978
238	0.43144024
248	0.56997299
255	0.48734206
346	0.58321715
387	0.47023321
445	0.50224161
491	0.45497847
567	0.42294069
652	0.44612099
688	0.40071597
802	0.51750036
833	0.41236341
837	0.41014662
843	0.40451460
893	0.39096040
920	0.43609863
963	0.40263239
1036	0.40880547
1066	0.42737737
167	0.67135976
181	0.63046670
328	0.48544380
335	0.47561706
462	0.41946916
465	0.45513914
466	0.46345511
605	0.41892555
674	0.46725931
676	0.47230557
703	0.42647245
791	0.36884197
817	0.45551022
846	0.41858440
872	0.39084516
933	0.43238093
957	0.38557409
1006	0.40170995
1034	0.44454973
30	0.69023412
82	0.65119398
177	0.62897956
254	0.58930009
289	0.56252080
882	0.41773568
944	0.44151387
1058	0.39827308
1094	0.40571077
235	0.47189307
494	0.46292637
725	0.41214489
903	0.43847327
925	0.39626423
72	0.64691223
617	0.42051241
779	0.41316131
785	0.43797199
161	0.47975739
168	0.50296706
180	0.48618449
191	0.53000511
269	0.51322071
364	0.52368531
382	0.42875201
581	0.53554781
595	0.40588896
744	0.41459772
774	0.45019161
775	0.45343732
918	0.41023376
980	0.47057308
276	0.43528987
765	0.46190429
849	0.40829662
188	0.56566788
303	0.40739407
526	0.49232427
865	0.43000119
917	0.46361998
967	0.42004973
969	0.39420547
67	0.66311150
112	0.66054234
121	0.66190794
152	0.67092637
184	0.64175447
253	0.57675821
294	0.42798394
298	0.40605009
334	0.52318385
422	0.47682071
431	0.52820666
546	0.47613212
571	0.50284845
673	0.42566980
702	0.55159891
809	0.50294498
886	0.40423823
894	0.37719644
935	0.40718832
1029	0.39657819
1077	0.40855173
179	0.44449370
197	0.58375976
318	0.52355465
473	0.43092527
503	0.50787527
556	0.50248358
573	0.55765173
575	0.41025648
578	0.41966277
729	0.39518905
759	0.42726214
908	0.41479708
934	0.37259380
1080	0.39552245
150	0.62308777
319	0.63427682
532	0.47960356
810	0.38849772
943	0.39664909
1011	0.45597792
1072	0.44111971
240	0.56542181
415	0.54629115
586	0.43775821
601	0.46628330
619	0.48696369
644	0.48359872
772	0.47573978
892	0.42218522
314	0.46107418
371	0.44279991
464	0.54696852
921	0.40096980
953	0.39871934
753	0.38175009
805	0.43316597
1033	0.37650976
1057	0.38088093
70	0.56952965
142	0.58353723
293	0.47164389
457	0.40951934
757	0.44163011
834	0.41525474
111	0.63605620
309	0.41723221
502	0.52224088
611	0.46777965
685	0.43945310
970	0.38474854
164	0.63689735
185	0.54594215
203	0.53336004
323	0.45361825
413	0.53522546
474	0.44481743
496	0.43952208
798	0.38362920
839	0.50764964
1019	0.38183549
1062	0.41233422
1075	0.41992026
1090	0.42580210
186	0.48523832
220	0.58985164
316	0.64822117
344	0.42675995
550	0.48240538
591	0.48363540
723	0.37755867
876	0.42555155
1026	0.39998951
136	0.65199991
158	0.58870146
794	0.42591049
820	0.42751058
832	0.37155867
964	0.39562126
518	0.53534982
588	0.42988440
594	0.54902600
640	0.43235228
755	0.42561743
952	0.41600201
301	0.53127117
417	0.41553869
527	0.51110648
700	0.39815219
763	0.40641095
897	0.41586542
176	0.49316186
234	0.54332026
437	0.42227080
438	0.54243084
850	0.42185100
133	0.55538996
353	0.54070684
519	0.41660401
538	0.43092080
615	0.40737628
911	0.41331971
966	0.43719243
971	0.39132901
1079	0.41966104
479	0.46131268
531	0.51219599
582	0.49907327
468	0.48607172
497	0.53925283
501	0.52516734
695	0.42134343
96	0.57417290
172	0.43371141
343	0.52941350
404	0.50125949
440	0.51132381
989	0.40917555
153	0.53354772
515	0.55557318
726	0.43045703
945	0.39412363
949	0.42962135
1038	0.37587765
311	0.44829234
504	0.40733914
589	0.45255237
818	0.40126533
1010	0.40663093
305	0.51614142
778	0.37686706
664	0.44038869
249	0.51345940
336	0.43930684
549	0.45308175
592	0.47803412
714	0.44346797
784	0.42659891
890	0.43435511
937	0.44290365
1000	0.45705520
1007	0.41664818
1053	0.43191980
195	0.60205082
329	0.49407391
803	0.40976378
962	0.45047153
304	0.47688266
312	0.40048485
340	0.53661706
377	0.46842692
835	0.40463677
884	0.37495091
924	0.40820739
302	0.54428504
701	0.45222892
867	0.38737774
236	0.65105858
330	0.46263431
516	0.44857445
992	0.42744735
1044	0.37767235
257	0.52445046
383	0.51149827
355	0.51892482
263	0.48355484
341	0.46008440
446	0.53716688
523	0.48738394
636	0.46220100
737	0.41731907
932	0.37867728
941	0.41288549
960	0.39581141
456	0.46063276
577	0.47375730
1001	0.38923996
1055	0.38033203
693	0.47176989
988	0.32664389
1084	0.38618960
419	0.46090429
881	0.40925319
401	0.47016852
505	0.51359799
545	0.55394644
584	0.43495319
741	0.42321834
290	0.62711049
1052	0.44459453
86	0.55434589
711	0.41413531
108	0.59339699
162	0.67707491
551	0.53319288
680	0.46284781
715	0.49110328
1032	0.41288732
266	0.64970593
540	0.49936442
292	0.59433586
609	0.41058339
508	0.43059900
870	0.40702646
259	0.59585940
981	0.41777901
447	0.48665493
947	0.41174553
129	0.63098166
206	0.63642354
475	0.45146615
1081	0.36973695
1082	0.38176870
495	0.44882108
653	0.38930858
745	0.50628878
781	0.43509425
282	0.49259051
284	0.51352856
295	0.41648358
877	0.43932965
904	0.41981715
663	0.33687527
782	0.40498093
793	0.39763193
1017	0.37738203
866	0.42266761
471	0.40402956
713	0.42325411
767	0.37861068
271	0.45670164
697	0.42696186
1088	0.38501505
965	0.39944699
411	0.51391469
472	0.42358358
548	0.43510374
675	0.52474471
987	0.36217664
748	0.43365173
542	0.45299206
762	0.37323385
851	0.41783732
265	0.41773248
645	0.48273303
788	0.41041113
789	0.38791049
1060	0.36250967
434	0.37195100
490	0.36556962
1031	0.35438869
583	0.41861478
610	0.42792838
275	0.63570447
655	0.43032865
684	0.45300575
879	0.38630529
907	0.40103850
130	0.60079653
476	0.41365201
385	0.47803595
506	0.49436651
558	0.53175347
650	0.45537546
983	0.38302865
270	0.48475639
559	0.48220894
585	0.40786241
804	0.49399498
1021	0.36745721
906	0.33913002
412	0.46796797
658	0.42889790
878	0.42161861
942	0.38127117
974	0.39478166
183	0.44584124
486	0.37683677
218	0.37421131
299	0.45748987
999	0.37884553
398	0.53062546
428	0.57060365
444	0.46970684
1020	0.41320265
416	0.43339434
874	0.37631633
544	0.40316560
662	0.38993321
930	0.40506204
873	0.39716305
291	0.59528577
458	0.36539635
815	0.40088914
488	0.38144361
780	0.43853130
923	0.39465064
326	0.44164005
332	0.47581542
786	0.40122600
790	0.45338522
861	0.40980566
1012	0.37388732
536	0.40736551
764	0.40839325
931	0.44576478
956	0.39100867
995	0.46121086
1018	0.42042482
622	0.40117491
777	0.42640849
435	0.51652226
429	0.47863759
598	0.41515803
618	0.42238732
1041	0.34764781
938	0.37008878
406	0.39989325
776	0.34876761
230	0.62522819
758	0.41162856
842	0.35866168
811	0.37648230
1089	0.38099982
699	0.38402491
624	0.47935000
814	0.44513485
771	0.33157053
614	0.44657664
973	0.35267692
689	0.35658823
460	0.50454644
984	0.36645474
1056	0.35681916
525	0.42751615
800	0.45964945
453	0.39214088
351	0.47032089
749	0.45690639
869	0.45820128
1003	0.40921679
696	0.38538120
333	0.59780894
552	0.49081807
1061	0.35065639
593	0.43054799
646	0.37815055
1059	0.37523394
642	0.41441825
1008	0.36855210
899	0.32459735
927	0.35477564
388	0.51935292
754	0.39850511
660	0.50046524
1063	0.38603084
816	0.37732911
1085	0.34447318
845	0.37534015
285	0.53897710
461	0.50187190
939	0.35190456
1004	0.38677810
418	0.37904270
493	0.49177126
637	0.45334854
667	0.35555693
1025	0.35934973
856	0.37256432
356	0.45295931
452	0.40672655
616	0.44055319
710	0.37806907
858	0.38000265
868	0.41184243
912	0.36835255
677	0.37902984
672	0.34957865
822	0.34941989
979	0.35131953
928	0.36024088
730	0.37671797
909	0.37093230
524	0.51520119
709	0.35029060
566	0.52114051
900	0.37451442
799	0.34452391
360	0.42983020
1035	0.36218613
568	0.39499626
1086	0.36971451
547	0.49439097
727	0.40678239
654	0.41835310
1049	0.35013914
590	0.49512692
514	0.47743859
599	0.38593047
887	0.39326049
670	0.38804653
880	0.42884361
500	0.59270812
1047	0.38469717
840	0.35413732
901	0.38580611
1042	0.38761642
875	0.38878038
787	0.35980000
889	0.38483038
537	0.43395529
621	0.38540255
665	0.32073349
705	0.39646113
704	0.43238120
656	0.37867035
698	0.32281606
821	0.38377464
922	0.36436706
718	0.46733531
649	0.38058531
1051	0.33861095
742	0.34852172
678	0.45617053
986	0.35088422
1074	0.37788276
731	0.36381606
998	0.33983230
1024	0.38923467
1046	0.34094215
1092	0.33911186
1028	0.31903066
796	0.32512929
736	0.32878987
997	0.32366359
857	0.37373622
1014	0.35467609
819	0.35073677
958	0.29557400
1068	0.30884343
