0	0.69093012
1	0.65646550
2	0.69140920
3	0.69089255
4	0.69111062
5	0.69112662
8	0.69089376
11	0.69118949
19	0.69112004
24	0.68357317
29	0.68969912
40	0.62264896
42	0.63511676
46	0.64820920
49	0.61132311
61	0.68951939
62	0.53152202
74	0.68167108
90	0.63829737
95	0.63313932
101	0.58907043
112	0.59149288
120	0.59806627
177	0.61117919
180	0.50121796
213	0.59331928
225	0.55991227
239	0.49253253
255	0.66739682
257	0.48365323
280	0.53414962
292	0.41143593
304	0.42970285
327	0.56562267
366	0.37804272
423	0.47991106
438	0.52533636
529	0.52206977
556	0.47172059
566	0.51873187
576	0.43186254
579	0.41654217
595	0.58072552
694	0.41988806
695	0.37306550
708	0.49295509
726	0.40001402
742	0.40216407
768	0.41887174
782	0.41481073
793	0.41573593
798	0.42104326
822	0.42388478
823	0.45007579
828	0.39309179
860	0.38104589
872	0.41341895
902	0.36110624
6	0.69114096
9	0.69090482
50	0.65844929
83	0.67452935
261	0.46078992
337	0.45351314
380	0.50211906
427	0.41965805
624	0.40580909
635	0.41234458
856	0.36711785
899	0.37950591
14	0.69096878
30	0.67110033
32	0.55685980
33	0.57959671
53	0.67327360
56	0.62462979
58	0.64128938
67	0.59693483
82	0.54177163
96	0.57926276
104	0.63569047
106	0.58310975
141	0.59839463
144	0.48307218
150	0.63979880
156	0.55378324
163	0.56425115
164	0.58436232
183	0.67782519
186	0.55002081
199	0.52998905
207	0.62143319
231	0.58886594
265	0.47852070
300	0.59579266
303	0.54154392
309	0.47795411
317	0.44458258
325	0.55515980
360	0.45875761
369	0.49717273
376	0.44476221
381	0.52537382
393	0.49386287
406	0.42751610
422	0.41072716
430	0.44408488
445	0.49083209
451	0.40375400
471	0.45006396
504	0.46022629
509	0.59047415
512	0.48526276
539	0.41704907
562	0.43751993
565	0.43946440
602	0.48366429
617	0.45420646
663	0.49267875
706	0.42988291
739	0.40237897
740	0.44590372
741	0.40732640
832	0.40933724
855	0.44019222
12	0.68429825
28	0.69065498
35	0.69068357
68	0.63965531
75	0.68210318
87	0.61220865
89	0.51521380
103	0.61923954
149	0.56541051
170	0.55861106
217	0.61646616
288	0.52588488
350	0.43596857
351	0.46993691
363	0.49225728
375	0.47619803
404	0.40486561
461	0.39834874
468	0.50101347
470	0.44912990
475	0.45582344
519	0.50623122
544	0.42753768
559	0.46626627
581	0.39534567
586	0.38714589
600	0.45073001
603	0.45179759
650	0.49235827
705	0.41582388
709	0.42112486
743	0.42868587
867	0.39077097
882	0.43132278
7	0.69011512
10	0.67290350
13	0.68504381
17	0.68919124
20	0.67193012
21	0.69130033
22	0.66061972
27	0.67248237
31	0.64088280
38	0.63153472
43	0.67242881
45	0.65693045
47	0.68933067
48	0.52637119
55	0.68553888
57	0.60627601
60	0.66052782
65	0.67183560
70	0.68381117
92	0.50362903
108	0.50024370
114	0.61585038
126	0.67077744
136	0.55003779
154	0.63638346
162	0.57981522
165	0.57803023
171	0.58216265
175	0.62991073
197	0.59238237
208	0.55823078
209	0.46504874
214	0.45699792
216	0.64922278
218	0.47459398
219	0.45059923
223	0.64583450
236	0.58754688
242	0.52241073
245	0.55078992
256	0.42945104
269	0.56732738
294	0.44395597
299	0.63363855
326	0.47745301
329	0.59459003
332	0.52374545
349	0.56909387
359	0.44816791
362	0.54660854
368	0.63608488
374	0.41997525
403	0.38989157
418	0.57141544
421	0.47715860
424	0.43745148
426	0.51709595
429	0.46009179
433	0.50665630
452	0.50411336
457	0.44005192
463	0.41137623
501	0.43549430
530	0.41857755
554	0.41656594
569	0.49168291
573	0.53607514
589	0.48436791
590	0.39337108
618	0.41958653
658	0.43659409
671	0.42009507
673	0.50124743
685	0.44534403
744	0.45594885
753	0.53728543
755	0.42088182
772	0.49871873
810	0.40135575
811	0.44404940
819	0.40793154
826	0.38838302
840	0.43663286
849	0.38934009
854	0.43697820
864	0.40415652
884	0.38972804
885	0.43994973
26	0.68516528
59	0.66152727
88	0.51082903
146	0.65123417
148	0.50240022
179	0.55596364
272	0.56696265
305	0.45807108
322	0.51018116
348	0.43881468
386	0.43576024
409	0.42757448
454	0.43378127
490	0.46710142
563	0.50449858
578	0.49105663
653	0.37762607
875	0.41776156
18	0.67819003
36	0.67245345
41	0.64022267
66	0.55743275
73	0.67569310
84	0.66142618
85	0.43948313
118	0.49268927
145	0.55922651
202	0.63704250
210	0.52606440
222	0.44628686
224	0.46585904
240	0.43461906
247	0.49217514
253	0.60222442
264	0.42332180
278	0.44278050
283	0.45995476
313	0.44188740
324	0.54768094
339	0.53027974
342	0.53049091
355	0.44537634
377	0.42244688
389	0.39252716
474	0.51333373
492	0.54538697
493	0.49122004
496	0.49835060
498	0.49271752
553	0.50176583
587	0.47875882
646	0.46551019
660	0.41393242
664	0.43972651
687	0.40415389
704	0.43103472
707	0.44543275
745	0.44541577
804	0.42965422
817	0.40281643
836	0.37815663
853	0.39457021
870	0.40821643
895	0.38241818
23	0.68614381
72	0.64753483
113	0.67379332
140	0.61344743
159	0.54697711
191	0.54127788
237	0.46958291
335	0.53362749
449	0.48471205
456	0.44664359
538	0.48295137
655	0.38884535
784	0.40577558
847	0.39674655
15	0.68916616
16	0.69137875
25	0.68988039
39	0.63944951
132	0.46105049
158	0.64407218
371	0.48742158
398	0.44085225
535	0.46688773
555	0.43996090
609	0.38668204
639	0.43561292
678	0.43663713
713	0.44412771
775	0.37323910
893	0.37922432
51	0.63109890
78	0.64557426
121	0.65372651
129	0.59983724
205	0.46915904
260	0.58467076
275	0.39803658
301	0.47680613
318	0.40732202
328	0.55261336
343	0.50866090
444	0.52052618
476	0.46064031
483	0.44335904
484	0.42908740
607	0.48640821
621	0.46167766
642	0.41357875
679	0.45752629
732	0.36770285
756	0.39078072
785	0.43459726
820	0.40745301
34	0.67380197
63	0.59741774
107	0.55274754
173	0.50765203
336	0.45960767
402	0.50829759
460	0.52541632
499	0.39538050
869	0.38452322
76	0.63627590
94	0.46114403
157	0.59580296
161	0.46684578
168	0.48821906
196	0.50934140
226	0.52814545
229	0.66471544
234	0.52376342
244	0.48741380
290	0.47974294
307	0.47449255
308	0.55465126
347	0.53170361
364	0.51308204
382	0.47478708
384	0.55307426
396	0.46544677
419	0.41171106
479	0.48329058
521	0.48825279
531	0.44396539
594	0.43283220
638	0.49206024
792	0.43498379
842	0.42717262
900	0.43787218
907	0.38593505
912	0.41996867
116	0.63855871
138	0.60620153
187	0.61299244
271	0.46974129
321	0.54708072
469	0.51467711
616	0.44209430
622	0.46212968
630	0.40994524
37	0.56112585
143	0.62891238
176	0.55747875
193	0.48660405
295	0.48635290
542	0.41238521
561	0.44386254
879	0.44495455
52	0.66990570
99	0.53293428
127	0.44521117
190	0.61146670
220	0.49840471
238	0.49435476
252	0.48717382
306	0.42645016
356	0.49583319
575	0.45907831
592	0.41047700
691	0.41291019
764	0.42814940
871	0.40225498
100	0.59002563
110	0.47703987
125	0.51797163
184	0.54568828
232	0.43831041
250	0.60260679
383	0.46419332
568	0.41656594
690	0.43488959
720	0.47441391
799	0.46950581
824	0.44832037
862	0.39164874
880	0.41423844
69	0.50104611
111	0.68246714
139	0.65539671
174	0.44158729
195	0.62349803
230	0.52318708
266	0.48137645
293	0.47022607
297	0.56619759
310	0.42142037
319	0.42726407
323	0.50393220
415	0.43527842
482	0.48532760
486	0.41087875
526	0.45768587
574	0.41387360
596	0.41338631
623	0.43444261
641	0.44566561
656	0.47308401
699	0.42884984
710	0.48071260
783	0.44189945
841	0.39670887
891	0.43478302
137	0.58400602
185	0.54733472
277	0.56198390
284	0.45884754
346	0.48048182
367	0.43225257
387	0.44077415
615	0.42103352
657	0.38551347
670	0.39367536
751	0.44281501
795	0.47489124
54	0.61514195
345	0.41177152
428	0.52292453
721	0.40914907
767	0.42053275
801	0.41414118
64	0.64367547
97	0.52402223
124	0.60500285
131	0.61174578
274	0.45679211
281	0.56685663
286	0.54843812
410	0.48104469
450	0.43554666
567	0.46259912
601	0.47798061
750	0.44024151
769	0.36923735
843	0.41927941
153	0.52081961
370	0.49607097
443	0.46004294
458	0.38659310
584	0.51101380
669	0.41428806
754	0.42251544
806	0.40372223
91	0.52862311
128	0.62777338
155	0.52380372
215	0.55885422
259	0.44132673
273	0.50468094
399	0.47199343
413	0.52051796
518	0.39842147
629	0.52323812
711	0.41801654
718	0.42851260
758	0.37373231
122	0.64139277
123	0.55623976
270	0.48244578
560	0.39099080
582	0.37176298
844	0.45094283
908	0.43584622
133	0.47602147
204	0.51539463
522	0.39664786
682	0.50552771
692	0.37836605
731	0.44183122
809	0.45575378
845	0.39779255
852	0.40865246
77	0.58024261
109	0.61945476
117	0.64088237
167	0.50885805
331	0.47738916
373	0.53524852
541	0.46244578
715	0.38591961
773	0.42524797
44	0.62538510
134	0.51284053
152	0.61198839
249	0.61272278
254	0.56248664
365	0.43590427
400	0.48647886
453	0.49400449
536	0.42945904
546	0.42186112
547	0.51989211
827	0.38755717
887	0.43595455
221	0.40601512
268	0.46809617
296	0.54606922
352	0.51634995
378	0.49133724
467	0.47724885
633	0.38833165
701	0.41210055
889	0.41338182
911	0.44341271
81	0.57258138
181	0.56869288
241	0.62968072
506	0.41753143
532	0.42275849
598	0.43484743
833	0.39261993
115	0.54856068
130	0.56248488
211	0.55017645
246	0.52687327
320	0.50028401
340	0.56926451
395	0.47473614
431	0.41868587
462	0.43115619
472	0.37489781
485	0.44210307
523	0.41755214
613	0.38688324
738	0.43089124
746	0.39825312
878	0.43142924
80	0.58190778
93	0.49334414
233	0.45289901
243	0.58729682
353	0.55578105
513	0.44855958
597	0.44271533
667	0.41526955
672	0.46113834
697	0.39657152
752	0.47317689
166	0.56846506
494	0.46546911
717	0.44878609
71	0.64358302
98	0.51354074
178	0.44721501
198	0.44612245
857	0.36328237
606	0.46872968
662	0.44632158
808	0.35942651
258	0.57635772
610	0.44082848
119	0.58711961
135	0.57344436
285	0.48519441
341	0.43638938
412	0.52949058
654	0.37618138
776	0.42574524
800	0.44431095
848	0.43949233
881	0.39494578
86	0.48994918
105	0.55088510
436	0.45615794
647	0.40390734
735	0.39436922
779	0.41764359
194	0.58510099
298	0.43168269
420	0.45640296
435	0.41633341
79	0.57898445
640	0.39459759
675	0.39770942
666	0.39539584
302	0.46731161
478	0.47618828
712	0.37263154
160	0.53702881
585	0.46585301
248	0.46777744
276	0.53715093
548	0.42087371
688	0.47189529
311	0.39724020
338	0.51169803
447	0.38056889
291	0.53289671
358	0.46286780
407	0.46276955
503	0.40843910
516	0.43498631
861	0.36456999
888	0.40689003
905	0.38051336
748	0.51408007
818	0.38522596
834	0.39621577
189	0.51684085
570	0.44399398
728	0.44964348
102	0.54977952
564	0.38126320
405	0.47619880
525	0.51522070
648	0.39028959
747	0.41320394
172	0.49709343
778	0.39709452
147	0.52848916
831	0.38985509
251	0.59518861
388	0.59021720
684	0.38834502
815	0.39635652
505	0.35605290
686	0.36839474
206	0.59915159
379	0.41989518
588	0.45615827
652	0.38730789
151	0.55740252
182	0.47415115
394	0.45389135
495	0.41561249
689	0.36724195
354	0.47863001
439	0.40546386
515	0.42305608
591	0.39968083
661	0.40679584
385	0.38101906
411	0.48360033
465	0.50226287
477	0.51014294
703	0.45089135
771	0.40163943
791	0.42390986
894	0.35675871
481	0.46674688
625	0.39345685
649	0.39558149
201	0.52723297
314	0.56061238
719	0.46478324
734	0.36949036
497	0.39902125
416	0.39817853
455	0.43292574
517	0.48715542
634	0.39481906
727	0.38319430
188	0.57310361
212	0.54155257
437	0.41962552
464	0.46945214
543	0.49402212
723	0.42964480
829	0.43061227
192	0.43364907
788	0.38460482
816	0.41406703
235	0.53897744
583	0.53727744
263	0.59495575
289	0.51078894
527	0.45501369
593	0.44701698
681	0.40624622
724	0.39848105
200	0.43800745
334	0.40219036
473	0.47843417
830	0.33499518
851	0.42457941
228	0.48053899
267	0.50899978
414	0.43587295
608	0.38688193
488	0.39398806
859	0.35475893
620	0.36558916
838	0.40596375
480	0.42405882
612	0.41158576
868	0.35937711
759	0.41405279
279	0.39335257
333	0.41747492
510	0.46749693
524	0.50463965
549	0.44492859
892	0.38736889
432	0.43159387
645	0.52790767
142	0.57336473
227	0.61850361
722	0.40150646
789	0.36364918
761	0.33863220
466	0.42068335
737	0.42522815
611	0.43460340
330	0.47801862
511	0.45451205
733	0.36054951
392	0.47564918
491	0.44957404
904	0.41963647
315	0.50278269
558	0.47197382
803	0.42763943
802	0.34384721
169	0.46855170
604	0.50312070
901	0.41029606
390	0.41498981
357	0.38207623
637	0.50594184
643	0.42743395
898	0.39198182
700	0.37224951
361	0.42628061
599	0.45425849
794	0.42608280
693	0.41676944
760	0.39952432
736	0.41624578
909	0.40587733
408	0.44163812
508	0.43020701
203	0.45355334
489	0.53471281
507	0.39727360
777	0.39993319
441	0.52180515
520	0.48554436
636	0.43896736
665	0.37513582
514	0.43335761
781	0.40141161
807	0.41424885
459	0.45180701
557	0.37691303
500	0.39734973
780	0.37488806
372	0.46310690
442	0.43476517
886	0.43091588
680	0.33463604
813	0.38743932
397	0.40614874
683	0.38846375
863	0.38166232
434	0.47478291
619	0.41945465
417	0.53355005
896	0.36990953
282	0.58077076
401	0.36312673
866	0.34651292
763	0.36166605
821	0.35887700
677	0.43144458
835	0.38387152
287	0.52446528
714	0.35906484
766	0.45392344
540	0.38752826
545	0.38010920
487	0.56139409
550	0.40158434
674	0.35677930
425	0.51102202
716	0.37236517
876	0.38135257
696	0.34742355
837	0.36187437
316	0.44240920
344	0.39316627
440	0.49262519
577	0.39769463
659	0.36386747
890	0.37994381
446	0.39549277
571	0.35803790
749	0.39632990
762	0.38685290
676	0.41105553
846	0.36808664
528	0.51427273
312	0.52930153
572	0.36025816
627	0.33225225
883	0.33512223
448	0.35448193
770	0.38248959
858	0.35667119
873	0.37804556
668	0.36564863
814	0.38444819
537	0.37120307
698	0.40860219
391	0.37137623
757	0.37176112
702	0.35073625
262	0.41148248
502	0.37237886
534	0.46228313
725	0.38794513
877	0.33894436
551	0.48644118
906	0.34608587
632	0.36710099
614	0.35684644
787	0.35270668
865	0.38132826
605	0.47273143
626	0.36211402
797	0.34753505
580	0.33300537
628	0.41638280
765	0.38504973
825	0.39255159
552	0.34772377
651	0.31580515
839	0.34183647
874	0.33244633
897	0.31512946
796	0.32671095
786	0.33770394
631	0.35981862
903	0.34268083
812	0.36175849
729	0.32903527
533	0.33523888
790	0.36200887
730	0.32681982
805	0.32536648
644	0.38563571
850	0.38527054
910	0.33263154
774	0.30824239
