0	0.69086978
1	0.20823349
2	0.68928610
3	0.69099496
4	0.69136558
5	0.69038106
6	0.69089440
7	0.69053983
8	0.69145420
9	0.69104739
10	0.69118200
11	0.69133190
12	0.68916241
13	0.68304459
15	0.68916791
18	0.69107575
19	0.69058554
20	0.69079375
21	0.61498619
26	0.57172341
27	0.66266502
35	0.68631315
37	0.51988899
44	0.58505252
46	0.56024403
56	0.65871026
57	0.56156707
58	0.61191726
59	0.65022397
67	0.65017229
77	0.64017687
79	0.50037080
93	0.67654366
98	0.68297659
102	0.49825103
104	0.54299328
108	0.65131922
111	0.60599991
115	0.62379132
118	0.66153946
123	0.58170131
124	0.56405793
125	0.66705942
129	0.58031250
137	0.65167621
144	0.60197677
146	0.63018218
152	0.62420168
155	0.58104030
158	0.67463582
174	0.64908573
175	0.45023424
188	0.60069757
198	0.64188377
208	0.48547780
214	0.47737276
215	0.62983946
234	0.45545886
247	0.42694123
257	0.47667780
258	0.49458097
283	0.64352826
297	0.49046073
306	0.53713946
310	0.48081987
313	0.59142201
314	0.43077565
337	0.63025121
357	0.43067099
370	0.53745205
381	0.50001978
395	0.44408424
396	0.42147612
434	0.45033731
444	0.51634618
464	0.45151744
468	0.50547519
473	0.46458713
486	0.44868769
492	0.43304580
508	0.38196567
523	0.54267155
535	0.45245728
539	0.44207360
541	0.47130131
550	0.41525793
562	0.43574916
576	0.40562481
579	0.40892500
642	0.53244132
647	0.42490681
671	0.46891483
679	0.44822341
686	0.43948582
701	0.54518209
709	0.49787015
725	0.44281549
726	0.40694879
744	0.50920252
749	0.38568787
776	0.41542901
782	0.46339832
787	0.47134095
820	0.48459711
831	0.42437118
833	0.41328601
847	0.47138731
864	0.44977155
890	0.42045028
893	0.42753703
905	0.44150056
906	0.42847826
916	0.39535728
918	0.39337976
958	0.38560103
974	0.34795233
1014	0.42293983
1021	0.39556763
1037	0.38688041
1060	0.42251558
25	0.66557481
36	0.68995000
55	0.60930616
61	0.65709907
69	0.61860392
74	0.63527649
231	0.53414580
271	0.61127341
281	0.60916017
355	0.54292034
475	0.45942799
552	0.43339590
556	0.46253619
638	0.44144851
644	0.49110765
813	0.41823750
842	0.41974674
975	0.46241642
33	0.68020280
34	0.68226679
40	0.68187192
53	0.67820588
82	0.58528610
84	0.55513946
89	0.59133321
96	0.66758144
135	0.55515951
140	0.55313797
167	0.44360438
191	0.51473722
192	0.57741521
195	0.45581418
248	0.44678619
250	0.57800215
261	0.62819030
293	0.51694151
307	0.52879375
315	0.45130700
335	0.58830326
436	0.55632789
467	0.48508806
477	0.48922043
480	0.49543685
509	0.39287733
555	0.44901399
604	0.47352435
630	0.43151222
635	0.42690513
668	0.42835784
745	0.42971026
899	0.37121735
921	0.43565466
24	0.69130821
30	0.68959711
38	0.69044963
39	0.62206315
45	0.62527323
49	0.68588591
66	0.57139860
87	0.49849282
92	0.60920075
95	0.65391427
97	0.60245728
105	0.55087565
107	0.60321875
117	0.60840289
121	0.52094608
138	0.63966203
142	0.48478955
148	0.55280662
165	0.60580299
177	0.60553162
183	0.62619608
200	0.52496950
202	0.47117789
218	0.49519310
240	0.58349384
253	0.59481903
259	0.46047556
284	0.48015047
291	0.52357528
298	0.56827229
302	0.57051502
363	0.46656446
365	0.51235280
383	0.46199422
385	0.55150093
417	0.50161054
443	0.46381744
459	0.59680392
506	0.42734347
510	0.43235112
534	0.48163228
558	0.45345466
566	0.41727453
584	0.43759524
606	0.40526063
607	0.41666586
656	0.46016968
747	0.44267715
757	0.46836866
777	0.42406166
793	0.47708461
795	0.44058050
816	0.42270830
880	0.45261521
883	0.42673060
887	0.39253955
896	0.41061362
941	0.44654067
978	0.43304431
982	0.38480989
1003	0.41594319
1054	0.38538545
1068	0.42210858
28	0.67742761
106	0.67934590
147	0.65284151
205	0.55990131
223	0.51689543
343	0.56424011
400	0.50455662
431	0.41599739
435	0.56419328
462	0.48593946
513	0.41776959
538	0.53538927
609	0.51949328
621	0.41616828
667	0.43857817
861	0.39041147
909	0.43598722
925	0.45750308
934	0.43042994
1020	0.45447220
1026	0.37924608
14	0.68889795
23	0.63382341
127	0.63180494
145	0.48076353
180	0.59370177
196	0.60144935
237	0.47242351
262	0.48530187
272	0.57448610
286	0.57484860
317	0.52130457
321	0.48327724
350	0.54779907
456	0.45966138
522	0.42850420
605	0.49859739
672	0.53206530
785	0.39478377
811	0.54224021
815	0.42137220
830	0.45649729
928	0.38726810
1055	0.41873209
43	0.68745560
51	0.63691856
60	0.68284366
64	0.67877285
113	0.60833489
132	0.48759524
156	0.52088256
289	0.56726968
294	0.49022733
329	0.49246679
399	0.48251306
471	0.57432416
753	0.53561390
763	0.45770196
768	0.41653256
917	0.43499039
983	0.39173498
1015	0.38198284
16	0.68657743
17	0.68432174
22	0.68995103
42	0.65041297
63	0.48621940
85	0.48625709
88	0.59800075
91	0.68669981
99	0.65690886
100	0.63547099
114	0.54380634
149	0.59122211
246	0.52097351
270	0.54791959
347	0.47572752
360	0.43545513
368	0.57163694
487	0.53180354
505	0.47049953
525	0.44947276
572	0.48805532
1030	0.43735830
1035	0.42488526
31	0.65751959
68	0.66754897
83	0.56677948
86	0.62176660
90	0.63027826
94	0.66257155
112	0.63258116
141	0.66095289
157	0.66942715
170	0.67909356
176	0.55394674
181	0.49126782
185	0.53297733
193	0.63298050
201	0.53625177
224	0.58242090
241	0.61085187
251	0.40331007
285	0.52175830
353	0.51967743
388	0.42588666
389	0.55224739
425	0.57374151
426	0.45188246
428	0.48450998
433	0.57690597
511	0.42104338
581	0.37828573
588	0.41014282
646	0.48310037
692	0.38631465
697	0.44872817
834	0.44324459
843	0.43754981
848	0.46811269
867	0.41561353
889	0.40672463
910	0.37301903
937	0.36336847
960	0.41522985
29	0.69027985
32	0.68810271
62	0.65323479
71	0.59752500
131	0.63642285
168	0.53729021
171	0.61521800
172	0.65062108
190	0.65045112
209	0.65445009
216	0.42540504
221	0.63263601
239	0.53062062
255	0.59792164
263	0.52461399
280	0.40774291
282	0.47625933
308	0.55269543
338	0.43295905
376	0.52260308
382	0.46473554
403	0.39982575
416	0.48558134
442	0.42097994
463	0.52801670
526	0.53608041
546	0.42883200
591	0.40978517
615	0.42601427
706	0.43166530
723	0.45028470
731	0.43191241
764	0.45640606
871	0.42212444
873	0.45601679
967	0.39971782
969	0.43308825
986	0.40767136
1017	0.41284655
52	0.68822463
109	0.51590914
186	0.58696530
204	0.47445504
245	0.47765466
303	0.45026446
316	0.44143433
404	0.44076782
413	0.47904095
474	0.58669347
491	0.52822957
502	0.48106828
614	0.44999188
639	0.56893321
673	0.47591343
690	0.44609767
712	0.47566744
809	0.42947715
956	0.42114534
981	0.38381735
1008	0.41119804
1044	0.41090187
41	0.65312789
73	0.56050840
101	0.60301157
418	0.42864375
453	0.44543405
597	0.39265364
619	0.45327183
683	0.52684412
707	0.44847146
913	0.40851530
933	0.41575868
48	0.62680989
110	0.65609655
126	0.58023004
235	0.58143909
493	0.53215103
582	0.47144757
659	0.51946511
970	0.40190187
203	0.47915588
275	0.47561054
295	0.44228479
334	0.43515280
401	0.43958246
631	0.42454086
771	0.40287099
798	0.41941996
65	0.63367920
130	0.66763330
249	0.57705746
311	0.56179804
421	0.47009076
583	0.52970271
971	0.40404655
985	0.40384496
998	0.47765131
1000	0.36537416
1001	0.42052976
139	0.48380821
163	0.64942771
268	0.48655569
276	0.47354767
325	0.44786978
375	0.53565588
437	0.45299310
695	0.42325000
748	0.42111063
824	0.43332873
836	0.39964496
894	0.42072379
947	0.43517379
1006	0.41481922
70	0.65219244
134	0.54222435
136	0.61744729
406	0.46500970
432	0.42313293
476	0.39991241
574	0.47980756
613	0.49708946
691	0.45500345
851	0.43752332
959	0.44650056
1033	0.37958396
47	0.68269058
103	0.60548759
116	0.67108190
133	0.56338246
160	0.54672071
179	0.55429282
212	0.60610140
213	0.49209813
232	0.50041875
273	0.52567201
300	0.54930522
318	0.53832155
331	0.50706101
336	0.48856455
346	0.49760168
372	0.59027313
377	0.42872780
424	0.39580830
496	0.44991642
504	0.45723181
563	0.42781259
573	0.49451754
602	0.41462789
623	0.43773582
632	0.53162882
700	0.42327761
718	0.38555326
856	0.47151231
886	0.47680924
1046	0.39495373
128	0.53080420
173	0.51262071
207	0.58146502
220	0.61995578
252	0.49879692
266	0.50584160
340	0.44793806
342	0.52449170
430	0.54813256
457	0.41320718
495	0.55396101
498	0.44732826
531	0.49010476
559	0.53299506
560	0.44695550
832	0.48119543
838	0.42318097
854	0.38277379
151	0.64857127
326	0.48949897
333	0.44825317
452	0.55974142
543	0.51528741
577	0.45910075
628	0.44867360
634	0.55171241
649	0.45749897
688	0.44548050
702	0.42036931
710	0.44952491
920	0.41354291
927	0.40387369
939	0.40629646
990	0.39536950
182	0.51293685
600	0.40686950
819	0.42187593
78	0.65432201
324	0.47870448
367	0.51596996
472	0.49986297
601	0.43971371
711	0.45256007
857	0.44363274
877	0.40291343
914	0.42014506
979	0.42604366
1042	0.45066707
1043	0.41081455
75	0.61432127
955	0.40153088
50	0.50551269
76	0.68566959
199	0.49269813
264	0.55013825
279	0.46639496
319	0.54997603
341	0.55888946
384	0.46440243
422	0.58488209
501	0.54263041
544	0.44035886
548	0.42766660
551	0.50325168
598	0.42570075
610	0.40705951
733	0.48426576
786	0.39122463
1027	0.39076381
1048	0.41460951
1056	0.41806558
211	0.42734235
693	0.44009291
230	0.51278825
878	0.40409692
161	0.44017957
466	0.47951287
494	0.40623535
803	0.37402621
1061	0.36117062
143	0.59905205
206	0.60581558
409	0.43840149
734	0.41732892
964	0.42677118
238	0.51290103
287	0.59306306
378	0.51939179
408	0.49407892
470	0.57472090
484	0.46843937
519	0.43455970
567	0.48462332
637	0.48778358
743	0.41431978
751	0.42288563
797	0.39945914
855	0.43795718
912	0.44303713
948	0.40023265
162	0.66246297
178	0.61911371
184	0.65188060
278	0.43006035
391	0.46393554
520	0.39822192
592	0.42198414
595	0.48114496
645	0.43979021
783	0.39990364
1058	0.35970149
54	0.69075093
516	0.45507416
553	0.40526651
911	0.46792845
1062	0.36762864
80	0.57761483
154	0.48783405
164	0.61633200
233	0.54912379
265	0.42586586
448	0.52034729
465	0.48531726
714	0.39545271
756	0.42768769
1039	0.42702985
397	0.50889739
915	0.46313965
961	0.43162976
1024	0.39325998
1049	0.39144897
169	0.62121185
439	0.48438629
657	0.40179646
821	0.41146884
1009	0.40486875
72	0.68137080
81	0.59198843
222	0.55756828
244	0.54810858
393	0.56077799
524	0.47158647
561	0.38977715
685	0.47352584
930	0.37379459
1013	0.35732799
236	0.43820056
327	0.63491996
339	0.57338965
392	0.41688209
593	0.49325588
796	0.46048573
888	0.44992108
999	0.40843470
120	0.63973834
219	0.60312435
290	0.62400532
356	0.54500429
379	0.43102211
483	0.54946194
569	0.47112267
808	0.48376642
874	0.40688274
885	0.44600979
898	0.43695606
1011	0.37431968
330	0.52074235
438	0.52019468
454	0.44663507
988	0.45086530
304	0.60064114
405	0.46075905
441	0.45499076
461	0.45274226
837	0.43594832
976	0.44114664
1028	0.39103330
227	0.53121922
944	0.37937743
618	0.39018507
997	0.36948274
150	0.66261091
479	0.42881166
537	0.51345410
800	0.41481399
823	0.41485466
980	0.44594907
1041	0.46109039
488	0.43946810
515	0.41856502
858	0.33634646
447	0.41406343
554	0.49203713
728	0.43397052
907	0.40292724
935	0.36450644
665	0.39415625
781	0.39101035
348	0.45902631
380	0.52050793
407	0.47090802
429	0.44167136
596	0.45652397
643	0.40518162
210	0.66283312
352	0.57225382
529	0.45372127
269	0.46602090
445	0.46504319
451	0.50769338
603	0.41389795
670	0.50165774
721	0.43183815
865	0.42101623
968	0.39890504
274	0.56692649
660	0.39302799
805	0.38781819
229	0.49985868
256	0.47173172
288	0.57764244
661	0.46749580
754	0.44467052
755	0.40339925
217	0.49548834
320	0.56862537
641	0.55688927
1007	0.38361959
119	0.52715056
197	0.64577519
322	0.54643573
349	0.42001642
390	0.58447826
627	0.42201306
655	0.41307817
678	0.54195261
713	0.51120924
720	0.42287509
742	0.39069244
801	0.40493517
825	0.38878647
827	0.48801381
932	0.41743927
402	0.51438190
689	0.42445784
862	0.38460700
1032	0.37340765
359	0.52145504
374	0.48595700
345	0.51546530
490	0.40932817
735	0.40379562
767	0.39410821
159	0.47975131
478	0.44034683
547	0.50215354
654	0.44028433
790	0.44752248
1059	0.40307845
166	0.50207192
536	0.39069123
571	0.44712127
622	0.49227826
773	0.42024422
931	0.44886269
954	0.44236521
225	0.45242164
564	0.49413759
575	0.43373731
458	0.39830924
794	0.41308414
427	0.42320681
187	0.55367444
292	0.46021315
1057	0.36730289
518	0.44924991
775	0.40502229
903	0.38988946
500	0.41249804
1065	0.36580476
194	0.54725224
373	0.49137994
565	0.36068228
859	0.39208050
895	0.36064263
228	0.46830103
586	0.49009534
799	0.38597416
963	0.44509972
1031	0.37683638
1067	0.35156297
1018	0.36745093
122	0.46796707
351	0.49304095
557	0.44048078
254	0.59984319
469	0.49907687
527	0.52098647
653	0.42614674
663	0.37677920
992	0.36430784
542	0.41517976
868	0.41738106
882	0.37673088
226	0.57918722
328	0.52400672
962	0.41678545
1034	0.38291511
366	0.47470326
853	0.41576082
1069	0.37120877
189	0.55439711
762	0.42010597
804	0.38323190
942	0.39652146
344	0.54400989
599	0.37338246
398	0.45104674
507	0.40857453
727	0.44651082
1052	0.40893256
312	0.48128162
1005	0.41620746
503	0.42013069
732	0.40820336
940	0.42500924
682	0.37663909
651	0.50247696
676	0.41670951
784	0.39175597
841	0.40278955
875	0.40151157
260	0.54742985
482	0.57722276
489	0.44806101
772	0.38744076
299	0.60102453
936	0.39592379
153	0.53983741
362	0.53132146
897	0.37265056
578	0.46085877
758	0.39613834
792	0.41736884
301	0.42580532
323	0.45187659
420	0.46197304
423	0.50899207
664	0.40166455
715	0.39655326
739	0.43134571
769	0.42973573
902	0.38582071
926	0.36962136
1070	0.36836950
528	0.47521754
984	0.36962752
1051	0.40921203
386	0.44146287
929	0.34198731
267	0.49818983
580	0.43184813
722	0.39120737
740	0.44286119
952	0.39012295
923	0.38094291
612	0.40709506
677	0.42808806
620	0.50990774
860	0.37926427
625	0.44249049
759	0.38896744
512	0.42973591
765	0.37355485
802	0.37512817
849	0.44142966
872	0.37311810
972	0.39081203
977	0.37054076
369	0.38565252
636	0.37462500
640	0.46792239
828	0.44978377
945	0.39819058
1029	0.38317715
938	0.35295308
371	0.43112118
540	0.46682668
741	0.42249515
411	0.49697481
590	0.45012901
530	0.48996903
412	0.53192099
779	0.43027836
608	0.41375336
778	0.39292649
966	0.37061856
415	0.38865159
662	0.39471222
680	0.38607192
242	0.56335886
1010	0.37546772
585	0.42487174
729	0.44239030
1022	0.40931213
296	0.51425849
844	0.41159328
780	0.41567799
699	0.45371287
922	0.39194412
953	0.40138060
277	0.57346157
460	0.45398657
946	0.39229627
698	0.39909086
884	0.41667715
681	0.44699552
993	0.39701325
1002	0.39353433
696	0.38850961
1038	0.34856735
387	0.49332799
449	0.44448591
648	0.48139832
687	0.51420979
481	0.48636567
879	0.38289711
908	0.43357696
901	0.38131362
455	0.50778144
549	0.37446800
354	0.39325662
419	0.42221119
822	0.39922500
989	0.40879487
835	0.43871549
446	0.48450345
650	0.47005000
361	0.39305896
497	0.43957948
684	0.38432080
717	0.37864021
738	0.42744431
309	0.59904114
746	0.37744394
594	0.44476371
652	0.42378284
760	0.43895737
807	0.40563778
829	0.37742435
850	0.40154263
965	0.39781259
499	0.47538731
514	0.51666558
485	0.43502146
846	0.35131035
892	0.36149179
570	0.39704431
364	0.53349543
533	0.38797108
589	0.55791101
996	0.35760560
410	0.38247948
788	0.40683284
900	0.38672593
789	0.37137463
1025	0.33499506
694	0.51823479
812	0.43664440
243	0.55463507
624	0.42558386
669	0.47765205
818	0.36815252
761	0.45474860
957	0.39343451
332	0.36837948
616	0.37157976
704	0.40561063
545	0.42534478
791	0.36307416
750	0.39878470
863	0.38603004
987	0.37020326
305	0.43138507
414	0.39741362
870	0.41927519
705	0.46054916
752	0.38059664
724	0.46145299
450	0.40011623
1064	0.41246203
950	0.46393703
737	0.36038554
633	0.38019114
675	0.39322687
1012	0.38868694
703	0.36888685
852	0.36244953
517	0.50483293
1036	0.36406922
817	0.40207332
814	0.32575317
358	0.41297826
766	0.40281828
666	0.39428657
1023	0.35668125
674	0.35499338
532	0.41992659
708	0.36040504
810	0.35675644
394	0.50580420
826	0.36169272
568	0.44349562
719	0.50281269
995	0.39929869
1050	0.34226213
869	0.37935700
736	0.36692631
626	0.44150802
587	0.37548479
876	0.37967715
1066	0.35792304
949	0.35482239
774	0.35456381
629	0.39681931
866	0.45278666
919	0.32471922
730	0.37755280
924	0.35964170
904	0.34725541
806	0.33388162
1063	0.34088778
943	0.35764795
1004	0.38530289
1047	0.32519618
658	0.41845737
617	0.42157453
440	0.52001875
1045	0.33627285
521	0.37017854
1040	0.36125522
991	0.36258060
845	0.36008685
611	0.35944151
1019	0.36403853
973	0.34873396
994	0.33021922
770	0.33749412
1071	0.30977164
881	0.31022668
840	0.34091091
716	0.45385000
839	0.31265243
951	0.32069785
891	0.34475308
1016	0.32712491
1053	0.31898312
