0	0.69397666
1	0.68422161
2	0.69405545
3	0.67879939
4	0.69339521
5	0.69348481
7	0.69376004
8	0.69380795
9	0.69418063
12	0.69389429
16	0.66238277
18	0.68800265
19	0.56108165
23	0.68905056
25	0.69057258
30	0.51669918
38	0.69072334
40	0.65967951
43	0.55198552
48	0.64445882
50	0.65083384
74	0.52267880
76	0.59388471
90	0.68262069
98	0.63552997
101	0.61981764
102	0.67384271
144	0.52317941
150	0.54036024
153	0.44683476
155	0.54263792
157	0.68148338
165	0.55997380
170	0.50222253
184	0.58089215
199	0.55806860
207	0.50903629
218	0.42293996
244	0.49156381
250	0.43886871
256	0.50839704
276	0.53323996
293	0.55216901
295	0.45026320
310	0.52429297
313	0.51749429
318	0.54970642
324	0.58562762
367	0.60123802
386	0.57302691
390	0.49859786
412	0.58443384
418	0.45339602
453	0.41297788
461	0.45519929
468	0.52429888
481	0.49881692
501	0.43143099
569	0.37900398
572	0.42367870
603	0.38968094
624	0.43888104
627	0.43908155
633	0.49365494
646	0.43985413
650	0.39561131
686	0.39647064
739	0.45863537
817	0.46133007
840	0.36235729
873	0.42825515
912	0.41928491
922	0.37950652
961	0.43298247
978	0.41872345
6	0.69166830
17	0.68493415
49	0.67514271
130	0.53441580
204	0.64410887
222	0.42988603
247	0.49244261
262	0.49537319
322	0.46085464
408	0.53847971
745	0.46545484
10	0.69330826
13	0.69253517
20	0.69367768
24	0.69080581
29	0.69352742
32	0.67936891
47	0.61936504
62	0.62522956
88	0.55515015
95	0.66237054
111	0.60048033
119	0.68533119
133	0.59888053
158	0.54868043
161	0.48643201
181	0.58147859
195	0.48414302
235	0.43797217
242	0.59094811
325	0.48720194
378	0.50500938
388	0.48856504
493	0.45319694
508	0.45973486
663	0.44870245
681	0.48109684
690	0.44997757
810	0.39819032
814	0.40790520
893	0.41656137
924	0.44826208
976	0.41153313
33	0.68281325
58	0.61866096
172	0.49153527
197	0.60160601
278	0.51294302
445	0.44997064
489	0.56424292
644	0.42432630
11	0.69212161
27	0.67824689
28	0.57649419
39	0.68836809
42	0.68080897
45	0.69158359
54	0.65990489
56	0.68001488
60	0.66594995
65	0.63503303
75	0.69142039
86	0.56074373
87	0.65724679
96	0.65393782
114	0.63081967
138	0.54477136
156	0.52513884
176	0.62645352
201	0.55049531
240	0.61144363
294	0.59331764
319	0.52028756
347	0.51334444
389	0.43028981
402	0.49913028
425	0.45345443
463	0.46719980
483	0.41762548
511	0.49538277
526	0.47299735
532	0.44663721
552	0.47805973
593	0.54270938
605	0.53450051
619	0.45667615
658	0.39434862
698	0.44851050
832	0.39893935
863	0.45658930
879	0.42024373
915	0.43196972
935	0.45443710
974	0.45316860
14	0.68296004
22	0.69311570
34	0.65668512
112	0.49919266
131	0.60529001
147	0.63118665
178	0.46344067
200	0.60912416
205	0.48411855
248	0.43145260
251	0.41271233
300	0.48333700
352	0.49493884
377	0.49916075
379	0.56332069
409	0.41981651
514	0.42512742
523	0.40836667
527	0.39015637
695	0.39960754
729	0.44501651
821	0.39257452
15	0.69292895
41	0.66789592
61	0.62983996
71	0.67080734
93	0.51162192
97	0.52068807
104	0.65609032
179	0.58025189
230	0.50392263
323	0.54536901
363	0.46291774
424	0.50423048
525	0.49323802
687	0.39441672
923	0.39728389
21	0.69384964
26	0.69288675
68	0.63849480
77	0.59490489
91	0.67296310
99	0.68377839
113	0.65369266
123	0.53932956
151	0.67629011
159	0.60859776
169	0.57343405
174	0.44847370
185	0.55019684
190	0.62226208
196	0.59014271
202	0.53281295
221	0.45022039
226	0.50851386
227	0.55692487
284	0.49176208
299	0.54321213
305	0.45528746
317	0.57949246
329	0.48035617
331	0.56686014
346	0.53529378
359	0.54599470
364	0.52198563
394	0.52934669
396	0.51589684
411	0.39373129
459	0.56422691
469	0.42399460
495	0.44090571
535	0.49272090
564	0.36932375
566	0.48864557
614	0.38804108
621	0.44909093
628	0.49252813
630	0.45602701
636	0.44166809
764	0.39693976
803	0.39690296
830	0.44083700
963	0.39220285
965	0.39617441
31	0.67455545
37	0.60991009
83	0.61369083
105	0.59638603
116	0.64319867
166	0.45117676
231	0.57746942
254	0.54131417
266	0.40362762
289	0.50918685
339	0.50844893
353	0.49990765
512	0.47761325
692	0.49219918
715	0.45400061
741	0.44499337
856	0.43559307
858	0.36568807
899	0.42971570
900	0.41163547
35	0.66719072
52	0.60961957
57	0.66305382
63	0.64244995
64	0.58469847
72	0.61488807
81	0.67377849
141	0.51947747
177	0.55480194
223	0.56789796
234	0.57527992
257	0.48956177
281	0.46327880
312	0.56185464
314	0.43599592
341	0.58566748
365	0.41873853
498	0.46445199
515	0.42346442
553	0.40555953
608	0.44045719
716	0.46092497
728	0.38796555
855	0.41450744
864	0.44963201
877	0.47255617
881	0.45471427
951	0.41576055
44	0.69199185
46	0.67176891
92	0.54254944
122	0.66670092
208	0.55571927
228	0.53097604
239	0.54552477
258	0.60649429
285	0.49450612
288	0.62814414
337	0.40381050
354	0.45651662
366	0.49084659
372	0.40074077
442	0.47887829
458	0.53862385
730	0.45589806
770	0.43676239
886	0.48498124
55	0.62548532
94	0.64563578
210	0.52008940
252	0.52490316
415	0.38093293
573	0.48826514
691	0.44103823
707	0.44017941
713	0.43086606
733	0.45557013
789	0.50228899
826	0.44800612
36	0.67193150
84	0.63085076
107	0.57636809
118	0.56489949
171	0.62273812
192	0.57933466
236	0.54350571
238	0.53307492
280	0.44708267
321	0.45262579
371	0.46716636
382	0.57010856
401	0.50733445
414	0.41478298
426	0.50289123
451	0.39432987
503	0.48609633
521	0.37464883
570	0.45412212
584	0.44131804
591	0.44995535
763	0.43894893
850	0.39967503
959	0.42807319
162	0.60709388
187	0.60559817
267	0.61685759
287	0.60978828
307	0.55195036
392	0.42465423
473	0.47528216
479	0.47820041
507	0.43263598
544	0.42813660
545	0.46619327
722	0.45344689
828	0.40580877
835	0.45745056
847	0.37577971
892	0.36785729
901	0.39570601
937	0.36903670
964	0.39112752
136	0.62690815
224	0.59961937
260	0.66836758
447	0.46851101
583	0.41874241
592	0.43887207
675	0.38096972
66	0.62977513
80	0.61746218
128	0.59517931
149	0.63264241
265	0.45359286
286	0.53891998
393	0.40011121
438	0.45148614
559	0.43634873
587	0.41429062
599	0.50002559
620	0.39075168
648	0.41933394
659	0.38065902
676	0.49381855
677	0.37831244
705	0.41079776
967	0.45646881
100	0.68567757
219	0.50738695
383	0.46430143
387	0.44883772
436	0.40371142
536	0.45439327
797	0.41618634
73	0.69067819
139	0.60721937
194	0.57362436
209	0.63051335
304	0.44567380
454	0.45476147
488	0.47522304
588	0.44976147
668	0.42969419
53	0.68242263
399	0.49705240
432	0.45215790
594	0.38649592
604	0.45012712
649	0.45787798
665	0.48457920
674	0.43008247
704	0.39082844
721	0.41267187
882	0.36215566
954	0.38771305
137	0.56023527
198	0.42804648
355	0.47662864
51	0.67138236
82	0.68696881
115	0.54713099
245	0.61727339
246	0.49540306
433	0.41814944
452	0.45295260
519	0.50988226
529	0.44836269
542	0.43982905
590	0.42646748
597	0.50602864
607	0.51533272
642	0.41572742
672	0.46117615
694	0.52311560
703	0.44392722
776	0.44434944
794	0.46430408
842	0.40686075
957	0.41513170
69	0.68612783
108	0.59121621
132	0.67858685
189	0.57777258
216	0.63336014
217	0.42078695
308	0.49752406
333	0.54434608
349	0.43256371
357	0.51808736
464	0.50671030
528	0.49761967
557	0.44785087
579	0.53348410
639	0.40935973
688	0.50792090
723	0.43133191
725	0.46003537
784	0.44199918
914	0.40571274
926	0.41986147
927	0.36922671
939	0.37080775
944	0.41066626
958	0.42897849
980	0.42697074
85	0.56264057
110	0.60720102
125	0.67283649
134	0.55560591
164	0.64080520
180	0.54975525
186	0.54275138
375	0.48952212
381	0.48858236
478	0.46367360
537	0.48981743
538	0.48484281
711	0.42479450
726	0.47181764
778	0.38338614
788	0.45404995
831	0.42556840
867	0.41470754
868	0.43871356
876	0.40864077
907	0.36801692
943	0.42724485
342	0.49533140
351	0.48556065
376	0.42032426
404	0.54078879
456	0.49233710
577	0.49638858
120	0.56166371
309	0.49369185
397	0.41111774
492	0.51662263
585	0.44589205
767	0.46304118
890	0.47623772
970	0.39140153
264	0.52296779
296	0.45668155
362	0.47364485
384	0.52020581
422	0.51326300
465	0.61199256
664	0.40220326
673	0.45212355
717	0.41186412
854	0.43375708
960	0.35353344
89	0.57193078
160	0.62363670
175	0.62186188
206	0.53973313
214	0.39795963
315	0.58110979
330	0.43562946
439	0.48599368
470	0.40720591
510	0.40526371
611	0.51216442
638	0.40766993
655	0.48427615
727	0.41603517
743	0.46416799
754	0.40299297
762	0.42173109
786	0.41080020
820	0.37374781
841	0.37118746
275	0.61751315
758	0.45142487
807	0.40650907
59	0.63546728
225	0.40959817
106	0.67160805
127	0.49231641
303	0.54449378
332	0.40719480
340	0.61021886
435	0.46127910
485	0.47525494
491	0.45346493
522	0.42257655
541	0.47594241
701	0.44480795
712	0.40654852
714	0.48938451
751	0.38732844
805	0.41645953
880	0.41513211
940	0.40663935
647	0.41971305
777	0.41797207
941	0.45899399
103	0.54946983
268	0.55666891
547	0.42656055
787	0.40562813
328	0.50176932
446	0.40262477
476	0.55676391
499	0.41436891
554	0.42228318
556	0.52844944
567	0.42572661
656	0.39947961
761	0.40724485
773	0.37432783
70	0.66678420
509	0.41160928
416	0.44825392
562	0.54869439
933	0.43479246
167	0.63793731
320	0.48156351
558	0.50552263
582	0.49760652
812	0.44973364
887	0.39068828
895	0.37570459
756	0.39475321
233	0.58880255
272	0.48461142
360	0.49027717
407	0.46583537
497	0.45306473
500	0.46052661
561	0.47837768
610	0.41583119
623	0.38955403
792	0.36667533
117	0.68149185
212	0.57087492
229	0.43422803
283	0.38752681
297	0.53975087
634	0.42867564
645	0.54861927
651	0.45922956
718	0.42225270
809	0.42271498
869	0.40370041
950	0.44256707
79	0.53627727
271	0.58645739
543	0.45121611
625	0.42782294
124	0.67192436
269	0.48075607
356	0.42530265
361	0.46516585
640	0.43959796
774	0.39360214
919	0.39411549
942	0.37640846
140	0.56104985
168	0.68044230
391	0.46361743
462	0.38890663
550	0.40789348
586	0.39842253
720	0.54355668
816	0.42115494
896	0.37769337
531	0.38400601
67	0.57641896
183	0.53878838
193	0.50817452
237	0.55141651
302	0.60032069
374	0.46362100
560	0.44785413
143	0.54372008
152	0.52420173
336	0.49712120
368	0.52972039
370	0.52001611
632	0.44311672
749	0.50044709
791	0.40541356
956	0.43801957
971	0.43829745
273	0.47748461
369	0.48781346
373	0.44014638
434	0.40922487
472	0.47087941
518	0.43793028
520	0.48065189
932	0.37147870
977	0.37161233
154	0.62567248
513	0.41537594
884	0.40613731
142	0.60572895
148	0.58992049
482	0.44236198
839	0.46026290
979	0.37692559
109	0.49176340
188	0.51758236
936	0.39392640
972	0.35844587
78	0.54218033
612	0.48149286
641	0.44629531
731	0.37524220
744	0.46668226
920	0.39795341
400	0.46764608
533	0.45101478
595	0.41258828
806	0.39902018
126	0.57459460
602	0.40030112
875	0.38712661
291	0.47692130
613	0.40831050
765	0.44011060
326	0.45328838
966	0.36091376
249	0.65140856
335	0.41051774
546	0.46079735
802	0.45788614
975	0.40631172
475	0.41797054
861	0.36925046
913	0.35585923
437	0.51508135
736	0.44057503
135	0.61365270
574	0.44248818
182	0.52301284
403	0.54172141
406	0.47127778
790	0.45174985
516	0.41138818
576	0.42128930
748	0.53646249
793	0.40580326
883	0.37635617
277	0.50086646
429	0.58126636
775	0.38698043
145	0.57163486
345	0.40662334
484	0.43757248
571	0.50327452
782	0.37754526
441	0.41556106
834	0.43271060
885	0.42594873
938	0.39949806
385	0.47042446
617	0.38600907
771	0.44276014
849	0.40538002
121	0.63013017
549	0.40334230
618	0.45883976
746	0.36401325
759	0.39876024
845	0.39366718
851	0.38468869
857	0.40292701
889	0.44817808
955	0.37690499
163	0.64691784
215	0.56608094
471	0.44419042
654	0.37019205
891	0.40579450
311	0.51858155
530	0.43751305
578	0.44463843
783	0.41945178
918	0.36080357
270	0.58672457
334	0.50442497
410	0.51029572
637	0.48275515
902	0.40792222
904	0.44880479
909	0.38925719
431	0.49868614
466	0.52072599
524	0.42716330
551	0.44784750
580	0.43278593
600	0.48299562
916	0.36938379
274	0.55343028
448	0.47922997
753	0.36400204
348	0.46785474
421	0.45159123
496	0.40817278
555	0.48950326
213	0.51003354
800	0.40830826
894	0.40672314
203	0.56152130
450	0.48494822
934	0.36322283
263	0.55061967
279	0.50493935
306	0.45864557
534	0.37551753
700	0.38878899
146	0.52506279
405	0.47896320
769	0.42927299
946	0.38265382
129	0.61803792
423	0.47614862
428	0.47091947
540	0.51128756
661	0.41690367
708	0.40617125
824	0.37468002
931	0.39778502
953	0.37360815
866	0.35154047
191	0.53847982
477	0.48967095
738	0.46697717
865	0.37608532
298	0.55136952
343	0.53902844
596	0.44476595
798	0.39707931
259	0.54799072
575	0.52941213
945	0.37844159
253	0.60425087
589	0.46628807
949	0.40838012
740	0.40590367
255	0.55264424
487	0.44607288
548	0.48073252
601	0.42679388
338	0.43328665
427	0.55615301
467	0.37421621
455	0.58716483
947	0.38775586
678	0.39750367
948	0.36043007
173	0.64473721
282	0.54237452
301	0.49299521
843	0.38885403
844	0.43147594
795	0.35263028
908	0.35520306
653	0.37707625
747	0.37472956
929	0.36299786
505	0.46316595
785	0.37038991
449	0.44372722
666	0.40695759
734	0.37616442
811	0.39371937
460	0.40368583
568	0.46790561
671	0.45503119
444	0.47556595
684	0.37273731
486	0.41559490
848	0.43728909
871	0.39890785
829	0.34490122
290	0.54035443
598	0.44010194
350	0.51178787
506	0.48093986
327	0.40175464
819	0.41751162
395	0.50602324
702	0.38900194
779	0.42441376
232	0.53957992
241	0.53581142
457	0.51894618
752	0.36810326
973	0.38994332
430	0.52641091
969	0.34678603
635	0.42352365
796	0.43711600
220	0.57631764
517	0.44462263
780	0.44313721
801	0.34692446
930	0.39383150
243	0.52676820
622	0.42517441
742	0.44646106
657	0.47996840
682	0.45488063
760	0.36673384
669	0.41419837
292	0.53553099
358	0.46220459
211	0.58185749
846	0.37134934
474	0.54393374
917	0.40775861
836	0.36963690
660	0.40945036
693	0.37906718
380	0.46331509
443	0.38918797
494	0.41933282
670	0.39387299
962	0.36474903
581	0.45162192
643	0.39761509
706	0.40843986
813	0.39553140
563	0.36597044
697	0.37060000
629	0.40888950
398	0.54212120
606	0.39275240
699	0.43601060
710	0.38688430
735	0.43912701
968	0.38285943
502	0.39583710
750	0.42921641
344	0.45404271
480	0.36335576
680	0.42187961
833	0.35588451
906	0.32282997
417	0.50014393
853	0.34532110
911	0.36835331
662	0.46740917
838	0.40379185
808	0.34391040
316	0.51539246
631	0.39459368
413	0.41132956
799	0.41022426
898	0.38263405
440	0.46316830
490	0.52229653
667	0.38220989
822	0.40435729
261	0.49865056
419	0.42291825
921	0.39280092
757	0.36810581
815	0.38130765
683	0.34072416
827	0.42918063
766	0.33035015
565	0.45218094
910	0.38973527
732	0.34840754
860	0.37884536
804	0.37557513
626	0.44990581
772	0.35489337
504	0.46512283
719	0.35799368
737	0.40783435
903	0.36003863
872	0.34469786
420	0.37714628
781	0.41154322
609	0.47543761
874	0.36080907
539	0.42188175
823	0.34603476
696	0.36715433
818	0.36765545
755	0.38382762
862	0.32586850
616	0.36954128
905	0.35179755
925	0.33704516
928	0.37483129
870	0.34740877
652	0.34854862
825	0.34207125
615	0.35421193
689	0.39172416
837	0.32519541
724	0.33522569
768	0.34051284
709	0.34232212
888	0.31338461
679	0.33832528
952	0.31907604
685	0.46120051
897	0.39824934
878	0.33977482
852	0.37546534
859	0.30307543
