0	0.69112074
1	0.69150906
2	0.69126349
3	0.69138364
4	0.69132142
5	0.65725492
9	0.69131860
10	0.69114645
11	0.69148948
12	0.69169416
13	0.69116680
20	0.65947050
22	0.68041607
28	0.69151772
32	0.60326436
36	0.67538462
38	0.62396845
42	0.65850604
47	0.62340107
55	0.68683914
58	0.68874674
59	0.68219104
63	0.49266913
71	0.67261081
74	0.68195940
75	0.52756485
105	0.57300613
125	0.57303077
128	0.55511178
150	0.61777390
159	0.59712580
163	0.67605209
173	0.58198539
174	0.62569065
176	0.61242249
185	0.60563126
186	0.63732386
191	0.61099075
194	0.45286699
208	0.55961801
222	0.56182561
236	0.50704489
242	0.60561470
243	0.47759688
260	0.57599873
294	0.64882425
308	0.55164518
309	0.48552152
328	0.53401762
335	0.48131402
344	0.57384800
347	0.49088812
351	0.52938335
386	0.49541422
389	0.56376981
411	0.50237098
414	0.46276495
430	0.43931227
468	0.46842308
507	0.47540954
518	0.51579503
525	0.45226280
593	0.40143612
605	0.47405570
623	0.49403963
693	0.48949075
696	0.43401850
804	0.45550545
805	0.44240643
814	0.47888169
825	0.38608228
835	0.45007624
850	0.44924985
857	0.37125988
870	0.39656397
913	0.40449912
915	0.41978121
924	0.41714421
933	0.38168014
952	0.41417770
961	0.43077556
1005	0.45148452
1021	0.40484372
6	0.69141753
7	0.69052006
23	0.68318140
27	0.68621500
49	0.44026076
57	0.66397507
73	0.58286300
79	0.65233739
81	0.55816602
93	0.59997313
110	0.55746397
127	0.57053408
153	0.47714937
188	0.48712639
203	0.58719104
230	0.58492162
269	0.55902814
292	0.48515278
301	0.61396913
339	0.48070759
365	0.52530526
393	0.53575385
395	0.47242483
402	0.53277780
404	0.46026261
433	0.49148744
467	0.39945696
524	0.45292717
588	0.40279552
595	0.47434654
598	0.43710711
667	0.43274080
677	0.47259182
786	0.44847566
833	0.40202853
885	0.39777858
940	0.41028257
988	0.44110769
43	0.67830915
50	0.67071811
51	0.59221831
54	0.67874985
67	0.63796086
77	0.67817868
139	0.48790633
146	0.57508121
149	0.64763281
157	0.57003895
180	0.42985842
229	0.57041431
316	0.51705365
359	0.55864333
362	0.48774099
382	0.43903106
406	0.50683690
423	0.48144411
451	0.55926232
505	0.49745239
590	0.51174382
663	0.38267293
727	0.47403642
750	0.38875979
760	0.39629085
768	0.45060935
802	0.39570721
830	0.36629309
837	0.42679279
936	0.42102220
958	0.40977196
1003	0.42654177
1009	0.43427196
8	0.68416631
14	0.69145764
15	0.68419464
25	0.67468676
30	0.68915618
31	0.68903145
37	0.66955511
39	0.67410234
41	0.67096680
64	0.64234411
85	0.59968754
99	0.45045979
112	0.56098062
145	0.57556290
158	0.63954411
161	0.61114849
166	0.64210954
175	0.52858861
206	0.40788364
212	0.55923710
213	0.55758121
231	0.58811860
252	0.51253603
314	0.55771889
388	0.44210594
435	0.40511519
442	0.47674265
519	0.50252921
576	0.42137614
627	0.41250088
676	0.42650613
699	0.43065599
797	0.42290925
880	0.36056397
912	0.35771597
950	0.43161918
959	0.38940643
1013	0.41375833
1025	0.44757342
18	0.69037420
19	0.68457079
40	0.51390798
56	0.68521324
69	0.53052220
70	0.57950078
78	0.67726426
87	0.59144791
91	0.62947449
116	0.56323739
133	0.60246923
135	0.44913174
136	0.52385560
220	0.54243720
234	0.53900643
259	0.59472756
289	0.58238403
415	0.48989114
441	0.52116650
447	0.53031860
480	0.46780185
485	0.42156514
495	0.45566388
562	0.45056563
602	0.40899289
607	0.42479542
634	0.43565550
685	0.49149153
715	0.42049036
741	0.39920088
753	0.46267040
784	0.44803242
801	0.54243895
858	0.41356183
881	0.41439396
898	0.38360058
930	0.45079912
45	0.64033242
131	0.58431480
819	0.44178471
17	0.69139172
35	0.66406855
48	0.61750574
80	0.66503564
98	0.61370438
126	0.48780419
130	0.63010312
181	0.48092999
187	0.67103720
228	0.60526670
238	0.52173340
257	0.45291957
268	0.58077916
277	0.45622571
287	0.50619318
313	0.55068598
319	0.46855648
364	0.42885248
374	0.48733710
391	0.45801743
392	0.43707244
401	0.58012756
463	0.46770623
469	0.53465560
534	0.51262259
539	0.46984606
555	0.51886290
579	0.43468354
652	0.41320185
688	0.44368705
690	0.47698286
735	0.44526758
752	0.46218783
758	0.44638909
822	0.43837390
843	0.49113145
884	0.42671392
889	0.44088345
894	0.42920944
967	0.43115034
995	0.38109124
66	0.56048374
72	0.66698247
95	0.60558384
115	0.49311295
148	0.64881324
167	0.55790983
189	0.50977400
249	0.54682035
263	0.55827887
329	0.54717079
370	0.46648851
385	0.43249104
710	0.41151529
724	0.44293019
742	0.40964216
973	0.40295287
1006	0.42886203
16	0.68940867
86	0.55303749
119	0.56673905
160	0.55270633
221	0.55226280
239	0.49292687
327	0.46168315
360	0.53058695
376	0.41497225
589	0.42720019
594	0.47622970
648	0.41738413
653	0.42509883
705	0.47495326
840	0.44601256
33	0.63614985
44	0.64020604
90	0.62997926
92	0.67161305
100	0.50154820
107	0.55466748
168	0.48019279
216	0.59116319
217	0.63464732
340	0.49023836
352	0.48809017
355	0.51541052
378	0.42193564
379	0.45258793
396	0.48749387
473	0.50060623
498	0.41275696
516	0.47936972
625	0.50045949
656	0.48362210
703	0.45034294
803	0.41773895
831	0.43524820
855	0.42360847
939	0.41586397
994	0.42588900
1018	0.36082687
34	0.69088238
46	0.67827215
113	0.66369591
120	0.67430691
141	0.47002356
192	0.47112074
197	0.65952512
235	0.51836241
251	0.52800682
272	0.55460935
399	0.56259815
427	0.49083788
515	0.44345716
527	0.53015910
561	0.48874596
596	0.43155093
612	0.41725024
641	0.40195093
671	0.44329211
765	0.38859903
780	0.42918510
793	0.40255881
820	0.44910428
828	0.41305540
878	0.41449630
901	0.40489620
921	0.42437673
944	0.40847215
972	0.42504732
986	0.39598870
1002	0.41791081
52	0.65454878
76	0.68983165
108	0.64388734
114	0.66280954
132	0.43908724
143	0.60489981
177	0.59634430
193	0.62781295
195	0.51226436
202	0.62298160
233	0.48417176
244	0.47855881
291	0.49062347
315	0.40263729
324	0.41573087
356	0.42552736
397	0.44533233
403	0.57626329
412	0.45722434
429	0.43439279
439	0.41954382
490	0.45495501
508	0.50770175
531	0.48434761
575	0.45291178
582	0.42230886
587	0.39661461
609	0.44467371
616	0.41002220
622	0.48803710
864	0.47082493
893	0.38108539
945	0.41415988
981	0.40355200
998	0.43248364
1007	0.42687683
1024	0.44972347
21	0.67976972
68	0.56738793
104	0.58926319
129	0.59802473
138	0.57034684
156	0.61309990
200	0.64362736
204	0.51506660
218	0.64673437
246	0.55484265
254	0.43421685
276	0.48061626
286	0.52582103
290	0.46958384
311	0.59477157
350	0.46139455
353	0.48502113
375	0.44859893
434	0.54375511
475	0.51151159
533	0.48277352
638	0.47022269
713	0.44378014
714	0.45611685
726	0.43644722
728	0.41608802
736	0.37710536
740	0.44214810
774	0.41413009
1017	0.40298228
24	0.66539533
83	0.62414518
137	0.49495579
140	0.65778724
184	0.62107975
214	0.61799124
227	0.51526495
255	0.55561227
283	0.61342600
302	0.42469737
305	0.61347741
321	0.51642415
325	0.48104781
349	0.50540691
358	0.49699104
501	0.58368481
506	0.49042639
510	0.46638968
517	0.47521714
521	0.41812785
530	0.42374099
628	0.36724771
679	0.37232970
697	0.46664080
718	0.42424372
788	0.43539338
800	0.50799854
839	0.39359299
856	0.41119883
892	0.36296397
1019	0.40278744
26	0.65347439
61	0.64125609
62	0.69072084
89	0.61619747
97	0.66991753
111	0.59949796
123	0.64399484
196	0.58976144
245	0.50183126
303	0.51238958
307	0.47388929
373	0.56953603
443	0.44284722
449	0.49643739
459	0.51562483
487	0.46598783
528	0.43386251
551	0.49798286
615	0.43845394
650	0.42942473
658	0.40807498
668	0.46438705
794	0.38346164
903	0.40246203
96	0.56631061
162	0.56625365
169	0.61553369
190	0.45720146
241	0.63479289
279	0.45562132
297	0.46187215
326	0.53659513
586	0.46260282
949	0.42163320
29	0.68485443
121	0.62912463
232	0.43778705
278	0.56675414
312	0.45061753
318	0.45846534
348	0.46172921
372	0.41198851
455	0.45591957
461	0.40879727
471	0.49590711
682	0.47994586
771	0.41728997
867	0.40887147
908	0.44084742
82	0.63505550
101	0.51339416
124	0.68944401
207	0.63616076
211	0.51691792
267	0.57609153
280	0.42923700
295	0.60986835
345	0.44172006
380	0.44267244
545	0.46508014
674	0.43430097
680	0.43287371
707	0.41011597
767	0.42047283
770	0.41835667
813	0.42476475
863	0.39544615
900	0.43523291
1000	0.39421334
109	0.66563973
118	0.65593768
199	0.52386835
205	0.47077254
504	0.60151315
526	0.49488179
532	0.51519951
614	0.45375005
631	0.42764138
643	0.48766261
654	0.43177926
657	0.44580662
743	0.42777313
755	0.48444596
789	0.41782960
147	0.55970458
256	0.57301587
266	0.59694878
273	0.51981091
343	0.53364391
366	0.47022016
621	0.43535940
662	0.41586222
809	0.38314596
891	0.48213944
929	0.35760156
60	0.65716884
275	0.48949981
298	0.56661071
541	0.50625979
744	0.42462502
836	0.44785501
897	0.41495774
910	0.41714956
103	0.60601373
165	0.48548744
183	0.48711811
215	0.61907984
225	0.45573126
452	0.48093398
509	0.45410857
563	0.36607712
957	0.43302074
974	0.41063398
142	0.65735648
470	0.42148442
749	0.48032220
923	0.41108598
937	0.44009912
296	0.57518150
410	0.50186125
571	0.41699669
673	0.45173379
691	0.46323252
722	0.45825355
928	0.42255131
171	0.54339523
304	0.50683525
474	0.50377770
984	0.40273953
536	0.45367838
548	0.60553515
730	0.39669377
777	0.44361305
782	0.41130769
834	0.38946611
285	0.48053466
565	0.49826280
887	0.36087176
53	0.59966222
94	0.68335794
144	0.46951276
219	0.59943096
330	0.43784060
497	0.46933019
757	0.44331490
792	0.47232960
960	0.41324080
1023	0.39026056
84	0.62714849
265	0.47506845
300	0.56289007
320	0.50718354
363	0.52097566
387	0.41573856
500	0.37109513
502	0.47356904
604	0.46453642
611	0.38401548
636	0.44286611
640	0.42254596
647	0.40958199
719	0.44435141
905	0.43807040
977	0.37555657
978	0.40684469
400	0.47684323
511	0.44244859
538	0.48585784
556	0.46183389
122	0.63885755
179	0.67655920
425	0.58630146
426	0.54953369
458	0.56351149
503	0.48525151
773	0.38675628
812	0.39492999
844	0.36341490
65	0.67868199
151	0.42699036
248	0.50774070
444	0.41775930
465	0.48972493
479	0.52545696
695	0.49522600
704	0.44718023
808	0.46979786
990	0.41282980
106	0.58159387
271	0.57771081
274	0.55128744
997	0.41764615
224	0.59328072
384	0.37424469
649	0.39045219
198	0.61981207
223	0.53009825
226	0.50879659
270	0.52832736
310	0.53819990
438	0.47215170
637	0.48884946
772	0.43677644
154	0.44388072
334	0.43700779
514	0.43494567
721	0.43990370
964	0.45004654
201	0.44279231
299	0.51688783
338	0.51347449
436	0.46758676
692	0.46608734
725	0.41389299
791	0.41230039
979	0.35073272
428	0.40717790
606	0.42658043
368	0.50729572
394	0.47305599
492	0.60273671
666	0.43147420
827	0.38669474
987	0.38548208
603	0.39670555
872	0.37466816
155	0.51987118
172	0.51248754
445	0.49134586
547	0.53237585
567	0.47689085
965	0.41502872
262	0.44952658
293	0.58130097
484	0.45304966
512	0.51843827
577	0.40927624
756	0.41118277
838	0.40721120
367	0.42634537
542	0.41537079
745	0.45926650
996	0.39436611
617	0.48792230
702	0.37454674
240	0.46257712
618	0.41185287
723	0.46910029
731	0.42985190
886	0.36941256
354	0.43415112
664	0.38907137
796	0.40753574
341	0.61130759
890	0.40425871
938	0.39802152
969	0.40560526
672	0.45237390
281	0.54567507
431	0.41249981
554	0.44026251
874	0.38892532
876	0.40500759
377	0.48449698
381	0.43689250
694	0.42808997
170	0.40981334
209	0.48106115
342	0.53867702
775	0.43638374
659	0.40440282
766	0.41356660
776	0.38846485
787	0.38526076
824	0.49172249
253	0.51698822
544	0.37650146
642	0.43627196
762	0.44934528
785	0.39582697
845	0.41831850
883	0.41115063
1001	0.39839971
282	0.58350380
778	0.38584937
904	0.42458354
88	0.53147624
102	0.61423057
117	0.62543875
178	0.60933963
261	0.55010818
535	0.44582717
537	0.48371071
709	0.45068569
917	0.39415998
413	0.43976417
754	0.43718121
899	0.40569503
983	0.37728053
578	0.38767332
698	0.45974732
816	0.40195706
1014	0.42173651
540	0.45965443
842	0.41145920
948	0.38389153
464	0.60124080
513	0.43744849
597	0.43217390
600	0.39311081
608	0.42188053
639	0.44373885
708	0.48954576
306	0.41073096
407	0.52236884
523	0.45221052
250	0.46772103
422	0.58478101
580	0.44254839
613	0.43371685
1020	0.38620906
264	0.51890351
453	0.51108072
323	0.40564158
689	0.45089046
746	0.43182035
1026	0.41356699
284	0.50144479
337	0.41451626
581	0.43764722
1016	0.38434070
371	0.43705326
488	0.50206280
522	0.39187936
729	0.35697089
1022	0.41619279
559	0.44790876
573	0.50266602
888	0.38389435
906	0.35490769
1008	0.40018111
448	0.42392902
678	0.40979348
970	0.40219289
486	0.40965638
706	0.35841071
790	0.39165024
865	0.42170360
925	0.35536943
962	0.42806894
152	0.64910331
237	0.60916573
629	0.44128685
951	0.36523788
669	0.35950312
437	0.45837205
853	0.43243807
909	0.40843145
420	0.45430166
759	0.42364722
849	0.38011928
954	0.37116796
854	0.38045131
134	0.60147225
810	0.40113788
626	0.41706095
591	0.54990331
408	0.40986689
560	0.50509834
968	0.35382736
409	0.41971139
418	0.44701353
454	0.43716991
491	0.46230964
601	0.43399961
610	0.40957040
675	0.40262045
684	0.43899075
477	0.45878199
584	0.45522678
336	0.50702395
432	0.57151655
478	0.37072444
624	0.40968023
992	0.37443544
164	0.55019688
460	0.50349065
489	0.41572366
417	0.46548423
482	0.46056602
943	0.41316845
572	0.37463038
651	0.38298588
859	0.39897897
806	0.39052863
1015	0.37351227
247	0.46515521
383	0.40719046
550	0.48087731
732	0.46488861
868	0.35852493
681	0.45693359
764	0.43564985
982	0.39824099
416	0.45948062
543	0.46459133
660	0.44805248
182	0.60803866
483	0.46311178
922	0.38118666
953	0.43412619
317	0.50953009
738	0.38952600
462	0.44763622
841	0.40464849
871	0.44011665
985	0.35328832
258	0.53027790
476	0.41321568
701	0.48696417
799	0.39638169
815	0.42304109
852	0.38909572
896	0.42800682
398	0.46519688
472	0.46949815
546	0.39158773
846	0.36316894
419	0.47636972
496	0.47125424
332	0.57246164
635	0.39484469
966	0.34281675
821	0.34850127
848	0.32436222
798	0.37172425
390	0.43081616
466	0.38550058
847	0.41853554
955	0.42633973
926	0.38458384
322	0.45694236
520	0.36175881
976	0.41271899
661	0.42331597
902	0.39819640
860	0.37743213
829	0.38527342
934	0.35522483
446	0.48549581
553	0.45723145
711	0.36638004
457	0.49582444
456	0.40728033
763	0.36692366
549	0.46313914
971	0.33831081
493	0.40350555
585	0.37312765
599	0.39283242
630	0.45298890
916	0.40035920
1012	0.37609387
566	0.41669932
989	0.39935170
832	0.38299805
686	0.39808685
818	0.40304236
210	0.58382337
963	0.37982785
369	0.42321626
405	0.37665599
583	0.42721295
620	0.44982425
769	0.36901772
346	0.46617322
956	0.34391714
644	0.43602532
914	0.42808637
331	0.52442278
421	0.53635112
288	0.48679435
592	0.49824508
866	0.38080487
683	0.37702035
494	0.43259698
357	0.38194966
529	0.47428676
632	0.38287945
879	0.36434255
882	0.37085414
919	0.37534109
975	0.37677887
712	0.39224391
645	0.37708987
569	0.44192181
450	0.44736300
568	0.45926222
861	0.39610058
869	0.36055794
907	0.35926495
570	0.42309494
670	0.42896709
333	0.44522824
557	0.47041334
717	0.43239396
993	0.35398939
720	0.35912288
781	0.37205141
748	0.32529435
574	0.35042278
361	0.56235813
700	0.39425239
747	0.40437945
823	0.34620058
875	0.33876018
499	0.38606573
733	0.35910467
655	0.37247527
946	0.38623048
440	0.50558354
564	0.36919133
619	0.42174791
687	0.43107770
716	0.36799309
424	0.38326164
807	0.37626660
927	0.34329844
795	0.44019903
1011	0.37347546
665	0.37198569
739	0.33380672
941	0.37062502
918	0.34727293
761	0.39011266
633	0.41196397
991	0.34038890
877	0.31172726
751	0.34196972
999	0.36500166
935	0.34730623
851	0.34203749
481	0.46734508
873	0.37197858
646	0.44123087
811	0.34929270
817	0.34556037
1010	0.33443924
737	0.35740302
734	0.40540497
862	0.39392269
1004	0.33985755
779	0.33905628
826	0.42261879
895	0.33925648
980	0.32072035
920	0.32270370
783	0.41969406
552	0.37957897
931	0.33865755
932	0.38931558
947	0.31606933
911	0.31620993
558	0.39527371
942	0.31745550
