0	0.69168059
1	0.69158654
2	0.69181337
3	0.69157994
4	0.69151616
5	0.69146193
6	0.69180845
13	0.67930204
17	0.65787660
18	0.66736407
32	0.66195032
42	0.68581188
43	0.68975655
61	0.69158022
78	0.58138375
84	0.63169406
102	0.51846054
105	0.66484420
109	0.55399814
117	0.62066147
346	0.51176128
357	0.47060130
396	0.44941903
440	0.53062145
465	0.50581671
497	0.46235357
500	0.48815107
505	0.47071931
517	0.38896732
533	0.44870046
549	0.52791857
561	0.42104596
574	0.44097521
639	0.44975664
645	0.42728932
682	0.49103974
684	0.43857354
720	0.40061727
731	0.47309164
742	0.41792108
746	0.47526676
764	0.44918375
772	0.41949471
790	0.43167261
813	0.46516119
857	0.41356388
910	0.39256732
932	0.42059851
1000	0.39661328
1012	0.47545460
1037	0.38072312
1047	0.37039638
1072	0.39766936
7	0.69153918
8	0.69180269
12	0.69064763
16	0.69131903
21	0.69056481
23	0.68774856
25	0.69162767
49	0.57619703
56	0.67364095
89	0.60478802
90	0.63705255
92	0.65328747
97	0.62143723
106	0.62167484
163	0.62546602
173	0.58599285
181	0.53533677
199	0.63290585
262	0.48823231
263	0.52410334
318	0.48164308
323	0.47332888
358	0.43264930
366	0.64303640
385	0.50650511
417	0.44207177
441	0.43452173
484	0.49589851
593	0.48654912
650	0.45050297
704	0.47300474
721	0.42957967
784	0.43160594
831	0.47992024
835	0.41567131
859	0.51705339
870	0.49622293
939	0.37187864
961	0.39811513
1007	0.42404438
1045	0.45841708
1068	0.44573278
9	0.68282405
11	0.68910687
15	0.66076314
20	0.68246082
27	0.69147252
37	0.69163389
44	0.61747642
46	0.68152293
66	0.49239981
115	0.67098923
157	0.67939926
166	0.54767242
174	0.58238802
179	0.59447344
180	0.61362433
185	0.47821114
194	0.59589294
237	0.55867725
315	0.55368254
415	0.51136667
428	0.52618069
434	0.46203101
459	0.54386964
475	0.57052321
480	0.50142089
606	0.47806500
655	0.47618877
668	0.45936908
693	0.41848737
711	0.45609155
712	0.48422089
779	0.45659322
844	0.41021922
946	0.45347224
976	0.45271792
978	0.41488162
10	0.69135617
31	0.69134169
69	0.55125729
70	0.66520297
81	0.67143287
108	0.65871393
122	0.58612581
184	0.54374067
229	0.47395506
267	0.56408459
273	0.56532331
277	0.64072683
295	0.52657679
322	0.44391755
333	0.49222498
342	0.44383435
353	0.58553175
361	0.48852182
383	0.44506100
402	0.58397864
414	0.52945608
419	0.43563287
446	0.53247112
539	0.46980604
558	0.51042303
570	0.43044643
636	0.53772340
783	0.40924949
862	0.45521653
899	0.41962563
926	0.42608774
977	0.41669090
1041	0.36658969
1044	0.42037177
28	0.58205701
30	0.68942544
34	0.68283575
38	0.62042396
39	0.67953955
40	0.68197168
55	0.66936453
64	0.63607632
76	0.53486082
99	0.51242674
103	0.66425924
138	0.56319536
222	0.55372916
226	0.59563612
287	0.63970715
296	0.44404568
334	0.44946007
344	0.47399768
351	0.54266518
400	0.47997632
470	0.43819415
471	0.57326741
536	0.52184030
633	0.46609294
672	0.46857372
729	0.47401588
985	0.42910158
1059	0.41981486
19	0.68276351
22	0.60042080
24	0.62508152
26	0.65877066
33	0.69120371
47	0.65015655
50	0.61998189
52	0.63440149
54	0.64348180
57	0.65698737
59	0.61904921
60	0.67916815
62	0.67681987
68	0.61525478
74	0.60889972
75	0.63772228
82	0.66345209
83	0.66881764
87	0.56680956
104	0.60436462
107	0.61131402
112	0.61080371
116	0.49315970
118	0.65090548
126	0.64410724
132	0.57631866
139	0.56030752
144	0.60556500
145	0.63451987
149	0.64657614
152	0.61660761
156	0.60140019
160	0.45399266
161	0.61940084
167	0.57104197
170	0.56125710
172	0.48465534
176	0.50175153
182	0.61586806
189	0.49232795
200	0.44625571
206	0.56345682
207	0.60584698
209	0.46829833
211	0.54585515
214	0.56107846
216	0.58941337
220	0.56023733
231	0.49213296
245	0.62613695
246	0.55901634
251	0.50050139
270	0.46408152
275	0.53392321
283	0.49861300
314	0.43526407
327	0.44779266
336	0.52906657
345	0.48172618
347	0.46873222
348	0.48122693
352	0.45623668
370	0.52371792
401	0.49426453
426	0.47233974
454	0.42674169
457	0.42229499
462	0.46679759
468	0.53030009
483	0.45859545
493	0.46959285
547	0.40902061
551	0.48787363
576	0.45229396
622	0.44314605
635	0.45564717
680	0.46846834
690	0.45443240
722	0.51690984
725	0.44797372
728	0.38101086
744	0.42595404
750	0.40138245
774	0.49779183
780	0.37973259
785	0.42544633
786	0.46006082
788	0.46250594
803	0.41467484
815	0.47608533
838	0.43957539
843	0.39901820
861	0.47260984
865	0.42673259
889	0.40670000
893	0.43088598
966	0.42929647
983	0.36270130
989	0.42388932
995	0.44288997
1004	0.43708579
1008	0.40527651
1019	0.41614308
1022	0.44176787
14	0.69154485
41	0.65574819
45	0.68704188
67	0.65666992
72	0.65405487
73	0.66380613
86	0.58261625
96	0.53980464
100	0.67464002
124	0.49987883
128	0.44188477
137	0.60764819
140	0.51513157
148	0.54289378
150	0.51301504
164	0.56681569
188	0.56733788
190	0.45635422
192	0.49974791
193	0.55894708
204	0.56722609
227	0.57674438
250	0.49691393
266	0.54100539
271	0.53812860
280	0.48347038
307	0.49098747
329	0.52943101
331	0.49143621
349	0.46320232
355	0.46372711
359	0.54553742
379	0.52424708
394	0.53265998
409	0.48232860
445	0.46769461
485	0.46829239
572	0.43496193
631	0.45648310
661	0.45992006
664	0.41365980
679	0.43037512
708	0.41981690
710	0.43425441
726	0.44498366
740	0.37887614
754	0.41654745
762	0.44102553
795	0.45486054
819	0.48374819
845	0.40718756
885	0.42135850
918	0.36361894
950	0.48789554
986	0.38973723
1076	0.38807614
58	0.66786890
88	0.63367985
111	0.50624485
129	0.67845590
136	0.52600167
175	0.57922377
215	0.61316648
230	0.61442080
248	0.47001690
276	0.57486351
297	0.55872953
317	0.46265385
387	0.50903370
392	0.42155357
404	0.45739062
450	0.48818069
467	0.49405088
569	0.49756258
663	0.40003482
694	0.43340000
771	0.40581346
781	0.41152674
799	0.42186657
825	0.44488942
826	0.47508867
891	0.43211783
904	0.41058904
916	0.39608579
956	0.35182191
35	0.69076500
51	0.67961012
71	0.66151291
77	0.68468542
93	0.66648654
123	0.60041244
131	0.67873175
141	0.61660260
155	0.57793603
319	0.49078199
332	0.48205998
338	0.51410817
339	0.53709396
365	0.64922154
373	0.54875655
386	0.45627493
410	0.41433315
418	0.59674921
474	0.49618802
586	0.51637317
598	0.47974661
643	0.52127892
657	0.48123175
666	0.49225311
678	0.50645209
797	0.43459461
820	0.46952488
979	0.48010826
984	0.45258561
987	0.39337363
1015	0.45105868
120	0.68005915
130	0.61696583
224	0.61834903
252	0.45526592
325	0.48996370
350	0.48679954
447	0.41439731
737	0.42949471
233	0.51964652
243	0.58311309
258	0.50669629
282	0.52204383
378	0.49289136
469	0.38625525
479	0.46926054
677	0.44515710
688	0.45043166
734	0.43934429
962	0.41772516
1063	0.41523203
1065	0.44968793
299	0.45255617
395	0.50084401
494	0.45205636
559	0.42313500
697	0.41078914
868	0.40283482
917	0.44543983
919	0.42017549
996	0.42283658
1066	0.39274410
29	0.67181142
127	0.59945812
153	0.64801476
405	0.43408617
430	0.60730288
463	0.41835450
578	0.40428245
812	0.39958570
1025	0.37290734
1053	0.37901244
48	0.49288607
268	0.60420659
382	0.43432377
398	0.46736787
612	0.46432851
696	0.48234123
913	0.45940065
154	0.46491653
171	0.44175896
210	0.63034475
253	0.59261643
429	0.44729071
432	0.58997382
532	0.43329452
741	0.43374466
874	0.45790186
884	0.41341978
954	0.40058227
1027	0.38947233
142	0.64980761
143	0.63756360
151	0.64857651
225	0.55366982
416	0.49599062
937	0.39793268
114	0.64762776
183	0.56268366
235	0.59734364
291	0.52729257
340	0.55473101
341	0.47843175
425	0.59493408
449	0.50843668
503	0.47361346
508	0.46064568
654	0.41021922
739	0.40602136
798	0.47013129
971	0.44012024
1001	0.40395933
1016	0.40823454
1021	0.41096100
1042	0.44025775
303	0.60907391
393	0.46787391
543	0.43147837
556	0.53248691
647	0.44455292
79	0.48795617
169	0.65530631
330	0.46174234
424	0.58469471
443	0.45900826
941	0.41529099
968	0.38569879
134	0.63080845
168	0.65097642
203	0.45736202
284	0.41700037
611	0.46107809
811	0.44247159
821	0.41796472
36	0.66549183
310	0.48490622
607	0.35353519
982	0.45013593
95	0.56888672
113	0.67501755
191	0.61262971
328	0.46894410
719	0.37229276
732	0.39263881
752	0.43832396
879	0.44225395
912	0.43890845
967	0.42845608
1017	0.40724531
360	0.49153714
892	0.39111421
911	0.37616128
53	0.66773798
241	0.47498227
261	0.59943370
406	0.44882683
422	0.42999629
554	0.49646323
670	0.43760817
854	0.41985005
864	0.38436862
958	0.38168505
1036	0.41968115
65	0.60641281
260	0.49004550
63	0.62201671
91	0.56181058
135	0.61641560
162	0.55461950
186	0.58158097
439	0.44209480
510	0.48941281
537	0.42948366
541	0.44941504
584	0.40003788
625	0.44723695
767	0.41388208
806	0.41550752
880	0.40337084
906	0.37129480
934	0.40859174
963	0.45426648
964	0.40297382
988	0.38233974
1005	0.41462368
1073	0.39968579
652	0.49693435
662	0.41530149
757	0.45074225
898	0.40967205
970	0.40474940
101	0.54446119
133	0.53275970
178	0.57452154
421	0.58156982
477	0.41376750
587	0.52767196
640	0.40557335
691	0.45198663
700	0.42920566
718	0.38418292
773	0.44487790
802	0.43788254
818	0.40146110
856	0.41744605
955	0.42412925
1038	0.39504856
202	0.63430956
660	0.42310390
110	0.57987539
390	0.49007131
673	0.41081374
695	0.51115200
830	0.35910919
869	0.38083083
165	0.60987911
195	0.61584262
371	0.54065822
851	0.43244503
944	0.35218162
973	0.38502098
1070	0.39158422
94	0.65591012
159	0.54531996
223	0.58588041
309	0.55138115
408	0.55926017
567	0.46419369
609	0.37511300
627	0.36649517
644	0.50667001
701	0.42314039
738	0.49389824
792	0.44760539
915	0.45795441
981	0.44971467
527	0.41605014
683	0.43142544
807	0.39475803
900	0.36911411
177	0.47594633
218	0.56298858
320	0.51193101
364	0.46371681
367	0.49594568
391	0.53802442
553	0.45188004
756	0.47471894
839	0.50500576
948	0.39250204
1040	0.40562544
460	0.40449081
524	0.40080306
534	0.38513723
560	0.40159211
608	0.39297725
656	0.38686110
751	0.40977363
1018	0.38771467
80	0.58547772
196	0.58749452
368	0.55493918
377	0.52216045
413	0.47098366
438	0.58140260
624	0.44522405
646	0.39309350
733	0.40654680
935	0.45139703
356	0.50676945
384	0.53113417
452	0.49157252
478	0.47247279
513	0.39911708
727	0.44056769
256	0.50485441
257	0.54774457
293	0.47953231
311	0.51775487
427	0.50139554
451	0.47210139
461	0.43961931
544	0.44119220
681	0.43416045
689	0.38351838
717	0.54492971
832	0.43272006
931	0.38796973
980	0.43261346
316	0.46777354
502	0.40907493
506	0.39691569
665	0.42746397
119	0.52248487
292	0.58535952
300	0.59133268
488	0.41579099
605	0.41468097
629	0.42112507
846	0.42680418
853	0.40960474
98	0.54195692
234	0.64650910
265	0.60912906
363	0.49125339
490	0.50669461
676	0.52917781
847	0.38979898
121	0.59555506
279	0.41289768
285	0.52028839
540	0.46171411
617	0.41762451
993	0.37142507
313	0.65841077
542	0.51815989
546	0.39278774
563	0.49899359
705	0.45829508
829	0.44306518
217	0.55300427
305	0.49511170
324	0.55643278
343	0.44036035
397	0.48853510
464	0.50592052
472	0.48346908
516	0.40417577
592	0.50561764
613	0.47645905
641	0.45457604
816	0.43639359
877	0.40418236
1054	0.39122331
769	0.41643380
326	0.58270845
389	0.50830901
420	0.50305942
515	0.46540288
520	0.42746732
566	0.57535227
709	0.46270613
894	0.46056258
208	0.44089174
219	0.55392971
249	0.61093621
335	0.44767781
528	0.47342618
1075	0.43610901
198	0.45426806
765	0.42467084
972	0.41793073
1057	0.38089285
575	0.39953816
858	0.44706648
897	0.36288849
147	0.64106518
228	0.50182293
585	0.42750566
649	0.45540511
850	0.43224085
957	0.40838013
239	0.53362303
376	0.44999619
886	0.38864875
1069	0.40394178
205	0.54013835
753	0.40875590
778	0.40647382
354	0.54980288
707	0.42309341
482	0.46519406
545	0.49739526
667	0.39559991
698	0.38221838
801	0.40452609
805	0.42785877
883	0.45824169
924	0.40523649
85	0.54149582
221	0.40810325
302	0.51315469
602	0.45395515
768	0.50219313
930	0.36698570
125	0.47231736
197	0.41719684
448	0.44348338
994	0.37396741
212	0.49096267
272	0.49820028
312	0.44291272
403	0.39274708
927	0.42631448
933	0.44133445
1035	0.40492925
476	0.48053556
761	0.41980000
848	0.36773816
146	0.51340232
274	0.46956862
399	0.48168087
487	0.50253816
630	0.50019016
878	0.41699257
901	0.39330334
940	0.48292693
942	0.39706565
1010	0.40361207
1034	0.41376388
1064	0.41786342
187	0.59837335
278	0.49903213
435	0.42506221
496	0.42588106
814	0.40918654
852	0.42583333
925	0.35588422
519	0.44732136
565	0.38191922
921	0.37361532
255	0.59354865
588	0.45251894
604	0.40393788
947	0.45583751
437	0.55369006
923	0.39917149
1009	0.37062228
294	0.42598617
699	0.38859220
863	0.41188357
685	0.48440102
766	0.40139434
288	0.56036722
380	0.43450984
1003	0.43262479
455	0.42799443
530	0.45791476
714	0.40343463
903	0.43126648
337	0.48629926
755	0.41203083
290	0.49930520
529	0.38127521
548	0.45685506
638	0.39510566
890	0.38048032
920	0.44838747
247	0.47660901
201	0.44415794
573	0.41835283
610	0.39371365
158	0.60344253
301	0.65483110
489	0.40427716
620	0.43435227
703	0.38482711
776	0.39814559
213	0.55930901
581	0.44623909
599	0.41602071
580	0.45847883
525	0.42898784
264	0.40888877
374	0.55522748
492	0.50661226
557	0.43628988
623	0.49230771
412	0.40559814
583	0.38320241
595	0.36635506
381	0.59972210
458	0.46685664
521	0.38669666
895	0.33101922
1028	0.34797354
637	0.37299879
642	0.43387057
949	0.44283909
730	0.43116462
873	0.36048784
254	0.44268273
507	0.52774856
747	0.46783287
716	0.39307372
896	0.39119972
407	0.38132275
758	0.34855803
991	0.36378561
1031	0.42244345
760	0.38706583
466	0.51958737
817	0.41221133
596	0.39702368
809	0.41535330
238	0.48738960
242	0.54522553
281	0.53170715
308	0.62333008
997	0.39397883
1071	0.38017029
259	0.49523640
568	0.57939833
582	0.51053445
1039	0.40601291
298	0.47219071
936	0.37002943
531	0.46212275
615	0.41538366
706	0.37329619
1029	0.39656732
518	0.52501244
938	0.33888737
998	0.39924225
232	0.65899573
442	0.43236063
555	0.50076880
1030	0.37130232
289	0.59508189
473	0.38564169
675	0.47991281
770	0.36931922
577	0.54906945
601	0.39308338
867	0.37618357
509	0.42174355
833	0.42324986
1048	0.39445989
634	0.41339777
749	0.38396435
882	0.37788514
974	0.40434401
828	0.37938895
789	0.37177372
1024	0.36691458
723	0.41170418
321	0.53641569
456	0.39688124
269	0.53765766
887	0.39773101
236	0.52377122
922	0.35297623
495	0.59285460
498	0.46690214
523	0.40291606
562	0.42417298
824	0.41855924
905	0.43241402
952	0.42654383
965	0.45831467
1020	0.38107001
431	0.55693426
777	0.37194104
244	0.41627734
444	0.49467939
724	0.45855543
748	0.41026769
827	0.41821198
855	0.46825209
388	0.51448607
743	0.34263064
453	0.53858254
511	0.52293463
372	0.47143454
791	0.39779619
837	0.47610436
550	0.38112442
522	0.34269201
651	0.51822015
909	0.33877874
304	0.51368431
626	0.48620780
286	0.63223983
875	0.45728254
436	0.46921226
702	0.38954624
810	0.43359257
499	0.49997242
658	0.44923983
735	0.38605608
362	0.48896518
671	0.40520594
929	0.39687985
512	0.45141811
648	0.34323333
375	0.49526045
564	0.40674048
975	0.42279452
659	0.36286286
1056	0.37971040
538	0.48212024
240	0.58633148
653	0.42357363
860	0.40303055
914	0.36813844
514	0.42352628
619	0.38839331
876	0.41071718
433	0.46348106
713	0.35702609
840	0.36397112
822	0.36188979
969	0.44744605
526	0.47871291
800	0.41535385
808	0.48065729
669	0.37714605
621	0.47397344
423	0.39967465
902	0.42035571
888	0.36880102
763	0.36911272
411	0.52142182
571	0.44520139
491	0.38893008
1006	0.34965023
823	0.39020279
628	0.44805181
618	0.43620956
782	0.36703798
369	0.40895497
1049	0.35028375
759	0.38470204
616	0.41722442
959	0.34622572
1050	0.33276221
594	0.37521281
1046	0.37137038
504	0.38901012
1032	0.42506769
866	0.37676760
501	0.38944605
686	0.38596592
945	0.37300919
306	0.44677549
953	0.36223045
552	0.43055599
600	0.37764745
775	0.37689851
486	0.46024763
632	0.33472869
842	0.36802488
1013	0.37937586
872	0.43463788
1051	0.34083343
579	0.36209341
589	0.36892878
907	0.33146509
590	0.46514800
908	0.39197242
943	0.36313157
692	0.46096555
1074	0.37074383
614	0.40974856
804	0.38314280
834	0.39436360
960	0.39486332
481	0.49164615
796	0.41637474
1014	0.36000891
951	0.36902795
849	0.35792758
603	0.50875682
715	0.43627019
687	0.35094596
1011	0.35042526
793	0.32331365
794	0.31776778
674	0.34017818
871	0.34432943
1060	0.33399174
591	0.41114485
836	0.32475162
597	0.38912451
1033	0.33878691
535	0.31266175
1067	0.31374095
787	0.41986834
1023	0.34933565
928	0.34598301
881	0.32088793
1058	0.37012451
745	0.38646444
1052	0.33875933
1061	0.32833463
1055	0.33908969
999	0.32646091
736	0.37816481
841	0.37369201
992	0.29789536
990	0.32786323
1043	0.34542321
1002	0.33694754
1026	0.30135924
1062	0.30436230
