0	0.83397804
1	0.83418522
2	0.81419199
3	0.83449378
4	0.82988122
5	0.83407776
6	0.83406519
7	0.83407859
8	0.83434130
9	0.83405953
10	0.83379351
12	0.83423895
13	0.83410580
14	0.83417362
15	0.83445635
17	0.83270663
18	0.83404254
19	0.83126077
20	0.83426119
22	0.82506644
27	0.82365083
37	0.83408453
44	0.81462707
51	0.82723370
53	0.81243356
56	0.80174061
63	0.83361436
68	0.82428881
70	0.82473384
71	0.82690180
73	0.75247459
74	0.71115331
76	0.83365622
84	0.81278550
98	0.82189572
100	0.82746202
103	0.83240981
117	0.81703771
125	0.75715925
132	0.80132459
134	0.83050387
135	0.76595829
137	0.81357293
143	0.78113066
157	0.79791906
161	0.77418412
168	0.82585884
170	0.72888895
182	0.75550732
184	0.78530442
189	0.77638633
192	0.74525180
195	0.71779489
205	0.75839945
206	0.67595704
224	0.76353467
225	0.76782030
232	0.78000663
239	0.74618978
259	0.81515663
262	0.72768453
264	0.79608854
277	0.69381395
279	0.81816146
299	0.74309931
308	0.76880829
323	0.72003881
326	0.72350083
333	0.74570331
340	0.73041160
352	0.69292707
372	0.75564475
378	0.66104696
409	0.60480083
411	0.62815511
415	0.67766740
430	0.74929088
447	0.69669406
481	0.65649558
491	0.67949599
497	0.64062610
519	0.68164309
542	0.62447583
545	0.69090594
546	0.69090290
554	0.63127238
565	0.61862914
571	0.69476133
609	0.64380912
613	0.64453854
620	0.65923135
631	0.70186036
635	0.74750912
642	0.64696575
675	0.60853356
686	0.61256906
692	0.65965608
701	0.66249655
703	0.65438771
739	0.64382873
743	0.60429503
744	0.59429572
780	0.60734434
786	0.60280373
787	0.68373633
792	0.68838494
793	0.65970787
797	0.63323812
834	0.60242196
842	0.62030566
848	0.59244240
11	0.83400622
16	0.83401851
23	0.83355207
28	0.83146906
32	0.82466285
36	0.83225594
42	0.83214075
49	0.82943757
60	0.83270483
87	0.82211022
111	0.70152707
121	0.80441257
152	0.80436064
158	0.77834461
187	0.80330511
191	0.72789959
209	0.81904130
217	0.68505124
290	0.66654254
347	0.78884724
362	0.78747680
364	0.62501423
367	0.66389641
375	0.74046588
517	0.69668122
600	0.59544627
602	0.66389227
612	0.66817390
632	0.67399820
665	0.62219475
26	0.83258881
65	0.82177776
179	0.73069931
295	0.71755746
368	0.77006050
527	0.62404130
536	0.70695028
596	0.69039033
880	0.61406575
24	0.83387182
25	0.83383895
30	0.83334751
43	0.83307030
46	0.83418508
59	0.81056146
62	0.82914199
91	0.82918425
126	0.78586727
138	0.79173301
190	0.74442666
253	0.67254682
278	0.79967320
282	0.72182017
294	0.76146188
304	0.69404075
319	0.80323412
328	0.71444627
331	0.66836685
349	0.74842569
360	0.73461298
402	0.69142072
441	0.72427044
521	0.71113467
525	0.66916768
559	0.59756105
583	0.69469599
629	0.65046506
678	0.59785373
693	0.63519130
709	0.60960483
717	0.61197555
748	0.68312003
845	0.61734945
887	0.62568329
899	0.59905870
35	0.83380345
54	0.81547072
85	0.81390401
144	0.81137044
197	0.67164641
208	0.63571506
214	0.78390055
216	0.77453978
229	0.77236671
307	0.68475939
428	0.72145069
477	0.61560511
513	0.71045525
644	0.64001215
21	0.83233343
29	0.83423163
50	0.83345649
78	0.81824544
79	0.82613536
99	0.77625539
105	0.82011395
142	0.81763964
178	0.77719655
183	0.82946381
211	0.79276340
233	0.76657610
240	0.67529848
246	0.68553909
263	0.77415760
310	0.77231961
327	0.71583149
361	0.67817721
485	0.71255539
492	0.61165663
500	0.65874199
522	0.65662693
526	0.66142831
530	0.65946022
551	0.73191395
580	0.66075207
657	0.67224765
683	0.61966298
735	0.62852859
761	0.65523494
802	0.64587279
817	0.62317472
864	0.62967749
900	0.57905870
33	0.83367845
34	0.83392887
52	0.82677127
55	0.82072251
58	0.80310829
61	0.82092749
66	0.79735207
67	0.82905939
69	0.83227030
82	0.83237942
86	0.83027583
101	0.81182348
102	0.80353094
109	0.80463826
120	0.79519075
123	0.80850124
124	0.76015608
128	0.78138757
148	0.77638508
149	0.78398011
151	0.79338660
156	0.75355539
203	0.77400373
207	0.68201423
227	0.78552983
230	0.73019669
236	0.77777238
256	0.78316685
257	0.67314820
261	0.71727887
271	0.79882666
272	0.70528867
287	0.74865290
303	0.71907141
317	0.72146326
318	0.69158688
330	0.69134903
332	0.73535442
338	0.69863591
391	0.61137155
404	0.69494807
414	0.66219530
426	0.68459227
446	0.71150069
450	0.69325373
455	0.69487155
459	0.75307597
472	0.68380000
482	0.77676423
523	0.61312113
534	0.59811243
535	0.66172887
582	0.65592320
621	0.62042155
634	0.59986202
667	0.64793467
669	0.62760677
687	0.59806768
691	0.65545994
695	0.62020801
702	0.64931685
711	0.65434130
724	0.66714517
730	0.63922873
796	0.61066008
850	0.61332307
853	0.60367017
868	0.58249323
31	0.70631464
39	0.83294959
40	0.83346340
57	0.83405608
80	0.83100414
88	0.78193619
107	0.82843039
110	0.81849820
112	0.82611340
136	0.79321644
150	0.75998522
155	0.75319807
162	0.77923550
164	0.80729517
171	0.81641367
186	0.69493384
194	0.66462127
241	0.72628287
249	0.65288425
251	0.79613508
258	0.65828467
265	0.69211243
283	0.69238757
311	0.75074116
336	0.65504972
380	0.64804503
412	0.73486865
417	0.69631547
432	0.68622293
434	0.67685994
476	0.68804807
487	0.70868094
503	0.60646865
548	0.69468177
557	0.68520055
566	0.67621768
576	0.70970345
607	0.60902721
615	0.69071547
682	0.60311436
751	0.61295746
772	0.63268287
806	0.58144945
877	0.61388771
38	0.83389959
45	0.83107127
47	0.83398660
48	0.80133052
75	0.82013936
77	0.74356920
97	0.77792942
104	0.63856602
130	0.75175304
146	0.77070180
154	0.76502196
166	0.79918273
174	0.82638909
181	0.76382514
245	0.77584599
252	0.73901602
339	0.73368343
341	0.71763384
343	0.73770870
389	0.64864033
390	0.70028591
423	0.65893163
439	0.71145152
452	0.66360912
543	0.62340138
549	0.62765359
589	0.64796878
614	0.62328923
616	0.59889820
624	0.66287970
659	0.64356160
713	0.62133135
726	0.61599337
756	0.65326243
821	0.60072942
827	0.59454903
838	0.60490691
41	0.82395815
90	0.81825110
94	0.79051478
106	0.75048591
108	0.74826588
122	0.80020442
226	0.80850552
228	0.77542721
234	0.76417735
269	0.71659309
325	0.73273550
421	0.68615235
424	0.76551050
475	0.65525691
483	0.68616975
494	0.73425829
524	0.68662210
544	0.65042086
553	0.65955608
561	0.70868232
605	0.65057693
622	0.67357431
628	0.66267983
684	0.67584945
685	0.61241934
706	0.62027541
762	0.62221064
769	0.60033384
777	0.62643343
837	0.59932182
895	0.59108094
95	0.82181961
113	0.82947638
159	0.80668867
167	0.80219102
180	0.74412997
185	0.76058052
348	0.70226892
382	0.61973191
395	0.69182113
420	0.63019144
427	0.71216561
457	0.67107099
480	0.72656381
512	0.64157859
575	0.63795000
587	0.61335608
763	0.60839448
805	0.60724807
811	0.65681395
81	0.82983287
83	0.82935235
92	0.79668729
131	0.72669075
173	0.75058218
268	0.67924503
301	0.72659033
320	0.75105000
350	0.71432652
371	0.67878287
379	0.72246008
393	0.78427127
400	0.62777141
406	0.78174337
407	0.79932569
599	0.61494282
646	0.61728826
679	0.59985097
752	0.66016989
795	0.62782749
901	0.60435608
96	0.77238715
116	0.79188246
153	0.82241616
248	0.75173356
270	0.67047804
274	0.75428660
300	0.72986146
329	0.69461851
425	0.71560497
499	0.62734655
502	0.61655608
508	0.71023177
520	0.66057583
569	0.68380083
671	0.65708978
742	0.60397431
836	0.60016506
857	0.58278329
896	0.62361934
72	0.82260718
114	0.82301948
139	0.70252610
198	0.80923674
204	0.77783660
266	0.73893301
293	0.79575069
394	0.73247320
463	0.72319972
597	0.65892445
617	0.60964669
623	0.66262390
674	0.65351257
715	0.59527238
770	0.61682818
778	0.64782693
790	0.61906519
866	0.59790138
64	0.82779986
210	0.73333246
231	0.77148315
467	0.73190967
496	0.76337901
501	0.64483315
603	0.69208163
647	0.65562928
652	0.61811215
663	0.70038964
688	0.63141008
694	0.63493260
740	0.65552251
840	0.61002942
886	0.60536381
133	0.83069779
140	0.81250525
200	0.76174420
284	0.77287983
324	0.63540000
383	0.61722279
495	0.61473191
506	0.62134986
514	0.69323591
533	0.68685691
601	0.62413052
673	0.64369586
689	0.61526768
737	0.64592320
764	0.60293550
794	0.63977459
889	0.57057459
893	0.62644917
127	0.78745470
188	0.77889075
196	0.82050608
199	0.78284130
250	0.68874669
267	0.76993439
309	0.71011809
369	0.68104530
410	0.71680967
454	0.63835456
473	0.73505787
518	0.71374834
586	0.68370262
598	0.74733715
696	0.59879655
699	0.65382928
798	0.60616920
814	0.61568094
846	0.61838785
873	0.63273481
147	0.80833122
177	0.82445041
193	0.73034931
276	0.75299724
346	0.76731105
541	0.60326215
568	0.64532376
626	0.68781409
727	0.61558715
807	0.61439586
829	0.60475318
129	0.82644820
145	0.80363992
215	0.77293425
235	0.69764199
247	0.77019724
275	0.80908108
291	0.66215580
298	0.70076188
374	0.65528909
429	0.73221768
461	0.62866215
484	0.69475387
493	0.64602431
516	0.66782182
649	0.59587113
662	0.67836367
725	0.62287500
839	0.59848232
888	0.61055732
315	0.73226699
344	0.71377307
437	0.69139503
464	0.62401050
505	0.65539171
666	0.67661575
819	0.63750829
115	0.81805069
169	0.66318729
222	0.68980193
254	0.78841547
305	0.73892859
322	0.77782141
381	0.69905110
387	0.69887486
531	0.67058343
637	0.72328895
650	0.60817500
831	0.63270331
243	0.73627127
255	0.76915760
422	0.70134033
618	0.70653909
852	0.67197514
871	0.60949834
490	0.68600373
141	0.77290290
570	0.62506823
578	0.60267320
753	0.63462086
775	0.61073688
782	0.58976934
89	0.68692873
118	0.78038564
163	0.78288812
220	0.70407251
334	0.76072666
363	0.75065110
416	0.68976064
435	0.66279033
436	0.69304986
468	0.63329544
579	0.62805318
584	0.65351367
638	0.67920442
723	0.63164903
755	0.72201823
760	0.61153909
774	0.65029434
244	0.73425843
337	0.71626133
465	0.70351133
478	0.61349185
754	0.62575925
767	0.63357680
883	0.61302307
891	0.60568384
242	0.77728854
373	0.62064323
399	0.71825622
562	0.68184420
572	0.62335055
238	0.79335746
641	0.63459365
731	0.59904448
611	0.59353232
784	0.59012293
172	0.82124378
176	0.78839544
297	0.71764793
438	0.62117597
471	0.67738785
479	0.63371975
488	0.65737928
590	0.67027210
757	0.60649779
789	0.60081809
818	0.58545884
841	0.63152279
165	0.81356022
280	0.76346285
289	0.76196050
365	0.67548191
529	0.68649544
540	0.65098122
894	0.61670580
498	0.60907610
822	0.61419917
93	0.78986188
388	0.66311160
577	0.60985594
758	0.61327099
779	0.61873066
870	0.59373425
286	0.66306823
288	0.80075373
397	0.69051740
448	0.77162652
458	0.61821409
466	0.68257624
470	0.64326948
592	0.63861754
640	0.64980718
745	0.60219434
884	0.61321174
890	0.61131105
212	0.77986602
285	0.74868329
302	0.72271202
384	0.65790193
413	0.81165249
528	0.65123232
550	0.66631588
676	0.59892445
712	0.64507224
728	0.70641975
732	0.65973577
281	0.68346450
342	0.71838260
443	0.69620787
538	0.71394296
645	0.64324972
700	0.59068564
707	0.62238577
160	0.82166657
221	0.78091436
573	0.60352003
633	0.67966381
716	0.61485925
738	0.67726326
810	0.59087776
815	0.59227293
847	0.58980981
903	0.59713315
385	0.80369061
401	0.65228218
460	0.69564572
606	0.64461188
636	0.68858301
698	0.65707762
791	0.60883025
812	0.61530497
823	0.60633232
878	0.60324627
202	0.66133066
537	0.66959199
697	0.58071823
733	0.60017707
867	0.60577334
872	0.59801008
456	0.61468522
639	0.61742997
670	0.61759503
765	0.61800898
816	0.58095994
440	0.65905677
574	0.75159820
860	0.62065097
219	0.81817997
335	0.79030331
445	0.61521851
588	0.72288425
654	0.64658936
668	0.58244130
704	0.63450994
720	0.64247445
904	0.61376271
237	0.68744931
321	0.74047169
563	0.70952472
655	0.60946561
405	0.65281713
453	0.71199406
489	0.61522845
677	0.69791823
882	0.58098771
313	0.81400373
593	0.62490221
729	0.59355387
734	0.59514130
881	0.59313840
201	0.80449323
449	0.66181561
515	0.59694641
585	0.61435428
630	0.65841395
656	0.74762528
785	0.66056450
892	0.60624669
359	0.64444765
296	0.79814116
625	0.63698688
660	0.60898315
705	0.61446948
885	0.58716105
396	0.60611865
510	0.65476036
708	0.61514945
828	0.59283536
358	0.69240718
392	0.68067514
591	0.68169365
898	0.58771436
377	0.72361298
766	0.59343923
273	0.68402500
768	0.59288702
710	0.58430994
783	0.65966519
869	0.57968564
509	0.71779213
643	0.67137417
773	0.61879227
721	0.59049365
604	0.61387942
863	0.57479075
610	0.60769130
801	0.64803149
345	0.77404696
444	0.64995331
651	0.62868467
736	0.69374296
808	0.60549420
879	0.57863218
175	0.80297997
314	0.78037459
306	0.71734006
876	0.60244807
213	0.74208039
741	0.58474613
746	0.58826657
799	0.63326837
824	0.61935856
260	0.79899641
366	0.69797528
844	0.58251354
749	0.62022555
292	0.71910041
555	0.64813287
539	0.68057914
316	0.79481160
507	0.66672859
581	0.68385829
825	0.58581354
218	0.79621602
312	0.63988149
759	0.59650000
386	0.67338191
552	0.62252224
627	0.67025732
813	0.61915359
223	0.75210483
354	0.77643508
474	0.70561423
722	0.62660083
788	0.56967141
809	0.60074199
408	0.68072099
356	0.69702417
370	0.74839793
658	0.67145262
855	0.61767390
902	0.59479006
119	0.81477390
355	0.79199793
442	0.64475746
462	0.74462597
664	0.64394751
719	0.61946146
351	0.75355898
547	0.60747790
859	0.58178646
862	0.59332914
357	0.66037831
556	0.63237362
718	0.61629862
800	0.59555981
680	0.58860152
714	0.62512610
560	0.72199392
820	0.58965981
398	0.64917901
594	0.61050083
661	0.58246326
875	0.59716934
826	0.60120470
431	0.64574088
418	0.78813094
451	0.73832680
619	0.59132887
781	0.62046450
403	0.60153771
690	0.65374820
833	0.62769420
564	0.69592997
856	0.61156961
595	0.63742265
353	0.72666989
854	0.60675649
648	0.60242859
803	0.58893301
376	0.68647141
861	0.57370401
558	0.63977638
469	0.64698785
843	0.59520069
858	0.56341464
433	0.69793467
804	0.62811257
681	0.59099779
419	0.72574890
851	0.59900525
832	0.60049337
865	0.60188204
672	0.59974655
747	0.60953163
608	0.63865580
653	0.61368066
835	0.61022169
771	0.56769890
750	0.60143564
567	0.58009420
532	0.62480414
486	0.63523232
897	0.55896533
830	0.59320525
511	0.67514102
776	0.63459213
849	0.61996271
504	0.63702376
874	0.54784917
