0	0.96005219
1	0.95996186
2	0.95977185
3	0.95998127
4	0.95991034
5	0.95989830
6	0.95994514
7	0.95984477
8	0.96006825
9	0.96023953
10	0.96035193
11	0.95976114
12	0.95991503
13	0.95969156
14	0.95974575
15	0.95980664
16	0.95973906
17	0.95966279
18	0.95984946
19	0.96010705
20	0.95994848
21	0.96007293
22	0.95987756
23	0.96001204
24	0.95982203
25	0.96004416
26	0.95961595
29	0.95978456
30	0.96015456
31	0.96005219
32	0.95965743
33	0.95962866
34	0.96013649
37	0.96001405
38	0.96012177
40	0.95990566
41	0.95999599
43	0.95990700
44	0.96003814
46	0.95966011
48	0.95995986
50	0.96025492
51	0.96016660
53	0.95990901
54	0.95999130
55	0.95946809
57	0.95983072
59	0.95963201
62	0.95985949
65	0.95973103
67	0.95989362
68	0.95956912
70	0.95985548
71	0.95995116
72	0.95971096
77	0.95991101
78	0.96008966
79	0.96010304
80	0.95980931
85	0.96006423
88	0.95972702
91	0.95964740
93	0.95988960
95	0.95996320
99	0.96004282
102	0.95972635
105	0.96009568
107	0.96001405
113	0.95984277
115	0.95986217
123	0.95968219
126	0.95984879
136	0.95994313
138	0.96023752
139	0.95992439
140	0.96005018
147	0.96004349
148	0.95978590
150	0.95994580
152	0.95989094
156	0.95944935
158	0.95972568
164	0.96018801
173	0.95988425
177	0.96005353
178	0.95955038
179	0.95991101
184	0.95980530
190	0.95994915
192	0.95958250
195	0.95968018
201	0.95991101
202	0.95993845
206	0.95988960
210	0.95985816
218	0.95977653
219	0.96006958
220	0.95981400
234	0.95988559
235	0.95996253
248	0.96017797
249	0.96029975
252	0.95970962
263	0.95951024
264	0.95993175
266	0.95964940
270	0.95980195
281	0.95981199
283	0.96012712
302	0.95966011
304	0.95993309
312	0.95948280
314	0.95979526
319	0.95987488
320	0.96019069
321	0.96011976
325	0.96001271
335	0.95977720
346	0.95999599
348	0.96007427
352	0.95982470
356	0.95977854
360	0.96006423
367	0.95982872
369	0.95341897
370	0.96040145
378	0.95967282
380	0.95959454
386	0.96007627
397	0.96013248
401	0.96010504
403	0.95662853
405	0.95669343
407	0.95681453
418	0.95971765
420	0.95996788
422	0.95998260
433	0.95989696
436	0.95993175
441	0.95990232
442	0.95979928
449	0.96005219
455	0.96008698
457	0.95975110
462	0.95987087
472	0.95983139
493	0.95983474
496	0.95958049
501	0.95658236
506	0.95964740
510	0.96000803
517	0.95988425
521	0.95984745
522	0.95983741
524	0.95993845
525	0.95650876
533	0.95004215
535	0.95651612
545	0.95951626
552	0.96010170
553	0.96024154
573	0.95999665
583	0.95349324
588	0.95670347
589	0.95655092
597	0.95676770
600	0.95669477
602	0.95972501
607	0.96004684
631	0.95978054
633	0.95988960
648	0.95988291
666	0.95947478
671	0.95969959
680	0.95982203
687	0.96004617
692	0.95980931
696	0.94387863
707	0.95986284
717	0.95667536
718	0.95341897
721	0.95972902
732	0.95351198
737	0.95012445
739	0.94727084
744	0.95997859
757	0.94064499
760	0.95656965
765	0.95966212
792	0.94694166
819	0.95997591
824	0.95670614
829	0.95982738
830	0.95999465
839	0.95676636
843	0.94985883
844	0.95643383
847	0.96007694
848	0.95018400
852	0.95667068
860	0.93421116
888	0.95649338
900	0.95341095
913	0.95652750
926	0.95339556
940	0.95988090
955	0.94419711
961	0.95327178
962	0.94064700
971	0.95994714
972	0.96003345
974	0.95356550
996	0.96026428
1002	0.95654222
1011	0.95988291
1015	0.96021143
1036	0.95350796
1042	0.95987221
1055	0.94719858
1060	0.96009033
1064	0.95323030
1072	0.95362505
1075	0.95679111
1076	0.95349257
1097	0.94358892
1112	0.95355881
1125	0.94063295
1127	0.95349793
1129	0.94736786
1130	0.95333668
1138	0.94725478
1140	0.95356483
1143	0.93755520
1169	0.95664593
1179	0.95322963
1202	0.96006891
1209	0.96000335
1216	0.95990767
1226	0.95363375
1227	0.95985080
1234	0.95670681
1256	0.95036866
1261	0.93786966
1273	0.95064231
1278	0.94404791
1285	0.95009099
1288	0.93760471
1289	0.95029774
1294	0.95994045
1306	0.94723672
1309	0.95696507
1311	0.95347785
1315	0.95688010
1324	0.95670882
1325	0.95365650
1327	0.95342767
1334	0.95687475
1340	0.93100094
1387	0.95972702
1389	0.95330657
1395	0.93423391
1396	0.93721732
1422	0.95646728
1426	0.93767296
1435	0.95019738
1436	0.95381507
1444	0.95060551
1461	0.95660846
1494	0.95655961
1498	0.93459655
1499	0.94372407
1501	0.95670547
1507	0.94061287
1532	0.95336746
1541	0.94717182
1550	0.93102235
1552	0.95326442
1565	0.94074602
1575	0.94704068
1577	0.93139168
1594	0.95010973
1619	0.94406329
1622	0.93443931
1623	0.93430282
1637	0.92790579
1638	0.92150542
1643	0.92455573
1654	0.95661582
1655	0.95360832
1660	0.95356550
1664	0.94379031
1691	0.93108390
1708	0.94710290
1715	0.94701325
1723	0.92472033
1758	0.95665931
1777	0.95375017
1788	0.93123177
1811	0.94063228
1813	0.94386726
1814	0.90569651
1816	0.94373946
1818	0.92459922
1825	0.93098421
1839	0.95351131
1855	0.93098354
1879	0.94082430
1921	0.94376221
1958	0.94389536
1970	0.91179847
1985	0.90579888
1990	0.91816740
1992	0.94721531
2002	0.91168808
2015	0.93438311
2020	0.92473772
2034	0.93461060
2071	0.91530911
2087	0.94040814
2102	0.94372274
2117	0.94068112
2135	0.93119162
2148	0.93443196
2165	0.93426201
2173	0.93125184
2174	0.92810986
2180	0.93437910
2190	0.92174294
2191	0.95039810
2211	0.94057206
2223	0.95355948
2231	0.89560752
2235	0.93735046
2237	0.91524622
2272	0.93456644
2274	0.94064298
2276	0.91828851
2281	0.92453232
2290	0.91517864
2293	0.94431621
2303	0.93431554
2320	0.92176904
2332	0.95664124
2352	0.94399706
2380	0.89599291
2384	0.91499933
2393	0.91193095
2404	0.94394821
2411	0.89891944
2431	0.92474977
2453	0.89265288
2460	0.90579620
2473	0.91811120
2500	0.92796066
2517	0.91156631
2521	0.92473572
2523	0.91473638
2545	0.88629332
2607	0.93083032
2622	0.94059347
2642	0.93729827
2644	0.90569383
2673	0.91833467
2674	0.93091730
2705	0.93142580
2711	0.88026094
2722	0.94083300
2733	0.93117289
2743	0.91527231
2799	0.91836277
2811	0.90881641
2812	0.93123846
2832	0.93425064
2862	0.93120500
2868	0.88020139
2889	0.91828717
2933	0.92804095
2942	0.94391141
2962	0.92464204
2968	0.91552991
2985	0.93092199
2986	0.89899973
3015	0.93122708
3019	0.91521611
3022	0.88942259
3024	0.90545832
3030	0.92752643
3064	0.92471230
3091	0.88005486
3103	0.89255988
3121	0.91205941
3130	0.93105580
3153	0.92159374
3169	0.89596949
3189	0.91525090
3193	0.92153018
3195	0.90204269
3207	0.90522749
3213	0.89564566
3222	0.90564967
3240	0.88002944
3298	0.91835541
3348	0.92131339
3406	0.90587181
3418	0.84456912
3481	0.91532450
3494	0.88944801
3500	0.91493175
3513	0.89926870
3528	0.90505219
3574	0.87670413
3576	0.85429346
3582	0.90888331
3611	0.91199920
3646	0.92791717
3657	0.93430951
3735	0.87718185
3764	0.88669611
3779	0.87356684
3797	0.91225947
3801	0.86662184
3845	0.90233173
3849	0.86376756
3861	0.91203733
3877	0.86731968
3889	0.88625251
3901	0.88978322
3909	0.88944266
3925	0.91166600
3947	0.87997993
3963	0.86413087
3967	0.88596949
3982	0.87662184
3988	0.87684196
3989	0.93105446
4056	0.90550114
4059	0.88951358
4084	0.88305098
4092	0.88004148
4110	0.89593671
4126	0.87991503
4140	0.89589589
4144	0.88946474
4156	0.90579620
4168	0.88964004
4232	0.90562960
4261	0.90244279
4326	0.90246889
4413	0.87664191
4418	0.90235448
4452	0.85771778
4464	0.89575472
4466	0.92152081
4494	0.87668540
4495	0.86076007
4505	0.88961261
4521	0.89581694
4572	0.85144587
4588	0.87337080
4599	0.86721732
4613	0.87361234
4620	0.84777198
4624	0.86693831
4750	0.86061020
4782	0.88320487
4795	0.88644453
4805	0.87380436
4807	0.87362237
4828	0.88623244
4840	0.87335006
4848	0.87373879
4893	0.85774655
4903	0.87018734
4920	0.88968353
4942	0.86379834
4944	0.88639770
35	0.95982738
36	0.96002542
39	0.95979995
42	0.95999465
47	0.95992105
49	0.95988224
52	0.96000401
56	0.95987288
58	0.95992841
61	0.96001137
66	0.96008698
81	0.95978723
83	0.95991971
87	0.96011441
89	0.95961595
90	0.95972568
101	0.95992506
103	0.96001338
106	0.95996186
109	0.95985682
117	0.95972836
127	0.96016459
131	0.95980664
133	0.95977586
141	0.96043022
166	0.95979459
175	0.95995785
199	0.95996722
230	0.95979125
239	0.95985481
242	0.96007962
256	0.95996119
267	0.96019537
269	0.95673692
273	0.96012712
274	0.95971564
275	0.96019002
291	0.96024622
296	0.96014184
309	0.95647330
313	0.95964940
316	0.96021277
328	0.95968487
329	0.95962130
336	0.95990499
339	0.95983942
341	0.95978255
349	0.95983474
382	0.95364981
390	0.95983541
398	0.95963067
404	0.95988559
408	0.95984344
423	0.95655560
426	0.95976047
431	0.96002275
466	0.96026763
483	0.95992172
486	0.95980931
487	0.96002944
511	0.96005286
530	0.95673692
536	0.95999063
538	0.95951760
554	0.95991302
564	0.94705339
575	0.95976248
592	0.95983541
606	0.95988358
617	0.95957648
620	0.95990967
637	0.95360832
649	0.95309447
656	0.95671083
659	0.95673759
672	0.96018667
689	0.95990165
734	0.95984745
743	0.95387595
762	0.95690820
786	0.95986752
789	0.96002609
818	0.95992373
834	0.95670748
849	0.95672153
856	0.95660511
866	0.95665998
868	0.95333869
954	0.95663054
975	0.95693630
982	0.94414760
1008	0.95668540
1023	0.95675766
1034	0.95057808
1047	0.95639904
1103	0.95680985
1114	0.95037736
1122	0.95345979
1123	0.94064900
1151	0.95990031
1156	0.95668072
1158	0.93438378
1228	0.94389736
1236	0.95362773
1241	0.95692694
1281	0.96009835
1295	0.94053994
1308	0.95990232
1329	0.95044360
1339	0.92150207
1343	0.95364646
1351	0.92477385
1357	0.94719256
1363	0.94393550
1416	0.93423391
1428	0.95050984
1431	0.93749097
1455	0.95048240
1462	0.93137027
1465	0.95365583
1487	0.95669142
1502	0.91485080
1511	0.94738793
1517	0.94395089
1569	0.93120902
1579	0.94077211
1587	0.95676569
1595	0.95021076
1649	0.95329118
1665	0.93462465
1738	0.95678911
1751	0.95666466
1799	0.92775994
1868	0.94694166
1875	0.92511709
1884	0.92166466
1939	0.94386190
1943	0.92482403
1969	0.95047371
1976	0.93115616
1982	0.94385655
1993	0.91823431
2051	0.93092935
2055	0.92123779
2065	0.94383380
2073	0.94087515
2075	0.92153352
2128	0.93099759
2181	0.91527834
2185	0.90869396
2203	0.95329252
2246	0.88305232
2315	0.93746755
2353	0.93760872
2397	0.93134016
2400	0.93432691
2474	0.92126388
2483	0.93107186
2494	0.94082564
2501	0.92459655
2511	0.92481801
2529	0.90861903
2558	0.93431487
2566	0.93081426
2582	0.91526362
2584	0.94724809
2592	0.91208752
2602	0.92489228
2669	0.89903051
2671	0.93772113
2690	0.92783621
2698	0.93773719
2710	0.91844507
2712	0.89256457
2747	0.91521745
2774	0.92125585
2775	0.94393216
2809	0.89893751
2817	0.92162385
2819	0.94390941
2911	0.92175632
2924	0.90546701
2976	0.93432557
2994	0.90242406
3023	0.89905995
3044	0.89902114
3117	0.89617557
3284	0.92805767
3306	0.90608658
3310	0.95014318
3313	0.92144989
3347	0.93760003
3355	0.88339623
3393	0.91203399
3474	0.90560217
3482	0.88632611
3511	0.88015188
3603	0.91487689
3658	0.84480798
3694	0.90245751
3697	0.87671149
3733	0.87367925
3766	0.86367590
3789	0.89283956
3809	0.90554329
3842	0.88974308
3873	0.90529172
3880	0.91205072
3912	0.86737187
3917	0.90886726
3936	0.91516192
3951	0.89577880
3994	0.92468553
3997	0.91830523
4023	0.87014184
4024	0.89244948
4057	0.85785762
4058	0.91169611
4090	0.88964874
4117	0.88310183
4147	0.85425599
4153	0.89279339
4210	0.86401512
4216	0.88660377
4253	0.91856483
4257	0.87045899
4281	0.86699786
4293	0.89614813
4327	0.90233507
4328	0.85103171
4353	0.87636157
4385	0.86076141
4407	0.89944199
4428	0.87045096
4433	0.85738592
4479	0.87668875
4542	0.88289509
4547	0.87025090
4571	0.90888867
4689	0.87658504
4692	0.90230296
4718	0.87040814
4723	0.87664659
4734	0.85123578
4738	0.88339288
4752	0.87681988
4758	0.87675030
4759	0.87023418
4794	0.87328717
4810	0.89587783
4839	0.86411816
4896	0.85769504
4945	0.87972166
28	0.95965275
82	0.95970895
176	0.95989161
243	0.95973304
251	0.95949686
279	0.95983206
287	0.95995785
305	0.95365650
307	0.95993644
347	0.95979459
366	0.96033253
657	0.95662251
661	0.95676770
714	0.95656296
723	0.95988291
741	0.96004014
756	0.91493978
802	0.95984745
805	0.95991837
903	0.95661113
923	0.95641576
929	0.96015523
941	0.94730563
950	0.95350930
957	0.94710424
978	0.95999197
1017	0.96016259
1056	0.95992707
1089	0.95681922
1099	0.94056336
1190	0.94701659
1269	0.94723070
1433	0.95657768
1449	0.95355413
1534	0.94743477
1599	0.95964071
1631	0.94730630
1632	0.95056135
1657	0.95019604
1662	0.91839087
1704	0.92767831
1743	0.90255118
1794	0.94708952
1798	0.94715175
1822	0.95656229
1852	0.95032116
1895	0.94400642
1916	0.95037669
1922	0.91176034
1954	0.87972300
1955	0.92139235
2124	0.92483541
2438	0.88600361
2721	0.91510705
2845	0.90539275
2850	0.94101432
2863	0.92808042
2901	0.90537267
3005	0.94710558
3057	0.89554128
3096	0.92138699
3179	0.92749699
3367	0.94084839
3394	0.90550248
3485	0.88329386
3510	0.91814666
3518	0.92447678
3645	0.89577613
3653	0.88310451
3702	0.89259869
3819	0.88007694
3832	0.87694299
3859	0.85113877
4004	0.90234645
4011	0.87683795
4096	0.88320889
4101	0.90549712
4226	0.88308578
4545	0.85117356
4597	0.88307172
4604	0.87372608
4684	0.88604443
4765	0.85442460
4859	0.84500602
4891	0.87025224
97	0.95977787
124	0.95964071
135	0.95978991
153	0.95983072
189	0.95984678
203	0.95997792
334	0.95982002
384	0.95980329
400	0.96018266
410	0.95982136
425	0.96026295
454	0.95988960
699	0.95008564
724	0.96004617
803	0.95688077
823	0.95665262
825	0.95997859
865	0.95642112
886	0.94706142
889	0.95657500
896	0.95694567
932	0.94730831
1376	0.94726549
1458	0.92485615
1592	0.94382644
1601	0.95060284
1611	0.95026027
1712	0.95343704
1724	0.93761675
1808	0.91525157
1873	0.94689215
2083	0.93431554
2240	0.89902917
2349	0.93445805
2406	0.92484076
2445	0.95050248
2507	0.93741536
2730	0.91809916
2825	0.90569651
3000	0.89618159
3245	0.88948481
3366	0.87344039
3378	0.91529506
3452	0.90582029
3661	0.90881239
3790	0.90887060
3821	0.86707748
3890	0.88310652
3935	0.89573598
4001	0.86711896
4033	0.90238057
4102	0.87036264
4152	0.87686471
4213	0.89260672
4252	0.87665195
4313	0.87352937
4317	0.87678844
4320	0.87670213
4443	0.89602569
4444	0.89949485
4614	0.87690352
4772	0.90893550
4962	0.86397966
73	0.95996655
108	0.95976582
111	0.95973036
121	0.95987488
128	0.95946942
157	0.95993911
170	0.95989696
180	0.95999063
188	0.95990165
198	0.95993109
208	0.95983741
225	0.95967684
232	0.95965208
236	0.96022347
317	0.95975980
323	0.96006758
371	0.95996922
416	0.95990031
485	0.95997458
495	0.95969959
502	0.95342232
503	0.95948414
516	0.95994246
527	0.95964472
540	0.96005353
557	0.95996588
585	0.95970427
635	0.95672822
678	0.96013181
685	0.95999063
710	0.94415763
715	0.95970561
751	0.95660511
759	0.95995316
761	0.96000000
768	0.95331192
785	0.95669008
793	0.94384250
812	0.95987221
872	0.95345511
883	0.95683594
897	0.95987622
899	0.95982738
912	0.95358357
914	0.95959387
930	0.95986351
952	0.95653285
965	0.95961997
966	0.94723270
986	0.95020541
998	0.95322294
1021	0.95358089
1048	0.93413020
1071	0.95056871
1085	0.95363509
1095	0.95343503
1106	0.95337482
1110	0.94381306
1144	0.95047705
1165	0.95657835
1171	0.95006022
1189	0.95048642
1220	0.95991436
1230	0.95665864
1235	0.93392279
1283	0.94708283
1291	0.94051586
1296	0.93749565
1353	0.93726415
1373	0.95661515
1409	0.94071457
1410	0.94672621
1441	0.93133949
1460	0.95993309
1479	0.95329386
1522	0.94732370
1561	0.96004215
1615	0.93108256
1618	0.93096213
1645	0.91523752
1674	0.90866988
1677	0.94718252
1687	0.94358089
1700	0.93112873
1717	0.93732905
1719	0.94696441
1737	0.95668473
1775	0.92136625
1830	0.91864111
1905	0.95050181
1906	0.95023618
1908	0.94401646
1965	0.90867925
1994	0.90560819
2026	0.93446608
2069	0.93733775
2116	0.91863576
2201	0.92130938
2224	0.92821089
2247	0.95054663
2267	0.95008631
2366	0.94370333
2419	0.92481199
2471	0.94739128
2496	0.92481266
2497	0.92778938
2580	0.94067108
2661	0.93105781
2699	0.94079219
2741	0.92790044
2761	0.92795798
2780	0.91529707
2803	0.91517262
2865	0.89257795
2989	0.91170547
3012	0.90593470
3017	0.88943396
3073	0.93112672
3112	0.92118560
3124	0.92170681
3158	0.85774990
3206	0.92769838
3241	0.92168942
3254	0.89309113
3262	0.91810250
3272	0.92140640
3332	0.88929948
3380	0.92472166
3463	0.92148936
3468	0.90846313
3546	0.91833534
3566	0.89888666
3600	0.92150943
3617	0.89273786
3624	0.88635019
3676	0.86733039
3726	0.89900040
3729	0.88582965
3746	0.87994848
3808	0.87645256
3857	0.91834002
3868	0.91213167
3919	0.91509166
3923	0.91222401
4015	0.89935234
4029	0.91846916
4032	0.89560819
4087	0.89595945
4159	0.88953499
4165	0.92481734
4196	0.91491637
4212	0.89558477
4240	0.88303225
4377	0.87672421
4402	0.86744079
4416	0.88651679
4492	0.87370199
4578	0.88624716
4823	0.86713770
4867	0.87050984
4964	0.86074669
169	0.95949485
200	0.96008497
229	0.95972969
246	0.95975980
247	0.96009367
261	0.95959922
268	0.95960190
359	0.96014251
376	0.95997725
388	0.95989362
393	0.95983608
456	0.95990834
475	0.95674495
518	0.96000335
630	0.95989629
655	0.95990901
688	0.95970695
706	0.96012445
712	0.95993911
755	0.95690285
879	0.94710893
1016	0.95340894
1022	0.95633681
1088	0.94730430
1172	0.95020608
1259	0.95337080
1264	0.95347250
1271	0.95007761
1305	0.94410812
1390	0.94410946
1407	0.94722668
1438	0.95341496
1456	0.95663187
1470	0.93748495
1513	0.94695437
1591	0.95019470
1726	0.95678108
1767	0.92131540
1790	0.92464807
1796	0.93752174
1926	0.94108056
2000	0.92773384
2023	0.95379834
2024	0.90219524
2039	0.91826709
2152	0.93122106
2172	0.95664392
2308	0.93750435
2399	0.92815134
2454	0.88630938
2533	0.91192694
2707	0.92164659
2881	0.94726950
2907	0.87056202
2941	0.90562826
2977	0.92466145
3028	0.90543891
3110	0.92484678
3138	0.92802690
3167	0.91824769
3183	0.92157367
3351	0.87634283
3399	0.90896494
3438	0.90902516
3473	0.90863375
3618	0.87670547
3782	0.87659775
3860	0.89907132
3865	0.89927673
3962	0.90867389
4041	0.89891342
4125	0.85769905
4184	0.92450221
4215	0.88970761
4322	0.90540211
4348	0.88919376
4536	0.83872274
4644	0.86724876
4690	0.87985816
4856	0.85767296
4922	0.87647130
211	0.95990967
284	0.95990165
298	0.95648401
330	0.95995919
331	0.95940586
342	0.96004014
355	0.96010371
434	0.95974642
476	0.95978322
514	0.95998863
644	0.95978255
776	0.95336344
815	0.95667871
836	0.95999063
891	0.95976449
946	0.95339154
1010	0.95685869
1032	0.94355881
1033	0.95044427
1046	0.95040278
1177	0.94729158
1206	0.94091396
1229	0.95319952
1249	0.95347852
1323	0.94054329
1525	0.94715242
1562	0.95345444
1651	0.92155092
1694	0.91156965
1745	0.92478188
1809	0.95020741
1810	0.95344172
1838	0.93093938
1935	0.94731634
2003	0.94401512
2072	0.95650876
2189	0.92475043
2243	0.93749766
2409	0.92135354
2493	0.91851800
2510	0.92466747
2519	0.92154891
2540	0.90882845
2594	0.93437308
2610	0.95025358
2623	0.91833936
2643	0.91815402
2647	0.92787836
2727	0.93094072
2731	0.92803426
2740	0.90913555
2886	0.90863375
2894	0.94417369
3248	0.92811923
3445	0.88311455
3535	0.90268567
3597	0.92770842
3765	0.92473973
3931	0.92130938
4233	0.90534993
4332	0.90540881
4359	0.87007226
4369	0.90603974
4373	0.89261742
4387	0.84187274
4459	0.88623377
4473	0.86053325
4574	0.85111936
4663	0.83809514
4693	0.83820353
4712	0.88941523
4836	0.87026295
4889	0.87659441
74	0.95982403
76	0.96006222
100	0.95991570
112	0.96013582
120	0.95998996
125	0.95989763
129	0.95978255
149	0.95995986
154	0.95996521
167	0.95970427
171	0.95980195
172	0.95984411
186	0.95990700
221	0.95667737
233	0.95975311
238	0.95982069
240	0.96016459
278	0.95991168
285	0.95991637
286	0.95984076
289	0.96001940
315	0.95999599
368	0.95985080
374	0.95984210
437	0.95995116
459	0.95994514
465	0.95972033
481	0.95997324
497	0.95948280
509	0.96000000
555	0.95994447
571	0.95660043
578	0.95662451
665	0.95974441
667	0.95678710
691	0.95986618
698	0.95951760
709	0.95975512
726	0.96010371
754	0.95996052
764	0.95026228
791	0.95975846
811	0.94093336
884	0.95995718
928	0.95356416
942	0.94713970
951	0.95677104
1041	0.96008230
1080	0.95981734
1133	0.95659775
1153	0.95994313
1182	0.94983139
1244	0.93094407
1266	0.94062893
1274	0.96003814
1299	0.95058477
1326	0.95036866
1341	0.95684999
1403	0.95015589
1408	0.96014787
1423	0.93414693
1425	0.94726683
1492	0.94738057
1528	0.95033521
1537	0.93413823
1540	0.94380838
1564	0.95353606
1568	0.94094741
1603	0.91831460
1670	0.93743142
1679	0.95064231
1699	0.93122575
1795	0.94382845
1821	0.95012913
1856	0.95023819
1925	0.94728021
1974	0.93442727
2006	0.94399572
2056	0.90267697
2066	0.94379232
2106	0.92467215
2151	0.92802489
2153	0.94996588
2161	0.93124047
2193	0.95039609
2214	0.93108792
2275	0.92798341
2314	0.94400174
2336	0.89915964
2369	0.93412017
2383	0.95030175
2482	0.92794928
2528	0.89621303
2555	0.92105179
2575	0.92137562
2697	0.91843369
2714	0.92457246
2770	0.94712699
2849	0.92156898
2898	0.89578951
3063	0.89256055
3069	0.91803626
3123	0.94070587
3152	0.89275927
3230	0.90845109
3236	0.90911682
3362	0.90862572
3426	0.87374481
3446	0.92152482
3479	0.90256724
3517	0.90870266
3536	0.89279740
3544	0.88596481
3548	0.88301485
3664	0.87673491
3680	0.87660244
3750	0.85108123
3853	0.88945069
3854	0.88621236
3872	0.88313663
3875	0.89575606
3878	0.89256925
3893	0.90877961
3907	0.91835809
3949	0.92477385
4046	0.89280008
4172	0.86384451
4187	0.88013515
4200	0.88320353
4277	0.85763415
4297	0.89591195
4411	0.89929546
4460	0.89588184
4518	0.91185869
4519	0.87677372
4566	0.87342031
4592	0.89605848
4627	0.86065770
4630	0.86379968
4715	0.87993711
4751	0.87023752
4921	0.87984344
4931	0.84462666
27	0.96026428
45	0.95966747
60	0.95989027
63	0.95969557
130	0.96010103
163	0.95998996
197	0.96011843
255	0.95976114
299	0.95983340
306	0.95978322
357	0.96009902
452	0.96007293
464	0.96023752
470	0.95994045
500	0.95662050
513	0.95993443
549	0.95682524
660	0.94100963
677	0.95697177
711	0.95370132
722	0.95974174
735	0.95362371
769	0.95672287
855	0.95670012
910	0.95988224
911	0.95971966
938	0.95982872
983	0.95003011
991	0.95661716
1081	0.95991637
1131	0.94392881
1142	0.91848923
1173	0.95668206
1188	0.95353205
1237	0.94731835
1279	0.94684531
1303	0.95648669
1330	0.94393684
1371	0.91825371
1381	0.96002342
1417	0.95066506
1464	0.95995584
1483	0.95021210
1572	0.94388198
1593	0.94074267
1604	0.94054463
1617	0.95027432
1671	0.95980128
1705	0.95009501
1709	0.95060418
1718	0.93071859
1725	0.93440452
1768	0.93749900
1803	0.94075405
1903	0.95351465
1952	0.93747357
2022	0.94058812
2088	0.93730095
2208	0.92150274
2226	0.92489161
2374	0.94726348
2449	0.95337348
2463	0.92796601
2634	0.93117222
2654	0.87662786
2683	0.93425398
2692	0.92143048
2750	0.88953165
2781	0.89276194
2860	0.94053794
2952	0.91186137
3125	0.90882377
3140	0.91187943
3198	0.89917035
3232	0.92141710
3276	0.91822628
3315	0.91503546
3384	0.88321625
3552	0.92139435
3671	0.87349993
3703	0.88295129
3804	0.87644119
3805	0.88323163
3908	0.91846514
3932	0.85410277
3959	0.87374147
4044	0.87988358
4072	0.88631005
4077	0.87052857
4129	0.88002476
4193	0.91207949
4343	0.87656831
4347	0.88636960
4421	0.88310518
4435	0.87963602
4643	0.82876087
4659	0.86727285
4687	0.92141175
4792	0.88598822
4799	0.86666533
4808	0.87035260
4868	0.86418640
86	0.95980798
96	0.95973638
146	0.95966814
162	0.96017797
181	0.95996655
226	0.95986552
254	0.95999732
259	0.95985548
293	0.95972568
303	0.95993644
377	0.95964539
427	0.95990432
445	0.95955105
451	0.95973973
615	0.96020674
639	0.95339221
643	0.96006958
645	0.95999398
668	0.95368861
809	0.95991235
902	0.95997190
904	0.95993978
919	0.93078483
968	0.95013047
1007	0.95698582
1018	0.95037468
1062	0.93742272
1104	0.94414225
1175	0.95992038
1205	0.95973705
1250	0.94373612
1328	0.92793657
1347	0.95024689
1590	0.95349057
1626	0.94404657
1667	0.93435702
1739	0.88970895
1746	0.94707280
1747	0.93762612
1760	0.92806035
1761	0.94736585
1800	0.94686672
1853	0.92469490
1859	0.88613877
1869	0.95680650
1897	0.95340091
1920	0.92140238
1928	0.93458852
1953	0.91482002
2159	0.94745149
2296	0.92170748
2312	0.93106851
2401	0.89567777
2414	0.93739061
2447	0.92134083
2462	0.91195035
2506	0.88946273
2646	0.92470828
2752	0.91846113
2885	0.94386123
2948	0.92454369
3010	0.91173023
3068	0.90535996
3099	0.90239462
3210	0.92140506
3216	0.91165262
3252	0.89913689
3279	0.89915964
3304	0.87058477
3573	0.94056604
3707	0.93425733
3761	0.92460993
3800	0.89255118
3995	0.91833333
4055	0.91497257
4060	0.88956778
4061	0.88302355
4104	0.85103238
4176	0.90514519
4206	0.86708082
4230	0.86412753
4269	0.90561220
4367	0.92137361
4430	0.87036063
4514	0.84759066
4601	0.84440318
4688	0.86058410
4711	0.87047103
4809	0.90209287
4892	0.89894487
4935	0.87996119
92	0.95964071
94	0.95944065
104	0.95958651
119	0.95990700
132	0.95989228
143	0.95987890
145	0.95993577
159	0.96031447
174	0.95977720
187	0.95984277
193	0.95977051
194	0.96006490
205	0.96005687
223	0.96000736
257	0.95975512
326	0.95981935
338	0.95991168
354	0.95985615
361	0.95692025
402	0.95663121
415	0.95666667
439	0.96011910
461	0.95973638
474	0.96001673
480	0.95965208
529	0.95991302
532	0.95990633
546	0.96001071
566	0.95364178
623	0.95985080
632	0.95345176
733	0.95653218
781	0.95983474
804	0.95660712
808	0.95991971
838	0.95669744
850	0.95971230
851	0.94688545
867	0.95978991
885	0.95342366
916	0.95329854
933	0.95652616
945	0.95674629
948	0.94068313
960	0.95391877
973	0.94999866
995	0.95351733
1003	0.94397765
1044	0.95677506
1160	0.95989161
1168	0.96014653
1333	0.95012311
1345	0.95956042
1349	0.95993309
1358	0.95663254
1415	0.94699117
1452	0.95359360
1475	0.94051117
1554	0.93429346
1563	0.92153820
1659	0.92796133
1680	0.94722468
1686	0.94731299
1696	0.94394219
1710	0.94722802
1720	0.92151010
1784	0.95380236
1911	0.94047103
1972	0.90882310
2013	0.94069249
2018	0.93126188
2035	0.92757862
2084	0.92151546
2092	0.94383982
2100	0.92447143
2101	0.93067911
2119	0.94715844
2123	0.93130470
2130	0.94700522
2199	0.92136157
2218	0.91200589
2289	0.93094942
2292	0.90551987
2294	0.93131406
2304	0.91206610
2318	0.94383715
2330	0.91847116
2371	0.91176703
2375	0.92486886
2376	0.93110933
2388	0.93742339
2417	0.90861635
2448	0.88976783
2450	0.91189281
2459	0.90871404
2531	0.87048709
2541	0.95009902
2572	0.88653820
2604	0.93751372
2687	0.90877292
2706	0.94693028
2800	0.89889067
2808	0.88644587
2918	0.90872207
2921	0.90210893
2930	0.93745149
2944	0.89585106
2997	0.92482738
3050	0.93442125
3065	0.91493577
3116	0.93742005
3148	0.90895223
3177	0.91524957
3203	0.89610531
3219	0.92772113
3238	0.88947745
3297	0.89910478
3324	0.84471297
3331	0.92453968
3389	0.86406664
3403	0.90553125
3422	0.94380637
3514	0.88638699
3519	0.87689081
3538	0.90551920
3623	0.88594407
3636	0.90266827
3666	0.92794393
3838	0.92120367
3851	0.89629533
3876	0.90250502
3996	0.89298809
4045	0.89575070
4062	0.88915362
4078	0.90874013
4137	0.92152014
4145	0.86400508
4151	0.88336946
4170	0.89616821
4305	0.87357688
4306	0.90563428
4395	0.89588586
4403	0.91513984
4412	0.87669878
4417	0.88655493
4455	0.88655828
4506	0.89281413
4541	0.90891744
4685	0.87686204
4704	0.85751706
4725	0.86744146
4775	0.88944199
4778	0.86382176
4791	0.88927740
4841	0.85750234
4874	0.87961595
4908	0.87340024
4930	0.88635220
4932	0.88613007
4960	0.87675967
69	0.95983072
122	0.95974977
161	0.95996922
185	0.95979326
213	0.95991703
237	0.96001004
241	0.95963000
301	0.95973237
324	0.95978590
385	0.95972501
389	0.95978188
504	0.95976047
543	0.95989964
576	0.95982604
580	0.95986752
586	0.95984678
747	0.95983206
777	0.95377358
788	0.95984277
857	0.95988960
1006	0.95973438
1045	0.94694835
1059	0.95684330
1068	0.95963067
1090	0.95684531
1096	0.94391610
1204	0.95029908
1298	0.95332664
1366	0.95655493
1418	0.94690285
1476	0.95983608
1570	0.96007627
1581	0.95367724
1609	0.95359360
1610	0.91174495
1733	0.95046300
1763	0.91503145
1854	0.94364914
2011	0.93762344
2046	0.91503814
2085	0.94397029
2118	0.94052121
2205	0.92776261
2302	0.93745952
2367	0.94414894
2413	0.93465810
2441	0.95005687
2524	0.92791115
2534	0.90859227
2544	0.91495852
2564	0.89889201
2567	0.93123244
2652	0.95031313
2658	0.93782149
2667	0.91188947
2771	0.93084103
2816	0.94371538
3166	0.93754316
3215	0.92156697
3282	0.87011174
3443	0.88609795
3509	0.91810384
3637	0.89573732
3944	0.89256523
3977	0.87668272
3980	0.87065302
4012	0.88645189
4053	0.86368661
4164	0.88328248
4258	0.87994447
4273	0.89587850
4423	0.90241603
4490	0.90872809
4548	0.90879366
4651	0.89584839
4694	0.88316540
4716	0.85439649
4740	0.88321892
4905	0.84131808
4909	0.86699117
4918	0.88284089
4980	0.86364512
75	0.95970360
114	0.95989964
116	0.96001071
196	0.95649605
212	0.95988826
215	0.95962666
217	0.95968353
224	0.96004014
288	0.96019671
308	0.95995651
327	0.95974441
344	0.95994714
394	0.96022280
396	0.96006356
399	0.96007025
419	0.95007494
463	0.95677104
468	0.96017530
489	0.95960190
494	0.95689950
507	0.96000401
526	0.96009233
542	0.95995651
577	0.95997391
590	0.95962933
634	0.95372809
673	0.95982604
730	0.95674495
842	0.95665797
887	0.94701459
906	0.95985816
943	0.94717048
1000	0.95997190
1005	0.95694902
1009	0.96014653
1052	0.95933360
1067	0.95664392
1109	0.95632343
1117	0.94406196
1128	0.95331928
1134	0.95355413
1166	0.95659909
1270	0.96035260
1282	0.94709287
1297	0.96000937
1336	0.95353138
1342	0.92155961
1359	0.95020541
1466	0.95988893
1509	0.95988291
1531	0.95358691
1634	0.95698180
1695	0.92158504
1766	0.92783688
1776	0.95358223
1840	0.93411615
1845	0.91814666
1849	0.93744815
1894	0.94395022
1950	0.93435167
1964	0.92792720
1987	0.91194969
2054	0.92468754
2070	0.94081159
2131	0.92779607
2166	0.91850529
2287	0.89292051
2307	0.91198113
2313	0.93753379
2358	0.93438311
2363	0.90555333
2396	0.91496788
2568	0.89911548
2569	0.90855078
2614	0.93432825
2627	0.91827245
2645	0.89910143
2656	0.91189549
2762	0.93114412
2763	0.90851198
2807	0.90548575
2842	0.92812191
2855	0.88016058
2913	0.88319550
2925	0.92156697
2953	0.90882443
2960	0.92468821
3011	0.90892881
3013	0.89263415
3042	0.91202328
3133	0.92482738
3336	0.88345042
3343	0.92475713
3360	0.94381908
3432	0.88631206
3472	0.88626522
3475	0.92146728
3533	0.90875418
3663	0.92108992
3737	0.89589121
3747	0.90880236
3776	0.88331058
3904	0.86090459
4079	0.92137963
4105	0.87999532
4173	0.89268232
4207	0.90223538
4223	0.89913020
4254	0.88984812
4255	0.89268500
4371	0.89907333
4419	0.89259267
4471	0.89291048
4543	0.88320755
4583	0.89899973
4788	0.85740466
4804	0.86704135
4812	0.86714974
4852	0.87678710
98	0.95958450
137	0.95998929
183	0.95975846
222	0.95976984
258	0.95974508
260	0.95981935
290	0.96016727
297	0.96011107
340	0.95982537
350	0.95944868
363	0.95981132
424	0.95989228
450	0.95991369
603	0.95993042
609	0.95967751
664	0.95354142
713	0.95998996
736	0.95007092
798	0.94672287
845	0.94390339
861	0.95957045
873	0.95985147
877	0.95377961
901	0.95986016
970	0.95340292
1031	0.95031447
1108	0.94090124
1150	0.95348053
1181	0.95016861
1184	0.93429145
1267	0.95680048
1301	0.95029707
1321	0.95668674
1361	0.92793858
1362	0.94388264
1370	0.93433628
1375	0.89903185
1384	0.95338820
1394	0.95995250
1413	0.92799277
1440	0.95981400
1447	0.94718386
1472	0.95009300
1519	0.95657701
1535	0.95681386
1560	0.94053593
1585	0.91524020
1608	0.95678777
1629	0.93735113
1644	0.95040145
1646	0.95961595
1666	0.92487221
1668	0.94373010
1741	0.94700254
1832	0.93413756
1848	0.95665596
1858	0.95025492
2033	0.91826375
2103	0.93438579
2107	0.90205741
2197	0.94359628
2327	0.94397297
2394	0.93744815
2465	0.90235046
2478	0.92816941
2481	0.91826576
2559	0.92142914
2563	0.90857888
2587	0.93424194
2617	0.87346447
2657	0.93762411
2695	0.93411214
2713	0.94990432
2720	0.91480128
2732	0.91834538
2739	0.90247491
2754	0.90548709
2782	0.92161113
2794	0.90879700
2820	0.87692025
2848	0.94702596
2947	0.90861769
3033	0.93761475
3113	0.92126723
3182	0.90217717
3269	0.94076141
3396	0.92163522
3413	0.92475846
3420	0.87684063
3525	0.89911883
3561	0.88001004
3669	0.88641911
3701	0.89275391
3753	0.90215375
3792	0.88609260
3920	0.90225746
3937	0.89912886
4054	0.90893952
4107	0.89005620
4157	0.88941857
4167	0.91841630
4171	0.87351867
4380	0.86706075
4424	0.85419109
4486	0.88295330
4527	0.86036398
4679	0.89294192
4820	0.88625719
4830	0.86383648
4884	0.86693764
4925	0.85752509
4955	0.86370735
118	0.96012980
142	0.95982270
353	0.95988893
383	0.95981132
392	0.95650743
444	0.95976917
447	0.96001940
701	0.96015723
703	0.95652014
727	0.95987689
766	0.95640773
813	0.95678041
853	0.95342968
921	0.93730630
1082	0.95338887
1118	0.95037067
1192	0.93740466
1201	0.95983942
1247	0.94369062
1310	0.94072126
1360	0.94719925
1401	0.94699318
1419	0.94698849
1556	0.95696775
1773	0.94054195
1863	0.94688612
1877	0.94715643
1932	0.93413890
1997	0.94725746
2232	0.92808644
2486	0.90878764
2538	0.94683327
2650	0.91210893
2769	0.90557474
2786	0.90866988
2915	0.92141175
2987	0.94690620
3047	0.91485347
3104	0.91510170
3142	0.92762344
3223	0.89618560
3250	0.90535729
3439	0.87654690
3560	0.91825572
3682	0.89893617
3934	0.87977586
4122	0.89940118
4135	0.89900174
4203	0.88962130
4425	0.88338418
4461	0.87996521
4482	0.88652683
4532	0.86062023
4858	0.89613877
4919	0.88956242
64	0.95997658
134	0.95998528
155	0.96002944
191	0.95970895
245	0.95984009
253	0.95985147
294	0.95965409
295	0.96016660
318	0.95982002
381	0.95983474
387	0.95974308
469	0.95688010
478	0.95681186
515	0.94061488
531	0.95970025
563	0.96033989
640	0.95671083
651	0.96001405
738	0.95655092
787	0.95656898
806	0.96009099
816	0.95987622
875	0.94724609
934	0.95943396
947	0.95678710
999	0.95961997
1025	0.95030443
1146	0.95989362
1149	0.94407132
1152	0.95340626
1195	0.95640773
1225	0.95043088
1242	0.94701057
1246	0.94377425
1252	0.93443998
1383	0.95976917
1627	0.95657567
1650	0.95017128
1690	0.94696842
1714	0.90893416
1729	0.95025425
1804	0.90524890
1850	0.95348321
1851	0.90558009
1971	0.94373010
2043	0.94076810
2045	0.89287970
2060	0.92822294
2077	0.91189817
2109	0.88308845
2127	0.94044427
2169	0.91207949
2192	0.92129065
2194	0.92460926
2227	0.92458718
2263	0.90881975
2264	0.93738994
2299	0.89918574
2356	0.91524689
2408	0.91534123
2418	0.94069115
2426	0.93403319
2429	0.93406597
2452	0.90597284
2477	0.93452563
2485	0.93429011
2492	0.94089656
2629	0.93105781
2632	0.92799077
2682	0.92164124
2751	0.90542219
2906	0.90209755
2998	0.92794594
3034	0.94382176
3115	0.94073264
3118	0.89309514
3187	0.88008363
3259	0.93120701
3283	0.93057273
3312	0.94051786
3344	0.91823832
3376	0.91520340
3381	0.84483005
3386	0.88639569
3466	0.84463937
3483	0.87990566
3522	0.91798809
3531	0.90547103
3586	0.90860832
3605	0.91520942
3610	0.87380102
3638	0.87669075
3648	0.87990031
3720	0.90541282
3757	0.88007494
3767	0.90873612
3807	0.87374415
3852	0.90544494
3922	0.91197846
4002	0.86706610
4016	0.89251037
4048	0.92150876
4052	0.90894018
4123	0.89252308
4143	0.89251773
4166	0.86390205
4180	0.89604443
4185	0.88946608
4265	0.87996387
4300	0.88316540
4338	0.86389402
4445	0.89574067
4474	0.87659173
4611	0.89583233
4642	0.86726348
4888	0.86057540
84	0.95988291
151	0.96005420
204	0.95988893
277	0.95968420
351	0.95987421
375	0.95972568
421	0.96014184
453	0.95981199
473	0.95999130
491	0.95986418
550	0.96002542
558	0.95364847
581	0.96023618
611	0.95651144
616	0.95991168
618	0.96016861
626	0.95684263
636	0.95973638
652	0.96009568
662	0.95989496
708	0.95645658
719	0.94693764
778	0.95660110
796	0.96032517
817	0.95668741
835	0.94718119
878	0.96001673
881	0.95985816
909	0.95990432
937	0.94385655
969	0.95352201
976	0.96007828
1012	0.95343905
1026	0.94735983
1037	0.95366787
1063	0.96007226
1086	0.96017396
1091	0.94734979
1132	0.93764954
1148	0.95669209
1161	0.95011976
1180	0.95009635
1207	0.95656296
1219	0.94398903
1232	0.95688479
1364	0.94095076
1365	0.95045029
1382	0.94707413
1421	0.94724943
1424	0.94053727
1427	0.96013181
1429	0.92790713
1437	0.94703934
1488	0.93110197
1538	0.90835006
1586	0.94043758
1596	0.93747223
1661	0.95050984
1692	0.94394487
1697	0.94658036
1727	0.94391744
1735	0.91841831
1742	0.90222936
1774	0.94361769
1805	0.95323498
1823	0.93429011
1861	0.95005353
1862	0.94714706
1880	0.94072795
1882	0.94084906
1887	0.94067309
1923	0.93138298
1940	0.94093135
1980	0.94704670
2030	0.94695370
2067	0.95646929
2074	0.92763080
2080	0.95018466
2133	0.93413823
2134	0.95647799
2142	0.93136625
2176	0.92140907
2182	0.93109728
2183	0.92767028
2206	0.93423123
2213	0.91843838
2262	0.95050114
2300	0.94726214
2311	0.91186538
2340	0.89570989
2344	0.91197912
2360	0.95680048
2368	0.95332664
2423	0.92781279
2467	0.90879500
2476	0.94366519
2504	0.92146929
2548	0.94383715
2626	0.91196307
2651	0.87976114
2663	0.93440586
2672	0.93450087
2691	0.87038673
2703	0.91820621
2729	0.93155426
2738	0.91500201
2801	0.93454101
2818	0.93759267
2840	0.91834538
2843	0.89913756
2922	0.90856885
2928	0.92782417
2969	0.89892547
2973	0.93100227
2974	0.95017864
3004	0.91825840
3007	0.93092868
3053	0.91501740
3083	0.89587716
3165	0.89607186
3194	0.92135822
3212	0.88644386
3229	0.93449686
3242	0.89602302
3292	0.87053392
3299	0.93408470
3302	0.90868058
3317	0.89257594
3407	0.92143985
3433	0.88946675
3437	0.87359963
3465	0.86721464
3471	0.91837816
3505	0.87342366
3524	0.91185468
3563	0.86711495
3569	0.88942393
3591	0.88947946
3609	0.88933695
3644	0.86377760
3668	0.89272247
3685	0.91523618
3692	0.88960658
3722	0.86095544
3734	0.91202997
3738	0.89927673
3739	0.90236585
3795	0.91201994
3816	0.93109996
3829	0.89906062
3913	0.88952629
3927	0.88307172
3939	0.90552656
3966	0.88005152
3968	0.86396293
4008	0.88333400
4013	0.91190553
4034	0.87343169
4043	0.87346982
4068	0.88666600
4075	0.89924194
4083	0.86693497
4093	0.90890272
4236	0.88300281
4272	0.87996788
4287	0.89589388
4325	0.87359561
4344	0.87048842
4483	0.89906530
4507	0.89568915
4512	0.88635688
4559	0.89587047
4621	0.86699920
4625	0.84475378
4626	0.88962331
4629	0.83807039
4650	0.89604710
4654	0.89288438
4667	0.89263415
4686	0.89586110
4721	0.87681186
4774	0.87681788
4801	0.88320153
4815	0.83509635
4821	0.91205339
4833	0.86386525
4835	0.86716780
4837	0.86726014
110	0.95963335
168	0.95994580
311	0.95978456
391	0.95999465
409	0.95983340
412	0.95959253
448	0.95985013
471	0.96002542
479	0.95984411
560	0.95667938
608	0.94735515
625	0.95999331
638	0.95991101
646	0.95980195
670	0.96006089
695	0.96012779
745	0.92138699
748	0.95672755
749	0.95684063
771	0.95377091
800	0.95975445
822	0.95983608
859	0.95352402
862	0.96003412
895	0.95353272
944	0.95646193
985	0.95952429
1051	0.95657500
1053	0.96004416
1065	0.95990767
1070	0.93737187
1073	0.95989897
1113	0.94071792
1135	0.95648334
1139	0.95668473
1147	0.95016392
1155	0.96008966
1164	0.95331728
1210	0.95019336
1212	0.95648401
1222	0.95344841
1255	0.95983139
1276	0.95666198
1300	0.95698916
1356	0.95324301
1481	0.95995049
1482	0.94693363
1503	0.92787502
1505	0.95680784
1506	0.91812525
1527	0.93754650
1529	0.94065636
1558	0.91836879
1576	0.93742540
1621	0.94724475
1635	0.94368125
1693	0.94376823
1713	0.94088452
1749	0.94727285
1764	0.93102569
1779	0.92163121
1841	0.92774388
1843	0.94399037
1878	0.93734109
1893	0.94723337
1914	0.95025492
1924	0.94717717
1927	0.93107253
1937	0.93432022
1967	0.93736384
1978	0.92794393
2008	0.94692092
2032	0.93441188
2037	0.88652282
2057	0.94396895
2081	0.92146661
2129	0.92809180
2137	0.93746019
2147	0.94383113
2187	0.93114546
2219	0.94710090
2228	0.94084237
2239	0.93431085
2271	0.91183527
2306	0.89594808
2338	0.89587783
2398	0.91201659
2428	0.91546835
2451	0.91199920
2490	0.91465543
2549	0.91495316
2557	0.93092868
2586	0.89915496
2588	0.94083166
2680	0.92801218
2700	0.88307106
2835	0.94081627
2914	0.90875887
2954	0.92485682
2965	0.89892480
3040	0.95042419
3046	0.90878964
3051	0.92471564
3058	0.89943129
3084	0.91827981
3136	0.92796200
3151	0.92454637
3161	0.87989830
3234	0.90867255
3237	0.91824970
3251	0.89558745
3337	0.89584906
3387	0.89896160
3401	0.91200388
3469	0.91523819
3497	0.87042219
3499	0.86079821
3529	0.90249097
3532	0.89566573
3539	0.90548040
3545	0.91191623
3550	0.89603372
3553	0.88627726
3580	0.93124314
3588	0.93415630
3647	0.92150007
3649	0.87038338
3711	0.88941590
3752	0.87057674
3924	0.86068714
3961	0.90523551
3965	0.94384518
3984	0.89265021
4020	0.87993778
4050	0.86717583
4065	0.86706410
4086	0.85414827
4155	0.93132678
4188	0.88627994
4201	0.88007494
4222	0.85761542
4227	0.87341697
4243	0.88948214
4244	0.91194299
4249	0.86370266
4250	0.87673291
4276	0.90189549
4282	0.90890339
4331	0.86695705
4360	0.88003546
4404	0.89906999
4406	0.89252241
4457	0.83885120
4501	0.84160444
4508	0.85445738
4515	0.85767831
4553	0.86377358
4567	0.88334270
4608	0.88317878
4623	0.87027633
4635	0.87990566
4678	0.86084638
4731	0.88311856
4761	0.88975913
4770	0.85456042
4907	0.89583032
4927	0.86065703
4966	0.85435167
4971	0.87677706
144	0.95996186
209	0.96001405
216	0.95960591
227	0.96017463
228	0.96008899
276	0.95658370
310	0.95991436
332	0.95949686
345	0.95997725
364	0.95990700
365	0.96001740
373	0.95985414
411	0.95959119
417	0.96009166
435	0.95986618
505	0.95980530
508	0.95998528
534	0.96006356
574	0.95976181
591	0.95999866
619	0.95993644
684	0.95978656
690	0.96005420
702	0.95972969
704	0.95334805
716	0.95661515
725	0.95681587
753	0.95683059
779	0.95666332
795	0.95977987
821	0.95007561
846	0.95005754
854	0.94716714
907	0.95685936
918	0.95353673
1049	0.94721732
1102	0.94405995
1111	0.95307373
1137	0.94082363
1145	0.95998528
1162	0.93459387
1193	0.95988224
1208	0.95666466
1317	0.94392011
1331	0.95348454
1352	0.95008029
1471	0.95069517
1480	0.94373277
1514	0.92511575
1545	0.94705406
1557	0.94384919
1574	0.93136090
1624	0.95357353
1652	0.94048709
1786	0.92127726
1793	0.95039609
1900	0.93754985
1910	0.94390138
1915	0.92459789
1956	0.94083300
1960	0.93755185
1977	0.93458384
2014	0.85450355
2047	0.94064031
2095	0.94048709
2132	0.91189616
2149	0.92162318
2178	0.94391944
2220	0.92178375
2225	0.94759200
2251	0.94050515
2258	0.94386726
2269	0.88320487
2297	0.95336210
2322	0.93085508
2339	0.92795464
2405	0.91846782
2455	0.91811455
2472	0.92447277
2475	0.90895758
2505	0.91511976
2537	0.90220327
2554	0.92125318
2556	0.90536264
2562	0.91184799
2571	0.93396695
2615	0.94421049
2664	0.89921584
2737	0.90544025
2756	0.89925398
2805	0.92465275
2878	0.90872876
2892	0.93104510
2992	0.93413087
3025	0.92810451
3070	0.87996454
3071	0.90851867
3074	0.91195638
3078	0.91846380
3087	0.87054530
3109	0.91525759
3129	0.88916366
3144	0.91841429
3171	0.89257460
3181	0.86706945
3184	0.89260806
3191	0.90230831
3255	0.89299344
3285	0.89280075
3287	0.88310050
3318	0.87048642
3321	0.92157166
3327	0.92476582
3339	0.93437040
3345	0.89610464
3374	0.90555266
3425	0.91794795
3435	0.90855480
3457	0.87652348
3487	0.89283153
3488	0.93424595
3555	0.88637763
3589	0.92135354
3608	0.89624381
3613	0.90565636
3622	0.87023150
3635	0.89577947
3686	0.92170614
3688	0.89577947
3709	0.88341630
3728	0.90888465
3740	0.86728556
3914	0.87998729
3953	0.89940787
3957	0.89267630
4070	0.88629065
4112	0.91215911
4131	0.89600161
4237	0.91521678
4284	0.88333266
4298	0.86400642
4497	0.87038472
4582	0.83814198
4607	0.85144654
4680	0.86397899
4719	0.87040881
4727	0.89257460
4739	0.89567108
4781	0.86095544
4818	0.85771444
4866	0.88675298
4876	0.87010906
4894	0.85759200
4914	0.85754650
4969	0.87691891
4981	0.85417035
160	0.95979593
207	0.96011240
250	0.95975579
292	0.95988291
322	0.95998193
333	0.96002609
362	0.96012846
395	0.96004550
440	0.95370601
477	0.95636960
488	0.95982403
490	0.95998260
547	0.96011040
551	0.95999264
556	0.95984344
561	0.95991971
622	0.95655828
629	0.95010170
658	0.95956109
728	0.95999665
758	0.95666265
801	0.95669142
837	0.95994781
892	0.95026495
905	0.96002676
908	0.95360364
922	0.95991770
925	0.95994179
927	0.95982336
1004	0.95687676
1013	0.94408939
1019	0.95376556
1084	0.95689081
1093	0.95670480
1105	0.95047504
1211	0.94681654
1316	0.95007627
1322	0.95036532
1354	0.94704938
1411	0.95316004
1412	0.94385053
1457	0.93698247
1478	0.94751974
1491	0.95009501
1524	0.92465074
1588	0.94726081
1605	0.94385053
1607	0.95357621
1614	0.94060284
1641	0.91506423
1701	0.94076676
1762	0.94408404
1801	0.91853473
1836	0.95008163
1860	0.95051050
1891	0.92117824
1892	0.94742071
1912	0.92465944
1989	0.93404590
1991	0.95354409
2052	0.91852201
2061	0.94370935
2099	0.93440385
2112	0.90234712
2120	0.94701592
2125	0.93096012
2158	0.92807708
2184	0.94689482
2212	0.94727887
2216	0.93468085
2234	0.92490967
2256	0.92771243
2260	0.93133949
2324	0.93779607
2343	0.93395156
2359	0.89926201
2387	0.92800950
2435	0.93449016
2470	0.92458651
2578	0.94395490
2649	0.93113609
2677	0.93120768
2718	0.93441924
2857	0.91849859
2873	0.92760136
2874	0.88289509
2903	0.90871538
2917	0.85460190
2920	0.89293055
2982	0.90237990
2993	0.90862906
2999	0.92169276
3009	0.90894487
3055	0.89577947
3079	0.91183594
3122	0.91822628
3126	0.90193497
3137	0.88640573
3264	0.92137160
3295	0.94389335
3341	0.92808979
3365	0.87692961
3379	0.91176034
3558	0.88942192
3596	0.87333266
3612	0.88295263
3626	0.90242607
3651	0.89958049
3652	0.91790513
3743	0.86699652
3745	0.89261073
3787	0.86394219
3803	0.91507828
3839	0.89597618
3844	0.84135555
3941	0.87360096
3954	0.88946809
3956	0.92763281
4037	0.89931420
4066	0.91529439
4076	0.85119965
4186	0.89265422
4214	0.86714773
4285	0.88984946
4301	0.86727084
4321	0.88330657
4336	0.87052589
4397	0.85725010
4434	0.87679847
4477	0.88633414
4517	0.87353138
4534	0.87974241
4640	0.88003747
4655	0.86400174
4698	0.89932892
4706	0.89620300
4898	0.88644253
4904	0.87981534
4934	0.85473036
4951	0.86413890
4972	0.88953700
214	0.95999799
231	0.95974709
282	0.95678509
358	0.95340827
372	0.96003546
438	0.95987957
539	0.95313596
548	0.95983808
579	0.95693162
610	0.95998996
676	0.96010638
820	0.95998127
858	0.96000602
894	0.95973839
1083	0.95981132
1100	0.95372876
1120	0.96014519
1176	0.95659307
1231	0.93424662
1240	0.95326107
1248	0.93415563
1257	0.95965543
1338	0.93431687
1348	0.94069851
1420	0.96013582
1430	0.94738525
1434	0.95349793
1446	0.95037937
1450	0.92768032
1468	0.95658036
1518	0.92787435
1521	0.95672019
1543	0.93423525
1551	0.92782350
1625	0.93389000
1630	0.94443865
1640	0.95042888
1707	0.95011910
1791	0.94063361
1806	0.95998394
1888	0.94082096
1889	0.95020273
1933	0.95032785
1948	0.94715844
1973	0.93751505
2097	0.90898769
2143	0.95687073
2175	0.94095945
2177	0.91831259
2266	0.95001873
2291	0.94718587
2407	0.92154423
2439	0.94078616
2440	0.90548374
2456	0.92491436
2499	0.94709755
2589	0.89903653
2655	0.94078215
2686	0.89590124
2778	0.92459521
2779	0.93115282
2791	0.95023551
3002	0.92480262
3008	0.92181386
3016	0.88312191
3062	0.90535996
3080	0.91804162
3081	0.92141309
3105	0.90541483
3135	0.92161916
3164	0.91825773
3211	0.86083634
3268	0.90226950
3281	0.88607855
3291	0.92822762
3314	0.88320353
3319	0.90231634
3323	0.88318012
3328	0.91511174
3346	0.89599492
3412	0.90549378
3444	0.89586712
3480	0.92456309
3527	0.88332196
3543	0.87021477
3564	0.92464004
3601	0.87367456
3693	0.88304898
3700	0.90215911
3712	0.92145725
3718	0.89919778
3774	0.86722133
3796	0.84151010
3823	0.89280610
3903	0.93109996
3973	0.86385990
4026	0.87672153
4067	0.88615951
4116	0.85437977
4154	0.88932423
4183	0.90886859
4191	0.88959922
4209	0.90548173
4279	0.87378429
4368	0.88297203
4374	0.86058678
4392	0.84135421
4399	0.89605982
4438	0.88296668
4453	0.90873545
4454	0.86710424
4468	0.87685735
4469	0.88648066
4520	0.88003948
4551	0.86060752
4634	0.87394754
4658	0.86391008
4683	0.87028904
4726	0.87641911
4766	0.85785294
4965	0.86713569
4979	0.83537468
244	0.95982604
280	0.95956978
379	0.96002944
413	0.95996454
429	0.95997190
446	0.96046300
458	0.96003078
460	0.95675632
523	0.95050448
598	0.95335407
605	0.95660444
693	0.95989295
705	0.95981734
807	0.95025090
833	0.95657032
864	0.94712231
920	0.90538606
935	0.95670547
953	0.94999866
1040	0.95986351
1253	0.95332865
1265	0.95328315
1286	0.94709086
1335	0.95653218
1372	0.95039877
1400	0.94992038
1515	0.93439382
1547	0.95348923
1578	0.94092265
1589	0.94382243
1616	0.94045965
1702	0.92144922
1740	0.94394554
1778	0.95363843
1867	0.93118828
1870	0.94381774
1957	0.91480530
1968	0.91198648
2004	0.94407400
2005	0.95027164
2012	0.95340961
2016	0.93117824
2044	0.92784357
2105	0.92788371
2122	0.94410411
2146	0.93712431
2150	0.92820822
2186	0.92813462
2245	0.91825639
2270	0.92473103
2317	0.94076341
2379	0.93117155
2415	0.93410812
2425	0.90564031
2464	0.91533119
2516	0.89569785
2518	0.94389201
2520	0.92168808
2565	0.92461595
2583	0.92143985
2590	0.93131005
2598	0.89905928
2613	0.94086913
2668	0.93138967
2685	0.93414961
2742	0.92110397
2764	0.89250502
2768	0.91843102
2789	0.91514051
2792	0.89258798
2829	0.93101766
2836	0.90247090
2837	0.84790914
2861	0.92776730
2864	0.93128061
2872	0.90214974
2946	0.92117958
2975	0.92485481
2983	0.88620166
3020	0.90873478
3049	0.92460792
3061	0.91196507
3132	0.91501338
3221	0.91496119
3290	0.89931687
3307	0.90908002
3309	0.83820822
3325	0.87987622
3358	0.87030777
3371	0.91502810
3373	0.89919510
3400	0.90540479
3402	0.91818480
3409	0.89250970
3419	0.91842366
3459	0.91184665
3498	0.91498260
3504	0.88614077
3592	0.91190017
3632	0.88952563
3689	0.86387930
3721	0.91821089
3723	0.90526094
3732	0.90882443
3802	0.89620634
3811	0.89919310
3843	0.88959922
3911	0.92164124
3952	0.89609929
3955	0.90218721
3985	0.88929546
4040	0.90584839
4047	0.85742005
4051	0.90242741
4120	0.87984210
4130	0.87660511
4208	0.89594473
4211	0.87346982
4217	0.89286097
4225	0.87330992
4264	0.88302489
4299	0.89276462
4303	0.89285829
4307	0.88645256
4319	0.89932156
4358	0.88302623
4437	0.90862773
4450	0.87688880
4558	0.89291449
4579	0.88627124
4617	0.87633949
4645	0.86725947
4699	0.88940854
4767	0.88959855
4785	0.86378161
4797	0.86736518
4832	0.89581761
4879	0.87979995
4956	0.85144119
182	0.95991971
492	0.95351599
499	0.95998595
568	0.95660377
642	0.95960324
654	0.96006089
674	0.95651813
720	0.95990232
729	0.95984277
740	0.95692025
746	0.96004750
799	0.95998996
827	0.95376756
831	0.95991703
1116	0.95667938
1119	0.95667202
1196	0.95999866
1393	0.95037870
1477	0.94062692
1566	0.94694433
1658	0.92130269
1678	0.93414693
1685	0.93430349
1828	0.92777466
1846	0.95366653
1913	0.94724675
1919	0.93741804
1947	0.95029640
1996	0.92155560
2019	0.91209755
2031	0.94065101
2036	0.92451091
2110	0.94393952
2195	0.93428074
2230	0.93762077
2283	0.93103506
2381	0.93737856
2385	0.93147263
2416	0.88015054
2432	0.92478456
2487	0.91861903
2653	0.92170748
2666	0.93421517
2702	0.91845176
2758	0.95020741
2852	0.92784892
2923	0.87026094
2988	0.90510772
2991	0.90577211
3060	0.90566305
3159	0.90567108
3170	0.92506089
3180	0.92814131
3227	0.93439315
3253	0.87989964
3388	0.86401512
3537	0.87996788
3542	0.93407333
3577	0.91526629
3629	0.92168139
3643	0.88649471
3662	0.89325438
3673	0.90893617
3760	0.92169075
3781	0.92448414
3885	0.88949619
3902	0.91813930
3943	0.89266493
3999	0.88957848
4006	0.90558410
4260	0.87995718
4266	0.89266760
4292	0.88654021
4311	0.87048107
4391	0.88309447
4405	0.87680249
4422	0.89569851
4702	0.90256590
4742	0.89283621
4760	0.85733641
4762	0.85748963
4869	0.87355614
4872	0.88940051
4887	0.88659909
165	0.96006289
428	0.95983340
528	0.95652215
641	0.95996588
686	0.96001673
882	0.93099492
1043	0.93745082
1126	0.95330992
1194	0.95335207
1198	0.94085173
1275	0.95700187
1378	0.95678041
1385	0.94690419
1388	0.94385187
1414	0.95669343
1512	0.93435367
1548	0.92790713
1567	0.93432490
1613	0.95016995
1628	0.91507494
1633	0.95037937
1672	0.92116887
1673	0.92479326
1676	0.94061354
1706	0.95032450
1711	0.95678175
1831	0.95053727
1837	0.90883514
1896	0.93765757
1975	0.94068045
2001	0.95332062
2094	0.93726616
2144	0.91822227
2160	0.92126455
2236	0.93425733
2288	0.94395357
2295	0.94059079
2345	0.91541817
2430	0.91833668
2444	0.93770574
2522	0.93764686
2539	0.93430483
2631	0.94404590
2755	0.91852268
2790	0.92803693
2841	0.91526763
2844	0.91822695
2880	0.92788773
2904	0.93415697
2957	0.89271711
3059	0.90565101
3072	0.89900241
3075	0.94684866
3100	0.89263281
3131	0.92494580
3176	0.89287368
3188	0.91813462
3199	0.90869932
3200	0.88966747
3201	0.92787970
3296	0.91191021
3390	0.89921250
3486	0.93117021
3489	0.89607587
3493	0.89280409
3633	0.90890539
3677	0.92470159
3834	0.90856149
3837	0.92163656
3991	0.88309715
3998	0.88320420
4039	0.86700923
4118	0.90218520
4192	0.88311120
4198	0.87348722
4219	0.88938713
4242	0.88011040
4290	0.90237923
4304	0.88938980
4318	0.89596748
4330	0.87982537
4333	0.90875485
4384	0.89588385
4389	0.87025559
4472	0.88632410
4484	0.86718185
4491	0.86713100
4498	0.88005687
4555	0.85409675
4581	0.87684932
4636	0.89574870
4648	0.84479326
4777	0.87682524
4895	0.88645658
4912	0.87960658
4959	0.87969691
272	0.95981534
562	0.96017463
593	0.95981534
628	0.95989964
924	0.95697377
967	0.93098153
1020	0.95675565
1038	0.95360364
1039	0.95987823
1057	0.95034324
1094	0.95670882
1124	0.95671685
1159	0.93740599
1170	0.95957179
1178	0.93431621
1243	0.94725612
1302	0.95319684
1442	0.95652884
1454	0.95951827
1467	0.91162987
1582	0.94403319
1647	0.92801352
1721	0.94090794
1802	0.94720059
1833	0.94102569
1999	0.94070922
2053	0.93732102
2059	0.94670681
2111	0.93753178
2140	0.94411615
2168	0.92155225
2198	0.93115349
2341	0.89913087
2378	0.93424997
2420	0.93122106
2625	0.91195437
2767	0.90863843
2826	0.93120500
2902	0.90861368
2910	0.93108925
2916	0.93428208
2978	0.94709421
3032	0.90533320
3038	0.93079152
3076	0.87330055
3085	0.87994781
3111	0.92161716
3150	0.91504416
3174	0.88637495
3192	0.91501004
3274	0.88301285
3361	0.89270909
3391	0.91849124
3416	0.91808042
3464	0.91193296
3470	0.87369597
3478	0.88646461
3583	0.90888064
3595	0.90850997
3656	0.93738325
3667	0.91541081
3900	0.86409073
3942	0.86728422
4035	0.88971698
4097	0.87023819
4133	0.85745350
4228	0.87681052
4302	0.87675565
4337	0.87649338
4339	0.89568580
4386	0.87336679
4550	0.88320755
4618	0.87040145
4649	0.86695638
4668	0.88310050
4722	0.86056738
4827	0.84805232
300	0.95992640
337	0.95973973
541	0.95009902
559	0.96002944
572	0.95985749
582	0.95995250
604	0.95998127
613	0.95971163
682	0.95651813
731	0.95673424
774	0.95995852
782	0.95637830
794	0.96021544
832	0.95959922
869	0.92798073
1344	0.92487622
1380	0.94690620
1463	0.95356684
1797	0.93754249
1847	0.92789442
1944	0.96017797
2021	0.92470828
2113	0.94699920
2126	0.89587047
2222	0.93406329
2280	0.92788305
2298	0.93425666
2316	0.92167001
2530	0.92785294
2665	0.92769771
2757	0.91509099
2806	0.90515255
2824	0.91186070
2834	0.91813194
2839	0.92818480
2856	0.88939783
2896	0.91204871
2905	0.92774990
3041	0.91840091
3095	0.91211829
3263	0.92786431
3303	0.86409474
3385	0.89929413
3429	0.89601699
3434	0.90884250
3562	0.93118895
3568	0.88968353
3575	0.90559213
3631	0.86077077
3679	0.90562692
3705	0.86401980
3713	0.88953633
3727	0.91201726
3827	0.93438713
3831	0.86094206
3846	0.87036197
3976	0.89901244
3992	0.88957246
4031	0.90229359
4049	0.88332397
4069	0.88959053
4231	0.88313194
4239	0.86706945
4310	0.90205741
4393	0.85441590
4427	0.89609661
4463	0.88303626
4480	0.85101298
4502	0.86708818
4549	0.86378094
4741	0.87974040
4756	0.86991436
482	0.96016392
681	0.95067710
775	0.95630470
780	0.95674696
783	0.95986953
987	0.95352670
1027	0.96004483
1054	0.95644922
1066	0.95671016
1098	0.96012378
1154	0.95357955
1163	0.94701994
1203	0.95677305
1233	0.95690620
1260	0.95666533
1263	0.94997190
1313	0.95333802
1485	0.94741269
1489	0.95658638
1496	0.93430282
1571	0.94036799
1602	0.93422387
1653	0.94737656
1663	0.93438512
1684	0.94400508
1698	0.93405125
1732	0.93762278
1770	0.94410745
1946	0.94058343
1979	0.94074334
2096	0.94402382
2138	0.95669611
2196	0.90893082
2309	0.92810986
2361	0.91839489
2365	0.89256523
2391	0.92782818
2498	0.90552389
2503	0.93448414
2570	0.87044494
2581	0.91828717
2609	0.86364713
2636	0.91502877
2859	0.88619631
2963	0.93762278
3052	0.91196374
3186	0.94070320
3260	0.89284223
3270	0.89896360
3300	0.87352803
3353	0.87996052
3375	0.88962532
3454	0.91523351
3571	0.88945939
3684	0.89262612
3696	0.87346916
3763	0.90237789
3773	0.88976716
3783	0.89933159
3882	0.85759601
4036	0.85760003
4081	0.89895758
4136	0.86418373
4235	0.90223605
4262	0.89580757
4286	0.91209153
4361	0.85741536
4420	0.87013315
4525	0.86097886
4606	0.90557072
4660	0.87364378
4682	0.90863509
4695	0.90559146
4744	0.87687676
4789	0.87662585
4819	0.87670347
4958	0.80628730
443	0.95992908
594	0.95970761
770	0.95686137
797	0.95982270
841	0.95644186
863	0.95644721
949	0.95982604
1050	0.94723337
1199	0.95977251
1223	0.94731299
1332	0.92791449
1337	0.94371136
1533	0.95659508
1682	0.94378094
1748	0.93106115
1753	0.92827713
1782	0.93104443
1787	0.94422187
1872	0.94421651
1998	0.94073130
2007	0.90236986
2048	0.94388198
2086	0.91826576
2154	0.95049712
2259	0.93764352
2328	0.92810384
2424	0.95689817
2547	0.92805500
2576	0.92490834
2596	0.91519069
2599	0.91177171
2601	0.88303158
2616	0.91181253
2662	0.91861234
2684	0.93753646
2734	0.95353673
2736	0.93418239
2748	0.94049177
2853	0.94080356
2867	0.95338619
2870	0.94389937
2909	0.91164459
2919	0.90552656
2959	0.90249967
2984	0.92801017
3101	0.94058544
3289	0.92471765
3567	0.90874682
3704	0.93439984
3775	0.89887796
3777	0.91816004
3841	0.89577546
3905	0.87683394
4071	0.88326308
4114	0.89575873
4169	0.90890339
4174	0.87692025
4268	0.90563094
4315	0.86405660
4363	0.90214104
4535	0.87973705
4587	0.88010103
4708	0.85786699
4717	0.87032517
4737	0.84815737
4870	0.88320487
262	0.95986953
569	0.96004884
596	0.96004349
663	0.95976716
773	0.95983474
956	0.95989496
1077	0.95032985
1107	0.95679781
1186	0.94063562
1239	0.95355145
1367	0.94719390
1379	0.90875284
1495	0.95035929
1573	0.95361702
1703	0.91192359
1781	0.94387328
1829	0.94388198
1959	0.95647799
1984	0.94064164
2017	0.94075338
2025	0.94085642
2082	0.94710090
2136	0.95057741
2244	0.94682925
2284	0.95943329
2301	0.94398769
2342	0.92790178
2468	0.93423725
2512	0.89930483
2726	0.92477185
2749	0.94029439
2821	0.85787368
2846	0.93120434
2854	0.91530108
3077	0.94383179
3114	0.91825639
3128	0.92466613
3220	0.88618159
3267	0.89259334
3423	0.91215509
3462	0.92185066
3515	0.89920514
3565	0.90256925
3654	0.87337013
3725	0.90573331
3754	0.89627860
3759	0.88963067
3822	0.90229894
3825	0.89291449
3840	0.93738458
3867	0.89582832
3971	0.92142312
4179	0.88912418
4246	0.87661983
4267	0.89594273
4283	0.89247357
4341	0.90221798
4522	0.87673291
4633	0.88948013
4745	0.87354944
4873	0.88015589
271	0.95983139
669	0.95623846
750	0.94696976
936	0.95053861
939	0.95678375
1238	0.95670681
1258	0.95342031
1555	0.94387528
1750	0.94707280
2010	0.92466412
2233	0.94711896
2238	0.94409809
2250	0.93445403
2526	0.88939315
2542	0.90551920
2648	0.93727017
2659	0.90578215
2670	0.89912886
2895	0.91185735
2912	0.94045029
2939	0.93414024
2961	0.93471631
3162	0.87984277
3427	0.88337147
3786	0.91211026
3793	0.90561153
3945	0.86400174
4014	0.89298876
4073	0.86727954
4175	0.88952295
4202	0.86394152
4346	0.89890673
4646	0.87007895
4822	0.90209822
4843	0.88624180
4953	0.88954971
265	0.95994714
520	0.95642045
601	0.96008163
840	0.96021009
997	0.95316606
1029	0.96002542
1079	0.95347652
1224	0.95371671
1268	0.93735180
1287	0.94069383
1320	0.93734243
1391	0.96002275
1473	0.95701392
1539	0.94692158
1580	0.94709354
1756	0.93097618
1820	0.95017664
1883	0.95336478
1886	0.93449552
1904	0.95045229
2064	0.94727553
2241	0.93749297
2277	0.90215375
2630	0.93435635
2813	0.88959722
2838	0.92500468
2882	0.92804764
2888	0.92154623
2893	0.92794192
2899	0.94068647
2938	0.91500602
3014	0.89599826
3036	0.91850395
3202	0.91497993
3277	0.89600562
3333	0.91190084
3392	0.92483541
3448	0.89584705
3502	0.86382644
3628	0.86402181
3678	0.88637361
3690	0.89901512
3708	0.90251840
3710	0.93755988
3772	0.90237923
3780	0.87968018
3812	0.87367122
3862	0.87670347
3898	0.86398836
3981	0.89927740
4115	0.92159574
4119	0.87335675
4121	0.81915630
4161	0.87985147
4205	0.88317476
4289	0.90205473
4400	0.90887462
4516	0.88322026
4598	0.91182055
4612	0.88628596
4637	0.88960993
4661	0.85082564
4662	0.88634484
4748	0.85771243
512	0.95644654
612	0.95659441
814	0.95994714
880	0.95991637
981	0.95657701
1318	0.95990365
1683	0.92793858
1865	0.94067309
2042	0.91829988
2062	0.93420313
2108	0.93457781
2347	0.93110130
2678	0.92159441
2744	0.93762880
2833	0.87969490
2883	0.91815268
2891	0.85436705
2934	0.88958317
2990	0.91515255
3256	0.91174227
3441	0.86725211
3540	0.86378764
3541	0.89569049
3579	0.89273585
3794	0.91166198
3975	0.88290847
4000	0.85768098
4074	0.88656229
4218	0.90227084
4259	0.89897364
4350	0.90545430
4364	0.87689415
4743	0.86709421
4813	0.88332464
4854	0.88008765
484	0.95332129
537	0.95964204
826	0.95364780
915	0.95042687
964	0.95682724
1304	0.95673893
1392	0.94077412
1406	0.93094741
1497	0.94716111
1549	0.95038472
1559	0.94089723
1675	0.94687341
1817	0.96003814
1899	0.93772046
1917	0.93080891
1936	0.94701793
1941	0.93083835
1986	0.92140238
2285	0.93404389
2446	0.91851064
2489	0.92795597
2535	0.92475713
2611	0.92779941
2760	0.92469959
2822	0.89585307
2876	0.85132544
3045	0.91819149
3056	0.88308979
3066	0.93440787
3147	0.92792118
3476	0.89251773
3620	0.88938913
3621	0.91515589
3899	0.90245149
4181	0.87341964
4245	0.86717048
4312	0.90221464
4365	0.87344841
4487	0.88639168
4732	0.87975846
4849	0.86719925
4915	0.83850796
4939	0.87643115
467	0.96000937
498	0.96011040
544	0.96002877
587	0.95996320
599	0.96031647
790	0.95999130
828	0.94704403
870	0.95993309
917	0.95981199
959	0.95980798
963	0.95996588
979	0.95979392
980	0.95998662
1001	0.96014318
1092	0.94707614
1167	0.94387796
1197	0.94693965
1214	0.95330858
1510	0.94034123
1731	0.92797069
1734	0.95046902
1819	0.92795731
1864	0.93747759
2078	0.94739462
2249	0.92775191
2252	0.92468553
2532	0.95333936
2624	0.94124783
2746	0.93145992
2804	0.92795464
2823	0.91827914
2931	0.91858491
3037	0.85736920
3039	0.91815134
3516	0.90246220
3547	0.90231433
3615	0.89969022
3634	0.93139904
3770	0.91198648
3814	0.91846581
3897	0.90237522
3970	0.91506891
3972	0.88315335
4018	0.89916098
4271	0.90534123
4429	0.87321223
4470	0.86697444
4554	0.91187207
4595	0.87348454
4768	0.84455774
4850	0.87998863
4875	0.86721263
4937	0.86369062
4973	0.87323832
584	0.94988960
893	0.94686404
1074	0.93161046
1101	0.95664860
1284	0.93442928
1453	0.92761274
1520	0.94393952
1544	0.95666867
1783	0.94392413
1951	0.94685468
1981	0.93418172
2009	0.93133414
2141	0.95046969
2210	0.94389067
2509	0.95026228
2551	0.91796066
2795	0.93414492
2908	0.87345444
3160	0.88290245
3190	0.92491235
3244	0.87026228
3326	0.91801887
3338	0.90560083
3364	0.86405727
3440	0.86050716
3530	0.88627258
3534	0.83838619
3549	0.88342232
3602	0.91211829
3858	0.88924729
4160	0.89292118
4197	0.85726883
4308	0.88964472
4309	0.87029239
4314	0.88331125
4349	0.89626589
4504	0.85121303
4538	0.87032249
4652	0.88937575
4671	0.88634819
4730	0.85725545
4786	0.87680851
4880	0.85742205
595	0.95029172
988	0.95974508
989	0.96020139
1314	0.94041550
1355	0.94402850
1546	0.94061555
1785	0.94708082
2334	0.89915763
2373	0.90539141
2458	0.91508564
2491	0.91495651
2495	0.91836813
2605	0.88982671
2635	0.93443530
2639	0.92783019
2831	0.92131741
2981	0.90225813
3145	0.89918774
3265	0.92127660
3398	0.92793523
3408	0.91195236
3604	0.87991302
3687	0.88649338
3798	0.88318279
4103	0.88313930
4503	0.86397698
4817	0.86398903
4851	0.88606316
683	0.95033588
700	0.95980798
767	0.95660511
810	0.95643784
958	0.95324234
1157	0.95038472
1217	0.93424997
1262	0.95999732
1443	0.93106450
1890	0.94406731
1988	0.94053994
2434	0.92450957
2633	0.90853941
2679	0.91208952
2783	0.88653754
2877	0.91813596
2937	0.94432223
2980	0.92798073
3029	0.91842299
3054	0.93125853
3098	0.89597150
3102	0.89581895
3173	0.89300616
3209	0.89272046
3235	0.90560016
3316	0.91486819
3410	0.87337749
3431	0.91522013
3484	0.93728088
3526	0.90559213
3551	0.92154958
3557	0.89904255
3848	0.86406530
4019	0.89569182
4082	0.84790981
4138	0.92146059
4204	0.88307775
4431	0.90873076
4544	0.90235849
4800	0.86388264
4890	0.88325438
4911	0.89282216
4947	0.87004081
432	0.95666800
763	0.96002476
876	0.95368928
1272	0.95661515
1669	0.94383648
1744	0.94381908
1902	0.93417971
2038	0.90246487
2058	0.91218654
2209	0.89920581
2410	0.95996320
2442	0.93748227
2466	0.94729359
2724	0.93421049
3043	0.88975713
3092	0.88326977
3495	0.90249967
3512	0.88629132
3625	0.88966412
3655	0.92156898
3665	0.87028770
3714	0.90897631
3717	0.90226147
3749	0.91512110
3756	0.90189482
3940	0.89912753
4063	0.88293122
4440	0.86722735
4499	0.84785829
4560	0.85750100
4584	0.87369330
4950	0.86377425
343	0.95999532
406	0.95659307
414	0.95985213
752	0.95332129
1069	0.95998528
1174	0.94387662
1191	0.94726750
1350	0.95986083
1439	0.93732905
1728	0.95328851
1769	0.95642914
1934	0.92812057
1966	0.93131072
2257	0.94697043
2351	0.93416232
2422	0.92468620
2577	0.91813328
2638	0.91846715
2951	0.92479727
3436	0.89906062
3599	0.87656430
3698	0.88289107
3742	0.91833936
4009	0.85746554
4251	0.87326040
4335	0.87988626
4476	0.87049712
4757	0.90854543
4806	0.87374348
4900	0.87348187
627	0.96001606
647	0.95677640
931	0.96008163
1187	0.95017664
2040	0.95675632
2090	0.93110933
2268	0.93436170
2279	0.92147665
2543	0.91504817
2618	0.92176970
2696	0.91208484
2759	0.90547705
2776	0.92773585
2884	0.90568781
2979	0.91199184
3154	0.90220594
3330	0.93406463
3590	0.90564432
3670	0.87346782
3785	0.90574067
3993	0.88628128
4007	0.83211361
4088	0.85745216
4342	0.84788305
4345	0.87675231
4456	0.87336478
4523	0.86397498
4641	0.88338284
4647	0.89590058
4963	0.88628329
570	0.96008163
890	0.95321022
1121	0.95971096
1245	0.95354878
1399	0.95650074
1404	0.95693764
1474	0.95969490
1584	0.94728088
1881	0.93442995
1885	0.94692359
1930	0.93767496
2089	0.92497458
2164	0.93396895
2331	0.89892814
2335	0.92479995
2457	0.94713502
2469	0.90560284
2550	0.93402248
2676	0.95656831
2735	0.92127660
2796	0.89914559
2851	0.87953232
2858	0.92789576
3086	0.90875686
3107	0.90836210
3204	0.93750569
3450	0.87366252
3719	0.89565302
3881	0.87018667
4100	0.90222468
4189	0.88966814
4278	0.87667871
4329	0.89284357
4351	0.87037201
4426	0.90261542
4780	0.88645056
624	0.95668139
772	0.96008430
1200	0.95362706
1280	0.94369196
1688	0.94721732
1755	0.95017396
1961	0.93125117
2050	0.95040747
2310	0.91194902
2433	0.93429279
2701	0.90897297
2709	0.92804229
2753	0.92456176
2935	0.90524287
2936	0.91874682
2966	0.86712900
3301	0.92157969
3354	0.92162585
3598	0.93120032
3659	0.85734979
3660	0.91828449
3828	0.92477720
4095	0.88006222
4146	0.86990633
4150	0.87069651
4481	0.87658370
4530	0.90238726
4834	0.86100897
4949	0.87374950
4977	0.87666265
984	0.95641443
1014	0.95013984
1656	0.95022548
2098	0.92442794
2115	0.92151077
2253	0.94071792
2346	0.94704536
3196	0.90860565
3233	0.91843704
3257	0.87679781
3762	0.90216580
3894	0.90894955
4027	0.87037937
4409	0.89576676
4540	0.85389134
4665	0.89595544
4861	0.86065703
4871	0.86726549
567	0.95667536
871	0.94723672
1115	0.95035327
1459	0.94401244
1600	0.93417637
1752	0.91833066
1834	0.93418841
1898	0.94344574
1945	0.94076408
2242	0.94082564
2546	0.88629265
2574	0.91834002
2606	0.93729694
2621	0.93735180
2866	0.93123377
2932	0.88623311
3027	0.88301552
3736	0.88627793
3830	0.89591596
3874	0.90874147
3928	0.86379566
4127	0.85113408
4148	0.87676502
4610	0.86089121
4700	0.89925800
4720	0.87341897
4899	0.86428208
430	0.95964472
565	0.95987890
1028	0.95357487
1469	0.95981534
1508	0.91819885
2029	0.94049244
2091	0.93752777
2255	0.90539007
2329	0.94694099
2377	0.92464071
2443	0.91817811
2513	0.88298809
2600	0.88981935
3090	0.92165262
3449	0.89922521
4064	0.88288840
4247	0.87674762
4576	0.90863509
4631	0.88338686
4755	0.85439047
675	0.96021879
874	0.95987087
1185	0.94716111
1254	0.92767229
1648	0.95371939
2215	0.93440452
2221	0.94696441
2354	0.91827646
2502	0.90573331
2593	0.93713167
2675	0.92149538
2704	0.92767296
2797	0.88639502
2828	0.91513114
3088	0.91189415
3178	0.88308377
3185	0.91838552
3271	0.90543423
3477	0.86716981
4355	0.87371604
4500	0.87020139
4733	0.87064164
4754	0.88647799
4924	0.86084170
1213	0.95976248
1277	0.94386458
1292	0.95666600
1368	0.95991770
1484	0.93450555
1612	0.95047237
1929	0.93426870
2162	0.91493978
2321	0.93720527
2785	0.90555466
2871	0.93432423
2950	0.95340760
2958	0.94088050
3197	0.92467884
3305	0.89607453
3460	0.89890941
3490	0.91830055
3674	0.88974241
3758	0.89586110
4085	0.90552322
4091	0.86393082
4383	0.87997524
4467	0.86382979
4561	0.86691356
4825	0.88009233
1754	0.95958852
2049	0.94070721
2248	0.93444801
2286	0.94377827
2560	0.91475244
2561	0.90853807
2827	0.93449016
3097	0.91835809
3134	0.92139235
3156	0.94070587
3280	0.90223873
3377	0.93448615
3417	0.93439449
3453	0.90565235
3695	0.86687341
3706	0.93426803
3755	0.91191958
3791	0.93091931
4224	0.87683193
4628	0.87360230
614	0.95647531
742	0.95988291
898	0.95653954
1058	0.95359293
1218	0.95356082
1844	0.94688612
2333	0.94378094
2372	0.93112605
2488	0.95037736
2784	0.90854075
2815	0.93762947
2945	0.93111468
3172	0.90572996
3835	0.90246019
4195	0.87674829
4952	0.85444935
4970	0.87662585
1061	0.95314532
1722	0.95352803
2552	0.92165864
2608	0.95018132
2688	0.94079754
2719	0.87371604
3730	0.89250903
3850	0.88328048
3856	0.90548441
4256	0.88656497
4408	0.90569517
4524	0.87671685
4569	0.87677907
4710	0.88323096
4878	0.87350930
4967	0.87698314
697	0.96006022
1620	0.94393416
1995	0.94041884
3035	0.93099625
3249	0.90843236
3606	0.90531380
4003	0.87657634
4357	0.85775994
4564	0.89903386
992	0.94719791
1307	0.95664927
1386	0.95334605
1445	0.94688144
1780	0.95661849
1938	0.91825371
1983	0.93431018
2163	0.93111067
2273	0.95013515
2619	0.90543022
2728	0.91186538
2897	0.91196775
3155	0.91198247
3329	0.85769771
3372	0.87039007
3584	0.89897698
3672	0.89900442
3813	0.90557540
3863	0.91826442
3983	0.89280276
4021	0.88633414
4323	0.87373879
4401	0.88308711
4439	0.86072260
4458	0.91529105
4563	0.91200388
4881	0.84484477
4910	0.87336010
977	0.95978523
1432	0.94384317
1493	0.91512779
1871	0.95984344
1909	0.93106048
2041	0.95006155
2104	0.92484411
2254	0.93396160
2355	0.94707882
2395	0.92441389
2765	0.89892212
3349	0.89599625
3501	0.88976114
3751	0.92173157
3906	0.89270039
3946	0.89911682
4493	0.88948147
4577	0.89570454
1312	0.95996722
1398	0.95024087
1523	0.93134016
1757	0.92484143
1815	0.94066038
1931	0.94720193
2261	0.94384384
2326	0.95670012
2716	0.90849525
3226	0.88653419
3261	0.92464004
3294	0.86072327
3334	0.89903252
3411	0.93408069
3616	0.90857219
3918	0.88294460
4238	0.88640773
4294	0.90236585
4638	0.86066841
4656	0.85115081
1736	0.93436170
1771	0.95312993
1949	0.95335675
2079	0.92756925
2305	0.94060886
3225	0.89257527
4334	0.88641576
4609	0.86053392
4917	0.83849993
4948	0.86396360
1369	0.95052054
2847	0.91518466
2970	0.92468018
3205	0.88966145
3266	0.88276060
3650	0.90871738
3855	0.88016259
3884	0.89897230
3950	0.87662585
4124	0.89598555
4432	0.89257862
4653	0.90862304
4929	0.89594139
1827	0.93452429
2179	0.95023551
2200	0.91195370
2323	0.94686672
2402	0.92796802
3021	0.93103974
3149	0.92157500
3258	0.92480798
3414	0.91522615
3508	0.90863040
3607	0.88626656
3866	0.91827579
3930	0.89263014
4248	0.85128262
4531	0.91192359
4557	0.88943329
4562	0.87668206
4670	0.88641242
4814	0.87665596
4863	0.87656095
4978	0.87659641
1030	0.93782216
1319	0.95026094
1504	0.94691824
1759	0.92788974
1792	0.93736920
2063	0.89954369
2337	0.91188746
2382	0.93100830
2693	0.90892814
2725	0.95044025
2772	0.92154891
3006	0.91507025
3405	0.88979727
3415	0.91538271
3578	0.87353339
3641	0.91179914
3883	0.88645056
3892	0.90857955
3964	0.90262880
4221	0.87045029
4291	0.88619831
4396	0.91198113
4533	0.90530309
4573	0.87688412
4586	0.87043155
4672	0.89268299
4709	0.88328248
4793	0.86405995
4855	0.89250636
1024	0.96007694
1290	0.93737656
1397	0.95372742
2028	0.92791048
2319	0.91827178
3001	0.94046501
4094	0.88641509
4736	0.86355814
4816	0.86065770
4916	0.87969223
993	0.95359026
1597	0.95669945
2121	0.94056671
2348	0.91520139
2350	0.90253379
2595	0.93757862
3031	0.90254583
3119	0.91539877
3218	0.89287301
3451	0.88644186
3724	0.90252108
4220	0.88286833
1405	0.95376689
1583	0.95352536
1689	0.90225211
2637	0.92771845
2681	0.93132410
2689	0.89901378
3048	0.91803091
3675	0.88675833
3806	0.90228824
4779	0.87042553
4864	0.84782350
519	0.95997458
994	0.95684130
1251	0.95684263
1377	0.95360297
2386	0.94414492
2996	0.90883246
3139	0.92465007
3506	0.89584504
3614	0.88340827
3619	0.89585508
4149	0.90243008
4366	0.88611067
4485	0.87660645
4556	0.87980195
4796	0.86082029
1598	0.93139837
2389	0.95009568
2527	0.94416031
2956	0.90243075
3246	0.93457915
3456	0.87658103
3987	0.85115148
4028	0.88320554
4089	0.89573866
4163	0.89896226
4436	0.86379500
4831	0.87653687
4845	0.84471497
1346	0.95051385
2869	0.88969624
3026	0.92485481
3093	0.92493175
3286	0.88932892
3521	0.88615817
3715	0.90544895
4674	0.90223940
4913	0.86080356
653	0.95988024
2170	0.91816004
2229	0.91517597
2362	0.89918306
2620	0.92502275
2715	0.91519470
2971	0.92464204
3887	0.89569115
3921	0.89275525
4263	0.88632945
4696	0.84779004
4701	0.88325706
4862	0.86060284
1542	0.93419644
1907	0.94404255
2217	0.94373812
3247	0.91844373
3896	0.86724140
4589	0.86067510
4853	0.89612940
4901	0.85104710
621	0.95655828
1141	0.95349391
1516	0.92831928
1824	0.93126589
2390	0.93085039
2421	0.94406196
2603	0.93073464
3168	0.92761140
3322	0.87045564
3627	0.89912351
3788	0.87045163
3974	0.89598421
4022	0.90882310
4375	0.88022615
4552	0.87945939
2068	0.91831794
2694	0.92473438
2773	0.89266627
3214	0.90869263
3340	0.90241001
3769	0.91191958
3891	0.86033186
3926	0.87360029
4190	0.91836277
4296	0.89596213
4529	0.89563964
4594	0.87997993
4697	0.87337883
1789	0.90877425
2207	0.91831125
2766	0.91169878
2927	0.92469490
4488	0.86065904
2964	0.94381641
2967	0.88973772
3141	0.88664459
3382	0.92165730
4280	0.87687007
4591	0.91829185
4783	0.88004951
2145	0.94716513
3278	0.90870400
3293	0.92752777
3871	0.89584638
4025	0.91523351
4676	0.88000335
4976	0.86999665
650	0.95373745
1087	0.95009434
1374	0.94062692
1857	0.93759869
1963	0.94700254
2412	0.90885120
2798	0.94056804
2926	0.92491101
2929	0.92485080
3082	0.88942995
3554	0.90550850
4639	0.84153285
4946	0.89258330
784	0.95683661
1536	0.95016192
2403	0.93111802
4080	0.88332798
4229	0.86095611
4975	0.83827379
3447	0.89898100
4194	0.86049445
4462	0.85080690
4941	0.85119430
2093	0.94077278
2282	0.91849993
2514	0.93104978
4568	0.85776127
1448	0.93774589
1451	0.91827847
1942	0.95695638
4295	0.88628329
4449	0.87709621
4657	0.86745684
679	0.95684799
3461	0.91497926
3986	0.90555533
4109	0.88627793
4234	0.89275325
4703	0.85120500
4707	0.86418373
4802	0.85763281
1183	0.95673424
2436	0.90893885
2802	0.92474977
2814	0.91838887
3363	0.90869999
3933	0.92138900
3978	0.90883648
4340	0.86395892
4415	0.83850395
4596	0.87993978
4681	0.83865917
4735	0.85443798
4902	0.85428074
1807	0.90871604
3335	0.93433092
3359	0.93106383
3458	0.90245149
4352	0.84477586
1642	0.90896628
2995	0.89617757
3120	0.90854543
3404	0.86421250
3817	0.90208818
3870	0.90909541
4288	0.88626857
3224	0.91526094
3397	0.90873745
4602	0.90888867
1772	0.93765155
2461	0.93740867
4865	0.85413622
1136	0.95666131
2597	0.93410745
3523	0.90246621
3559	0.93106316
3820	0.91520608
4398	0.91826308
4447	0.91201793
1553	0.90210959
1874	0.94397899
2515	0.92173826
3231	0.88948682
3273	0.90548842
4182	0.87029105
4379	0.88644320
4619	0.89902716
4764	0.86717985
1035	0.95033052
1636	0.93755252
3163	0.88619698
4142	0.89938780
4376	0.92484344
4580	0.88017597
1866	0.92794728
3127	0.92139235
3572	0.90541951
3778	0.92478523
4803	0.88949953
4938	0.87370400
4961	0.89610799
3428	0.91496320
3570	0.88964204
3741	0.88642580
4886	0.87034257
694	0.95661113
2427	0.89895758
3108	0.86376957
3768	0.88290780
3815	0.91495718
4108	0.91835809
1730	0.92797003
3556	0.88954101
4968	0.87042352
2325	0.89886458
4593	0.86094607
3594	0.89228958
4465	0.86733039
1681	0.95998193
1765	0.94427673
2745	0.90884585
2940	0.90528770
3639	0.90523953
4038	0.89909608
4106	0.89917369
4177	0.89932290
2265	0.91826442
2612	0.90898033
4677	0.85758865
4790	0.89272581
4842	0.87050984
1221	0.95980597
1812	0.94084170
2188	0.91224073
2525	0.91848388
3496	0.89573732
4042	0.87688813
4728	0.85765891
4954	0.88316673
1530	0.92772782
2357	0.91522615
2479	0.94416767
3421	0.92133347
3744	0.85115884
3979	0.88334270
4714	0.84474843
2900	0.94418172
3352	0.95332865
3824	0.91508497
3342	0.93769637
4585	0.89259200
1215	0.92787836
3430	0.89596681
3593	0.86733039
4857	0.88297270
1876	0.93417637
3731	0.87676703
4811	0.87027767
3879	0.89940720
4510	0.86709956
2155	0.90560150
2484	0.95650274
2777	0.94393952
4113	0.90547237
4509	0.85775592
4669	0.87346916
2202	0.91853539
2972	0.88971631
4275	0.86379366
990	0.94744748
1826	0.94395959
3395	0.89899170
3491	0.92133280
4749	0.89267764
4940	0.88277131
4111	0.87981266
4128	0.88960725
4526	0.90576007
4933	0.83209287
3089	0.90868995
3771	0.89914693
2370	0.94715041
2879	0.90219457
3503	0.89585775
4382	0.88006691
4666	0.85730764
1293	0.95997123
2585	0.91187876
3507	0.88309715
4324	0.89900575
3275	0.90220728
3916	0.87687609
2660	0.89275124
3067	0.94071591
4478	0.90563361
4829	0.84458116
4885	0.86064633
4897	0.87067175
2139	0.91817409
2641	0.90571123
1842	0.95336077
1901	0.94073063
2723	0.89559280
3369	0.90221531
3958	0.91818145
4575	0.90222133
4664	0.86718319
4724	0.87346982
3094	0.92766024
3146	0.90873879
3915	0.86075472
1918	0.89280008
3357	0.89286966
3640	0.88947143
4753	0.88295464
2573	0.93424796
4030	0.89913890
4354	0.87037067
2887	0.92475846
3383	0.92771176
4632	0.86747826
4673	0.90268433
2027	0.94720929
2628	0.95022815
4622	0.89257594
2708	0.90586913
2717	0.93445805
4441	0.83842031
1962	0.95345845
3691	0.89291717
3929	0.87983942
4763	0.87031513
4798	0.86723672
2480	0.93106718
3217	0.89297203
3581	0.89911013
3818	0.87355614
4178	0.89280945
4378	0.85132343
4370	0.86707748
2076	0.92791717
2171	0.93123578
2364	0.94102569
4489	0.87968286
1078	0.94729961
2591	0.93425130
3320	0.90558477
3630	0.85752308
4605	0.88944467
4936	0.85427071
2890	0.90248829
3699	0.87667871
3748	0.86401378
4784	0.85420581
4974	0.89912284
2114	0.90222133
4241	0.84161782
2278	0.95007561
4451	0.91523217
4906	0.88025692
4570	0.89940452
4381	0.86713836
1490	0.93423993
2508	0.95050181
3864	0.89922923
2810	0.93755118
3836	0.87047638
1486	0.95377626
2787	0.90559012
4017	0.90862906
4769	0.88302154
4132	0.86425331
4316	0.88012445
4776	0.88937977
2437	0.93083701
3003	0.91530175
3350	0.89234377
4270	0.90872006
1500	0.92483273
1526	0.95326643
2875	0.87036398
4158	0.91519136
2579	0.90533788
4923	0.86398367
2157	0.95025893
4496	0.88001405
4442	0.85088117
4705	0.88963000
4826	0.88639837
3960	0.87373745
4957	0.88311388
4603	0.86384049
4162	0.89611869
4713	0.89285695
4372	0.86737321
4928	0.84491168
2204	0.91511374
3370	0.91170949
3833	0.88941523
3520	0.87686806
1835	0.93751505
2640	0.94698916
4844	0.89593403
3716	0.89268968
4448	0.87659842
3143	0.91866252
3157	0.92802221
3826	0.86074870
4099	0.87311722
4010	0.90586578
4943	0.88648066
3368	0.86722735
4883	0.87988157
3467	0.88961930
4747	0.86077278
3356	0.89601499
4729	0.89584906
4882	0.85418373
4860	0.88952629
3228	0.88654824
4565	0.90208618
2949	0.89915027
3442	0.87342299
4537	0.88621839
2793	0.94724006
2943	0.93136558
1402	0.94068982
3938	0.87671283
4513	0.89282417
4590	0.89567242
4139	0.91205138
2830	0.93411414
4746	0.87363977
3969	0.89247558
1716	0.94093470
2536	0.88308243
4824	0.84474977
2392	0.87978656
4199	0.88313261
3810	0.85105580
4005	0.90861568
4926	0.89563228
3175	0.93114345
2156	0.95364445
3018	0.92132678
4615	0.90543356
2167	0.95668674
2553	0.92754449
3243	0.91181319
3288	0.90564766
3784	0.92491235
3455	0.87013114
3208	0.86719657
4771	0.87663990
4388	0.87673826
4274	0.88002810
3895	0.88950154
4616	0.87031714
4362	0.86722200
4847	0.90229961
4511	0.88023351
3683	0.91164659
3869	0.87358491
4141	0.91497725
4675	0.87993109
4546	0.87370868
3239	0.89296802
2955	0.90560551
3888	0.88655292
3492	0.92837549
4838	0.85771109
3585	0.86701124
3847	0.89918908
4390	0.89271845
3311	0.89260739
4394	0.90872943
1606	0.94753646
4098	0.88007293
4356	0.87343369
4773	0.88012378
3642	0.89589589
4410	0.88635019
4528	0.88638833
3308	0.88614144
3681	0.87659039
4414	0.91846916
3799	0.91837950
3990	0.89927272
1639	0.92453299
3424	0.88314800
4600	0.89258932
3587	0.86723605
4877	0.89605379
3910	0.89899505
3106	0.90235247
4787	0.86670882
4446	0.88618092
2788	0.91477586
4475	0.86391075
3948	0.89288171
3886	0.89284357
4539	0.84130001
4134	0.87324100
4691	0.91522146
4846	0.87635019
