0	0.95983363
1	0.95941204
2	0.95951159
3	0.95967863
4	0.95984833
5	0.95995523
6	0.95946081
7	0.95956103
8	0.95990112
9	0.95967662
10	0.95987506
11	0.95960112
12	0.95947418
13	0.95960647
14	0.95957573
15	0.95957440
16	0.95968063
17	0.95946081
18	0.95954834
19	0.95985234
20	0.95941070
21	0.95945480
22	0.95960112
23	0.95979087
24	0.95944611
25	0.95990045
26	0.95935191
27	0.95935993
28	0.95956103
31	0.95981960
33	0.95966393
35	0.95973675
36	0.95976415
39	0.95972005
41	0.95957039
43	0.95980490
46	0.95946750
50	0.95948420
56	0.95982628
57	0.95938531
58	0.95962584
63	0.95984165
67	0.95971738
69	0.95956705
70	0.95964522
75	0.95950692
76	0.95925970
79	0.95980290
80	0.95932719
81	0.95959845
83	0.95967595
84	0.95936861
86	0.95973208
93	0.95959511
98	0.95956237
107	0.95954433
109	0.95977684
113	0.95958308
119	0.95941738
123	0.95977751
127	0.95977951
128	0.95992717
131	0.95958108
134	0.95957707
136	0.95942607
144	0.95955836
148	0.95978686
149	0.95978486
150	0.95958576
165	0.95949088
167	0.95951894
178	0.95982294
179	0.95981092
184	0.95944211
198	0.95971404
204	0.95968932
213	0.95945213
216	0.95939066
225	0.95965056
235	0.95960045
242	0.95946750
245	0.95645219
248	0.95948620
268	0.96004209
282	0.95967261
286	0.95995724
289	0.95951360
296	0.95967061
297	0.95665664
312	0.95963653
313	0.96008552
320	0.95961983
329	0.95948353
340	0.95977951
356	0.95959444
361	0.95933454
373	0.95995991
376	0.95965591
378	0.95964322
383	0.95967261
385	0.95927106
388	0.95951026
397	0.95963453
408	0.95987038
409	0.95990178
413	0.95941338
415	0.95639340
429	0.95986036
430	0.95944745
457	0.95974878
459	0.95996526
465	0.95958041
480	0.95626311
485	0.95955034
486	0.95952963
499	0.95341685
500	0.95324447
505	0.95968731
507	0.95328189
508	0.95324313
534	0.95956371
584	0.95944344
586	0.95965524
593	0.95344825
616	0.95302666
628	0.94996927
633	0.95977283
695	0.95960513
727	0.95967863
728	0.95666266
730	0.95327186
750	0.95965791
775	0.95005679
790	0.95960847
794	0.95979355
813	0.94986905
816	0.95630186
831	0.94390259
832	0.93719917
837	0.95314559
858	0.95956437
864	0.95332665
868	0.93401350
869	0.94697134
889	0.94993185
913	0.95957974
920	0.93429010
923	0.95654974
931	0.94019510
945	0.95294314
957	0.93734215
975	0.94049308
982	0.95965324
1009	0.93426004
1030	0.95984900
1034	0.95317098
1058	0.95947618
1065	0.95630721
1080	0.95640409
1089	0.94017772
1091	0.94975747
1092	0.95311753
1095	0.94033206
1097	0.94985836
1106	0.94692524
1110	0.95006681
1125	0.95019042
1154	0.94702679
1182	0.94990446
1197	0.95339347
1221	0.95330728
1230	0.95348366
1244	0.95960513
1281	0.94655576
1285	0.94321775
1288	0.95661188
1296	0.91790138
1304	0.94707757
1307	0.94062270
1341	0.95941872
1376	0.94045166
1443	0.95005278
1451	0.95655442
1452	0.93714038
1485	0.90844591
1507	0.93062204
1522	0.92791809
1526	0.95657847
1548	0.93742367
1578	0.95334469
1590	0.93697668
1612	0.95631790
1615	0.95623505
1624	0.93404490
1668	0.95339413
1698	0.94988842
1712	0.93402953
1822	0.95663393
1844	0.95300728
1888	0.92133093
1892	0.94666533
1893	0.95322109
1923	0.92769894
1939	0.93745507
1972	0.94354313
1993	0.94345360
2021	0.92736554
2023	0.92455402
2042	0.94371217
2063	0.92774838
2100	0.93715908
2123	0.95640409
2126	0.94075433
2134	0.95641612
2153	0.89880069
2184	0.90838912
2198	0.90859157
2230	0.92748781
2258	0.94675018
2306	0.90811585
2321	0.94996993
2328	0.93412508
2329	0.91790539
2383	0.92472840
2392	0.92768624
2398	0.94058529
2495	0.90205385
2518	0.94991181
2560	0.94399546
2564	0.91806909
2580	0.91796085
2639	0.91811920
2681	0.94024187
2695	0.92430681
2762	0.89233380
2771	0.93404022
2799	0.91147992
2811	0.92764816
2821	0.89243937
2868	0.89573662
2883	0.88295584
2895	0.88005546
2910	0.92130688
2952	0.89592771
2958	0.91788602
2995	0.93688247
3064	0.93087459
3075	0.90530835
3113	0.93088060
3122	0.92123338
3202	0.91167903
3240	0.92430213
3252	0.92118193
3254	0.93694127
3273	0.92433821
3310	0.93716109
3320	0.92442039
3358	0.90822610
3360	0.94331329
3364	0.93732612
3378	0.93078640
3422	0.87952562
3433	0.93390125
3437	0.87654707
3446	0.92116924
3449	0.92125075
3458	0.94036614
3473	0.93428944
3474	0.87655709
3517	0.90192156
3525	0.90183871
3550	0.90526425
3583	0.89258302
3618	0.87664863
3697	0.89258769
3699	0.88926104
3723	0.89862097
3750	0.88304336
3807	0.90539320
3809	0.88961248
3836	0.87933654
3962	0.88614819
3991	0.87968130
4009	0.84461816
4027	0.89874658
4038	0.91504176
4041	0.87325115
4044	0.89253625
4057	0.90852275
4122	0.89261575
4132	0.89895103
4148	0.88919222
4220	0.89570722
4229	0.86694662
4254	0.85117525
4256	0.89579675
4321	0.87649629
4392	0.87938131
4395	0.85426004
4402	0.89553217
4428	0.90520545
4500	0.88592103
4525	0.90530233
4529	0.89858355
4533	0.89581479
4546	0.89575132
4559	0.89237857
4580	0.86701677
4602	0.84451326
4621	0.86075366
4637	0.86693192
4641	0.86367943
4645	0.89900114
4650	0.88585020
4655	0.87668070
4704	0.87973675
4716	0.88955970
4719	0.88280350
4728	0.86660720
4782	0.87990446
4814	0.89252556
4820	0.87003742
4835	0.89897842
4899	0.86659050
4939	0.87334269
4941	0.85733948
4974	0.88284158
4978	0.87632926
29	0.95972339
40	0.95960380
44	0.95926171
47	0.95963186
48	0.95951627
62	0.95965858
71	0.95962384
88	0.95968531
89	0.95981493
91	0.95947351
94	0.95959845
95	0.95978820
124	0.95968464
132	0.95997728
139	0.95945881
143	0.95949422
146	0.95961449
162	0.95944211
181	0.95950758
187	0.95961783
211	0.95931449
212	0.95980424
219	0.95982161
222	0.95965791
223	0.95943542
231	0.95950090
237	0.95958041
247	0.95935592
274	0.95946616
293	0.95955235
307	0.95945614
316	0.95936126
318	0.95972139
324	0.95937596
326	0.95952963
354	0.95959444
363	0.95650231
364	0.95959177
369	0.95989510
380	0.95979154
387	0.95943877
391	0.95980290
426	0.95650631
479	0.94984566
481	0.95021247
496	0.95971805
532	0.95943275
539	0.95989644
562	0.95982495
573	0.95977751
576	0.95618294
594	0.95619162
595	0.95976615
605	0.95993452
609	0.95966192
627	0.95986437
644	0.95962117
653	0.95964789
665	0.95634997
669	0.95628917
710	0.95962718
732	0.95966660
742	0.95629184
766	0.95646756
779	0.95943676
785	0.95977417
789	0.95952763
796	0.95641344
818	0.95353043
829	0.95655776
836	0.95941070
852	0.94997996
863	0.95957373
881	0.94975012
904	0.95637736
910	0.95959578
983	0.93737222
984	0.95951894
1010	0.95297454
1052	0.94991114
1059	0.92725864
1066	0.94982896
1077	0.95961114
1083	0.95637736
1094	0.94368277
1155	0.94031603
1189	0.95316630
1214	0.95006748
1215	0.94643816
1217	0.94655375
1259	0.94990512
1299	0.94983965
1347	0.92432886
1357	0.94676221
1364	0.94368277
1377	0.95332799
1390	0.92458609
1397	0.94995256
1406	0.95313022
1417	0.93701477
1418	0.95984833
1454	0.95975413
1477	0.95334603
1484	0.95646756
1489	0.94370682
1508	0.95337743
1529	0.94029398
1549	0.92748647
1561	0.93426204
1572	0.95954700
1574	0.93705819
1583	0.94345493
1588	0.90216677
1591	0.94695463
1599	0.91467295
1628	0.91510657
1651	0.95017438
1691	0.95031202
1694	0.92731877
1710	0.93409300
1734	0.93410303
1751	0.88606334
1803	0.92795817
1836	0.93721521
1862	0.94021046
1877	0.94704750
1887	0.90171845
1894	0.93394802
1901	0.95315828
1914	0.94699940
1922	0.94033206
1933	0.93695463
1987	0.94687245
1996	0.92446917
2002	0.92781787
2027	0.94027728
2045	0.93380504
2068	0.95620498
2086	0.94986971
2096	0.92761342
2175	0.91796886
2220	0.91816129
2260	0.91487472
2308	0.93098817
2322	0.93394334
2334	0.91796085
2337	0.94999933
2343	0.94032538
2412	0.93099218
2426	0.95037950
2443	0.94062204
2466	0.93384780
2479	0.95302332
2482	0.91775038
2486	0.92111245
2494	0.92450057
2521	0.94344224
2561	0.94664061
2563	0.95325182
2645	0.88588428
2648	0.95024387
2653	0.93403020
2656	0.93090800
2662	0.91153271
2713	0.91471771
2733	0.92153337
2750	0.92766019
2760	0.88905058
2764	0.94043563
2784	0.93732411
2850	0.93092470
2854	0.90811920
2858	0.89559498
2881	0.92112514
2892	0.90539854
2936	0.92121066
2940	0.90844525
2965	0.88603728
2972	0.91146389
2985	0.92767088
3020	0.89585421
3041	0.90858021
3081	0.90833968
3094	0.92112314
3138	0.90232044
3151	0.93733681
3181	0.88633460
3219	0.92455736
3239	0.92768357
3245	0.90804637
3251	0.91813857
3277	0.92776308
3313	0.89905659
3318	0.87651901
3326	0.89577604
3444	0.91511993
3489	0.87677691
3584	0.94381306
3599	0.90551213
3603	0.91472439
3631	0.90166834
3662	0.92128616
3663	0.89545868
3691	0.87344024
3732	0.90532304
3739	0.92752856
3740	0.89561101
3813	0.88260373
3815	0.89557226
3858	0.90880404
3880	0.91487472
3893	0.87005813
3940	0.92154674
3968	0.87009554
4012	0.88907329
4028	0.93716309
4040	0.87315828
4059	0.89565043
4064	0.90197835
4089	0.90199238
4096	0.90825015
4156	0.91193492
4172	0.90188548
4174	0.88942607
4239	0.86350772
4328	0.89913610
4383	0.87948086
4485	0.87361061
4513	0.86380036
4555	0.88300060
4594	0.86702612
4596	0.87927841
4624	0.90212735
4737	0.86377096
4872	0.85401149
4921	0.85732812
4929	0.85694862
38	0.95950224
49	0.95982495
61	0.95959110
64	0.95986704
87	0.95962651
111	0.95973341
118	0.95958843
126	0.95958576
138	0.95963453
147	0.95936928
156	0.95978820
164	0.95948019
166	0.95953565
173	0.95942006
183	0.95967061
185	0.95961382
205	0.95973609
238	0.95961649
249	0.95971137
263	0.95953230
276	0.95964990
299	0.95970936
305	0.95951627
309	0.95968598
349	0.95947284
353	0.95973876
381	0.95945213
414	0.95971871
440	0.95954233
462	0.95967462
464	0.95959310
476	0.95344758
629	0.95945413
638	0.95306541
645	0.91196499
672	0.95942273
698	0.95630988
731	0.94028129
754	0.95952963
763	0.95947084
776	0.95649963
784	0.95640743
909	0.95330928
973	0.95617960
1003	0.95926973
1081	0.94971604
1149	0.95634730
1207	0.95657847
1216	0.95958843
1265	0.94996392
1282	0.93081980
1326	0.94036681
1438	0.92124607
1498	0.95626445
1510	0.95340616
1592	0.94674417
1638	0.95331797
1810	0.94375426
1965	0.87959177
1976	0.90811652
1989	0.94678025
2017	0.93736754
2026	0.91168237
2035	0.94370415
2084	0.92458876
2218	0.94358388
2297	0.94660921
2498	0.94050578
2499	0.92762277
2761	0.90516403
2766	0.94033540
2818	0.87965123
2838	0.88584352
2908	0.89273401
2932	0.93736086
2957	0.90217144
2988	0.86063339
2991	0.91811051
3040	0.89558495
3059	0.89547271
3104	0.87931382
3177	0.93081245
3242	0.87345427
3340	0.89559965
3462	0.90531970
3468	0.89895637
3488	0.92425870
3498	0.87963319
3765	0.90196900
3771	0.88598984
3777	0.88919690
3799	0.89268858
3806	0.92116590
3868	0.86670876
3884	0.92759270
3916	0.87332732
3973	0.91474577
3975	0.92422396
4078	0.88911405
4251	0.87659852
4292	0.89891361
4303	0.91498229
4405	0.92428409
4422	0.86677557
4451	0.90858355
4545	0.85416316
4592	0.86686510
4685	0.87017906
4756	0.87028863
4776	0.90229572
4809	0.86683905
4813	0.86658515
4866	0.86062805
4985	0.87299258
30	0.95963386
32	0.95967529
37	0.95966994
60	0.95971604
68	0.95977283
82	0.95982161
97	0.95956838
101	0.95957106
102	0.95936126
103	0.95974678
114	0.95981760
130	0.95954099
145	0.95966660
151	0.95962250
152	0.95968865
153	0.95961783
171	0.95948888
180	0.95952830
196	0.95965858
200	0.95994922
215	0.95970067
232	0.95980891
244	0.95941404
265	0.95948420
277	0.95989844
280	0.95943476
285	0.95963720
341	0.95980424
394	0.95957707
398	0.95946081
469	0.95980891
528	0.95636935
535	0.95968998
536	0.95943943
546	0.95956905
549	0.95972206
550	0.95976548
552	0.95906995
560	0.95937997
564	0.95990913
570	0.95989644
598	0.95963587
642	0.95338077
673	0.95976749
697	0.95971537
703	0.94675954
733	0.95924901
769	0.95944812
771	0.95660052
777	0.95969533
798	0.95969466
815	0.95650297
929	0.95274471
937	0.95955703
985	0.94687847
995	0.95959377
1013	0.95626244
1033	0.95972807
1050	0.95938598
1057	0.95994254
1069	0.95946616
1105	0.94035344
1115	0.94058462
1163	0.95638338
1201	0.93410904
1209	0.95976749
1254	0.95006481
1260	0.95019977
1323	0.95295383
1336	0.95016102
1350	0.95332932
1404	0.94668938
1474	0.91474377
1520	0.95659718
1532	0.95632725
1554	0.95617024
1595	0.95318434
1609	0.95320438
1619	0.93057660
1662	0.95957774
1664	0.94987372
1717	0.94674551
1721	0.88925102
1797	0.95294181
1805	0.94665397
1811	0.94360259
1849	0.90529298
1870	0.94057861
1875	0.94067949
1942	0.94359324
1995	0.92465157
2022	0.93093740
2087	0.93102158
2173	0.92796486
2236	0.91821140
2240	0.94676555
2242	0.93713236
2272	0.91179328
2296	0.91814793
2342	0.91485000
2391	0.91495891
2420	0.94056257
2421	0.91472306
2465	0.91183671
2470	0.93706955
2474	0.94688448
2496	0.90858622
2559	0.92747979
2583	0.94992183
2591	0.94029532
2602	0.92732278
2797	0.92123338
2830	0.92451326
2859	0.92761008
2949	0.91793078
3021	0.89575733
3032	0.92122403
3130	0.93390927
3153	0.90173181
3194	0.88896439
3243	0.88926037
3248	0.90232244
3255	0.91165564
3257	0.89886016
3266	0.88298457
3272	0.93386851
3289	0.90195029
3353	0.94057126
3390	0.89252823
3405	0.88308011
3420	0.90194094
3513	0.87628717
3540	0.87976081
3553	0.87990913
3558	0.87990245
3619	0.91819469
3703	0.90510857
3782	0.88253491
3800	0.90194094
3828	0.88925770
3970	0.89570054
3983	0.89269794
4101	0.89908666
4150	0.90826485
4154	0.89225563
4283	0.84161221
4347	0.86684439
4361	0.87323512
4380	0.84128616
4464	0.88284960
4476	0.87963520
4526	0.87316162
4554	0.85405158
4614	0.86682769
4660	0.89258636
4669	0.87941137
4725	0.83173047
4781	0.87324581
4791	0.86377564
4819	0.86348700
4821	0.87323645
4848	0.87329325
4906	0.87664529
4968	0.86659384
4977	0.87672747
34	0.95988842
52	0.95963386
53	0.95998330
73	0.95980023
74	0.95944946
120	0.95952429
154	0.95948821
161	0.95950023
168	0.95943943
172	0.95964990
189	0.95989978
197	0.95952495
202	0.96009888
207	0.95967929
217	0.95931449
240	0.95952495
258	0.95976415
259	0.95991515
270	0.95938932
292	0.95969466
303	0.95982562
328	0.95977951
334	0.95971070
342	0.95947217
370	0.95961114
404	0.95952295
412	0.95940402
460	0.95966192
463	0.95607269
473	0.95976482
494	0.95643883
497	0.95949155
551	0.94985568
604	0.95632258
621	0.95974344
643	0.95989176
713	0.95657246
773	0.95953498
901	0.94678760
927	0.94062270
972	0.95648761
992	0.95331663
1014	0.95972406
1038	0.95985635
1055	0.95010156
1093	0.95637269
1104	0.95631322
1111	0.92740028
1118	0.95631656
1122	0.95989043
1156	0.95319169
1172	0.93725529
1177	0.95944211
1241	0.95947017
1246	0.95328990
1291	0.93386584
1334	0.93719516
1342	0.95010490
1349	0.94657647
1355	0.91182000
1375	0.94010557
1462	0.95678025
1469	0.93409902
1491	0.94698871
1528	0.92099285
1577	0.94666867
1736	0.88290573
1779	0.91500100
1804	0.95626645
1815	0.94376295
1834	0.93081045
1902	0.94021581
1907	0.89290639
1936	0.92440770
1984	0.95012361
2046	0.94701944
2140	0.94996125
2164	0.95307811
2188	0.94677023
2191	0.93084452
2215	0.89576201
2250	0.95619229
2266	0.93068551
2309	0.91168437
2349	0.94020712
2396	0.94366874
2417	0.95650565
2423	0.92124273
2508	0.92120398
2522	0.91143382
2584	0.88598717
2588	0.93731743
2729	0.91798624
2738	0.89607470
2774	0.91798156
2808	0.89554687
2832	0.89884078
2843	0.92456805
2912	0.93383043
2986	0.91821340
3030	0.90825015
3120	0.90197568
3296	0.90850471
3399	0.89257032
3413	0.88304203
3479	0.91820806
3493	0.90546803
3531	0.88930848
3674	0.89867442
3675	0.89238391
3686	0.88936661
3704	0.90539186
3752	0.92085722
3811	0.87332799
4029	0.83493152
4093	0.91778045
4109	0.88925904
4140	0.86698336
4171	0.88283424
4191	0.87010156
4197	0.90548540
4206	0.88287766
4275	0.89523886
4293	0.90186276
4385	0.86679762
4389	0.88312621
4397	0.90576602
4432	0.90221888
4437	0.86704884
4474	0.88908465
4496	0.88905993
4618	0.89261175
4639	0.87941137
4657	0.88587092
4672	0.88586223
4856	0.88313556
4938	0.88931850
45	0.95957172
51	0.95967729
54	0.95963520
59	0.95988308
66	0.95949957
85	0.95985368
96	0.95961716
100	0.95962317
125	0.95960179
135	0.95967996
137	0.95939266
169	0.95957707
199	0.96007483
208	0.95938131
228	0.95989310
233	0.95960714
234	0.95969333
255	0.95971671
278	0.95992450
283	0.95972673
294	0.95952095
315	0.95948821
327	0.95968130
351	0.95968932
357	0.95963854
374	0.95970669
377	0.95969800
379	0.95930247
401	0.95945079
403	0.95948420
418	0.95958910
419	0.95597448
447	0.95957707
451	0.95953164
472	0.95960513
489	0.95964522
495	0.95632993
524	0.95957907
591	0.95956237
603	0.95011292
606	0.95939534
610	0.95963119
620	0.95960313
623	0.95968397
670	0.94994588
717	0.95958375
772	0.95979087
812	0.95945346
844	0.95952295
853	0.95289303
861	0.95975346
876	0.95948553
900	0.93073562
946	0.94703949
961	0.95294715
996	0.95992784
1000	0.95970268
1032	0.95961048
1054	0.95017772
1061	0.94674150
1067	0.95967996
1087	0.95312020
1116	0.95326051
1121	0.94041424
1135	0.95644752
1142	0.95947284
1178	0.95967863
1179	0.95958175
1180	0.95645754
1183	0.95964054
1185	0.95957507
1253	0.94365604
1290	0.94668337
1302	0.92447384
1374	0.94074230
1407	0.93412374
1415	0.94673615
1421	0.94982829
1425	0.93074030
1475	0.92808445
1487	0.94698871
1490	0.95307142
1519	0.94377631
1538	0.94971137
1605	0.94031736
1633	0.95948219
1648	0.92790205
1652	0.95630253
1658	0.94365604
1659	0.94352642
1756	0.93761943
1847	0.94003808
1848	0.91787466
1855	0.93418988
1858	0.94675018
1881	0.93424601
1897	0.95335739
1945	0.94990913
1971	0.95627514
2019	0.91486203
2041	0.94367208
2058	0.94028797
2071	0.93425202
2090	0.93074364
2143	0.92763279
2176	0.90529765
2232	0.92751453
2237	0.94691120
2245	0.94998731
2251	0.90846061
2263	0.93734082
2317	0.94364869
2323	0.92755529
2347	0.95005612
2348	0.95013496
2359	0.94045433
2375	0.93098483
2395	0.92465624
2432	0.93703681
2449	0.90845260
2469	0.90840182
2490	0.93714238
2502	0.92734750
2509	0.93741832
2555	0.94042493
2625	0.90198036
2652	0.90898443
2664	0.91181132
2666	0.92110243
2679	0.93716376
2682	0.90832431
2694	0.92123138
2702	0.89880871
2704	0.89549609
2749	0.90860560
2829	0.94704350
2831	0.88617425
2840	0.93407697
2845	0.89888622
2867	0.92759204
2871	0.92743569
2889	0.93718581
2906	0.93400748
2974	0.93385515
3087	0.92115989
3092	0.92465357
3103	0.90869847
3132	0.90562036
3154	0.93093472
3160	0.89228703
3163	0.92118728
3196	0.90840983
3268	0.91477450
3279	0.93078038
3291	0.91497094
3338	0.92128683
3397	0.91156344
3438	0.91480257
3461	0.92419523
3506	0.91167034
3536	0.90171778
3557	0.89241999
3573	0.91832097
3576	0.88292978
3581	0.86699205
3641	0.88930981
3656	0.88298857
3685	0.87322910
3696	0.85409167
3716	0.86388588
3720	0.90212067
3722	0.90505646
3796	0.90516403
3830	0.86047037
3838	0.86039821
3847	0.86989377
3923	0.86052716
3949	0.89250084
3993	0.93099619
4017	0.89570856
4031	0.91177257
4054	0.89564642
4169	0.91486737
4186	0.85404156
4207	0.87952295
4216	0.89263714
4276	0.87310216
4316	0.86350772
4329	0.89280150
4350	0.92123271
4358	0.89867776
4376	0.87969466
4379	0.88607603
4423	0.85424200
4493	0.89242333
4516	0.88306942
4551	0.87622369
4553	0.87937529
4566	0.89246676
4593	0.87322376
4606	0.89542928
4623	0.81552883
4625	0.86068952
4640	0.92471972
4667	0.89558028
4706	0.86997795
4779	0.87338612
4785	0.86693726
4836	0.88930447
4837	0.87681566
4891	0.89557493
4925	0.87636935
4937	0.86724460
4946	0.87305739
4987	0.84774370
4988	0.89900581
55	0.96002873
65	0.95931984
117	0.95976949
133	0.95980557
186	0.95956838
191	0.95961983
203	0.95957573
214	0.95971671
227	0.95934322
262	0.95950424
264	0.95965457
267	0.95974143
272	0.95940068
333	0.95980891
360	0.95954166
366	0.95962317
442	0.96001470
506	0.95629117
520	0.95992784
531	0.95978686
540	0.95658582
545	0.95958709
568	0.95929445
624	0.94990847
625	0.95653705
634	0.94700341
639	0.94700608
649	0.95964121
678	0.95956972
723	0.93414913
758	0.95623171
797	0.95628783
834	0.95319703
835	0.95665664
838	0.94663460
883	0.95332064
884	0.95954099
947	0.95325316
953	0.95961582
994	0.94701477
1072	0.93400281
1085	0.94994454
1132	0.95971137
1225	0.95959377
1270	0.94010222
1273	0.92104296
1274	0.95654106
1301	0.95644418
1312	0.92149195
1344	0.93744905
1400	0.94364869
1478	0.94683103
1499	0.95618160
1523	0.95303067
1617	0.93395069
1622	0.92755930
1639	0.93732478
1718	0.91174985
1725	0.94032872
1732	0.94030467
1816	0.92767021
1851	0.94686577
1854	0.91461749
1860	0.94649696
2038	0.92122469
2102	0.91491348
2189	0.91798223
2226	0.92772232
2275	0.93088261
2289	0.92453063
2314	0.94033140
2350	0.92437162
2445	0.93087459
2447	0.95330394
2450	0.93723124
2468	0.89252890
2579	0.93087526
2641	0.91158482
2644	0.91790940
2698	0.92112715
2701	0.89561168
2793	0.93727801
2805	0.90535311
2813	0.90822008
2870	0.91791207
2934	0.89577337
2994	0.94045300
3006	0.92431750
3019	0.90173181
3050	0.90521948
3128	0.91769159
3200	0.90854146
3302	0.91808980
3329	0.93373622
3342	0.90529832
3417	0.87963787
3602	0.89593372
3613	0.89582682
3625	0.92108038
3700	0.90825015
3713	0.88947752
3845	0.91202379
3915	0.90850805
3944	0.88310483
3969	0.85740028
4002	0.88603127
4196	0.87038485
4289	0.86043563
4325	0.88911405
4346	0.88248881
4567	0.86677490
4673	0.88919556
4701	0.87643215
4743	0.85395270
4873	0.87633861
399	0.95967796
410	0.95646756
450	0.95965190
559	0.94680831
700	0.95968598
943	0.95647825
1219	0.95962718
1235	0.94400414
1320	0.93711966
1570	0.94687713
1880	0.95645019
2239	0.94063072
2355	0.94063139
2725	0.91812120
3129	0.88901249
3333	0.85742032
3341	0.87947551
3604	0.91198236
42	0.95961114
99	0.95969065
112	0.95935458
121	0.95952963
122	0.95960112
140	0.95948687
224	0.95957573
279	0.95941672
331	0.95919490
382	0.95962785
428	0.95965257
436	0.94989911
521	0.95337810
538	0.95620899
599	0.95991515
615	0.95957640
650	0.95960914
651	0.94996659
746	0.95985301
866	0.95635532
898	0.95642146
902	0.95623371
916	0.95654173
949	0.95980023
1027	0.95287232
1075	0.94368344
1171	0.94657714
1194	0.95609274
1381	0.95338812
1398	0.94694394
1420	0.95025723
1513	0.94050912
1544	0.93077905
1567	0.94348968
1579	0.95635799
1629	0.94692323
1631	0.91804169
1669	0.92413710
1737	0.93096613
1826	0.93408165
1832	0.93385047
1839	0.93399412
1868	0.93369012
1915	0.94697468
1917	0.94974544
1934	0.93687646
1940	0.92444511
1944	0.95319102
1949	0.93719984
2052	0.89880938
2110	0.94372219
2149	0.95627380
2264	0.92461549
2407	0.93413710
2411	0.93093806
2430	0.90209194
2439	0.87027060
2453	0.90517205
2504	0.94404223
2620	0.89231376
2684	0.92757400
2686	0.94656177
2687	0.91772433
2697	0.92121066
2739	0.92127948
2754	0.88306741
2776	0.91168437
2875	0.89236454
2877	0.90522282
2920	0.89249282
2943	0.91145654
3014	0.89252021
3294	0.91813657
3298	0.89591902
3344	0.92115855
3394	0.86683370
3416	0.92114185
3500	0.87022182
3526	0.90870114
3545	0.92755796
3629	0.89569653
3673	0.90535511
3843	0.89275673
3890	0.92095410
3897	0.90192490
3943	0.88575399
3967	0.85080243
4037	0.91138972
4287	0.90850671
4412	0.89236520
4462	0.88602258
4482	0.88258970
4512	0.90534309
4581	0.88300528
4656	0.88935124
4663	0.86030734
220	0.95964856
304	0.95932919
314	0.95932385
362	0.95974544
416	0.95957306
427	0.95968598
470	0.95948620
637	0.95956504
692	0.95669406
738	0.94343155
755	0.95637536
795	0.95353711
800	0.94975012
811	0.95660587
917	0.95943609
948	0.95626044
1015	0.95643148
1016	0.95636667
1112	0.94975747
1117	0.95925369
1128	0.95323111
1164	0.94021781
1224	0.92435091
1234	0.94696599
1432	0.95658649
1530	0.95946081
1566	0.95013162
1581	0.93733614
1702	0.95317966
1838	0.93704750
1889	0.91194962
2170	0.93755930
2224	0.90825550
2259	0.94032338
2367	0.93725396
2387	0.90834770
3080	0.91517205
3131	0.87991314
3669	0.91149663
3706	0.90526091
3753	0.91804236
3773	0.87619830
3774	0.85743970
3965	0.89577136
4023	0.86372018
4219	0.86990112
4244	0.88908933
4288	0.87953164
4521	0.87328255
4648	0.86705218
4907	0.90851206
90	0.95957306
92	0.95953631
104	0.95978352
105	0.95952161
157	0.95928576
193	0.95948086
195	0.95970669
257	0.95946950
260	0.95963119
266	0.95940937
269	0.95989577
273	0.95965457
311	0.95965056
335	0.95961916
336	0.95961649
346	0.95665598
355	0.95958241
368	0.95941538
395	0.95958910
396	0.95969733
402	0.95958843
407	0.95952295
420	0.95949422
456	0.95926305
555	0.95958642
561	0.95937262
589	0.95307476
601	0.95975880
631	0.95963119
635	0.95966927
659	0.95662858
667	0.95968598
681	0.95971738
706	0.95967128
768	0.95954567
787	0.95968932
817	0.95306474
824	0.95663727
840	0.95954166
865	0.95625175
875	0.95970134
918	0.95952228
941	0.95958442
966	0.95629117
971	0.94372018
986	0.95961315
998	0.96006748
1005	0.94048974
1025	0.95371083
1036	0.95323111
1039	0.93687847
1191	0.95635598
1200	0.94384245
1205	0.95625376
1210	0.95658582
1262	0.94983764
1313	0.95659050
1321	0.94995858
1332	0.95326251
1363	0.95018374
1368	0.95648694
1383	0.94677290
1385	0.95299726
1386	0.95956170
1395	0.94349502
1402	0.95947217
1424	0.95661722
1488	0.95317164
1497	0.94359858
1540	0.94361796
1552	0.94996993
1618	0.93729472
1750	0.93086524
1765	0.93085254
1833	0.94340616
1882	0.92434556
1891	0.92453798
2009	0.90516202
2029	0.93730808
2109	0.93082849
2152	0.95669206
2156	0.94676689
2177	0.94343088
2186	0.93700942
2209	0.93072092
2265	0.90839781
2310	0.93427808
2365	0.92444311
2371	0.91480190
2537	0.91805038
2623	0.93381640
2633	0.86999532
2635	0.92476983
2647	0.94352709
2688	0.90849937
2718	0.92759805
2751	0.89248680
2822	0.90833901
2847	0.91163493
2855	0.90201510
2962	0.91157146
3004	0.95031603
3165	0.89248280
3175	0.92140576
3182	0.91488742
3185	0.87300661
3206	0.86692056
3208	0.91499566
3209	0.93090265
3217	0.90534910
3281	0.91785261
3303	0.88267455
3384	0.90536714
3475	0.90543930
3495	0.92431750
3600	0.89882341
3705	0.92136433
3709	0.87016770
3788	0.87966259
3827	0.92120398
3832	0.91779983
3857	0.88911138
3976	0.85428142
3984	0.91144919
4039	0.89578940
4067	0.88932318
4090	0.89232712
4131	0.91164295
4160	0.85738024
4182	0.88601657
4184	0.86353711
4189	0.90517806
4245	0.84429745
4260	0.87955903
4267	0.86075099
4304	0.88932251
4315	0.84757867
4349	0.86680965
4459	0.90179595
4469	0.90519409
4477	0.89260239
4481	0.87980824
4497	0.87341284
4502	0.85431015
4503	0.87666466
4538	0.92459143
4544	0.89294247
4711	0.85428877
4746	0.87335405
4754	0.88917886
4852	0.85721253
4854	0.92152202
4894	0.88935658
4903	0.86991181
77	0.95954366
116	0.95974477
129	0.95962518
141	0.95927106
160	0.95964054
163	0.95977283
218	0.95935191
288	0.95960580
367	0.95948487
400	0.95978018
448	0.95959110
458	0.95980223
466	0.95965858
515	0.95956972
533	0.95635866
537	0.95980691
590	0.95965056
597	0.95912675
641	0.95645353
671	0.95614619
679	0.95645019
685	0.95958241
696	0.95645286
705	0.95960246
744	0.95961315
751	0.95971938
770	0.95972005
783	0.92446582
793	0.94374357
880	0.95315294
926	0.95311018
970	0.94397341
997	0.95663794
1035	0.95285027
1044	0.94709561
1086	0.95974477
1090	0.93077838
1120	0.95642280
1123	0.95625977
1168	0.94356518
1277	0.95995256
1279	0.95977283
1303	0.94053184
1330	0.95002338
1333	0.94399479
1362	0.95322242
1369	0.95629852
1393	0.94673148
1426	0.90829157
1466	0.95014365
1476	0.93723993
1534	0.93719784
1550	0.95300060
1679	0.95951627
1742	0.91774838
1789	0.92452328
1808	0.94686711
1809	0.94371283
1900	0.91162825
1950	0.90227701
1951	0.91497160
1963	0.93770963
2099	0.93424400
2103	0.95351306
2104	0.92772834
2112	0.95643349
2133	0.93089597
2155	0.91813857
2205	0.94999599
2270	0.94007483
2331	0.92410971
2370	0.94367408
2378	0.92440102
2422	0.94630721
2428	0.89261041
2492	0.94677156
2506	0.91776976
2657	0.92768825
2663	0.93404891
2699	0.89909401
2714	0.91145654
2814	0.91161221
2887	0.92742233
2915	0.92428944
3108	0.92424868
3168	0.89571123
3220	0.90217011
3300	0.90193292
3308	0.87017104
3328	0.91522616
3347	0.91518474
3372	0.84768357
3401	0.91131222
3423	0.94035545
3441	0.85736687
3452	0.86657112
3469	0.85421527
3487	0.90882141
3499	0.88932919
3521	0.89889757
3528	0.92446582
3534	0.88279147
3564	0.88935458
3572	0.91770696
3595	0.90476983
3598	0.92775172
3633	0.85422129
3766	0.89891361
3792	0.88600788
3882	0.88303534
3889	0.91497895
3977	0.86345427
4000	0.87972072
4097	0.88918153
4103	0.91478519
4106	0.90853411
4119	0.86995323
4121	0.86685575
4128	0.89561034
4194	0.90528630
4203	0.89260907
4280	0.89253491
4417	0.92109975
4420	0.87983297
4449	0.87988241
4468	0.86387452
4505	0.86685976
4540	0.88285428
4643	0.86378633
4661	0.90535511
4732	0.85733814
4741	0.89880003
4777	0.86059063
4922	0.86704283
192	0.95948754
229	0.95946883
239	0.95963987
251	0.95961382
302	0.95967395
411	0.95945346
478	0.95957640
487	0.95967929
513	0.95934656
569	0.95953765
600	0.95957640
618	0.95645888
647	0.95658783
714	0.94984499
725	0.95942073
764	0.95969399
847	0.95307744
873	0.94352843
874	0.95981359
877	0.95649362
896	0.95325048
1026	0.94373154
1049	0.92145520
1088	0.95936059
1107	0.94669673
1169	0.95314692
1198	0.95640743
1238	0.95966192
1413	0.91132224
1423	0.94679562
1434	0.93356184
1445	0.94706220
1514	0.92738291
1749	0.93091535
1753	0.95306875
1761	0.94000601
1777	0.92440569
1783	0.94684172
1793	0.95295049
1795	0.92459812
1823	0.91813790
1829	0.95642681
1903	0.94711365
1938	0.93730206
1959	0.90499633
2001	0.94994187
2033	0.91476649
2050	0.93733948
2069	0.94380437
2082	0.95015300
2088	0.94025991
2115	0.94686109
2131	0.92742367
2249	0.93391662
2290	0.94686377
2315	0.93386450
2319	0.91797621
2406	0.91491682
2408	0.91822142
2416	0.93092938
2538	0.90845527
2717	0.92746977
2872	0.91793212
2961	0.92111579
3090	0.90545266
3148	0.93080043
3158	0.87639340
3195	0.90199105
3419	0.92791341
3546	0.89895838
3547	0.91158282
3640	0.88934122
3846	0.89899045
3860	0.87627848
3978	0.88290372
4062	0.87648226
4146	0.89882608
4168	0.86730073
4225	0.88615888
4307	0.85750718
4351	0.87320772
4371	0.85406762
4510	0.87677290
4534	0.87976615
4608	0.88894768
4744	0.87669139
4833	0.87642681
4849	0.89566379
4875	0.90841785
4956	0.87029331
72	0.95927440
78	0.95972473
159	0.95970402
182	0.95937128
226	0.95965123
300	0.95941872
330	0.95976882
390	0.95685040
501	0.95947084
503	0.95935792
525	0.95957974
580	0.95924567
602	0.95622971
612	0.95981092
718	0.95648360
739	0.95959444
788	0.95351774
803	0.95339347
886	0.95640208
915	0.94674283
944	0.95606267
977	0.95949155
1056	0.95973742
1082	0.95921427
1114	0.95673682
1133	0.94687646
1157	0.95947752
1158	0.92419991
1175	0.95661121
1294	0.93442707
1346	0.95298457
1348	0.95032137
1352	0.89889357
1399	0.94056057
1472	0.95338678
1494	0.94343422
1545	0.95970869
1644	0.94682969
1661	0.90188949
1735	0.95020712
1740	0.92439099
1747	0.94022316
1752	0.94058262
1760	0.95036146
1770	0.93437162
1895	0.95643549
1909	0.95326986
1920	0.93409300
1958	0.95011759
2006	0.92768090
2059	0.95311151
2077	0.93068083
2203	0.94969266
2214	0.91178793
2335	0.94680363
2357	0.93745106
2414	0.95298924
2460	0.94028663
2487	0.90833033
2534	0.90518808
2590	0.84137102
2596	0.87673883
2668	0.95012026
2676	0.90824280
2742	0.88290372
2896	0.93712568
2942	0.88303468
3007	0.92777377
3102	0.89234917
3146	0.94042894
3367	0.88589163
3456	0.85098550
3692	0.90523752
3790	0.90195230
3805	0.91831496
3844	0.88599319
3872	0.91119062
3883	0.87967194
3958	0.86369079
4123	0.88279147
4187	0.88259170
4205	0.88618494
4221	0.90204984
4255	0.87996392
4452	0.88619830
4659	0.89585020
4731	0.89275272
4753	0.89868978
4857	0.86372553
4879	0.84762344
106	0.95965658
142	0.95976949
201	0.95945480
250	0.95958709
261	0.95968998
308	0.95983965
310	0.95966192
345	0.95981025
347	0.95988374
350	0.95949623
375	0.95974544
454	0.96001537
571	0.95949422
583	0.95959912
636	0.95933988
661	0.95950023
666	0.95942473
676	0.95981559
686	0.95622302
729	0.95643616
734	0.95984432
735	0.95941137
741	0.95668471
801	0.95647558
805	0.94674417
809	0.95638672
922	0.95322042
928	0.95316563
980	0.94710430
988	0.94997194
989	0.95944812
1037	0.95979421
1084	0.92473642
1102	0.93118728
1126	0.95654774
1252	0.95021514
1257	0.94351507
1318	0.94340215
1343	0.93725463
1394	0.95617024
1422	0.94378767
1457	0.95343222
1459	0.93749382
1471	0.95961849
1575	0.93390459
1597	0.95024454
1649	0.93732745
1655	0.95011425
1667	0.94995189
1690	0.90513997
1790	0.94679228
1820	0.94044698
1828	0.94979087
1873	0.94031135
1931	0.94390726
1948	0.95032204
1954	0.94672279
1964	0.92770161
2057	0.95932852
2135	0.92433287
2172	0.92147591
2340	0.93403889
2346	0.91171110
2368	0.94331797
2384	0.94035678
2431	0.93425670
2444	0.94014432
2448	0.95628115
2464	0.86979755
2478	0.92449522
2500	0.92777176
2649	0.91497227
2650	0.91791207
2655	0.88902252
2710	0.94657780
2744	0.92464956
2783	0.91160687
2851	0.88915614
2900	0.91501771
3003	0.91513263
3015	0.93097949
3025	0.90872586
3036	0.91202445
3042	0.90809915
3203	0.91197635
3216	0.93097682
3230	0.90546402
3331	0.91494822
3346	0.93072226
3371	0.91179929
3376	0.91485134
3381	0.90812387
3393	0.91515066
3427	0.91185341
3430	0.89581412
3442	0.91491281
3527	0.92125342
3659	0.93387586
3728	0.87959310
3734	0.87325383
3746	0.87974009
3886	0.91162959
3954	0.90191087
4030	0.89898644
4147	0.89886283
4188	0.85706220
4193	0.89542594
4332	0.89570054
4441	0.88902185
4549	0.87970869
4588	0.84447184
4599	0.86989911
4644	0.84759805
4688	0.86382709
4762	0.85086524
4796	0.89566647
4841	0.87346963
4945	0.85738959
194	0.95969867
322	0.95960446
474	0.95954634
475	0.95963653
483	0.95942073
493	0.95956170
668	0.95971003
780	0.95312822
939	0.95038618
1170	0.93693125
1245	0.95638004
1249	0.95331663
1280	0.94678827
1416	0.92434556
1431	0.95619296
1467	0.93412307
1479	0.95941805
1525	0.93444244
1559	0.94039888
1627	0.95631589
1708	0.93707223
1744	0.94683637
1827	0.93746509
1982	0.94378900
2091	0.91816864
2113	0.94039353
2246	0.94042694
2366	0.91783323
2418	0.91792009
2566	0.92108372
2674	0.92142313
2707	0.90504042
2756	0.93081045
2903	0.93110243
2931	0.93085121
3053	0.90838445
3067	0.89858221
3198	0.86719984
3238	0.92134295
3379	0.93678292
3482	0.91493486
3587	0.92434422
3964	0.88254092
4018	0.88313757
4130	0.88623037
4320	0.89556424
4812	0.88913009
176	0.95946282
209	0.95950892
246	0.95923565
271	0.95993519
317	0.95981359
319	0.95967996
321	0.95969600
323	0.95668137
332	0.95971137
339	0.95976615
422	0.95963052
423	0.95951026
431	0.95950692
432	0.95992918
433	0.95999198
471	0.95951026
477	0.95636200
490	0.95954366
558	0.95955034
566	0.95935658
585	0.95981960
607	0.95927708
608	0.95348300
611	0.95938799
626	0.95961449
646	0.95999800
662	0.95960914
693	0.95975346
765	0.95635064
774	0.95959711
799	0.95949288
850	0.95004009
892	0.95012828
935	0.95962718
991	0.92713503
1006	0.94679829
1040	0.94352642
1051	0.94674150
1161	0.95992116
1186	0.96000935
1213	0.95643148
1218	0.95311151
1223	0.95285495
1233	0.95645086
1239	0.95675887
1250	0.95012895
1251	0.94049776
1266	0.94646088
1327	0.95663927
1382	0.95626445
1387	0.95330059
1428	0.95347431
1449	0.94330460
1464	0.95640342
1486	0.95309614
1505	0.94058195
1536	0.94677891
1563	0.94081646
1573	0.93693058
1623	0.94042694
1764	0.95014298
1792	0.90833834
1799	0.93765551
1837	0.94088795
1879	0.93396673
1919	0.94362063
1946	0.95304871
1991	0.91477584
1997	0.94672947
2003	0.94055789
2032	0.92763814
2036	0.92096011
2043	0.95964121
2074	0.91484199
2127	0.90864368
2162	0.91812187
2179	0.93413309
2192	0.93089530
2195	0.91816530
2241	0.91498764
2267	0.94679695
2268	0.93065277
2280	0.92762143
2376	0.88958175
2397	0.92793679
2433	0.91803100
2457	0.91816396
2570	0.91164829
2604	0.89223158
2611	0.93742032
2643	0.94695864
2675	0.93104029
2696	0.88887018
2800	0.92751720
2803	0.86050578
2828	0.90227233
2893	0.89268925
2913	0.89251286
2914	0.86361061
2925	0.93410236
2973	0.94384112
2997	0.89867308
3027	0.88274671
3097	0.88912541
3259	0.88280617
3264	0.91149395
3369	0.92750651
3391	0.94373422
3400	0.92149128
3418	0.90182067
3463	0.88595911
3496	0.89233046
3533	0.88275673
3551	0.92126545
3608	0.89270061
3612	0.87629518
3624	0.89884078
3630	0.88311686
3670	0.91782655
3676	0.92438164
3707	0.90820939
3779	0.92130754
3780	0.86705552
3854	0.88266319
3885	0.90533841
3892	0.85070822
3913	0.91186477
3999	0.86992784
4046	0.89887953
4061	0.87678894
4071	0.89541592
4102	0.91477450
4113	0.92794414
4163	0.88284092
4204	0.87012427
4214	0.88582749
4249	0.87992183
4259	0.88610075
4271	0.88614018
4272	0.82843856
4300	0.86389590
4343	0.88949823
4353	0.83489744
4356	0.85115788
4461	0.87973675
4532	0.86389056
4572	0.86363934
4605	0.82837175
4693	0.87320706
4697	0.87959043
4724	0.87957573
4726	0.87997261
4761	0.89234984
4790	0.87013162
4810	0.86691655
4846	0.86675954
4850	0.85755195
4868	0.87001002
4876	0.88289103
4920	0.87035411
4928	0.87947752
4976	0.85389925
155	0.95961916
170	0.95956304
175	0.95954567
188	0.95973007
243	0.95969800
253	0.95956037
254	0.95944411
256	0.95963186
298	0.95943810
344	0.95966660
359	0.95960647
365	0.95981827
371	0.95970402
386	0.95935124
445	0.95961582
453	0.95942741
468	0.95947017
488	0.95945280
548	0.95996459
554	0.95939333
582	0.95943943
619	0.93710630
654	0.95958976
655	0.95972072
674	0.95971203
677	0.95968063
682	0.95650765
690	0.95951159
702	0.95323779
715	0.95621033
726	0.95686644
740	0.95963386
745	0.95641678
748	0.95654907
760	0.95646890
791	0.95648427
792	0.95659852
802	0.95960847
814	0.95645286
854	0.95934055
859	0.95003140
885	0.95632124
888	0.95975479
894	0.94679896
899	0.95987840
903	0.95343957
905	0.95639006
908	0.95617692
924	0.95947351
956	0.95973074
968	0.95634128
993	0.94363132
1021	0.94363065
1024	0.95316764
1074	0.93424400
1150	0.94017639
1173	0.94997261
1188	0.95682368
1196	0.95646355
1227	0.94042427
1256	0.94044966
1287	0.93383243
1308	0.95987573
1319	0.95960179
1337	0.94344291
1365	0.94050979
1391	0.95945079
1392	0.95634730
1412	0.95311953
1444	0.95939667
1509	0.95309347
1558	0.89890092
1601	0.94070422
1643	0.94659852
1650	0.91163894
1666	0.94056391
1687	0.94365070
1695	0.95022984
1699	0.87624240
1705	0.92434623
1706	0.95977150
1716	0.91465624
1796	0.95629451
1813	0.95638271
1852	0.93369145
1867	0.94348433
1876	0.95024187
1885	0.94036213
1905	0.93734349
1925	0.95601857
1926	0.93391328
1927	0.93713770
1979	0.94365604
1981	0.95020846
2005	0.94674484
2011	0.91494555
2016	0.92116323
2031	0.94059865
2092	0.94357654
2116	0.93407496
2211	0.94027928
2221	0.94380437
2234	0.94690452
2256	0.92107904
2374	0.91477384
2382	0.93056992
2436	0.91166099
2442	0.94333734
2456	0.94351707
2512	0.93408432
2523	0.92767823
2549	0.92139908
2558	0.93734416
2586	0.94357787
2595	0.89262778
2609	0.93735685
2612	0.91495691
2622	0.87331930
2631	0.94051179
2671	0.93072359
2726	0.91514532
2737	0.87979689
2778	0.93055121
2860	0.93740496
2862	0.93078573
2882	0.90857754
2899	0.90207390
2902	0.91469967
2917	0.92734349
2953	0.90511993
2955	0.93086925
2975	0.90531102
2980	0.89271130
2984	0.85407229
3068	0.89887686
3073	0.93736286
3076	0.90820071
3119	0.89892831
3121	0.92138237
3123	0.90517138
3135	0.91486604
3161	0.93376829
3171	0.88902519
3221	0.88286564
3226	0.88946148
3286	0.89861763
3321	0.90209728
3398	0.90545400
3478	0.91158549
3480	0.93750050
3481	0.89878666
3502	0.88933120
3516	0.91192423
3560	0.91497561
3586	0.90209461
3660	0.89235585
3678	0.92756197
3689	0.89864368
3748	0.92750317
3761	0.87653504
3821	0.90827354
3823	0.86060734
3842	0.86702546
3853	0.89558629
3859	0.87633059
3870	0.90845928
3903	0.88948754
3925	0.89243202
3931	0.89904122
3934	0.85746175
3945	0.91145453
3947	0.89541257
3992	0.92154206
4008	0.90224160
4056	0.89586691
4058	0.86342353
4084	0.88327120
4088	0.90859090
4118	0.87964054
4153	0.89580343
4164	0.87011692
4185	0.88292109
4268	0.85725663
4291	0.88922162
4314	0.89262711
4318	0.83504443
4365	0.89242266
4387	0.87631924
4454	0.89583417
4457	0.90526692
4558	0.86682769
4565	0.86346629
4571	0.90534710
4616	0.89872787
4675	0.87317766
4687	0.88910871
4713	0.86705886
4759	0.83822409
4788	0.88915481
4795	0.87323645
4799	0.83814726
4802	0.88274871
4826	0.88613750
4832	0.89858221
4880	0.86034676
4909	0.88623839
4910	0.82209995
4912	0.88002873
4915	0.86994388
4960	0.85758201
110	0.95973675
177	0.95973809
190	0.95983430
221	0.95982094
236	0.95992183
284	0.95956772
358	0.95943877
372	0.95975212
425	0.95972139
510	0.95630186
542	0.95978219
567	0.95983096
572	0.95983230
574	0.95983430
575	0.95649161
657	0.95645086
689	0.95944745
752	0.94705953
778	0.93073027
804	0.95648026
839	0.95002205
870	0.94063874
907	0.95334001
950	0.94994388
1029	0.94362330
1053	0.94663460
1060	0.93714438
1138	0.95317699
1140	0.95626111
1166	0.94683303
1264	0.95962183
1267	0.93733814
1295	0.93393733
1298	0.92129351
1359	0.94658048
1378	0.95006280
1440	0.95037549
1442	0.95634529
1447	0.95657380
1492	0.94703481
1503	0.91807978
1541	0.93734215
1560	0.94990112
1589	0.94047571
1614	0.95643683
1660	0.94389791
1746	0.93080711
1781	0.94366072
1787	0.93706154
1791	0.92799559
1824	0.92432084
1861	0.94994588
1863	0.94027327
1883	0.93071357
1988	0.88906995
2024	0.93080577
2079	0.91802432
2085	0.90212467
2129	0.94670208
2223	0.93412641
2227	0.93064208
2318	0.94663059
2324	0.92761275
2467	0.93724327
2477	0.94698403
2544	0.92769025
2608	0.91476181
2614	0.93086858
2615	0.93722523
2626	0.91796218
2658	0.90869379
2659	0.89228770
2660	0.94054921
2680	0.94726398
2834	0.90197434
2863	0.91172780
2874	0.92131690
2876	0.88289570
2966	0.91807510
2981	0.87990980
3001	0.89895637
3011	0.93100555
3046	0.88277744
3152	0.90558161
3164	0.89885615
3237	0.87962918
3247	0.93405425
3299	0.90539253
3348	0.92755863
3362	0.92148794
3366	0.91169439
3380	0.92140442
3406	0.89242534
3457	0.87665330
3464	0.89556625
3476	0.89586490
3510	0.90209795
3552	0.89257099
3621	0.87657313
3650	0.89546135
3661	0.86971871
3741	0.88928042
3795	0.88280283
3861	0.90839981
3933	0.90176522
3966	0.89561769
4022	0.88293512
4066	0.88599385
4099	0.89900047
4142	0.87991581
4190	0.87678827
4210	0.90523953
4226	0.88309949
4237	0.89881072
4277	0.88929244
4286	0.88304603
4375	0.86665063
4382	0.89890359
4480	0.89254560
4486	0.86037883
4539	0.89253224
4569	0.88302866
4585	0.90798490
4604	0.89239059
4631	0.86686844
4705	0.88608004
4742	0.87962918
4750	0.88957640
4828	0.83786597
4842	0.88928376
4916	0.88647491
4918	0.88270595
115	0.95951560
206	0.95940402
290	0.95971471
392	0.95947752
438	0.95983497
444	0.95978753
509	0.95659184
517	0.95951360
544	0.96007951
553	0.95632324
578	0.95927307
579	0.94360660
614	0.95952830
652	0.95627313
675	0.95926238
694	0.95320037
699	0.95979154
737	0.95328322
743	0.94984967
841	0.95942808
848	0.95940536
851	0.95631055
878	0.95962584
897	0.94656311
921	0.95324113
925	0.95621968
933	0.95941137
1007	0.94048841
1012	0.95971805
1068	0.91796152
1108	0.95333801
1127	0.93408632
1129	0.95630988
1131	0.92769025
1137	0.95644952
1145	0.95011960
1152	0.95629451
1204	0.95636801
1269	0.95314626
1286	0.94044030
1325	0.95630721
1340	0.94699339
1360	0.95934389
1455	0.95636467
1502	0.94696065
1543	0.93405559
1593	0.95989510
1630	0.92443709
1727	0.93705151
1733	0.95657780
1754	0.94671945
1763	0.95321441
1775	0.93113984
1782	0.92741431
1871	0.95339747
1929	0.93409167
1943	0.95643816
2007	0.92747043
2154	0.94675553
2160	0.92767221
2238	0.94377831
2248	0.94009020
2253	0.94711699
2279	0.92153671
2294	0.93424935
2358	0.94987172
2380	0.92139908
2399	0.92763212
2401	0.89216142
2403	0.90509254
2413	0.94068083
2429	0.91160219
2542	0.89561702
2554	0.93082047
2587	0.94040623
2605	0.93065210
2683	0.91786664
2708	0.90837041
2709	0.90512461
2719	0.94371818
2769	0.92409635
2836	0.92148393
2884	0.93375693
2909	0.89535111
2919	0.89254694
2924	0.90185675
2956	0.89898510
2990	0.92763279
3010	0.90189884
3183	0.92113516
3197	0.89587359
3253	0.91468096
3274	0.92101423
3304	0.92435291
3305	0.89266854
3307	0.90823612
3315	0.90532505
3361	0.93712701
3402	0.90537716
3408	0.91474444
3454	0.89235518
3459	0.90219483
3535	0.91823478
3538	0.91794147
3609	0.90224360
3657	0.88288702
3688	0.88297989
3702	0.92767889
3710	0.91475379
3726	0.89218347
3745	0.91790606
3776	0.90816663
3802	0.90516202
3816	0.92109775
3855	0.87654440
3878	0.85725262
3901	0.88938331
3909	0.87958375
3980	0.93722456
4019	0.87639540
4042	0.91451326
4072	0.88935458
4179	0.90518875
4224	0.92448654
4246	0.89222890
4270	0.90512327
4360	0.83816463
4430	0.86060667
4436	0.88964522
4446	0.87008953
4543	0.87010289
4591	0.91806641
4658	0.85423799
4683	0.85402419
4774	0.83826284
4789	0.89270662
4823	0.85081312
4831	0.89587158
4882	0.89547605
4944	0.87965257
4952	0.88608472
4953	0.87646556
4966	0.87647625
158	0.95979555
174	0.95950825
306	0.95964990
325	0.95971537
338	0.95958776
406	0.95971337
439	0.96005278
491	0.95606935
511	0.95654974
577	0.95964255
617	0.95981426
708	0.95666399
709	0.93745908
722	0.95984900
724	0.95931048
823	0.95978753
855	0.95669673
906	0.94676221
919	0.95342754
930	0.95975012
1020	0.95643950
1041	0.95944946
1098	0.94039888
1143	0.94678827
1151	0.95327521
1190	0.93433086
1202	0.95955302
1247	0.95953030
1261	0.95961783
1310	0.95328055
1518	0.93436160
1535	0.94079107
1582	0.93740295
1584	0.95018173
1613	0.94650364
1720	0.94048974
1802	0.94693459
1998	0.93418588
2066	0.93725663
2117	0.94996192
2139	0.91489811
2201	0.91803902
2233	0.93731543
2244	0.89911873
2292	0.89595042
2339	0.92117458
2440	0.91792076
2483	0.93404958
2524	0.91788268
2601	0.94690452
2610	0.94366473
2628	0.92771430
2706	0.92798423
2743	0.91469232
2753	0.91135632
2801	0.91179729
2820	0.90873455
2833	0.90854079
2841	0.90210730
2945	0.91161422
2954	0.89595243
3082	0.90176121
3271	0.91147859
3311	0.91823077
3312	0.88589430
3518	0.90848734
3666	0.90544999
3681	0.91167502
3747	0.88924901
3814	0.88920959
3839	0.89886283
3911	0.88581012
3920	0.90854814
3979	0.87317966
4137	0.85088194
4217	0.87964322
4279	0.86694394
4281	0.86998062
4294	0.87645286
4373	0.89883878
4384	0.86692056
4456	0.87939400
4504	0.87339280
4515	0.84140977
4575	0.87325383
4578	0.87329859
4583	0.87339347
4607	0.89914211
4632	0.86661522
4722	0.87310483
4745	0.84131155
4748	0.86699873
4751	0.87975212
4760	0.84760740
4932	0.86980223
4964	0.89595978
230	0.95959845
291	0.95981159
295	0.95969266
343	0.95959845
348	0.95979288
384	0.95645353
446	0.95635131
498	0.95630053
502	0.95975747
504	0.95283490
512	0.95958175
547	0.95956638
663	0.95965056
707	0.95955769
753	0.95632592
828	0.95964722
882	0.95949155
914	0.95610075
938	0.95961114
963	0.95941338
1042	0.95009955
1206	0.95640208
1220	0.94371417
1222	0.95971871
1338	0.95632057
1516	0.93386851
1521	0.91520345
1556	0.94989243
1585	0.95338946
1602	0.94363533
1616	0.93417986
1647	0.91136433
1801	0.94679562
1814	0.94338745
1818	0.94323779
1898	0.95320305
1980	0.92747311
2051	0.93075099
2053	0.94349970
2075	0.94983163
2158	0.92446048
2281	0.94662524
2283	0.94034342
2284	0.93410971
2287	0.94347631
2307	0.87988976
2312	0.92753658
2332	0.95347231
2379	0.90513329
2386	0.91451326
2531	0.94980758
2634	0.90530367
2748	0.89251754
2757	0.93121267
2782	0.93723993
2839	0.91792610
2933	0.90179595
2948	0.94057527
3008	0.87020712
3029	0.89250752
3169	0.92126211
3190	0.87667134
3227	0.92452529
3228	0.90826886
3261	0.94048574
3306	0.87637736
3429	0.86347631
3455	0.87318100
3470	0.85711098
3593	0.89246075
3789	0.90547939
3981	0.90857019
3996	0.89586624
4060	0.89863834
4077	0.85421260
4117	0.88279949
4135	0.87650164
4175	0.87979355
4183	0.86681499
4198	0.86352776
4201	0.85114385
4269	0.87971537
4282	0.86670141
4297	0.89575867
4312	0.91164495
4337	0.89240796
4348	0.86392263
4377	0.88285495
4390	0.91135899
4398	0.90833701
4433	0.89890292
4443	0.86389858
4450	0.89577738
4518	0.85082114
4654	0.89863633
4864	0.86357854
4886	0.85390726
4889	0.89245006
4984	0.88000134
108	0.95942073
241	0.95982161
281	0.95945881
301	0.95919957
527	0.95986103
688	0.95352509
782	0.95968664
825	0.95994120
891	0.95968664
960	0.95628516
1073	0.95329993
1148	0.92124407
1187	0.95007350
1228	0.95939667
1231	0.95021848
1289	0.95626578
1311	0.94696599
1335	0.94714372
1353	0.95009220
1411	0.94372687
1433	0.94677490
1465	0.90493218
1607	0.94695330
1722	0.89528095
1755	0.94662858
1772	0.94373021
1821	0.94707423
1904	0.93417385
1921	0.93070422
1957	0.95288034
2078	0.93732144
2120	0.94996860
2252	0.92769292
2299	0.91840315
2390	0.92129886
2480	0.90845260
2484	0.95011158
2514	0.91468030
2552	0.90512862
2597	0.92481058
2598	0.93413042
2735	0.92728536
2853	0.94669139
2894	0.92125008
2907	0.93373488
2976	0.93460747
2989	0.93080978
3044	0.91827754
3091	0.92108104
3189	0.89563840
3205	0.93722991
3212	0.92739093
3250	0.93401751
3270	0.91493018
3336	0.93434690
3497	0.91799759
3559	0.90229705
3580	0.91171778
3632	0.91501036
3649	0.89869045
3695	0.88272466
3749	0.93063206
3767	0.89231977
3804	0.90846061
3850	0.88621167
4073	0.89890225
4083	0.87666600
4151	0.89849335
4305	0.87627647
4460	0.85410369
4471	0.88286898
4506	0.89569319
4635	0.86690051
4740	0.89568451
4893	0.86375693
210	0.95961783
393	0.95957573
421	0.95959110
441	0.95938799
492	0.95959177
526	0.95648159
640	0.95645821
658	0.95675085
664	0.94996325
736	0.95966860
749	0.95312888
757	0.95932585
893	0.95634997
911	0.95689250
974	0.95957239
1017	0.95314158
1019	0.95952830
1046	0.95339547
1047	0.95955168
1109	0.95622169
1130	0.94694127
1134	0.94680898
1167	0.95310684
1208	0.94053852
1248	0.92446516
1263	0.95634396
1331	0.92736888
1339	0.93750384
1354	0.94666533
1517	0.92441438
1527	0.94702145
1553	0.94385715
1646	0.95329191
1670	0.92733881
1684	0.93702946
1689	0.95024721
1692	0.92767689
1707	0.95942540
1766	0.94996726
1788	0.92781787
1806	0.92763146
1924	0.94686844
1941	0.90850605
1990	0.94674952
2010	0.91504109
2107	0.93744171
2122	0.93357052
2130	0.90842988
2208	0.88573061
2216	0.93116323
2229	0.92750451
2254	0.89550545
2255	0.93420993
2291	0.93371150
2330	0.92429345
2363	0.93751453
2520	0.92128549
2545	0.91164495
2551	0.94973141
2585	0.91487940
2594	0.90203514
2613	0.90189417
2618	0.89577738
2654	0.90820739
2780	0.90531235
2781	0.92743168
2791	0.87979689
2806	0.91167635
2873	0.87321507
3028	0.87627113
3235	0.92446182
3276	0.92431950
3373	0.90528964
3382	0.87977150
3432	0.89234382
3486	0.88287098
3554	0.88297454
3565	0.86370014
3568	0.84431082
3628	0.92446917
3751	0.90183069
3798	0.86059598
3905	0.88923498
3922	0.89889891
3929	0.89570589
3930	0.86047037
4165	0.88611211
4170	0.91447050
4209	0.86354446
4213	0.90218013
4231	0.84749716
4265	0.86682702
4266	0.87036547
4285	0.89232779
4323	0.87323111
4552	0.89553351
4557	0.89266453
4612	0.91164362
4652	0.92776909
4734	0.87962050
4845	0.85764014
4869	0.86031068
4898	0.87300261
4936	0.84456404
4943	0.86685842
4961	0.85722389
352	0.95954634
522	0.96009554
648	0.95963186
683	0.95951159
721	0.95982896
871	0.95286497
932	0.95960313
951	0.95972740
952	0.95647692
955	0.95980223
959	0.95973074
1011	0.95653237
1099	0.94372018
1113	0.93696399
1328	0.94679094
1463	0.95957640
1480	0.94672479
1586	0.95968330
1671	0.95337342
1719	0.93682836
1969	0.95319035
2039	0.95015033
2094	0.93374424
2199	0.95313356
2243	0.93392530
2276	0.91161555
2424	0.89566580
2507	0.88959645
2541	0.94359658
2578	0.95647758
2619	0.92110176
2824	0.93099820
2970	0.86375159
3033	0.90865838
3065	0.93082047
3137	0.87020178
3147	0.91169439
3265	0.90854747
3292	0.91212401
3445	0.91793212
3574	0.87345493
3577	0.89565711
3658	0.88267188
3763	0.89241865
3831	0.91159217
3887	0.90531235
3961	0.91822342
4045	0.90239193
4092	0.89592704
4208	0.83144785
4247	0.89257901
4258	0.87037549
4322	0.90191555
4409	0.86988842
4413	0.87639741
4427	0.87679361
4570	0.87327053
4590	0.84439300
4702	0.86684907
4770	0.88281085
252	0.95973275
455	0.95944745
482	0.95944611
704	0.95963653
1124	0.93400080
1159	0.95937796
1193	0.95633594
1367	0.94673214
1396	0.95027728
1470	0.95002071
1501	0.94346429
1539	0.94992383
1598	0.93093873
1654	0.94055856
1673	0.88928910
1680	0.91476582
1688	0.93723057
1693	0.92770896
1696	0.95319369
1704	0.94357453
1757	0.93372018
1856	0.92113984
1956	0.92762878
1968	0.95619496
1994	0.92163092
2089	0.93716510
2093	0.94994521
2105	0.94702011
2295	0.93384379
2455	0.92133360
2529	0.95307476
2582	0.88951026
2715	0.92779582
2741	0.91802432
2745	0.91175185
2759	0.94057527
2815	0.91150798
2823	0.94371684
2879	0.88299860
2927	0.95029732
2944	0.93419657
2969	0.93409234
2978	0.89905860
3000	0.92124407
3034	0.91490078
3099	0.92133427
3100	0.90529966
3126	0.91488408
3428	0.91816396
3567	0.92811118
3578	0.88927574
3654	0.87967328
3833	0.87003474
3891	0.91797956
4075	0.87963653
4076	0.89534108
4082	0.87332866
4181	0.90215207
4202	0.91800762
4223	0.86384579
4241	0.89567782
4296	0.88303601
4370	0.88947819
4391	0.86975947
4434	0.86703147
4501	0.89579208
4507	0.86966860
4511	0.86383243
4519	0.86047772
4520	0.87027126
4684	0.87640676
4698	0.88926906
4721	0.85096813
4727	0.85756999
4763	0.86065544
4874	0.90537850
4965	0.88573528
4980	0.90534175
530	0.95610877
588	0.95628583
592	0.95972473
761	0.95978419
807	0.95659584
842	0.94993653
843	0.94059798
965	0.94058930
967	0.93740763
1063	0.95630721
1070	0.95969600
1176	0.95952495
1255	0.94370081
1293	0.95633928
1373	0.93099953
1380	0.92431349
1468	0.95963987
1506	0.93744905
1564	0.92443910
1767	0.91150531
1774	0.90870515
1819	0.94699004
1835	0.93052315
1840	0.94682635
1864	0.95305338
1953	0.95341618
2055	0.92448052
2097	0.94374156
2207	0.91148994
2222	0.91785194
2262	0.93133761
2271	0.92757066
2326	0.90865838
2351	0.93389858
2381	0.94047571
2481	0.89879869
2530	0.91162892
2592	0.94654373
2636	0.95308545
2691	0.93075834
2705	0.94317031
2869	0.90553484
2921	0.93084118
2923	0.93711833
2960	0.89587893
2992	0.88601991
3002	0.91163693
3069	0.91479321
3095	0.88595310
3167	0.94054186
3375	0.89241264
3415	0.89240930
3472	0.88285361
3483	0.94050110
3667	0.87036213
3735	0.90237322
3793	0.90168838
3841	0.90203648
3914	0.88305739
3926	0.90522416
3948	0.87643215
3985	0.89559965
4014	0.89242066
4020	0.87973542
4051	0.91802499
4094	0.87655976
4145	0.88302131
4295	0.85124875
4419	0.85119396
4465	0.89876662
4601	0.86074230
4772	0.85422463
4798	0.84421661
4855	0.88627313
389	0.95974143
519	0.95954901
541	0.95984366
712	0.95945346
719	0.95645019
756	0.95307276
846	0.95994120
912	0.95009621
979	0.90837376
1195	0.94349369
1203	0.94976415
1229	0.92773569
1533	0.95989310
1542	0.93112848
1637	0.92123672
1676	0.94037215
1739	0.93712768
1825	0.94025256
1846	0.94037683
2076	0.93421795
2157	0.92473976
2166	0.91524220
2210	0.94328656
2225	0.94354112
2278	0.92463420
2336	0.94065010
2352	0.92121801
2356	0.89888221
2427	0.93720853
2446	0.92431549
2515	0.93717712
2569	0.93731075
2589	0.92118527
2646	0.93096345
2732	0.92099820
2763	0.93073295
2794	0.90216610
2810	0.94044364
2826	0.93706755
2878	0.92747979
2905	0.93091000
2951	0.88579475
2968	0.91496225
3013	0.94366740
3038	0.91152736
3049	0.93419723
3062	0.89912474
3077	0.91464756
3105	0.88620298
3112	0.88287900
3140	0.91168704
3223	0.90224628
3443	0.89899445
3451	0.90501503
3504	0.89892497
3505	0.91460547
3507	0.92110109
3555	0.88312888
3575	0.88272332
3636	0.88294982
3718	0.92135966
3757	0.91495156
3808	0.88904323
3820	0.91447451
3849	0.89872520
3856	0.90532438
3862	0.87970001
3881	0.90510590
3918	0.86686109
3941	0.89534843
4049	0.87950491
4069	0.87034944
4108	0.86714438
4116	0.92438164
4129	0.88295851
4261	0.89568117
4403	0.89591635
4410	0.88278479
4494	0.89905392
4587	0.89557226
4651	0.86998330
4678	0.84136033
4764	0.85711432
4892	0.88258168
437	0.95983029
529	0.95952161
565	0.95991114
581	0.96013095
762	0.95963787
826	0.95974410
833	0.95961248
879	0.95592370
981	0.95019376
987	0.95309882
1100	0.94364535
1226	0.94343623
1275	0.91192156
1292	0.95973943
1372	0.95628917
1429	0.95946215
1435	0.94684640
1450	0.93401082
1481	0.95961582
1500	0.95055121
1620	0.95983898
1640	0.93399947
1700	0.94685374
1729	0.95635197
1769	0.95014833
1773	0.93088729
1776	0.93725329
1896	0.92711699
1906	0.92770562
1999	0.93713369
2056	0.94339747
2111	0.94667736
2163	0.91499633
2185	0.93083985
2200	0.93691655
2269	0.92782655
2274	0.90215474
2285	0.93751854
2338	0.91487272
2454	0.93111245
2535	0.94041224
2565	0.94374758
2607	0.89587693
2651	0.91785261
2711	0.94372954
2723	0.92141177
2785	0.92117592
2844	0.90517405
2888	0.94068484
2904	0.88938932
2950	0.91155943
2983	0.94029331
3078	0.92744505
3116	0.93419122
3143	0.92131957
3150	0.91802298
3157	0.91813991
3162	0.88612414
3186	0.88924367
3187	0.92445914
3263	0.92437629
3327	0.89846195
3388	0.87958976
3543	0.90514732
3642	0.90223959
3717	0.88291775
3736	0.89895437
3742	0.89871785
3754	0.89571056
3801	0.87973074
4230	0.89244070
4252	0.84733480
4340	0.91834703
4355	0.92754460
4374	0.90556357
4411	0.87310416
4439	0.88911940
4547	0.87991181
4694	0.88282288
4758	0.86676488
4843	0.83483731
4982	0.89266386
443	0.95972740
701	0.95959711
786	0.95336674
954	0.95652101
1048	0.95320505
1162	0.94971337
1192	0.94666600
1211	0.95665798
1283	0.94990446
1300	0.93713570
1309	0.95651834
1358	0.95327053
1388	0.95028329
1456	0.94388655
1461	0.95334068
1711	0.93102091
1730	0.94675352
1842	0.94995523
1865	0.92426605
1910	0.93725730
1978	0.92131222
1992	0.95323111
2008	0.93416516
2196	0.92775907
2235	0.88289370
2372	0.94346897
2419	0.93727801
2437	0.91813523
2497	0.93062671
2501	0.94387853
2576	0.90222556
2747	0.91811051
2789	0.93064208
3026	0.88620498
3204	0.91820138
3241	0.88943810
3246	0.93747311
3278	0.92752923
3301	0.87031870
3334	0.94982361
3409	0.93095209
3435	0.90860293
3447	0.88288969
3514	0.89559765
3561	0.91493486
3639	0.87651634
3950	0.90216810
4033	0.84430146
4133	0.85736955
4298	0.88578139
4299	0.88312688
4327	0.88623371
4479	0.85715240
4517	0.87987038
4664	0.87949957
4933	0.85742367
4957	0.88008084
4959	0.88589631
337	0.95977484
516	0.95332598
518	0.95935057
630	0.95991448
716	0.95936059
934	0.92488675
1018	0.94702145
1153	0.94707156
1236	0.95308078
1322	0.95314291
1408	0.95978219
1531	0.94953832
1551	0.95298590
1555	0.95639273
1596	0.95954099
1611	0.92733213
1674	0.93395203
1812	0.92773903
1850	0.94043830
1853	0.93086590
1928	0.93112848
2014	0.95656311
2044	0.94042226
2072	0.91173916
2178	0.94391929
2193	0.91497428
2293	0.88601590
2298	0.90210931
2344	0.92474377
2364	0.94372620
2703	0.92468364
2837	0.93396005
2928	0.93111445
2929	0.89552749
3074	0.88626779
3192	0.87647224
3218	0.91490679
3269	0.89866907
3425	0.91126946
3523	0.89223291
3647	0.92453331
3725	0.88607136
3824	0.90196232
3837	0.89550812
4306	0.86998731
4584	0.88914479
4853	0.87016904
4971	0.86081579
287	0.95972139
435	0.95929779
622	0.95977150
759	0.94998998
767	0.95970468
856	0.95985101
1031	0.95305873
1079	0.94379702
1160	0.94702011
1379	0.94370014
1414	0.95988174
1439	0.93079041
1460	0.94392597
1482	0.95647224
1709	0.94379902
1872	0.94997127
2049	0.92767288
2125	0.92109374
2128	0.92126077
2151	0.91133828
2257	0.94355115
2345	0.91481392
2402	0.88578072
2438	0.86339079
2527	0.94684573
2533	0.94353845
2572	0.91795751
2677	0.93083383
2817	0.89572526
2835	0.92435959
2947	0.93101557
2964	0.89871584
3023	0.92473575
3035	0.88274003
3211	0.88258569
3509	0.88907797
3530	0.87644752
3708	0.90199639
3785	0.89597648
3936	0.91778045
4025	0.92124607
4048	0.89863767
4110	0.85715842
4273	0.88592169
4278	0.86351908
4324	0.86727801
4407	0.84453732
4470	0.89246075
4582	0.89559498
4877	0.86689584
4888	0.86057192
275	0.95961449
557	0.95017839
687	0.95967729
1076	0.95650832
1199	0.95624975
1258	0.94341084
1351	0.94678025
1401	0.95605198
1483	0.95949689
1565	0.94373021
1608	0.94668203
1682	0.93101824
1890	0.95316496
2114	0.92776776
2441	0.93051847
2461	0.92753658
2516	0.91774437
2528	0.92773034
2571	0.91482461
2689	0.91486470
2775	0.90207390
2779	0.95341551
2926	0.87332465
2993	0.88933587
3109	0.87963653
3118	0.87007015
3210	0.91186945
3236	0.93741899
3332	0.89905191
3569	0.92110777
3738	0.88301931
3863	0.90190553
4043	0.89608672
4125	0.88622102
4126	0.87672947
4228	0.85432151
4232	0.87678493
4257	0.89247411
4334	0.90532371
4341	0.90219683
4399	0.92100621
4508	0.86665798
4620	0.87335338
4800	0.84094140
4808	0.85402552
4860	0.85103494
424	0.95948687
452	0.95975145
632	0.95628048
821	0.95677090
969	0.95629919
1144	0.94367809
1271	0.95945280
1272	0.95629117
1419	0.94686243
1448	0.94695998
1512	0.93084987
1594	0.93062671
1645	0.91806508
1738	0.94665063
1784	0.95338612
1785	0.92437496
1970	0.94695330
1977	0.92431015
2064	0.89569720
2190	0.94366406
2194	0.94044832
2341	0.89553952
2505	0.94380637
2630	0.92136901
2642	0.92435892
2740	0.91827420
2755	0.90831563
2777	0.94698737
2971	0.91812788
3060	0.92099552
3110	0.87636467
3316	0.87607069
3404	0.89895570
3434	0.90835972
3529	0.91456070
3548	0.89856818
3671	0.89885081
3694	0.91817198
3729	0.89573395
3899	0.89900381
3951	0.89892096
3960	0.87619964
4050	0.91471771
4063	0.87958709
4068	0.86678025
4085	0.86355783
4124	0.88615621
4127	0.87676822
4144	0.89258903
4152	0.88302065
4212	0.87970268
4222	0.86677223
4284	0.84464756
4310	0.87030667
4317	0.90201443
4330	0.87324447
4455	0.88259103
4458	0.89553284
4492	0.89238191
4630	0.86398209
4636	0.88299993
4714	0.89229438
4766	0.85407764
4834	0.88926906
4844	0.90190486
4858	0.85406227
4947	0.90834436
820	0.95639340
860	0.95619830
1002	0.95001537
1028	0.94347765
1184	0.95006347
1370	0.95003073
1632	0.94996125
1642	0.94375025
1701	0.93091401
1714	0.94021714
1952	0.90506113
1962	0.93712701
2353	0.89898978
2404	0.93395002
2488	0.93078773
2746	0.93106635
2963	0.90498497
3022	0.91815594
3039	0.90833500
3141	0.88619162
3145	0.90510055
3244	0.88913075
3267	0.89258769
3448	0.89865304
3623	0.88610009
3687	0.83802766
3963	0.92136901
4004	0.91524821
4010	0.88268591
4139	0.89246676
4366	0.88927173
4466	0.86375827
4478	0.89537182
4682	0.84440302
4765	0.85124073
4818	0.87654907
4924	0.85701744
4949	0.86344157
514	0.95980156
808	0.95973007
849	0.95638872
887	0.95965457
999	0.94684907
1023	0.95312554
1437	0.93699205
1504	0.94374624
1606	0.94034676
1675	0.92453331
1703	0.94695196
1728	0.94341418
1841	0.93393399
1916	0.91805439
2004	0.93717645
2054	0.92450658
2137	0.95002205
2138	0.93737756
2148	0.93714839
2159	0.93417719
2174	0.95007216
2213	0.92443776
2548	0.92121534
2665	0.95610877
2685	0.95325249
2891	0.90212735
2979	0.91780851
3173	0.89559297
3282	0.89223826
3287	0.89537516
3477	0.91829692
3817	0.88600053
3879	0.90531102
3989	0.91806374
4016	0.88920759
4032	0.89261442
4095	0.92103361
4107	0.88580277
4143	0.86684105
4149	0.89272934
4368	0.89888822
4522	0.88282956
4573	0.90223425
4589	0.88930647
4681	0.87326051
4692	0.85411839
4696	0.86691455
4801	0.85053985
4931	0.84777176
543	0.94670609
711	0.95619029
978	0.93053184
1071	0.95996993
1139	0.95654106
1316	0.95984900
1562	0.95020178
1656	0.93084319
1741	0.90534309
1798	0.94331730
1884	0.92481860
1966	0.93092336
2028	0.95325249
2040	0.95327186
2228	0.91786464
2360	0.90836173
2394	0.93077905
2405	0.94356985
2485	0.94042427
2513	0.94691989
2556	0.94706688
2562	0.94364001
2573	0.91875994
2865	0.92131957
2885	0.91485535
2922	0.92742300
2937	0.87639874
2939	0.88265718
2987	0.93416049
3051	0.89236186
3089	0.88289704
3176	0.88286697
3188	0.85372887
3232	0.92126144
3392	0.87971871
3407	0.94375626
3711	0.91802632
3731	0.87329859
3760	0.91502706
3772	0.91781252
3784	0.90842186
3810	0.84127881
3819	0.89580878
3852	0.89567248
3866	0.89558228
3869	0.89896639
3942	0.87321641
3955	0.88296987
4105	0.90526425
4253	0.88626712
4488	0.87016102
4563	0.88936727
4628	0.88282622
4629	0.85720051
4665	0.87322443
4691	0.87684840
4715	0.86687713
4806	0.88298791
4969	0.82843322
556	0.95986504
563	0.95963520
596	0.95989243
656	0.95031870
936	0.95336073
1284	0.94672947
1571	0.93426204
1587	0.95620832
1800	0.94057794
2206	0.91174918
2369	0.93747444
2472	0.94051112
3319	0.91501169
3324	0.90521815
4301	0.88913343
4400	0.87948888
4730	0.86369747
4914	0.89210329
4963	0.80917285
720	0.95649429
890	0.95972206
1297	0.95636066
1436	0.91145721
1446	0.92098751
1568	0.94383510
1621	0.94341485
1724	0.92466092
1759	0.94058930
1967	0.91179796
2067	0.93403020
2388	0.93721988
2471	0.91150264
2489	0.94043496
2730	0.93134630
2734	0.93418788
2935	0.91452262
3043	0.88955034
3093	0.89858823
3106	0.92126746
3191	0.90196633
3759	0.87328990
3786	0.90177524
4367	0.86377364
4418	0.86027995
4670	0.86378566
4878	0.82566246
4930	0.87965257
405	0.95977885
417	0.95976415
434	0.95968063
857	0.95987706
1430	0.95292711
1547	0.95654707
1912	0.93371684
1918	0.92781720
1961	0.95943075
2168	0.91481526
2182	0.89868711
2202	0.95014164
2288	0.94054386
2385	0.91823679
2532	0.91140576
2790	0.93107035
3222	0.92130487
3231	0.91475179
3290	0.91808044
3365	0.92127948
3395	0.89576535
3485	0.86374624
3626	0.89577337
3645	0.85740496
3756	0.91193158
4013	0.88932652
4114	0.85720518
4192	0.87970134
4415	0.84775573
4491	0.86381974
4671	0.88921694
4739	0.87322643
4803	0.87628048
4881	0.85091067
4935	0.87341752
4983	0.84443041
806	0.95962183
990	0.94984700
1043	0.93415648
1726	0.95023652
1780	0.94674818
1983	0.93405559
2012	0.93728937
2080	0.93720585
2165	0.94377364
2409	0.95957774
2435	0.94030333
2629	0.93429612
2864	0.92765083
3084	0.90224026
3088	0.90842921
3199	0.90217612
3280	0.88926171
3356	0.94034476
3652	0.87349302
3682	0.91177858
3721	0.89579608
3783	0.87010022
3840	0.88630186
3956	0.90185942
3974	0.85722189
4035	0.89584486
4081	0.85388855
4263	0.87037817
4414	0.90201443
4524	0.89253224
4528	0.90547404
4609	0.86384980
4622	0.89248747
4633	0.87318033
4775	0.89906194
4900	0.88584553
449	0.95965992
822	0.95948888
1045	0.95626846
1317	0.95972673
1403	0.92776776
1768	0.93419323
2073	0.94003274
2493	0.92778245
2543	0.93097682
2770	0.88619496
2804	0.90491481
2856	0.89273736
2941	0.90859758
3330	0.91145119
3351	0.87028396
3537	0.90837309
3589	0.90534910
3637	0.92099486
3655	0.90854747
3664	0.89531703
3938	0.90503174
3997	0.88587025
4026	0.88283357
4104	0.88926572
4162	0.86966192
4326	0.85092203
4425	0.87943342
4556	0.87962985
4560	0.88272600
4838	0.86055856
4979	0.86066079
523	0.95960446
1141	0.95326518
1580	0.94998129
2061	0.92098951
2577	0.93422930
2632	0.90205987
2787	0.93374023
2827	0.92121668
3079	0.94053384
3111	0.89877397
3339	0.91818801
3349	0.90246409
3359	0.89589163
3410	0.87325583
3946	0.91797688
3995	0.87024988
4157	0.86366941
4603	0.88282355
4717	0.86050645
4967	0.88631255
1493	0.94379168
1603	0.92117258
1677	0.95620966
1681	0.93086123
1974	0.93096345
2047	0.95973742
2108	0.95646623
2807	0.93734416
2842	0.93068551
2897	0.94058061
3056	0.89283023
3156	0.92122804
3229	0.88615955
3283	0.88293112
3377	0.92782789
3698	0.89562036
3896	0.91809848
4586	0.90205652
4626	0.88630855
4954	0.86361128
467	0.95982695
810	0.95966393
867	0.94676555
1103	0.95030400
1315	0.95325583
2354	0.94323979
2503	0.90508519
2678	0.92450925
2938	0.91510724
3048	0.91175720
3293	0.89856551
3403	0.90525623
4178	0.90203848
4484	0.87304537
4735	0.87373021
4736	0.87629051
4755	0.89565644
4859	0.86056190
4970	0.86052916
484	0.95646489
976	0.95948620
1096	0.95350504
1305	0.94044164
1600	0.94660520
1634	0.93392530
1672	0.92787599
1857	0.94337409
1913	0.92128483
1973	0.93739560
2180	0.93693459
2458	0.91791608
2462	0.92816797
2846	0.92785395
2848	0.90232979
3070	0.89876261
3117	0.91789671
3142	0.89915548
3174	0.94058529
3215	0.89252288
3224	0.91157480
3262	0.93083851
3297	0.90193960
3322	0.91822743
3374	0.89259304
3431	0.90494956
3460	0.87335739
3490	0.91807844
3715	0.91785862
3769	0.90515467
3822	0.89575733
3873	0.91784994
3937	0.92754527
4215	0.90839447
4319	0.89234382
4424	0.87003341
4483	0.89907664
4647	0.86076568
1165	0.93732879
1314	0.95317298
1441	0.94669740
1771	0.95338812
2333	0.93731610
2911	0.93092336
3085	0.92751520
3345	0.91169105
3511	0.90204249
3959	0.92735351
3971	0.86371417
4001	0.91503441
4155	0.89573595
4248	0.89910002
4345	0.89561034
4386	0.89577537
4401	0.85740295
4611	0.89228970
4709	0.88585755
4862	0.85424935
4981	0.86036814
1576	0.95013563
1635	0.92453063
1723	0.93396405
1817	0.92436160
2095	0.93734148
2219	0.93403488
2362	0.93733614
2802	0.93736153
2819	0.88940001
2880	0.90502773
3098	0.89241799
3579	0.88300060
3585	0.89574263
3638	0.87972673
4159	0.88604396
4234	0.90861896
4749	0.87005679
827	0.94363934
872	0.95977818
964	0.95983096
1078	0.94671010
1136	0.93405492
1146	0.95659852
1384	0.88284760
1453	0.95334469
2030	0.90506848
2034	0.93723124
2132	0.90832097
2282	0.94359524
2300	0.89873321
2313	0.94697067
2325	0.94653838
2553	0.94069753
2672	0.91832164
2736	0.91165898
2786	0.88622770
2788	0.94054186
2890	0.87949288
3047	0.91813857
3170	0.95335137
3370	0.91148660
3549	0.91809715
3570	0.92104029
3818	0.91457807
3990	0.89884680
4195	0.83803701
4339	0.86668070
4498	0.89570321
4634	0.90518140
4805	0.85730607
461	0.95939801
1268	0.93079308
1356	0.93735552
1361	0.94022984
1626	0.95318100
1807	0.93070221
1985	0.91816864
2400	0.92148594
3086	0.89569319
3155	0.92769159
3582	0.88908532
3588	0.89869580
3677	0.86067482
3994	0.92482261
4238	0.88603995
4448	0.90807176
4638	0.87953498
4710	0.90216610
819	0.95947685
1174	0.94701944
1641	0.95331128
2511	0.93074898
2547	0.89904857
3201	0.90547337
3323	0.91500702
3615	0.88596713
3634	0.89918487
4243	0.85409434
4509	0.89279348
4613	0.85105699
4615	0.90526425
4769	0.86342821
613	0.95018574
1022	0.92468364
2121	0.88935057
2599	0.91498831
3166	0.90512995
3646	0.91139240
3812	0.86989510
3865	0.91835572
4120	0.86722122
4404	0.83812655
830	0.95312220
942	0.95304069
1064	0.95311552
1212	0.93401483
1240	0.95649763
2286	0.92445113
2452	0.91790005
2603	0.92102960
2627	0.92456204
2722	0.91155609
2792	0.87666934
3071	0.89242667
3680	0.89560767
3744	0.88278413
3834	0.87014298
3928	0.91474511
4313	0.87974811
4447	0.90510256
4986	0.86364468
1899	0.94355916
1930	0.94064876
2015	0.94026391
2525	0.87981493
3114	0.91513263
3284	0.89243335
4111	0.88934122
4690	0.89258302
4865	0.87314826
940	0.95973275
1427	0.93091334
1743	0.95341084
2144	0.87014833
2886	0.92751453
3627	0.90198169
3665	0.88930247
3794	0.88908599
3864	0.87941872
4080	0.89259504
4180	0.88963453
4393	0.86667068
4752	0.86360059
680	0.95957373
1329	0.95309013
1410	0.94406494
1683	0.93727467
2302	0.93713169
2327	0.92440302
2459	0.95352108
2728	0.89539186
2901	0.90198704
2946	0.89877998
3045	0.87030066
3288	0.91820672
3295	0.89525957
3352	0.90846663
3542	0.92751253
3719	0.88934656
3895	0.90192223
4199	0.87326452
4421	0.85738090
4442	0.89849402
747	0.94669272
1001	0.95949021
1276	0.95307543
1366	0.95980891
1786	0.94338745
2669	0.93729405
2796	0.93126411
3314	0.90832832
3357	0.91520879
3512	0.91187345
3714	0.89568317
4136	0.85433287
4363	0.87992851
4378	0.88251620
4388	0.89530100
4406	0.85399078
4440	0.87314291
4548	0.92122202
4863	0.89887018
684	0.95990112
1345	0.95923966
1389	0.95976081
1663	0.92457540
2145	0.89608338
2217	0.91776308
2304	0.92131823
2373	0.93075099
2550	0.90830160
2557	0.94039754
2724	0.94034877
3571	0.91147257
3743	0.87330594
3758	0.92109441
3781	0.89565644
3906	0.89878600
3953	0.90844257
4065	0.89586357
4902	0.87003140
4927	0.88311084
781	0.95956638
845	0.95964990
1306	0.95638605
1748	0.94354446
1955	0.91492216
2013	0.91180263
2070	0.93716576
2621	0.89903187
2693	0.92768023
2767	0.87971537
3737	0.91193091
3825	0.92130220
3826	0.88618761
3898	0.84788000
3904	0.90880871
4006	0.85068818
4091	0.87979288
4381	0.90837643
4416	0.88615888
4429	0.86377965
4514	0.90819603
4619	0.88929779
4676	0.89556023
4934	0.87652502
1960	0.93747979
2167	0.92731810
2247	0.92763747
2311	0.89850137
2640	0.89883277
3031	0.91478119
3426	0.85436026
3563	0.90537583
3622	0.89893766
3762	0.89897909
4036	0.88916149
4597	0.85414646
4951	0.88600388
1062	0.95672680
1278	0.95337142
1495	0.94046502
1935	0.94332064
1986	0.92448587
2606	0.91786798
2690	0.92420458
3755	0.88287432
4729	0.86372820
4787	0.85091802
4792	0.89879335
4885	0.84785461
4904	0.86672880
660	0.95940937
1511	0.95321641
1911	0.92755395
2661	0.91186878
3101	0.89244672
3386	0.92782989
3453	0.91846262
3791	0.89543663
4005	0.88609741
4962	0.85758669
1869	0.93726331
3768	0.89858221
3998	0.91489878
4308	0.89244872
4649	0.87331997
862	0.95982428
1243	0.95359591
1324	0.96011091
1371	0.93397875
1524	0.94685508
1604	0.94030667
1657	0.94709427
2169	0.90522616
2700	0.93406227
3596	0.87341551
3679	0.93422864
3727	0.88922697
4311	0.85733414
4824	0.88614218
895	0.95923632
1458	0.95324648
1653	0.92423599
1678	0.94020044
2062	0.93382842
2181	0.95351507
2581	0.90530968
3258	0.87653905
3343	0.94363333
3924	0.90191956
4024	0.88586490
4141	0.88945012
4242	0.88256698
4342	0.91800895
4394	0.87015835
4871	0.88272800
4884	0.87316496
1232	0.93708960
1242	0.95027594
1745	0.92434289
1758	0.94968130
1830	0.89268123
2389	0.95008218
2546	0.94042894
2638	0.93734015
2752	0.92740830
2918	0.92719115
2996	0.90499232
3012	0.92442774
3096	0.89573528
3957	0.88938531
4233	0.90206721
4784	0.86995991
4897	0.86699004
2018	0.91173649
3249	0.90193693
3387	0.91813991
3412	0.91451326
3501	0.93718581
4158	0.89566981
4527	0.86344825
1496	0.94368544
2540	0.92099619
3144	0.84475513
3214	0.86377831
3383	0.87670208
3515	0.91774036
3643	0.86035077
4695	0.86668938
4794	0.90843990
4851	0.86710697
2037	0.89905726
3256	0.90185942
4472	0.87996526
4574	0.88277009
1537	0.94657780
2101	0.94326786
2161	0.93719316
2616	0.93077103
2692	0.90860426
3213	0.93092804
3234	0.91129084
3363	0.92766286
3539	0.89256164
3635	0.92423599
3902	0.92474177
4550	0.87957507
4972	0.86717245
1685	0.92420792
1937	0.91482528
2716	0.88591635
2795	0.94022115
3917	0.89893566
4336	0.91478052
4444	0.84458609
587	0.95965056
1008	0.95957573
1546	0.92761676
2083	0.94055322
2765	0.91783524
3368	0.92771564
4262	0.89569119
4542	0.89255562
4703	0.85061001
1409	0.91164295
3009	0.91815461
3172	0.90243335
3207	0.89567315
3601	0.89240262
3683	0.86998129
3900	0.90841919
4815	0.84759538
1515	0.94691054
2721	0.89578673
2977	0.89596780
3083	0.89538852
3484	0.88623505
3541	0.90838111
3987	0.89268257
4489	0.91813523
4905	0.86701877
958	0.95944411
1874	0.92120131
2305	0.89585622
3057	0.89229772
3471	0.92131356
3672	0.88261041
4445	0.86027126
4767	0.91488074
4804	0.89880604
1004	0.94992450
1866	0.92738090
2277	0.92413443
2574	0.91848934
2809	0.92758402
3421	0.91473174
3566	0.94977217
3712	0.87326852
3764	0.90502906
3848	0.83473174
4011	0.86066880
4138	0.89233313
4530	0.88954366
4537	0.86696198
1778	0.92452395
1859	0.94371350
3616	0.92760740
3835	0.88279415
3871	0.90517205
3982	0.89872586
2415	0.93415648
2517	0.92761275
2536	0.93709093
2849	0.93392463
3178	0.90536113
3389	0.89577136
4357	0.87349235
4359	0.89565511
4707	0.88921962
962	0.93074430
1636	0.93734148
2146	0.94077303
2798	0.88617826
3115	0.84464288
3450	0.89568851
4372	0.87021982
4942	0.87013095
1147	0.93725997
3024	0.90558161
3317	0.91783123
3544	0.89883945
4173	0.87326986
4830	0.88579341
1975	0.93400748
2727	0.90818000
3018	0.90508586
3180	0.90534509
4098	0.87640409
4431	0.88595711
3888	0.92136834
4780	0.90214739
691	0.95961783
3562	0.88939467
3605	0.85733347
4738	0.86688916
1237	0.93071157
2434	0.94361462
3467	0.89871183
3908	0.88301196
4176	0.87984499
4829	0.87993720
1932	0.92475379
2081	0.91186677
2451	0.93769426
2617	0.94008819
3066	0.89577270
3440	0.90851674
4007	0.88619296
2048	0.93099218
3867	0.90529966
4274	0.87624775
4531	0.86041024
4653	0.91501503
2982	0.91501370
4021	0.87022516
4747	0.88262979
4948	0.88927708
2150	0.94988174
2473	0.95017706
2600	0.89582481
3136	0.95312287
3874	0.85730006
4568	0.89888889
4666	0.85396005
4919	0.87027060
1569	0.95309280
2020	0.94681566
2106	0.88597715
2519	0.91162023
2526	0.88908799
3355	0.91826819
3414	0.91167368
3653	0.90532505
3986	0.85424801
4331	0.90828222
4333	0.87009421
4561	0.86698136
2410	0.93391662
3436	0.87006548
3607	0.87981760
1101	0.95965858
1947	0.91474377
2124	0.92455201
2510	0.91793078
2593	0.90837108
2930	0.93384913
2999	0.88246008
3644	0.90189016
4708	0.89243669
4958	0.82214806
1557	0.94357520
4352	0.89574263
2231	0.94033941
3054	0.90527293
3139	0.89869580
3184	0.91768023
3803	0.87297655
2303	0.91820405
3061	0.85071758
3350	0.89245072
3592	0.88914879
3611	0.91199639
3907	0.89589631
4115	0.90210730
4757	0.87942808
2204	0.92781118
2898	0.88283290
3285	0.93413710
4003	0.87962317
4235	0.92104563
4475	0.86036814
2624	0.91165230
3072	0.91812721
3876	0.89554152
4827	0.88629986
1713	0.95682234
3225	0.91808178
3617	0.91171778
3684	0.86355783
4264	0.89581747
4562	0.85408632
2667	0.91145320
3385	0.90201243
3503	0.89242266
4100	0.87954901
4490	0.86355983
4686	0.89251086
3233	0.91805305
3424	0.91825683
2637	0.89266854
3932	0.87022717
4677	0.86052649
1686	0.95610410
2060	0.91486270
2852	0.85743636
3411	0.92128015
3519	0.93075967
4883	0.85402886
2539	0.90225296
3610	0.91500835
1886	0.95640142
2670	0.91172914
3877	0.88952696
4610	0.89244271
4679	0.84438298
2567	0.93061469
1731	0.94064809
1762	0.94988040
2301	0.88954567
3127	0.92759939
4335	0.90204984
4822	0.84433220
3597	0.90171711
4362	0.89876395
4642	0.87656912
2065	0.91498898
2377	0.92113784
1715	0.94367676
2393	0.95633527
3520	0.90843456
4700	0.87024788
2141	0.89249415
3524	0.86688515
3016	0.92775439
3648	0.91159284
2142	0.94029933
2316	0.95005479
3590	0.87963386
4052	0.90519944
4923	0.87335405
1843	0.89242934
3107	0.93104096
3179	0.87034476
3439	0.86042694
3465	0.87324915
4074	0.90846863
4408	0.88275606
4541	0.87035411
4576	0.89235652
4911	0.84113650
4975	0.88589631
3591	0.84135164
3724	0.87978286
2136	0.88953364
2720	0.89544464
3134	0.91161021
4473	0.86677490
3037	0.89914011
3972	0.88280216
4309	0.91162558
2425	0.91789270
2575	0.94371350
3063	0.92791875
3275	0.89228904
3492	0.88615153
4369	0.87630053
4523	0.87351908
4847	0.89555956
1473	0.95623171
2171	0.90534042
4344	0.89242400
4908	0.86055923
1845	0.94685308
2147	0.95020111
2187	0.94372085
2812	0.88288301
2825	0.93074364
3620	0.91117859
4250	0.90513530
3005	0.90478519
3491	0.91803701
3797	0.86407831
3829	0.86686711
4070	0.92131556
4733	0.87362531
4053	0.87943008
2712	0.91461081
1697	0.93088261
4227	0.90852208
4435	0.87667468
4723	0.86005211
3193	0.93713503
3693	0.88913543
2025	0.95655910
3260	0.92095744
4668	0.87664328
4338	0.91806842
4535	0.87673415
4577	0.89555890
4600	0.88593305
4646	0.88619830
4055	0.89868711
3910	0.89565578
4598	0.88910269
4680	0.86651500
4218	0.86346897
4816	0.87945413
1181	0.95960580
4778	0.90517873
1794	0.95638739
4617	0.88594909
2857	0.90523485
3055	0.91470635
4773	0.87329191
4890	0.85101356
4200	0.87042226
3988	0.88919757
3159	0.87020245
3017	0.92779181
4839	0.91508318
3466	0.93428944
4396	0.88942073
2731	0.91810851
4047	0.89270863
4817	0.86064809
2119	0.95633260
4167	0.88296853
1119	0.94341351
1405	0.95037015
3651	0.89537315
3778	0.92131155
2866	0.93431082
4579	0.90519543
4689	0.89241064
4564	0.84152803
2183	0.92122469
2773	0.92426672
4034	0.90216810
4887	0.86043028
1610	0.95642480
2000	0.92773435
3309	0.93077504
4426	0.90544598
4699	0.88593773
3052	0.92128282
3125	0.90843055
1831	0.93427741
3124	0.91825884
4595	0.88618628
2491	0.94663126
3668	0.89560233
4112	0.82522616
4896	0.87999866
2967	0.92771898
3701	0.94360126
4720	0.88270729
4870	0.86982428
2772	0.85741097
3921	0.90207724
4674	0.87639006
4783	0.86342286
4895	0.89578072
1625	0.95974544
4901	0.87955502
3522	0.90536246
4536	0.87015033
4161	0.89249014
3875	0.90892831
4950	0.90509387
3939	0.92121400
4463	0.87339480
2212	0.95958776
4086	0.85398944
4811	0.88599853
4134	0.86995724
2673	0.94039019
3894	0.89576936
4240	0.86378633
4867	0.87959845
3770	0.88918020
2959	0.92445781
4487	0.86682969
2463	0.89250752
2816	0.91480190
4917	0.85407964
4786	0.88319236
1665	0.94985969
2758	0.93738157
4467	0.88301664
4955	0.85732278
3730	0.89572059
2475	0.91469500
3606	0.90216009
3690	0.87651767
3337	0.89577470
4211	0.90203114
2273	0.95314158
3325	0.90541057
2861	0.84463219
1908	0.94707156
4861	0.83800294
4768	0.88924033
4438	0.87652302
2261	0.91792677
3335	0.93062938
2098	0.93717980
2118	0.90837509
4825	0.86680698
4913	0.90215407
3919	0.88280818
3354	0.87007817
4793	0.84128015
2476	0.90872787
2998	0.90200641
4940	0.86362999
3952	0.87332264
4926	0.87319436
3935	0.89250084
4079	0.90208459
3733	0.91153070
4973	0.85107169
4364	0.86994922
2768	0.91808245
3149	0.90221554
3396	0.91506915
4627	0.85715641
2361	0.90197033
3775	0.87945614
3787	0.89579274
3508	0.89237122
4354	0.91813122
4015	0.93390259
1878	0.92120198
3494	0.90196499
2197	0.87334736
4807	0.86368811
2320	0.91168638
4166	0.89252422
3851	0.90182468
3927	0.90541725
4499	0.89544999
3058	0.90831028
2568	0.93075633
3912	0.88300060
4662	0.91496091
4712	0.86023719
4453	0.88272132
3532	0.89596178
4236	0.90854213
4840	0.89858288
2916	0.93713971
4177	0.89883410
3556	0.89866707
3133	0.87010824
4290	0.91190285
3614	0.92100020
4302	0.86034476
4771	0.84493352
3594	0.91780718
4495	0.87642681
4718	0.85726933
4797	0.87970001
4087	0.89569586
