0 1
0 2
0 3
0 4
0 5
0 6
0 7
0 8
0 9
0 10
0 13
0 14
0 15
0 16
0 18
0 19
0 20
0 21
0 22
0 24
0 26
0 35
0 36
0 40
0 42
0 48
0 50
0 54
0 55
0 58
0 59
0 69
0 85
0 89
0 91
0 93
0 95
0 100
0 107
0 109
0 114
0 115
0 121
0 123
0 131
0 132
0 138
0 147
0 150
0 152
0 155
0 157
0 158
0 170
0 171
0 184
0 188
0 190
0 191
0 204
0 208
0 214
0 215
0 231
0 241
0 250
0 260
0 267
0 272
0 285
0 286
0 322
0 344
0 350
0 387
0 424
0 433
0 448
0 453
0 463
0 471
0 541
0 552
0 564
0 574
0 577
0 599
0 603
0 612
0 618
0 620
0 626
0 642
0 648
0 680
0 681
0 704
0 708
0 726
0 737
0 738
0 753
0 756
0 757
0 765
0 783
0 791
0 799
0 815
0 829
0 865
0 866
0 875
0 876
0 888
0 903
0 905
0 913
0 916
0 918
0 938
0 941
1 22
1 27
1 28
1 41
1 75
1 114
1 252
1 271
1 307
1 311
1 324
1 604
1 612
1 749
1 837
1 851
1 862
2 6
2 8
2 12
2 17
2 19
2 22
2 25
2 27
2 28
2 30
2 35
2 36
2 37
2 39
2 42
2 43
2 60
2 61
2 67
2 73
2 75
2 131
2 146
2 189
2 206
2 240
2 261
2 284
2 313
2 321
2 329
2 368
2 370
2 380
2 393
2 475
2 481
2 515
2 530
2 577
2 591
2 645
2 676
2 728
2 738
2 783
2 793
2 841
2 882
2 914
2 932
2 941
3 6
3 7
3 8
3 10
3 11
3 12
3 18
3 31
3 32
3 46
3 52
3 55
3 59
3 69
3 130
3 140
3 150
3 167
3 174
3 206
3 216
3 236
3 254
3 266
3 304
3 312
3 340
3 393
3 408
3 454
3 457
3 488
3 494
3 519
3 542
3 549
3 560
3 579
3 608
3 615
3 637
3 655
3 662
3 736
3 791
3 832
3 836
4 6
4 7
4 12
4 19
4 23
4 43
4 186
4 348
4 383
4 431
4 506
4 581
4 647
4 691
4 772
5 6
5 7
5 8
5 9
5 10
5 11
5 14
5 15
5 16
5 20
5 27
5 30
5 31
5 32
5 38
5 41
5 44
5 61
5 62
5 72
5 80
5 82
5 87
5 88
5 89
5 92
5 101
5 102
5 115
5 121
5 123
5 128
5 139
5 160
5 162
5 163
5 175
5 190
5 207
5 233
5 247
5 253
5 281
5 285
5 333
5 353
5 358
5 361
5 362
5 368
5 374
5 388
5 389
5 391
5 421
5 428
5 443
5 471
5 546
5 572
5 590
5 601
5 663
5 706
5 745
5 753
5 757
5 773
5 774
5 812
5 836
5 868
5 919
6 7
6 8
6 9
6 11
6 12
6 13
6 15
6 17
6 18
6 20
6 22
6 23
6 25
6 26
6 29
6 37
6 42
6 46
6 48
6 63
6 79
6 81
6 87
6 88
6 89
6 90
6 98
6 100
6 101
6 106
6 119
6 120
6 126
6 127
6 137
6 149
6 151
6 164
6 169
6 170
6 183
6 193
6 196
6 235
6 237
6 262
6 263
6 270
6 274
6 287
6 301
6 342
6 352
6 356
6 369
6 389
6 413
6 415
6 418
6 427
6 454
6 485
6 487
6 488
6 502
6 507
6 539
6 554
6 613
6 633
6 649
6 680
6 704
6 794
6 828
6 848
6 866
6 911
6 920
6 922
6 926
7 9
7 10
7 14
7 18
7 20
7 22
7 28
7 29
7 33
7 35
7 37
7 39
7 40
7 41
7 44
7 46
7 47
7 51
7 54
7 56
7 57
7 58
7 61
7 62
7 63
7 65
7 67
7 70
7 71
7 76
7 79
7 83
7 86
7 88
7 89
7 90
7 100
7 103
7 105
7 106
7 108
7 118
7 122
7 123
7 124
7 129
7 146
7 150
7 158
7 160
7 161
7 162
7 172
7 173
7 179
7 194
7 199
7 205
7 218
7 229
7 238
7 242
7 244
7 247
7 250
7 253
7 271
7 284
7 289
7 291
7 293
7 321
7 323
7 325
7 348
7 365
7 373
7 375
7 381
7 393
7 402
7 418
7 422
7 439
7 486
7 490
7 497
7 519
7 526
7 553
7 565
7 569
7 576
7 591
7 593
7 624
7 627
7 642
7 643
7 660
7 665
7 667
7 674
7 691
7 694
7 713
7 716
7 719
7 723
7 732
7 742
7 745
7 752
7 759
7 761
7 773
7 791
7 796
7 808
7 810
7 844
7 879
7 880
7 894
7 899
7 908
7 911
7 926
7 930
8 9
8 11
8 13
8 14
8 16
8 21
8 23
8 24
8 26
8 31
8 32
8 36
8 37
8 44
8 47
8 48
8 49
8 53
8 58
8 66
8 69
8 76
8 77
8 78
8 93
8 97
8 99
8 103
8 109
8 115
8 118
8 133
8 134
8 135
8 137
8 149
8 151
8 168
8 172
8 173
8 174
8 176
8 182
8 183
8 186
8 209
8 221
8 239
8 243
8 251
8 278
8 307
8 330
8 332
8 346
8 347
8 362
8 367
8 369
8 382
8 387
8 406
8 422
8 431
8 433
8 452
8 459
8 513
8 533
8 550
8 562
8 565
8 569
8 570
8 585
8 596
8 606
8 608
8 615
8 631
8 665
8 673
8 690
8 757
8 772
8 788
8 813
8 819
8 882
8 900
8 904
8 911
8 921
8 931
9 10
9 11
9 13
9 16
9 17
9 23
9 30
9 33
9 34
9 47
9 52
9 55
9 60
9 74
9 76
9 97
9 98
9 101
9 112
9 116
9 118
9 124
9 125
9 127
9 133
9 134
9 152
9 156
9 162
9 169
9 174
9 204
9 230
9 236
9 238
9 242
9 245
9 250
9 259
9 272
9 281
9 293
9 306
9 326
9 337
9 371
9 382
9 388
9 396
9 433
9 447
9 500
9 536
9 540
9 554
9 570
9 636
9 664
9 692
9 699
9 716
9 785
9 787
9 790
9 796
9 809
9 830
9 858
9 885
9 914
10 15
10 16
10 17
10 21
10 25
10 29
10 32
10 34
10 39
10 40
10 41
10 48
10 51
10 54
10 56
10 70
10 81
10 83
10 90
10 95
10 99
10 104
10 108
10 110
10 138
10 175
10 221
10 233
10 263
10 280
10 286
10 294
10 301
10 302
10 308
10 360
10 373
10 374
10 411
10 415
10 522
10 531
10 541
10 613
10 616
10 692
10 748
10 778
10 797
10 810
10 813
10 883
10 925
11 12
11 29
11 32
11 37
11 50
11 70
11 77
11 82
11 93
11 96
11 102
11 171
11 175
11 262
11 271
11 296
11 298
11 352
11 355
11 389
11 392
11 399
11 430
11 477
11 495
11 603
11 616
11 653
11 671
11 681
11 719
11 748
11 758
11 760
11 813
11 894
11 907
11 909
11 933
12 13
12 17
12 18
12 19
12 38
12 42
12 44
12 46
12 64
12 65
12 77
12 94
12 116
12 132
12 139
12 141
12 151
12 181
12 182
12 185
12 189
12 197
12 231
12 258
12 270
12 277
12 297
12 309
12 320
12 368
12 374
12 378
12 386
12 398
12 511
12 519
12 522
12 525
12 580
12 588
12 610
12 617
12 701
12 706
12 712
12 734
12 822
12 869
12 875
12 877
13 14
13 15
13 21
13 24
13 27
13 39
13 43
13 53
13 55
13 58
13 72
13 139
13 140
13 163
13 165
13 170
13 171
13 196
13 210
13 215
13 236
13 261
13 270
13 272
13 276
13 277
13 284
13 336
13 338
13 350
13 369
13 377
13 427
13 456
13 530
13 556
13 558
13 576
13 588
13 601
13 621
13 625
13 651
13 698
13 750
13 757
13 803
13 826
13 860
13 882
13 940
14 24
14 25
14 30
14 36
14 44
14 45
14 57
14 65
14 78
14 82
14 104
14 123
14 139
14 146
14 157
14 160
14 161
14 169
14 205
14 207
14 213
14 222
14 223
14 241
14 242
14 244
14 256
14 274
14 289
14 305
14 314
14 325
14 328
14 335
14 383
14 403
14 414
14 436
14 461
14 496
14 515
14 553
14 554
14 557
14 563
14 607
14 695
14 699
14 752
14 833
14 846
14 877
14 895
14 928
15 86
15 177
15 209
15 220
15 280
15 419
15 455
15 472
15 497
15 719
16 19
16 24
16 67
16 69
16 97
16 116
16 126
16 129
16 134
16 178
16 181
16 199
16 237
16 256
16 261
16 348
16 353
16 413
16 449
16 620
16 624
16 680
16 777
16 784
16 796
16 797
16 860
17 20
17 34
17 38
17 50
17 59
17 68
17 73
17 104
17 138
17 154
17 169
17 211
17 217
17 226
17 245
17 249
17 296
17 305
17 308
17 318
17 323
17 341
17 368
17 370
17 395
17 410
17 434
17 449
17 475
17 482
17 605
17 609
17 661
17 711
17 731
17 778
17 831
17 872
18 40
18 42
18 56
18 83
18 95
18 114
18 133
18 152
18 208
18 216
18 219
18 231
18 243
18 254
18 306
18 312
18 367
18 376
18 384
18 400
18 409
18 410
18 445
18 446
18 512
18 535
18 543
18 629
18 714
18 722
18 733
18 762
18 797
18 808
18 878
18 908
19 21
19 23
19 33
19 35
19 38
19 47
19 51
19 53
19 56
19 92
19 99
19 108
19 111
19 117
19 144
19 153
19 156
19 184
19 192
19 218
19 237
19 280
19 295
19 363
19 419
19 440
19 470
19 481
19 492
19 496
19 531
19 568
19 595
19 627
19 657
19 672
19 675
19 685
19 734
19 743
19 775
19 788
19 806
19 881
20 81
20 91
20 155
20 193
20 219
20 238
20 248
20 295
20 306
20 363
20 372
20 487
20 705
20 732
20 880
21 26
21 29
21 31
21 33
21 34
21 36
21 43
21 45
21 54
21 60
21 63
21 78
21 85
21 89
21 105
21 116
21 124
21 137
21 160
21 168
21 180
21 190
21 199
21 201
21 209
21 222
21 234
21 264
21 273
21 280
21 304
21 314
21 315
21 328
21 340
21 357
21 377
21 406
21 453
21 457
21 458
21 460
21 463
21 469
21 473
21 477
21 491
21 496
21 502
21 508
21 515
21 524
21 528
21 549
21 600
21 609
21 617
21 629
21 690
21 717
21 723
21 744
21 794
21 798
21 810
21 814
21 820
21 850
21 871
21 933
22 25
22 27
22 93
22 97
22 111
22 125
22 163
22 203
22 225
22 285
22 331
22 370
22 379
22 444
22 465
22 505
22 643
22 676
22 740
22 818
22 883
22 939
23 26
23 40
23 73
23 82
23 98
23 138
23 214
23 270
23 283
23 310
23 329
23 349
23 383
23 391
23 458
23 489
23 536
23 564
23 609
23 685
23 708
23 722
23 731
23 766
23 839
23 870
24 45
24 48
24 49
24 64
24 66
24 117
24 153
24 155
24 203
24 204
24 218
24 247
24 288
24 326
24 334
24 380
24 510
24 514
24 598
24 695
24 915
25 28
25 30
25 31
25 60
25 76
25 106
25 115
25 119
25 127
25 141
25 147
25 197
25 206
25 213
25 300
25 303
25 399
25 451
25 460
25 623
25 676
25 730
25 819
26 28
26 33
26 50
26 52
26 53
26 74
26 113
26 130
26 145
26 149
26 152
26 177
26 197
26 198
26 227
26 236
26 259
26 294
26 319
26 362
26 364
26 458
26 504
26 571
26 648
26 709
26 747
26 774
26 782
26 798
26 800
26 824
26 851
26 864
26 943
27 39
27 51
27 52
27 66
27 74
27 84
27 128
27 237
27 311
27 417
27 713
27 743
27 803
27 895
27 916
28 57
28 86
28 142
28 151
28 170
28 180
28 231
28 243
28 273
28 293
28 358
28 492
28 508
28 529
28 607
28 725
28 728
28 744
28 759
28 822
28 887
28 943
29 38
29 46
29 49
29 56
29 60
29 62
29 66
29 67
29 84
29 87
29 94
29 98
29 106
29 117
29 121
29 125
29 133
29 136
29 165
29 194
29 238
29 248
29 279
29 302
29 317
29 332
29 341
29 366
29 375
29 404
29 406
29 425
29 487
29 515
29 523
29 526
29 540
29 560
29 577
29 626
29 702
29 707
29 745
29 834
29 865
29 875
29 910
29 928
30 35
30 50
30 57
30 74
30 78
30 79
30 91
30 93
30 103
30 106
30 111
30 129
30 135
30 161
30 265
30 306
30 313
30 342
30 367
30 372
30 374
30 388
30 397
30 435
30 465
30 580
30 632
30 659
30 738
30 761
30 786
30 848
30 862
31 34
31 87
31 144
31 185
31 207
31 212
31 231
31 241
31 262
31 282
31 287
31 361
31 364
31 408
31 430
31 475
31 556
31 661
31 690
31 714
31 750
31 897
31 912
32 45
32 51
32 52
32 75
32 91
32 96
32 135
32 150
32 155
32 188
32 209
32 210
32 256
32 279
32 281
32 302
32 358
32 394
32 471
32 511
32 535
32 596
32 749
32 754
32 823
32 825
32 867
32 919
32 928
32 930
33 41
33 43
33 59
33 62
33 84
33 99
33 113
33 144
33 183
33 195
33 198
33 201
33 206
33 235
33 267
33 315
33 330
33 383
33 384
33 395
33 456
33 464
33 493
33 510
33 527
33 570
33 573
33 606
33 624
33 653
33 678
33 689
33 771
33 814
33 838
33 888
33 893
33 905
33 928
34 158
34 182
34 350
34 554
34 767
34 863
34 894
35 53
35 71
35 80
35 90
35 115
35 118
35 121
35 131
35 147
35 154
35 191
35 192
35 282
35 315
35 316
35 321
35 439
35 450
35 490
35 513
35 548
35 567
35 646
35 722
35 748
35 796
35 833
35 870
36 96
36 163
36 217
36 221
36 246
36 338
36 357
36 494
36 652
36 673
36 792
37 49
37 63
37 235
37 240
37 269
37 336
37 342
37 454
37 499
37 506
37 524
37 534
37 572
37 578
37 717
37 755
37 798
37 802
37 819
37 836
37 861
37 881
37 886
38 66
38 86
38 829
39 68
39 275
39 463
39 584
39 664
39 730
40 68
40 84
40 164
40 216
40 264
40 364
40 513
40 661
40 728
41 49
41 91
41 130
41 190
41 326
41 429
41 477
41 524
41 624
41 692
41 758
41 818
41 819
41 842
41 865
42 45
42 64
42 468
42 550
42 569
42 943
43 55
43 196
43 312
43 347
43 395
43 401
43 548
43 629
43 634
43 700
43 801
43 846
44 92
44 698
44 884
45 54
45 63
45 71
45 72
45 102
45 108
45 125
45 128
45 161
45 177
45 179
45 195
45 263
45 282
45 295
45 354
45 359
45 370
45 378
45 440
45 470
45 500
45 612
45 641
45 702
45 710
45 766
45 776
45 847
45 896
45 940
46 47
46 61
46 71
46 94
46 126
46 135
46 136
46 139
46 149
46 183
46 193
46 211
46 246
46 273
46 310
46 518
46 534
46 572
46 600
46 609
46 647
46 660
46 661
46 683
46 746
46 758
46 765
46 901
46 905
47 75
47 79
47 136
47 159
47 187
47 201
47 261
47 397
47 409
47 501
47 523
47 528
47 569
48 65
48 80
48 88
48 135
48 145
48 162
48 199
48 200
48 269
48 385
48 447
48 470
48 589
48 684
48 703
48 704
48 771
49 58
49 64
49 80
49 83
49 120
49 159
49 224
49 232
49 234
49 338
49 426
49 452
49 507
49 530
49 595
49 610
49 611
49 635
49 700
49 768
49 825
49 857
49 887
49 907
50 57
50 108
50 109
50 114
50 136
50 181
50 242
50 315
50 364
50 420
50 464
50 479
50 487
50 920
51 62
51 64
51 72
51 74
51 107
51 144
51 166
51 179
51 202
51 217
51 232
51 264
51 266
51 288
51 323
51 371
51 405
51 461
51 480
51 614
51 715
51 752
51 806
51 814
51 841
51 849
51 942
52 67
52 68
52 70
52 131
52 189
52 197
52 213
52 252
52 276
52 286
52 292
52 330
52 340
52 356
52 443
52 490
52 552
52 618
52 711
52 726
52 795
52 840
52 913
52 927
52 937
53 110
53 133
53 150
53 184
53 308
53 312
53 410
53 493
53 550
53 746
53 755
53 909
54 79
54 142
54 232
54 283
54 323
54 352
54 486
54 552
54 725
55 72
55 87
55 126
55 141
55 148
55 157
55 188
55 200
55 203
55 225
55 235
55 263
55 270
55 276
55 331
55 340
55 426
55 438
55 466
55 489
55 505
55 533
55 556
55 593
55 594
55 686
55 694
55 742
55 773
55 783
55 874
56 96
56 322
56 390
56 412
56 421
56 538
56 565
56 611
56 692
56 829
57 71
57 80
57 85
57 94
57 102
57 136
57 303
57 338
57 351
57 356
57 380
57 446
57 501
57 655
57 679
57 709
57 754
57 831
57 861
57 866
58 59
58 61
58 84
58 85
58 122
58 172
58 173
58 178
58 198
58 220
58 230
58 247
58 280
58 303
58 322
58 333
58 356
58 532
58 544
58 583
58 586
58 630
58 633
58 635
58 722
58 727
58 735
58 774
58 789
58 900
58 906
59 81
59 107
59 121
59 128
59 145
59 164
59 166
59 227
59 229
59 557
59 729
59 831
59 910
59 921
60 78
60 81
60 94
60 97
60 143
60 151
60 179
60 187
60 188
60 191
60 195
60 213
60 215
60 234
60 314
60 325
60 326
60 334
60 341
60 353
60 367
60 394
60 403
60 417
60 454
60 481
60 508
60 536
60 548
60 585
60 612
60 637
60 654
60 672
60 694
60 699
60 770
60 774
60 808
60 823
61 65
61 68
61 95
61 102
61 104
61 110
61 113
61 130
61 159
61 186
61 384
61 422
61 452
61 732
61 766
61 791
61 858
62 77
62 103
62 112
62 124
62 202
62 215
62 228
62 233
62 237
62 249
62 265
62 277
62 283
62 341
62 344
62 402
62 527
62 598
62 642
62 909
63 517
63 651
64 288
64 418
64 627
65 69
65 70
65 73
65 75
65 76
65 105
65 154
65 172
65 195
65 208
65 256
65 267
65 268
65 316
65 334
65 407
65 429
65 432
65 476
65 510
65 518
65 526
65 563
65 566
65 614
65 747
65 762
65 764
65 833
65 891
65 917
66 113
66 120
66 163
66 166
66 216
66 318
66 382
66 397
66 463
66 501
66 521
66 646
66 728
66 881
67 111
67 148
67 167
67 180
67 284
67 289
67 301
67 410
67 421
67 431
67 432
67 474
67 484
67 491
67 551
67 575
67 578
67 587
67 652
67 665
67 807
67 892
67 897
67 939
67 941
68 73
68 142
68 152
68 187
68 229
68 382
68 431
68 561
68 672
68 682
68 708
68 732
68 768
68 784
68 909
69 105
69 122
69 205
69 268
69 278
69 292
69 303
69 307
69 310
69 336
69 358
69 464
69 465
69 718
69 781
70 88
70 104
70 148
70 194
70 255
70 401
70 554
70 912
71 77
71 83
71 109
71 112
71 129
71 134
71 137
71 144
71 184
71 230
71 254
71 269
71 309
71 329
71 372
71 404
71 420
71 458
71 476
71 497
71 555
71 557
71 599
71 602
71 615
71 721
71 860
71 890
71 898
71 909
72 110
72 157
72 236
72 246
72 257
72 277
72 283
72 542
72 584
72 714
72 786
72 871
73 167
73 169
73 174
73 185
73 210
73 228
73 253
73 263
73 287
73 353
73 370
73 373
73 399
73 419
73 425
73 546
73 561
73 599
73 613
73 644
73 688
73 739
73 777
73 845
73 903
74 101
74 117
74 127
74 131
74 240
74 328
74 601
74 715
74 795
74 825
74 873
74 933
75 171
75 230
75 401
75 413
75 739
76 101
76 390
76 468
76 505
76 542
76 760
76 862
77 161
77 207
77 230
77 266
77 387
77 444
77 477
77 537
77 552
77 576
77 602
77 835
77 918
77 934
78 86
78 109
78 110
78 165
78 310
78 350
78 360
78 559
78 560
78 675
79 82
79 360
79 538
79 628
80 90
80 112
80 114
80 119
80 162
80 192
80 193
80 281
80 361
80 379
80 397
80 409
80 443
80 545
80 551
80 574
80 622
80 691
80 741
80 842
80 878
81 85
81 96
81 100
81 148
81 337
81 422
81 440
81 462
81 533
81 549
81 565
81 648
81 698
81 761
81 860
82 92
82 132
82 178
82 251
82 271
82 276
82 316
82 339
82 414
82 449
82 464
82 517
82 777
82 889
83 120
83 146
83 330
83 356
83 391
83 404
83 538
83 539
83 563
83 645
84 203
84 321
84 624
84 721
85 95
85 98
85 103
85 116
85 140
85 218
85 224
85 233
85 234
85 243
85 262
85 294
85 354
85 381
85 437
85 453
85 495
85 571
85 590
85 621
85 679
85 735
85 737
85 770
85 816
85 876
86 176
86 233
86 558
86 572
86 602
86 735
87 167
87 168
87 252
87 278
87 718
87 874
87 879
88 156
88 202
88 227
88 255
88 285
88 312
88 391
88 455
88 459
88 573
88 643
88 837
88 852
88 942
89 92
89 99
89 274
89 278
89 346
89 484
89 499
89 718
89 853
89 863
89 868
90 725
91 124
91 215
91 229
91 304
91 418
91 535
91 668
91 752
92 119
92 125
92 177
92 206
92 275
92 332
92 376
92 393
92 690
92 822
92 830
92 863
92 899
93 153
93 167
93 204
93 313
93 363
93 446
93 597
93 680
93 750
93 768
93 787
93 899
94 107
94 122
94 149
94 191
94 223
94 225
94 240
94 243
94 258
94 268
94 296
94 318
94 339
94 359
94 403
94 414
94 480
94 517
94 580
94 647
94 677
94 725
94 734
94 792
94 794
95 182
95 226
95 389
95 805
96 153
96 212
96 214
96 242
96 277
96 407
96 411
96 573
96 656
97 111
97 122
97 141
97 145
97 153
97 205
97 226
97 227
97 405
97 462
97 662
97 680
97 697
97 700
97 736
97 741
97 891
98 138
98 186
98 205
98 307
98 412
98 564
98 600
98 606
98 613
98 729
98 795
98 936
98 942
99 100
99 197
99 223
99 248
99 275
99 328
99 354
99 366
99 382
99 472
99 906
99 930
100 218
100 324
100 379
100 572
101 118
101 194
101 201
101 290
101 479
101 614
101 742
101 758
101 852
101 873
102 186
102 279
102 333
102 400
102 425
102 428
102 640
102 693
102 846
103 176
103 209
103 267
103 372
103 623
103 854
104 105
104 119
104 123
104 128
104 187
104 240
104 245
104 330
104 336
104 339
104 376
104 396
104 474
104 547
104 641
104 665
104 802
104 871
104 874
105 107
105 120
105 126
105 156
105 178
105 180
105 189
105 222
105 246
105 262
105 446
105 470
105 481
105 578
105 632
105 682
105 683
105 731
105 772
105 777
105 780
106 113
106 117
106 129
106 142
106 159
106 160
106 304
106 359
106 367
106 427
106 467
106 485
106 516
106 651
106 679
106 769
106 809
106 879
107 143
107 219
107 235
107 245
107 467
107 666
107 761
107 782
108 350
108 533
108 568
108 587
108 781
109 112
109 132
109 166
109 174
109 193
109 248
109 255
109 287
109 297
109 317
109 349
109 368
109 377
109 416
109 442
109 452
109 462
109 486
109 539
109 618
109 814
109 837
109 855
109 916
109 927
110 345
111 142
111 175
111 184
111 216
111 258
111 543
111 660
111 668
111 722
111 817
111 940
112 188
112 292
112 297
112 416
112 441
112 721
112 738
112 856
112 857
113 140
113 172
113 211
113 310
113 390
113 802
113 811
113 835
114 134
114 154
114 157
114 196
114 296
114 402
114 438
114 445
114 598
114 715
114 720
115 179
115 200
115 266
115 283
115 441
115 523
115 549
115 587
115 768
116 158
116 300
116 429
116 504
116 702
116 750
116 792
117 127
117 168
117 202
117 292
117 362
117 473
117 478
117 778
118 175
118 229
118 331
118 357
118 402
118 427
118 674
119 156
119 180
119 273
119 342
119 348
119 380
119 432
119 497
119 632
120 130
120 155
120 164
120 274
120 294
120 325
120 485
120 528
120 740
120 763
120 822
120 867
120 916
121 201
121 289
121 319
121 339
121 395
121 416
121 430
121 538
121 561
122 366
122 441
122 577
122 587
122 655
122 826
122 869
123 137
123 143
123 269
123 522
123 537
123 647
123 939
124 244
124 289
124 299
124 416
124 579
124 661
125 132
125 171
125 187
125 291
125 366
125 540
125 749
125 761
125 780
126 166
126 198
126 259
126 635
126 636
126 638
126 705
127 146
127 170
127 200
127 346
127 449
127 581
127 639
127 667
127 897
128 225
128 241
128 471
128 631
129 143
129 385
129 565
129 576
129 890
130 298
130 376
130 417
130 437
130 459
130 605
130 831
131 224
131 301
131 377
131 396
131 438
131 447
131 469
131 525
131 550
131 573
131 649
131 748
131 823
131 840
131 857
132 147
132 181
132 220
132 264
132 314
132 337
132 397
132 451
132 476
132 492
132 609
132 740
132 836
133 154
133 178
133 203
133 298
133 531
133 582
133 670
133 698
133 743
133 780
134 140
134 164
134 208
134 771
134 870
135 141
135 143
135 148
135 344
135 403
135 415
135 469
135 639
135 756
135 821
135 838
135 870
136 181
136 210
136 592
137 159
137 249
137 254
137 261
137 305
137 468
137 548
137 630
137 649
137 682
137 800
138 145
138 663
138 862
138 883
139 688
139 744
139 898
140 228
140 387
140 532
141 173
141 222
141 247
141 317
141 349
141 376
141 438
141 440
141 729
141 884
141 925
142 222
142 483
142 489
142 658
142 803
143 196
143 506
143 736
143 790
144 147
144 173
144 226
144 309
144 473
144 476
144 513
144 576
144 598
144 607
144 622
144 779
144 795
144 931
145 255
145 361
145 516
145 618
145 724
146 223
146 228
146 286
146 293
146 300
146 304
146 488
146 882
147 265
147 343
147 379
147 457
147 491
147 549
147 682
147 723
147 895
147 896
148 195
148 257
148 290
148 483
148 637
148 671
148 794
149 189
149 266
149 327
149 525
150 641
150 697
150 893
151 212
151 405
151 443
152 271
152 343
152 346
152 585
152 691
152 732
152 751
152 864
153 158
153 165
153 223
153 225
153 244
153 285
153 342
153 357
153 386
153 587
153 865
153 903
154 339
154 345
154 521
154 600
154 765
154 795
155 211
155 706
155 887
156 204
156 253
156 448
156 507
156 585
156 634
156 767
156 775
156 828
156 869
157 799
157 861
158 165
158 210
158 260
158 363
158 444
158 448
158 490
158 631
158 721
158 834
158 885
159 388
159 413
160 320
160 351
160 452
160 504
160 530
160 555
160 633
160 754
162 365
162 426
162 453
163 340
163 421
163 448
163 541
163 547
163 634
163 658
163 837
164 176
164 192
164 239
164 302
164 378
164 388
164 480
164 574
164 614
164 902
165 333
165 383
165 434
165 472
165 749
165 826
165 931
166 168
166 176
166 252
166 272
166 307
166 345
166 348
166 375
166 416
166 439
166 459
166 512
166 562
166 580
166 594
166 659
166 689
166 702
166 840
166 848
166 919
167 177
167 252
167 256
167 296
167 518
167 617
167 706
167 767
168 227
168 318
168 355
168 412
168 486
168 570
168 640
168 748
168 769
168 815
168 846
168 863
169 335
169 394
169 444
169 500
169 684
169 747
169 854
170 409
170 436
170 673
170 892
170 935
171 317
171 392
171 816
172 475
172 511
172 656
172 764
172 821
173 182
173 221
173 226
173 377
173 427
173 435
173 447
173 562
173 602
173 768
173 858
174 232
174 273
174 435
174 596
174 827
174 942
175 185
175 264
175 362
175 364
175 544
175 616
175 702
175 764
175 800
176 185
176 191
176 253
176 290
176 311
176 414
176 422
176 498
176 535
176 638
176 679
176 705
176 782
177 183
177 327
177 520
177 582
178 202
178 257
178 320
178 396
178 546
179 250
179 295
179 346
179 405
179 419
179 469
179 518
179 557
179 567
179 602
179 608
180 198
180 199
180 245
180 251
180 451
180 542
180 589
180 595
180 670
180 811
180 824
180 939
181 212
181 220
181 286
181 302
181 357
181 493
181 555
181 635
181 652
181 711
181 779
181 938
182 217
183 194
183 345
184 207
184 291
184 695
184 721
184 725
184 806
184 837
185 208
185 221
185 288
185 299
185 327
185 385
185 424
185 487
185 594
185 676
185 762
186 305
186 592
186 610
186 666
186 897
187 220
187 272
187 288
187 315
187 520
187 555
187 646
187 886
188 224
188 246
188 308
188 320
188 665
188 697
188 767
189 190
189 228
189 258
189 260
189 311
189 334
189 359
189 366
189 456
189 522
189 547
189 571
189 589
190 284
190 300
190 464
190 479
190 500
190 912
191 192
191 224
191 251
191 260
191 268
191 319
191 365
191 401
191 466
191 519
191 623
191 669
191 671
191 682
191 856
192 214
192 860
193 373
193 387
193 473
193 499
193 940
194 219
194 369
194 496
194 536
194 644
194 766
194 776
195 239
195 424
195 534
195 589
195 617
196 455
196 457
196 596
196 889
196 890
196 924
197 200
197 211
197 213
197 652
197 765
198 239
198 543
198 849
198 873
199 239
199 244
199 406
199 516
199 622
199 666
200 372
201 482
201 523
202 212
202 248
202 275
202 349
202 386
202 399
202 568
202 814
202 915
203 219
203 398
203 428
203 615
203 744
203 762
203 780
203 840
203 884
203 921
204 254
204 259
204 295
204 298
204 324
204 375
204 670
204 707
204 785
204 866
204 937
205 872
205 899
206 251
206 537
206 853
206 906
207 474
207 834
208 320
208 426
208 569
208 819
208 833
209 374
209 380
209 561
209 640
209 674
210 297
210 375
210 410
210 493
210 613
210 753
210 823
210 923
211 232
211 300
211 399
211 461
211 567
211 892
212 255
213 214
213 217
213 259
213 260
213 265
213 290
213 355
213 393
213 760
213 789
213 923
214 432
214 521
214 537
214 559
214 683
214 687
214 693
214 708
214 716
214 755
215 421
215 433
215 520
215 537
215 596
215 857
215 877
216 279
216 338
216 402
216 480
216 577
216 631
217 298
217 301
217 351
217 511
218 336
218 882
219 268
219 275
219 335
219 446
219 449
219 463
219 468
219 605
219 611
219 715
219 804
219 835
219 855
220 238
220 303
220 331
220 354
220 430
220 545
220 556
220 669
220 876
220 921
221 319
221 335
221 425
221 567
221 690
221 706
221 934
222 257
222 274
222 450
222 668
222 847
223 334
223 369
223 391
223 458
223 818
224 316
224 571
224 720
224 751
225 516
225 904
226 294
226 439
227 746
228 385
229 570
230 234
230 371
230 415
230 443
230 484
230 584
230 586
230 616
230 664
230 709
230 843
230 857
230 926
231 249
231 311
231 344
231 354
231 371
231 423
231 434
231 442
231 482
231 542
231 552
231 623
231 645
231 698
231 841
231 907
232 249
232 654
233 241
233 551
233 688
233 804
233 883
233 929
234 299
234 314
234 473
234 713
234 785
234 869
235 498
236 358
237 329
237 483
237 850
238 417
238 520
238 597
238 687
238 743
238 786
239 269
239 400
239 435
239 556
239 578
239 664
240 335
240 407
240 611
241 258
241 396
241 451
241 498
242 309
242 319
242 551
242 553
242 620
242 778
242 825
243 276
243 361
244 529
244 540
244 592
245 323
245 355
245 491
245 501
245 864
246 365
246 528
246 529
246 550
246 604
246 619
246 943
247 316
247 434
248 250
248 492
248 546
248 637
248 643
248 675
248 902
249 313
249 392
249 433
249 601
249 653
250 392
250 532
251 822
252 291
252 436
252 566
253 337
253 711
254 267
254 337
254 474
254 476
254 654
254 689
254 714
254 880
254 936
255 265
255 322
255 343
255 344
255 420
255 850
255 878
255 907
256 257
256 282
256 287
256 308
256 371
256 438
256 483
256 497
256 531
256 579
256 650
256 707
256 792
256 793
256 859
256 935
257 564
257 650
257 735
258 499
258 597
258 635
258 800
258 843
259 517
260 278
260 324
260 343
260 563
260 649
260 769
260 876
260 933
261 436
261 619
261 640
262 394
262 886
263 292
263 318
263 365
263 502
263 644
263 662
264 574
265 571
265 583
265 895
266 331
266 720
266 824
267 293
267 359
267 405
267 677
267 853
268 291
268 305
268 460
268 922
269 345
269 455
269 594
269 849
269 917
270 415
270 544
270 660
271 471
271 510
271 559
271 887
272 290
272 559
272 707
272 842
272 908
273 562
273 751
274 279
274 347
274 506
274 513
274 555
274 672
274 697
274 816
275 282
275 401
275 428
275 450
275 634
275 658
275 753
276 423
276 590
276 639
276 765
276 805
276 828
276 845
277 281
277 424
278 390
279 332
279 404
279 420
279 445
279 482
279 639
279 651
279 934
280 299
280 514
280 724
280 850
281 424
281 684
281 843
282 385
282 423
282 512
282 675
282 704
282 825
283 297
284 306
284 353
284 412
284 488
284 908
285 328
285 447
285 448
285 787
285 846
286 381
286 614
286 782
287 363
287 514
288 329
288 442
288 598
288 636
288 653
289 515
289 610
289 940
290 503
290 625
290 626
290 676
291 351
291 404
291 423
291 581
291 731
292 462
292 532
292 695
292 812
293 299
293 309
293 414
293 478
293 784
293 905
293 920
294 490
295 395
295 398
295 411
295 501
295 545
295 763
295 780
295 782
295 853
295 867
295 937
296 557
297 466
297 701
298 389
298 518
298 560
298 841
299 466
299 540
300 737
300 810
300 935
301 771
302 333
303 332
303 352
303 566
303 628
303 646
303 741
303 816
303 924
304 347
304 349
304 378
304 425
304 504
304 514
304 646
304 839
305 317
305 564
305 586
305 667
306 313
306 800
307 420
307 812
307 850
308 724
309 321
309 325
309 832
310 324
310 506
310 876
311 360
311 621
311 681
311 713
311 877
312 432
313 627
313 696
314 429
314 437
314 442
314 547
314 655
314 927
315 326
315 347
315 417
315 419
315 465
315 586
315 657
315 834
316 678
317 351
317 408
317 648
318 322
318 799
318 824
319 488
319 517
319 597
319 629
319 630
319 640
319 728
320 394
320 558
321 454
322 341
322 426
322 590
322 628
322 820
322 872
323 355
323 619
324 327
324 343
324 407
324 412
324 495
324 695
324 773
324 794
324 818
324 891
324 925
325 327
325 378
325 411
325 429
325 450
325 467
325 578
325 657
325 696
326 386
326 406
326 504
326 659
326 681
326 703
326 809
327 686
327 809
328 502
328 776
329 466
329 482
329 526
329 693
330 465
331 390
331 436
331 467
331 499
331 705
331 907
332 434
332 450
332 475
332 716
333 407
333 428
333 575
333 642
334 467
334 505
334 745
334 815
336 409
336 523
337 352
337 508
337 512
337 579
337 591
337 608
337 650
337 654
337 670
337 675
337 681
337 718
337 755
337 829
338 622
338 703
338 871
340 479
340 534
340 735
340 736
340 911
341 441
341 453
343 641
343 733
344 741
346 398
346 526
347 553
347 685
348 379
348 461
348 469
348 848
349 638
349 710
349 868
351 384
351 507
351 664
352 411
352 896
352 919
353 481
353 731
353 796
354 588
354 898
354 917
355 360
355 437
355 545
355 941
356 435
356 737
356 739
356 894
357 521
358 373
358 381
358 509
358 700
358 712
358 770
358 781
359 843
360 693
360 756
360 901
361 618
362 384
362 461
362 534
362 741
362 807
362 878
363 655
363 663
363 817
363 873
364 486
364 568
364 659
364 686
365 381
366 400
366 408
366 468
366 561
366 589
366 616
366 649
366 691
366 801
367 418
367 478
367 689
367 733
367 740
367 759
368 459
368 579
368 687
368 867
369 489
369 801
369 817
369 821
369 889
369 925
370 884
370 904
371 547
371 717
371 830
372 392
372 498
372 521
372 560
372 636
372 815
372 898
372 920
373 398
373 462
373 484
374 386
374 413
374 480
374 495
374 529
375 599
375 639
375 774
375 778
376 483
376 562
376 605
376 672
376 770
376 805
377 714
378 813
379 770
380 457
380 581
380 751
381 509
381 727
381 790
381 899
382 929
383 525
384 713
384 809
385 442
385 573
385 710
385 759
385 904
386 400
386 456
386 645
386 730
387 509
387 595
387 798
388 546
389 403
389 544
389 621
389 709
390 456
390 633
390 663
391 493
391 503
391 758
392 451
392 608
392 685
392 773
392 836
392 912
393 603
394 541
394 645
394 727
394 810
395 439
395 694
395 769
395 775
395 829
396 431
396 444
396 507
396 625
396 678
396 804
397 502
397 538
397 673
397 677
397 811
398 543
399 472
399 520
399 677
399 925
400 408
400 524
400 820
400 879
400 886
400 895
401 851
401 933
402 668
402 769
402 843
402 844
402 859
402 861
402 943
404 584
404 620
405 720
406 470
406 584
406 803
407 437
407 441
407 604
407 856
409 440
409 551
411 545
411 807
411 839
411 922
412 781
412 827
413 597
413 600
413 826
413 866
414 805
415 746
415 847
415 856
416 582
416 723
417 494
417 808
418 485
418 536
418 687
418 872
418 880
418 918
419 423
419 567
419 896
420 510
420 532
420 688
420 852
420 894
422 888
423 582
424 901
425 737
426 477
426 784
427 516
428 430
428 835
429 923
430 479
430 522
431 913
432 478
432 503
432 525
432 745
433 656
433 674
433 926
434 472
435 460
435 512
435 595
436 603
436 611
436 797
436 883
438 491
438 528
438 591
438 801
438 884
438 921
438 929
439 729
439 785
440 485
440 509
440 606
440 872
441 779
442 445
442 566
442 701
443 785
443 828
444 445
444 455
444 575
444 670
444 683
444 816
444 858
445 460
446 494
446 527
446 730
446 811
447 777
448 500
448 582
449 684
450 489
450 511
450 932
451 807
453 478
454 529
456 739
456 889
457 509
457 574
457 619
457 625
457 858
457 859
457 891
457 934
458 910
459 519
459 527
459 806
460 723
461 660
462 625
463 669
463 802
464 474
464 678
464 712
466 915
467 591
467 941
468 492
468 541
468 580
468 631
468 756
468 844
469 588
469 736
469 781
470 505
470 654
471 797
473 498
475 514
475 668
475 742
476 669
478 503
478 583
478 678
478 726
478 772
479 484
480 503
480 620
480 630
480 638
480 671
481 494
483 583
483 776
485 531
485 603
485 607
485 627
485 659
485 669
485 787
485 793
486 495
486 619
486 656
486 696
486 788
487 533
488 558
489 607
489 699
489 711
489 717
490 496
490 535
490 712
490 897
491 626
491 638
491 832
493 568
493 586
495 508
495 790
497 558
497 874
498 937
499 864
500 524
500 622
500 832
501 575
501 592
501 696
501 764
501 922
502 733
503 575
503 650
503 710
503 844
504 548
504 657
504 662
505 610
505 632
505 644
505 694
505 697
505 820
505 855
505 893
506 634
507 539
507 710
507 717
512 838
513 617
513 806
514 527
514 633
514 890
516 716
517 566
517 636
517 840
518 803
519 543
519 563
519 581
520 585
520 919
520 923
522 630
523 612
523 685
523 763
523 932
524 530
525 644
525 684
529 593
529 845
531 539
531 621
531 703
531 838
532 922
533 784
535 657
535 703
535 807
535 839
536 604
536 734
536 916
537 643
537 820
539 544
539 871
540 798
541 704
542 553
542 606
543 641
543 739
544 893
545 593
545 687
546 848
547 683
547 747
548 594
548 938
549 793
551 650
552 601
552 626
553 637
553 658
553 705
553 924
554 559
554 604
555 592
555 693
557 724
557 906
558 874
559 666
559 686
559 812
559 845
559 931
560 867
561 588
562 689
562 812
563 593
564 623
565 583
565 844
565 905
565 942
566 715
567 700
569 788
570 599
570 648
570 673
570 743
571 839
572 751
575 605
575 615
575 628
576 688
576 701
578 629
578 864
579 590
579 827
579 851
581 651
581 667
581 754
584 677
585 786
585 913
586 666
586 726
586 740
586 910
587 724
587 935
588 658
589 632
589 759
590 734
592 642
592 667
592 760
595 938
596 628
596 709
597 756
598 656
599 747
599 912
601 932
603 898
604 802
606 789
613 733
613 746
613 854
615 652
615 889
616 929
617 679
621 833
624 663
624 790
625 772
626 914
627 815
629 804
629 918
630 845
630 918
631 827
632 712
632 890
632 906
634 868
635 752
635 830
635 924
636 847
636 852
639 865
642 662
643 647
643 653
643 726
643 869
644 878
646 671
646 707
646 799
649 674
651 786
652 699
652 832
652 877
652 900
654 708
655 727
656 749
656 757
658 887
659 917
660 847
661 754
661 911
664 771
664 779
664 920
665 841
665 885
667 686
668 692
669 767
669 875
672 701
672 764
672 885
673 783
674 696
674 744
676 789
676 881
677 937
678 817
679 763
680 893
682 853
683 738
683 824
684 719
684 927
684 934
685 779
685 868
686 880
687 817
687 821
688 826
689 793
690 783
690 926
691 776
692 727
692 788
694 881
698 842
699 742
701 730
706 859
706 935
707 762
709 729
712 720
712 838
714 760
714 903
716 775
717 718
717 719
717 828
720 914
721 799
721 902
722 818
723 900
726 831
727 808
728 854
730 789
730 917
737 755
737 792
737 885
738 766
739 849
742 863
743 775
745 753
745 823
746 750
752 834
755 763
757 936
762 910
763 936
764 901
765 801
771 855
772 835
772 888
775 787
778 813
779 811
780 791
781 805
782 827
785 938
791 821
791 875
795 855
795 862
795 902
796 849
798 804
802 902
803 854
804 913
807 830
811 859
811 861
812 903
815 927
818 856
826 873
826 936
830 915
831 896
837 924
838 842
839 888
840 851
843 892
845 870
850 852
852 914
859 932
870 901
871 892
872 879
872 939
874 886
875 928
880 891
880 904
881 929
891 900
892 931
893 923
903 908
903 915
913 930
920 930
