0 1
0 2
0 3
0 4
0 5
0 6
0 7
0 8
0 9
0 10
0 11
0 12
0 13
0 14
0 17
0 19
0 22
0 26
0 28
0 29
0 32
0 33
0 35
0 41
0 42
0 43
0 44
0 51
0 55
0 61
0 70
0 72
0 90
0 93
0 95
0 101
0 102
0 106
0 107
0 110
0 111
0 116
0 118
0 149
0 152
0 172
0 173
0 180
0 211
0 214
0 219
0 234
0 243
0 252
0 258
0 268
0 281
0 295
0 296
0 298
0 308
0 333
0 334
0 341
0 349
0 351
0 361
0 369
0 373
0 376
0 392
0 406
0 408
0 439
0 448
0 464
0 505
0 516
0 535
0 548
0 560
0 572
0 605
0 610
0 617
0 619
0 671
0 688
0 700
0 715
0 729
0 761
0 771
0 783
0 800
0 811
0 823
0 825
0 829
0 831
0 834
0 855
0 889
0 898
0 912
0 913
1 14
1 17
1 23
1 47
1 85
1 97
1 203
1 322
1 385
1 390
1 394
1 416
1 434
1 515
1 647
1 716
1 749
1 758
1 897
2 6
2 8
2 9
2 11
2 12
2 13
2 15
2 16
2 17
2 18
2 20
2 21
2 24
2 28
2 30
2 31
2 40
2 49
2 51
2 67
2 78
2 151
2 155
2 173
2 207
2 209
2 224
2 230
2 238
2 242
2 257
2 297
2 309
2 346
2 352
2 418
2 443
2 459
2 501
2 504
2 595
2 608
2 617
2 621
2 626
2 636
2 647
2 662
2 706
2 737
2 745
2 790
2 810
2 840
3 6
3 7
3 16
3 95
3 299
3 367
3 389
3 463
3 529
3 720
3 866
3 877
3 929
4 6
4 7
4 8
4 9
4 10
4 15
4 16
4 18
4 19
4 21
4 26
4 28
4 37
4 38
4 46
4 60
4 77
4 80
4 82
4 83
4 84
4 92
4 93
4 94
4 106
4 114
4 129
4 140
4 169
4 178
4 182
4 205
4 235
4 248
4 263
4 268
4 272
4 285
4 291
4 322
4 325
4 332
4 337
4 344
4 355
4 384
4 389
4 400
4 423
4 429
4 442
4 486
4 500
4 511
4 520
4 532
4 534
4 546
4 559
4 566
4 582
4 587
4 589
4 636
4 666
4 682
4 711
4 712
4 719
4 731
4 775
4 797
4 818
4 824
4 867
4 893
4 913
4 940
5 6
5 7
5 9
5 10
5 11
5 12
5 23
5 24
5 25
5 27
5 29
5 30
5 80
5 82
5 89
5 108
5 110
5 121
5 135
5 147
5 162
5 189
5 247
5 252
5 297
5 331
5 369
5 373
5 435
5 478
5 486
5 507
5 544
5 555
5 557
5 579
5 586
5 589
5 600
5 636
5 642
5 658
5 702
5 708
5 712
5 726
5 772
5 797
5 811
5 817
5 867
5 887
5 892
5 929
6 7
6 8
6 10
6 11
6 14
6 15
6 19
6 20
6 22
6 25
6 28
6 35
6 37
6 38
6 40
6 42
6 45
6 57
6 61
6 62
6 63
6 65
6 70
6 82
6 84
6 86
6 90
6 98
6 101
6 103
6 107
6 110
6 117
6 119
6 121
6 125
6 130
6 131
6 133
6 141
6 144
6 154
6 158
6 159
6 163
6 166
6 172
6 178
6 197
6 202
6 203
6 205
6 209
6 242
6 245
6 253
6 259
6 260
6 271
6 276
6 278
6 290
6 298
6 299
6 309
6 314
6 329
6 332
6 335
6 342
6 350
6 354
6 355
6 368
6 380
6 399
6 412
6 421
6 436
6 444
6 445
6 465
6 466
6 467
6 470
6 472
6 480
6 481
6 496
6 500
6 531
6 532
6 537
6 572
6 591
6 613
6 627
6 645
6 647
6 651
6 653
6 661
6 663
6 675
6 687
6 691
6 707
6 716
6 739
6 753
6 757
6 761
6 776
6 782
6 808
6 812
6 823
6 849
6 850
6 852
6 869
6 888
6 897
6 917
6 926
7 8
7 9
7 12
7 13
7 23
7 31
7 35
7 36
7 39
7 42
7 57
7 59
7 64
7 76
7 94
7 99
7 107
7 110
7 112
7 113
7 114
7 139
7 144
7 145
7 181
7 183
7 187
7 190
7 196
7 221
7 258
7 301
7 334
7 359
7 377
7 398
7 399
7 410
7 411
7 424
7 487
7 488
7 491
7 509
7 522
7 545
7 589
7 603
7 622
7 653
7 657
7 669
7 703
7 704
7 710
7 734
7 767
7 768
7 810
7 849
7 851
7 860
7 869
7 872
7 874
7 880
7 888
7 934
8 14
8 16
8 17
8 18
8 25
8 26
8 31
8 38
8 43
8 45
8 47
8 51
8 53
8 75
8 92
8 112
8 113
8 117
8 124
8 128
8 142
8 148
8 178
8 192
8 196
8 201
8 221
8 246
8 267
8 269
8 288
8 305
8 316
8 318
8 328
8 340
8 372
8 380
8 428
8 430
8 450
8 496
8 519
8 530
8 547
8 565
8 691
8 709
8 740
8 756
8 807
8 830
8 841
8 931
8 932
9 10
9 11
9 13
9 20
9 33
9 36
9 37
9 40
9 41
9 52
9 58
9 66
9 77
9 90
9 98
9 101
9 105
9 109
9 112
9 115
9 117
9 130
9 133
9 137
9 141
9 177
9 179
9 183
9 187
9 194
9 200
9 225
9 226
9 231
9 238
9 242
9 255
9 270
9 301
9 305
9 338
9 345
9 377
9 382
9 387
9 397
9 401
9 421
9 438
9 448
9 452
9 474
9 475
9 477
9 533
9 534
9 540
9 555
9 567
9 569
9 578
9 581
9 585
9 592
9 594
9 604
9 610
9 652
9 665
9 686
9 688
9 703
9 724
9 739
9 753
9 782
9 787
9 789
9 819
9 829
9 842
9 854
9 856
9 918
9 924
10 13
10 22
10 23
10 24
10 27
10 30
10 56
10 61
10 64
10 88
10 95
10 100
10 104
10 122
10 129
10 133
10 145
10 164
10 165
10 182
10 192
10 250
10 263
10 304
10 327
10 333
10 352
10 385
10 422
10 533
10 715
10 763
10 809
10 827
10 842
10 879
11 12
11 32
11 40
11 45
11 50
11 52
11 63
11 72
11 78
11 89
11 99
11 109
11 118
11 128
11 156
11 158
11 168
11 190
11 197
11 203
11 208
11 232
11 240
11 271
11 281
11 285
11 289
11 296
11 315
11 345
11 371
11 402
11 456
11 461
11 479
11 489
11 494
11 518
11 525
11 581
11 587
11 607
11 609
11 629
11 637
11 713
11 745
11 779
11 780
11 810
11 899
11 925
12 15
12 23
12 31
12 55
12 56
12 102
12 164
12 169
12 185
12 195
12 236
12 263
12 267
12 291
12 324
12 334
12 396
12 401
12 404
12 458
12 513
12 549
12 625
12 655
12 680
12 760
12 766
12 923
12 927
13 14
13 15
13 17
13 26
13 28
13 32
13 34
13 38
13 54
13 58
13 62
13 67
13 85
13 106
13 108
13 124
13 128
13 129
13 149
13 165
13 178
13 183
13 191
13 193
13 233
13 280
13 286
13 313
13 379
13 398
13 399
13 407
13 408
13 423
13 447
13 498
13 506
13 539
13 546
13 627
13 664
13 669
13 727
13 754
13 814
13 853
13 862
13 863
13 928
14 19
14 33
14 39
14 40
14 41
14 46
14 49
14 50
14 57
14 60
14 65
14 68
14 74
14 76
14 88
14 91
14 96
14 104
14 115
14 148
14 152
14 153
14 161
14 176
14 197
14 198
14 207
14 223
14 236
14 239
14 245
14 255
14 256
14 288
14 292
14 293
14 346
14 364
14 373
14 382
14 390
14 400
14 402
14 415
14 423
14 449
14 479
14 501
14 504
14 505
14 518
14 545
14 578
14 614
14 620
14 629
14 636
14 694
14 751
14 792
14 833
14 841
14 869
14 887
14 889
14 915
14 922
14 933
14 946
15 16
15 18
15 19
15 22
15 25
15 29
15 34
15 43
15 53
15 74
15 75
15 86
15 124
15 129
15 134
15 146
15 152
15 162
15 174
15 187
15 195
15 227
15 262
15 304
15 309
15 314
15 326
15 380
15 398
15 416
15 503
15 506
15 540
15 618
15 650
15 690
15 720
15 876
15 907
15 926
15 948
16 18
16 21
16 30
16 39
16 44
16 47
16 58
16 61
16 70
16 87
16 180
16 216
16 288
16 289
16 301
16 318
16 432
16 638
16 643
16 721
16 749
16 782
16 832
16 916
17 20
17 24
17 33
17 36
17 38
17 45
17 53
17 64
17 72
17 79
17 96
17 100
17 112
17 144
17 157
17 165
17 170
17 186
17 237
17 266
17 277
17 278
17 289
17 300
17 332
17 343
17 357
17 437
17 470
17 483
17 565
17 571
17 585
17 612
17 625
17 632
17 659
17 676
17 861
18 25
18 27
18 35
18 53
18 131
18 167
18 174
18 241
18 324
18 334
18 381
18 404
18 475
18 502
18 568
18 628
18 648
18 696
18 760
18 817
18 868
18 911
19 20
19 21
19 22
19 24
19 29
19 32
19 33
19 34
19 42
19 48
19 50
19 54
19 59
19 60
19 63
19 67
19 74
19 82
19 87
19 117
19 130
19 132
19 141
19 155
19 163
19 170
19 190
19 205
19 206
19 210
19 220
19 223
19 228
19 231
19 246
19 253
19 256
19 264
19 266
19 269
19 291
19 315
19 345
19 350
19 354
19 358
19 365
19 367
19 388
19 438
19 440
19 460
19 479
19 506
19 520
19 526
19 572
19 575
19 588
19 632
19 659
19 732
19 748
19 749
19 773
19 805
19 815
19 824
19 825
19 856
19 860
19 916
20 21
20 29
20 39
20 55
20 58
20 86
20 87
20 91
20 111
20 147
20 149
20 181
20 186
20 199
20 256
20 266
20 297
20 368
20 427
20 445
20 452
20 495
20 569
20 577
20 605
20 696
20 732
20 743
20 813
21 27
21 30
21 62
21 68
21 69
21 77
21 128
21 140
21 144
21 147
21 169
21 175
21 217
21 242
21 297
21 311
21 318
21 346
21 347
21 348
21 398
21 459
21 467
21 509
21 533
21 590
21 645
21 743
21 856
21 925
22 34
22 37
22 43
22 85
22 129
22 157
22 189
22 273
22 274
22 279
22 296
22 364
22 381
22 429
22 532
22 563
22 815
22 816
23 49
23 59
23 64
23 65
23 94
23 104
23 105
23 109
23 113
23 116
23 118
23 126
23 165
23 172
23 176
23 184
23 202
23 244
23 251
23 265
23 267
23 308
23 321
23 337
23 342
23 347
23 376
23 381
23 394
23 405
23 409
23 410
23 435
23 482
23 502
23 503
23 658
23 665
23 668
23 693
23 719
23 770
23 809
23 854
23 871
23 873
23 917
24 26
24 44
24 55
24 57
24 60
24 67
24 75
24 76
24 91
24 107
24 108
24 125
24 130
24 142
24 154
24 172
24 174
24 186
24 197
24 199
24 228
24 236
24 254
24 284
24 294
24 343
24 346
24 442
24 499
24 525
24 526
24 568
24 645
24 717
24 822
24 824
24 834
24 868
24 901
24 935
24 939
25 43
25 59
25 64
25 70
25 76
25 81
25 214
25 376
25 412
25 619
25 631
25 638
25 657
25 922
26 27
26 31
26 34
26 37
26 47
26 50
26 51
26 118
26 166
26 237
26 317
26 332
26 336
26 365
26 388
26 391
26 448
26 488
26 526
26 544
26 576
26 707
26 763
26 773
26 787
26 818
26 855
27 32
27 41
27 46
27 49
27 60
27 66
27 74
27 85
27 99
27 128
27 222
27 226
27 238
27 249
27 300
27 498
27 553
27 600
27 683
27 696
27 740
27 847
27 897
28 79
28 96
28 97
28 103
28 134
28 141
28 158
28 159
28 302
28 337
28 338
28 342
28 357
28 363
28 421
28 463
28 542
28 577
28 599
28 669
28 714
28 745
28 809
28 923
29 42
29 114
29 134
29 170
29 177
29 209
29 248
29 253
29 364
29 365
29 378
29 514
29 522
29 566
29 614
29 839
29 907
30 88
30 96
30 135
30 142
30 144
30 148
30 177
30 180
30 203
30 206
30 208
30 215
30 229
30 235
30 298
30 320
30 328
30 341
30 362
30 434
30 470
30 539
30 577
30 615
30 616
30 626
30 629
30 675
30 892
30 943
31 103
31 198
31 199
31 219
31 368
31 458
31 482
31 542
31 651
31 694
31 753
31 824
31 909
32 35
32 36
32 44
32 49
32 59
32 65
32 71
32 73
32 75
32 79
32 89
32 123
32 143
32 151
32 153
32 181
32 187
32 201
32 205
32 213
32 220
32 222
32 251
32 263
32 303
32 312
32 320
32 345
32 350
32 364
32 389
32 391
32 395
32 411
32 431
32 433
32 434
32 449
32 470
32 476
32 481
32 543
32 592
32 600
32 606
32 677
32 684
32 747
32 758
32 790
32 824
32 850
32 855
32 920
32 923
32 938
33 46
33 47
33 69
33 71
33 74
33 81
33 109
33 217
33 284
33 466
33 567
33 655
33 757
33 830
33 840
33 907
33 915
34 36
34 44
34 48
34 84
34 89
34 102
34 269
34 281
34 305
34 472
34 636
34 735
34 795
34 942
35 46
35 77
35 122
35 215
35 247
35 251
35 283
35 315
35 386
35 400
35 467
35 574
35 617
35 638
35 643
35 669
35 715
36 39
36 56
36 72
36 87
36 90
36 92
36 156
36 173
36 261
36 266
36 279
36 306
36 387
36 411
36 414
36 536
36 663
36 910
36 921
36 929
37 54
37 80
37 121
37 134
37 200
37 209
37 234
37 235
37 239
37 244
37 272
37 300
37 393
37 430
37 469
37 507
37 516
37 544
37 590
37 623
37 634
37 644
37 695
37 697
37 724
37 762
37 803
37 818
37 879
38 41
38 48
38 82
38 101
38 111
38 132
38 142
38 147
38 151
38 160
38 196
38 206
38 215
38 217
38 298
38 310
38 344
38 392
38 446
38 455
38 471
38 486
38 506
38 544
38 575
38 596
38 706
38 709
38 722
38 730
38 776
38 825
38 905
38 934
39 70
39 79
39 91
39 97
39 140
39 510
39 690
39 788
39 826
40 45
40 48
40 53
40 56
40 61
40 69
40 71
40 81
40 89
40 97
40 115
40 119
40 124
40 126
40 137
40 159
40 167
40 171
40 181
40 227
40 230
40 240
40 245
40 256
40 288
40 291
40 305
40 326
40 406
40 417
40 471
40 525
40 533
40 582
40 618
40 637
40 682
40 693
40 704
40 743
40 748
40 783
40 804
40 833
40 835
40 838
40 863
40 914
41 48
41 66
41 93
41 95
41 100
41 140
41 167
41 192
41 216
41 236
41 279
41 328
41 393
41 429
41 456
41 553
41 602
41 627
41 638
41 683
41 785
41 822
41 857
41 872
42 52
42 54
42 85
42 111
42 114
42 127
42 160
42 188
42 206
42 344
42 454
42 554
42 558
42 561
42 566
42 584
42 603
42 631
42 637
42 666
42 719
42 740
42 845
42 920
43 56
43 87
43 111
43 115
43 162
43 170
43 185
43 320
43 331
43 409
43 410
43 453
43 454
43 484
43 562
43 598
43 614
43 686
43 727
43 832
43 939
43 940
44 50
44 52
44 55
44 77
44 102
44 113
44 137
44 138
44 155
44 164
44 179
44 202
44 233
44 253
44 276
44 301
44 304
44 334
44 361
44 366
44 375
44 385
44 439
44 471
44 484
44 523
44 610
44 729
44 827
44 851
44 883
44 921
45 52
45 62
45 68
45 95
45 102
45 133
45 145
45 168
45 169
45 176
45 214
45 224
45 247
45 249
45 269
45 287
45 315
45 321
45 357
45 366
45 382
45 468
45 491
45 528
45 591
45 597
45 727
45 830
45 877
45 884
45 895
45 947
46 214
46 266
46 311
46 430
46 452
46 554
46 606
46 679
46 764
46 841
47 54
47 58
47 83
47 113
47 126
47 145
47 146
47 180
47 216
47 295
47 320
47 348
47 742
47 798
47 807
47 922
48 51
48 73
48 99
48 130
48 131
48 157
48 287
48 383
48 436
48 463
48 499
48 650
48 681
48 794
49 71
49 75
49 93
49 217
49 258
49 303
49 429
49 522
49 694
49 812
49 845
49 872
49 891
49 915
50 80
50 232
50 899
51 86
51 136
51 143
51 145
51 167
51 238
51 270
51 305
51 573
51 584
51 759
52 57
52 100
52 132
52 156
52 204
52 245
52 248
52 270
52 281
52 306
52 349
52 351
52 366
52 369
52 445
52 488
52 538
52 558
52 640
52 678
52 803
52 919
53 88
53 108
53 136
53 331
53 372
53 386
53 485
53 632
53 660
53 699
53 862
53 886
54 63
54 65
54 66
54 72
54 73
54 78
54 83
54 127
54 188
54 189
54 229
54 237
54 323
54 421
54 459
54 620
54 624
54 788
54 890
55 68
55 106
55 150
55 175
55 217
55 220
55 275
55 278
55 303
55 307
55 471
55 511
55 534
55 593
55 865
55 909
56 76
56 131
56 132
56 139
56 158
56 178
56 185
56 211
56 213
56 259
56 306
56 341
56 409
56 502
56 517
56 560
56 703
56 720
56 752
56 771
56 845
56 877
56 884
57 62
57 109
57 114
57 125
57 241
57 550
57 560
57 779
57 912
58 66
58 73
58 79
58 93
58 118
58 121
58 174
58 183
58 254
58 276
58 285
58 294
58 295
58 319
58 354
58 491
58 504
58 593
58 693
58 701
58 751
58 876
58 912
59 63
59 67
59 73
59 80
59 83
59 91
59 103
59 116
59 123
59 135
59 136
59 146
59 161
59 186
59 210
59 211
59 230
59 247
59 257
59 258
59 283
59 286
59 348
59 370
59 375
59 414
59 420
59 438
59 443
59 480
59 518
59 606
59 693
59 697
59 709
59 716
59 730
59 742
59 770
59 781
59 826
59 857
59 885
59 918
59 932
60 157
60 184
60 208
60 209
60 304
60 322
60 356
60 363
60 633
60 644
60 727
60 800
61 81
61 112
61 123
61 125
61 127
61 161
61 210
61 232
61 241
61 260
61 313
61 327
61 333
61 451
61 487
61 530
61 585
61 586
61 624
61 666
61 750
61 758
61 765
61 839
61 905
61 917
61 937
62 78
62 99
62 133
62 138
62 152
62 155
62 176
62 221
62 252
62 271
62 330
62 338
62 415
62 451
62 542
62 661
62 662
62 723
62 764
62 794
62 827
62 858
62 861
62 891
62 946
63 69
63 120
63 123
63 153
63 224
63 229
63 293
63 355
63 469
63 488
63 591
63 659
63 690
63 791
64 103
64 170
64 208
64 287
64 312
64 402
64 453
64 538
64 623
64 631
64 674
64 678
64 764
64 794
64 921
65 173
65 179
65 220
65 244
65 394
65 420
65 525
65 690
65 731
65 933
65 941
66 78
66 620
66 693
66 780
66 889
67 68
67 71
67 115
67 138
67 159
67 184
67 236
67 240
67 310
67 401
67 403
67 430
67 523
67 550
67 607
67 615
67 667
67 669
67 790
67 800
67 843
67 872
67 878
67 879
67 898
68 69
68 123
68 576
69 224
69 314
69 360
69 801
70 90
70 92
70 105
70 122
70 135
70 149
70 171
70 326
70 447
70 700
71 105
71 116
71 119
71 126
71 138
71 143
71 204
71 316
71 323
71 377
71 443
71 521
71 523
71 680
71 682
71 805
71 937
71 945
72 199
72 211
72 226
72 327
72 339
72 461
72 640
72 721
73 88
73 94
73 127
73 302
73 384
73 856
74 104
74 285
75 81
75 97
75 101
75 132
75 139
75 143
75 146
75 157
75 160
75 212
75 223
75 258
75 262
75 272
75 341
75 352
75 355
75 379
75 420
75 452
75 469
75 490
75 517
75 649
75 655
75 672
75 714
75 726
75 749
75 779
75 804
75 816
75 869
76 104
76 196
76 241
76 362
76 925
77 83
77 92
77 239
77 292
77 425
77 456
77 460
77 560
77 743
77 781
78 107
78 150
78 302
78 317
78 338
78 414
78 446
78 554
78 614
78 639
78 692
78 771
78 945
79 105
79 116
79 120
79 195
79 228
79 233
79 265
79 319
79 395
79 474
79 516
79 543
79 628
79 643
79 862
79 877
79 906
80 84
80 86
80 183
80 219
80 329
80 371
80 406
80 419
80 473
80 493
80 522
80 525
80 550
80 935
81 278
81 301
81 412
81 413
82 84
82 151
82 164
82 221
82 342
82 427
82 463
82 502
82 562
82 596
82 612
82 630
82 668
82 670
82 674
82 676
82 678
82 685
82 820
82 914
82 919
82 925
83 156
83 323
83 515
83 728
84 188
84 235
84 481
84 826
84 829
84 835
84 843
85 98
85 232
85 261
85 395
85 512
85 546
85 551
85 573
85 672
85 718
85 788
86 182
86 242
86 268
86 273
86 306
86 684
86 735
86 777
87 223
87 437
87 605
87 689
88 100
88 120
88 167
88 246
88 270
88 282
88 381
88 420
88 424
88 441
88 467
88 476
88 528
88 529
88 577
88 651
88 777
88 806
88 876
88 929
88 934
89 179
89 201
89 287
89 351
89 482
89 516
89 555
89 584
89 705
89 736
89 755
90 277
90 284
90 543
90 616
90 634
90 696
90 804
91 136
91 141
91 265
91 808
91 864
92 94
92 98
92 139
92 166
92 216
92 227
92 275
92 346
92 702
92 711
92 756
92 802
92 832
93 96
93 344
93 372
93 493
94 106
94 150
94 190
94 191
94 228
94 326
94 408
94 411
94 433
94 438
94 499
94 531
94 540
94 657
94 777
94 785
94 789
94 880
94 895
94 910
95 98
95 353
95 628
95 680
95 781
95 791
96 120
96 122
96 165
96 198
96 235
96 265
96 274
97 122
97 143
97 147
97 387
97 648
97 756
97 828
98 119
98 164
98 210
98 227
98 367
98 496
98 569
98 752
98 814
99 140
99 279
99 314
99 418
99 458
99 480
99 597
99 607
99 718
99 742
99 756
99 897
99 900
99 904
99 918
100 418
100 567
100 598
100 835
101 127
101 136
101 154
101 163
101 202
101 280
101 311
101 388
101 879
101 919
102 110
102 193
102 211
102 254
102 262
102 388
102 401
102 480
102 550
102 619
102 750
102 893
102 934
103 126
103 189
103 215
103 246
103 688
103 868
104 117
104 134
104 137
104 225
104 280
104 282
104 307
104 358
104 561
104 598
104 737
104 892
105 108
105 160
105 238
105 377
105 529
105 608
105 660
105 719
105 740
105 753
105 808
105 906
106 148
106 151
106 163
106 169
106 196
106 219
106 225
106 231
106 233
106 252
106 277
106 283
106 291
106 307
106 336
106 361
106 371
106 396
106 457
106 537
106 555
106 563
106 658
106 721
106 742
106 789
106 800
106 836
106 943
107 120
107 313
107 530
107 625
107 675
107 681
107 704
107 837
107 865
108 125
108 161
108 203
108 207
108 444
108 493
108 552
108 712
108 787
108 816
109 189
109 218
109 223
109 391
109 444
109 538
109 782
109 787
109 870
109 875
110 131
110 188
110 261
110 273
110 308
110 426
110 581
110 665
110 759
110 796
111 168
111 182
111 194
111 234
111 300
111 359
111 408
111 417
111 431
111 471
111 506
111 514
111 839
112 142
112 175
112 194
112 343
112 354
112 363
112 371
112 485
112 889
113 148
113 152
113 293
113 389
113 483
113 530
113 717
114 419
114 512
115 119
115 150
115 168
115 201
115 226
115 240
115 312
115 313
115 460
115 514
115 760
115 811
115 925
116 138
116 204
116 213
116 570
116 597
117 153
117 154
117 180
117 220
117 289
117 299
117 325
117 422
117 472
117 473
117 485
117 594
117 883
118 121
118 264
118 371
118 381
118 384
118 385
118 652
118 662
118 836
119 124
119 187
119 194
119 200
119 234
119 330
119 422
119 533
119 536
119 579
119 614
119 655
119 945
120 261
120 316
120 351
120 405
120 470
120 531
120 590
120 617
120 798
120 803
120 902
121 206
121 383
121 427
121 642
122 451
122 528
122 571
122 603
122 705
122 868
123 160
123 184
123 253
123 254
123 354
123 641
123 844
123 903
123 927
124 213
124 564
124 852
125 353
125 356
125 362
125 427
125 429
125 575
125 711
125 732
125 733
125 741
125 762
125 801
126 171
126 205
126 221
126 260
126 335
126 415
126 435
126 440
126 458
126 658
126 664
126 939
127 137
127 159
127 176
127 192
127 252
127 260
127 264
127 268
127 316
127 410
127 433
127 441
127 442
127 443
127 482
127 550
127 633
127 650
127 671
127 706
127 707
127 728
127 741
127 774
127 797
127 903
127 936
128 192
128 428
128 473
128 700
129 135
129 249
129 272
129 290
129 401
129 635
130 154
130 181
130 239
130 486
130 683
130 698
130 701
130 741
130 751
130 775
130 887
131 250
131 255
131 317
131 348
131 418
131 501
131 592
131 755
131 793
131 943
132 150
132 166
132 177
132 219
132 370
132 619
132 774
132 775
132 838
132 948
133 207
133 575
133 576
133 730
133 822
133 850
134 191
134 210
134 628
134 729
134 793
135 139
135 207
135 289
135 431
135 635
135 644
135 703
135 793
135 847
135 873
135 901
136 166
136 229
136 340
136 562
136 574
136 588
136 674
136 679
136 773
136 941
137 547
137 576
137 673
137 699
137 753
137 903
137 924
138 156
138 551
138 680
139 153
139 601
139 677
139 695
139 755
140 191
140 240
140 251
140 287
140 378
140 517
140 640
140 668
140 697
140 722
140 796
140 913
140 921
141 162
141 172
141 229
141 292
141 293
141 366
141 372
141 407
141 428
141 453
141 512
141 570
141 571
141 604
141 639
141 661
141 679
141 774
142 155
142 193
142 200
142 213
142 218
142 310
142 349
142 419
142 454
142 493
142 555
142 593
142 677
142 888
142 944
143 146
143 256
143 321
143 417
143 738
143 759
144 184
144 201
144 218
144 312
144 505
144 509
144 520
144 556
144 617
144 696
144 858
145 173
145 175
145 186
145 216
145 263
145 400
145 403
145 439
145 539
145 679
145 695
145 833
145 863
145 870
146 212
146 331
146 364
146 416
146 419
146 455
146 578
146 612
146 657
146 664
146 757
146 802
147 149
147 193
147 202
147 208
147 296
147 370
147 407
147 625
147 790
147 823
148 158
148 360
148 666
148 836
148 866
149 175
149 651
149 654
150 195
150 200
150 246
150 273
150 391
150 489
150 494
151 163
151 182
151 396
151 475
151 580
152 212
152 226
152 393
152 541
152 609
152 646
152 653
152 865
153 171
153 188
153 343
153 425
153 657
153 750
153 772
153 810
153 901
154 505
155 161
155 405
155 441
155 468
155 620
155 702
155 828
155 866
156 194
156 520
156 599
156 602
157 358
157 415
157 557
158 449
158 520
159 162
159 225
159 397
159 462
159 629
159 806
159 887
160 179
160 197
160 425
160 699
160 840
160 940
161 174
161 329
162 168
162 321
162 339
162 342
162 474
162 489
162 537
162 568
162 799
163 212
163 241
163 292
163 311
163 743
163 896
164 626
164 721
164 770
164 783
164 804
165 319
165 324
165 349
165 378
165 661
165 722
165 841
165 907
166 171
166 214
166 261
166 324
166 393
166 523
166 670
166 684
166 927
167 558
167 630
167 781
168 185
168 339
168 420
168 500
169 227
169 274
169 275
169 358
169 376
169 414
169 513
169 521
169 599
169 792
169 841
169 938
170 177
170 185
170 198
170 286
170 510
170 527
170 609
170 785
170 854
171 230
171 250
171 280
171 310
171 407
171 466
171 503
171 541
171 542
171 610
171 719
171 883
172 362
172 375
172 827
172 876
173 199
173 243
173 369
173 491
173 495
173 503
173 552
173 672
173 731
173 761
174 259
174 264
174 598
174 612
174 640
174 864
175 191
175 224
175 275
175 515
176 204
176 778
176 784
176 890
177 243
177 359
177 400
177 865
178 245
178 769
178 949
179 231
179 243
179 327
179 340
179 479
179 508
180 212
180 244
180 286
180 631
180 659
181 265
181 509
181 536
181 585
181 741
182 406
182 846
183 460
183 618
183 708
183 718
183 735
184 225
184 297
184 312
184 319
184 373
184 548
184 654
184 744
184 834
185 193
185 472
185 581
185 650
185 762
186 190
186 222
186 244
186 350
186 353
186 377
186 442
186 476
186 621
186 801
186 821
186 867
187 250
187 283
187 307
187 379
187 447
187 549
187 850
187 874
188 273
188 403
188 411
188 436
188 601
188 667
189 198
189 302
190 195
190 232
190 234
190 304
190 478
190 535
190 649
190 674
190 907
191 218
191 228
191 361
191 456
191 519
191 594
191 645
191 848
192 317
192 556
192 747
193 335
193 504
193 623
193 759
194 237
194 250
194 307
194 344
194 358
194 360
194 570
194 691
194 738
194 754
194 766
194 864
195 230
195 280
195 387
195 548
195 623
195 624
196 204
196 249
196 281
196 290
196 394
196 627
196 761
196 931
197 388
197 390
197 413
197 543
197 545
197 551
197 552
197 583
197 745
198 295
198 402
198 642
199 688
199 822
200 247
200 303
200 335
200 404
200 461
200 656
201 286
201 357
201 378
201 413
201 461
201 489
201 630
201 647
201 664
201 687
201 861
202 251
202 282
202 328
202 379
202 446
202 595
202 905
203 274
203 278
203 311
203 447
203 474
203 500
203 622
203 800
204 356
204 360
204 387
204 409
204 630
205 255
205 303
205 341
205 374
205 477
205 487
205 494
205 509
205 564
205 641
205 725
205 760
206 325
206 338
206 444
206 467
206 523
206 546
206 609
206 615
206 699
206 714
206 823
206 844
207 218
207 267
207 343
207 397
207 437
207 548
207 931
207 933
208 475
208 477
208 538
208 790
209 215
209 237
209 450
209 594
209 635
209 682
209 687
209 728
209 870
209 947
210 483
210 561
210 632
211 248
211 282
211 288
211 576
211 634
211 684
211 728
211 770
211 880
212 332
212 616
212 881
212 946
213 255
213 309
213 347
213 379
213 498
213 670
213 723
213 734
213 788
213 865
214 257
214 363
214 732
215 222
215 417
215 428
215 463
215 553
215 599
215 633
215 716
215 737
215 740
215 911
215 949
216 231
216 395
216 733
217 222
217 271
217 412
217 511
217 778
217 814
217 843
217 848
217 867
217 881
218 308
218 374
218 594
218 661
218 675
218 725
218 766
218 882
218 948
219 270
219 336
220 264
220 349
220 382
220 762
220 768
221 495
222 259
222 313
222 319
222 335
222 339
222 472
222 579
222 608
222 692
222 716
222 724
222 822
222 873
222 878
222 882
222 898
223 284
223 340
223 351
223 366
223 422
223 531
224 269
224 596
224 821
224 840
224 930
225 233
225 262
225 735
225 857
226 374
226 378
226 415
226 459
226 575
226 601
226 831
226 920
227 389
227 725
227 901
228 249
228 275
228 279
228 328
228 362
228 367
228 479
229 292
229 299
229 339
229 447
229 457
229 515
229 685
229 698
229 731
229 852
229 936
230 248
230 405
230 413
230 453
230 529
230 559
231 322
231 330
232 298
232 455
232 541
232 676
232 838
233 323
233 375
233 416
233 497
233 746
234 276
234 527
234 698
234 833
235 337
235 383
235 908
235 949
236 448
236 715
237 257
237 336
237 438
237 528
237 667
238 239
238 306
238 365
238 486
238 491
238 863
239 296
239 333
239 736
239 811
239 900
240 243
240 274
240 361
240 396
240 588
241 325
241 557
241 711
241 938
242 254
242 549
242 574
242 584
242 910
242 911
243 262
243 329
243 385
243 535
243 771
243 918
244 376
244 412
244 432
244 508
244 947
245 290
245 474
245 573
245 662
246 272
246 324
246 682
247 293
247 365
247 398
247 439
247 686
247 926
248 276
248 549
248 896
249 299
251 528
251 592
252 267
252 294
252 383
252 427
252 436
252 450
252 481
252 552
252 807
252 844
253 257
253 282
253 803
253 830
253 862
255 259
255 260
255 310
255 426
255 497
255 612
255 906
256 518
256 820
257 268
257 277
257 326
257 347
257 421
257 587
257 622
257 730
257 818
257 902
257 913
260 597
260 810
261 318
261 586
261 777
261 934
262 330
262 437
262 460
262 611
262 745
263 283
263 430
263 498
263 563
263 572
263 708
264 277
264 368
264 373
264 380
264 570
265 475
265 524
265 621
265 872
266 927
267 315
267 367
267 478
267 524
267 766
267 783
267 818
268 410
268 466
268 524
268 570
268 589
268 774
269 431
269 454
269 621
270 271
270 434
270 490
270 582
271 295
271 331
271 350
271 714
272 451
272 881
272 903
273 497
273 513
274 392
274 446
274 476
274 641
274 880
275 565
275 604
276 321
276 347
276 352
276 641
277 327
277 434
277 635
277 644
277 842
278 527
278 539
278 583
279 284
279 285
279 290
279 308
279 316
279 330
279 404
279 492
279 631
279 633
279 772
280 383
280 407
280 423
280 457
281 294
281 320
282 294
282 375
282 457
282 481
282 602
282 654
283 422
283 543
283 767
283 796
284 300
284 374
284 574
284 605
284 606
284 651
284 748
285 322
285 357
285 559
285 561
285 781
286 370
286 374
286 535
286 815
287 751
287 796
287 881
288 380
288 443
288 697
288 804
288 821
289 325
289 489
289 554
289 558
289 578
289 593
289 643
289 904
289 909
290 359
291 490
291 920
292 424
292 544
292 595
292 663
292 685
292 727
292 799
293 323
293 487
293 492
293 536
293 566
293 653
293 710
294 445
294 756
295 337
295 451
295 462
295 890
296 314
296 454
296 534
296 561
296 591
296 874
297 340
297 664
298 302
298 348
298 435
298 449
298 502
298 538
298 603
298 729
298 736
299 670
299 674
300 468
300 529
300 692
300 871
300 889
300 935
301 778
301 834
302 459
302 490
302 512
302 581
302 710
303 356
303 391
303 492
303 532
303 786
304 356
304 360
304 514
304 527
304 611
304 736
304 845
305 535
306 318
306 369
306 846
307 309
307 333
307 806
307 807
308 436
308 547
308 590
308 624
308 747
308 815
308 919
309 478
309 667
310 317
310 370
310 384
310 426
310 469
310 567
311 409
311 416
311 524
311 599
311 723
311 806
312 521
313 518
313 814
313 900
314 345
314 431
314 495
315 609
316 444
316 450
316 457
316 723
316 942
317 372
317 392
317 418
317 425
317 660
317 893
317 905
317 923
318 426
318 540
318 632
319 526
319 828
320 644
322 355
322 394
322 500
322 597
323 336
323 352
323 390
323 469
323 496
323 634
323 687
323 689
323 700
323 780
323 803
323 836
323 894
323 937
324 567
324 586
324 600
324 640
324 690
325 329
325 468
325 473
325 885
326 813
326 864
327 433
327 501
327 540
327 666
327 848
327 850
327 921
328 672
329 395
329 402
330 466
330 531
330 931
331 508
331 646
331 941
332 382
332 419
332 464
332 483
332 485
332 490
332 532
332 587
332 795
335 590
335 692
336 392
336 408
336 432
336 656
336 949
338 524
338 663
338 720
338 725
338 788
339 557
339 769
340 386
340 440
340 560
340 616
340 671
340 713
340 789
341 439
341 446
341 832
341 837
342 386
342 580
342 613
342 621
342 896
342 928
343 353
343 473
343 712
343 912
344 607
344 678
344 859
344 913
344 946
345 890
346 437
346 498
346 499
346 805
347 440
347 445
347 449
347 517
347 521
347 602
347 675
347 780
347 833
347 861
348 646
348 851
349 559
350 353
350 499
350 596
350 627
350 681
350 704
350 760
350 843
350 854
352 359
352 450
352 453
352 611
352 893
353 441
353 452
353 458
353 794
353 915
354 514
354 583
354 761
354 821
355 368
355 384
355 455
355 505
355 676
355 703
355 754
355 853
355 860
355 931
356 405
356 417
356 465
356 625
356 744
356 853
356 894
356 914
356 944
357 397
357 591
358 537
359 767
360 363
360 390
360 464
360 566
360 905
361 553
361 706
361 928
362 397
362 404
362 448
362 487
362 578
362 607
362 676
363 494
363 553
363 713
364 512
364 583
365 494
365 572
366 464
366 546
366 671
366 838
366 860
367 649
367 916
368 615
369 435
369 519
369 717
370 477
371 568
372 413
372 571
372 848
374 562
375 541
375 894
376 441
376 582
376 592
376 655
376 945
377 403
377 432
377 547
377 605
377 648
378 465
378 602
378 689
378 767
379 501
379 616
379 932
380 386
380 580
381 399
381 462
381 847
381 944
382 488
382 510
382 595
382 629
382 836
382 871
382 937
383 699
383 820
384 403
384 406
384 639
384 667
384 752
384 827
384 869
385 733
385 784
385 792
386 563
386 948
387 542
387 656
387 685
388 485
389 689
389 839
390 399
390 425
390 426
390 455
390 582
390 642
390 671
391 414
391 483
391 530
391 645
391 713
391 916
392 393
392 396
392 424
393 665
393 744
393 885
394 423
394 861
395 428
395 899
396 492
396 746
396 936
397 507
397 799
398 465
398 493
398 610
399 477
399 677
399 909
399 916
400 650
402 604
403 440
405 432
405 517
405 709
405 880
405 908
406 515
406 551
406 579
407 468
407 633
407 652
407 712
407 808
407 904
408 750
409 548
409 819
410 456
410 519
410 858
411 510
411 551
411 552
411 595
411 598
411 613
411 785
412 461
412 554
412 737
414 507
414 722
414 742
415 527
417 549
417 604
417 630
417 702
417 814
418 771
419 526
419 577
419 646
419 829
421 424
421 556
422 665
422 720
423 793
423 820
423 936
424 691
424 917
425 564
426 497
426 534
426 795
427 855
427 941
428 892
429 462
429 556
429 752
430 484
430 511
430 776
430 884
431 492
431 569
431 637
431 726
431 828
432 433
432 522
432 537
432 611
432 648
432 867
432 903
432 924
433 656
434 480
434 812
434 874
435 464
435 519
435 765
435 938
436 484
436 652
436 707
436 718
436 734
436 778
436 859
437 791
437 823
437 852
439 442
439 589
439 876
441 837
441 885
442 482
442 516
442 580
442 710
442 852
442 911
443 849
444 646
446 579
446 635
446 780
449 545
449 556
449 569
450 508
450 648
450 652
450 713
451 510
451 536
451 708
451 846
451 884
451 891
452 462
452 565
452 573
453 484
453 757
453 766
453 776
453 777
453 875
455 507
455 649
457 748
457 897
458 588
458 653
458 765
460 465
461 708
461 863
462 574
462 768
463 738
464 819
465 859
466 942
467 687
467 715
468 511
468 892
469 476
469 772
471 845
472 618
472 855
474 694
474 725
476 564
476 568
476 891
476 947
477 478
477 730
479 497
480 504
480 508
480 624
481 496
482 521
482 563
483 601
483 789
483 894
484 782
484 802
485 709
485 739
486 710
486 809
487 562
488 908
489 706
490 495
490 571
490 681
491 513
491 573
491 608
491 611
491 626
491 695
492 503
492 776
492 873
492 898
493 647
493 891
493 899
495 584
496 654
496 816
496 932
497 539
497 541
497 547
497 606
497 673
497 875
498 588
498 622
498 684
498 815
498 846
498 877
499 596
500 558
500 620
500 726
501 641
501 704
501 724
501 802
501 947
502 792
505 513
505 697
506 678
507 798
508 680
509 732
509 813
509 881
510 738
510 910
510 914
511 773
511 774
511 817
512 615
513 583
513 619
513 622
516 763
516 769
517 613
517 733
517 859
518 896
519 764
521 672
522 557
522 593
522 695
522 754
523 809
523 940
524 618
527 670
527 705
527 737
527 910
529 681
529 933
533 831
533 851
533 870
534 585
534 739
535 726
536 545
537 786
537 886
538 639
539 564
539 565
540 587
540 791
541 797
545 747
545 813
546 559
546 613
546 658
547 701
547 723
551 580
551 586
551 656
551 755
551 857
552 623
553 688
554 878
555 649
555 689
555 831
555 926
556 628
556 847
558 795
559 749
559 882
560 637
560 735
560 895
564 721
565 775
568 643
568 765
568 849
569 779
570 871
571 773
571 883
573 807
573 884
573 894
574 673
574 866
574 888
575 717
575 819
575 901
576 806
576 915
578 660
578 854
578 922
580 856
581 686
583 717
585 603
585 828
587 600
587 935
589 663
589 707
589 744
590 642
590 692
590 772
591 711
591 734
591 739
591 858
592 883
593 685
594 746
595 909
596 660
597 608
597 722
597 816
598 638
598 741
599 673
599 705
600 601
602 813
602 885
604 683
604 770
604 797
606 634
607 659
607 763
609 734
610 858
611 626
613 791
613 821
614 778
615 784
615 941
616 755
616 767
616 779
616 898
617 662
617 701
620 878
621 851
624 825
624 871
625 757
626 765
626 812
626 842
626 900
628 698
628 758
628 783
629 759
629 844
630 751
631 691
631 847
631 848
631 942
632 747
633 698
633 831
633 832
634 639
634 799
634 842
635 786
635 793
635 874
636 786
636 896
636 930
642 746
642 900
643 654
643 668
643 714
643 733
643 794
643 886
644 801
645 677
648 764
648 893
649 700
649 826
650 673
650 694
650 736
650 817
650 859
652 762
653 668
653 805
655 784
657 731
658 768
659 679
659 830
661 904
663 754
665 943
666 926
668 817
669 686
670 748
671 718
671 744
671 811
671 860
673 746
674 768
674 887
675 882
676 683
678 812
679 937
683 702
683 752
683 849
684 763
689 857
693 928
695 775
696 802
696 888
697 701
698 839
699 899
700 705
700 728
702 784
703 929
704 798
705 908
706 724
706 879
709 738
709 846
710 837
710 922
710 936
713 895
714 864
714 866
716 798
720 853
722 787
726 729
729 924
730 750
730 835
730 875
730 930
731 801
731 908
734 799
734 835
734 902
735 853
737 834
737 844
739 911
739 914
741 890
747 758
747 886
748 942
750 902
752 796
753 769
757 769
759 808
759 868
761 795
761 862
761 930
765 792
770 873
773 946
778 840
778 932
781 785
781 786
781 819
783 927
791 805
792 829
792 918
792 939
793 902
794 875
798 825
806 826
806 935
807 912
808 930
809 820
810 906
814 843
815 933
816 886
819 878
820 949
821 838
823 882
823 945
824 837
828 870
842 944
847 920
850 939
854 944
856 940
867 895
874 906
877 924
883 904
890 917
904 919
909 923
912 928
922 938
929 943
947 948
