0	0.87730307
1	0.87738968
2	0.87717025
3	0.84161647
4	0.87297453
5	0.87438902
6	0.86935664
7	0.87717431
8	0.87720274
9	0.87722997
10	0.87678057
11	0.85714973
12	0.87658913
13	0.87064094
14	0.87696619
15	0.87720318
16	0.87747903
17	0.87747936
18	0.87751295
19	0.87732821
20	0.87727585
21	0.87717190
22	0.87733271
23	0.87737925
24	0.87747805
25	0.87730856
26	0.87750648
27	0.87745993
28	0.87741888
29	0.87659122
31	0.87735906
32	0.87748979
33	0.87710681
34	0.87719726
35	0.87744533
36	0.87645005
39	0.87707629
42	0.87692130
44	0.87704951
46	0.87136685
50	0.87707223
51	0.87685960
52	0.87566213
55	0.87617113
56	0.87658990
61	0.86872656
64	0.87676948
65	0.86991844
78	0.86267212
83	0.87239166
85	0.86808134
88	0.85976795
89	0.87558090
92	0.86035049
101	0.85802173
102	0.84188847
106	0.87202108
107	0.86815423
109	0.87045631
115	0.87004709
123	0.87010889
125	0.86440318
135	0.85916114
139	0.83810757
141	0.83705192
147	0.84992283
149	0.85078694
155	0.86772426
158	0.84891745
159	0.83730593
162	0.86394940
164	0.85905598
172	0.83114687
186	0.82961416
188	0.81580527
189	0.82873908
191	0.82696136
202	0.84295829
203	0.82460911
215	0.83926915
219	0.77380307
222	0.82351010
224	0.85576015
234	0.79337475
239	0.82139308
242	0.82199671
244	0.81287903
246	0.81315412
248	0.81074061
256	0.83964643
257	0.84647322
261	0.84200505
269	0.76809528
272	0.84029012
275	0.78530757
282	0.84715851
283	0.79302184
286	0.80371921
297	0.77031482
299	0.82105060
305	0.81890022
309	0.84745653
312	0.81132547
320	0.82325291
323	0.82835379
330	0.83480395
337	0.82921943
343	0.77283611
359	0.78628617
368	0.82923644
369	0.76744544
373	0.77628771
392	0.79774446
413	0.78550263
420	0.81331701
438	0.69096795
443	0.79528364
448	0.75678463
451	0.76305148
460	0.80686751
465	0.73833260
474	0.76931021
475	0.77251065
480	0.77797585
493	0.69902097
496	0.78659330
505	0.72990911
532	0.79098035
533	0.73594149
539	0.78696290
544	0.74201625
551	0.76950834
556	0.73765115
558	0.76387497
561	0.71644709
563	0.71393074
577	0.70430099
588	0.75645302
590	0.73643502
594	0.74722711
604	0.72068288
612	0.73128485
618	0.71366487
627	0.72062613
632	0.76133041
637	0.69878880
638	0.75229341
641	0.72742744
655	0.68632448
679	0.69244863
684	0.66902217
686	0.74560845
704	0.71192360
708	0.76757069
720	0.69457805
722	0.67974588
724	0.71393194
725	0.69348485
731	0.69622975
742	0.70567640
751	0.70289232
777	0.71205829
782	0.70894007
784	0.68262053
785	0.70311251
797	0.73165104
800	0.66175763
808	0.67945993
810	0.72506707
815	0.69669627
828	0.67493578
836	0.69906685
855	0.68301482
866	0.67204029
869	0.69996059
886	0.67351811
893	0.66732788
898	0.66920154
904	0.67713568
30	0.87582613
37	0.87721734
40	0.87715950
47	0.87669824
49	0.87728716
57	0.87528979
60	0.87632623
67	0.87450450
70	0.86961251
71	0.87707903
73	0.87582876
75	0.87638804
80	0.87152623
90	0.86993633
98	0.87373974
113	0.86974874
116	0.85625049
118	0.86809385
119	0.86832865
122	0.84682975
126	0.84665653
134	0.87191153
136	0.86593688
146	0.84885093
150	0.86998540
152	0.85715499
167	0.84212821
178	0.83964687
179	0.79158156
182	0.85587849
201	0.80239802
205	0.84494555
209	0.81640856
211	0.80564457
216	0.80625917
220	0.84138002
227	0.84605532
229	0.86472151
230	0.81956323
245	0.79500933
249	0.83028397
259	0.79778211
266	0.82900516
278	0.80578639
291	0.76703106
321	0.81057530
325	0.79378661
328	0.81761614
331	0.78464468
335	0.83376301
339	0.78927574
340	0.82484116
350	0.76171175
352	0.73307640
362	0.80398902
384	0.83158211
385	0.76972975
389	0.77986619
391	0.77580999
405	0.77217827
414	0.81562821
425	0.78962327
447	0.79466246
449	0.79544731
453	0.76031328
456	0.76513260
459	0.73137629
461	0.80398057
482	0.75448518
487	0.73321701
498	0.77507706
507	0.73837991
511	0.73265082
554	0.73243666
568	0.72763831
602	0.72065148
610	0.68695730
629	0.71562536
644	0.73196389
680	0.73624325
698	0.73127058
741	0.72257618
750	0.66774863
757	0.75104435
770	0.68475170
809	0.69904336
812	0.67635730
820	0.71138441
822	0.68685477
846	0.66782547
874	0.66798716
910	0.67125796
38	0.87719846
41	0.87711658
59	0.87170790
62	0.87524347
63	0.87734654
66	0.86479769
69	0.87358946
77	0.87641460
86	0.87494083
93	0.86972371
94	0.87519407
95	0.86552426
104	0.87255357
105	0.87695027
108	0.83903008
128	0.86068430
133	0.86465982
137	0.86791789
138	0.85301658
140	0.83580516
145	0.86683502
156	0.85558913
160	0.86416531
161	0.85882305
168	0.85203853
175	0.85600241
206	0.80892711
212	0.83281164
217	0.85395675
223	0.85821482
228	0.82026015
236	0.80592536
237	0.80622788
251	0.80630944
252	0.85883095
253	0.76142195
254	0.84591262
263	0.82471482
265	0.83665928
270	0.82122667
271	0.80073381
279	0.83153589
281	0.84150922
285	0.76579210
290	0.86810966
293	0.77603578
324	0.82576015
342	0.72984687
344	0.80769297
346	0.76811383
353	0.79223030
354	0.78641833
361	0.81337091
364	0.78093952
371	0.80854281
377	0.78295565
381	0.77185499
383	0.76422942
393	0.80306937
397	0.78736926
403	0.78148222
418	0.75970033
419	0.74882623
455	0.76904204
464	0.71911295
469	0.73204303
489	0.74618024
519	0.76842020
527	0.77627607
529	0.76956389
531	0.72625950
550	0.75975895
552	0.72857464
560	0.73489671
562	0.76427464
564	0.68010044
567	0.71294555
573	0.75520220
582	0.71067629
591	0.72541932
620	0.72290538
633	0.71632261
645	0.74273095
677	0.71781690
678	0.68576652
699	0.70602481
700	0.68763095
707	0.71459319
711	0.73041295
714	0.67659429
716	0.69444050
718	0.75695247
719	0.72964962
735	0.67697212
746	0.72575521
781	0.69432843
793	0.66551438
798	0.68540483
799	0.71354555
806	0.70026509
839	0.69001899
841	0.69420132
842	0.69221416
847	0.67777475
876	0.66427662
889	0.67335587
890	0.67334336
906	0.66204786
195	0.82503019
214	0.81818112
240	0.78058189
301	0.75971207
416	0.76368277
421	0.84040110
614	0.75632228
651	0.72083095
752	0.70501372
759	0.71883644
805	0.68995236
818	0.70281229
823	0.73550703
837	0.67926411
884	0.67430856
45	0.87625697
53	0.87679056
68	0.86822130
81	0.87294643
129	0.87365137
131	0.82653831
176	0.81086487
207	0.84549122
316	0.80767838
357	0.80420329
380	0.77139583
444	0.79373381
458	0.74095510
471	0.71724413
494	0.73761526
526	0.78394347
628	0.73881043
664	0.72625324
665	0.69442997
697	0.69872722
712	0.69501284
762	0.72505236
853	0.68079462
879	0.69993721
880	0.67450812
881	0.67128924
87	0.87218386
91	0.86970812
96	0.87477322
100	0.87623381
117	0.85512766
171	0.83930110
210	0.79192733
218	0.83399682
221	0.80912788
247	0.84404007
273	0.81245829
280	0.81601745
302	0.79963205
351	0.77884029
395	0.77173447
446	0.79633041
504	0.72303139
509	0.73936443
547	0.76323052
611	0.74309023
670	0.77243161
675	0.71844555
715	0.70656004
795	0.67410845
894	0.66118990
901	0.67883622
43	0.87741120
82	0.86807091
112	0.86475488
154	0.85569155
163	0.82754896
173	0.84213688
181	0.83319177
213	0.81770823
348	0.75125521
360	0.75969012
374	0.78067124
463	0.74705543
466	0.73429363
470	0.74240351
500	0.75153381
599	0.72374643
625	0.73850801
640	0.73579627
669	0.71970746
690	0.74670834
717	0.72709879
831	0.69056323
862	0.67251098
142	0.84086147
153	0.83833853
180	0.87225082
184	0.86209572
190	0.84827179
193	0.85581833
204	0.86741833
235	0.81568189
238	0.77758288
258	0.81131504
363	0.77549682
376	0.81596367
399	0.74458200
406	0.73829034
433	0.76694643
501	0.79550011
530	0.75334336
585	0.74595609
593	0.72028738
601	0.74345467
661	0.72462733
692	0.73916125
727	0.75907651
773	0.69519133
778	0.69497025
790	0.71439956
872	0.69423941
48	0.87612514
58	0.87748332
97	0.86703304
103	0.85681120
120	0.86866806
165	0.82641658
185	0.79726553
226	0.83290626
277	0.85766246
298	0.81003732
304	0.83576718
306	0.78890604
307	0.80400889
341	0.82876894
370	0.83150922
390	0.81760220
427	0.81835895
488	0.77405873
495	0.75713194
506	0.74188529
513	0.78002711
521	0.75903809
534	0.73246685
541	0.72773622
546	0.74315543
580	0.71366498
583	0.72377387
603	0.73610703
613	0.69083710
623	0.75926147
639	0.71626619
737	0.69583732
764	0.69279759
813	0.69546883
814	0.67243074
845	0.67249890
858	0.66912141
909	0.67653589
72	0.87715982
84	0.87260582
170	0.85539155
187	0.85064665
196	0.86445488
200	0.84726487
295	0.78568288
424	0.74771416
439	0.79266729
476	0.71621196
481	0.76858408
553	0.70845016
574	0.72774852
578	0.73633765
584	0.73953974
685	0.70599835
691	0.69649824
721	0.69818299
723	0.71424193
755	0.69163183
775	0.67285532
829	0.67666509
871	0.67830801
899	0.68092788
74	0.87553150
132	0.86081482
233	0.77174709
274	0.79038880
329	0.79162349
426	0.79753996
467	0.77584083
479	0.75463085
502	0.71194402
510	0.74556454
538	0.73269067
543	0.71788814
549	0.77696345
576	0.70683930
609	0.71305510
621	0.73937091
622	0.69317212
634	0.72478924
652	0.73412602
660	0.70034940
709	0.66739660
713	0.70060099
776	0.69545214
779	0.68009330
867	0.68028134
878	0.68441625
110	0.85950472
287	0.83686531
396	0.72702141
417	0.77981284
508	0.78747036
654	0.72794007
766	0.71441855
807	0.69237091
825	0.66157168
844	0.70024753
54	0.87713941
130	0.86369791
264	0.84392755
294	0.77666246
429	0.73483348
431	0.77651526
477	0.74555225
512	0.78655697
514	0.72878979
557	0.68693721
617	0.71564479
630	0.72479440
643	0.72537179
688	0.67407475
783	0.73300889
821	0.69243524
897	0.67744105
79	0.86769363
262	0.79882755
268	0.81594588
366	0.80545071
378	0.78017366
486	0.75826795
518	0.77220351
548	0.71675917
566	0.76324303
569	0.74444665
579	0.79185565
626	0.74543161
706	0.70943666
729	0.68234435
780	0.71836432
832	0.68416443
76	0.87423315
174	0.86639451
192	0.81545664
243	0.79729605
311	0.83935269
317	0.80245302
336	0.82163688
394	0.77404040
404	0.81925104
422	0.79998880
423	0.72858617
483	0.75896443
516	0.75410406
607	0.69682130
615	0.74604336
659	0.68366905
730	0.70245939
756	0.74386564
875	0.67922009
902	0.67923414
99	0.86854544
111	0.84016004
121	0.86956959
143	0.86044446
151	0.84075291
177	0.83674863
194	0.78572294
198	0.85363085
267	0.81063260
276	0.81624292
308	0.80731592
314	0.77779978
327	0.79769100
345	0.75834852
349	0.76075895
358	0.80785302
402	0.76426740
432	0.78548200
441	0.77904753
491	0.73702162
572	0.76832964
586	0.71735609
596	0.75243161
624	0.70472217
647	0.70457980
650	0.72696926
656	0.68680604
667	0.72821734
676	0.73412547
694	0.69329802
749	0.67226279
765	0.67730757
771	0.67654523
849	0.66968990
114	0.86171976
127	0.85578090
144	0.84656663
197	0.83733886
284	0.81713842
292	0.84298738
319	0.70872766
355	0.77338869
379	0.77855895
388	0.81988112
408	0.77315049
412	0.80880198
695	0.70341998
833	0.66753952
835	0.66946498
851	0.66649791
870	0.69268738
887	0.67949429
124	0.87105488
166	0.86903194
398	0.77704281
411	0.78113996
428	0.69972832
437	0.78236674
462	0.77198397
473	0.78854314
484	0.70166191
485	0.81450527
490	0.77806125
687	0.69122195
733	0.70701658
743	0.69038013
744	0.69857377
748	0.68914995
769	0.69555532
801	0.67537914
824	0.67816718
826	0.66353282
857	0.70430735
868	0.67104237
892	0.67022195
199	0.79205719
231	0.85046400
250	0.83136378
255	0.78958529
289	0.82243853
300	0.83390735
303	0.76517080
315	0.72268749
326	0.75557431
367	0.76531120
382	0.71373985
442	0.78341054
445	0.75319539
478	0.80715950
540	0.71258573
545	0.73297563
555	0.78474687
636	0.71211570
646	0.71648957
662	0.67623699
703	0.69841175
792	0.70143106
843	0.67714775
885	0.66677838
903	0.67303963
905	0.67232031
148	0.84498321
157	0.86137816
241	0.86261306
260	0.80473359
322	0.82102206
347	0.77824764
435	0.77032162
472	0.75652536
528	0.74989539
581	0.73412031
597	0.72994138
649	0.70685807
673	0.68240593
696	0.70195302
768	0.70845258
817	0.67507014
819	0.69305554
854	0.67133117
856	0.67852547
863	0.67161240
288	0.81742481
386	0.76926806
457	0.76950187
503	0.73360231
522	0.69171625
648	0.70076817
900	0.70352975
183	0.82020659
225	0.85202810
232	0.77822031
497	0.74035686
605	0.72996828
682	0.73298134
693	0.71044742
788	0.69326476
827	0.66673568
834	0.67224962
883	0.66519319
310	0.81415357
332	0.80313139
372	0.80306553
387	0.77348134
400	0.79142492
415	0.74877387
430	0.74246367
515	0.77706762
565	0.71457925
635	0.72628858
674	0.72642821
683	0.71501548
738	0.67260988
877	0.66938858
891	0.66433304
409	0.82650274
454	0.76950088
525	0.74260483
631	0.67840362
789	0.67546059
334	0.77415093
338	0.83805203
375	0.81453568
468	0.73390395
499	0.78770911
523	0.70824841
559	0.71455587
570	0.67511932
571	0.72638738
595	0.74729934
642	0.71130615
753	0.70769133
333	0.75476564
401	0.74970955
535	0.72963227
589	0.71779649
672	0.74300439
787	0.68161153
811	0.67080362
318	0.81258760
410	0.82310494
536	0.74783161
587	0.76039462
600	0.73657168
668	0.71609297
758	0.69654127
763	0.69706070
786	0.73824457
838	0.68682228
434	0.80088233
734	0.68990670
796	0.68579572
436	0.74199144
524	0.75777859
726	0.69421186
732	0.71033326
313	0.77235960
492	0.75305818
517	0.78336773
520	0.79413985
745	0.66745543
767	0.66116894
865	0.66536191
208	0.84066290
365	0.77180724
440	0.73640889
452	0.79433908
537	0.77480867
606	0.72461712
671	0.75237574
747	0.72536246
804	0.69230615
848	0.67732997
859	0.68203611
169	0.84752272
296	0.83693052
542	0.71507838
592	0.68968727
608	0.70766740
794	0.70317892
840	0.69012525
860	0.68951701
864	0.66605445
702	0.70955027
739	0.70099122
803	0.65432184
575	0.78299901
619	0.71369078
740	0.70957036
816	0.68030373
895	0.67175225
616	0.71504094
663	0.76202371
710	0.70741284
861	0.68802876
852	0.68847497
356	0.80409056
407	0.72511153
754	0.72705993
598	0.71819319
653	0.71006630
658	0.70317190
736	0.70258782
802	0.68722393
908	0.65267508
701	0.70285543
705	0.66931317
850	0.66222151
689	0.74771877
896	0.67375631
760	0.69107486
450	0.79164424
882	0.67841427
657	0.68601899
681	0.71419473
772	0.68764973
761	0.67935807
873	0.69887508
888	0.66607903
728	0.69993655
791	0.68099451
666	0.69795357
774	0.68877003
830	0.66804588
907	0.65532909
