0	0.87568994
1	0.86508569
2	0.87139935
3	0.87526020
4	0.87245014
5	0.87507895
6	0.87576030
7	0.87465466
8	0.87592161
9	0.87573527
10	0.87572087
11	0.87574497
12	0.87550065
13	0.87575623
14	0.87551708
15	0.87547368
16	0.87591644
17	0.87566574
18	0.87570416
19	0.87569132
20	0.87591228
21	0.87586907
22	0.87576944
23	0.87548421
24	0.87570619
25	0.87572078
26	0.87562410
29	0.87565143
30	0.87563897
31	0.87572041
32	0.87563721
33	0.87478042
34	0.87539104
35	0.87552825
37	0.87579086
38	0.87559917
41	0.87523601
42	0.87573463
43	0.87545134
44	0.87493139
46	0.87569243
47	0.87559104
50	0.87564561
52	0.87561616
55	0.87572853
56	0.87458089
58	0.87570785
59	0.87244506
61	0.87460111
62	0.86886205
63	0.87561080
66	0.87528033
67	0.87565688
70	0.87370046
73	0.86734192
75	0.87488153
79	0.87099160
82	0.86092428
85	0.86500212
86	0.86380693
87	0.87568218
91	0.87541837
97	0.87068236
100	0.87021376
101	0.87085817
102	0.87282992
106	0.86995743
108	0.84540480
109	0.87122862
110	0.87241551
115	0.87181191
116	0.87288698
124	0.86330637
125	0.86313389
126	0.82828513
127	0.85301939
131	0.86423527
132	0.86722825
141	0.86455245
142	0.86016205
146	0.86901893
150	0.86053287
157	0.85527258
161	0.85505873
163	0.85338726
164	0.85982946
166	0.85819769
172	0.85286399
174	0.84050600
175	0.82200886
179	0.84324792
180	0.86915226
189	0.85414598
192	0.84470840
200	0.85397239
210	0.86145771
211	0.84317230
221	0.83820037
224	0.86110536
226	0.85911071
227	0.85606159
230	0.80251440
231	0.83548606
236	0.81195282
241	0.84799529
243	0.81096343
244	0.82027756
246	0.81609621
249	0.80863195
259	0.81920674
261	0.83695097
269	0.84189686
288	0.78215235
289	0.82134035
291	0.82700582
292	0.77152438
297	0.82584174
302	0.83648181
309	0.81444026
311	0.85467812
321	0.83512465
322	0.78960102
329	0.76464922
331	0.82210785
334	0.83892225
342	0.79916307
351	0.73499224
363	0.76097184
364	0.81362059
366	0.83040037
370	0.78949437
374	0.77102696
379	0.80726685
390	0.79364100
397	0.72648643
401	0.79472262
408	0.80873703
411	0.77064164
413	0.81456103
422	0.75992816
426	0.80746371
442	0.74693398
443	0.78419178
449	0.73810175
450	0.76393546
464	0.75454968
466	0.78065346
471	0.77385319
472	0.78648015
475	0.77428855
477	0.80131958
478	0.81447036
480	0.77183906
487	0.81183343
492	0.74533112
493	0.73401145
495	0.71377479
497	0.77392835
503	0.72618643
509	0.76148929
512	0.77500563
515	0.79170102
516	0.77209723
522	0.79200212
525	0.79282881
526	0.77477608
539	0.77648698
541	0.77373075
543	0.75096325
544	0.75346048
545	0.74692992
555	0.74306039
561	0.78665568
564	0.78894414
565	0.77725716
566	0.79101819
568	0.74627922
569	0.74007295
578	0.71741773
581	0.76067479
588	0.77706464
601	0.75905355
607	0.76489852
608	0.73108227
609	0.80063130
612	0.73855854
621	0.71170572
635	0.76129363
641	0.74428283
644	0.69491819
649	0.74186676
652	0.74489640
663	0.68256510
676	0.79154414
681	0.70154977
687	0.75053934
691	0.75143647
699	0.69472659
703	0.72728624
705	0.72258236
707	0.69769040
719	0.70947664
721	0.77096731
733	0.74472669
735	0.72153315
739	0.72770351
740	0.70011385
746	0.67492752
747	0.68886611
754	0.70809843
757	0.73219400
779	0.69259187
786	0.76399631
788	0.70924894
794	0.72580342
795	0.68018246
799	0.70302392
809	0.71880443
810	0.73041902
846	0.70728541
859	0.68484700
862	0.69091468
867	0.70352318
868	0.67226297
871	0.70412613
875	0.68831302
878	0.69859732
905	0.68482964
917	0.67624912
922	0.71029280
932	0.70267544
943	0.67739557
947	0.70164506
957	0.69141893
973	0.68730619
974	0.66510739
989	0.68698440
993	0.68215245
999	0.72463010
1002	0.67753906
1008	0.67838181
1013	0.67301514
1024	0.68270988
1029	0.72831071
1037	0.67273924
1057	0.66937156
1063	0.67969437
1066	0.66290028
1071	0.66227904
1081	0.67309317
28	0.87555328
60	0.87548550
137	0.85511736
151	0.85049778
196	0.84308855
208	0.84919178
214	0.84286528
218	0.84540185
251	0.77103730
285	0.82848098
349	0.80210434
373	0.80302041
400	0.72791764
410	0.81399575
455	0.76828384
479	0.75939455
519	0.73462936
523	0.73352632
538	0.75727313
547	0.73896408
620	0.75941717
632	0.73790711
653	0.77936759
730	0.67815503
780	0.71694894
792	0.69944127
817	0.71145993
829	0.69031773
855	0.67952835
889	0.69124561
919	0.68553324
1068	0.68381127
27	0.87576131
36	0.87519187
53	0.87583029
54	0.87544349
120	0.86701477
134	0.82811385
136	0.85525919
143	0.85504432
162	0.86470028
199	0.83561708
212	0.81833001
247	0.82889511
403	0.76065799
416	0.77089132
419	0.75829474
420	0.82112982
463	0.75525189
473	0.82253444
481	0.72706565
498	0.71941828
510	0.73074090
531	0.77267378
553	0.82389695
554	0.74893592
636	0.73953416
656	0.73076251
715	0.71012927
716	0.71707562
724	0.72710757
738	0.75896094
816	0.72185078
839	0.68627221
858	0.73074469
929	0.68110157
948	0.70745531
1010	0.67535420
1034	0.67625319
45	0.87559557
49	0.87436648
57	0.87287470
74	0.86681551
118	0.84859455
128	0.86558089
129	0.87433269
139	0.85476861
144	0.86376962
145	0.86916103
149	0.85416491
155	0.86732105
201	0.85016473
202	0.85613084
223	0.82883693
239	0.85336694
253	0.79424423
286	0.80167341
290	0.81313352
299	0.80814081
318	0.79891773
336	0.77703897
350	0.83444875
395	0.80995660
406	0.74423158
415	0.77906159
438	0.80508366
446	0.81832244
459	0.82987082
467	0.79118449
549	0.76976085
579	0.75576325
590	0.71119612
600	0.77093564
630	0.77421256
633	0.72739040
654	0.70601440
672	0.74337775
712	0.74077267
723	0.77244284
796	0.69384377
850	0.68838356
860	0.70928670
863	0.70426242
891	0.69022752
896	0.68996676
904	0.67096371
936	0.67782355
1003	0.68722142
1021	0.69371394
1038	0.70697479
1039	0.65614404
1043	0.69719714
1067	0.67973841
1074	0.67214801
48	0.87574995
65	0.87082336
71	0.87371681
72	0.87525485
90	0.87286362
92	0.87530452
96	0.87310369
104	0.86662114
121	0.85774229
122	0.86768670
133	0.87282816
135	0.87075097
154	0.85687858
159	0.85961330
209	0.86834063
220	0.85682170
232	0.81161782
250	0.78267784
301	0.80747932
306	0.84132410
312	0.81788726
323	0.80002899
341	0.81994294
343	0.81994912
345	0.80782909
355	0.82593998
402	0.80656408
434	0.75361413
729	0.75330757
752	0.72823823
761	0.72835651
848	0.72983472
927	0.66902862
994	0.67293296
69	0.87533767
80	0.87292428
99	0.85758920
111	0.86412493
119	0.87000609
148	0.86939317
187	0.84248421
194	0.84981348
195	0.86923306
222	0.81689695
256	0.85661994
267	0.83528015
271	0.82186343
282	0.80670536
305	0.84113555
324	0.82039658
347	0.79672392
348	0.78932761
378	0.84456916
382	0.79394072
389	0.76723333
393	0.84842114
405	0.77746140
407	0.79469926
433	0.71475679
468	0.79619511
476	0.77217479
502	0.72037018
506	0.77764118
520	0.78441884
521	0.70361791
533	0.69318384
540	0.76713093
542	0.78334321
546	0.75908449
556	0.73642502
558	0.81738329
583	0.77316814
599	0.73339677
613	0.71327821
650	0.70654737
667	0.67776620
693	0.71202262
741	0.72270831
821	0.74573970
913	0.68533804
920	0.68263934
988	0.68149529
995	0.68581265
1020	0.67189067
1046	0.68110637
1051	0.66907535
1053	0.68569852
1075	0.67768042
39	0.87483850
68	0.87523407
76	0.87472548
88	0.86591884
89	0.87505789
95	0.87318846
103	0.86939603
130	0.84702041
156	0.86301311
173	0.85273518
176	0.81516260
177	0.84993075
190	0.84638403
205	0.81809834
216	0.82856971
225	0.84987839
229	0.82474524
248	0.77234155
257	0.78655032
272	0.83680711
274	0.82737562
275	0.81771099
281	0.76835494
287	0.80432308
298	0.79959714
307	0.73446731
319	0.78786537
340	0.81642622
356	0.77731339
357	0.82393084
359	0.78081681
365	0.79931514
386	0.76257664
412	0.79363241
417	0.78245863
418	0.81770840
423	0.83736777
448	0.72747738
451	0.74088301
454	0.73561791
537	0.74903730
570	0.72142853
603	0.76334201
618	0.75535946
622	0.75116436
628	0.73373149
670	0.72469880
679	0.70722853
680	0.67524054
689	0.73032650
714	0.72505669
725	0.70747618
727	0.71501884
760	0.69305383
767	0.68013204
771	0.72264866
785	0.71878809
793	0.69350674
808	0.72603758
812	0.69911533
823	0.69796214
824	0.70839003
834	0.71320351
843	0.73091182
918	0.66681570
921	0.67422650
926	0.69916685
940	0.68174155
955	0.70377322
967	0.67607913
1016	0.67781560
1018	0.67585254
1032	0.70033019
1060	0.67523897
1072	0.65474571
51	0.87450794
78	0.87374247
123	0.85655577
184	0.84246565
233	0.83770009
242	0.83299898
283	0.85405596
300	0.84194515
313	0.83977830
320	0.82445032
333	0.81076334
335	0.81662041
358	0.77533121
428	0.73165808
501	0.76772050
532	0.73531404
557	0.73347184
576	0.80749972
602	0.78628873
640	0.71117830
665	0.72310499
704	0.72933176
774	0.70748467
789	0.73455568
826	0.69576528
864	0.69276888
880	0.69995716
946	0.67040175
951	0.69088467
1058	0.67035669
40	0.87529705
93	0.85506491
94	0.86691348
113	0.86652022
138	0.84507488
160	0.85855743
191	0.82166833
206	0.84815328
217	0.86936214
238	0.82873213
262	0.81217904
265	0.85170729
270	0.84220018
278	0.83202087
280	0.82388135
303	0.84898412
327	0.80733998
372	0.80570065
375	0.79370249
387	0.77448273
398	0.82346011
399	0.83524146
424	0.77697839
425	0.75911902
499	0.77276417
500	0.71230388
527	0.77000480
615	0.74860139
623	0.74712271
646	0.75146898
657	0.71212059
659	0.69919187
726	0.74944506
745	0.70980194
756	0.76902105
765	0.71260803
838	0.73922650
851	0.70887433
874	0.72611006
898	0.72532327
911	0.69421616
963	0.67633943
975	0.70999012
1025	0.66633610
1049	0.67368744
1073	0.66295817
107	0.87035143
152	0.85848550
182	0.84992124
185	0.84358523
215	0.84583546
252	0.78871533
255	0.80555032
339	0.81890416
383	0.78544709
441	0.79325429
470	0.75033666
485	0.77338153
488	0.77719003
490	0.78978356
587	0.72952595
592	0.74521182
637	0.72041634
678	0.72283343
722	0.74953712
768	0.71872401
778	0.69425937
801	0.71446519
813	0.68764765
845	0.69088809
847	0.72143952
879	0.71105328
902	0.70873850
952	0.68135143
976	0.69303934
984	0.68303536
991	0.68667692
1023	0.68876242
1044	0.69259723
1065	0.66421819
84	0.86726353
105	0.87499030
112	0.87191791
181	0.85222373
197	0.84260813
204	0.85101782
279	0.84402678
284	0.84019030
294	0.80893130
337	0.81685873
354	0.78111921
361	0.72936556
371	0.81485337
409	0.79615863
444	0.75520268
460	0.75116510
484	0.76427359
517	0.77802539
552	0.80213315
593	0.75373536
614	0.73458523
686	0.70313213
690	0.72260757
706	0.75388652
734	0.71747202
748	0.70337479
749	0.71879455
787	0.72152502
790	0.69430277
807	0.74034321
820	0.66989926
828	0.70313638
857	0.72546464
966	0.68418966
978	0.66473223
987	0.68430674
1022	0.67093296
1045	0.66353435
1078	0.66897655
77	0.87484349
114	0.87358790
168	0.83104958
183	0.86676611
203	0.84493666
219	0.86477304
234	0.84779437
237	0.81962068
245	0.80730489
295	0.79644183
304	0.80684146
314	0.79862585
377	0.83648006
396	0.80424838
452	0.83199797
469	0.74875568
508	0.75692493
534	0.75329289
572	0.76259631
573	0.73625272
586	0.78543804
597	0.73965429
606	0.73072235
616	0.77060277
625	0.74076648
626	0.78757350
647	0.76774044
666	0.73950037
684	0.69545623
709	0.74568624
737	0.75662355
772	0.70660683
873	0.70593952
931	0.67994755
937	0.67709372
965	0.67690794
1030	0.66911773
1056	0.67858513
140	0.86856694
193	0.82597396
198	0.84549769
263	0.85308652
264	0.86345845
316	0.83036593
384	0.81266288
388	0.73169132
394	0.79481819
474	0.79795494
559	0.77573075
713	0.74484949
759	0.71881662
775	0.69154183
791	0.75036196
877	0.73173961
885	0.68541736
886	0.71010813
933	0.68350499
949	0.68332659
953	0.68125882
1004	0.67647165
1006	0.66338440
1012	0.67718440
64	0.87246131
186	0.83737138
308	0.82481893
325	0.83665374
344	0.75681302
346	0.83676999
352	0.81621828
445	0.78435974
496	0.81755291
507	0.76054857
511	0.80441745
524	0.78411902
530	0.73981801
589	0.75985965
594	0.76762475
645	0.74274441
660	0.77112235
695	0.68791459
784	0.68590545
797	0.71872207
835	0.69108670
856	0.67776768
908	0.69182392
910	0.68119234
915	0.69956223
945	0.66821219
971	0.71624940
1033	0.68517599
81	0.86137424
235	0.79297285
266	0.83224645
436	0.76923841
453	0.80399529
461	0.77143259
483	0.77354663
494	0.76225873
577	0.77799030
584	0.73499769
591	0.71624857
617	0.74351080
655	0.69652198
662	0.70728403
677	0.69653915
682	0.76762373
743	0.74880268
769	0.77766759
811	0.74047221
912	0.70884820
924	0.72777655
1007	0.69330859
98	0.86257488
171	0.86201265
268	0.76338624
276	0.80320868
310	0.81018892
491	0.74311754
548	0.77719566
595	0.74120997
619	0.78967664
624	0.73933924
631	0.72585716
782	0.69986085
798	0.75542613
803	0.73873352
831	0.69823029
833	0.73311764
861	0.72909058
870	0.67313823
872	0.69307119
901	0.67529741
935	0.70061819
956	0.69738624
1017	0.70000951
1042	0.68278458
158	0.84767018
165	0.82983860
240	0.83128476
254	0.81310416
260	0.83721644
273	0.83441016
277	0.81370305
317	0.84409344
353	0.78542733
369	0.81235900
392	0.75738079
432	0.71748052
447	0.78692281
456	0.78928033
489	0.73433527
536	0.74190305
574	0.77022244
582	0.73027775
605	0.77081930
639	0.67082475
651	0.73369769
671	0.77251339
683	0.73782345
697	0.71463019
710	0.73360000
736	0.72411090
783	0.74875983
802	0.69247756
814	0.71289437
894	0.68986362
961	0.70088532
983	0.67287765
1009	0.71350591
1015	0.66775688
83	0.83750923
153	0.85681764
169	0.85425891
178	0.86303693
430	0.79187867
435	0.72723767
535	0.76465642
551	0.72194451
575	0.76048984
611	0.73385245
694	0.72633721
776	0.67273066
865	0.70406639
869	0.71422475
893	0.74610600
903	0.67934257
934	0.68359714
960	0.68070905
998	0.68386870
1035	0.68446408
117	0.86659067
167	0.81827396
228	0.78966898
328	0.78597239
380	0.82489483
427	0.83153416
429	0.79744211
440	0.73842198
458	0.81251976
518	0.76347193
550	0.74981597
610	0.72383093
664	0.76339991
688	0.74211634
728	0.71213213
750	0.75451348
753	0.70485374
849	0.70828015
964	0.68051256
968	0.66766888
170	0.84879972
207	0.86171967
213	0.86211644
465	0.80491283
514	0.75723084
580	0.78983952
674	0.74406916
702	0.74095134
777	0.72075577
827	0.70326030
830	0.66333075
883	0.71472936
892	0.68206676
990	0.69286722
1026	0.70371302
1028	0.67196307
1077	0.65424746
147	0.87041754
188	0.84403555
315	0.77245697
330	0.84988763
385	0.79134201
391	0.83997405
513	0.71545005
571	0.78103712
585	0.75336971
669	0.77027599
675	0.74846076
692	0.74581902
698	0.76864700
700	0.71307904
742	0.73359437
764	0.67183481
770	0.73123250
884	0.71044663
925	0.69690259
979	0.66082761
992	0.68558319
1000	0.68770628
1062	0.67192844
293	0.70028384
362	0.79647211
367	0.76653481
381	0.78619760
457	0.80191754
528	0.77677673
701	0.69951459
758	0.72760231
854	0.69741727
899	0.67670702
900	0.67996371
909	0.68105134
970	0.69775891
986	0.67884820
996	0.69755383
1050	0.67608144
421	0.82122059
431	0.75558846
642	0.72868024
643	0.80281191
658	0.76252835
696	0.77979806
711	0.75821634
717	0.70837830
818	0.68965272
825	0.69524903
841	0.68365402
881	0.68354746
1076	0.66412955
332	0.82438504
439	0.81865171
562	0.77692909
648	0.75364728
668	0.69040859
720	0.70594377
755	0.71739428
836	0.70102752
1011	0.70027498
1052	0.67531247
1064	0.67490923
338	0.79086454
766	0.76107839
907	0.70209686
1001	0.68466639
1014	0.66751006
1031	0.65956297
1036	0.67327285
1047	0.66942835
504	0.80200425
567	0.78710074
598	0.71670129
638	0.74582715
800	0.67832447
853	0.68258781
876	0.67754497
938	0.68751634
414	0.79398596
563	0.78349511
815	0.71514164
928	0.70624589
962	0.70747073
1059	0.67607996
437	0.75210997
529	0.77156233
596	0.71079409
806	0.69753860
822	0.71686131
944	0.69425873
981	0.67817027
326	0.77568495
376	0.81529908
505	0.79736380
604	0.75090102
804	0.72873813
980	0.68290342
985	0.71133370
1027	0.67022262
1041	0.66628624
732	0.74374414
781	0.75465596
819	0.73237969
897	0.70817341
923	0.67891071
982	0.66782170
1055	0.68908227
368	0.76251043
404	0.83770286
486	0.79090286
882	0.73923186
939	0.67469003
296	0.83863952
842	0.73911219
916	0.71794044
941	0.69200037
950	0.67054201
1048	0.68593001
751	0.69823453
1019	0.67035042
1061	0.67818569
629	0.78241708
634	0.73705993
708	0.69276787
718	0.71519021
832	0.69405051
1069	0.66997147
1079	0.67476150
560	0.75497018
482	0.78695956
685	0.73440656
762	0.69633130
763	0.73031644
1082	0.66284367
258	0.82070794
805	0.73876814
627	0.81053398
837	0.70415531
844	0.73194090
1054	0.68064229
731	0.67787387
972	0.67295928
997	0.68819557
773	0.73239686
1040	0.67163795
1080	0.67529307
462	0.80493361
969	0.66818467
840	0.73566667
906	0.67263333
890	0.70811394
895	0.69733444
673	0.69461782
866	0.72121496
959	0.66203306
942	0.67128015
958	0.68465697
887	0.66496464
1005	0.65935771
744	0.71666390
954	0.65250619
977	0.66444367
360	0.81507045
661	0.75576390
888	0.70744054
914	0.68922955
1070	0.67424654
852	0.68362576
930	0.65311016
