0	0.87552224
1	0.87555187
2	0.87560264
3	0.87104111
4	0.87556418
5	0.87535305
6	0.87556809
7	0.86548715
8	0.87508387
9	0.87542170
10	0.86108040
11	0.87540611
12	0.87563236
13	0.84543564
14	0.87354348
15	0.43709389
16	0.87562252
17	0.87555743
18	0.87556062
19	0.87551349
20	0.87562370
21	0.87571331
22	0.87549243
23	0.87592899
25	0.87539490
26	0.87574421
28	0.87580975
30	0.87533209
32	0.87532097
33	0.87563473
34	0.87572024
36	0.87534412
37	0.87562671
40	0.87548286
42	0.87555971
43	0.87546481
44	0.87545761
47	0.87381057
48	0.87431805
51	0.87527438
52	0.87469836
53	0.87426208
54	0.87485169
56	0.87244850
60	0.87505861
62	0.87422005
72	0.87505005
73	0.87464284
74	0.87513965
75	0.87332060
77	0.87125871
78	0.87268514
79	0.86803464
82	0.86832789
83	0.87287830
84	0.86502625
88	0.86636089
91	0.86962726
92	0.87410401
94	0.86673163
96	0.86881650
98	0.87507593
99	0.86574503
100	0.87512744
102	0.87417046
114	0.85224075
115	0.87437375
118	0.87389134
122	0.87174558
125	0.86266992
130	0.85661522
132	0.86941422
137	0.86871969
138	0.86180784
146	0.86706764
163	0.86139052
166	0.86050747
167	0.86598368
172	0.85116746
173	0.83820346
184	0.82486828
188	0.85552926
190	0.86675934
202	0.83673500
203	0.78954066
205	0.79909325
206	0.83836117
207	0.86568605
212	0.82575415
217	0.85044576
232	0.84326992
234	0.85922097
240	0.79790155
242	0.82362434
243	0.79267794
244	0.82505825
245	0.84575779
251	0.82721212
256	0.80933017
262	0.86176828
271	0.79982589
277	0.83634066
284	0.84984321
292	0.79537183
295	0.82576345
302	0.85383345
307	0.82590902
312	0.80490082
339	0.80205369
340	0.82907958
367	0.77974066
368	0.82931003
376	0.81714995
400	0.80464421
404	0.79756509
413	0.80961531
415	0.80526645
423	0.79424549
424	0.82423838
436	0.78743191
451	0.74957083
453	0.76724731
461	0.81736363
470	0.75659936
481	0.76942060
493	0.79304840
495	0.76568824
496	0.78824193
512	0.78912361
514	0.72246089
515	0.76635688
528	0.73871942
529	0.75637165
534	0.76383081
545	0.77086135
547	0.77200839
551	0.73486572
556	0.76351139
558	0.75007347
561	0.73828396
565	0.72622543
567	0.73879727
570	0.70520283
580	0.77117621
587	0.75264102
588	0.75344111
590	0.78129079
624	0.73517046
647	0.73908086
653	0.76025305
654	0.72035816
658	0.72314667
660	0.74629772
674	0.73089763
692	0.72033391
701	0.75749790
702	0.72264758
703	0.69223965
708	0.70942671
713	0.75461878
720	0.75729161
722	0.69493874
731	0.73271386
737	0.67888487
739	0.74113200
744	0.78233564
751	0.70183737
764	0.72618806
770	0.72738168
775	0.76657967
777	0.69642835
782	0.75195023
783	0.71032653
785	0.78647046
790	0.69827284
793	0.73029736
811	0.70441139
816	0.70656855
834	0.73893628
869	0.72326299
871	0.73314622
873	0.71921495
880	0.72540811
881	0.69643172
884	0.71253619
890	0.74560820
909	0.68332908
915	0.68025287
919	0.70625469
923	0.69128077
931	0.68141741
948	0.66681094
967	0.68842042
972	0.68495533
974	0.70421003
977	0.68636682
998	0.69416272
1006	0.68686536
1016	0.66962598
1033	0.70422653
1046	0.67108505
1058	0.67911440
1065	0.67282972
1067	0.65836080
1085	0.68942179
24	0.87540501
29	0.87579872
31	0.87545953
45	0.87435077
50	0.87544567
61	0.87511778
63	0.87490912
66	0.87543200
68	0.86395406
69	0.87513118
70	0.87401030
90	0.87340921
95	0.87248788
101	0.87116910
106	0.86891030
116	0.87218906
120	0.86124029
124	0.87120857
152	0.86506809
160	0.86599635
164	0.79983172
165	0.86308131
183	0.82501787
193	0.83700766
197	0.77266855
201	0.86380383
204	0.84936016
250	0.78260583
252	0.84735953
259	0.81231176
260	0.85248578
273	0.81697065
394	0.84296600
420	0.80124877
433	0.78292944
448	0.78726682
450	0.81357639
463	0.82867657
465	0.75306199
472	0.79724995
478	0.76639371
485	0.75906171
506	0.78286901
508	0.74059052
526	0.74743108
538	0.74376363
541	0.70913482
546	0.69639553
548	0.77313090
550	0.81924057
555	0.76178742
568	0.73395442
578	0.75860264
603	0.74304877
611	0.76392215
629	0.76551349
630	0.73196399
637	0.74422616
640	0.72676108
721	0.74390593
728	0.68745178
738	0.70922160
750	0.74019426
757	0.69336974
760	0.72451012
763	0.72602817
765	0.70448778
814	0.74421121
866	0.70051158
867	0.69928851
932	0.70356636
940	0.70700064
947	0.67224831
954	0.67888396
973	0.68469034
988	0.69206983
1012	0.67591768
1017	0.67472835
1063	0.68513273
1073	0.66733382
1075	0.67494941
39	0.87545469
46	0.87544840
57	0.87525087
65	0.87197119
67	0.87488149
111	0.87516764
112	0.85286481
134	0.87391012
144	0.85915524
150	0.86526509
169	0.85334020
189	0.85093163
199	0.85133345
219	0.80942379
226	0.81970109
247	0.81536773
248	0.82183273
253	0.83384531
258	0.83116135
268	0.84089754
276	0.81794713
278	0.79954339
304	0.85254202
323	0.82902981
328	0.83240292
343	0.80833765
362	0.82788861
403	0.78867475
410	0.72887220
456	0.79898067
479	0.80905150
504	0.82890383
505	0.74356983
513	0.78284868
522	0.73644913
531	0.77638140
540	0.74659499
582	0.78382771
598	0.69555397
599	0.72758478
623	0.72194075
643	0.69693236
663	0.76741923
665	0.73681486
679	0.75839973
694	0.73509307
711	0.75269234
729	0.70236591
752	0.71533291
820	0.69842042
826	0.72366244
831	0.67334139
837	0.71987438
856	0.69570301
858	0.70930565
935	0.69867566
936	0.71019863
995	0.66588149
1020	0.68377201
1022	0.69191723
1039	0.67470766
1045	0.67367192
1090	0.65869617
27	0.87541376
49	0.87533428
58	0.87458541
59	0.87462963
81	0.87541267
107	0.86920447
148	0.86442115
154	0.86806609
174	0.83677302
179	0.82133619
187	0.85071613
200	0.86672443
208	0.83761440
213	0.80249581
221	0.86009253
267	0.85957949
358	0.81158304
379	0.76350839
389	0.78308541
437	0.80366418
459	0.83606882
628	0.77687785
651	0.74166463
710	0.76127675
715	0.74223090
736	0.71586354
769	0.67576737
815	0.73217056
912	0.68283282
966	0.73462224
981	0.71238332
984	0.67743610
1031	0.67726800
1048	0.66806964
1079	0.68631130
1082	0.67296992
41	0.87548915
55	0.87567274
87	0.87323181
105	0.86585460
128	0.87113628
129	0.86460465
141	0.84402206
159	0.81169061
182	0.86698350
192	0.86814622
215	0.83128350
216	0.84006645
239	0.77194558
246	0.83899335
266	0.83813655
287	0.78134540
297	0.81458715
325	0.79885479
338	0.74790036
355	0.80034995
359	0.75110684
360	0.82443054
466	0.77894503
480	0.82523409
511	0.77271778
543	0.77461440
593	0.70541832
621	0.78979316
641	0.71926062
686	0.72992051
691	0.71941586
707	0.77837985
741	0.74723582
743	0.71515096
753	0.70667402
761	0.73448624
779	0.71946527
830	0.69373619
850	0.69221039
921	0.66411030
944	0.69650228
997	0.67844476
1050	0.68023026
1066	0.68273355
1076	0.67038286
35	0.87568004
38	0.87535105
76	0.87048232
85	0.86429253
86	0.85690201
97	0.84355643
103	0.86407530
113	0.86262726
119	0.87005314
155	0.83813218
171	0.85539727
218	0.77970538
264	0.80389061
282	0.82097785
324	0.76227001
332	0.84297675
336	0.82228751
364	0.80167666
391	0.82244057
406	0.75769717
446	0.77833865
477	0.71612881
500	0.73816700
502	0.82882662
507	0.74060255
521	0.76163172
549	0.76165725
609	0.71130264
622	0.73650392
667	0.78610365
671	0.70001604
672	0.72037129
689	0.76130082
693	0.69211294
714	0.76726299
732	0.76557666
758	0.74147958
774	0.71851723
804	0.67051851
842	0.73251167
877	0.68710647
951	0.70623838
991	0.68600064
1009	0.66698478
1036	0.68815059
1081	0.67033118
1091	0.67162589
93	0.85993291
109	0.87559380
110	0.86050556
131	0.87327201
136	0.86588478
143	0.86167621
151	0.84780684
156	0.86756700
161	0.84360893
175	0.83866837
176	0.86507758
178	0.86586326
289	0.78792370
291	0.81904166
300	0.82686937
314	0.81777037
315	0.82571531
329	0.83805634
333	0.82617657
351	0.77613282
390	0.83565442
392	0.78968368
401	0.75963282
422	0.75970902
431	0.77136992
560	0.73911212
579	0.78650401
596	0.72449626
632	0.73360173
638	0.75799435
649	0.69570948
733	0.72166335
754	0.70121595
756	0.70724239
787	0.76616180
800	0.70579626
852	0.69670392
863	0.68453874
893	0.70057840
979	0.69218560
983	0.67470948
1021	0.67062525
71	0.87555971
133	0.82722015
142	0.86682325
153	0.87255196
194	0.86634430
241	0.83339371
316	0.79723865
346	0.80978387
377	0.81461504
383	0.77603829
388	0.83353391
393	0.81037830
407	0.83056126
454	0.79766727
562	0.72028842
586	0.75709015
605	0.73200091
712	0.69091468
808	0.76529900
887	0.70362771
937	0.66685934
971	0.68780921
1004	0.69731814
117	0.87239891
126	0.86611267
237	0.84644886
272	0.81437375
290	0.79822315
308	0.79991294
311	0.83114075
334	0.76612160
399	0.78532562
426	0.79440565
438	0.76678013
460	0.71888824
537	0.78130383
544	0.76751650
571	0.79263081
574	0.73453364
591	0.72855898
704	0.71409508
735	0.68574749
786	0.69457502
886	0.69297356
904	0.72131541
916	0.72060565
1028	0.68398551
1057	0.66347438
147	0.86882634
162	0.85712151
168	0.86973336
191	0.82834959
220	0.84719480
227	0.81930884
257	0.83048113
261	0.78308341
269	0.84889152
303	0.80914549
320	0.81174157
341	0.82089945
349	0.80797548
405	0.80946809
432	0.81759872
439	0.79453573
442	0.81754184
497	0.73347238
559	0.71281905
601	0.72648851
780	0.67687694
829	0.66954531
849	0.68674047
855	0.69888177
872	0.70032452
878	0.69217712
905	0.65802115
924	0.70225360
941	0.70126108
996	0.69439581
64	0.87487083
80	0.87511240
310	0.83787211
370	0.78813719
378	0.75450966
430	0.83166664
457	0.80498724
475	0.73869954
490	0.79674111
642	0.71480693
680	0.70828742
807	0.73533592
1005	0.68345205
135	0.83206582
139	0.82827593
158	0.84380875
211	0.79920109
236	0.83688022
238	0.84010447
249	0.83725287
254	0.86229426
283	0.84258478
305	0.78828715
319	0.83099006
321	0.83980182
326	0.78863865
380	0.81610693
387	0.80194430
412	0.80026609
418	0.78132261
434	0.78120237
483	0.81787502
501	0.74148988
517	0.75105378
536	0.75771513
552	0.78010210
597	0.74467010
615	0.74687812
631	0.74560474
677	0.75837785
768	0.72301076
799	0.67935679
803	0.72046709
818	0.72537138
827	0.70990401
860	0.69303747
868	0.70108304
910	0.67663218
929	0.69380210
978	0.70881003
1000	0.67271513
1032	0.67330255
1042	0.67207475
214	0.85979271
225	0.86131222
233	0.83288204
279	0.81432361
285	0.79489116
298	0.80134503
347	0.81635014
396	0.83844840
409	0.78658861
416	0.78430620
449	0.78443108
488	0.79012871
489	0.77754995
492	0.72571531
516	0.76622297
524	0.80483026
557	0.74788314
563	0.76066180
616	0.71026135
670	0.78756727
685	0.72846737
699	0.69901823
726	0.71980665
727	0.75293391
789	0.67506418
819	0.74829253
851	0.70024494
891	0.68099736
896	0.69198113
939	0.67381185
946	0.67811860
952	0.70333719
957	0.67937566
970	0.71464120
1019	0.66115406
1037	0.67361595
1068	0.66972379
1069	0.68826080
1077	0.69553929
149	0.84745369
170	0.86738906
357	0.80377575
384	0.80702024
397	0.77864075
494	0.78560483
614	0.75990119
650	0.76360018
669	0.71759799
695	0.74585333
882	0.67364686
908	0.67192379
917	0.67279672
228	0.80327092
235	0.85207995
301	0.77684458
318	0.83688487
373	0.81587812
395	0.76547666
503	0.79393218
566	0.78326044
600	0.74026408
607	0.76115825
700	0.72322461
749	0.73662069
794	0.72411531
841	0.74078359
847	0.73617165
1010	0.68153646
1029	0.69151258
861	0.67627922
89	0.87008997
127	0.87245479
140	0.86650875
145	0.85626408
157	0.86229790
177	0.87071404
180	0.84035160
196	0.85468769
198	0.81950438
210	0.86337493
231	0.85186709
275	0.85169644
281	0.83845834
293	0.83537046
296	0.83052625
317	0.79377466
322	0.83869526
330	0.79577912
335	0.85671841
363	0.82211158
419	0.80263865
428	0.81161212
447	0.76937037
458	0.75146837
482	0.74737976
499	0.74592069
520	0.75951504
527	0.77127046
554	0.78627475
564	0.72921741
575	0.77067101
583	0.77558049
589	0.71900848
604	0.74889435
625	0.72225880
661	0.70236026
684	0.72259170
688	0.68132780
718	0.68589453
759	0.72568687
784	0.73286955
810	0.73820839
817	0.69526864
835	0.70304421
843	0.69153327
844	0.72654950
845	0.71729854
876	0.69652160
883	0.67287493
888	0.73335305
894	0.67277885
968	0.68978815
986	0.69376709
993	0.68113573
999	0.66482461
1008	0.69789134
1026	0.69931304
1027	0.67108077
1071	0.68547803
1093	0.67324248
104	0.87292634
181	0.85435825
263	0.79669991
274	0.81671367
294	0.84829134
299	0.81312534
313	0.74715798
365	0.82971076
411	0.82650456
414	0.77328286
435	0.78706554
444	0.79310082
474	0.75020155
525	0.80797101
533	0.73636937
535	0.72214002
553	0.74037685
634	0.70961531
652	0.73944567
656	0.75207521
673	0.72684722
676	0.71042197
723	0.78983008
745	0.73969918
747	0.72699964
755	0.67104284
806	0.68837375
812	0.72020091
825	0.72243573
874	0.70944968
875	0.71364366
914	0.70629453
928	0.68067867
942	0.69101650
990	0.66338140
1011	0.68696408
1014	0.70970000
1025	0.69812133
1043	0.67340675
1054	0.66909590
1061	0.68050802
1084	0.65258915
121	0.87445980
230	0.85952489
265	0.85499198
280	0.84511413
350	0.78081222
356	0.82269216
371	0.76789225
372	0.81603683
381	0.83146454
402	0.82571987
427	0.79586408
445	0.77401668
484	0.81817347
487	0.78934448
523	0.77228067
572	0.74494950
584	0.78042890
618	0.73066281
620	0.75429909
639	0.70032024
666	0.69982653
678	0.72653209
766	0.70004576
771	0.75565087
772	0.71055114
776	0.70098696
805	0.72776098
823	0.69165032
824	0.71205962
836	0.72897666
839	0.72698086
857	0.70608359
859	0.68342407
918	0.72417001
949	0.68356226
960	0.66815552
1024	0.69188478
1030	0.66138952
1051	0.67053974
1053	0.68618943
1060	0.70522443
1096	0.65182352
209	0.83293519
255	0.81357247
286	0.79364412
342	0.77316554
408	0.80858578
417	0.80225579
443	0.75652279
469	0.73108077
473	0.77578678
602	0.71122589
606	0.74128687
619	0.71359644
636	0.72093446
645	0.71080501
724	0.73544385
798	0.72196582
822	0.69656290
870	0.71733309
906	0.68535752
907	0.73576983
930	0.66909909
959	0.67420119
994	0.66412543
1056	0.67013428
185	0.86527192
224	0.85328286
229	0.83388195
353	0.82120720
354	0.77717256
440	0.77630055
452	0.80466135
510	0.76608751
576	0.73640912
664	0.78623728
675	0.74820583
687	0.72265032
709	0.72541249
716	0.74901449
748	0.75394831
767	0.70091860
792	0.70220447
828	0.70657758
925	0.68443956
933	0.69557037
934	0.71356372
955	0.71843500
963	0.68077147
1095	0.66572899
123	0.86533984
345	0.80766117
382	0.78187758
398	0.81088833
471	0.75221878
518	0.78209061
717	0.72937046
742	0.74224439
746	0.70969134
762	0.72427229
911	0.67862097
992	0.66930191
1035	0.67254631
1047	0.67714840
1059	0.66953719
306	0.79751586
369	0.79185761
385	0.82082671
476	0.77114977
486	0.73975005
617	0.79371641
681	0.74684986
706	0.71557201
725	0.76323036
903	0.71128915
1003	0.68836390
1040	0.67559025
1072	0.67580930
1074	0.67943090
429	0.79003172
498	0.78590064
519	0.77178441
539	0.76289371
592	0.76586572
705	0.71276992
796	0.68422507
848	0.67469617
892	0.69140474
900	0.68377712
1013	0.65956399
1078	0.67489034
108	0.86440802
195	0.85018560
425	0.78796773
441	0.81474257
610	0.72931349
626	0.71253810
740	0.76562252
778	0.73525287
927	0.66926737
1038	0.67874686
1044	0.69838778
222	0.84297037
344	0.85286572
374	0.80588478
612	0.78773008
659	0.76036490
734	0.68938396
885	0.68432179
938	0.69190064
969	0.70652589
975	0.70042944
980	0.69255260
989	0.68433054
223	0.85023801
309	0.77601595
327	0.78781550
455	0.81004831
595	0.72707849
838	0.69209371
854	0.70405743
1007	0.67418067
1087	0.67128797
337	0.77090820
421	0.76404822
464	0.79726655
530	0.75827548
633	0.70558961
697	0.71204029
698	0.69541996
788	0.73260009
846	0.70405980
898	0.68228195
1018	0.66520392
348	0.81534640
569	0.68727110
646	0.73839234
879	0.69434421
386	0.81481130
468	0.80765716
491	0.71914804
648	0.79606071
668	0.75131322
801	0.72026554
813	0.72523172
913	0.68844385
945	0.67306044
1062	0.68314057
186	0.85331203
270	0.85407411
361	0.75667420
366	0.82561030
375	0.85613911
509	0.75034421
719	0.72289517
840	0.71567119
899	0.68814467
943	0.67286910
958	0.69704904
987	0.66841705
1034	0.67076226
581	0.76322562
613	0.74239954
635	0.75612078
956	0.71341522
585	0.72343592
657	0.71481495
965	0.69286117
696	0.75019116
865	0.67202005
961	0.66571048
964	0.68320912
1015	0.67748979
1070	0.67365634
1088	0.65402306
655	0.71216135
730	0.70012470
795	0.71289490
889	0.69924786
902	0.71554895
1083	0.67908159
1086	0.68189161
985	0.69443683
1002	0.68466955
1023	0.68659225
1049	0.67144248
577	0.76741541
462	0.78132343
532	0.79937639
573	0.77253546
627	0.76356682
1080	0.66101878
662	0.79396144
901	0.67825005
1041	0.68044731
1094	0.66643637
644	0.73364403
821	0.70350046
1064	0.65914731
288	0.84552598
802	0.71686800
853	0.68714448
976	0.66766345
922	0.71178377
690	0.78212124
773	0.71501167
897	0.67728368
1052	0.66821604
1089	0.66281923
832	0.71372361
962	0.66752981
781	0.69785169
608	0.72907821
331	0.81760046
862	0.69483172
352	0.80505770
833	0.72666609
864	0.70434284
953	0.68485132
683	0.71158915
1092	0.66074366
895	0.68402871
920	0.71367657
926	0.69014804
682	0.71457721
797	0.70969982
1055	0.69369954
594	0.80052133
1001	0.65270346
791	0.69336718
809	0.71630210
467	0.76880802
542	0.73290693
982	0.66408441
950	0.66101741
