0	0.87660810
1	0.87653776
2	0.87665171
3	0.87627873
4	0.87633805
5	0.87678800
6	0.86704780
7	0.81132215
8	0.87553122
9	0.87673551
10	0.87597551
11	0.87674244
12	0.87460507
13	0.87596068
14	0.87683005
15	0.87645522
16	0.87697698
17	0.87662683
18	0.87675034
19	0.87681073
20	0.87679561
21	0.87680673
22	0.87664059
23	0.87697229
24	0.87678156
25	0.87658966
26	0.87666761
27	0.87660751
28	0.87687863
29	0.87676166
31	0.87688351
32	0.87670839
33	0.87674459
34	0.87658185
35	0.87685424
37	0.87592088
39	0.87684468
41	0.87681239
42	0.87662029
43	0.87660595
46	0.87619834
47	0.87663385
48	0.87601356
50	0.87667327
51	0.87608576
54	0.87656166
60	0.87633356
63	0.87309220
64	0.87412254
65	0.87674059
66	0.87652039
68	0.87680068
69	0.87567278
70	0.87150068
71	0.87141210
72	0.87443366
78	0.87637327
83	0.87048478
85	0.87558371
88	0.87063239
91	0.87596654
92	0.84941054
94	0.87490185
102	0.86859805
105	0.83375288
106	0.87080244
107	0.87469132
112	0.84639034
114	0.83266400
115	0.83993678
119	0.86431649
123	0.85104332
128	0.86173454
130	0.87325073
134	0.87366810
135	0.87051561
137	0.87147844
138	0.85819863
139	0.86066449
140	0.81797132
141	0.87089698
143	0.84673893
149	0.86021093
151	0.86306283
152	0.81830537
154	0.85649932
158	0.87487522
162	0.85353512
164	0.85564459
165	0.87048820
166	0.86406683
167	0.85875268
169	0.84528000
172	0.83962937
180	0.85451854
182	0.84887171
189	0.84566985
191	0.86438341
192	0.84406215
195	0.85180683
197	0.83161278
204	0.80622663
219	0.84580478
231	0.82474585
233	0.84335278
237	0.84851902
243	0.79676546
244	0.82079278
246	0.81259132
248	0.85966663
279	0.82276263
289	0.85735102
290	0.83132127
293	0.83771834
298	0.84231737
308	0.84466566
310	0.83438517
314	0.79731463
324	0.81742263
331	0.80391649
336	0.76063688
338	0.80592254
358	0.74131356
362	0.83808351
364	0.81085580
370	0.79105376
374	0.82892527
394	0.78523200
417	0.79129444
425	0.77301932
429	0.76749171
435	0.79232478
445	0.77296907
454	0.75063746
455	0.80389122
466	0.76489180
468	0.73802556
473	0.77219210
474	0.78690000
500	0.74108234
510	0.75040107
513	0.76054810
514	0.78025346
522	0.76016146
527	0.76757678
530	0.72498654
531	0.80883034
532	0.76164644
547	0.71459776
566	0.73716224
568	0.75121795
573	0.76330380
574	0.71547239
580	0.73592722
590	0.70932605
595	0.77727990
609	0.74427317
614	0.75127356
615	0.75305268
619	0.71990917
629	0.72494488
640	0.70634000
647	0.75493707
650	0.73178576
654	0.78205093
661	0.71753990
671	0.72273805
672	0.76724615
682	0.70191639
747	0.74420849
766	0.71672205
767	0.69690761
771	0.70259278
781	0.70172420
797	0.71500702
803	0.68732059
829	0.68740780
837	0.69604341
849	0.71566741
866	0.70487561
869	0.71230878
912	0.71146722
917	0.69930156
923	0.71252000
925	0.70142400
928	0.68483912
936	0.68927024
941	0.68382810
959	0.68440068
972	0.67569766
1011	0.67068244
1012	0.66864010
1022	0.67276966
1024	0.67221600
30	0.87596410
36	0.87685327
38	0.87605659
40	0.87499268
45	0.87673200
49	0.87657678
53	0.87641200
73	0.87509785
77	0.87222956
84	0.87480898
99	0.87014712
100	0.86946829
121	0.84624117
129	0.87405834
133	0.84615571
155	0.85440127
187	0.86593678
200	0.80464098
211	0.84048293
216	0.82994088
225	0.85315863
251	0.81861659
253	0.83571073
260	0.81651756
339	0.73638254
351	0.78072429
361	0.80336341
387	0.75583971
399	0.80707346
421	0.78633434
438	0.75709815
469	0.79087805
476	0.74077151
504	0.78120693
536	0.76177122
550	0.75076741
564	0.76231512
581	0.71424039
587	0.73773980
597	0.75277844
617	0.77409873
644	0.73034702
708	0.71505854
710	0.66487571
725	0.72546673
731	0.71096537
735	0.77991980
765	0.68969268
787	0.71731044
795	0.69331844
820	0.75443093
838	0.66418420
859	0.70769620
876	0.71167132
891	0.69690293
902	0.69408849
914	0.67861912
933	0.70343122
982	0.66740459
991	0.66628244
1018	0.67491873
52	0.87658888
55	0.87633522
57	0.87637512
61	0.87614780
81	0.87328020
87	0.87479580
89	0.86589483
90	0.87228059
109	0.85894654
117	0.85226263
122	0.86543541
147	0.86731727
175	0.82019288
186	0.85021571
188	0.81031600
196	0.85189912
217	0.87044634
218	0.82155668
221	0.79017493
229	0.82827698
240	0.84077522
245	0.84737385
255	0.83904946
256	0.80577756
278	0.83863932
283	0.83097785
300	0.75148361
305	0.84740946
307	0.83471512
317	0.81899951
329	0.78064556
333	0.81094985
337	0.82287317
346	0.76617220
349	0.79875112
354	0.75956468
378	0.79054039
391	0.82422293
392	0.80949902
400	0.78197980
404	0.78102585
407	0.80519863
420	0.82293161
422	0.81523873
423	0.72278205
441	0.81450702
457	0.80115649
461	0.75328439
462	0.75965317
463	0.81593112
470	0.82115532
496	0.76141337
511	0.80426644
518	0.73385512
526	0.74853649
528	0.75621639
529	0.82683122
534	0.78142263
542	0.76556527
553	0.72570839
558	0.72175776
623	0.79283590
636	0.74381210
680	0.72433249
689	0.69644478
699	0.69390595
703	0.71764966
719	0.72137337
729	0.77428029
754	0.69415912
794	0.71092937
802	0.70372546
839	0.67134224
904	0.69791805
938	0.66923688
980	0.67642615
989	0.67063590
1008	0.67498829
1009	0.67042039
79	0.87463317
86	0.87312722
93	0.86586878
98	0.87251356
104	0.87036000
110	0.86496849
145	0.86935649
146	0.85553015
157	0.86647132
163	0.81802888
168	0.84004907
170	0.82432410
184	0.84446673
193	0.83805571
203	0.84069239
227	0.83511707
311	0.82640488
323	0.79831180
325	0.82094098
360	0.78157932
408	0.79257727
427	0.79749132
430	0.79827629
440	0.83274439
450	0.79263298
465	0.77054644
482	0.79880859
492	0.71278585
502	0.68660273
520	0.76424507
523	0.80559356
544	0.70910839
605	0.77266868
608	0.74956615
659	0.67179141
686	0.67824263
705	0.68687200
738	0.71689015
748	0.71634137
816	0.67173317
872	0.68670673
897	0.68160059
931	0.67584137
932	0.67005717
946	0.68390224
1007	0.67539288
1019	0.67990137
56	0.87418420
58	0.87651385
62	0.87521795
67	0.86294780
101	0.87330839
124	0.85627298
144	0.87109785
201	0.80962273
202	0.85576537
213	0.84606049
250	0.80481805
258	0.84842000
280	0.82083990
284	0.76988507
366	0.83359629
410	0.77668127
488	0.78001932
516	0.74063268
575	0.80691746
586	0.75675424
593	0.74258546
639	0.73974283
643	0.72241483
691	0.70509990
704	0.72855356
758	0.70820068
760	0.70747307
762	0.73093463
824	0.67844224
854	0.69302098
900	0.67863561
924	0.69534215
973	0.67468605
44	0.87556341
82	0.87302078
113	0.83857493
132	0.80726507
153	0.86407659
159	0.85568254
181	0.85629005
183	0.87272800
205	0.84650966
206	0.83933073
215	0.82376898
223	0.85243990
252	0.84307249
264	0.82590654
267	0.83466429
299	0.81857415
318	0.80492283
355	0.75820654
363	0.76381288
365	0.76392117
395	0.74017171
411	0.81362283
419	0.79029424
433	0.79471980
434	0.81318576
471	0.77860068
478	0.77119161
490	0.71604546
491	0.75174771
493	0.72653337
509	0.75743122
517	0.73264566
524	0.75381971
537	0.75794273
548	0.72852663
578	0.79218107
591	0.77450098
592	0.76153366
620	0.72795883
626	0.68925902
628	0.74752829
630	0.74875980
646	0.76040068
652	0.72753717
667	0.70543356
681	0.74698849
694	0.68073249
698	0.71847707
712	0.77462459
718	0.71240439
720	0.73079902
721	0.71269961
730	0.69854254
734	0.70826068
737	0.69093278
744	0.72745161
847	0.70183668
950	0.70872302
963	0.67670361
976	0.67934322
96	0.86822224
116	0.87227766
190	0.81632449
214	0.84941102
232	0.82387395
306	0.80309785
369	0.78798361
495	0.73897112
499	0.78696000
826	0.75455717
875	0.69378956
962	0.68584595
997	0.67197366
1013	0.65689024
1015	0.67521737
108	0.87084868
207	0.84954634
270	0.83181844
368	0.78022068
653	0.75751200
993	0.67446224
118	0.86940888
120	0.83661776
131	0.87064205
148	0.86612439
150	0.84764117
160	0.84309298
171	0.84812117
176	0.78173141
198	0.84590400
238	0.83163561
241	0.83648722
249	0.83093541
292	0.79935746
301	0.82726566
309	0.82592985
367	0.80482966
373	0.77782976
413	0.75233766
414	0.80215395
424	0.83124888
624	0.72869541
739	0.72834790
740	0.73846361
777	0.71499717
778	0.69584254
780	0.72559883
790	0.73033483
808	0.69091063
825	0.68874888
841	0.69358302
59	0.87459541
125	0.86776780
136	0.85232127
156	0.84360059
173	0.85632146
210	0.83969171
224	0.83857346
273	0.79837259
287	0.81297522
288	0.82902293
383	0.80337034
409	0.75954439
437	0.78972488
456	0.78831337
477	0.78239600
483	0.71723785
533	0.75868976
543	0.75792039
632	0.71888859
642	0.74178410
666	0.74649024
769	0.69458488
774	0.72434722
775	0.70658849
786	0.75742605
811	0.72578751
821	0.69341112
884	0.66747873
892	0.70422351
907	0.71452449
910	0.68077659
922	0.69595795
126	0.87389746
127	0.87177912
247	0.86640468
263	0.84426263
352	0.81776185
381	0.79551385
390	0.74301259
405	0.80269298
432	0.81244712
443	0.76871054
563	0.73605912
567	0.74809824
603	0.81170459
627	0.75261824
724	0.77675278
768	0.67505502
773	0.74659395
827	0.69591463
851	0.71703083
856	0.70308800
877	0.67364146
880	0.69579063
948	0.66555532
960	0.68137551
978	0.68316732
984	0.69936888
74	0.87598741
76	0.87497015
103	0.87151356
142	0.87206156
174	0.85936868
185	0.84521180
234	0.85109180
262	0.84190702
266	0.80789941
268	0.81272976
269	0.78343541
271	0.82633746
272	0.82040498
274	0.79533259
281	0.81647639
291	0.83863941
320	0.82906810
348	0.81113366
393	0.76811385
402	0.73330322
415	0.80537522
448	0.82158663
452	0.80382137
481	0.74332956
487	0.79160302
498	0.76831659
561	0.73905824
565	0.78148127
569	0.75917415
585	0.72107873
598	0.68646917
675	0.70403112
722	0.69648771
793	0.74365220
818	0.72968849
863	0.70087620
916	0.69314078
943	0.67312234
944	0.66448605
954	0.69008829
958	0.68085844
967	0.69039941
968	0.70971941
286	0.80500341
302	0.81698566
312	0.79940322
467	0.75043717
486	0.74699600
494	0.72702195
515	0.76226498
552	0.74411795
576	0.68205054
638	0.69836702
660	0.75761151
676	0.71949629
756	0.68025132
788	0.72841532
805	0.72544332
848	0.70419854
908	0.70823941
952	0.68356898
75	0.86971112
97	0.87543766
177	0.86244683
194	0.85515922
239	0.86017112
316	0.76211551
335	0.76409229
340	0.78272166
343	0.79086732
385	0.76225922
442	0.79772937
497	0.73711190
570	0.71169063
611	0.70594000
706	0.74611200
830	0.70927737
860	0.71739610
871	0.70774234
920	0.67783824
1010	0.67388517
1016	0.66927337
80	0.87309844
277	0.80044937
295	0.78576829
327	0.80634624
380	0.81830488
384	0.81646039
506	0.78076751
625	0.74906137
637	0.75121424
670	0.72642020
716	0.75948644
733	0.74437102
782	0.68099161
796	0.70473707
800	0.73127541
812	0.73912780
881	0.72363863
883	0.67539951
911	0.70908273
977	0.68148849
222	0.83151180
257	0.84796078
259	0.83527659
282	0.84971873
350	0.81418829
371	0.82651463
556	0.75322868
577	0.73541366
645	0.70458000
683	0.75354761
764	0.70526946
789	0.70516498
823	0.73370283
853	0.67396127
909	0.69888371
937	0.67884117
111	0.86154917
199	0.83135415
228	0.83032800
236	0.84512927
303	0.86392624
319	0.83946946
321	0.82788839
345	0.77138644
357	0.78620722
426	0.79210459
451	0.77058537
479	0.72110420
507	0.77390878
519	0.76346098
521	0.76800351
535	0.78135883
560	0.75307288
579	0.70630039
602	0.71963990
618	0.75953180
631	0.72049951
633	0.71184898
669	0.70686039
674	0.71321102
679	0.74950020
688	0.69616244
695	0.76413766
736	0.73019532
745	0.69757659
746	0.72159385
798	0.69076185
810	0.71544293
828	0.73069190
844	0.67570985
873	0.67715951
919	0.68393571
975	0.67439005
995	0.67743971
996	0.66874176
1021	0.66487288
209	0.86798732
220	0.79424605
226	0.83112302
276	0.81317522
296	0.81571249
313	0.78104010
322	0.79985200
332	0.82566215
389	0.76920293
396	0.76119717
428	0.81209746
447	0.83560634
475	0.75031844
489	0.74690439
501	0.75700917
525	0.74016810
549	0.71044907
583	0.71623541
584	0.74799805
589	0.73808039
594	0.72821854
599	0.72481580
610	0.73915327
613	0.72726546
634	0.71383541
635	0.75968693
641	0.76462098
648	0.74128234
665	0.70525941
678	0.75810449
690	0.75261356
741	0.69157005
742	0.72988263
749	0.72961249
750	0.72755961
813	0.70657834
815	0.69270576
842	0.73622244
852	0.68252761
868	0.72076517
870	0.70083463
882	0.70309532
927	0.68836146
971	0.67319093
974	0.71193015
990	0.66542498
1004	0.67452127
161	0.86686498
235	0.82790634
242	0.85310693
265	0.82247298
285	0.85741532
294	0.81764771
297	0.80446234
341	0.80787298
372	0.83939346
401	0.77077317
403	0.79468283
436	0.78195190
444	0.80163805
453	0.76997288
472	0.73742380
484	0.77938839
538	0.81105922
554	0.77339376
612	0.75799610
651	0.72057005
673	0.74383776
684	0.71860566
693	0.71838283
696	0.76291424
726	0.74733415
763	0.71503268
801	0.69716205
804	0.69037259
807	0.70260400
843	0.72744976
858	0.70369620
878	0.68275502
886	0.69055727
913	0.67268166
926	0.68634995
935	0.66677629
947	0.68728732
964	0.67398234
981	0.67365083
983	0.67784624
254	0.80079698
326	0.74458790
375	0.77829405
418	0.79213473
459	0.81221395
480	0.79472059
485	0.79839873
503	0.74523220
616	0.75455902
622	0.73670312
655	0.69021785
692	0.71113834
697	0.73129093
700	0.74338283
717	0.67143327
770	0.71017639
784	0.71840634
792	0.67158556
835	0.69415980
840	0.72343590
961	0.67163190
998	0.66877444
95	0.87240439
347	0.82943483
359	0.80199395
376	0.83175600
388	0.78282283
431	0.78705600
557	0.75357395
562	0.74474010
571	0.75635366
572	0.75380956
600	0.77704283
621	0.69978029
649	0.71777210
657	0.69926254
658	0.71560127
713	0.72469102
814	0.72283434
874	0.69774927
885	0.68377873
893	0.68233824
945	0.72012468
956	0.67519961
994	0.67304449
1005	0.66802751
1006	0.65250937
230	0.82625405
342	0.80228790
344	0.79480312
353	0.79840439
505	0.77884468
539	0.76599385
559	0.75565756
606	0.79377522
918	0.67746595
929	0.69359141
939	0.69256985
940	0.69254049
951	0.68312059
334	0.77675366
356	0.81715698
377	0.79580390
464	0.76389902
755	0.70197395
822	0.70710615
846	0.74865844
867	0.69208507
887	0.67981561
890	0.69332020
894	0.70238888
953	0.67480361
987	0.68014166
382	0.77565912
397	0.76834420
458	0.77196459
508	0.82248800
728	0.69200644
834	0.68287649
921	0.68165912
979	0.68004712
1000	0.67091902
179	0.85371307
261	0.78413678
379	0.74193288
446	0.77183502
540	0.77539815
588	0.77285463
596	0.73150644
604	0.77284341
709	0.70169278
819	0.69297815
1002	0.68272605
1023	0.65535112
304	0.82272420
386	0.75721863
546	0.72579620
685	0.69703502
707	0.72096898
751	0.69685854
753	0.67740927
776	0.75303893
779	0.75595863
791	0.68104654
806	0.71101590
836	0.68830654
855	0.68898956
934	0.69396137
988	0.67386156
1014	0.66397346
275	0.81393180
406	0.79158800
460	0.77038498
715	0.68259278
757	0.70317463
889	0.68421561
899	0.68878712
955	0.68331668
208	0.83891093
212	0.84843229
315	0.82386439
601	0.73250400
656	0.73610322
992	0.67357590
178	0.86060137
449	0.75231668
664	0.73512263
711	0.66745190
727	0.69003873
761	0.71164283
965	0.68767620
966	0.67630254
1020	0.67505395
412	0.79252995
701	0.70500107
702	0.69705980
785	0.67977171
723	0.69191961
832	0.69931346
957	0.68367639
1003	0.68816615
512	0.76754907
759	0.67112156
677	0.70953522
772	0.68778693
850	0.69817200
901	0.72786663
896	0.72416595
985	0.66019073
328	0.83468390
833	0.69924537
895	0.68041893
999	0.69524429
1001	0.65729522
545	0.79782985
582	0.80144644
714	0.70494917
732	0.76653668
864	0.67928332
970	0.67206985
986	0.67621122
1017	0.67288956
541	0.76213073
398	0.75339961
662	0.73062322
915	0.71411600
942	0.67715659
949	0.67808693
416	0.76467620
668	0.73013405
743	0.73910585
752	0.68682741
831	0.68945756
906	0.69955824
861	0.68689317
845	0.71862780
905	0.70678644
607	0.73924361
663	0.71050702
879	0.66631015
439	0.76947268
330	0.84534215
865	0.68348478
857	0.70411678
888	0.67089883
817	0.66987346
898	0.68505190
555	0.74831376
783	0.66845307
809	0.71305493
969	0.67285483
551	0.75613717
903	0.66466449
687	0.72058078
799	0.68044049
930	0.66256829
862	0.70081649
