0	0.87679200
1	0.87556200
2	0.87636556
3	0.87122111
4	0.87578500
5	0.87612144
6	0.87097567
7	0.87599411
8	0.87673233
9	0.87662200
10	0.87663844
11	0.87661900
12	0.87661178
13	0.87580211
14	0.87638289
15	0.87665767
16	0.87680144
17	0.87669056
18	0.87660489
19	0.87658267
20	0.87700433
22	0.87680622
23	0.87666233
24	0.87669856
25	0.87658689
26	0.87607567
29	0.87669789
30	0.87657944
31	0.87676789
33	0.87656778
34	0.87677489
37	0.87662611
38	0.87660156
39	0.87683511
44	0.87642178
46	0.87588422
47	0.87668167
51	0.87623133
53	0.87581433
54	0.87640500
56	0.87394667
57	0.87623811
60	0.86908822
69	0.87596989
70	0.87186100
71	0.87590556
72	0.86936278
73	0.87542356
81	0.87348489
86	0.87374900
87	0.86722100
88	0.85569778
91	0.85963267
101	0.86690978
103	0.85789789
105	0.87333089
106	0.86908600
109	0.84801522
115	0.86067756
116	0.85084356
117	0.85888044
136	0.85696889
141	0.85045756
146	0.85227744
150	0.84701567
159	0.84325311
160	0.86482278
168	0.85715011
173	0.84851167
176	0.82447056
185	0.82150622
186	0.84240322
190	0.85272656
191	0.85265700
194	0.82460189
195	0.85150656
211	0.82847211
212	0.85315889
222	0.86341600
224	0.82693267
227	0.78992644
247	0.80206578
249	0.82762000
251	0.84683722
256	0.85023000
265	0.79513411
267	0.73037633
272	0.84535411
273	0.82484111
274	0.77182533
284	0.83856633
310	0.81195544
314	0.81489522
316	0.84393122
319	0.83658000
321	0.79383733
338	0.79829089
340	0.79504278
349	0.79117411
351	0.81463200
353	0.77410289
357	0.77137700
375	0.76081267
382	0.80654467
392	0.80804533
394	0.77282956
412	0.82187044
425	0.74633156
431	0.72211811
444	0.79469700
445	0.74430567
447	0.72936656
448	0.77882133
463	0.74206300
470	0.68678544
476	0.70816489
483	0.79175233
485	0.77834533
498	0.78435667
503	0.76213656
510	0.77689856
519	0.75961311
520	0.76281678
521	0.69547067
530	0.72928956
552	0.75637756
566	0.76257133
577	0.72771800
588	0.68024744
600	0.77490589
626	0.73401633
635	0.70723767
641	0.71596600
650	0.71815033
655	0.67762589
656	0.74359100
697	0.72428067
703	0.71959378
717	0.71866789
722	0.68377644
724	0.70517156
729	0.67928222
730	0.71779089
731	0.70436811
733	0.71515933
737	0.72910656
740	0.68825067
747	0.69798689
757	0.67818411
758	0.69349733
761	0.68242978
765	0.70041589
770	0.68003111
790	0.67533144
798	0.70403633
799	0.71249944
802	0.69832133
842	0.66889022
859	0.66330989
862	0.67990367
864	0.67813556
865	0.67738433
877	0.68347844
887	0.65671278
890	0.67288533
892	0.66102111
21	0.87680889
35	0.87663689
49	0.87236311
59	0.86213222
67	0.84456489
68	0.87692700
95	0.85891633
119	0.86435233
163	0.86269200
166	0.85478900
182	0.81813911
189	0.81554944
216	0.84469944
229	0.79325900
240	0.85681178
242	0.84256467
243	0.77486522
261	0.78183789
266	0.83971978
271	0.81819700
287	0.81183833
300	0.83350256
307	0.74541833
313	0.83323167
329	0.82323722
343	0.77582222
346	0.84555778
354	0.75856611
356	0.80588789
389	0.80153856
391	0.81407111
401	0.74379389
404	0.80345689
433	0.71152289
439	0.71914378
440	0.73721911
449	0.81019022
488	0.76781822
513	0.78257322
546	0.67882933
557	0.72371344
610	0.71771733
671	0.69438511
674	0.68463289
676	0.69730022
691	0.68726589
779	0.72441422
781	0.71224933
804	0.70006644
806	0.70586489
852	0.67627822
875	0.68230489
895	0.67783000
897	0.67506478
27	0.87676556
40	0.87686856
42	0.87667933
50	0.87534756
74	0.87611211
85	0.84620611
104	0.82442144
112	0.86310156
139	0.86554178
154	0.84525356
156	0.82439389
162	0.85005533
167	0.84897144
169	0.83409333
172	0.83826144
174	0.86042222
183	0.85617267
201	0.85218133
221	0.81903089
232	0.84505633
257	0.83719678
258	0.82196044
276	0.79874856
278	0.83099178
295	0.82610644
296	0.80384833
297	0.80181800
336	0.81809544
365	0.77321233
388	0.75853167
405	0.72067589
409	0.76732011
434	0.72024267
446	0.80397944
451	0.77373789
460	0.77516678
480	0.70290578
486	0.76627811
549	0.76934500
560	0.73478756
584	0.71362067
590	0.72509711
606	0.70355489
611	0.78207167
617	0.69545578
628	0.71541478
663	0.71105422
673	0.69166044
689	0.70499322
695	0.73045922
710	0.71546867
736	0.68492011
805	0.70119767
844	0.69011456
853	0.66815800
880	0.68451778
36	0.87661011
45	0.87639900
84	0.86988389
93	0.85559200
97	0.81950689
98	0.87531744
107	0.87429167
135	0.78509844
137	0.86490567
148	0.85826467
178	0.82366311
200	0.85563711
218	0.82557789
220	0.80603044
259	0.82006989
264	0.80095411
423	0.82606022
442	0.73222622
456	0.71204456
490	0.72934633
499	0.78145322
504	0.73014144
559	0.74216611
574	0.72605056
649	0.71147744
684	0.69644956
715	0.67952578
846	0.66735978
871	0.67117856
896	0.67701533
63	0.87514767
64	0.87461933
76	0.87501311
114	0.85908500
123	0.84970711
129	0.86081133
134	0.84500989
153	0.82389500
179	0.78990022
184	0.83755978
204	0.84327978
231	0.82611956
252	0.85933611
275	0.80088511
299	0.80074756
301	0.82521900
443	0.73437300
469	0.74676122
471	0.78129189
475	0.77258244
525	0.78056800
567	0.73206178
602	0.73793156
615	0.74413389
636	0.74378100
643	0.72177156
646	0.67805756
664	0.71575911
719	0.70578544
28	0.87683289
43	0.87180878
62	0.87412778
65	0.87696411
77	0.87068833
89	0.86174889
127	0.85389000
132	0.86877244
145	0.85806822
152	0.85006944
207	0.85238833
213	0.86200133
219	0.84060711
309	0.77968744
327	0.78677133
330	0.80363444
339	0.80271578
361	0.78044311
362	0.83946833
376	0.83269200
395	0.75206011
403	0.78827767
459	0.77923489
482	0.70258667
492	0.72047689
505	0.80777911
522	0.75147756
524	0.76984778
568	0.75311267
582	0.71019544
592	0.74705967
614	0.72258756
624	0.72516811
637	0.73678089
822	0.70018100
869	0.68670689
66	0.87425700
90	0.86887367
122	0.85597667
124	0.83244067
125	0.85115311
155	0.86840878
209	0.86519300
248	0.78555189
255	0.81002622
279	0.81278278
304	0.80038567
390	0.77870867
419	0.78331122
507	0.74342011
535	0.77111033
576	0.73751644
686	0.69818422
696	0.70396433
714	0.72602900
718	0.70769400
809	0.69377911
830	0.67576922
868	0.67373611
893	0.66406456
32	0.87678522
58	0.86592944
94	0.87406267
138	0.86024000
171	0.85931000
177	0.85689411
193	0.83143967
226	0.84331989
286	0.80041522
288	0.75867656
347	0.80990911
373	0.82733689
417	0.75825978
430	0.73073311
453	0.73802478
468	0.76696533
472	0.73394111
555	0.76328289
640	0.70369711
645	0.70236711
705	0.70631811
752	0.68022633
755	0.67276844
787	0.68099444
792	0.69140589
795	0.68910289
839	0.68465256
883	0.67914433
41	0.87624467
52	0.87612244
55	0.87423744
61	0.87578533
82	0.87327667
99	0.86648567
102	0.84903011
108	0.85601444
149	0.85753733
157	0.86329978
203	0.80868600
217	0.85389967
253	0.81813789
270	0.83350733
289	0.83730544
293	0.82348411
302	0.78932933
334	0.82100289
335	0.80256600
344	0.82053611
369	0.72975822
408	0.78994767
420	0.76773256
436	0.80148433
487	0.69867189
494	0.77374967
506	0.73326978
523	0.69892411
593	0.75030200
595	0.69831478
609	0.75864789
706	0.71404167
745	0.69584744
772	0.69826322
773	0.67561489
855	0.71925522
861	0.68477589
873	0.68083111
879	0.68191022
80	0.87100667
100	0.84983178
110	0.86977189
111	0.85721600
130	0.86925889
143	0.84844111
147	0.85558567
202	0.77638956
244	0.81401011
260	0.79628878
282	0.84444400
318	0.83763144
348	0.74484022
355	0.80010100
364	0.80703011
384	0.76378056
387	0.78910511
454	0.74560867
455	0.76576856
477	0.77039344
497	0.73877300
531	0.76943422
536	0.76001822
543	0.71229044
544	0.73346978
547	0.77204944
563	0.71269644
589	0.72354611
597	0.76725689
599	0.71353122
613	0.71374900
632	0.71268378
701	0.71093444
711	0.73350778
727	0.70157644
756	0.68439222
771	0.67613878
776	0.68929644
791	0.68777967
854	0.68074511
126	0.87401633
133	0.85327244
142	0.87497689
164	0.84659744
165	0.85430833
170	0.84750578
175	0.84469356
181	0.85320000
205	0.81285789
234	0.84920289
237	0.84980122
245	0.82547733
262	0.81551789
263	0.79284267
294	0.80472200
331	0.78905367
333	0.76780978
359	0.81283389
397	0.78933000
399	0.78518344
418	0.79665978
532	0.76701578
533	0.75811644
534	0.73302856
581	0.72283578
596	0.68381267
633	0.69992356
659	0.69044911
675	0.68440778
748	0.70363067
784	0.68673289
811	0.70548733
848	0.67540733
851	0.69664211
48	0.87404922
79	0.86426578
92	0.87365244
120	0.87358156
140	0.83822022
269	0.75263311
280	0.76941144
290	0.81850789
292	0.79730922
366	0.74628122
426	0.77085433
428	0.76525989
493	0.74636578
511	0.72257300
512	0.74506078
527	0.75526411
539	0.75564722
561	0.68706500
578	0.71587244
586	0.74724978
591	0.71632656
630	0.72788800
634	0.71051878
679	0.75809067
728	0.71226144
794	0.68059044
800	0.67401322
801	0.69260311
813	0.68705022
823	0.70024122
841	0.68223433
131	0.86155289
192	0.86397911
233	0.82896000
325	0.78519678
326	0.74319678
358	0.76106900
429	0.78916811
432	0.79662733
481	0.80587578
484	0.72029622
491	0.77034333
496	0.76740722
514	0.78217511
556	0.74539500
594	0.69293622
612	0.76255200
623	0.72525011
666	0.72642500
678	0.71972078
698	0.74593500
702	0.69119544
725	0.73088889
750	0.67429100
803	0.67373811
814	0.67958022
829	0.67857989
876	0.66275122
121	0.85331400
188	0.82962689
197	0.83198367
215	0.83509400
246	0.84608689
320	0.80809956
324	0.81223622
352	0.77735789
363	0.73121600
378	0.77301256
558	0.72859633
585	0.78430233
685	0.68452944
687	0.70135633
716	0.68326444
732	0.69194944
767	0.69141989
828	0.67639378
835	0.68915233
878	0.67045944
884	0.66931333
885	0.67962478
75	0.87661844
151	0.80173667
254	0.82496111
298	0.77094433
308	0.79556367
311	0.82445456
377	0.77891300
380	0.80148789
407	0.79057444
473	0.74411044
583	0.68107867
598	0.72857200
639	0.72333167
642	0.73377878
648	0.67520356
662	0.70785222
690	0.68742033
693	0.70722222
726	0.69978289
759	0.70541778
788	0.66034589
866	0.68749522
78	0.87293322
83	0.86304167
128	0.86360367
223	0.79762356
238	0.80593011
283	0.77631267
305	0.81025233
312	0.77129922
317	0.82671378
337	0.79830489
342	0.80073900
370	0.76085611
381	0.73108889
411	0.78655744
416	0.78454300
427	0.78986456
438	0.77767533
474	0.77144567
540	0.70952133
621	0.71989889
658	0.68165344
699	0.72280611
700	0.69769756
712	0.69531478
723	0.70284178
751	0.71548344
764	0.74950822
825	0.69553911
831	0.67128822
843	0.67962378
889	0.66709822
113	0.87506456
144	0.85495444
158	0.86595311
180	0.86850344
187	0.85495156
206	0.85253544
268	0.80749111
323	0.80874944
393	0.78864822
421	0.76224067
457	0.71639211
478	0.80070689
495	0.79645244
516	0.69211689
548	0.73883044
604	0.74931144
665	0.67427800
667	0.73657844
708	0.70734578
769	0.68104467
778	0.69547056
816	0.72278922
833	0.67941778
849	0.67974122
867	0.68207567
898	0.66152111
118	0.86602778
196	0.82643856
208	0.85760700
214	0.82016167
241	0.82647000
250	0.82667278
315	0.77400278
332	0.81789144
385	0.77316022
398	0.75986322
406	0.70064222
437	0.77328978
452	0.76425589
466	0.74115022
509	0.73595789
550	0.75095822
554	0.70478944
571	0.70819711
625	0.68480867
644	0.74908400
672	0.72215500
680	0.68821411
681	0.67825567
704	0.66742367
741	0.69406556
743	0.70243911
760	0.69808944
780	0.68462167
785	0.71957044
786	0.68851500
836	0.67876278
860	0.68338667
96	0.87197533
236	0.84396722
328	0.75161811
345	0.77018278
368	0.78053711
383	0.76173333
400	0.77686733
402	0.80323933
435	0.74384989
489	0.75946944
502	0.73852544
508	0.74277700
670	0.72333956
721	0.68965800
742	0.68789511
797	0.69446722
807	0.72026711
832	0.68124333
837	0.67014167
847	0.68561200
850	0.67324311
863	0.67979156
235	0.85943500
239	0.80972489
277	0.81359111
367	0.77984078
410	0.78189867
464	0.75186533
467	0.77234856
518	0.78381311
537	0.72270233
565	0.68904478
573	0.72828356
739	0.73768456
763	0.68563622
891	0.66124833
225	0.82095067
230	0.82865556
281	0.78706400
285	0.83599967
350	0.78121589
415	0.71647456
450	0.76377889
458	0.76254944
462	0.72786456
465	0.72315700
501	0.69256800
515	0.72144322
526	0.74015544
542	0.74925367
652	0.70759400
692	0.68990622
734	0.71372322
766	0.70157744
768	0.67690744
820	0.67798389
886	0.68342922
161	0.86264422
210	0.86206722
291	0.77841300
306	0.83831444
396	0.73853244
441	0.80022733
618	0.71308744
694	0.71614678
789	0.66330344
810	0.69404778
824	0.67432989
198	0.84429267
575	0.74462689
631	0.71092811
668	0.71370900
775	0.67747122
840	0.68395156
738	0.70829922
834	0.69956133
386	0.77834222
461	0.78373833
517	0.68153256
528	0.77322733
538	0.77459156
569	0.72270678
570	0.75343756
608	0.74596744
654	0.72469689
669	0.74673678
682	0.74120233
774	0.67340044
808	0.68890589
812	0.65361344
815	0.69307478
413	0.75666033
605	0.69553533
749	0.70381378
777	0.69205356
826	0.66977144
870	0.70173789
881	0.67206733
894	0.67459111
360	0.76551122
545	0.77109756
579	0.72154133
620	0.70182433
793	0.67735600
838	0.69676867
228	0.80208756
371	0.81626733
374	0.78587467
500	0.69839556
562	0.77373556
601	0.71149511
616	0.73828867
818	0.66217689
303	0.81637611
341	0.77319400
653	0.71459011
677	0.67685444
735	0.68783922
821	0.69981622
858	0.67037978
899	0.67620522
372	0.74768078
479	0.78239922
551	0.72962511
199	0.81395589
754	0.68978667
782	0.69013700
872	0.68254867
414	0.73269367
529	0.74156900
553	0.74786600
603	0.73842944
651	0.68941467
587	0.74411711
629	0.70814822
874	0.66707211
888	0.66300222
322	0.81469622
422	0.79125644
746	0.69102344
819	0.68182167
856	0.66445756
379	0.75029489
572	0.70583478
622	0.71365867
657	0.68762722
753	0.69515156
580	0.76056522
607	0.70412467
619	0.75799444
762	0.70154367
647	0.69944356
424	0.72125289
783	0.70325078
541	0.74997611
638	0.71040344
627	0.72369122
660	0.70090678
709	0.74097644
796	0.67421578
564	0.71851322
817	0.67431933
827	0.68700533
683	0.71945456
720	0.70196211
882	0.66107944
707	0.69139378
845	0.66734578
744	0.69140022
857	0.67301611
688	0.71108256
661	0.76162433
713	0.69137733
