0	0.87755886
1	0.87733586
2	0.86791243
3	0.85934664
4	0.87763608
5	0.87740869
6	0.87736183
7	0.87733300
8	0.87737030
9	0.87558999
10	0.87036975
11	0.85606183
12	0.87740352
13	0.87432618
14	0.87515589
15	0.87636073
16	0.87744422
17	0.87724455
18	0.87730297
19	0.87750528
20	0.87755105
21	0.87768713
22	0.87731606
23	0.87741067
24	0.87723839
25	0.87755666
26	0.87712750
27	0.87703333
28	0.87748570
29	0.87764246
30	0.87736986
31	0.87736986
32	0.87731694
34	0.87747030
36	0.87761210
45	0.87711287
46	0.87715457
48	0.87591265
50	0.86985534
51	0.87683487
52	0.87648636
56	0.87727602
58	0.87528911
60	0.87550308
64	0.87735886
69	0.87546689
70	0.87705017
72	0.87446546
88	0.87490044
93	0.87665831
96	0.87190396
97	0.87624510
98	0.86648339
100	0.86319010
103	0.87410209
109	0.87086546
114	0.86933069
116	0.85400242
117	0.87369021
123	0.86405435
127	0.85459648
130	0.87222508
131	0.82971639
133	0.87191815
135	0.86678625
136	0.86066667
137	0.85907184
151	0.86414686
163	0.85746051
169	0.86410495
172	0.86235369
178	0.86128592
186	0.84115787
188	0.83718548
195	0.85701232
204	0.82229065
217	0.81307877
228	0.84183707
229	0.80354301
240	0.81282629
242	0.82114565
245	0.83216392
246	0.82599692
254	0.85598757
261	0.78013740
272	0.78363344
278	0.82530792
280	0.83461991
282	0.82812728
283	0.79113498
285	0.77358955
286	0.85510880
306	0.83415237
331	0.81949417
336	0.74324158
343	0.79205633
344	0.85124730
353	0.77500000
360	0.78573212
361	0.79792013
364	0.79159626
365	0.80721991
367	0.75842651
378	0.81935325
383	0.81927613
388	0.75651408
420	0.79055897
429	0.78095303
431	0.76306887
433	0.75407041
439	0.75669021
445	0.77559978
446	0.78674499
447	0.76649879
472	0.76763377
480	0.76340198
482	0.74507734
489	0.74730869
495	0.77697261
497	0.73898372
505	0.71921705
522	0.76159956
525	0.74238361
526	0.74088779
535	0.77791199
553	0.73253498
564	0.74289637
569	0.76132772
574	0.77286788
576	0.72101485
579	0.75490374
580	0.68264741
591	0.75521045
592	0.77472354
599	0.74550880
602	0.77019263
610	0.74879439
614	0.75738394
622	0.72334356
624	0.74051276
652	0.72988933
661	0.70498889
664	0.73455193
674	0.72050451
689	0.71900682
692	0.71695325
699	0.71215204
712	0.71630638
718	0.72671914
721	0.67833630
740	0.69257250
765	0.69094466
769	0.69308779
783	0.71704356
813	0.67483894
815	0.70360231
818	0.71148834
819	0.67647734
820	0.68004719
839	0.67679175
844	0.67822453
858	0.69429373
868	0.66966392
884	0.67214972
893	0.68779483
899	0.66610924
37	0.87728064
38	0.87576953
39	0.87753036
41	0.87686744
42	0.87710561
44	0.87693652
49	0.87597261
54	0.87610946
62	0.87673311
66	0.85423960
76	0.87705215
77	0.87467800
81	0.87666733
82	0.86306425
83	0.86781265
85	0.86142310
86	0.86981320
91	0.87744103
102	0.86601958
105	0.86221430
112	0.86911463
122	0.86626766
126	0.87480275
140	0.86260583
143	0.83360088
157	0.86634290
160	0.82051034
167	0.83545710
175	0.84621628
177	0.86580990
187	0.84148372
190	0.84551507
198	0.80681320
210	0.80349824
277	0.81369450
279	0.82813894
288	0.82474752
307	0.84884620
311	0.78500154
318	0.77465721
322	0.78687459
328	0.79717690
334	0.81030891
352	0.80365435
354	0.79957294
375	0.81828471
376	0.78425259
392	0.78195446
398	0.80581815
422	0.78446128
436	0.74845611
444	0.76998757
473	0.77715567
486	0.75544620
496	0.76007393
507	0.79726645
511	0.71470275
518	0.73419241
534	0.80522343
538	0.73967019
547	0.73142827
585	0.74579516
586	0.71095754
609	0.73736766
612	0.76543982
632	0.70866040
646	0.71893190
667	0.69742871
707	0.69608801
711	0.71300363
795	0.69348273
849	0.68131980
852	0.70379043
856	0.67505017
863	0.67681529
875	0.66515446
900	0.66525303
33	0.87740517
53	0.87637118
57	0.87507492
59	0.87093696
63	0.87436194
101	0.86642101
124	0.85872464
185	0.85240352
189	0.84567382
197	0.78633960
236	0.83371925
260	0.82922200
294	0.76142673
300	0.78493080
312	0.78909329
386	0.81522750
387	0.76749989
428	0.71505050
464	0.73905864
484	0.70842530
529	0.74150847
536	0.72786062
537	0.74415688
550	0.71967767
594	0.72777052
595	0.72403267
693	0.68682827
739	0.70473553
823	0.69802112
877	0.67879131
47	0.87406128
74	0.87664895
107	0.86465457
129	0.86362431
154	0.85455369
164	0.86424213
168	0.87007140
275	0.79663927
317	0.80353399
342	0.78734862
409	0.78818174
426	0.74864664
455	0.76454840
457	0.77439725
471	0.79130990
509	0.75200726
516	0.72805941
568	0.71080429
621	0.72283520
706	0.71110715
759	0.69401881
861	0.67221265
40	0.87725281
55	0.87643883
61	0.87133146
68	0.87433663
71	0.87447052
84	0.86803476
94	0.84010814
95	0.87412992
108	0.87383388
111	0.86578889
118	0.87009175
145	0.84673663
146	0.84555545
165	0.84599747
173	0.85184400
174	0.86119263
206	0.83098185
212	0.83678724
224	0.84059923
237	0.80654565
247	0.83344213
258	0.82495677
265	0.82971342
289	0.80494499
292	0.74523245
337	0.78473091
366	0.79560858
373	0.81730968
397	0.76179593
402	0.82446040
404	0.75189395
411	0.77840880
417	0.77162200
432	0.76442838
458	0.71882739
466	0.76123014
487	0.72010143
500	0.75151375
510	0.74495490
514	0.78798548
517	0.74394620
541	0.75328328
549	0.71292277
555	0.77711958
565	0.74570099
575	0.74500176
583	0.73923333
596	0.79562871
613	0.69086381
617	0.73039010
629	0.75788867
696	0.71029395
750	0.69775138
778	0.68468042
808	0.69369087
887	0.66436062
895	0.67785809
35	0.87726139
73	0.86726887
115	0.86934092
125	0.83038207
144	0.86693201
148	0.84160363
176	0.85045578
182	0.85939296
183	0.86676645
191	0.83203960
192	0.85877932
214	0.85681089
219	0.83225072
225	0.82558207
234	0.81662948
252	0.86405798
256	0.79520352
263	0.82280638
276	0.74770220
290	0.85430451
295	0.79218812
320	0.81663839
339	0.79559417
347	0.76581628
357	0.80457833
385	0.74153311
391	0.75237019
415	0.75142431
437	0.77117239
452	0.80191804
475	0.77024158
501	0.75149780
519	0.71313839
566	0.70094840
573	0.77472695
577	0.74917063
605	0.76506755
641	0.69633410
654	0.72484873
669	0.68331034
682	0.72420407
690	0.70476436
785	0.66960770
793	0.67301474
798	0.72223905
841	0.67082959
870	0.69019813
872	0.67600957
905	0.67396953
67	0.87207877
78	0.85585699
110	0.86872002
113	0.83612761
119	0.86826172
147	0.86839736
171	0.85374642
196	0.83801573
207	0.84247767
213	0.84627954
223	0.82594675
238	0.85352541
239	0.82519494
262	0.82497514
266	0.81587899
274	0.83384466
296	0.82068977
316	0.79587261
335	0.75396007
346	0.80912189
374	0.80063025
399	0.76477910
413	0.75998625
425	0.70356128
427	0.78415842
448	0.77469494
449	0.78967415
483	0.81583542
490	0.77851914
502	0.69615193
512	0.76320737
513	0.73390704
523	0.73282783
533	0.69784631
539	0.69845061
546	0.71977778
607	0.75288097
648	0.71790451
685	0.75490836
687	0.71755061
715	0.67233872
727	0.68451782
737	0.73158240
741	0.71411166
747	0.68352772
761	0.70824972
789	0.69984785
805	0.69201639
880	0.67964873
888	0.68392827
43	0.87535512
65	0.87426150
75	0.87651221
79	0.84676007
87	0.87476271
104	0.86661078
138	0.86042629
142	0.86904840
162	0.84406722
193	0.80412563
243	0.85552376
249	0.86172717
253	0.82468779
257	0.81371430
273	0.81636942
298	0.78646920
305	0.80557261
319	0.77004455
326	0.77255534
338	0.82410759
369	0.76206579
370	0.83104796
377	0.81027415
379	0.75493762
381	0.80487888
390	0.77445479
400	0.78200473
408	0.76676689
414	0.78387239
440	0.78748559
451	0.81096139
474	0.75479802
478	0.78092321
488	0.71122893
545	0.76871342
558	0.70690726
560	0.71742387
581	0.71964598
620	0.75642651
642	0.74723047
671	0.70167745
698	0.69369164
734	0.69852926
749	0.71217668
756	0.70393795
773	0.68333828
847	0.68282156
857	0.66738779
891	0.66239043
90	0.87218383
99	0.87606458
106	0.85398097
120	0.85190286
134	0.86360264
141	0.82237635
149	0.84478427
200	0.82107646
215	0.82579670
267	0.81768196
315	0.81352937
345	0.77408680
368	0.80853619
371	0.78805622
395	0.77861617
430	0.75396150
450	0.77769615
461	0.79918933
462	0.77227327
468	0.77366535
494	0.76067866
593	0.69258999
626	0.69418229
650	0.72554983
745	0.72815347
766	0.67968724
774	0.69354070
791	0.72510176
794	0.71555182
804	0.68426843
829	0.69086843
845	0.67359296
854	0.67346788
885	0.66984444
892	0.67065787
896	0.68061397
132	0.84639846
150	0.84548845
209	0.86306172
233	0.84928955
250	0.81999406
281	0.82398449
314	0.80086150
349	0.78138262
356	0.79959835
493	0.74780022
627	0.71407712
637	0.70423960
639	0.73286876
760	0.69686810
779	0.68995996
833	0.68631980
848	0.66011958
80	0.86925974
211	0.81256502
222	0.85226337
299	0.85254048
393	0.75355457
491	0.73390451
542	0.74356018
608	0.73827888
681	0.70956964
719	0.70590858
723	0.69377569
801	0.67352200
384	0.77834411
418	0.79187272
421	0.79512816
551	0.71141573
590	0.72908988
640	0.72241287
686	0.71930517
128	0.85994224
155	0.81592068
161	0.84975721
166	0.86851947
203	0.84213322
221	0.83925765
227	0.85465545
291	0.77289054
403	0.80971287
419	0.79751419
503	0.73656909
540	0.76873751
634	0.70097503
716	0.70533157
792	0.67421958
806	0.67506942
832	0.67896062
836	0.71087151
853	0.66912530
894	0.67449945
898	0.67417899
908	0.66612442
180	0.85025402
201	0.76153520
271	0.74328669
372	0.75872332
435	0.77332123
467	0.72910308
521	0.76116909
530	0.71918075
570	0.71331419
644	0.72475600
735	0.70593234
790	0.71696524
812	0.66660209
855	0.67896172
859	0.67169318
159	0.86748328
184	0.84021826
325	0.79861727
389	0.78255182
410	0.76920803
492	0.76406480
506	0.76968427
746	0.72225215
840	0.68818449
874	0.67849725
121	0.87183289
156	0.86412794
231	0.82673542
287	0.70155545
303	0.75614202
323	0.79428174
332	0.80688053
520	0.74193575
531	0.77779912
556	0.70239428
563	0.68949978
578	0.72137250
673	0.74007074
684	0.71126073
688	0.71144620
709	0.72758526
717	0.70987272
782	0.67512992
786	0.71118548
814	0.68327437
869	0.68363773
152	0.86664081
153	0.86496018
170	0.86912431
194	0.84041452
199	0.78195908
205	0.83538548
208	0.82424752
220	0.84134477
226	0.83506733
248	0.80476843
251	0.78826865
293	0.81683344
304	0.81610022
308	0.84430649
313	0.72260308
329	0.76677151
363	0.80439626
380	0.74135413
424	0.74624356
460	0.78628691
463	0.79798427
469	0.78227569
470	0.80120165
481	0.72571320
485	0.73608537
561	0.78521210
600	0.72049219
606	0.72025919
623	0.73057239
631	0.72383278
668	0.72555666
691	0.71759241
724	0.72688471
728	0.69790682
738	0.74711441
752	0.68725303
753	0.67907239
763	0.73543586
800	0.70643586
825	0.67957184
846	0.66075094
879	0.66376689
883	0.67740341
886	0.66654367
139	0.86688372
179	0.85137800
181	0.82056337
216	0.79674510
218	0.83963652
235	0.76195897
269	0.82583982
284	0.85663190
321	0.78901782
340	0.77924114
382	0.79858196
396	0.80116227
401	0.76728548
459	0.70888537
479	0.78492838
557	0.71997041
584	0.73418999
625	0.73803729
630	0.71870495
635	0.69167547
658	0.67754818
659	0.66987360
675	0.72283124
700	0.68787052
702	0.70903069
768	0.74288966
772	0.65733729
776	0.66564169
802	0.67628328
824	0.66771716
826	0.67235303
867	0.65954708
882	0.67124873
889	0.66165094
89	0.86060374
158	0.83239472
202	0.78337206
232	0.85716238
259	0.83098504
301	0.80720671
309	0.83819010
351	0.78282574
405	0.76539626
441	0.73919109
477	0.78548009
498	0.73681738
587	0.72015028
619	0.72323509
662	0.74411155
679	0.69364917
704	0.69049615
726	0.67008735
771	0.67534752
780	0.69301837
817	0.68157525
843	0.68754136
851	0.67341309
860	0.67473234
904	0.68297283
341	0.81569868
394	0.79417426
412	0.77562783
442	0.79648086
454	0.74126678
527	0.75794829
559	0.70708416
588	0.76328790
601	0.78622398
628	0.71003080
656	0.73839307
678	0.68470429
703	0.69535281
733	0.68461991
744	0.68989340
762	0.68399472
807	0.69709571
810	0.67295039
838	0.70699626
878	0.68059637
902	0.67153641
907	0.66535490
92	0.87594147
230	0.81101661
255	0.83046887
264	0.80336304
268	0.84936579
355	0.83282442
443	0.76194345
554	0.79340748
611	0.74044917
666	0.68032002
676	0.70430418
677	0.68835325
683	0.70724422
710	0.69161903
770	0.68928504
799	0.67771782
811	0.69873619
881	0.69311837
901	0.65881485
333	0.78119934
508	0.76017855
544	0.79051661
582	0.72344455
589	0.76891540
597	0.71281947
636	0.71597778
660	0.70545677
754	0.69396436
827	0.69632695
873	0.68977316
890	0.66335182
241	0.84624928
270	0.80850693
324	0.77741496
327	0.79658757
532	0.76019813
548	0.69009923
618	0.75395930
638	0.72077668
649	0.73137030
672	0.68590341
708	0.68181320
731	0.70800605
742	0.73564257
775	0.69425611
788	0.68018427
876	0.66365600
906	0.67541199
297	0.80732112
330	0.78029362
453	0.77043333
552	0.73674675
697	0.70718614
416	0.79294741
499	0.78504499
695	0.69404664
732	0.68414653
736	0.71694312
809	0.68284433
830	0.69112574
350	0.74334191
358	0.80530220
423	0.78930990
438	0.75325754
562	0.72668592
571	0.69942750
722	0.70189912
796	0.70317272
572	0.74752398
603	0.70759241
653	0.69225963
720	0.68088735
729	0.71109989
244	0.85534235
302	0.80973751
348	0.81762123
465	0.75026403
359	0.76297415
362	0.70536370
598	0.72666172
751	0.68245424
803	0.68362332
865	0.67304433
871	0.67209956
897	0.67383531
406	0.76868229
663	0.74120429
705	0.68710154
781	0.71578328
831	0.66991727
834	0.67389175
862	0.66429483
903	0.67693223
310	0.79895050
797	0.71931056
821	0.67619076
616	0.70238383
680	0.70672057
524	0.80236414
543	0.73965072
633	0.72845006
665	0.68390858
713	0.71256645
777	0.73718977
515	0.74639835
755	0.70313531
850	0.67715831
528	0.75708911
407	0.78547261
643	0.71420088
647	0.71825710
651	0.71257690
714	0.67926843
866	0.67922420
701	0.70713641
725	0.68581188
730	0.72475754
757	0.68479219
655	0.70705303
864	0.67427998
694	0.70525743
842	0.70539703
787	0.67022827
822	0.67136326
456	0.74384433
476	0.78768823
434	0.72476975
615	0.73037448
816	0.67115050
657	0.69305391
645	0.70444158
748	0.71395369
835	0.66743960
764	0.66955413
504	0.74102706
758	0.74718823
784	0.69611287
604	0.72707756
743	0.75301386
767	0.68885545
670	0.69310561
567	0.76149857
828	0.70676733
837	0.66333113
