0	0.87655005
1	0.87672263
2	0.87651582
3	0.87652138
4	0.87677728
5	0.86950815
6	0.87646366
7	0.87172474
8	0.87657277
9	0.87550604
10	0.87675081
11	0.86769358
12	0.87526280
13	0.87664334
14	0.87640949
15	0.85998466
16	0.87631016
17	0.87676242
18	0.87650767
19	0.87663720
20	0.87643030
21	0.87677469
22	0.87653432
23	0.87669252
24	0.87645484
26	0.87649875
27	0.87653346
28	0.87672071
29	0.87670499
30	0.87650125
33	0.87653480
34	0.87630805
37	0.87657565
38	0.87649971
40	0.87602320
41	0.87655398
42	0.87521572
44	0.87631419
45	0.87611141
46	0.87656107
48	0.87628351
51	0.87667900
57	0.87686606
60	0.87652924
62	0.87504909
63	0.87515877
64	0.87633701
65	0.86928236
66	0.87344650
67	0.87601831
70	0.87518763
71	0.87585906
77	0.87598552
78	0.87090633
79	0.87428993
80	0.87293471
83	0.87584161
84	0.86920019
86	0.87207967
89	0.87444593
95	0.87257910
99	0.87296433
101	0.87343883
108	0.86703567
111	0.85871889
113	0.86686616
120	0.86589300
132	0.87477373
133	0.84034919
139	0.84606692
142	0.86698102
152	0.86836290
155	0.80995264
158	0.84070508
160	0.82191524
169	0.83969214
173	0.86782205
178	0.84815983
183	0.82718015
184	0.86127689
188	0.84423154
189	0.85610278
192	0.85622608
193	0.85074190
195	0.83137967
200	0.86044449
205	0.85233106
206	0.84681640
207	0.83318514
216	0.86755973
220	0.80384938
224	0.85991122
226	0.81943931
229	0.82654794
233	0.84161486
239	0.82599434
259	0.83329003
261	0.82867220
270	0.83335494
271	0.81591640
274	0.80123461
275	0.82079434
279	0.83383988
280	0.83982589
285	0.79747536
286	0.85232157
288	0.83825292
291	0.79823202
295	0.83560633
316	0.79524084
317	0.81334784
331	0.80507498
342	0.79709722
344	0.80788495
358	0.82556999
378	0.82896779
380	0.75754449
381	0.81818686
390	0.80722608
395	0.79992991
400	0.76793068
404	0.80392282
409	0.80427756
414	0.82586894
432	0.80341045
434	0.78840221
444	0.75383902
463	0.81299175
467	0.75617124
492	0.80749156
496	0.76230029
502	0.75271218
503	0.74963921
507	0.78846817
513	0.78767248
538	0.77578274
540	0.72773931
543	0.80452013
551	0.78672445
553	0.75281055
555	0.81682176
569	0.76410259
570	0.75257152
573	0.72729607
578	0.73656826
583	0.72915570
584	0.75119214
587	0.71263356
602	0.74654525
607	0.74502617
620	0.73271937
630	0.68894036
635	0.69983337
645	0.73128360
648	0.76275206
652	0.72725973
658	0.72822416
689	0.70463682
690	0.72765407
694	0.71084736
695	0.74489396
700	0.68957267
710	0.74342464
718	0.73815129
730	0.73691774
731	0.72255791
739	0.74086826
742	0.70636194
758	0.73315733
759	0.69633068
764	0.69737785
782	0.71594113
794	0.69216050
800	0.69175283
806	0.69779827
821	0.68363384
823	0.69583049
825	0.69817747
834	0.70731131
850	0.69892004
867	0.68397881
870	0.71349262
885	0.75226874
888	0.69850192
890	0.69306098
891	0.67067363
897	0.68969080
900	0.69864017
902	0.70264871
906	0.67622982
911	0.68443950
912	0.69409051
926	0.68733365
935	0.69289799
949	0.68347680
971	0.68498456
992	0.68516453
1018	0.68494899
1030	0.66960767
1038	0.66593097
1042	0.66707718
31	0.87655427
32	0.87669463
39	0.87143145
43	0.87566865
47	0.87576251
50	0.87326865
54	0.87631994
56	0.87590058
59	0.87322704
68	0.87615427
73	0.87510268
82	0.87546865
102	0.85846328
103	0.87403586
107	0.85298984
115	0.87019866
118	0.84151879
124	0.83675340
131	0.85994842
144	0.85704554
162	0.83374535
170	0.85800614
197	0.84370786
208	0.81804410
210	0.85519156
211	0.86337354
246	0.83855686
257	0.81539923
305	0.84192186
306	0.80085043
336	0.82639732
337	0.73446174
353	0.83449521
360	0.78254362
388	0.79153749
394	0.83367670
419	0.72939904
420	0.76548303
460	0.79067939
464	0.74432483
475	0.74079099
488	0.81014065
499	0.79697670
505	0.72938236
514	0.72192416
547	0.75126491
563	0.79679128
571	0.72090786
585	0.74607172
599	0.72850460
614	0.75398936
627	0.73390431
655	0.72162311
659	0.76223404
671	0.74444794
673	0.70613634
691	0.70958389
773	0.70346510
781	0.70853164
792	0.69051256
810	0.72103308
816	0.73484430
827	0.70217852
852	0.69214938
878	0.68340738
903	0.66511812
961	0.69647785
972	0.72221553
989	0.69242052
25	0.87668169
49	0.87601381
52	0.87140479
61	0.87341908
90	0.86692550
93	0.87139779
98	0.87266644
117	0.86692052
119	0.86892617
121	0.87517009
126	0.83654401
146	0.86104631
148	0.85498274
153	0.83392186
164	0.86233480
177	0.82217402
179	0.85189012
215	0.84381246
225	0.82896222
227	0.84709223
240	0.84425331
266	0.83686663
302	0.82932876
321	0.83740825
332	0.80198102
334	0.85064775
341	0.81805465
343	0.84815264
354	0.81711592
361	0.82332148
384	0.80572311
391	0.82218658
435	0.81638370
438	0.80253509
449	0.76366376
477	0.79587891
480	0.73109722
493	0.76583413
527	0.75853164
544	0.75416683
550	0.80315475
552	0.77775177
565	0.73242416
572	0.72571103
581	0.76814727
590	0.71789022
595	0.80217555
613	0.74027325
616	0.75500460
628	0.70962119
631	0.76526769
632	0.71374209
639	0.70473864
649	0.74865513
651	0.74232109
654	0.77210096
660	0.72550604
662	0.70683231
692	0.71628667
706	0.74722244
715	0.72986702
719	0.72014334
732	0.73184247
735	0.71075379
769	0.74906213
820	0.70721994
839	0.71511994
840	0.66815532
845	0.70443672
856	0.69164880
875	0.68492522
960	0.68236625
988	0.69739233
1000	0.67636405
1012	0.66712464
1017	0.66902464
72	0.86956337
91	0.87442330
104	0.83157833
110	0.87128073
123	0.84197900
128	0.86048754
136	0.86154247
145	0.86626942
167	0.85909377
190	0.84716040
202	0.84225714
245	0.83672800
247	0.82744679
249	0.85107824
253	0.81922646
268	0.82275513
273	0.79941630
276	0.79235225
303	0.83672512
320	0.80440786
326	0.80139291
345	0.77625206
367	0.77810623
374	0.79936942
412	0.75501918
415	0.78807939
425	0.81508102
427	0.75552474
476	0.81699866
494	0.80477967
511	0.80832013
535	0.75798869
554	0.78374142
667	0.70526520
728	0.73342407
740	0.68723500
828	0.70061400
855	0.69359041
894	0.67391294
895	0.68354372
905	0.67210853
915	0.69007076
925	0.70124919
948	0.68850422
969	0.69015570
995	0.66550978
1023	0.66856395
1031	0.67409425
35	0.87650777
58	0.87370901
87	0.87182215
88	0.87513375
92	0.87539099
106	0.86579732
135	0.85544449
137	0.84998476
149	0.79985292
150	0.86132809
181	0.81665340
194	0.81233547
196	0.79996309
209	0.84374497
212	0.84483106
222	0.84104928
223	0.81288054
254	0.84902464
260	0.80587229
293	0.80572742
323	0.82839511
338	0.81538696
351	0.82711553
356	0.83620010
379	0.79548130
402	0.79754171
408	0.81417009
447	0.77716999
450	0.76630316
472	0.77409060
474	0.78101477
490	0.75748993
491	0.80250652
504	0.75788351
510	0.73057900
517	0.67360086
523	0.73944621
524	0.76826644
561	0.78054698
575	0.72655101
576	0.71716098
589	0.73653624
593	0.81160786
601	0.70996184
603	0.76759041
615	0.70361390
672	0.73477987
678	0.70626740
701	0.69802320
712	0.74419530
714	0.72390268
734	0.70959942
755	0.71963030
756	0.72166357
765	0.70969962
854	0.69494056
883	0.69664391
884	0.69584842
893	0.69556270
907	0.68323126
917	0.68080959
922	0.68784324
927	0.67201007
946	0.67669588
959	0.68748121
967	0.70146165
977	0.69435954
979	0.71791016
1008	0.67003682
1035	0.66832617
1036	0.67028849
163	0.83647593
186	0.86428150
232	0.84671870
265	0.79010662
304	0.79870268
369	0.75729444
437	0.79115896
457	0.79447383
497	0.74569981
588	0.79829693
597	0.72252282
642	0.69359981
646	0.72531898
789	0.73657852
809	0.71592215
843	0.68896894
846	0.69246318
872	0.71211697
908	0.67472570
937	0.70860115
958	0.67204353
1041	0.66594861
36	0.87661774
55	0.86628341
97	0.87294410
100	0.85981007
134	0.87255542
140	0.87426481
156	0.84452828
159	0.85975340
165	0.85744391
171	0.83947804
191	0.82816779
199	0.82511112
201	0.85505053
203	0.85323260
213	0.84475379
230	0.84357776
237	0.80729578
238	0.84645244
243	0.81315638
252	0.84582550
256	0.85494938
272	0.83692733
278	0.83105129
281	0.81746970
282	0.77973327
292	0.82087929
319	0.78481946
324	0.76833634
325	0.82833260
329	0.77386654
339	0.79734094
349	0.82348696
355	0.78872876
359	0.77632541
364	0.71960249
377	0.80196433
389	0.76670067
392	0.83446376
407	0.79233960
421	0.79525273
440	0.81661860
454	0.73512301
470	0.76892483
506	0.75480815
520	0.75762550
534	0.78639636
539	0.78800508
594	0.72296462
618	0.70236213
708	0.75362330
753	0.71776606
770	0.69949904
779	0.73475129
784	0.70557018
787	0.72026299
793	0.69554823
814	0.71440460
833	0.73248169
836	0.68369895
842	0.71417948
873	0.67793768
874	0.71176683
918	0.68901860
944	0.67420594
1002	0.69388274
1003	0.66283452
1016	0.67835014
1027	0.67621640
1032	0.67168322
53	0.87634104
180	0.84138945
311	0.84498399
418	0.81399616
426	0.79312550
433	0.73882282
516	0.74739607
568	0.76737229
582	0.74552474
626	0.70491793
657	0.75263816
668	0.68177229
693	0.73461103
811	0.67793183
815	0.72202838
837	0.68436194
879	0.70889990
985	0.68687536
76	0.87557181
105	0.86845331
109	0.86184372
114	0.87194161
157	0.86463557
161	0.86962435
168	0.87009204
182	0.85864008
204	0.84915810
244	0.81592991
258	0.83348811
264	0.82076846
267	0.85064219
289	0.85117814
298	0.81846165
299	0.81699732
300	0.84546347
310	0.83208015
368	0.81175417
386	0.78456117
417	0.78754449
431	0.76243624
455	0.79390997
461	0.74639022
468	0.75991524
482	0.78849233
509	0.79281697
606	0.73712454
698	0.71556251
705	0.76602560
724	0.70864890
729	0.74293893
745	0.69822838
767	0.70418370
788	0.68638792
841	0.68979904
853	0.67804247
913	0.68945312
943	0.68938984
116	0.86297220
172	0.86550978
236	0.81302196
284	0.82567296
307	0.83395043
312	0.82761572
346	0.81139453
376	0.77931122
383	0.78088955
393	0.71567603
413	0.76594794
441	0.76141477
489	0.76123595
495	0.78611246
529	0.73018888
559	0.73287852
636	0.70114362
643	0.78277632
743	0.73008408
757	0.74824679
881	0.67979243
954	0.68333605
81	0.87485877
94	0.87654516
125	0.86937747
130	0.85262263
143	0.86832339
176	0.81563653
187	0.81764564
228	0.81723154
269	0.82761074
296	0.80084717
333	0.79919473
398	0.81266385
401	0.78475197
445	0.79440460
452	0.81948552
458	0.74003883
500	0.73084401
528	0.71001918
546	0.74232454
629	0.71738428
647	0.70820700
665	0.74572119
684	0.74230249
696	0.72015561
697	0.76174986
737	0.71566989
778	0.68545858
791	0.70098159
829	0.70937267
919	0.66969962
965	0.69966453
991	0.70332128
1009	0.66421438
1010	0.67939396
1021	0.65649022
96	0.87488581
234	0.86196251
365	0.77469578
410	0.80761342
465	0.74563087
518	0.75149511
600	0.72921083
750	0.75295743
802	0.70989981
865	0.71626721
876	0.70411707
994	0.67438092
69	0.87320278
74	0.87461198
127	0.87423979
198	0.85569252
221	0.85477450
301	0.85175206
430	0.74098945
501	0.79353049
564	0.73726663
598	0.76650105
604	0.72357804
703	0.70540182
762	0.70977977
797	0.68253931
799	0.68509214
813	0.69621553
835	0.70044803
838	0.70935772
863	0.69722704
956	0.66503960
974	0.67367402
1022	0.68024276
214	0.86473174
218	0.83688744
263	0.80103317
371	0.77080201
406	0.78108936
424	0.79505820
459	0.81508092
541	0.79663289
542	0.74512109
577	0.79227277
611	0.78718514
623	0.74599933
625	0.75772589
641	0.69336673
744	0.72825340
748	0.72385801
790	0.68311620
904	0.70525379
964	0.67937507
970	0.68907258
973	0.68741582
122	0.84148198
129	0.86712589
154	0.86909779
330	0.78846174
396	0.83508619
530	0.80070019
560	0.76887574
619	0.74605494
685	0.78043135
736	0.73030594
801	0.69467143
909	0.73196989
980	0.67974602
986	0.67367114
138	0.86871438
262	0.80104746
318	0.81804353
362	0.75013730
536	0.81472320
567	0.75375551
869	0.69168552
957	0.66710805
976	0.69063873
151	0.79398878
248	0.83488984
315	0.80886165
347	0.76703960
348	0.80893154
357	0.81719703
385	0.78385321
422	0.79810134
453	0.79686692
473	0.81439060
519	0.77487862
612	0.74956347
617	0.71463998
622	0.69385992
633	0.72338188
644	0.72271534
656	0.74935551
666	0.74705206
670	0.77654257
702	0.70161179
713	0.71753816
723	0.72470038
752	0.72346309
760	0.70564036
766	0.70200278
803	0.67628015
804	0.72517507
812	0.69562464
830	0.69754688
859	0.69508955
864	0.66928955
880	0.69687910
898	0.68061908
939	0.69426500
1020	0.66942176
1024	0.66997248
75	0.87206165
85	0.87600777
219	0.80396174
231	0.83828495
241	0.81966970
287	0.84222522
308	0.81709569
313	0.83028466
322	0.80072915
340	0.83735666
350	0.79457747
366	0.82599559
373	0.75582330
387	0.79033241
397	0.80251467
399	0.82941438
403	0.79642138
436	0.72421697
442	0.76071678
443	0.74335360
549	0.73295820
556	0.78232167
586	0.77840086
621	0.71593269
638	0.71043873
687	0.73875034
688	0.70178245
747	0.71846357
780	0.69537220
783	0.70548849
798	0.72152128
831	0.68895580
844	0.70530096
851	0.71016625
889	0.70400844
910	0.66523538
934	0.70755762
947	0.67678121
978	0.69683452
984	0.69454430
1004	0.69183950
112	0.86489732
217	0.79224698
242	0.79965705
294	0.85114698
314	0.82030316
352	0.82888169
370	0.80945331
382	0.81393653
416	0.78771007
483	0.78290268
525	0.74196884
526	0.75809837
533	0.74159022
558	0.79796040
686	0.72066635
699	0.77863164
725	0.74600192
746	0.68097852
761	0.73699933
771	0.71706414
776	0.76236127
777	0.70809741
785	0.71267402
882	0.66878476
887	0.69559779
928	0.70198015
931	0.68426625
950	0.70253317
953	0.68961870
955	0.66215101
987	0.68029406
998	0.68950949
1006	0.67789204
141	0.87036232
147	0.83857632
166	0.87280575
235	0.85218639
277	0.83763691
297	0.83108715
372	0.77352378
405	0.77017517
411	0.77206731
485	0.80136922
548	0.78411687
580	0.74182512
591	0.76300767
605	0.76778984
653	0.70772253
661	0.70207057
675	0.68271381
681	0.75284132
727	0.73837977
817	0.72367191
822	0.71072397
952	0.68575235
983	0.68449300
996	0.69088284
174	0.84557287
251	0.82771409
335	0.82113375
363	0.81369434
487	0.80637287
521	0.77003174
608	0.76237335
650	0.68942368
679	0.70293969
682	0.71030431
717	0.69578044
749	0.69230374
751	0.75912704
754	0.68485321
857	0.67687162
966	0.68583787
1013	0.70206280
1034	0.66323873
283	0.81494602
290	0.83733030
328	0.78688073
456	0.74493375
469	0.71715551
637	0.74104267
674	0.73671333
768	0.69703442
824	0.67972733
847	0.70507804
849	0.69985398
1037	0.66978897
250	0.81179214
462	0.79362061
466	0.73796807
532	0.81055484
579	0.76441103
676	0.69948102
680	0.70718926
709	0.72780163
722	0.69691074
733	0.72898073
901	0.67187488
916	0.68603164
557	0.74964190
610	0.71541141
683	0.69929693
716	0.77297555
848	0.71749990
920	0.69590901
999	0.67681793
185	0.84631218
327	0.77032713
471	0.74109942
484	0.75049741
498	0.80025379
522	0.74834545
537	0.75540230
663	0.72542320
786	0.71501937
808	0.69491697
921	0.67935283
446	0.71699051
451	0.74259367
596	0.77619271
720	0.71653039
868	0.71610288
945	0.69650086
1014	0.65087239
640	0.74462186
795	0.75886520
832	0.70144487
866	0.73209837
899	0.71093298
914	0.67229712
932	0.68522809
942	0.69363749
962	0.66685062
429	0.79624008
634	0.70148849
677	0.74538945
707	0.72137344
478	0.77952244
515	0.77871783
545	0.73973950
664	0.71391227
721	0.71838428
741	0.72135014
775	0.68098456
796	0.71641649
805	0.67738945
819	0.72038581
826	0.68030096
940	0.66921850
968	0.66993643
1007	0.67940470
1029	0.66826711
1033	0.66411131
255	0.84126146
486	0.75455484
669	0.71870872
1025	0.66690930
1026	0.65917651
175	0.86196989
609	0.74281151
726	0.72252148
774	0.70914104
375	0.80776117
711	0.77661227
861	0.71375407
936	0.68639156
938	0.71660173
428	0.77168341
439	0.80299175
531	0.78802924
738	0.74550479
818	0.71339338
981	0.67424631
990	0.66063452
1015	0.67033020
574	0.75177124
624	0.80303624
763	0.67576040
807	0.70367747
1001	0.66456683
1028	0.69221486
704	0.70298821
892	0.68011438
941	0.68936548
923	0.70131505
1005	0.67731151
512	0.74190374
993	0.66615110
423	0.79684209
860	0.67489166
982	0.68911822
1019	0.70002282
508	0.75595158
871	0.70473308
896	0.67268821
1039	0.67769703
479	0.75927929
592	0.76697450
862	0.69248504
309	0.78383106
448	0.75934573
562	0.72184382
963	0.67120547
858	0.70788178
481	0.78140153
997	0.68671189
772	0.71522339
886	0.65633164
1011	0.66728380
933	0.66734056
877	0.71099578
566	0.76213221
929	0.67543787
930	0.69017622
1040	0.66367421
951	0.67465820
975	0.68619482
924	0.67777047
