0	0.87621051
1	0.87091445
2	0.87593499
3	0.87600019
4	0.87483462
5	0.87549174
6	0.87466360
7	0.82883583
8	0.87089259
9	0.87583931
10	0.87630460
11	0.87584653
12	0.87614259
13	0.87479287
14	0.84992345
15	0.87620919
16	0.87631998
17	0.87596989
18	0.87638171
19	0.87600178
20	0.87634362
21	0.87634193
22	0.87631295
25	0.87612983
26	0.87605197
27	0.87608124
28	0.87634409
29	0.87611745
30	0.87620422
31	0.87621004
32	0.87611567
34	0.87610450
35	0.87600028
36	0.87588114
37	0.87068424
38	0.87586398
40	0.87322026
41	0.87603612
42	0.87590450
44	0.87573349
45	0.87633762
46	0.87604794
48	0.87596351
49	0.87508321
51	0.86920235
54	0.87382645
55	0.87059550
58	0.87597186
61	0.87573987
65	0.87624409
66	0.87501867
74	0.87347148
76	0.87490178
77	0.87593480
81	0.86854887
85	0.86987730
95	0.87346398
101	0.85760966
106	0.82813077
107	0.86869606
110	0.87464231
112	0.86523902
114	0.86429109
117	0.86732908
121	0.86268415
123	0.86777645
128	0.86235582
129	0.86753902
131	0.87076201
132	0.87261257
138	0.83953931
141	0.86675647
148	0.87439053
150	0.85858856
154	0.86599615
160	0.85883180
169	0.85245300
170	0.84501904
173	0.85714522
175	0.83083565
184	0.83420281
185	0.84196754
187	0.86324071
190	0.85580694
202	0.84421839
205	0.82049991
209	0.84944934
210	0.84185460
215	0.85258265
223	0.85778874
228	0.82767636
232	0.82257430
246	0.83906698
255	0.80966210
259	0.84142439
266	0.82971839
268	0.84619737
272	0.83741698
296	0.84535741
300	0.82219812
326	0.82028968
328	0.81394653
343	0.82369719
345	0.80072561
364	0.75680591
372	0.81842467
376	0.79150713
389	0.75525919
398	0.76820235
402	0.79061417
404	0.78342608
410	0.84382430
413	0.78438086
425	0.75786529
428	0.80808555
432	0.76949231
437	0.78294437
443	0.77121848
445	0.76106023
452	0.79174118
463	0.73199325
465	0.83878874
487	0.77158743
496	0.80605159
497	0.77502289
500	0.82066585
509	0.81236876
522	0.80416004
523	0.77594512
534	0.72511388
544	0.68920582
549	0.79538321
563	0.75741332
571	0.69901473
587	0.75500647
588	0.76571942
639	0.73418874
642	0.76871679
659	0.75690328
675	0.73640084
676	0.75479484
705	0.75377505
709	0.72627298
742	0.75055685
752	0.70862336
774	0.71412627
779	0.67330310
788	0.70231904
791	0.69818386
802	0.67964146
807	0.67345976
813	0.73987092
827	0.71890225
829	0.70766632
830	0.67865075
840	0.71145422
842	0.69537167
854	0.68846867
856	0.71359353
861	0.72470666
873	0.70663058
896	0.69967111
918	0.67566764
920	0.70327598
1007	0.67740206
1013	0.68737533
1015	0.68714334
1045	0.67524390
23	0.87619081
47	0.87610094
52	0.87584193
57	0.86610469
73	0.87287420
75	0.87480966
80	0.87516285
151	0.84032242
156	0.82891961
162	0.86744756
236	0.85164887
242	0.82787092
270	0.81031585
277	0.84952120
316	0.80969259
386	0.81398996
395	0.80632392
451	0.74412495
457	0.74371417
474	0.78148152
479	0.76150638
488	0.75782683
495	0.79056023
601	0.71424662
616	0.72536276
625	0.75237195
626	0.73361801
656	0.71784081
718	0.72745244
735	0.72901914
750	0.73223349
908	0.73050525
956	0.70454259
966	0.67089203
998	0.66507017
1050	0.65928743
33	0.87636229
69	0.87502083
72	0.86186482
79	0.87597580
118	0.87249812
124	0.87271942
127	0.85422345
144	0.86270497
152	0.85092880
155	0.86246116
167	0.85886351
174	0.82592326
188	0.86414728
189	0.87289662
194	0.84761191
199	0.84965497
219	0.85428827
220	0.82773415
233	0.85724343
234	0.85198799
237	0.85027083
249	0.81596398
267	0.82714653
281	0.84711829
308	0.84335553
309	0.78567148
317	0.83878752
329	0.82460141
334	0.78956942
354	0.79638893
375	0.76268180
424	0.78871473
460	0.77610038
469	0.79867392
477	0.75702242
490	0.77171144
501	0.73834006
504	0.75112355
527	0.78579418
533	0.79074568
550	0.72834343
559	0.77574006
561	0.76994737
562	0.75815591
577	0.74612008
583	0.74293865
607	0.75691313
612	0.78887026
650	0.76011173
653	0.74670403
678	0.74689456
707	0.72188621
712	0.75549015
724	0.67727570
780	0.72134165
816	0.72222054
869	0.69570816
892	0.68879747
899	0.67252739
911	0.70936135
916	0.71871229
950	0.66992505
969	0.66399906
999	0.69726876
1030	0.67940469
39	0.87625750
53	0.87619653
60	0.87463227
68	0.87511895
70	0.86937083
78	0.87498818
83	0.87302064
88	0.87182111
91	0.87426632
94	0.87465901
100	0.87295704
105	0.87117927
136	0.85707092
161	0.84870450
171	0.87206341
176	0.81305103
180	0.84754437
191	0.83080741
214	0.85747758
217	0.82511557
218	0.83932561
261	0.84538499
263	0.81581792
279	0.82290066
295	0.82506632
299	0.83498152
313	0.82275047
356	0.79042214
357	0.79011689
414	0.77121098
422	0.79469972
447	0.74668555
484	0.77523358
528	0.72559165
542	0.78542158
555	0.77069587
566	0.73583180
610	0.67895591
617	0.74563574
629	0.72936407
636	0.70302946
669	0.72012242
699	0.69796398
747	0.74644456
775	0.74295750
778	0.71620882
808	0.70566735
822	0.69300957
828	0.74322805
917	0.70614250
937	0.67652936
986	0.68621417
1017	0.67040985
1028	0.67551867
24	0.87610159
43	0.87593415
59	0.87552955
86	0.87150225
93	0.87172852
99	0.86901229
109	0.87139719
126	0.84559700
143	0.86177561
145	0.84350319
177	0.81945947
178	0.86655732
192	0.85636839
193	0.83706323
195	0.85250779
197	0.80888199
265	0.85285966
280	0.84798208
302	0.78112477
311	0.81663255
351	0.80899550
383	0.75696388
407	0.74231313
421	0.82629400
526	0.78476041
532	0.77009728
553	0.74774812
570	0.76262992
584	0.78308152
592	0.75703640
664	0.73036520
686	0.74489540
773	0.70530188
801	0.72738471
804	0.73251914
849	0.68076098
851	0.71754737
900	0.69759653
944	0.68591679
948	0.66860572
973	0.69433837
979	0.67581642
82	0.87553593
89	0.87072917
102	0.86425084
158	0.84710450
163	0.86293959
168	0.87175281
240	0.83850797
241	0.81198968
258	0.78836023
273	0.83877336
333	0.85456013
338	0.81336520
340	0.81270019
361	0.78444409
400	0.80518518
431	0.75564156
439	0.78482495
459	0.76496642
580	0.78477589
582	0.75886116
651	0.72744081
682	0.72906595
688	0.68988659
694	0.70114625
739	0.70513011
765	0.74124081
797	0.70225356
831	0.66854765
868	0.68729906
925	0.70094034
946	0.70391614
965	0.66768921
989	0.68776848
1038	0.66784512
1043	0.67725122
1044	0.69275047
56	0.87617608
125	0.85999081
227	0.82321792
253	0.80893049
301	0.82787570
304	0.81682711
344	0.83372111
371	0.78628189
401	0.81088837
409	0.82137636
417	0.83133977
434	0.81376445
435	0.78382824
470	0.76638227
493	0.73551510
507	0.76790169
513	0.77647214
552	0.72995854
596	0.76247711
613	0.72519512
631	0.74688565
632	0.75549972
722	0.71763752
760	0.77214231
766	0.69462899
821	0.70962336
857	0.68705432
890	0.71894006
933	0.67631417
994	0.66812720
62	0.87598968
92	0.87396989
120	0.84853433
147	0.85788799
208	0.85341351
297	0.83779719
456	0.82154128
481	0.77473161
540	0.73173096
611	0.72239071
635	0.72516839
662	0.71394878
757	0.71412871
872	0.70892495
897	0.68756191
1018	0.69757795
67	0.87592008
119	0.87240694
159	0.83539287
186	0.84688340
216	0.84426163
235	0.83648593
251	0.84826304
254	0.85714550
285	0.82273208
303	0.82266951
405	0.82504071
441	0.79438959
622	0.75947430
685	0.75435253
708	0.72794962
731	0.69367955
800	0.68670591
803	0.70519400
841	0.70688902
915	0.68554681
929	0.69394456
931	0.71142064
953	0.67086266
1010	0.68087120
1037	0.67001792
50	0.87566370
137	0.86605844
139	0.85243236
179	0.85770872
274	0.83686717
291	0.75240507
318	0.82259944
337	0.84650779
360	0.84163340
362	0.79968940
374	0.76397270
391	0.80067871
427	0.81983086
433	0.77353021
453	0.80261510
466	0.80272655
505	0.73987552
512	0.75598077
593	0.77678349
603	0.72686961
621	0.78860713
638	0.77173068
647	0.72567167
698	0.71968189
719	0.68935385
758	0.72953124
767	0.72730188
833	0.69939156
834	0.67416642
878	0.69117439
922	0.69872842
923	0.70482186
945	0.70335553
968	0.67859212
978	0.68960469
1008	0.68727402
1014	0.67422871
1020	0.67762280
1031	0.68119822
84	0.85962317
97	0.86609109
98	0.87100525
108	0.85101585
113	0.86047617
181	0.85184728
198	0.85495366
200	0.85030600
201	0.79159268
238	0.83932542
257	0.79778058
271	0.84119034
275	0.83651163
278	0.83423274
293	0.84797570
322	0.80664437
325	0.81014090
335	0.82705047
363	0.80604315
373	0.80941604
388	0.82490084
412	0.78588293
426	0.71236914
429	0.75123396
449	0.79848668
510	0.72140047
524	0.79579156
529	0.76584531
531	0.69301623
548	0.77084465
556	0.69441173
558	0.77038527
568	0.74807158
574	0.74694484
627	0.78305019
691	0.72518415
717	0.70533583
782	0.68801426
784	0.70233265
792	0.67079719
811	0.77003199
880	0.68820244
898	0.69486041
977	0.68062233
995	0.67747777
1012	0.68307289
90	0.86990994
122	0.87380263
142	0.85887514
149	0.85518405
164	0.84383368
244	0.82026360
298	0.84900797
320	0.75031135
416	0.77163546
418	0.78407073
419	0.82509146
438	0.77171529
468	0.80440525
502	0.73343068
508	0.78085929
614	0.74340253
633	0.74516144
649	0.71637223
663	0.74432871
835	0.69224156
845	0.70698621
883	0.71041726
955	0.68746604
967	0.68748424
1022	0.68457195
1062	0.66282345
111	0.87488199
115	0.85709484
135	0.86040966
140	0.86770741
146	0.87189812
165	0.85407289
204	0.80991501
206	0.86051445
212	0.78902111
222	0.84147355
256	0.81242889
284	0.77775863
307	0.82990957
312	0.79725300
315	0.80626341
368	0.82498687
394	0.80535666
444	0.77697495
458	0.78887871
461	0.81519944
475	0.71689165
506	0.73683443
537	0.75201435
569	0.72584437
578	0.73296135
605	0.77559006
619	0.77309437
641	0.71010131
652	0.68581951
668	0.76645741
671	0.74034400
677	0.72876989
689	0.78119587
692	0.75654934
697	0.76326276
741	0.71498977
810	0.69309015
814	0.73000281
817	0.73548283
838	0.73775591
865	0.68748546
874	0.66440901
981	0.69386623
1019	0.68581904
1021	0.67881126
1023	0.66351848
1027	0.67789559
1051	0.68901698
63	0.87622167
134	0.84268396
207	0.84837495
239	0.77235713
319	0.82532899
352	0.79908377
366	0.78876660
370	0.79740441
499	0.79589193
606	0.75711857
683	0.71380666
725	0.72849447
783	0.71040328
951	0.69394371
961	0.68905019
1001	0.67439512
1047	0.67873218
1055	0.67232758
1065	0.66986679
224	0.85478705
342	0.81716548
349	0.78193311
379	0.81288790
397	0.78260478
704	0.74251886
706	0.73662598
732	0.72246023
825	0.70810741
885	0.70907561
972	0.69199644
1002	0.68850094
87	0.87475525
182	0.85443452
252	0.83062242
288	0.83224887
336	0.81930544
348	0.76548968
367	0.79251276
420	0.82050056
471	0.75369081
572	0.73742120
628	0.75921595
648	0.74981548
657	0.75425403
673	0.75637692
687	0.74768293
740	0.70381032
823	0.69180872
848	0.71382598
886	0.69344559
888	0.73205075
913	0.68009822
932	0.67902814
975	0.69725141
982	0.67167964
64	0.87315553
103	0.86445525
116	0.84579418
166	0.86356604
196	0.81746501
203	0.85383246
213	0.85899878
221	0.83278612
225	0.86160891
248	0.84662373
287	0.84728752
290	0.82973433
321	0.85143471
339	0.77089137
369	0.84108340
393	0.80507739
406	0.74750553
430	0.77788152
467	0.75557120
473	0.78699334
482	0.69568180
517	0.78172289
546	0.76118602
590	0.72887223
594	0.70109109
597	0.77103884
598	0.69237514
599	0.74562176
618	0.71937495
630	0.70133405
634	0.72386304
679	0.72907833
681	0.69646144
693	0.73933424
714	0.76714296
730	0.68943630
745	0.71339719
759	0.72474700
768	0.75630272
770	0.72806079
776	0.71433424
799	0.69185572
894	0.69921210
895	0.72769128
901	0.72903011
912	0.66015291
958	0.72196107
974	0.70248856
976	0.68477542
992	0.68066360
993	0.67924728
1000	0.71201961
104	0.87322411
130	0.84743780
157	0.86233940
226	0.84358180
229	0.83040019
231	0.83625675
245	0.83719409
250	0.81405553
283	0.83677430
331	0.81184719
358	0.83132383
377	0.78568443
390	0.78163152
392	0.77309756
396	0.84792280
399	0.75714287
455	0.70680572
472	0.78247964
478	0.77050835
511	0.75079484
521	0.73012186
541	0.77075553
545	0.74387992
560	0.79688039
575	0.76412205
579	0.72126051
595	0.74062008
609	0.74872448
654	0.76355028
672	0.69276745
695	0.69307664
713	0.72600582
737	0.71317552
754	0.71085347
772	0.69297720
809	0.68239165
819	0.71570732
859	0.71000497
867	0.71081285
877	0.71737345
906	0.66799625
907	0.67811623
910	0.69507777
919	0.66166417
928	0.67314334
934	0.72176595
1011	0.67379850
1036	0.70765910
1059	0.68779184
1061	0.67913649
96	0.86931266
230	0.84532833
276	0.78567992
286	0.76181923
324	0.80544128
355	0.78894193
365	0.76672214
380	0.80496248
381	0.82222683
436	0.79963687
446	0.80048621
489	0.73617317
515	0.73912326
543	0.71620994
623	0.73045488
646	0.69855235
680	0.75504371
744	0.73132111
751	0.68677871
850	0.70254653
858	0.69110516
881	0.66657083
903	0.71298236
926	0.68405779
949	0.68928752
954	0.69047786
957	0.67528602
962	0.66864615
971	0.67682073
985	0.68303293
1005	0.66331060
1006	0.68436313
1039	0.67337636
1040	0.65879174
1041	0.67129053
133	0.86780478
153	0.87047533
243	0.84242420
269	0.84800450
310	0.84520028
341	0.85541351
347	0.82662767
382	0.79878077
385	0.80840422
448	0.80354540
462	0.73680450
480	0.74415263
551	0.69848546
557	0.76423462
576	0.72072242
586	0.73967692
602	0.73759747
640	0.76400760
645	0.68102270
710	0.70047261
726	0.71672345
728	0.76013659
736	0.69931614
743	0.71691764
818	0.71348480
864	0.68682430
884	0.70256595
943	0.69613180
987	0.68634437
1035	0.67102083
71	0.87582899
211	0.85966379
292	0.84702777
327	0.80861989
464	0.76184456
476	0.78737458
483	0.77278236
492	0.72705882
514	0.75192073
516	0.74778321
567	0.79923471
591	0.72860413
604	0.74810385
637	0.76245957
655	0.72787720
658	0.72095638
734	0.68692964
762	0.69946379
793	0.72440225
798	0.68357345
839	0.68288049
847	0.66672430
887	0.69139991
927	0.69221754
936	0.66333724
942	0.69362523
963	0.66440441
984	0.69983612
988	0.67433283
997	0.69527645
1057	0.65530797
260	0.82733218
306	0.78398171
330	0.79764962
440	0.76669306
536	0.77716782
674	0.72423902
703	0.73438499
853	0.72401829
889	0.69575460
959	0.70478546
1004	0.68431144
294	0.83669137
305	0.80021069
350	0.78273340
359	0.84222101
403	0.83421370
408	0.78902036
415	0.79384343
486	0.76526848
498	0.69863583
530	0.78533724
547	0.76798893
581	0.76823189
585	0.74695066
661	0.70622552
700	0.73209287
763	0.71894587
844	0.67694034
852	0.72092054
875	0.70833884
938	0.67714756
941	0.67175084
964	0.68791266
1003	0.66664784
1026	0.67423030
1064	0.65294991
172	0.85609465
346	0.77946417
384	0.76158255
387	0.76053124
454	0.77743480
539	0.76996060
615	0.70394109
670	0.70646923
684	0.69966717
753	0.75009850
755	0.70187908
771	0.72652589
796	0.70615103
812	0.69647702
824	0.66992589
1056	0.67404250
264	0.85093424
282	0.84883987
289	0.82670816
503	0.77517946
644	0.72116829
711	0.71029193
749	0.67654747
756	0.68769765
826	0.72228705
909	0.69338246
930	0.70241248
423	0.77646726
519	0.75895038
620	0.71680507
660	0.77502608
666	0.69108790
786	0.68990929
789	0.69304634
795	0.70498311
893	0.67299934
1016	0.66922139
1025	0.65512589
1029	0.67414662
1060	0.66084944
262	0.78718340
353	0.80015994
777	0.72385159
836	0.75278752
935	0.67252692
991	0.69557458
1034	0.66597495
314	0.82732974
589	0.78280572
702	0.69679859
723	0.71934240
729	0.73698959
738	0.68820591
746	0.75455544
805	0.69320713
806	0.69362927
247	0.81185394
323	0.83783846
494	0.78859587
520	0.74512505
525	0.79335713
665	0.74067158
727	0.68519869
748	0.74390450
863	0.69055750
870	0.68785103
960	0.70351351
1054	0.67088621
442	0.80413452
643	0.69277946
785	0.72238452
790	0.69537899
843	0.71857617
921	0.70290028
939	0.68928630
565	0.70955347
690	0.72671595
764	0.70328921
787	0.71689869
815	0.66607505
820	0.69235760
855	0.69281435
914	0.67349456
1048	0.67288734
183	0.84038555
450	0.74688143
866	0.67942739
538	0.76159887
564	0.73633705
761	0.67841248
983	0.70186914
1042	0.67095075
332	0.84133912
535	0.79599231
554	0.75923677
902	0.67328968
905	0.72888687
485	0.81728096
600	0.74404362
891	0.70640403
904	0.67617448
1009	0.68984784
947	0.67542448
952	0.69030807
1058	0.67013143
1063	0.67491323
720	0.69550685
837	0.74732523
990	0.68115300
1033	0.65873246
781	0.71204353
882	0.72465422
701	0.68910066
716	0.74791407
980	0.68607523
624	0.72064737
940	0.68298086
378	0.74313480
1046	0.66689493
518	0.76938583
721	0.75159991
491	0.79114250
860	0.71043499
1032	0.66037552
573	0.78276191
667	0.74436932
970	0.66829662
996	0.68578236
1053	0.66045713
794	0.71648002
924	0.67661782
879	0.74993893
1024	0.67696811
715	0.73122899
846	0.67811848
411	0.80753152
862	0.70102036
733	0.74835385
769	0.69035929
1049	0.66734437
608	0.72121182
832	0.72837261
696	0.71816820
871	0.70583583
1052	0.67117833
876	0.69210863
