0	0.87664896
1	0.87666988
2	0.86864410
3	0.87674586
4	0.87655766
5	0.87653778
6	0.77502650
7	0.87667422
8	0.87502671
9	0.87666284
10	0.86408975
11	0.87629979
12	0.87134431
13	0.87669234
14	0.87074068
15	0.87649731
16	0.87680445
17	0.87670311
18	0.87661739
19	0.87664255
20	0.87660663
21	0.87672878
22	0.87664834
23	0.87653251
24	0.87661346
25	0.87671077
26	0.87664255
27	0.87664928
28	0.87656770
29	0.87670290
31	0.87653240
32	0.87656056
33	0.87656853
34	0.87631925
35	0.87617101
36	0.87517081
37	0.87657899
38	0.87573954
41	0.87655880
42	0.87671791
43	0.87648375
45	0.87474400
46	0.87370311
47	0.87533126
48	0.87624793
51	0.87510280
52	0.87604400
53	0.87551739
54	0.87627195
55	0.87603892
59	0.87324420
60	0.87659306
63	0.87639803
65	0.87617961
66	0.87609545
70	0.87522516
72	0.87403758
75	0.85982060
77	0.87500694
78	0.87172340
81	0.87388447
85	0.87506325
88	0.87125828
89	0.85659845
93	0.87028199
95	0.85716222
96	0.85922836
97	0.87377867
99	0.86604741
100	0.87466770
101	0.86463188
103	0.87328126
104	0.85336408
105	0.87319896
106	0.87073416
108	0.86494265
110	0.87044130
113	0.86024317
116	0.85873706
118	0.87153147
119	0.85113292
122	0.87187070
124	0.86969513
126	0.86519275
127	0.84803168
128	0.86540890
131	0.86353054
133	0.83423675
136	0.86503033
139	0.84277609
142	0.84269917
146	0.84565735
148	0.85955176
149	0.86816273
151	0.86863075
153	0.84665093
158	0.82674058
160	0.83346356
161	0.80157433
162	0.86998012
164	0.85278219
165	0.84742598
166	0.85957899
170	0.84975155
171	0.85626087
173	0.86689814
174	0.86072733
188	0.86083509
190	0.83908033
197	0.84032453
198	0.86110776
204	0.81925497
205	0.85637671
208	0.83349048
212	0.82682930
213	0.84084017
214	0.83179224
215	0.86017702
223	0.80169431
224	0.81086594
225	0.83885963
229	0.85694462
231	0.81415186
233	0.83185083
238	0.81545880
241	0.82891874
244	0.83590797
251	0.81846542
254	0.78981936
255	0.83854865
258	0.80287070
263	0.80796377
264	0.83626708
265	0.83024130
272	0.80870207
275	0.84622226
281	0.80773437
286	0.82883727
289	0.81344431
292	0.84259099
293	0.84188841
298	0.78372516
302	0.81511801
303	0.84304617
307	0.79860476
311	0.80112629
316	0.79158282
323	0.80759493
325	0.80244596
329	0.82822702
335	0.80789783
341	0.80510859
342	0.82433872
353	0.84140404
363	0.79790424
375	0.81178168
386	0.78121387
390	0.75062091
391	0.79395932
392	0.80748085
395	0.81286346
398	0.79563789
399	0.75700135
400	0.81771159
404	0.72831159
406	0.80082050
407	0.82394576
411	0.76375487
416	0.76441625
421	0.82785031
435	0.76965631
442	0.74211542
448	0.75669596
454	0.73826201
458	0.78685787
463	0.71482712
465	0.79696925
475	0.78231056
476	0.81458302
480	0.75095455
486	0.76505569
499	0.75441553
511	0.76602950
517	0.74237764
524	0.78358509
525	0.75803271
529	0.73329845
531	0.74098602
533	0.78049068
555	0.79363147
556	0.75140911
558	0.75783375
565	0.73654814
566	0.73967650
574	0.70985839
576	0.70250952
585	0.74184441
591	0.76020393
594	0.73626894
605	0.76232981
606	0.74475435
609	0.72779731
610	0.70381791
621	0.70752029
624	0.70312226
627	0.74023913
628	0.75078830
636	0.73478468
645	0.70407629
651	0.69947516
656	0.70442526
666	0.70113468
668	0.71685663
695	0.73919534
707	0.69154141
713	0.67707350
730	0.71430756
731	0.67682557
735	0.70615238
736	0.70573271
742	0.71633251
777	0.69548872
787	0.70985290
792	0.68063872
838	0.70796077
850	0.67391853
857	0.68026998
865	0.70125445
868	0.71060041
917	0.68433168
922	0.68930538
924	0.68143033
927	0.68811046
933	0.66831874
936	0.66989234
39	0.87674865
40	0.87655041
44	0.87623861
57	0.87576853
58	0.87625476
61	0.87315300
64	0.86923923
68	0.87535725
80	0.87471004
86	0.86157371
90	0.86957236
91	0.86127557
107	0.86829161
129	0.86588913
132	0.86846853
141	0.86662101
144	0.85542443
145	0.86604193
159	0.86454638
167	0.86008768
172	0.85135321
178	0.87200932
179	0.86951522
182	0.85345921
193	0.85060104
195	0.86192112
210	0.84264389
218	0.84496325
221	0.79779079
234	0.80790590
250	0.77762578
253	0.81766180
270	0.74866801
279	0.76215321
282	0.81106563
284	0.80240052
308	0.79055424
314	0.82865756
317	0.84644286
332	0.83838364
356	0.82499369
359	0.82418571
372	0.83272050
374	0.78729545
388	0.82246470
405	0.81538551
409	0.74277433
422	0.72131284
424	0.74015259
436	0.76250021
440	0.79779752
441	0.75904969
446	0.74565186
451	0.77384265
473	0.81598841
493	0.74160476
494	0.78472609
520	0.70604658
523	0.76325611
535	0.77375549
542	0.75925569
559	0.77559306
575	0.74265259
580	0.81473582
581	0.75170983
598	0.70167774
629	0.75363043
650	0.75931770
660	0.72647733
680	0.73405083
681	0.71526563
684	0.70151656
747	0.70915352
749	0.72289058
753	0.70707495
784	0.66437308
814	0.68084369
823	0.68665787
841	0.70032650
846	0.69429441
852	0.70755031
855	0.68660186
859	0.67285331
916	0.68198271
926	0.69035000
934	0.68113975
949	0.67669255
954	0.67766449
62	0.87241470
143	0.82696698
152	0.84819814
203	0.85616149
262	0.83600921
367	0.81026739
371	0.82732733
376	0.82754431
426	0.76765052
434	0.78579037
482	0.77628986
488	0.75894855
496	0.74913716
528	0.80321014
534	0.74547350
625	0.76169058
632	0.72462805
654	0.74519638
685	0.71213851
690	0.71795673
705	0.68348416
812	0.67850052
842	0.70380393
879	0.66041729
899	0.69033654
906	0.67966077
50	0.87668395
69	0.87272909
87	0.86540776
92	0.87352215
109	0.86868685
157	0.85328406
169	0.86559752
209	0.79321294
245	0.83290963
247	0.82373054
257	0.84870870
266	0.80719824
268	0.82923478
269	0.82599027
299	0.83176242
300	0.79125631
304	0.79096988
364	0.81671253
378	0.79723033
418	0.80363810
438	0.73899959
495	0.79319255
510	0.70224400
514	0.76874482
530	0.76058954
546	0.76872184
551	0.75236677
614	0.75483520
626	0.74824327
638	0.74231201
667	0.68446729
673	0.72489431
711	0.74795155
729	0.71343944
745	0.67404172
769	0.69417008
774	0.68612433
795	0.69519783
830	0.69205797
836	0.71094928
864	0.68836035
866	0.67498437
869	0.67696729
874	0.67613364
881	0.67146936
891	0.68845207
910	0.66152360
912	0.68610207
920	0.66659472
930	0.66081925
940	0.69205818
956	0.67781925
961	0.68098778
76	0.87419296
82	0.87548302
102	0.86783582
112	0.87071284
125	0.86869710
135	0.86499772
140	0.85704948
168	0.85599089
177	0.83620135
191	0.85478996
196	0.83084234
199	0.83080238
219	0.85656398
220	0.85622133
236	0.81218033
274	0.75872981
294	0.78615735
297	0.79269679
301	0.77168095
318	0.76829648
334	0.73011563
343	0.83240455
351	0.81963654
373	0.82636035
429	0.76233986
443	0.79904607
445	0.78918841
485	0.75214296
505	0.74302443
538	0.72573520
547	0.76492526
564	0.73560052
570	0.69801108
584	0.72233458
616	0.71943634
623	0.71196646
635	0.72550911
664	0.72243934
671	0.72972474
726	0.73417743
732	0.67399555
750	0.67032484
798	0.69884379
817	0.67768168
837	0.70092164
847	0.67551294
903	0.69499586
904	0.67950569
907	0.69635062
911	0.69785880
944	0.67866843
965	0.67615807
67	0.87357402
79	0.86581863
156	0.85356708
176	0.80768292
186	0.85565839
226	0.83055849
228	0.78850072
249	0.83936491
309	0.82248023
330	0.80853033
333	0.78336532
339	0.80747133
358	0.75275000
368	0.76128944
381	0.81135207
394	0.78088685
397	0.74107650
402	0.79549369
423	0.77559369
427	0.80454503
472	0.76905642
503	0.70894193
508	0.73635694
568	0.78010652
586	0.76234679
588	0.76894503
608	0.76819317
619	0.74412081
663	0.72463458
687	0.72977909
704	0.73031346
710	0.69331760
718	0.69719296
762	0.69423954
768	0.74147578
797	0.71817340
806	0.68498737
809	0.70422422
821	0.67706905
845	0.70183810
937	0.69148375
950	0.66927443
130	0.85471439
252	0.83885766
267	0.80167474
331	0.81183820
490	0.71510538
545	0.72957712
752	0.70646967
822	0.67581874
844	0.70390735
952	0.66878292
49	0.87584741
84	0.87220466
111	0.87539814
114	0.85731791
120	0.86679762
123	0.87376294
154	0.86450983
184	0.85602650
194	0.79935424
202	0.83006190
211	0.76788540
222	0.81023954
227	0.84768251
277	0.84577246
278	0.79734762
285	0.80924182
328	0.77540290
340	0.76483499
352	0.81493561
383	0.70403054
432	0.76621491
439	0.78461925
450	0.74183592
455	0.78769576
457	0.77760010
461	0.78728344
464	0.78799182
469	0.73819834
470	0.71581770
477	0.73015197
497	0.77965207
516	0.77739203
527	0.74670538
552	0.74947288
572	0.71353934
577	0.75961656
582	0.77499855
601	0.74671801
611	0.71405704
615	0.76102422
617	0.73980673
620	0.74647391
630	0.71065870
669	0.73926822
683	0.67648188
692	0.73861573
751	0.70599172
761	0.66896366
776	0.70534669
810	0.69086180
811	0.70537329
818	0.72723923
828	0.69537878
854	0.69662971
923	0.65873416
928	0.66759793
946	0.66790507
951	0.67371863
958	0.66880238
962	0.67087246
56	0.87498747
73	0.87441470
115	0.85597526
150	0.83913892
155	0.86379658
163	0.86355901
181	0.84201936
189	0.84838986
207	0.83275745
319	0.78708292
362	0.83072567
415	0.78815497
467	0.81280041
487	0.74413188
593	0.72571563
631	0.73151874
655	0.74218582
659	0.71436004
743	0.71751356
767	0.71137495
819	0.71040528
831	0.69020321
897	0.67120839
909	0.67090352
30	0.87657847
185	0.87434027
200	0.83123799
283	0.79262588
291	0.81756046
312	0.78762764
322	0.81340952
345	0.82900093
417	0.78340952
431	0.73209296
521	0.77770000
548	0.72533043
597	0.77345704
760	0.67288675
763	0.68396491
834	0.71890435
893	0.68688147
932	0.67232474
939	0.69093685
947	0.67813571
957	0.66538282
959	0.67251636
134	0.85863230
201	0.84742950
259	0.79697712
306	0.80678043
357	0.78966501
389	0.84113685
540	0.75650207
567	0.70427536
613	0.72840932
759	0.69125414
94	0.84240549
175	0.83642681
235	0.82577101
248	0.81169576
287	0.83258654
290	0.78421646
315	0.84856511
349	0.76792909
385	0.80254389
453	0.81315487
483	0.78342795
491	0.74136522
562	0.72704337
634	0.73114130
661	0.70896749
676	0.76703447
688	0.71797236
720	0.68247433
783	0.69452050
785	0.66875911
813	0.69359431
863	0.69677702
888	0.68734193
895	0.66646180
943	0.67618841
147	0.85880735
216	0.83693882
326	0.78092412
338	0.84805735
408	0.76701563
541	0.72285114
563	0.75165404
569	0.73389886
703	0.71135983
791	0.73620114
860	0.68817516
861	0.69530259
862	0.67937847
117	0.87010921
121	0.87368913
217	0.85362992
246	0.85133602
273	0.81166936
313	0.84484907
327	0.82516646
337	0.83085911
347	0.81053810
354	0.79415383
410	0.75914161
414	0.75992081
420	0.78224969
437	0.77015942
447	0.77458820
460	0.77720994
462	0.75674369
513	0.73620166
603	0.71881180
618	0.74331118
633	0.72979451
662	0.74949503
678	0.75143395
691	0.69492184
694	0.71356708
701	0.70632961
717	0.74389141
719	0.73409213
721	0.72726108
775	0.68613406
786	0.69477402
796	0.72861408
816	0.69325311
839	0.67328613
871	0.67348675
872	0.67381532
883	0.67436128
886	0.68217133
914	0.68289110
915	0.66888406
83	0.86373406
187	0.82264731
242	0.84532640
295	0.80922609
468	0.76265311
492	0.73191998
756	0.71192257
757	0.74487329
803	0.71662764
890	0.67346387
71	0.87387878
355	0.81671760
361	0.80472567
365	0.80439917
366	0.82260093
474	0.74524317
504	0.75418116
539	0.75779296
553	0.76410911
587	0.73270248
602	0.75436988
612	0.72160497
622	0.74272443
665	0.72880528
689	0.70676563
773	0.66629089
778	0.70995052
825	0.69662588
835	0.67635135
889	0.70077350
963	0.67274969
74	0.84934565
98	0.87144317
137	0.86287153
230	0.81797909
239	0.85245135
296	0.81842008
346	0.79231056
387	0.71584120
425	0.78384824
500	0.71653271
512	0.72339379
549	0.70617081
560	0.77731770
599	0.73727205
600	0.74725487
641	0.72060807
670	0.71795828
675	0.72613602
679	0.71640859
696	0.72013830
737	0.71397070
758	0.68784534
764	0.71654255
826	0.70920052
853	0.66784855
138	0.87055921
260	0.77084886
261	0.81709451
336	0.78183996
412	0.77591646
433	0.79613861
456	0.79071377
484	0.74301035
550	0.72809896
579	0.75803810
652	0.69477060
740	0.69312070
746	0.70520393
771	0.68660445
789	0.70446480
800	0.68145963
931	0.66721594
935	0.69062277
180	0.85276242
192	0.84707578
310	0.73217257
379	0.83322433
396	0.72026470
403	0.74273064
428	0.80117867
478	0.75738385
532	0.73215259
596	0.69536159
637	0.73020642
644	0.70452215
672	0.73365694
715	0.73446801
725	0.70952712
727	0.72641687
793	0.73067930
802	0.69385683
807	0.70982785
829	0.65962484
856	0.70631584
858	0.68046967
938	0.65944213
183	0.86489979
377	0.78095000
384	0.76213644
401	0.78612391
430	0.75936108
515	0.76831563
519	0.73801232
536	0.72483095
604	0.72489586
640	0.76307712
647	0.74239265
657	0.69370818
658	0.73311046
708	0.71451977
709	0.73417795
808	0.71231791
873	0.67004803
875	0.70585621
877	0.68022640
898	0.66499658
240	0.83627050
305	0.78358116
324	0.83698965
348	0.73939689
413	0.80509493
419	0.75823747
449	0.75481553
502	0.80102826
554	0.74449710
595	0.72026874
653	0.71379410
686	0.68656667
698	0.72226263
702	0.71178075
723	0.69516491
734	0.70555507
748	0.69059503
805	0.67206139
848	0.67027164
884	0.66777133
896	0.70258012
918	0.68229876
953	0.68554079
271	0.82321739
280	0.82218261
350	0.80268934
393	0.77718126
466	0.80321304
489	0.78548468
543	0.74995600
544	0.73267412
571	0.76659441
754	0.73291263
755	0.73536625
770	0.69606812
870	0.67591708
887	0.69852060
892	0.66955797
237	0.84402557
382	0.75971615
573	0.72347909
648	0.75658458
788	0.68472153
824	0.68842195
880	0.66545176
882	0.67643395
900	0.66761605
901	0.66862029
913	0.66621418
444	0.78329472
498	0.72690362
537	0.73436656
728	0.70463944
799	0.66577371
827	0.70708727
894	0.70349969
942	0.66540600
288	0.83165217
360	0.73534017
459	0.80298841
479	0.75341791
506	0.76856946
518	0.74715238
706	0.75637371
741	0.69709079
765	0.70427598
772	0.72169120
780	0.69287547
925	0.67587971
955	0.68562174
243	0.72492174
557	0.70166677
561	0.75073333
589	0.77391501
590	0.75170383
722	0.69613230
744	0.68558789
779	0.69061294
885	0.67435145
276	0.79251180
481	0.75926884
693	0.72293799
716	0.73533116
833	0.65865217
929	0.66697660
960	0.67262039
256	0.76293075
321	0.80962091
370	0.78851988
452	0.74334141
507	0.73416853
583	0.77505362
607	0.72980994
697	0.71848219
733	0.72851128
801	0.71184627
804	0.70684814
820	0.69503168
948	0.67447712
206	0.83316760
344	0.78270518
867	0.70406801
471	0.71943033
712	0.72158830
840	0.69056801
232	0.79803799
380	0.81145311
526	0.79861180
878	0.68533178
921	0.68960994
320	0.80443240
677	0.68598582
724	0.69239172
738	0.71485870
522	0.80064658
639	0.72051967
682	0.74474420
699	0.71296491
700	0.67774607
941	0.65810176
739	0.67822723
714	0.72622019
851	0.67587091
643	0.74465424
849	0.68775269
945	0.67773437
509	0.70166636
905	0.67398986
501	0.73433602
843	0.67386118
369	0.80145217
908	0.67749793
646	0.69944182
592	0.71499265
790	0.66413820
766	0.67069772
674	0.74300787
794	0.69353882
578	0.72768996
876	0.66262795
815	0.69459607
781	0.68960663
832	0.69495476
919	0.68863116
902	0.66087733
964	0.66636356
642	0.70704006
782	0.66318075
649	0.70485776
