0	0.87708707
1	0.87542461
2	0.87728843
3	0.86037028
4	0.87712847
5	0.87715892
6	0.85322461
7	0.87708707
8	0.87712982
9	0.87239395
10	0.87659322
11	0.87660323
12	0.86644432
13	0.87698259
14	0.87678029
15	0.87565162
16	0.87714818
17	0.87714964
18	0.87726757
19	0.87716778
20	0.87754953
21	0.87720125
22	0.87723629
23	0.87720198
24	0.87717591
25	0.87724473
27	0.87722054
30	0.87731814
31	0.87732117
32	0.87655120
35	0.87715089
38	0.87698227
39	0.87695245
40	0.87729572
45	0.87358384
46	0.87689312
47	0.87610886
55	0.87105297
56	0.87635600
57	0.86822513
60	0.87455965
61	0.87703691
64	0.87572013
72	0.86768989
73	0.87693889
77	0.87522461
85	0.86923994
91	0.87157706
92	0.87378624
98	0.85378644
101	0.87129948
107	0.86715328
108	0.86587487
109	0.87323796
110	0.86461929
111	0.84923014
120	0.86576903
121	0.85982398
123	0.87177789
124	0.87406173
144	0.85646330
147	0.87306309
148	0.81257383
157	0.86709531
158	0.86256590
159	0.85505172
161	0.87240813
162	0.83971449
164	0.84692106
168	0.83741867
169	0.86493118
170	0.85315746
178	0.86367664
183	0.86754943
186	0.81948801
187	0.84223139
191	0.80486674
192	0.86356350
197	0.85530688
198	0.85017226
204	0.81686496
207	0.83601387
217	0.77691783
243	0.84635401
249	0.85956757
253	0.84508728
271	0.80761773
273	0.83207383
275	0.83506893
277	0.79076413
294	0.73102523
295	0.78179333
317	0.79499990
335	0.78542450
338	0.80573076
346	0.79611658
357	0.76974932
360	0.78582273
374	0.79617873
392	0.81714609
398	0.81953639
399	0.77151335
408	0.79914202
434	0.80876486
441	0.78209739
453	0.80298957
456	0.75227779
467	0.75734129
476	0.72795871
511	0.73902544
518	0.77345923
530	0.80047143
532	0.80932899
543	0.77144369
544	0.77395787
558	0.72584734
570	0.76027894
575	0.77968415
578	0.74595422
581	0.72995600
607	0.79198843
616	0.69325829
635	0.69511220
636	0.70235224
637	0.70068133
657	0.77748676
667	0.77490980
668	0.72849781
670	0.71030615
686	0.69987059
692	0.69366893
726	0.72284682
731	0.70243264
732	0.74568613
734	0.67051700
739	0.72105412
742	0.69064213
746	0.68211606
763	0.67449666
777	0.69692148
783	0.71234755
802	0.69037039
804	0.73616403
809	0.70360521
819	0.71279687
820	0.67299906
823	0.69017852
825	0.69279562
832	0.68253097
836	0.69594901
844	0.70235068
848	0.70477727
854	0.69521825
903	0.66365057
904	0.67498384
923	0.67605078
930	0.68821032
956	0.67398790
37	0.87709802
42	0.87687842
50	0.87699562
51	0.87719718
53	0.87581335
66	0.87532534
67	0.87377299
68	0.87655558
79	0.87188060
83	0.85759239
136	0.84033921
176	0.85733045
195	0.85762200
200	0.83972263
213	0.82811105
214	0.83806966
218	0.82637894
237	0.77308634
272	0.86055057
307	0.85007424
313	0.76910344
323	0.75292628
359	0.78092461
383	0.82084400
386	0.79378457
396	0.82563483
429	0.78682315
469	0.77877779
513	0.74942523
539	0.73677174
592	0.71007914
601	0.77633160
603	0.71376767
613	0.77564442
618	0.71609395
619	0.76796017
625	0.75056507
631	0.74688248
638	0.72013420
656	0.71538498
697	0.67350865
717	0.74255725
767	0.67134505
770	0.74182951
781	0.73764797
866	0.72388822
883	0.68786246
896	0.69463347
955	0.66275944
26	0.87723399
29	0.87716830
34	0.87734526
63	0.87694098
70	0.87374150
90	0.87295151
94	0.87283566
96	0.85685130
97	0.87425214
106	0.87386496
112	0.86659291
113	0.87199948
115	0.86888738
122	0.86494056
128	0.85560448
129	0.85457821
137	0.87015985
155	0.84899677
167	0.85753420
181	0.86070261
209	0.85273837
221	0.84503837
224	0.83134797
230	0.81878957
231	0.82961283
239	0.84974776
242	0.82945600
244	0.85014995
248	0.78447404
260	0.82346184
286	0.79439041
291	0.81237956
309	0.83007445
319	0.81774755
325	0.77818749
337	0.82373139
342	0.81375266
354	0.82566893
364	0.81289562
369	0.77459948
373	0.75516225
393	0.73243201
403	0.78490751
420	0.74695881
445	0.74843743
474	0.79522409
478	0.72942284
480	0.76456611
486	0.77850229
489	0.76969572
491	0.73423733
531	0.74952607
535	0.73781575
546	0.78681721
550	0.75145506
564	0.79671564
566	0.70924974
572	0.77598676
573	0.76599447
582	0.75245787
597	0.70180699
624	0.68039124
626	0.72721314
634	0.70284359
639	0.73092503
661	0.73346267
700	0.71229479
709	0.72661731
733	0.72629301
743	0.69255276
744	0.68694254
749	0.74144546
752	0.76793431
761	0.68680115
771	0.72761502
775	0.67843295
792	0.67886580
796	0.72737737
805	0.69048373
838	0.67702221
870	0.73343107
879	0.69908425
905	0.69844286
939	0.66907727
28	0.87740031
36	0.87716653
78	0.87240772
100	0.83030063
163	0.84825589
165	0.85229833
199	0.85041794
284	0.83501919
292	0.86376590
413	0.74699750
443	0.78682169
479	0.80049718
495	0.76546204
504	0.81502252
528	0.75081199
571	0.75282649
615	0.71106861
675	0.74280480
705	0.71600553
738	0.72165954
772	0.67490532
846	0.67234181
49	0.87742732
59	0.87691220
76	0.87521940
81	0.86940938
87	0.84205214
116	0.86640845
131	0.87065328
139	0.85858113
141	0.87292148
156	0.78277007
189	0.84630000
201	0.87161001
208	0.81500042
211	0.85416820
229	0.82691147
238	0.84948436
264	0.80640292
269	0.82818436
287	0.80855474
289	0.77177487
302	0.79389479
306	0.83087529
311	0.81797268
340	0.80257831
361	0.83386142
375	0.79140501
442	0.73276642
451	0.77740063
472	0.78342492
490	0.72876413
494	0.72059072
522	0.79947998
527	0.71148686
563	0.72369917
569	0.70337237
641	0.73691502
645	0.74678790
665	0.73407935
682	0.70934421
689	0.72099990
737	0.75105610
741	0.72382169
754	0.72023504
800	0.67864359
808	0.70980615
827	0.71559677
849	0.70564025
871	0.68670323
889	0.68117445
900	0.69064995
901	0.66920219
917	0.68090115
940	0.67529979
948	0.67466747
48	0.87726413
54	0.87621345
69	0.87300094
74	0.86014828
89	0.86942461
117	0.87182398
166	0.86534473
172	0.86594223
175	0.85853462
203	0.86239166
257	0.81382367
298	0.80749896
312	0.73592284
314	0.82294453
315	0.78389364
324	0.82107748
329	0.79368738
341	0.83702763
356	0.80600751
363	0.77677258
382	0.78189812
388	0.77861522
391	0.80807278
402	0.75809948
412	0.76067852
414	0.72977404
447	0.73174327
463	0.77929771
503	0.71338895
514	0.74581679
525	0.74977268
554	0.68383368
557	0.72724546
594	0.72888425
640	0.72564380
646	0.69382013
673	0.73041387
687	0.70863504
690	0.74694234
699	0.75197320
708	0.69274484
712	0.71042607
756	0.70440855
757	0.72362179
797	0.70854974
847	0.69047758
910	0.67527769
914	0.67533931
927	0.67633837
938	0.67112878
75	0.86716611
93	0.87076142
127	0.85453462
132	0.84405057
142	0.83807560
225	0.79619562
283	0.81242054
406	0.76312722
438	0.82467143
461	0.78861314
593	0.72591627
652	0.71730897
688	0.72107560
704	0.69015933
711	0.71471074
813	0.69004400
33	0.87705579
80	0.85090918
99	0.86855620
102	0.84702669
118	0.86981314
130	0.86326653
151	0.86198332
160	0.86123504
190	0.83852774
240	0.83045516
255	0.85650636
266	0.78312596
268	0.80104067
293	0.77624088
305	0.78410970
308	0.79021981
355	0.79096475
367	0.79835746
384	0.78031877
410	0.76660688
423	0.79357560
433	0.74106611
475	0.75516382
493	0.76149385
526	0.76743003
583	0.74103608
610	0.73265485
622	0.73276642
679	0.70895673
753	0.71791272
888	0.66598561
947	0.68708947
950	0.68981689
43	0.87709791
58	0.87727612
65	0.87701022
82	0.87258092
126	0.86022847
133	0.86886913
135	0.87297185
145	0.85520521
180	0.84713420
206	0.82419447
210	0.77823191
212	0.80366882
227	0.85544557
233	0.85083837
235	0.84408290
236	0.81801741
259	0.80329656
274	0.80998446
297	0.80138040
322	0.75602868
348	0.78547132
353	0.79679656
362	0.77331814
376	0.77974150
425	0.75046913
430	0.73142784
431	0.80901439
432	0.77460459
439	0.74619437
440	0.78248989
498	0.78873014
537	0.72209552
553	0.75328186
642	0.73544672
649	0.69320010
676	0.71431825
678	0.74812899
694	0.71382169
716	0.72408081
748	0.69759750
794	0.70080448
828	0.69070615
857	0.69294630
886	0.67578175
891	0.70157185
906	0.68516079
931	0.68340010
95	0.87550167
103	0.87065433
171	0.86438530
202	0.83575589
223	0.85339948
288	0.83016621
334	0.83250344
366	0.78431064
606	0.73165704
629	0.68789771
658	0.71812482
727	0.69347821
893	0.67502086
44	0.87647351
104	0.87278582
138	0.86435819
140	0.87312961
149	0.82108029
150	0.86766882
174	0.84643337
232	0.83579854
245	0.81736705
247	0.82212075
250	0.81657174
263	0.83539114
343	0.79120532
377	0.79409541
448	0.74411043
471	0.78344390
541	0.68830375
608	0.74438144
769	0.71241387
829	0.70976465
842	0.67293597
872	0.67421898
876	0.68224818
894	0.67577894
897	0.69307842
41	0.87736163
62	0.87648571
88	0.87136840
114	0.86040521
119	0.87250605
134	0.84778957
179	0.84007310
184	0.87166642
228	0.78810792
270	0.78823816
281	0.82091168
300	0.83485527
352	0.80814296
381	0.77947320
436	0.77847185
449	0.76964254
458	0.76727643
496	0.79567789
510	0.73614473
538	0.76610553
552	0.74688019
643	0.69345725
653	0.72460344
707	0.68934025
843	0.68647737
874	0.69276350
880	0.70670772
919	0.67522920
152	0.81075182
220	0.84637810
251	0.82755381
252	0.83301335
279	0.83591564
460	0.76946966
506	0.74727810
719	0.69195798
864	0.72299844
951	0.65417018
52	0.87492826
105	0.87490136
173	0.83438165
262	0.77095829
265	0.83950021
296	0.82443274
301	0.81854275
326	0.82196340
339	0.80016277
411	0.79710626
488	0.76294755
508	0.71767852
549	0.76118665
710	0.69692795
723	0.68938936
774	0.69713712
912	0.72210261
925	0.67553055
932	0.66776986
86	0.87280490
153	0.81751241
194	0.86437852
219	0.82614703
347	0.81230177
351	0.83518196
358	0.83000490
404	0.81819228
454	0.75118926
502	0.78752357
565	0.73846277
585	0.76637956
587	0.74575454
633	0.72348123
683	0.68204192
730	0.68701126
764	0.71207362
765	0.68982857
814	0.69957477
821	0.69002982
877	0.68657153
941	0.66148457
952	0.67773243
71	0.87180907
125	0.85679458
182	0.85489353
193	0.82057414
241	0.83700605
285	0.81411283
290	0.81056705
303	0.75804129
427	0.79317716
444	0.69885954
446	0.73301335
512	0.78628749
516	0.73513921
534	0.69632336
536	0.76521064
693	0.71884505
725	0.71804317
907	0.66807602
84	0.87334442
215	0.82664536
234	0.76201554
318	0.81164734
330	0.81963733
379	0.81553952
418	0.80122367
437	0.79850959
455	0.74298540
464	0.74820511
466	0.76713962
473	0.78785735
483	0.76673973
507	0.70808436
509	0.79081168
529	0.71371887
547	0.71438206
623	0.72506027
627	0.77527341
671	0.72267435
702	0.72265339
735	0.73662868
758	0.70184015
760	0.73245036
780	0.73798916
782	0.69624484
786	0.73406267
811	0.69370813
839	0.70681262
850	0.69080865
855	0.71514776
858	0.66830521
861	0.70526548
862	0.69759218
892	0.68575099
918	0.67566361
146	0.86973525
216	0.81320657
254	0.80064171
267	0.83695099
327	0.81158029
349	0.75637466
370	0.82214286
389	0.77046392
395	0.76885683
405	0.74265714
417	0.79465683
457	0.74840136
485	0.78524140
515	0.76991022
540	0.72263994
542	0.72645297
560	0.76255996
577	0.75008613
580	0.73761011
591	0.69267132
602	0.71739718
609	0.73200761
620	0.72607205
628	0.71876225
654	0.72166809
691	0.67339541
714	0.70136496
768	0.69284734
793	0.66710344
806	0.70739604
810	0.68705798
815	0.69617028
845	0.68909301
865	0.66997758
867	0.71844244
885	0.67340313
928	0.69462169
933	0.67151262
154	0.80543066
177	0.84977998
196	0.80407226
222	0.85696559
378	0.80688519
422	0.76965266
426	0.79771710
435	0.80066330
452	0.78945600
470	0.75705474
492	0.75714067
499	0.80226788
533	0.78206194
660	0.69704651
751	0.70951147
818	0.68450334
830	0.67394682
835	0.70286215
837	0.68507998
852	0.67121689
859	0.68417591
890	0.66531919
935	0.67215495
143	0.86432482
188	0.87148978
345	0.80719103
387	0.80483650
401	0.77283149
481	0.76879781
588	0.76058321
600	0.74255099
604	0.73092534
647	0.74969666
651	0.75606017
720	0.71336069
790	0.69011210
822	0.69884213
824	0.69004432
899	0.68299291
282	0.81663097
299	0.83263618
332	0.82704275
419	0.79603514
487	0.71785162
680	0.74987383
685	0.69194640
701	0.70295141
706	0.71982972
762	0.66999823
798	0.67308081
816	0.69629729
863	0.66981940
878	0.68229645
882	0.68254745
902	0.66782701
958	0.67384035
185	0.86360970
205	0.85258217
256	0.84776131
280	0.85379062
350	0.82938019
368	0.80397560
372	0.77368822
428	0.76991502
505	0.75829343
523	0.76810365
562	0.67705047
568	0.75056006
596	0.71822815
677	0.72610115
715	0.72469468
724	0.71617258
729	0.70242993
853	0.68105016
945	0.66775214
246	0.76875933
336	0.80600970
407	0.79164901
416	0.79837696
421	0.78064818
551	0.75801741
559	0.73596017
599	0.73457497
681	0.70301960
722	0.71604849
869	0.73653399
895	0.66250542
942	0.67781814
953	0.65106976
304	0.79162523
321	0.80727226
415	0.77833316
424	0.76373973
497	0.79204108
521	0.74437852
524	0.74586788
567	0.73504578
605	0.73595089
612	0.74910740
614	0.73230480
632	0.69081533
663	0.68646799
787	0.67534098
908	0.68936413
913	0.68107320
226	0.83338165
450	0.80446997
459	0.75146851
482	0.73314838
556	0.74833368
579	0.80924411
666	0.72637112
684	0.73236726
826	0.69773764
856	0.70058697
915	0.67665558
331	0.78473754
333	0.82554380
371	0.77870490
462	0.73767977
468	0.74877664
519	0.76709739
595	0.72711929
648	0.72311522
662	0.72239583
695	0.74206298
696	0.74930667
791	0.67232993
803	0.68466757
860	0.66645819
868	0.66997508
898	0.68007685
946	0.67244640
555	0.70310709
561	0.75406392
598	0.75025235
831	0.69932899
258	0.82864202
380	0.82592523
385	0.79620125
397	0.80724004
545	0.77007028
576	0.76818676
672	0.73361710
713	0.68956903
766	0.70416434
788	0.67654192
789	0.68933702
812	0.69577132
922	0.68469030
261	0.77406767
328	0.80021575
394	0.78794140
400	0.82398081
409	0.78750688
574	0.72453212
669	0.72735829
778	0.72285735
841	0.65574161
881	0.67770615
276	0.84638144
278	0.82372336
365	0.80374734
477	0.76209781
500	0.75195433
501	0.74637477
517	0.74786298
650	0.69822200
750	0.66759583
801	0.72566820
834	0.67347518
884	0.69401126
887	0.72355057
465	0.69898123
484	0.76503191
590	0.78528780
621	0.69977258
773	0.70732398
924	0.69490073
943	0.67232304
390	0.78275214
703	0.70658478
817	0.67798144
926	0.66786632
728	0.68851481
851	0.66675308
921	0.67490532
316	0.76576590
589	0.72241825
718	0.73671585
795	0.68726893
916	0.66327654
934	0.65441898
949	0.65693889
310	0.83696121
617	0.74824296
740	0.71676006
320	0.79132013
548	0.73042054
611	0.73305308
659	0.68917852
664	0.71933222
674	0.72375641
698	0.69536163
584	0.77097664
936	0.66362649
779	0.72035224
833	0.67301220
840	0.66921846
344	0.79708467
630	0.70159885
944	0.66174390
586	0.72392805
776	0.69320897
911	0.65747164
954	0.66046736
745	0.68375600
873	0.70296976
784	0.72127289
755	0.72653983
644	0.71712836
520	0.75686569
929	0.68677821
759	0.70865443
920	0.66974035
937	0.66300834
799	0.67177508
909	0.65958019
655	0.68144056
721	0.68427883
957	0.66422680
736	0.71651011
807	0.68658790
747	0.69887226
785	0.68083597
875	0.66298081
