0	0.87609101
1	0.87612502
2	0.87231193
3	0.87596921
4	0.87622111
5	0.87494653
6	0.87579345
7	0.87600196
8	0.87606061
9	0.87626628
10	0.87208504
11	0.87453930
12	0.87592063
13	0.87587537
14	0.86620890
15	0.83914233
16	0.87615738
17	0.87600968
18	0.87621730
19	0.87573138
20	0.87606588
21	0.87601955
22	0.87612600
23	0.87619629
24	0.87601427
26	0.87588719
27	0.87607664
28	0.87567204
29	0.87586041
30	0.87605279
31	0.87583763
33	0.87592180
36	0.87588514
37	0.87557527
38	0.87619286
39	0.87417810
41	0.87357263
42	0.87599120
44	0.87570381
45	0.87584389
47	0.87487019
49	0.87439775
51	0.86973314
52	0.87516579
55	0.87589022
56	0.87311945
57	0.87366696
58	0.87605787
61	0.87145806
62	0.87613353
63	0.87497038
66	0.87528201
67	0.87083460
68	0.87108035
71	0.87274438
72	0.87329844
73	0.87115660
74	0.87516295
76	0.87503930
77	0.87095239
80	0.87381007
82	0.87311662
87	0.87305318
88	0.87221662
89	0.87342551
91	0.86909834
92	0.86757859
94	0.87385562
96	0.86943353
98	0.87335279
99	0.85971173
108	0.87065738
111	0.86218680
114	0.85106520
115	0.86472151
116	0.87062659
119	0.87339228
123	0.87295767
124	0.87328798
128	0.83462884
129	0.84143021
130	0.85340929
136	0.87065142
137	0.86369316
143	0.80249335
146	0.83480391
156	0.86884027
165	0.86586520
167	0.84271075
189	0.84441496
190	0.82088524
195	0.84397732
199	0.85141232
204	0.83553754
213	0.86809198
217	0.80341056
218	0.87036931
219	0.76866784
220	0.81457077
222	0.82522981
225	0.76812678
232	0.81651642
234	0.82293324
258	0.82843998
266	0.80912063
267	0.81671447
275	0.81807732
279	0.82579394
283	0.83709511
284	0.79663040
286	0.82160811
299	0.83228407
308	0.81708475
312	0.79973177
319	0.83587038
321	0.81836354
322	0.75189169
331	0.76617996
335	0.80985904
336	0.81410166
337	0.78946197
349	0.77348231
353	0.82703910
366	0.83518152
381	0.85184379
390	0.77603558
391	0.76219013
394	0.81315357
407	0.73820899
413	0.78486354
421	0.78306862
427	0.78789609
437	0.75596168
439	0.81571838
450	0.79028504
451	0.73651202
452	0.78779316
456	0.80528680
467	0.74628925
469	0.74946530
470	0.77174829
472	0.72534809
477	0.76492688
479	0.78472757
482	0.75860293
484	0.78520313
501	0.78088123
520	0.73501926
526	0.72755494
535	0.78126794
542	0.72485562
544	0.75443529
563	0.75087879
569	0.71370860
585	0.75995181
587	0.74015386
590	0.75749472
597	0.80264233
609	0.70874428
611	0.75507204
617	0.69470919
624	0.75150577
626	0.77356090
629	0.73381241
638	0.74723294
640	0.71943597
642	0.70944506
644	0.74885015
649	0.78279247
655	0.72384311
662	0.75196745
666	0.72285024
688	0.77165093
689	0.75637214
695	0.76447468
703	0.73342258
719	0.69058700
722	0.73858729
729	0.70876940
736	0.71263783
762	0.73112972
772	0.75876716
774	0.73067996
780	0.71440860
783	0.67540850
784	0.70921808
786	0.68807009
790	0.72051701
808	0.70279844
816	0.68076618
829	0.68391877
839	0.70785826
846	0.73007820
854	0.69945494
860	0.69350225
864	0.74686667
881	0.68725015
884	0.68738563
890	0.70016559
899	0.68746149
909	0.68240342
910	0.67860782
926	0.68495024
927	0.68316921
929	0.67138084
931	0.69094086
934	0.66791437
937	0.69443675
945	0.68980166
961	0.66349844
965	0.67869355
975	0.67696012
992	0.67865875
994	0.67330059
1017	0.68278035
1022	0.67508152
25	0.87597703
32	0.87571554
34	0.87594956
35	0.87621887
40	0.87564643
46	0.87593382
53	0.87584888
59	0.87457380
60	0.87580313
100	0.87004399
113	0.87405415
135	0.87084047
148	0.87178201
161	0.84771554
171	0.80992229
174	0.86947859
177	0.86750577
183	0.85388788
186	0.86404057
201	0.83877439
231	0.81872102
239	0.83392522
249	0.81726735
255	0.83102356
292	0.84548651
296	0.81985376
315	0.81948876
340	0.81419531
364	0.77860850
386	0.81983617
387	0.80601955
410	0.78522620
412	0.82749521
417	0.81918426
429	0.81376481
473	0.78820792
483	0.75372278
494	0.79041720
500	0.78731017
516	0.77212424
518	0.71043157
524	0.73410596
558	0.71627791
561	0.76682043
568	0.72687126
586	0.76916432
593	0.72684438
621	0.73686588
622	0.70987595
631	0.73837097
639	0.70851662
647	0.69924370
654	0.74090547
681	0.68510938
699	0.69681593
734	0.73277537
740	0.72871212
743	0.76402014
770	0.72414516
813	0.67919472
817	0.73170323
822	0.70086149
845	0.69422542
853	0.69289413
856	0.70627703
867	0.67441779
897	0.69247009
908	0.67743040
933	0.67381818
970	0.67962512
974	0.69151564
988	0.66912532
54	0.87286002
64	0.87005396
102	0.87291779
110	0.87167889
131	0.85751975
132	0.86969267
144	0.87289022
150	0.85210899
158	0.81139883
162	0.86274917
173	0.86171202
229	0.83876041
233	0.83761838
238	0.80352620
253	0.79785953
298	0.83506461
302	0.84153255
356	0.80602395
358	0.81461632
401	0.78246588
428	0.77310440
435	0.78513978
457	0.77306950
485	0.70595572
511	0.80699892
567	0.76005591
574	0.76204291
592	0.76005787
604	0.73426119
692	0.74876794
753	0.70754809
827	0.67377097
832	0.69004233
872	0.69216588
950	0.69060020
971	0.67805054
982	0.65252551
990	0.66661359
70	0.87413685
75	0.86577849
78	0.87547507
97	0.87009150
120	0.86014448
125	0.84163177
179	0.85906667
202	0.86767791
214	0.84932356
216	0.84161105
244	0.81738563
261	0.83743333
274	0.83702160
293	0.81167869
314	0.74058700
316	0.84134145
317	0.69760186
326	0.75594448
377	0.75678025
396	0.70809159
400	0.73385953
402	0.79980987
438	0.74027283
461	0.68219218
463	0.71989501
465	0.78567195
551	0.77648192
594	0.72508035
619	0.70209130
620	0.74525728
623	0.72394330
634	0.76557253
658	0.70575503
698	0.70815650
732	0.73148397
765	0.68823363
799	0.71861720
805	0.68092004
818	0.73184966
828	0.69925259
835	0.70294565
906	0.69325230
921	0.67839511
944	0.69307918
1009	0.68261662
43	0.87582923
48	0.87593216
84	0.87348680
86	0.87270567
93	0.86049355
103	0.87295836
109	0.87158710
139	0.85831603
164	0.87080283
175	0.78646950
176	0.83841232
196	0.85950479
206	0.83931681
236	0.81317752
259	0.83146637
265	0.83996344
295	0.82093275
300	0.82734438
309	0.80823578
334	0.82325464
345	0.79053196
347	0.80970557
362	0.77037126
371	0.79856559
376	0.78993988
399	0.79780723
405	0.80817478
426	0.79225161
436	0.77305572
444	0.74282248
474	0.75620762
488	0.74453138
504	0.74068397
519	0.73774770
531	0.74145347
536	0.76733998
578	0.75674868
614	0.74811720
628	0.72476002
633	0.70322952
637	0.79161525
685	0.72293001
686	0.70673773
716	0.69801124
733	0.71346813
782	0.73052747
797	0.70556168
862	0.69662747
888	0.67830254
905	0.67650479
939	0.68967781
959	0.68385660
972	0.68575415
977	0.67790733
987	0.66798592
991	0.66757722
993	0.67976432
999	0.66974809
1020	0.66823568
83	0.87062649
107	0.85301564
133	0.86517273
160	0.87187146
170	0.83816061
191	0.81067439
246	0.85710587
250	0.76923060
291	0.84053480
303	0.80579892
355	0.83266070
398	0.78075816
404	0.80685718
449	0.72895142
476	0.72466315
533	0.76879140
576	0.72774721
605	0.72972180
607	0.78011261
618	0.72729120
690	0.73040968
785	0.70494536
821	0.71041095
826	0.69395249
904	0.69005367
946	0.67217370
956	0.68520459
968	0.68077390
1000	0.67923842
1013	0.66990567
1021	0.68326960
50	0.87117840
122	0.86202336
140	0.84836657
149	0.85210831
159	0.86557781
163	0.86721202
215	0.82008671
248	0.79405572
271	0.80532239
290	0.81316256
333	0.84554692
344	0.81017761
346	0.81307312
367	0.84147732
374	0.77074291
409	0.75635269
419	0.77099296
462	0.75135934
506	0.73034555
523	0.68197370
566	0.76846510
579	0.75891114
632	0.74116852
641	0.75630518
660	0.71206940
676	0.74343196
678	0.71213069
683	0.69591935
684	0.76061144
757	0.68971378
766	0.68072659
779	0.76198133
858	0.69775337
882	0.69654936
915	0.68620684
978	0.67590147
983	0.65926178
1010	0.67384946
1019	0.67511075
69	0.87556882
79	0.87206158
141	0.86998436
166	0.86952512
169	0.86304467
178	0.85111769
230	0.83140958
281	0.85622620
306	0.83851007
323	0.81468495
328	0.80851955
343	0.80125112
365	0.79719765
373	0.81935611
416	0.80816100
453	0.76336540
489	0.76557019
495	0.75184340
497	0.78875894
507	0.78070616
575	0.72479120
600	0.79500577
627	0.74081926
664	0.70924477
691	0.71680684
705	0.72699110
709	0.70147937
718	0.74906354
720	0.71529892
750	0.71072688
778	0.74153470
796	0.75500254
798	0.75521760
825	0.70391652
873	0.72147449
877	0.70001848
901	0.65826862
1005	0.67740029
1016	0.67730850
85	0.87153851
95	0.87412502
101	0.86876764
106	0.87147625
117	0.84378592
134	0.87280303
145	0.84891593
151	0.86219980
155	0.85352815
168	0.86082708
187	0.84979277
203	0.84327361
260	0.84988133
285	0.78571339
307	0.84267058
332	0.78054809
359	0.77065562
372	0.75131124
423	0.73620479
432	0.78776315
440	0.76908905
468	0.78609795
475	0.73835934
487	0.72692610
491	0.74721339
508	0.72552170
527	0.70207214
532	0.78161760
548	0.76466598
589	0.76479912
599	0.71231329
653	0.70703891
674	0.73086168
679	0.71366706
682	0.67797761
727	0.71554585
728	0.68796207
745	0.71470420
755	0.75744888
756	0.70738905
767	0.74176129
800	0.70122708
841	0.66440733
878	0.68608162
938	0.66633861
967	0.65899365
81	0.86710547
90	0.87114135
112	0.85390479
154	0.86111818
180	0.85205894
197	0.81854242
211	0.80721144
247	0.83318319
262	0.85774301
273	0.82636178
287	0.84810283
313	0.79890459
338	0.84625503
348	0.79876569
350	0.81285865
392	0.78751388
397	0.77286432
415	0.74125210
425	0.80269081
471	0.79611720
562	0.73511926
610	0.71079883
648	0.73575621
672	0.69495376
701	0.76130352
711	0.75340723
714	0.72555943
721	0.72564174
737	0.70394604
759	0.72782962
768	0.73895943
793	0.72118065
795	0.69266579
812	0.75799482
836	0.68289238
847	0.68158407
870	0.69431251
923	0.69268231
951	0.67540596
980	0.69100186
207	0.85396129
289	0.81187390
357	0.77353822
442	0.81315259
466	0.77405953
481	0.73774145
553	0.78061114
596	0.73025367
693	0.69293930
744	0.70295611
843	0.69196364
979	0.70169746
1003	0.68265992
118	0.86975758
126	0.83802776
147	0.86971339
182	0.85172981
240	0.86484878
252	0.84249980
277	0.83166588
384	0.79663529
522	0.76187028
547	0.71065455
697	0.71144545
742	0.73429208
809	0.71829462
815	0.70798710
824	0.72236197
837	0.69357400
924	0.67171036
947	0.66744663
964	0.67678886
1008	0.66464936
65	0.86856090
127	0.86972854
142	0.86927947
223	0.84580978
227	0.82308006
241	0.84993724
243	0.84904154
256	0.82422962
280	0.79121046
282	0.77351427
310	0.82328905
424	0.81531065
431	0.78100733
502	0.72615963
602	0.71397253
667	0.73219159
814	0.72460811
948	0.68101632
105	0.86848583
184	0.86414604
194	0.81906745
221	0.77909521
237	0.82315191
245	0.82835914
268	0.84079756
272	0.83867009
278	0.86253353
318	0.84973040
324	0.80370587
363	0.77321114
403	0.78951808
406	0.77118504
434	0.72390098
447	0.79905259
496	0.79078886
554	0.71582972
557	0.78191105
603	0.78106246
677	0.71190303
680	0.70570841
710	0.70244663
717	0.75943988
738	0.71991388
739	0.68044673
769	0.76340479
811	0.69203685
850	0.69004741
907	0.66761574
928	0.70414008
930	0.68034673
940	0.70110587
976	0.69425376
153	0.86526432
192	0.84198407
200	0.84392571
208	0.83349062
351	0.78975200
454	0.74764370
498	0.73880176
538	0.76033206
550	0.78160254
773	0.73126315
957	0.66971388
104	0.87363363
152	0.83517752
385	0.81779404
393	0.73051163
652	0.68655435
157	0.86323363
172	0.87191007
188	0.82640049
304	0.84912151
329	0.77470547
339	0.75816422
342	0.79910039
378	0.74466344
408	0.82688231
411	0.79548768
499	0.76005103
530	0.76518573
546	0.77308133
549	0.70087283
556	0.70218905
560	0.70227302
570	0.71526168
573	0.73683705
577	0.74045455
582	0.78092111
595	0.75599892
635	0.74172454
665	0.74514125
700	0.72374008
731	0.70777654
735	0.71276012
746	0.73889677
748	0.72275054
771	0.69474868
791	0.69400401
794	0.69492268
807	0.67149267
885	0.67427028
914	0.69714008
916	0.67758847
942	0.67711535
949	0.69429599
958	0.67157615
960	0.66216325
969	0.66680968
1002	0.67370020
1014	0.66501388
212	0.86330645
254	0.83219853
263	0.82138895
297	0.77684497
325	0.81758006
379	0.78936413
388	0.79261388
441	0.82760909
460	0.72892649
464	0.74864633
515	0.76104379
534	0.75945543
552	0.77408172
588	0.75827507
606	0.73385943
659	0.76450371
670	0.75000587
687	0.73817224
694	0.71342326
696	0.69112639
712	0.68839570
724	0.72272805
725	0.71862825
741	0.72905552
788	0.68415367
943	0.67179326
953	0.69770596
1018	0.66060596
193	0.85290821
210	0.82483871
294	0.83693470
369	0.79493509
459	0.80273109
514	0.75215806
517	0.79764487
571	0.72422981
706	0.71833695
708	0.73762356
713	0.69196129
726	0.72540762
749	0.71095748
751	0.73542502
775	0.73299873
776	0.70622053
781	0.68619501
801	0.67824565
803	0.69793099
868	0.69809413
891	0.69607087
892	0.69684057
900	0.67385992
963	0.70496061
984	0.66520254
1011	0.66738055
181	0.79240997
198	0.86401075
205	0.83630000
235	0.83288172
251	0.80391095
264	0.80146862
288	0.81394976
305	0.79065015
311	0.85429629
320	0.79830323
354	0.84209062
375	0.75596755
382	0.76196109
414	0.75501329
446	0.79379453
510	0.77208485
539	0.73714946
572	0.76576520
581	0.75690205
598	0.73391388
630	0.75465347
643	0.77683069
702	0.72007458
723	0.72411251
758	0.67527165
792	0.67066901
820	0.70568915
830	0.70328006
831	0.69538641
851	0.71072610
865	0.72694956
883	0.72023382
895	0.66846237
912	0.68147742
925	0.66791691
955	0.69129247
1001	0.69985425
1004	0.68234242
1012	0.66846911
209	0.84748133
224	0.82114800
228	0.79629541
269	0.82164712
301	0.81932561
368	0.80943851
528	0.78068993
537	0.72496940
541	0.71918935
601	0.77513597
704	0.74896432
764	0.69744995
789	0.67613988
819	0.74717165
874	0.67684761
894	0.68462092
138	0.84036764
226	0.77614731
341	0.77142493
418	0.82567410
492	0.76686784
513	0.77184526
661	0.75304252
663	0.69869619
668	0.71551955
730	0.70878133
787	0.68698807
838	0.72042678
935	0.66832405
936	0.69340606
185	0.83361691
443	0.77243832
458	0.73889521
651	0.73526344
675	0.71383421
715	0.72008387
804	0.70175748
866	0.67266158
917	0.69126755
996	0.68812258
998	0.67581046
383	0.77789707
503	0.75731144
613	0.75331261
616	0.71144946
673	0.73469189
849	0.70324125
242	0.81648035
270	0.83905005
490	0.75470626
509	0.75851300
615	0.72590430
650	0.74022043
707	0.75706901
852	0.72537302
857	0.70864076
871	0.72639648
898	0.67983666
952	0.69830645
121	0.86999238
395	0.74644721
448	0.78810391
525	0.76810381
559	0.78661163
669	0.72982639
911	0.69795152
986	0.68910948
330	0.76918084
352	0.83890538
380	0.78950723
389	0.83917439
486	0.79825367
512	0.75793842
545	0.77440616
608	0.70659218
876	0.69421574
327	0.82118192
361	0.73565885
543	0.70658133
777	0.72580254
855	0.68977214
875	0.73163441
889	0.66756256
893	0.67163294
989	0.67137537
555	0.74327546
564	0.76168192
848	0.69109150
962	0.68538133
966	0.68817498
1006	0.68902854
257	0.81683685
455	0.75189853
478	0.81674956
540	0.78739413
612	0.70559795
869	0.65890020
370	0.75434086
445	0.75216579
583	0.76333460
834	0.68927771
880	0.68760606
565	0.81785543
636	0.74282688
747	0.70676041
752	0.70318358
761	0.71409687
985	0.69104741
995	0.66756510
422	0.78458915
480	0.76555904
656	0.72923402
806	0.67770733
842	0.70378504
863	0.70373803
886	0.68768436
903	0.69354330
922	0.67541838
671	0.72504418
754	0.69707556
844	0.70253118
896	0.69401691
902	0.70134027
420	0.78551408
591	0.75439892
918	0.68239834
973	0.67873842
645	0.72786931
646	0.73629863
823	0.71861290
360	0.82345239
932	0.70213079
580	0.71846989
584	0.73633343
859	0.70065992
493	0.77341466
861	0.67651046
941	0.68551848
433	0.79947410
760	0.70876022
810	0.72831134
1015	0.66993773
276	0.79403118
1007	0.67088915
887	0.71125220
954	0.67063372
625	0.74889844
802	0.66896676
430	0.81316158
505	0.73247019
529	0.71464858
763	0.70792131
920	0.67397713
833	0.71023851
913	0.66595709
879	0.71044839
521	0.73254194
657	0.68718094
840	0.66694878
997	0.67425425
981	0.66278573
919	0.67793451
