0	0.87606424
1	0.87565686
2	0.87600019
3	0.87243169
4	0.87606859
5	0.87612848
6	0.86757739
7	0.87347635
8	0.87594399
9	0.87620501
10	0.87632706
11	0.87283236
12	0.87601769
13	0.79189981
14	0.87596821
15	0.87434853
16	0.87643368
17	0.87611656
18	0.87629101
19	0.87625828
20	0.87622876
21	0.87615979
22	0.87613898
23	0.87614456
24	0.87611618
25	0.87624238
26	0.87608742
27	0.87587871
28	0.87633292
30	0.87616802
31	0.87621731
33	0.87632829
35	0.87579224
36	0.87595837
37	0.87617342
38	0.87602725
39	0.87621911
40	0.87656140
41	0.87619726
42	0.87632857
43	0.87613368
45	0.87509735
46	0.87586689
52	0.87602375
54	0.87618581
55	0.87530170
56	0.87425251
58	0.87070558
61	0.87403955
62	0.87503917
63	0.87528079
67	0.87579092
68	0.86206045
69	0.87579167
71	0.87551599
72	0.87121599
73	0.87585156
75	0.87506916
76	0.86619659
80	0.87356008
84	0.87446566
86	0.87193472
87	0.87587805
91	0.86786471
92	0.87489376
93	0.87327815
94	0.87306367
96	0.87427729
97	0.86103065
98	0.87493623
99	0.85358420
100	0.87230719
101	0.87257294
102	0.87074787
103	0.86807588
108	0.87186017
109	0.86991712
110	0.87234314
114	0.87013661
115	0.87050066
116	0.84918969
124	0.85793150
127	0.86066604
128	0.87005998
129	0.86068742
132	0.87019073
134	0.87191514
136	0.84508278
141	0.79006991
143	0.83852914
145	0.84892781
149	0.85658231
158	0.87452394
159	0.85711287
167	0.82320624
172	0.86491693
174	0.85837029
175	0.83974257
180	0.86426604
182	0.85556367
183	0.83549044
199	0.86424399
201	0.86378770
202	0.84407133
205	0.79260265
219	0.85919149
229	0.81202394
237	0.81120199
244	0.84773207
251	0.82958761
259	0.81513311
267	0.84268079
276	0.79190738
285	0.83648732
296	0.75217294
311	0.75200322
324	0.83852110
348	0.74658515
354	0.80733642
360	0.81025828
364	0.80859839
365	0.82450341
366	0.79853926
367	0.78510284
370	0.79103217
376	0.83750615
380	0.76079281
385	0.77471116
388	0.80899659
409	0.80871646
435	0.79224816
443	0.74289716
447	0.74843794
454	0.76128042
462	0.78162176
468	0.79600700
470	0.78826566
481	0.76315478
482	0.78998912
493	0.78777436
515	0.77076727
521	0.73979669
522	0.77480823
529	0.73990350
534	0.76344002
536	0.78212507
539	0.75342403
553	0.71647919
562	0.72595525
565	0.74511126
568	0.77702176
570	0.80213226
576	0.72900142
585	0.73549593
587	0.77930634
596	0.73163254
606	0.72553434
609	0.73317105
612	0.79450785
622	0.71728827
630	0.73016547
640	0.80317360
643	0.75937871
647	0.73152952
656	0.72443027
660	0.71137427
666	0.74781107
676	0.72713974
687	0.70699640
690	0.74919745
699	0.67661031
700	0.74152308
710	0.74516320
713	0.72523680
723	0.70804522
727	0.72644390
737	0.73624664
743	0.72751731
747	0.72133860
767	0.68979849
769	0.74760445
770	0.68665667
789	0.71350700
793	0.70332081
802	0.74752933
836	0.70178448
846	0.70626651
852	0.69477323
857	0.72595866
862	0.67377190
881	0.69447039
898	0.70175885
919	0.67963368
922	0.69750558
928	0.67473756
937	0.70508467
939	0.69386906
950	0.67236831
952	0.68594219
965	0.67617512
966	0.70084437
979	0.67211561
981	0.68068884
997	0.68591031
999	0.68091570
1010	0.68501126
1029	0.68344957
1056	0.67640284
29	0.87613586
51	0.87505033
59	0.87552006
78	0.87317786
82	0.86951712
112	0.86521892
138	0.86554948
146	0.87053595
161	0.81242535
164	0.83848382
197	0.86829480
211	0.84374626
220	0.85316585
232	0.84882289
263	0.83289707
270	0.81449357
271	0.84919101
273	0.76250851
284	0.84066490
291	0.84331334
297	0.80910000
315	0.80942053
326	0.82695989
334	0.83581391
352	0.82523377
386	0.75569622
396	0.80527455
431	0.73419158
520	0.75113841
531	0.75114636
532	0.79734191
543	0.82934513
556	0.77024087
559	0.73156518
571	0.74683803
592	0.78540104
597	0.74981608
642	0.77937275
722	0.73888600
760	0.72379366
785	0.71810993
797	0.75431268
799	0.74134910
822	0.70583434
843	0.66950378
847	0.69093141
850	0.72367029
958	0.67600643
982	0.67828363
985	0.67263898
990	0.68218307
32	0.87602914
34	0.87607938
48	0.87562838
53	0.86064541
79	0.86686254
90	0.87618742
95	0.87095478
118	0.87059631
147	0.85568448
171	0.84953879
189	0.83463737
192	0.86644882
196	0.85244484
214	0.84002185
215	0.86630596
222	0.82576471
224	0.83611041
261	0.82714106
265	0.79069395
281	0.78389536
292	0.83989820
293	0.77470019
295	0.73628250
312	0.83512479
322	0.81167048
344	0.84536547
355	0.79444267
358	0.81352952
368	0.78692062
393	0.78006746
410	0.81824730
411	0.80956982
422	0.79141362
430	0.79780000
433	0.74609139
437	0.82004598
458	0.80942280
472	0.77039205
484	0.78734087
505	0.78556935
511	0.73840984
540	0.76470662
550	0.72056197
552	0.73814409
554	0.80324986
573	0.72553756
586	0.75383377
589	0.75222895
607	0.75063557
619	0.69137370
628	0.75426235
654	0.70866500
658	0.77206774
673	0.69670464
717	0.71764030
764	0.74508013
773	0.67655733
790	0.70287786
792	0.72640596
798	0.70689357
806	0.68128250
833	0.68607919
894	0.69561097
972	0.67913160
976	0.68029830
977	0.67414352
978	0.67361447
991	0.68744361
1009	0.67698609
1016	0.69080539
66	0.87542573
106	0.87477852
113	0.86196585
125	0.86207635
160	0.83235109
179	0.84154816
207	0.84960539
217	0.84128486
246	0.83912933
249	0.81392015
274	0.83745345
275	0.81763094
306	0.81780653
314	0.79559981
329	0.83608505
357	0.81086254
439	0.76216149
473	0.75523065
486	0.80743264
541	0.73290946
566	0.79233406
621	0.72608969
698	0.73781249
721	0.71013699
733	0.70601760
809	0.70852602
828	0.71529432
864	0.66990880
949	0.66553898
1032	0.67058742
47	0.87510369
65	0.86563377
70	0.87391542
85	0.87101845
122	0.86948808
123	0.87169622
151	0.86795374
162	0.86399603
165	0.86048723
166	0.87134768
170	0.83978212
187	0.86029508
218	0.83187833
223	0.84378553
228	0.86463992
245	0.85967493
247	0.84570501
252	0.77395620
255	0.82590530
260	0.82134068
283	0.81639177
308	0.81348354
318	0.80523822
331	0.78853746
337	0.81516263
392	0.76596859
404	0.81229640
406	0.77682886
413	0.73728420
440	0.77391902
441	0.79131438
442	0.74426623
448	0.75984853
546	0.78318836
548	0.74996651
572	0.83004465
594	0.74394872
608	0.78626187
626	0.77241003
627	0.73203340
644	0.75694551
664	0.73344238
675	0.71061410
682	0.74469953
695	0.76593888
704	0.72379451
714	0.74366254
715	0.69883103
726	0.69400151
745	0.74015402
753	0.69941239
756	0.70878061
781	0.71771939
783	0.68141798
796	0.71394920
808	0.73840019
813	0.70390672
839	0.67179527
865	0.69936424
884	0.68010662
885	0.68644390
908	0.72750199
924	0.70546064
929	0.69302507
936	0.67121807
940	0.69401731
951	0.66198174
953	0.69709470
961	0.68250151
986	0.67238467
1021	0.66784219
1052	0.67436168
81	0.87538155
126	0.85933491
163	0.85765109
169	0.80939924
176	0.86117985
178	0.85629565
193	0.86243907
225	0.83957351
234	0.83877105
235	0.84570899
243	0.85372961
264	0.85051646
303	0.84669726
319	0.81183009
327	0.81941570
333	0.80954655
336	0.83561183
363	0.81586017
373	0.81578950
381	0.78454844
382	0.78011968
399	0.82803075
412	0.79094418
445	0.76459101
456	0.78685951
463	0.77632431
471	0.72829839
509	0.75438751
549	0.73568742
578	0.72776254
661	0.75894276
728	0.74698534
748	0.70741277
913	0.68154683
943	0.68959678
947	0.68251873
968	0.68895799
983	0.66814976
1003	0.68544816
1024	0.67778004
1036	0.66725686
1042	0.66109877
1045	0.67574532
1046	0.67593113
50	0.87486727
107	0.86151589
181	0.84896462
194	0.79880341
209	0.79194210
210	0.84400549
277	0.84705005
320	0.80749026
418	0.79886613
533	0.71859432
544	0.76695402
670	0.70478467
731	0.69690501
746	0.71859877
810	0.74235553
832	0.68767758
834	0.68386291
866	0.70700918
874	0.67117871
970	0.67715743
44	0.87578146
64	0.87303311
83	0.87310596
152	0.85812848
186	0.84394030
191	0.85960246
241	0.84443292
298	0.79614778
317	0.81195913
490	0.75860331
538	0.76516310
558	0.74210776
581	0.78614901
632	0.74113576
663	0.72603784
697	0.75299224
720	0.69371665
774	0.72023860
817	0.68715781
831	0.72352630
927	0.70918297
960	0.66688884
1019	0.68080426
49	0.87609366
57	0.87592933
60	0.87581429
89	0.86215043
153	0.86912100
200	0.85794371
213	0.86262904
231	0.82223917
294	0.78115156
309	0.83545941
341	0.77545629
347	0.79031902
377	0.77331277
391	0.79466594
455	0.81140700
464	0.75302441
501	0.80974816
502	0.77725658
560	0.75063983
569	0.76605430
617	0.73077588
623	0.77224380
657	0.69422148
719	0.72950965
755	0.71877597
804	0.69246632
844	0.71845014
856	0.68183122
861	0.70813623
868	0.72256973
886	0.69233548
899	0.73264749
901	0.72136490
963	0.69422867
1015	0.71077086
88	0.87493680
105	0.86520142
156	0.85160028
184	0.84110199
190	0.83724314
221	0.85684844
299	0.83444863
345	0.82114153
405	0.81231003
424	0.81044314
487	0.75180312
496	0.76008089
499	0.73420842
574	0.74942289
603	0.75517843
604	0.76164920
611	0.72813538
620	0.78134948
651	0.74801079
689	0.71149158
706	0.71757465
716	0.76967502
807	0.71360397
811	0.70012715
863	0.70287465
882	0.67780237
893	0.68972507
926	0.67497616
934	0.66733709
993	0.66849432
1013	0.69670710
1035	0.67559253
1047	0.67128240
104	0.86025998
117	0.84570615
119	0.87181041
120	0.85619063
121	0.87192611
130	0.86430482
133	0.82326613
177	0.86620851
203	0.82942640
254	0.80393576
257	0.81204693
262	0.81272781
269	0.83559801
278	0.79850672
310	0.81334494
323	0.74056235
342	0.80988070
361	0.74236358
395	0.81320360
397	0.79797606
453	0.78989508
469	0.73727228
524	0.70462167
563	0.77386859
601	0.73326973
629	0.71766793
646	0.69012469
683	0.73428297
707	0.74269347
708	0.69872356
712	0.71254834
740	0.72620009
824	0.69685686
840	0.73896679
860	0.70390833
869	0.69065648
875	0.69991410
903	0.67627578
909	0.66997493
917	0.68000738
1017	0.67904910
77	0.87590482
139	0.81750842
140	0.86569640
338	0.79537323
349	0.79169688
476	0.80853434
480	0.77922062
498	0.76991419
512	0.75424522
635	0.72845979
638	0.73835061
691	0.71205695
709	0.74181684
837	0.70780965
883	0.69487852
911	0.69199659
975	0.66045818
1031	0.67289376
131	0.87197190
137	0.85445970
150	0.86116168
206	0.85743623
236	0.80097692
256	0.81127739
282	0.80500549
289	0.78818089
290	0.76311495
335	0.80956235
379	0.79894901
415	0.80394749
438	0.78491296
506	0.78719423
516	0.72969622
535	0.80674844
567	0.74228524
667	0.75901570
686	0.72942006
702	0.71870511
750	0.74592857
761	0.71662602
815	0.69427720
819	0.69658846
835	0.70714314
932	0.69520170
938	0.70426187
74	0.87090605
204	0.85053794
272	0.84221164
378	0.77581277
641	0.74291599
749	0.72602507
111	0.85754484
168	0.86306348
266	0.81003803
302	0.84024172
307	0.82838458
325	0.78745535
371	0.80854305
398	0.80528259
403	0.80343699
446	0.77209044
461	0.74615799
478	0.81510501
488	0.75113605
494	0.73691050
514	0.78446291
527	0.74418202
605	0.68256377
692	0.73908307
766	0.70793964
805	0.71981410
848	0.69714409
871	0.70762545
889	0.72322744
914	0.68444040
921	0.68793472
925	0.68536518
974	0.67404901
1012	0.67833671
253	0.84646168
286	0.84177313
332	0.81783623
353	0.81161731
636	0.71827048
655	0.73531798
826	0.66868685
877	0.70557020
905	0.68473198
954	0.68864447
955	0.69024409
1034	0.65705620
155	0.86283103
173	0.85165828
185	0.85240520
195	0.85577994
208	0.84501637
212	0.81141022
230	0.80300388
233	0.83597323
280	0.84146509
287	0.73290946
288	0.81681580
305	0.81118307
359	0.82764588
374	0.80296755
375	0.79062167
401	0.78258240
421	0.80463349
425	0.80484721
429	0.79409697
452	0.74217938
459	0.78453595
465	0.77886727
466	0.78121088
474	0.78561258
508	0.76938647
542	0.68370028
545	0.70918278
555	0.75342715
614	0.77982980
615	0.70920369
631	0.73043254
650	0.73089073
668	0.72216727
701	0.76146547
705	0.69624645
729	0.70072488
736	0.70176764
765	0.70056386
814	0.72281060
818	0.69595109
876	0.70825610
912	0.67995317
930	0.68915090
931	0.68979073
948	0.70720558
1049	0.66972062
135	0.87516414
240	0.80043728
248	0.84254267
268	0.80902015
316	0.81069120
351	0.76336055
389	0.84116906
390	0.83079328
428	0.80300407
450	0.77398704
460	0.80212015
500	0.75953813
551	0.76009678
590	0.72429385
598	0.72030369
624	0.74933926
648	0.75543141
659	0.74800615
678	0.70165118
696	0.73999101
725	0.77981050
735	0.70490293
771	0.73456897
776	0.72040842
791	0.75693869
816	0.67023605
841	0.72819120
851	0.67681258
853	0.73044513
854	0.68577342
859	0.72604324
897	0.70249196
946	0.69051523
1006	0.67834995
1018	0.67635648
1023	0.66843273
1041	0.67542867
188	0.84810341
198	0.85993463
239	0.81482450
258	0.79018931
300	0.80011826
369	0.77081514
387	0.82523236
420	0.84071949
449	0.80356812
467	0.76130605
475	0.79713113
483	0.73347465
495	0.76908685
517	0.75750501
537	0.75170303
561	0.73952441
588	0.70760728
595	0.71721495
652	0.70659063
653	0.71671466
671	0.75717086
693	0.74556991
741	0.69209773
762	0.67242640
778	0.67254721
800	0.79272233
823	0.73326679
980	0.67894295
1002	0.67759432
1005	0.68037966
1007	0.66465686
1051	0.67936235
144	0.86373330
148	0.84034532
227	0.84873680
238	0.85876954
328	0.74648486
339	0.84842658
350	0.77724437
372	0.81518571
407	0.77396878
417	0.71440643
426	0.76895582
444	0.83551277
479	0.78665544
489	0.73336575
491	0.75578959
503	0.77610568
510	0.76652763
528	0.77428221
557	0.80020662
580	0.75955506
613	0.77813917
634	0.74616348
665	0.73562763
679	0.70912744
680	0.77606556
724	0.74401864
754	0.73510151
768	0.75310095
772	0.69135232
782	0.68551164
795	0.73446604
825	0.68875620
867	0.72066187
900	0.67721268
910	0.67637909
920	0.70263898
964	0.68146149
987	0.68534853
1028	0.67527616
1038	0.65203595
507	0.71513538
518	0.73873510
526	0.76815847
547	0.74415241
584	0.74921003
739	0.71129820
742	0.69517796
784	0.67668732
803	0.69272867
906	0.71062990
973	0.71828259
988	0.68032677
1000	0.66671372
1014	0.67904096
436	0.76454834
451	0.79528638
477	0.75664324
525	0.73239470
530	0.73446187
579	0.74264711
582	0.74760445
591	0.72778155
681	0.78736868
718	0.74227171
758	0.74562441
763	0.75032195
830	0.69771116
838	0.73639035
872	0.65946906
878	0.69640473
879	0.68466651
890	0.70072923
996	0.68680899
1026	0.68599555
1039	0.67998079
216	0.82009773
414	0.78516026
497	0.71004759
599	0.73255440
600	0.74226197
780	0.71399158
794	0.69289820
820	0.71360577
892	0.70653415
918	0.69735317
923	0.69204891
956	0.68373491
142	0.85085487
242	0.82161646
321	0.80040681
346	0.82445440
362	0.79640189
384	0.84356386
394	0.78713084
419	0.81585298
674	0.72004503
677	0.74158723
751	0.69588221
827	0.69975553
891	0.68164475
1027	0.66243642
1040	0.68218609
157	0.85126613
226	0.85718117
408	0.81451306
513	0.77498761
519	0.75461079
610	0.77283482
616	0.71163245
633	0.69021003
637	0.74283094
639	0.79079811
738	0.70308221
752	0.69728959
757	0.70430038
788	0.74441949
801	0.69329527
829	0.70573009
855	0.71800549
945	0.67342621
957	0.68416462
969	0.67730851
989	0.67327881
1043	0.66402185
154	0.82915430
304	0.83321447
330	0.80867512
457	0.78083737
485	0.80344210
602	0.78961003
645	0.73457843
812	0.72901381
873	0.67476301
887	0.68898344
1025	0.67280360
1048	0.67741154
313	0.81596641
416	0.74549215
427	0.76249962
492	0.76382431
564	0.72676367
625	0.71976149
685	0.71953557
775	0.69667455
888	0.68704380
944	0.71109584
959	0.71834645
1020	0.67709224
1022	0.67007427
1050	0.67063254
343	0.81765468
356	0.82875970
400	0.81215601
423	0.79135743
649	0.72792252
694	0.76504787
1004	0.67304976
1011	0.66193888
279	0.72654295
711	0.73113065
732	0.74223756
907	0.66157360
992	0.67238467
250	0.86690738
523	0.75694816
575	0.76314986
593	0.73671315
777	0.71534607
842	0.67879215
845	0.70527881
935	0.69144447
967	0.70684333
669	0.72915601
779	0.74832498
870	0.70776244
995	0.69498770
434	0.76331637
577	0.77408685
734	0.72545601
915	0.68484674
340	0.80782327
933	0.70821400
703	0.68547058
849	0.68516991
916	0.68629801
759	0.67787540
1044	0.67548202
984	0.67668874
821	0.70216821
1001	0.69248458
902	0.67499640
1030	0.67085629
1055	0.67414986
662	0.67264957
962	0.70900047
618	0.75124522
672	0.70018865
432	0.76948221
880	0.71367673
998	0.66635393
787	0.69356632
744	0.70702545
786	0.70439082
1008	0.66697048
896	0.68103529
904	0.67988562
1053	0.66470464
688	0.70567039
504	0.76146982
1054	0.67355071
971	0.66581788
583	0.75659395
1033	0.67538477
301	0.84574030
730	0.73632961
895	0.70927001
402	0.79130577
941	0.67738742
383	0.76056395
858	0.69220057
684	0.70063103
942	0.68823813
994	0.70669905
1037	0.66831069
