0	0.87676932
1	0.87646103
2	0.87655721
3	0.87635775
4	0.87661594
5	0.87652424
6	0.85516507
7	0.87626747
8	0.83736856
9	0.87635961
10	0.87612828
11	0.87361889
12	0.87627675
13	0.87286386
14	0.87477620
15	0.87088985
16	0.87652413
17	0.87652434
18	0.87660677
19	0.87658886
20	0.87655557
22	0.87660382
23	0.87687566
24	0.87664170
25	0.87651408
27	0.87631386
28	0.87661703
29	0.87655622
30	0.87651889
32	0.87649083
34	0.87674672
35	0.87686725
36	0.87663286
38	0.87638712
40	0.87657860
41	0.87581758
42	0.87618264
45	0.87652642
46	0.87630557
49	0.87503395
51	0.87573963
53	0.87672707
56	0.87559356
57	0.87662107
58	0.87667697
60	0.87308046
61	0.87612380
64	0.87343614
68	0.87201474
70	0.86234607
71	0.87177751
72	0.87669290
75	0.86287052
77	0.87238996
79	0.87462948
80	0.87657424
82	0.87488177
83	0.87516692
85	0.86657838
86	0.87182369
87	0.86735611
89	0.86573908
91	0.86159749
94	0.82696507
100	0.86895862
101	0.86767314
102	0.87294967
105	0.86048341
111	0.85141343
114	0.87201736
116	0.84928417
119	0.85858199
121	0.86296408
124	0.86442358
125	0.81682751
129	0.84022413
135	0.83611976
139	0.85992533
145	0.85928406
164	0.85462762
168	0.85355087
171	0.85689312
174	0.84484934
187	0.80773581
189	0.86092391
192	0.84914793
194	0.81940382
200	0.85561987
206	0.83605186
208	0.85481758
210	0.85696321
211	0.85625306
219	0.83272140
222	0.84000480
226	0.86114017
229	0.83987784
230	0.83571790
231	0.79150066
243	0.86297555
245	0.84797948
247	0.82132445
250	0.78350852
251	0.81366954
254	0.79922642
256	0.77478668
257	0.81622445
263	0.78260142
266	0.82573133
280	0.78282893
281	0.78537445
283	0.83371092
287	0.79750033
302	0.73996059
304	0.82934902
314	0.82782183
316	0.83328832
319	0.80171004
333	0.81235142
336	0.79705229
361	0.78737707
366	0.82556026
376	0.74741365
382	0.79513821
388	0.79600557
408	0.78659116
413	0.77502576
414	0.77592948
415	0.79683384
450	0.74076266
451	0.74516539
453	0.77907937
457	0.72791430
458	0.76653679
469	0.75887205
471	0.68943799
475	0.73704836
478	0.69822500
482	0.76313952
493	0.73302871
498	0.76017063
500	0.77440873
503	0.79241070
505	0.75434662
508	0.70462347
526	0.69464563
527	0.70996015
531	0.71674476
535	0.73190764
548	0.70722009
550	0.80415939
554	0.69186397
557	0.73436103
564	0.74846081
570	0.76869432
605	0.68693308
611	0.73198886
616	0.70713461
623	0.77002358
632	0.72353614
641	0.71206004
651	0.71237718
653	0.70359061
658	0.71242587
659	0.70611419
664	0.74750502
681	0.69490229
682	0.71926703
713	0.68055502
720	0.70669116
733	0.68692773
736	0.69147063
743	0.69666856
745	0.67435000
750	0.69728384
751	0.73474531
786	0.68414891
796	0.68927740
798	0.68554978
802	0.69360524
823	0.66190459
826	0.70946900
832	0.70170557
839	0.66874487
846	0.69346801
850	0.66812566
854	0.67730993
867	0.68080666
876	0.66738242
884	0.67910480
890	0.68416703
891	0.67719061
903	0.66771332
904	0.67647784
912	0.68238537
21	0.87671015
26	0.87663177
39	0.87615917
43	0.87665022
44	0.87514247
52	0.87657336
59	0.87635513
65	0.87619203
69	0.87435240
78	0.85261747
88	0.85450480
95	0.86257653
96	0.87168013
104	0.85790928
107	0.86472445
122	0.87070448
126	0.85521092
130	0.84039465
142	0.84510611
148	0.83583406
156	0.85233985
173	0.84473352
182	0.87129138
202	0.85704236
204	0.84509116
207	0.85554498
223	0.85709520
255	0.83495262
260	0.84309105
261	0.78450862
267	0.83239814
291	0.80328614
305	0.79218439
306	0.79194989
313	0.83573428
315	0.77967434
327	0.83022020
335	0.83908996
341	0.73695731
368	0.73725906
389	0.78585535
390	0.77920524
394	0.78327828
409	0.75403985
422	0.78671801
434	0.79189400
437	0.78837424
517	0.75230906
528	0.77044487
536	0.71073330
567	0.68825066
578	0.72005524
596	0.72502511
598	0.75699672
618	0.74791430
645	0.68146714
646	0.72021168
674	0.72881354
675	0.70519465
691	0.70514389
717	0.75043854
721	0.71734258
724	0.70173996
758	0.71073755
763	0.68071845
770	0.68281801
820	0.66117140
824	0.71289269
840	0.69438723
859	0.66975087
865	0.67826037
878	0.67991048
31	0.87669476
37	0.87635480
48	0.87602358
66	0.87667052
67	0.86672675
92	0.84384258
93	0.87363079
99	0.87474716
109	0.87123996
110	0.86410535
133	0.84844148
137	0.84796692
150	0.86022096
151	0.85178046
158	0.85026507
159	0.86214596
163	0.85792205
183	0.84548996
193	0.83699902
197	0.82779956
213	0.83510240
214	0.82927347
217	0.87004509
235	0.80845666
242	0.81307959
269	0.79727140
292	0.78601245
299	0.75133319
300	0.73482500
307	0.77661932
308	0.82197391
329	0.79619793
347	0.76591714
359	0.77914683
363	0.79230775
392	0.79958079
398	0.80864367
399	0.78950087
412	0.80252413
416	0.76535480
418	0.73941081
425	0.76806812
431	0.78248559
432	0.72470884
440	0.76920197
442	0.78636998
460	0.77083832
479	0.77681507
506	0.77041605
518	0.80514323
533	0.72742293
572	0.73655437
601	0.74695895
604	0.77629236
612	0.72054050
621	0.69251343
626	0.71582631
640	0.71437336
654	0.67035218
668	0.73792391
672	0.73747314
693	0.71219269
723	0.71088854
752	0.69605852
754	0.73114083
774	0.69545611
787	0.69957609
791	0.68537642
797	0.67818635
812	0.70250066
817	0.71277871
848	0.73877664
887	0.68220317
911	0.67016124
913	0.67535360
47	0.87667424
55	0.87634651
62	0.87476266
84	0.87630950
118	0.86627194
132	0.87040338
136	0.87306354
149	0.84962009
153	0.86503919
157	0.86246092
165	0.84833504
179	0.85175175
180	0.85747969
201	0.84167031
240	0.85335524
241	0.83592489
253	0.78462653
258	0.84804869
262	0.81979498
289	0.82618188
296	0.79952849
322	0.75322860
342	0.76927686
352	0.81220437
365	0.75407096
372	0.79935862
378	0.82246277
424	0.80892194
443	0.77197031
455	0.80369640
456	0.71681496
494	0.75115273
501	0.72886714
513	0.80720961
524	0.71575786
559	0.78754487
565	0.74871627
573	0.74837795
585	0.69826561
634	0.77435349
671	0.72324192
678	0.73305055
708	0.71988788
714	0.74962271
718	0.72500961
727	0.72472806
747	0.67629367
781	0.67232151
837	0.65988810
861	0.67396114
905	0.66409410
909	0.66284258
33	0.87635666
103	0.86287566
144	0.86314585
147	0.85639541
155	0.82586059
172	0.80246638
190	0.85098832
203	0.83582566
218	0.82817686
224	0.76011059
232	0.80517751
249	0.80464279
259	0.83453483
270	0.81970218
272	0.84256605
309	0.78521900
310	0.81636867
328	0.78414312
339	0.74297205
355	0.75252729
461	0.73544847
507	0.72974749
515	0.72507380
541	0.75322544
553	0.72570950
574	0.72869290
629	0.73534050
630	0.75051758
666	0.73079902
667	0.75632784
690	0.74472544
697	0.71548057
772	0.70318668
773	0.69765262
825	0.70087216
849	0.69437849
54	0.87534367
63	0.87452041
73	0.86926277
74	0.87415895
128	0.87284127
134	0.85990699
138	0.86274574
141	0.86034159
160	0.86910491
166	0.85675513
176	0.83603035
177	0.85272063
186	0.84416594
198	0.83827118
233	0.82196397
236	0.81341987
271	0.77814083
277	0.83318373
278	0.81860153
293	0.84979269
294	0.85159247
325	0.78282227
350	0.77746921
351	0.80092969
373	0.79134880
404	0.77024476
447	0.75056758
448	0.77017893
477	0.73674509
481	0.69936408
489	0.76182271
511	0.76094771
546	0.72747576
561	0.71401081
580	0.75176419
588	0.70907511
613	0.71673548
615	0.71944880
637	0.73327172
644	0.75696801
676	0.72039716
755	0.69277009
800	0.71169956
818	0.68218068
833	0.66302751
885	0.67965939
900	0.69212227
120	0.84036386
167	0.86135000
195	0.82881779
298	0.80314443
356	0.81229716
386	0.76081714
403	0.73451430
467	0.78293570
558	0.73689891
586	0.72891266
595	0.71818483
661	0.71096681
749	0.69022871
767	0.69357817
112	0.86215731
115	0.87173701
146	0.85494159
162	0.82911725
188	0.83152828
215	0.83334913
282	0.76578952
286	0.77505066
290	0.81023144
321	0.80918013
330	0.75442500
338	0.75276659
381	0.78411365
427	0.75661539
484	0.78826179
486	0.77175491
549	0.74581583
560	0.73516201
568	0.75266801
576	0.76582631
579	0.73649356
582	0.75789443
602	0.71740688
609	0.71188428
619	0.71860688
643	0.69266572
656	0.74071976
742	0.69172882
760	0.70197260
783	0.73746954
858	0.68056223
863	0.67751900
869	0.67783581
870	0.70907369
889	0.66435207
123	0.84135480
131	0.84204094
221	0.86467227
237	0.81905830
332	0.78325884
423	0.77172118
472	0.73267937
491	0.76936223
497	0.74877107
540	0.75298013
624	0.73132751
638	0.74419028
639	0.73031703
699	0.71026889
705	0.69696867
807	0.69125229
835	0.69523286
76	0.85682118
90	0.85990207
113	0.87371681
143	0.87036212
161	0.87045164
178	0.84175993
212	0.79741627
238	0.82425611
301	0.82181037
311	0.81134738
349	0.80939312
370	0.75469061
405	0.76743592
421	0.78435175
454	0.79706103
466	0.80611496
480	0.75684858
488	0.78705404
520	0.76380175
534	0.71523079
563	0.74338450
620	0.69626638
636	0.73080459
647	0.70105939
689	0.70424945
706	0.69041528
716	0.69539389
816	0.71245852
851	0.66374629
888	0.67538963
185	0.85896725
196	0.85053777
285	0.80280786
391	0.79245830
410	0.79533690
459	0.75079738
495	0.72705644
502	0.77616954
516	0.73449258
543	0.79495950
603	0.73263439
614	0.68379552
649	0.66963002
652	0.69636943
657	0.75332544
683	0.67780786
704	0.71677467
769	0.72612882
808	0.67355884
828	0.68986681
838	0.67440109
908	0.67588079
98	0.86416867
140	0.85448395
184	0.81943624
320	0.77726321
357	0.79266441
360	0.72029585
374	0.80353111
417	0.70943766
468	0.73583221
529	0.73939345
544	0.75403231
599	0.70526288
686	0.71323384
757	0.70035131
761	0.68738090
866	0.68323090
117	0.86956714
175	0.86111878
199	0.83789520
209	0.85000862
239	0.84615830
246	0.82449225
265	0.80071234
297	0.83442915
318	0.76786299
331	0.79264683
334	0.78285273
353	0.81294017
364	0.79375415
371	0.82007129
435	0.75358450
436	0.76014705
439	0.79533319
591	0.74042828
662	0.67794618
665	0.69586397
694	0.75848133
719	0.71000950
740	0.70403701
741	0.69454629
766	0.66215393
775	0.70362773
804	0.67298417
815	0.68743734
853	0.67575044
871	0.67802041
154	0.85090087
326	0.74480033
362	0.84365055
411	0.75355841
631	0.73678799
670	0.70972336
695	0.67711365
696	0.68752522
698	0.70249148
702	0.69953231
792	0.69742576
830	0.67620688
844	0.68211255
875	0.67039323
879	0.66955950
895	0.68155699
81	0.87385895
274	0.83716998
345	0.77461004
396	0.78636943
400	0.78497576
521	0.74508504
606	0.72503428
684	0.71546026
764	0.68215349
831	0.69745240
834	0.68776725
880	0.67869400
894	0.67999705
108	0.86125273
268	0.79395153
324	0.81202020
337	0.77665895
343	0.80628297
383	0.73238057
429	0.78494727
487	0.78488362
547	0.78864269
877	0.67729290
50	0.87662882
97	0.85194771
127	0.83750830
225	0.82650644
244	0.81517063
273	0.81900950
275	0.80790306
279	0.78538133
288	0.73956386
312	0.74920852
344	0.78952369
354	0.78570579
358	0.77832052
380	0.76040076
385	0.75239574
393	0.79037314
426	0.72788297
449	0.75910109
452	0.77674432
470	0.72384301
490	0.76664891
496	0.73968515
510	0.69900579
532	0.78894869
542	0.69948745
545	0.75965568
552	0.74990655
583	0.72138810
600	0.74270142
617	0.72855295
648	0.71257478
655	0.70892751
709	0.71416124
711	0.71717926
730	0.71589312
731	0.70880764
735	0.69700579
756	0.74814028
759	0.68816004
777	0.70896386
794	0.69037413
819	0.67335939
864	0.66346474
868	0.67737063
881	0.68632085
896	0.67264225
106	0.86581605
170	0.82131976
205	0.81318832
276	0.76930993
284	0.85051987
387	0.77432566
395	0.74872795
401	0.75871430
464	0.78509891
483	0.76484738
492	0.75568952
530	0.78690644
556	0.75803941
569	0.71282413
577	0.75613559
608	0.69877598
628	0.66997718
642	0.75036376
660	0.72241725
663	0.72477260
715	0.73388690
782	0.67712795
847	0.68055371
907	0.66215797
340	0.78131157
375	0.78645000
441	0.74646539
575	0.73848963
805	0.69751812
874	0.66736485
910	0.66994039
914	0.66307959
152	0.86691255
169	0.85640884
191	0.82735262
216	0.85986965
248	0.84617653
317	0.71811758
346	0.82519454
397	0.74945950
419	0.76122620
428	0.74750753
504	0.73621419
590	0.71504170
622	0.75771179
707	0.69398035
732	0.72605393
785	0.70826452
827	0.70804432
829	0.69134585
873	0.66350426
883	0.67095251
886	0.68759443
228	0.83149247
379	0.79502893
433	0.76734967
445	0.71543810
509	0.80215229
710	0.67906114
784	0.67716354
857	0.67355393
181	0.85573319
303	0.78820721
369	0.81286987
485	0.78697762
539	0.76894672
592	0.72078319
728	0.71640317
788	0.67316703
790	0.69493701
852	0.65889367
872	0.66126845
898	0.66500797
901	0.66658799
323	0.82673996
512	0.78700775
650	0.70626878
729	0.66894007
739	0.72892216
810	0.67329476
227	0.84382795
234	0.84894203
252	0.81048286
348	0.80062991
406	0.81855939
420	0.74737293
584	0.72228941
587	0.73400917
610	0.68414683
688	0.72547915
737	0.68416605
738	0.71957576
748	0.71925808
801	0.70291496
438	0.79341463
462	0.75177729
463	0.79779127
776	0.68611703
780	0.69492041
809	0.69763734
860	0.68757751
862	0.68049465
473	0.72728242
525	0.72094705
555	0.72098406
635	0.75103515
685	0.71305328
753	0.70233428
771	0.68947522
793	0.70141976
882	0.66889236
499	0.75161648
566	0.74670459
571	0.69028035
581	0.73359127
607	0.72991103
712	0.68585142
778	0.67308199
814	0.70213068
843	0.68126998
856	0.68416627
687	0.69895513
744	0.73346430
295	0.82865371
703	0.68648319
746	0.73494159
779	0.67357424
893	0.66003886
899	0.67484181
264	0.82129389
476	0.76404793
514	0.75604793
519	0.71589607
692	0.71959400
700	0.71366430
806	0.69313952
897	0.65769170
220	0.84709760
538	0.76904782
726	0.68817555
407	0.75836900
593	0.74618504
842	0.69404607
474	0.74877587
537	0.78977151
625	0.67236124
762	0.71244312
822	0.69067533
367	0.76568188
803	0.67627980
845	0.67291921
633	0.68882303
523	0.73903570
765	0.69562369
836	0.71108308
465	0.74735950
673	0.74094902
795	0.68240459
669	0.70225950
768	0.69501725
522	0.73423886
551	0.73257620
906	0.65899891
677	0.68768668
915	0.66175568
594	0.68413450
722	0.70779236
892	0.67628450
377	0.78585218
430	0.79732063
902	0.66985906
811	0.68421168
855	0.66308843
725	0.74003504
799	0.69885153
444	0.82483002
446	0.77230229
813	0.68435360
589	0.72204312
789	0.69735993
384	0.77061124
597	0.71327347
562	0.76730076
734	0.66448592
627	0.70480262
679	0.70727631
701	0.71741889
402	0.79781987
680	0.68774214
841	0.66708450
821	0.67712576
