0	0.87727813
1	0.87696328
2	0.86938838
3	0.87654111
4	0.87541875
5	0.87679561
6	0.87662412
7	0.86092441
8	0.87704707
9	0.87735010
10	0.87512324
11	0.87732637
12	0.87712354
13	0.87580566
14	0.87722061
15	0.87543174
16	0.87715527
17	0.87738096
18	0.87731055
19	0.87731641
20	0.87724092
21	0.87735137
22	0.87719307
23	0.87711279
25	0.87744102
26	0.87740889
27	0.87734375
29	0.87715332
31	0.87700576
33	0.87719551
34	0.87708232
35	0.87714043
36	0.87709668
37	0.87683877
43	0.87707813
44	0.87719590
45	0.87718438
46	0.87689473
47	0.87710254
48	0.87702813
49	0.86896875
50	0.87670000
51	0.87592295
54	0.87618389
56	0.87000830
57	0.87680801
60	0.87699844
61	0.87676279
63	0.87612783
72	0.87067705
76	0.86465273
77	0.87302412
79	0.87610742
86	0.87321318
90	0.87426387
92	0.87641123
100	0.86866484
102	0.87376025
106	0.85564883
109	0.87318740
114	0.86372734
115	0.85592773
117	0.87236025
121	0.87109336
135	0.87649453
136	0.85312393
143	0.84635078
144	0.86317002
145	0.86838926
147	0.85699307
149	0.85094072
152	0.84565547
162	0.84460479
166	0.86311006
171	0.87091367
178	0.87064307
185	0.84689834
186	0.83648516
206	0.83815703
220	0.83614238
231	0.78890264
232	0.83909219
233	0.84791826
239	0.85000850
242	0.80719932
250	0.76912627
251	0.83397461
255	0.83663398
268	0.83995215
269	0.84029199
271	0.82883760
272	0.80815938
273	0.82335498
274	0.80946836
275	0.82229004
278	0.76359404
279	0.81120879
288	0.86689736
290	0.77735449
293	0.83686201
316	0.85590205
333	0.83435791
334	0.82050391
336	0.85012510
337	0.78659775
347	0.79975928
352	0.79718926
363	0.78431807
364	0.70257998
368	0.74298477
369	0.78218359
371	0.76617666
373	0.81771143
374	0.84161328
381	0.74100928
386	0.75157773
392	0.78574580
397	0.82370146
404	0.83501289
408	0.81094648
413	0.71050791
416	0.78563906
431	0.81671855
435	0.77907012
439	0.75170039
461	0.80450225
474	0.77111768
482	0.77644316
495	0.74055156
496	0.73985361
498	0.76220166
499	0.79216357
505	0.75189531
507	0.81929805
530	0.78906992
540	0.76664180
546	0.73893584
552	0.71631260
558	0.77078857
559	0.75605459
563	0.73839873
576	0.71486348
579	0.76852295
580	0.76302012
591	0.73766367
600	0.79724023
613	0.75120977
614	0.75903740
615	0.77798564
643	0.72814150
646	0.71400039
649	0.71947539
650	0.70575098
657	0.78194941
658	0.78581953
678	0.76498193
689	0.74216289
709	0.73491250
711	0.74445879
760	0.70397383
761	0.72207471
773	0.68968506
787	0.69483662
789	0.71018682
796	0.73319209
802	0.71938262
811	0.69526660
831	0.70961260
838	0.69217471
853	0.68359346
878	0.69447178
880	0.67816436
881	0.68509014
882	0.70919746
890	0.68772031
896	0.68940547
900	0.68563193
932	0.69077881
939	0.69843252
940	0.69354746
959	0.66240146
967	0.68169336
971	0.67296143
972	0.67537539
992	0.66596602
1018	0.66734434
24	0.87741514
32	0.87718086
42	0.87684941
52	0.87666055
62	0.87542520
69	0.87631895
82	0.87182549
87	0.87112627
93	0.87425996
94	0.87212773
101	0.87308760
103	0.87045771
110	0.86371172
124	0.86539600
138	0.85656328
140	0.83588721
156	0.84628223
168	0.84553428
180	0.76502148
218	0.82041904
224	0.83322998
265	0.80465088
270	0.83508623
281	0.82094268
296	0.81052852
308	0.74246084
309	0.85295391
342	0.76045225
346	0.77255508
389	0.80473643
398	0.77707695
421	0.83727549
426	0.78621377
432	0.76945508
462	0.81101074
484	0.73295420
485	0.74050508
533	0.78279277
547	0.74869150
550	0.69281260
554	0.69803271
571	0.71726484
629	0.74976250
640	0.74034141
644	0.73699346
648	0.71541660
677	0.73140947
688	0.71390283
698	0.71657256
701	0.67265596
722	0.71055957
790	0.68315723
848	0.69991133
851	0.71419736
872	0.70980859
933	0.69007227
953	0.65868350
956	0.68405527
970	0.70086953
1022	0.67721514
28	0.87737236
38	0.87711436
58	0.87743008
70	0.87337822
132	0.87108721
165	0.85973203
167	0.85317578
174	0.84754482
248	0.80790771
335	0.83439980
380	0.79042793
385	0.78925312
387	0.81358252
391	0.79470205
430	0.83645127
463	0.78045957
488	0.75197617
503	0.80984785
542	0.75897363
599	0.78246992
670	0.76834219
675	0.70475928
836	0.71687109
875	0.68068887
891	0.65866699
950	0.68966504
957	0.67343154
989	0.67613809
66	0.87718682
78	0.87426963
88	0.87643545
89	0.87481357
98	0.86710029
112	0.83196836
119	0.87584229
139	0.83345127
177	0.80415146
182	0.87037148
192	0.83539912
194	0.83460459
205	0.85360752
228	0.86562822
258	0.82774600
306	0.78404141
315	0.82341992
327	0.78753682
329	0.75262432
340	0.84149824
411	0.77394150
438	0.76584521
478	0.78197842
491	0.77214277
508	0.79711084
515	0.78278857
543	0.76336162
551	0.76266514
572	0.73640127
574	0.71361006
596	0.73724150
645	0.76606191
673	0.72215859
724	0.70511113
775	0.69280039
798	0.68455205
818	0.73502793
901	0.69598750
916	0.67031055
935	0.70404023
955	0.68785801
996	0.67376113
1000	0.67268838
30	0.87740723
59	0.87200977
71	0.86840508
81	0.87309424
99	0.87316006
157	0.86957666
188	0.84034141
196	0.84709453
198	0.84269541
208	0.82423486
223	0.85478818
240	0.83259844
286	0.81882441
310	0.83074600
370	0.76881484
400	0.74669385
415	0.80228369
442	0.81062715
449	0.73094414
456	0.77875449
471	0.74350684
520	0.75396641
539	0.75806338
583	0.73850059
626	0.77070391
700	0.70141699
714	0.73582187
750	0.71558555
793	0.71713076
795	0.74590986
800	0.76805723
819	0.69732051
873	0.68390967
928	0.68846445
1005	0.65885596
53	0.87664248
67	0.87020996
73	0.87705850
85	0.87673184
97	0.87569141
129	0.86143047
172	0.87229658
176	0.85882910
199	0.86181650
203	0.83018057
217	0.86596758
219	0.85823076
226	0.85174414
243	0.83831748
257	0.83855752
263	0.80048945
277	0.79834424
283	0.85084922
295	0.77164717
321	0.84903545
366	0.82881406
379	0.81620146
405	0.79779023
450	0.74271318
454	0.78636055
473	0.82629219
497	0.77858008
500	0.73013457
504	0.74503955
528	0.77403848
560	0.74965410
680	0.73659141
684	0.69736123
731	0.70804912
742	0.74570254
753	0.73306963
807	0.66920547
829	0.69609727
922	0.71147002
929	0.66760937
937	0.68603672
949	0.69302676
954	0.70285977
982	0.66820293
993	0.67152480
994	0.66985098
40	0.87716611
80	0.87657021
95	0.87521416
104	0.86892588
113	0.86152217
127	0.87272559
133	0.87040928
153	0.85759287
161	0.84987188
170	0.84889512
189	0.83956113
236	0.80745703
287	0.85236211
323	0.72986465
326	0.78095283
345	0.81630195
428	0.74971562
451	0.74079570
467	0.71111279
538	0.77018457
544	0.74947998
566	0.79181738
588	0.74192002
605	0.76655244
620	0.68722061
627	0.73487920
692	0.74527393
705	0.69402510
707	0.71746943
740	0.69119814
841	0.76135693
859	0.71371436
905	0.68594775
927	0.66780166
986	0.68453848
1013	0.66878408
41	0.87703779
108	0.86400088
130	0.85832559
131	0.85737080
154	0.86863789
158	0.86845352
163	0.83115313
343	0.79335859
403	0.81393818
586	0.77544150
601	0.73341377
799	0.70789170
803	0.71950020
931	0.68592686
65	0.87698359
96	0.87225703
118	0.85185234
123	0.86230762
141	0.84684707
179	0.84098604
181	0.83850625
187	0.84115635
249	0.85499492
280	0.79446797
285	0.83711855
292	0.82695684
304	0.84964053
317	0.78865400
319	0.78700723
341	0.80158066
377	0.80672490
383	0.75949561
388	0.81970635
393	0.80404580
394	0.79695361
417	0.79217676
468	0.79178613
541	0.75088535
565	0.76077197
630	0.76913408
633	0.77851846
635	0.72420312
636	0.76149033
641	0.72179229
671	0.74776426
757	0.72414316
774	0.73298311
788	0.71571611
797	0.70967969
815	0.68647588
898	0.70849541
944	0.66405518
952	0.67135801
980	0.66969580
1004	0.68018828
1019	0.66824785
74	0.87519541
125	0.86074873
126	0.86998350
159	0.83363750
173	0.84398818
175	0.85219648
197	0.84583135
214	0.84338936
221	0.82487734
237	0.82923848
245	0.79103301
259	0.82446396
260	0.79807217
264	0.82697344
276	0.84469502
297	0.77694932
303	0.83790010
330	0.83209248
332	0.82343457
355	0.81631963
359	0.84968145
362	0.78080137
372	0.83881670
376	0.77260781
402	0.75249414
409	0.81420752
412	0.79036133
446	0.78520166
455	0.81549082
486	0.77269170
526	0.76020820
555	0.76475439
592	0.73672256
604	0.76831797
609	0.70308623
628	0.75675596
664	0.73589199
690	0.71561025
708	0.72716045
710	0.71187793
776	0.67761836
779	0.70237119
809	0.67513340
877	0.69619775
895	0.68217168
902	0.70370977
930	0.68569512
1021	0.65769648
169	0.83211182
207	0.82441035
267	0.82673408
311	0.83550332
395	0.79698086
410	0.81071465
569	0.74659551
587	0.70425303
593	0.73392021
632	0.75284141
639	0.70619512
652	0.73804404
751	0.71231719
769	0.68524297
822	0.76101260
826	0.72163506
844	0.68487979
907	0.66461592
964	0.67637793
64	0.87704385
150	0.86508467
193	0.84687480
213	0.82521016
235	0.85376475
262	0.84108574
282	0.81057725
300	0.83224873
318	0.82589102
320	0.79850049
367	0.76390801
422	0.77006787
423	0.76335586
425	0.79103682
475	0.77686299
514	0.76844180
524	0.81781426
529	0.79822207
548	0.70121367
585	0.74144062
606	0.74295098
618	0.76612510
637	0.78011445
661	0.74318809
663	0.72077393
668	0.69679902
669	0.72465098
686	0.70958721
702	0.75662070
733	0.71603311
747	0.70371699
771	0.68922119
847	0.69463516
863	0.69168232
884	0.71036865
894	0.70526250
909	0.70666064
83	0.87094736
84	0.87203799
91	0.87590352
122	0.84501045
215	0.80431729
225	0.83456455
256	0.79737920
284	0.83289990
350	0.74187197
382	0.82527187
437	0.81270850
452	0.77485674
476	0.72653584
477	0.77025234
487	0.77306875
492	0.79741865
518	0.77055908
549	0.73703916
570	0.82071621
595	0.80042363
662	0.71358213
666	0.73226846
719	0.72587988
746	0.70562207
767	0.68841865
770	0.70158896
827	0.70810244
885	0.70493457
988	0.69177920
1006	0.66696250
1014	0.66668936
39	0.87223975
137	0.85177402
210	0.86281914
234	0.80608232
252	0.85025264
307	0.80425791
418	0.79221260
420	0.78961533
443	0.78183711
490	0.74200557
577	0.74403662
729	0.72811582
754	0.72738906
786	0.70896387
835	0.73750957
942	0.66033887
995	0.68480938
1017	0.67637236
55	0.87660557
142	0.86982490
244	0.81741035
253	0.81590566
301	0.85799551
313	0.78772549
349	0.80251260
357	0.76427803
360	0.78588437
429	0.81661436
441	0.76075059
453	0.80787354
458	0.81527568
493	0.74823184
509	0.75437158
516	0.73994219
522	0.73634385
612	0.79043203
631	0.74093115
691	0.74144141
734	0.73423525
735	0.69223887
755	0.69268066
784	0.73073008
812	0.72232354
828	0.72471641
833	0.69018340
889	0.66414619
105	0.87613096
107	0.83014326
128	0.86829912
160	0.85702529
212	0.84641768
229	0.85913887
294	0.80465596
298	0.81984033
356	0.78628877
406	0.79967207
433	0.80415664
506	0.72376016
531	0.72804033
564	0.79054014
679	0.74211094
695	0.74672607
704	0.70282109
772	0.68953350
805	0.71019326
914	0.69823437
998	0.66871465
68	0.87676348
111	0.85565732
164	0.84499150
183	0.83564395
184	0.86535732
204	0.86005410
299	0.81385469
305	0.79145615
314	0.79997705
414	0.79887256
419	0.75432305
464	0.76452119
510	0.80020859
519	0.71906094
535	0.78756230
567	0.74802852
582	0.77377061
611	0.72797715
654	0.68553594
656	0.70713730
727	0.72826016
730	0.73345029
743	0.73113311
762	0.67798115
820	0.70653906
825	0.72851006
846	0.73777334
866	0.69957754
888	0.70548770
903	0.72709180
904	0.66494492
913	0.67949541
936	0.69788281
938	0.67405273
981	0.66133594
984	0.68330654
999	0.68703379
1009	0.67855879
1011	0.67023545
134	0.86676543
209	0.80613271
216	0.86564150
247	0.83977871
291	0.80957441
325	0.75970869
358	0.79013848
375	0.75807109
401	0.79716484
424	0.82613350
427	0.77255234
480	0.73704609
481	0.79852070
513	0.81251602
534	0.78031035
573	0.78786670
575	0.71330713
597	0.71948906
598	0.75761709
616	0.71048174
647	0.72649004
665	0.70138799
676	0.69472021
681	0.71095439
694	0.71174404
712	0.72158301
720	0.69315244
721	0.70222979
723	0.74271865
736	0.72592510
763	0.72451201
782	0.70309160
785	0.72896318
791	0.72678633
813	0.66815234
830	0.69492861
837	0.70587969
855	0.69698311
858	0.68198076
911	0.67145684
918	0.66541104
1010	0.67126494
1016	0.68723398
120	0.85931709
146	0.86082998
148	0.85924541
202	0.80836572
230	0.86280459
266	0.76975303
312	0.77465625
324	0.83972910
348	0.79853975
353	0.79293018
384	0.79368291
460	0.78848428
470	0.78139248
581	0.71407090
584	0.77223555
607	0.78575625
608	0.73120762
625	0.77872646
716	0.70467236
766	0.67805215
768	0.73409141
792	0.68995488
801	0.69770029
879	0.66800938
899	0.72302539
923	0.68155693
934	0.69475234
985	0.70138613
987	0.67325039
1002	0.66372578
75	0.87386992
151	0.85563555
302	0.80869248
436	0.78434443
444	0.81870166
502	0.77919736
590	0.74532061
602	0.79307559
706	0.67894971
713	0.74860156
732	0.74609287
738	0.72076484
739	0.67084687
777	0.72832871
814	0.66639424
816	0.69697227
843	0.74220439
857	0.67553379
864	0.70315186
874	0.67765996
906	0.69953604
941	0.69365273
1001	0.66739033
191	0.82630537
201	0.86452695
238	0.77894258
246	0.85596270
289	0.81319238
331	0.79304600
489	0.71753457
532	0.71543809
537	0.78753594
553	0.79180723
562	0.71906963
660	0.74054590
667	0.73180566
672	0.75497617
683	0.72913164
781	0.69334678
794	0.69767109
832	0.68812480
854	0.69007148
883	0.68846836
893	0.71652969
963	0.67047969
1012	0.67670225
261	0.79106592
344	0.82176689
351	0.78221494
434	0.75475977
445	0.76879160
621	0.71989785
685	0.72662715
725	0.70782100
783	0.73048828
806	0.69528662
824	0.74110049
945	0.68923857
960	0.68470693
990	0.66065576
361	0.81077090
472	0.77863213
594	0.71273135
622	0.74883115
682	0.71038506
715	0.70626797
726	0.69204199
741	0.71649404
821	0.74244482
823	0.69420811
850	0.70653574
861	0.67920029
868	0.69897207
966	0.68939268
974	0.66323926
997	0.66515762
155	0.84513652
227	0.86423594
328	0.76413311
339	0.82278271
365	0.80772383
390	0.79937168
521	0.77162041
523	0.73223701
556	0.73544268
561	0.77292393
617	0.77214121
697	0.71454941
728	0.72813594
745	0.71683906
756	0.72717891
808	0.71488652
810	0.69078799
867	0.70255273
886	0.73454893
926	0.69730488
961	0.67393154
976	0.67317100
978	0.66807773
1003	0.68103018
1007	0.65275898
1020	0.67761553
190	0.82726572
396	0.80137373
448	0.80375879
465	0.72432871
512	0.82280469
517	0.73912227
699	0.68092148
778	0.72220439
870	0.68024170
887	0.70215059
1008	0.67978418
116	0.86944092
378	0.83969199
399	0.80523096
407	0.75398174
655	0.78284072
744	0.70106816
748	0.71737168
752	0.70764678
759	0.76245312
862	0.75628955
915	0.69074297
921	0.69604639
479	0.77902266
525	0.75548457
849	0.68621729
983	0.66549219
200	0.83127187
338	0.78098809
440	0.76656357
568	0.75355811
603	0.72261992
624	0.75208721
642	0.76925967
703	0.71904004
737	0.73030996
842	0.70514277
951	0.67110996
195	0.82110811
466	0.79006816
469	0.75153350
536	0.77372422
634	0.76203379
638	0.71083184
717	0.70351270
817	0.72728711
860	0.71584365
908	0.68185488
924	0.67687998
948	0.66314219
991	0.67298545
1015	0.67286445
578	0.73512363
892	0.72832295
973	0.67329072
241	0.86987324
483	0.80232842
494	0.79146504
834	0.69509287
947	0.70151299
322	0.79930166
653	0.70251074
687	0.71341445
910	0.68545459
912	0.66996289
758	0.70900352
765	0.68711816
845	0.72090937
459	0.73053662
254	0.82613525
545	0.78055049
659	0.71645400
557	0.80828428
946	0.67041240
354	0.74436113
527	0.74184063
865	0.68100137
919	0.67680459
222	0.85166924
804	0.69352578
852	0.69516855
965	0.69468594
958	0.66949199
962	0.67499902
696	0.74848340
869	0.68583809
1023	0.66183789
511	0.75575547
764	0.69815127
920	0.68081865
979	0.67111582
501	0.77382285
623	0.74341396
651	0.75106094
876	0.68077754
975	0.68997803
897	0.70371445
925	0.71102588
693	0.71172637
211	0.84300625
780	0.75617871
856	0.69451650
718	0.70596953
943	0.67468438
968	0.67841270
969	0.67275674
610	0.72139971
840	0.68638750
457	0.78940801
749	0.72847441
839	0.69912861
447	0.74454287
917	0.67610303
619	0.76455098
674	0.68263848
871	0.70111846
589	0.73790449
977	0.66517891
