0 1
0 2
0 3
0 4
0 6
0 7
0 8
0 9
0 15
0 16
0 17
0 19
0 26
0 30
0 35
0 39
0 43
0 50
0 55
0 57
0 59
0 62
0 63
0 64
0 67
0 72
0 75
0 84
0 85
0 88
0 89
0 98
0 99
0 101
0 104
0 113
0 115
0 139
0 148
0 149
0 159
0 167
0 170
0 175
0 187
0 195
0 222
0 250
0 254
0 262
0 281
0 286
0 297
0 303
0 304
0 320
0 324
0 327
0 364
0 365
0 366
0 379
0 387
0 400
0 402
0 409
0 432
0 447
0 450
0 462
0 468
0 484
0 488
0 495
0 507
0 533
0 540
0 548
0 549
0 556
0 596
0 609
0 619
0 643
0 716
0 721
0 748
0 770
0 772
0 791
0 795
0 806
0 807
0 812
0 833
0 864
0 885
0 891
0 897
0 901
0 936
0 963
0 967
0 979
0 1004
1 4
1 5
1 6
1 7
1 8
1 9
1 11
1 13
1 17
1 21
1 22
1 24
1 25
1 28
1 31
1 36
1 37
1 38
1 39
1 41
1 47
1 50
1 53
1 55
1 58
1 67
1 69
1 103
1 105
1 114
1 118
1 125
1 132
1 134
1 135
1 143
1 149
1 171
1 200
1 211
1 241
1 276
1 300
1 302
1 306
1 315
1 317
1 351
1 356
1 359
1 360
1 368
1 389
1 403
1 412
1 414
1 416
1 427
1 432
1 435
1 443
1 446
1 447
1 463
1 473
1 476
1 477
1 493
1 509
1 533
1 536
1 539
1 553
1 567
1 578
1 603
1 614
1 618
1 625
1 634
1 654
1 656
1 659
1 660
1 664
1 684
1 685
1 693
1 707
1 718
1 721
1 732
1 734
1 738
1 751
1 827
1 829
1 831
1 844
1 851
1 856
1 857
1 858
1 861
1 865
1 871
1 875
1 879
1 900
1 915
1 918
1 931
1 974
1 999
1 1023
1 1036
3 4
3 5
3 9
3 10
3 11
3 13
3 14
3 20
3 25
3 29
3 34
3 45
3 60
3 65
3 83
3 88
3 130
3 160
3 164
3 175
3 179
3 253
3 273
3 325
3 335
3 375
3 429
3 434
3 554
3 641
3 738
3 753
3 800
3 801
3 817
3 845
3 895
3 896
3 929
4 5
4 12
4 14
4 17
4 20
4 27
4 31
4 66
4 68
4 91
4 208
4 230
4 287
4 296
4 308
4 316
4 355
4 397
4 405
4 411
4 438
4 455
4 460
4 473
4 524
4 536
4 567
4 591
4 625
4 640
4 663
4 735
4 920
4 924
4 947
4 988
4 1034
5 6
5 7
5 16
5 34
5 42
5 45
5 53
5 56
5 59
5 63
5 70
5 76
5 83
5 85
5 89
5 91
5 92
5 95
5 97
5 102
5 104
5 107
5 108
5 112
5 116
5 124
5 137
5 145
5 149
5 153
5 187
5 189
5 199
5 202
5 207
5 247
5 320
5 322
5 350
5 363
5 377
5 405
5 407
5 429
5 451
5 453
5 462
5 467
5 546
5 556
5 559
5 586
5 621
5 647
5 666
5 698
5 708
5 725
5 740
5 798
5 819
5 863
5 933
5 1002
5 1007
5 1008
5 1017
5 1037
6 8
6 10
6 12
6 16
6 20
6 22
6 24
6 26
6 27
6 30
6 36
6 41
6 42
6 48
6 49
6 56
6 67
6 73
6 90
6 116
6 146
6 151
6 158
6 167
6 218
6 219
6 224
6 227
6 240
6 242
6 252
6 264
6 267
6 288
6 299
6 323
6 325
6 327
6 329
6 373
6 409
6 414
6 433
6 439
6 457
6 472
6 489
6 501
6 510
6 521
6 524
6 529
6 543
6 600
6 636
6 644
6 671
6 694
6 701
6 704
6 747
6 751
6 810
6 847
6 862
6 956
6 995
6 1010
7 10
7 11
7 13
7 14
7 18
7 19
7 23
7 30
7 32
7 45
7 46
7 47
7 75
7 81
7 104
7 106
7 160
7 164
7 174
7 257
7 265
7 290
7 303
7 315
7 342
7 400
7 401
7 442
7 479
7 490
7 521
7 587
7 618
7 622
7 660
7 722
7 804
7 891
7 956
8 18
8 29
8 37
8 51
8 77
8 90
8 128
8 134
8 139
8 144
8 166
8 195
8 215
8 233
8 249
8 259
8 260
8 261
8 264
8 299
8 353
8 366
8 395
8 419
8 440
8 469
8 485
8 507
8 581
8 589
8 621
8 626
8 650
8 652
8 709
8 764
8 765
8 775
8 777
8 786
8 823
8 903
8 907
8 942
9 33
9 99
9 138
9 161
9 185
9 291
9 297
9 330
9 447
9 526
9 561
9 577
9 605
9 647
9 676
9 801
9 845
10 12
10 15
10 19
10 31
10 62
10 65
10 102
10 111
10 115
10 119
10 126
10 136
10 153
10 201
10 244
10 247
10 403
10 463
10 488
10 517
10 607
10 666
10 678
10 713
10 759
10 769
10 805
10 851
10 953
11 50
11 56
11 74
11 94
11 133
11 246
11 321
11 326
11 329
11 353
11 373
11 417
11 419
11 445
11 537
11 606
11 622
11 688
11 902
11 932
11 951
12 18
12 21
12 26
12 28
12 35
12 40
12 48
12 51
12 52
12 57
12 64
12 72
12 74
12 78
12 88
12 94
12 96
12 112
12 135
12 141
12 152
12 156
12 164
12 171
12 194
12 203
12 204
12 205
12 206
12 216
12 226
12 231
12 251
12 268
12 274
12 292
12 312
12 313
12 328
12 384
12 398
12 402
12 435
12 437
12 439
12 442
12 542
12 547
12 548
12 557
12 562
12 566
12 648
12 650
12 686
12 761
12 776
12 821
12 830
12 836
12 850
12 851
12 936
12 955
12 1002
12 1008
12 1024
13 15
13 63
13 80
13 148
13 204
13 294
13 332
13 465
13 477
13 544
13 982
14 34
14 44
14 57
14 71
14 93
14 119
14 216
14 246
14 359
14 426
14 496
14 747
14 905
14 916
15 58
15 60
15 82
15 117
15 124
15 162
15 193
15 311
15 413
15 467
15 565
15 655
15 696
15 785
15 947
15 975
16 25
16 191
16 471
16 523
16 532
17 41
17 180
17 304
17 332
17 362
17 534
17 549
17 595
17 847
17 908
18 73
18 79
18 92
18 127
18 152
18 302
18 503
18 529
18 562
18 806
19 22
19 27
19 40
19 46
19 87
19 90
19 92
19 140
19 162
19 210
19 219
19 245
19 385
19 386
19 390
19 564
19 581
19 1015
20 21
20 23
20 24
20 32
20 53
20 84
20 98
20 111
20 112
20 118
20 119
20 158
20 200
20 223
20 229
20 259
20 276
20 283
20 334
20 392
20 401
20 464
20 471
20 501
20 599
20 618
20 656
20 665
20 782
20 839
20 850
20 855
20 864
20 866
20 1020
21 23
21 29
21 35
21 37
21 43
21 47
21 52
21 59
21 66
21 70
21 77
21 79
21 81
21 82
21 86
21 95
21 100
21 103
21 109
21 110
21 132
21 142
21 152
21 170
21 225
21 243
21 249
21 251
21 252
21 301
21 309
21 328
21 423
21 558
21 611
21 617
21 626
21 758
21 776
21 780
21 803
21 804
21 830
21 865
21 944
21 946
21 1016
21 1017
22 28
22 36
22 48
22 77
22 109
22 120
22 131
22 136
22 157
22 177
22 211
22 234
22 255
22 265
22 325
22 393
22 430
22 486
22 487
22 512
22 528
22 601
22 608
22 780
22 951
22 1019
23 32
23 49
23 240
23 310
23 355
23 464
23 497
23 702
24 33
24 73
24 99
24 115
24 130
24 155
24 169
24 212
24 343
24 369
24 396
24 570
24 638
24 949
24 975
25 288
25 289
25 353
25 563
26 40
26 54
26 60
26 128
26 133
26 175
26 180
26 215
26 248
26 272
26 345
26 380
26 405
26 496
26 769
27 33
27 38
27 44
27 61
27 100
27 129
27 155
27 197
27 278
27 338
27 410
27 483
27 508
27 557
27 664
27 672
27 757
27 763
27 825
27 894
28 38
28 42
28 44
28 61
28 66
28 74
28 93
28 113
28 127
28 129
28 176
28 225
28 233
28 296
28 341
28 391
28 482
28 577
28 628
28 684
28 712
28 724
28 1033
29 79
29 97
29 183
29 192
29 268
29 324
29 334
29 360
29 520
29 533
29 574
29 594
29 729
29 1009
30 165
30 171
30 211
30 741
31 43
31 105
31 125
31 165
31 194
31 374
31 396
31 414
31 680
31 792
31 870
32 107
32 122
32 218
32 239
32 249
32 378
32 491
32 629
32 979
33 39
33 49
33 69
33 71
33 75
33 80
33 87
33 166
33 217
33 231
33 241
33 426
33 506
33 548
33 579
33 612
33 690
33 866
33 897
34 191
34 449
34 811
34 848
34 957
35 54
35 72
35 76
35 83
35 114
35 151
35 168
35 223
35 341
35 445
35 487
35 499
35 565
35 585
35 592
35 629
35 630
35 682
35 709
35 731
35 801
35 1023
36 54
36 68
36 80
36 81
36 84
36 205
36 287
36 310
36 397
36 499
36 501
36 625
36 680
36 686
36 902
36 959
37 51
37 69
37 172
37 188
37 270
37 371
37 381
37 494
37 541
37 635
37 658
37 670
37 703
37 948
37 978
38 82
38 163
38 209
38 244
38 571
38 657
38 698
38 699
38 1029
39 58
39 94
39 148
39 213
39 331
39 430
39 436
39 512
39 561
39 649
39 694
39 722
39 754
39 784
39 921
40 52
40 86
40 279
40 318
40 340
40 509
40 525
40 545
40 695
40 725
40 739
40 837
40 976
40 981
41 91
41 273
41 293
41 305
41 427
41 575
41 576
41 689
41 723
42 46
42 212
42 262
43 89
43 121
43 125
43 138
43 145
43 227
43 250
43 317
43 322
43 393
43 399
43 537
43 566
43 610
43 752
43 913
43 931
43 1021
44 61
44 95
44 131
44 134
44 143
44 177
44 181
44 188
44 208
44 234
44 256
44 263
44 339
44 354
44 431
44 446
44 456
44 495
44 506
44 515
44 667
44 881
44 944
44 1010
44 1025
45 154
45 237
45 305
45 546
45 866
45 974
46 333
46 373
46 396
46 406
46 415
46 517
46 691
46 742
46 847
46 971
46 988
46 1014
47 381
47 415
48 309
48 481
49 98
49 106
49 156
49 255
49 490
49 885
49 886
49 938
49 969
49 986
50 260
50 356
50 812
50 880
50 893
50 1034
51 96
51 111
51 113
51 123
51 153
51 183
51 245
51 263
51 345
51 425
51 719
51 921
51 971
51 985
52 62
52 64
52 70
52 93
52 110
52 117
52 165
52 173
52 185
52 201
52 244
52 247
52 326
52 381
52 423
52 436
52 444
52 474
52 502
52 544
52 754
52 774
52 813
52 1033
53 475
53 836
54 55
54 71
54 319
54 476
54 683
54 808
55 68
55 120
55 130
55 142
55 259
55 266
55 298
55 313
55 323
55 337
55 347
55 361
55 374
55 376
55 468
55 469
55 480
55 498
55 508
55 546
55 568
55 595
55 675
55 700
55 705
55 713
55 753
55 941
55 1019
56 145
56 312
56 534
56 567
56 673
56 853
56 970
56 1032
57 173
57 174
57 184
57 206
57 278
57 346
57 367
57 470
57 511
57 514
57 529
57 588
57 600
57 606
57 613
57 727
57 738
57 741
57 836
57 926
57 965
58 65
58 253
58 314
58 487
58 1023
59 710
60 395
60 631
61 78
61 142
61 170
61 189
61 196
61 237
61 338
61 443
61 474
61 478
61 520
61 552
61 563
61 621
61 716
61 731
61 779
62 101
62 150
62 222
62 431
62 526
62 553
62 568
62 684
62 912
63 86
63 118
63 184
63 293
63 370
63 458
63 1018
64 669
65 78
65 87
65 151
65 201
65 253
65 256
65 449
65 575
65 787
66 102
66 109
66 144
66 150
66 155
66 179
66 217
66 220
66 257
66 261
66 272
66 284
66 510
66 528
66 574
66 599
66 799
66 989
67 114
67 136
67 377
67 606
67 980
69 110
69 122
69 133
69 144
69 163
69 232
69 254
69 268
69 332
69 388
69 441
69 461
69 480
69 498
69 584
69 770
70 193
70 687
71 226
71 243
71 275
71 289
71 309
71 312
71 349
71 455
71 759
72 76
72 196
72 666
73 225
73 361
73 481
73 649
73 674
73 802
73 945
73 984
74 408
74 479
74 575
74 799
74 987
75 189
75 248
75 300
75 388
75 395
75 880
75 1028
76 85
76 121
76 135
76 147
76 206
76 230
76 262
76 270
76 287
76 314
76 422
76 483
76 513
76 534
76 649
76 692
76 781
76 832
76 927
77 116
77 843
78 158
78 183
78 336
78 364
79 120
79 143
79 146
79 320
79 344
79 367
79 420
79 536
79 795
79 896
79 998
80 448
80 682
81 141
83 192
83 237
83 281
83 697
83 877
83 1029
83 1030
84 103
84 166
84 218
84 370
84 554
84 608
84 610
84 624
84 631
84 797
84 833
84 977
84 995
85 137
85 214
85 298
85 315
85 358
85 382
85 432
85 619
85 636
85 641
85 708
86 121
86 236
86 296
86 669
86 822
87 97
87 106
87 129
87 232
87 375
87 503
87 539
87 648
88 126
88 176
88 255
88 307
88 471
88 808
89 100
89 105
89 187
89 226
89 269
89 445
89 603
89 629
89 729
90 157
90 246
90 391
91 179
91 279
91 318
91 350
91 440
91 677
91 962
91 989
92 286
92 531
92 673
93 126
93 428
93 697
93 796
93 899
93 934
93 982
94 96
94 101
94 138
94 159
94 185
94 186
94 233
94 274
94 308
94 318
94 335
94 362
94 527
94 636
94 644
94 651
94 700
94 736
94 774
94 789
94 814
94 817
94 829
94 841
94 906
94 922
94 990
94 1014
94 1024
95 122
95 178
95 410
95 723
95 899
95 960
95 986
96 182
96 284
96 581
96 590
96 592
96 819
97 762
97 911
98 123
98 128
98 190
98 308
98 424
98 450
98 561
98 619
98 627
98 659
98 661
98 670
98 703
98 752
98 773
98 838
98 863
98 928
98 930
99 319
99 399
99 849
100 154
101 168
101 238
101 242
101 294
101 543
101 568
102 108
102 161
102 204
102 276
102 795
103 107
103 257
103 544
103 554
104 108
104 117
104 343
104 541
104 552
104 585
104 832
105 139
105 216
105 288
105 424
105 590
105 704
105 834
106 300
106 560
106 676
106 886
106 963
106 1016
107 306
107 347
107 453
107 508
107 651
107 972
107 990
108 178
108 202
108 205
108 236
108 241
108 280
108 313
108 456
108 518
108 707
108 758
108 876
109 131
109 140
109 277
109 295
109 942
109 992
109 997
109 1004
109 1005
109 1020
110 223
110 867
110 1007
111 209
111 248
111 390
111 448
111 469
111 512
111 693
111 915
111 918
112 147
112 154
112 222
112 274
112 321
112 513
112 764
112 815
113 127
113 141
113 163
113 178
113 195
113 228
113 271
113 305
113 452
113 573
113 680
113 906
113 945
113 968
114 198
114 706
114 715
114 883
114 955
114 1022
115 186
115 802
116 123
116 177
116 307
116 558
116 918
117 137
117 150
117 298
117 314
117 331
117 1025
118 124
118 251
118 256
118 275
118 362
118 451
118 511
119 197
119 260
119 275
119 563
119 605
119 800
119 863
119 919
119 979
120 132
120 283
120 378
120 421
120 519
120 753
120 933
121 147
121 292
121 322
121 333
121 426
121 584
121 633
121 724
121 740
121 786
121 912
122 161
122 280
122 648
122 715
122 849
123 182
123 488
123 495
123 809
123 924
124 269
124 398
124 551
124 685
124 696
124 808
125 252
125 728
126 182
126 277
126 285
126 341
126 386
126 444
126 482
126 727
126 811
126 1022
127 169
127 238
127 399
127 412
127 593
127 977
128 429
128 494
128 671
128 688
128 926
129 140
129 383
129 771
129 1000
130 479
131 172
131 220
131 229
131 266
131 681
131 706
131 766
131 983
132 1002
133 159
133 168
133 190
133 207
133 286
133 337
133 356
133 384
133 388
133 401
133 402
133 467
133 695
133 736
133 783
133 853
133 904
133 935
133 947
133 960
133 1038
134 210
134 235
134 334
134 591
134 948
135 220
135 475
135 681
135 746
137 157
137 188
137 338
137 437
137 843
137 960
137 1004
137 1015
138 146
138 514
139 217
139 443
139 453
139 890
139 923
139 928
140 705
140 939
140 971
140 1027
141 290
141 345
141 416
142 293
142 551
142 622
142 768
143 382
143 616
144 162
144 176
144 221
144 346
144 406
144 407
144 437
144 639
144 804
145 186
145 343
145 369
145 394
145 530
145 887
145 1006
146 302
146 492
146 604
146 898
146 961
147 200
147 232
147 363
147 375
147 417
147 528
147 612
148 333
148 340
148 439
148 742
149 167
149 228
149 451
149 682
149 730
149 812
149 871
150 794
151 199
151 380
151 502
151 773
151 806
151 961
152 160
152 174
152 181
152 196
152 280
152 306
152 351
152 786
152 916
153 198
153 214
153 339
153 354
153 452
153 526
154 393
154 425
154 454
154 586
154 983
155 156
155 524
155 729
155 827
156 242
156 267
156 468
156 579
156 704
156 844
157 173
157 192
157 198
157 239
157 767
158 180
158 190
158 229
158 292
158 348
158 390
158 394
158 406
158 973
159 324
159 394
159 433
159 737
159 1035
160 215
160 421
160 934
161 687
161 964
162 243
162 553
163 209
163 221
163 224
163 376
163 640
163 679
163 723
163 790
163 874
164 184
164 212
164 340
164 525
164 919
165 172
165 239
165 282
165 1014
166 590
166 626
166 720
166 936
166 1006
167 371
168 169
168 203
168 500
169 272
169 506
169 878
169 938
170 271
170 359
171 366
171 459
172 458
172 578
172 638
172 893
172 911
173 348
173 613
173 615
173 917
173 1026
174 181
174 365
174 465
174 475
174 510
174 516
174 523
174 535
174 555
174 604
174 642
174 872
174 1013
175 250
175 323
175 342
175 514
175 580
175 608
175 617
175 634
175 650
175 726
175 917
175 950
175 1011
175 1030
176 284
176 297
176 352
176 434
176 461
176 517
176 653
176 745
176 782
176 834
176 881
176 1031
177 236
177 607
177 842
178 267
178 301
178 371
179 739
180 191
181 214
181 281
181 538
181 1010
182 746
182 943
183 358
183 507
183 543
183 577
183 671
183 697
183 906
183 1003
183 1035
185 832
186 194
186 330
186 591
186 603
186 616
186 677
186 776
187 207
187 295
187 383
187 909
188 197
188 210
188 254
188 271
188 352
188 440
188 541
188 609
188 652
188 653
188 696
188 893
188 983
189 277
189 319
189 705
189 981
190 235
190 311
190 357
190 768
190 858
190 908
190 981
191 193
192 920
193 199
193 202
193 258
193 611
193 745
194 258
194 336
194 404
194 657
194 662
194 773
194 948
196 283
196 583
197 270
197 779
197 831
198 234
198 376
198 457
198 522
198 663
200 213
200 392
200 450
200 659
200 734
200 1025
201 310
201 331
201 459
201 917
201 929
202 203
203 208
203 213
203 221
203 291
203 294
203 379
203 407
203 515
203 531
203 593
203 624
203 655
203 835
203 955
204 227
204 235
204 615
204 840
204 928
205 219
205 238
205 454
205 492
205 953
205 958
206 382
206 466
206 597
206 647
206 733
207 301
207 1011
208 486
208 958
209 231
209 456
209 460
209 462
209 527
209 589
209 949
210 466
210 824
211 258
211 499
212 330
213 601
213 818
214 775
215 230
215 263
215 285
215 342
215 460
215 656
215 662
215 668
215 878
215 888
215 901
216 886
216 963
217 224
217 289
217 327
217 346
217 477
217 562
217 609
217 701
217 1000
218 489
219 304
219 380
219 472
220 374
220 555
220 966
221 266
221 384
221 516
221 527
221 744
222 397
222 438
223 295
223 869
225 228
225 290
225 419
225 420
225 668
225 788
226 347
226 767
226 838
226 994
227 385
227 523
228 383
228 632
228 681
228 766
230 316
230 623
231 261
231 392
231 611
231 669
231 876
231 992
231 993
233 354
233 364
233 368
233 484
233 588
234 278
234 291
234 369
234 428
234 658
236 413
236 522
236 637
236 668
236 931
237 240
237 672
238 269
238 303
238 326
238 655
238 658
238 676
238 788
238 805
239 264
239 265
239 329
239 444
239 525
239 576
239 586
239 716
239 726
239 846
241 513
242 358
242 422
242 547
242 569
242 637
242 740
243 245
243 892
244 351
244 637
244 932
245 515
245 654
245 672
245 793
248 321
248 961
251 273
254 282
254 894
256 367
256 452
256 519
256 718
256 970
256 1035
257 497
257 580
258 755
259 509
259 584
261 349
261 361
261 777
261 1015
263 279
263 412
263 582
263 823
263 884
264 328
264 781
264 794
264 969
265 532
265 967
266 344
266 372
266 862
266 996
267 416
267 474
267 476
267 662
268 355
268 1022
269 400
269 600
271 337
271 760
272 311
274 761
275 285
275 307
276 771
276 952
277 867
278 449
278 504
278 670
278 807
278 962
279 316
279 459
279 518
279 846
280 282
280 335
280 481
280 709
280 941
281 539
282 503
282 564
282 645
282 661
282 862
283 363
283 370
285 317
285 336
285 403
285 520
285 824
285 967
286 572
286 741
286 749
286 840
286 875
287 299
288 368
288 379
288 446
289 378
289 856
289 904
290 483
290 489
290 607
290 639
291 415
291 856
292 421
292 594
292 797
292 974
293 385
293 498
293 542
293 796
296 372
296 664
297 410
297 463
297 767
297 803
298 344
298 735
298 769
298 840
299 980
301 417
301 594
302 645
303 391
303 725
306 339
306 360
306 505
306 813
307 377
307 635
307 857
308 472
308 717
310 783
310 965
310 966
310 1012
312 500
312 643
313 404
313 448
314 691
314 700
315 868
316 511
317 551
317 954
318 490
320 522
320 587
320 772
321 493
321 549
321 570
321 673
321 749
321 950
321 999
322 482
322 530
322 720
322 1016
323 348
323 755
323 774
323 822
324 352
324 505
324 547
324 675
324 760
324 826
324 985
325 365
325 745
326 598
326 728
326 778
327 587
327 665
327 735
327 842
327 913
327 914
327 959
328 389
328 732
328 750
328 860
329 598
329 771
329 962
330 418
330 485
330 638
330 710
330 756
330 829
331 435
331 505
331 516
331 583
331 871
331 889
331 921
333 357
333 409
333 434
333 497
333 569
333 597
333 663
333 828
334 632
335 427
336 601
338 1037
339 350
339 433
340 596
340 628
341 500
341 667
342 422
342 756
342 859
343 387
343 464
344 418
344 645
344 718
345 901
345 1021
346 349
346 411
347 357
347 559
347 846
347 909
347 922
348 413
349 620
349 817
350 386
351 424
352 441
352 653
354 743
355 431
355 465
355 654
355 874
356 423
356 425
356 642
358 614
358 899
358 926
358 998
359 372
359 714
359 816
360 571
361 389
361 542
361 585
361 679
367 646
367 810
368 387
368 454
368 731
371 420
371 457
371 486
371 790
371 813
371 915
372 484
372 661
372 730
372 785
372 816
372 894
373 404
373 888
373 1001
374 436
375 493
375 540
375 710
375 943
376 945
377 461
377 908
377 972
378 530
378 733
378 861
378 872
379 572
380 418
380 665
381 699
381 702
381 758
381 884
382 630
384 408
384 550
384 651
385 596
385 854
386 430
386 560
386 602
386 748
387 540
388 441
389 678
389 762
390 722
391 620
391 695
392 867
392 883
392 891
393 934
394 408
394 537
395 398
395 869
395 1011
396 478
396 496
396 641
396 721
396 748
396 902
396 937
397 411
397 788
399 994
400 693
400 792
401 578
403 545
403 711
405 744
407 428
407 438
407 689
407 715
407 942
411 683
411 874
416 458
417 550
417 845
418 473
418 937
420 494
420 627
421 646
422 623
422 784
422 826
423 605
425 589
425 737
425 905
426 639
427 455
427 470
427 613
427 633
427 794
428 491
428 754
429 692
430 442
430 717
432 504
432 828
433 820
434 677
435 793
437 630
437 798
437 935
437 953
438 756
438 825
438 944
439 470
440 727
440 984
441 550
441 712
441 1013
442 691
442 760
442 910
442 927
442 996
442 1021
444 535
444 574
444 775
445 478
445 711
445 991
446 466
446 780
446 881
447 719
449 956
451 615
451 873
452 538
452 583
454 588
454 627
454 634
454 927
455 565
455 599
455 868
456 764
456 969
457 531
457 555
457 633
457 746
457 903
457 919
458 988
459 892
460 492
460 521
460 833
460 950
460 951
461 572
461 698
465 519
465 595
465 687
465 762
466 782
467 1001
468 602
469 485
469 570
469 793
471 538
471 569
471 702
471 800
471 882
473 632
473 714
473 848
473 925
473 968
474 480
474 557
474 624
475 802
477 573
477 692
477 854
477 910
477 939
477 991
478 545
478 1009
479 820
480 491
480 580
480 617
482 597
482 940
483 679
483 1027
484 504
485 535
485 579
485 593
485 614
485 712
487 646
487 683
487 747
487 765
488 502
488 779
489 987
489 1013
492 916
494 941
495 532
495 573
495 987
496 910
498 642
499 688
499 1001
501 814
502 765
502 842
503 708
504 685
504 686
504 911
504 996
506 814
508 616
508 1031
510 620
512 518
512 730
512 952
512 994
512 1034
514 571
514 576
514 660
514 821
516 602
516 811
519 720
519 787
521 785
522 734
522 888
523 592
523 610
523 907
525 552
527 876
528 837
529 964
532 689
533 558
533 628
534 623
534 973
535 778
538 560
538 943
538 1031
540 743
540 791
540 816
540 933
541 1027
542 1018
543 859
544 752
544 959
549 556
549 799
549 914
550 604
550 707
550 763
552 694
552 706
553 733
554 559
554 703
554 820
554 835
554 966
558 564
558 566
558 667
558 744
560 643
560 717
560 861
560 890
560 1032
561 644
562 582
562 882
563 582
564 789
564 791
568 884
570 859
570 976
571 946
571 997
575 973
576 885
577 1012
578 844
581 598
583 924
584 750
585 868
585 895
585 1038
586 883
588 711
588 878
589 635
589 739
592 972
594 930
595 728
595 952
596 678
596 803
601 612
602 937
603 761
605 954
605 957
606 713
607 657
607 674
607 855
608 787
610 809
610 1033
611 824
611 968
612 930
614 652
614 831
615 631
618 737
620 714
622 675
622 742
622 890
623 998
624 935
624 1024
625 792
625 835
629 640
629 1012
631 1028
632 872
632 898
634 819
634 887
635 929
637 1008
638 889
641 781
641 815
642 852
642 1005
644 839
644 852
645 797
647 768
654 766
657 900
658 750
659 759
660 818
660 954
662 822
662 869
664 674
664 875
665 690
667 839
668 827
668 997
672 880
673 898
674 690
674 757
675 726
675 732
675 877
675 932
675 1020
676 1017
677 828
678 858
680 772
684 724
684 784
686 699
686 841
687 860
690 815
691 701
691 830
692 778
693 719
693 770
693 823
695 857
698 810
699 821
700 743
702 1006
706 860
707 889
708 751
708 796
709 850
710 749
712 834
716 736
717 763
723 877
724 909
724 995
726 809
730 938
732 757
733 790
733 1003
734 755
734 873
734 896
734 958
736 826
742 965
742 1036
744 903
744 923
744 1032
745 837
746 946
746 976
749 853
749 1026
751 854
751 1037
753 783
753 789
753 870
755 777
755 807
756 912
757 882
758 920
759 825
760 838
762 864
762 1007
764 923
765 818
765 925
766 940
767 922
768 913
776 905
777 900
781 879
785 805
785 1000
789 895
791 798
795 887
798 849
801 991
803 879
806 841
806 925
806 977
810 848
810 993
813 914
814 852
816 1003
819 982
823 897
823 975
825 992
829 978
834 939
837 985
838 843
838 855
838 892
840 865
840 1028
844 870
846 907
846 978
851 984
855 904
855 1036
856 873
856 1018
858 993
873 957
873 964
874 980
900 986
901 949
901 990
902 1005
915 940
919 999
921 1029
924 1019
932 970
943 989
946 1026
965 1030
975 1009
1030 1038
