0 1
0 2
0 3
0 4
0 5
0 6
0 8
0 9
0 12
0 13
0 14
0 18
0 22
0 24
0 25
0 30
0 32
0 37
0 39
0 40
0 41
0 49
0 51
0 53
0 56
0 62
0 63
0 64
0 69
0 71
0 72
0 73
0 75
0 80
0 82
0 90
0 93
0 95
0 102
0 104
0 108
0 118
0 121
0 132
0 136
0 138
0 148
0 150
0 151
0 162
0 168
0 173
0 180
0 183
0 189
0 199
0 206
0 208
0 222
0 224
0 230
0 234
0 242
0 243
0 261
0 277
0 286
0 292
0 300
0 316
0 319
0 323
0 324
0 340
0 343
0 363
0 374
0 398
0 408
0 417
0 429
0 464
0 489
0 499
0 503
0 524
0 529
0 537
0 552
0 553
0 556
0 570
0 583
0 595
0 651
0 660
0 694
0 701
0 703
0 704
0 706
0 707
0 717
0 722
0 741
0 775
0 784
0 794
0 801
0 802
0 803
0 812
0 832
0 833
0 846
0 851
0 863
0 871
0 877
0 889
0 896
0 910
0 924
0 937
0 945
0 961
0 987
0 1003
0 1004
1 6
1 8
1 29
1 37
1 79
1 197
1 442
1 508
1 574
1 639
1 893
2 4
2 10
2 11
2 19
2 20
2 21
2 22
2 24
2 27
2 32
2 33
2 53
2 62
2 68
2 77
2 88
2 105
2 124
2 125
2 134
2 141
2 142
2 144
2 172
2 181
2 186
2 197
2 198
2 216
2 249
2 263
2 268
2 305
2 319
2 341
2 388
2 407
2 413
2 426
2 481
2 518
2 520
2 537
2 625
2 636
2 638
2 641
2 665
2 710
2 731
2 741
2 769
2 803
2 810
2 815
2 899
2 915
2 921
2 946
2 997
2 999
2 1029
3 4
3 5
3 6
3 7
3 8
3 48
3 65
3 73
3 116
3 120
3 135
3 142
3 167
3 179
3 218
3 265
3 285
3 290
3 296
3 321
3 330
3 362
3 407
3 426
3 514
3 597
3 649
3 681
3 691
3 994
4 5
4 11
4 14
4 16
4 17
4 23
4 25
4 27
4 42
4 48
4 55
4 67
4 71
4 74
4 107
4 127
4 143
4 154
4 163
4 169
4 195
4 245
4 247
4 302
4 312
4 316
4 325
4 334
4 373
4 513
4 528
4 541
4 572
4 585
4 657
4 721
4 727
4 744
4 863
4 878
4 913
4 928
4 980
4 1000
4 1009
4 1016
5 7
5 10
5 18
5 19
5 26
5 33
5 40
5 63
5 66
5 85
5 89
5 91
5 106
5 128
5 170
5 191
5 206
5 207
5 239
5 254
5 266
5 272
5 309
5 327
5 344
5 377
5 416
5 417
5 427
5 449
5 466
5 496
5 509
5 521
5 522
5 547
5 577
5 599
5 623
5 630
5 667
5 734
5 775
5 800
5 826
5 901
5 935
5 958
5 976
5 1027
6 7
6 9
6 10
6 11
6 13
6 14
6 15
6 20
6 33
6 34
6 35
6 38
6 46
6 56
6 60
6 67
6 69
6 72
6 74
6 78
6 81
6 97
6 105
6 106
6 110
6 120
6 126
6 136
6 139
6 142
6 154
6 174
6 176
6 185
6 188
6 193
6 204
6 205
6 229
6 234
6 238
6 239
6 247
6 253
6 257
6 270
6 276
6 277
6 283
6 318
6 344
6 354
6 360
6 369
6 385
6 404
6 406
6 427
6 449
6 459
6 473
6 489
6 521
6 566
6 573
6 588
6 613
6 634
6 639
6 640
6 650
6 713
6 739
6 789
6 806
6 815
6 817
6 831
6 836
6 845
6 858
6 905
6 935
6 937
6 957
6 973
6 977
6 990
6 1002
6 1025
7 16
7 22
7 29
7 39
7 50
7 58
7 78
7 101
7 116
7 145
7 155
7 226
7 237
7 299
7 301
7 410
7 472
7 480
7 584
7 697
7 702
7 717
7 719
7 732
7 752
7 827
7 879
7 945
8 9
8 12
8 13
8 15
8 20
8 23
8 38
8 51
8 59
8 65
8 66
8 89
8 92
8 103
8 115
8 177
8 225
8 229
8 264
8 273
8 279
8 287
8 296
8 339
8 388
8 389
8 394
8 414
8 441
8 471
8 490
8 518
8 565
8 581
8 619
8 637
8 666
8 705
8 773
8 907
9 12
9 19
9 26
9 30
9 34
9 44
9 45
9 48
9 50
9 52
9 54
9 78
9 91
9 113
9 120
9 135
9 157
9 158
9 162
9 173
9 222
9 232
9 241
9 248
9 319
9 372
9 418
9 509
9 512
9 533
9 621
9 627
9 647
9 657
9 664
9 697
9 720
9 740
9 834
9 841
9 847
9 859
9 870
9 874
9 887
9 928
9 993
9 1027
10 16
10 43
10 54
10 62
10 68
10 76
10 96
10 99
10 101
10 144
10 147
10 168
10 171
10 209
10 228
10 236
10 239
10 271
10 278
10 411
10 479
10 484
10 609
10 672
10 677
10 750
10 925
10 1022
11 36
11 108
11 133
11 156
11 190
11 198
11 261
11 274
11 300
11 328
11 474
11 526
11 540
11 624
11 683
11 720
11 821
11 847
11 988
12 15
12 17
12 30
12 36
12 49
12 60
12 63
12 67
12 154
12 231
12 280
12 294
12 418
12 425
12 455
12 474
12 497
12 639
12 655
12 700
12 830
12 899
13 18
13 21
13 43
13 45
13 47
13 83
13 97
13 100
13 113
13 115
13 129
13 130
13 212
13 233
13 278
13 361
13 366
13 380
13 381
13 441
13 468
13 596
13 612
13 620
13 630
13 708
13 742
13 753
13 828
13 940
13 966
14 17
14 31
14 37
14 47
14 92
14 107
14 109
14 119
14 137
14 149
14 194
14 202
14 227
14 233
14 333
14 352
14 355
14 460
14 478
14 507
14 539
14 545
14 562
14 736
14 760
14 761
14 815
14 859
14 1016
15 35
15 69
15 90
15 103
15 104
15 174
15 207
15 326
15 342
15 371
15 398
15 424
15 567
15 818
15 872
16 42
16 66
16 109
16 123
16 140
16 156
16 205
16 265
16 269
16 473
16 592
16 709
16 737
16 755
16 769
16 883
17 27
17 70
17 176
17 184
17 279
17 320
17 343
17 408
17 432
17 438
17 771
17 933
18 26
18 34
18 35
18 46
18 71
18 77
18 80
18 84
18 118
18 144
18 146
18 169
18 176
18 195
18 205
18 245
18 258
18 285
18 301
18 307
18 339
18 351
18 439
18 444
18 460
18 463
18 504
18 508
18 515
18 563
18 686
18 725
18 734
18 753
18 771
18 773
18 787
18 804
18 831
18 917
18 920
18 933
18 946
18 972
18 994
18 1007
18 1020
18 1024
18 1028
19 21
19 31
19 32
19 36
19 41
19 51
19 52
19 117
19 119
19 129
19 172
19 178
19 206
19 209
19 211
19 227
19 254
19 258
19 280
19 288
19 295
19 311
19 336
19 423
19 458
19 487
19 489
19 523
19 555
19 622
19 628
19 669
19 691
19 728
19 751
19 840
19 930
19 944
19 990
20 28
20 72
20 111
20 179
20 185
20 200
20 211
20 420
20 494
20 498
20 787
21 23
21 50
21 216
21 248
21 251
21 310
21 442
21 484
21 493
21 561
21 601
21 645
21 689
21 733
21 968
22 25
22 73
22 94
22 215
22 260
22 327
22 621
22 773
22 844
22 882
22 937
22 996
23 24
23 28
23 59
23 61
23 84
23 91
23 93
23 122
23 132
23 151
23 166
23 272
23 291
23 324
23 330
23 364
23 392
23 440
23 452
23 463
23 467
23 599
23 637
23 642
23 649
23 703
23 706
23 708
23 752
23 855
23 945
24 29
24 40
24 86
24 131
24 198
24 246
24 288
24 295
24 306
24 332
24 368
24 371
24 399
24 458
24 519
24 531
24 548
24 566
24 593
24 598
24 603
24 629
24 674
24 894
25 28
25 43
25 79
25 84
25 126
25 164
25 167
25 181
25 231
25 266
25 298
25 318
25 390
25 415
25 440
25 516
25 589
25 606
25 607
25 622
25 636
25 654
25 822
25 836
25 867
25 909
25 1001
26 44
26 58
26 87
26 96
26 102
26 132
26 146
26 150
26 171
26 335
26 346
26 348
26 368
26 394
26 419
26 430
26 437
26 482
26 486
26 607
26 648
26 662
26 664
26 704
26 739
26 856
26 885
26 955
26 980
26 986
26 1019
27 55
27 56
27 59
27 83
27 122
27 141
27 170
27 192
27 213
27 282
27 294
27 301
27 335
27 393
27 412
27 477
27 490
27 494
27 547
27 548
27 642
27 758
27 801
27 855
27 885
27 921
27 940
27 1010
28 31
28 42
28 46
28 58
28 64
28 76
28 106
28 124
28 128
28 138
28 146
28 211
28 235
28 252
28 267
28 314
28 347
28 361
28 408
28 446
28 487
28 507
28 513
28 518
28 578
28 610
28 655
28 735
28 799
28 817
28 880
28 903
28 975
28 987
29 110
29 113
29 155
29 249
29 472
29 610
29 665
29 699
29 795
30 57
30 107
30 139
30 227
30 363
30 426
30 435
30 453
30 473
30 589
30 675
30 679
30 726
30 741
30 766
30 866
30 925
30 971
31 45
31 119
31 125
31 177
31 188
31 219
31 237
31 242
31 351
31 481
31 549
31 888
31 998
32 70
32 82
32 202
32 236
32 253
32 362
32 387
32 388
32 748
32 766
32 767
33 41
33 47
33 77
33 100
33 103
33 135
33 153
33 380
33 394
33 590
33 614
33 719
33 814
33 964
33 970
34 118
34 153
34 159
34 546
34 683
34 961
35 57
35 99
35 134
35 147
35 187
35 312
35 336
35 344
35 648
35 663
35 695
35 762
35 875
35 942
36 38
36 52
36 53
36 70
36 79
36 85
36 101
36 153
36 247
36 354
36 397
36 398
36 463
36 520
36 654
37 39
37 44
37 54
37 92
37 93
37 111
37 141
37 149
37 162
37 166
37 180
37 201
37 297
37 322
37 346
37 367
37 486
37 554
37 567
37 627
37 752
37 756
37 797
37 843
37 920
37 959
37 1004
37 1016
38 83
38 195
38 378
38 417
38 443
38 452
38 508
38 603
38 724
38 824
38 830
38 857
38 868
38 897
39 61
39 98
39 126
39 134
39 212
39 399
39 475
39 479
39 497
39 686
39 963
40 65
40 88
40 98
40 121
40 130
40 160
40 186
40 201
40 238
40 405
40 453
40 500
40 540
40 606
40 659
40 680
40 816
41 61
41 102
41 127
41 199
41 278
41 287
41 292
41 409
41 433
41 555
41 562
41 618
41 749
41 759
41 979
42 384
42 843
42 1007
43 49
43 87
43 112
43 129
43 161
43 175
43 215
43 271
43 299
43 393
43 435
43 466
43 624
43 642
43 782
43 963
44 104
44 116
44 149
44 165
44 210
44 232
44 257
44 353
44 367
44 499
44 633
44 706
44 911
44 934
45 255
45 907
46 75
46 76
46 145
46 191
46 221
46 313
46 411
46 422
46 454
46 521
46 595
46 623
46 809
46 834
47 68
47 75
47 81
47 108
47 123
47 130
47 148
47 182
47 187
47 201
47 217
47 243
47 298
47 317
47 356
47 373
47 403
47 544
47 569
47 654
47 658
47 660
47 740
47 753
47 757
47 881
47 883
47 901
47 966
47 967
48 60
48 86
48 163
48 249
48 329
48 393
48 452
48 501
48 675
48 721
48 972
49 112
49 147
49 163
49 175
49 421
50 57
50 557
50 688
51 74
51 111
51 268
51 331
51 350
51 370
51 409
51 422
51 431
51 616
51 725
51 759
51 807
51 932
52 98
52 340
52 383
52 923
52 1003
53 82
53 121
53 123
53 320
53 560
53 685
53 1011
54 55
54 235
54 345
54 385
54 829
54 900
55 140
55 637
55 917
56 94
56 100
56 114
56 122
56 290
56 564
56 649
56 793
56 796
56 956
57 95
57 872
57 934
58 161
58 191
58 908
59 137
59 190
59 224
59 980
60 64
60 90
60 133
60 139
60 140
60 161
60 210
60 256
60 261
60 285
60 324
60 325
60 345
60 358
60 429
60 556
60 565
60 594
60 604
60 988
61 117
61 199
61 251
61 268
61 471
61 474
61 477
61 673
61 695
61 1012
62 181
62 244
62 525
62 1019
62 1026
63 110
63 186
63 213
63 225
63 390
63 419
63 491
63 588
63 626
63 721
63 830
63 957
64 263
64 368
65 97
65 233
65 366
65 535
65 542
65 551
65 608
65 628
65 629
65 765
65 947
65 954
66 152
66 182
66 223
66 365
66 526
66 532
67 309
67 986
68 173
68 527
68 983
69 88
69 94
69 131
69 143
69 164
69 192
69 349
69 357
69 450
69 486
69 491
69 502
69 573
69 609
69 723
69 760
69 852
69 936
69 988
69 1014
70 80
70 85
70 152
70 448
70 459
70 575
70 617
70 802
70 868
71 86
71 114
71 223
71 362
71 433
71 634
71 723
71 743
72 115
72 127
72 192
72 252
72 305
72 495
73 148
73 214
73 348
73 445
73 501
73 1015
74 321
74 355
74 375
74 383
74 397
74 540
74 769
74 777
74 811
74 835
74 954
75 125
75 136
75 217
75 308
75 412
75 633
75 722
75 813
76 151
76 159
76 228
76 455
76 634
76 747
76 853
77 165
77 187
77 311
77 468
77 760
78 81
78 179
78 244
78 273
78 455
78 505
78 515
78 562
78 586
78 829
78 974
79 89
79 105
79 175
79 182
79 275
79 298
79 306
79 313
79 342
79 378
79 430
79 440
79 585
79 658
79 692
79 738
79 846
80 193
80 516
80 593
80 650
80 719
80 790
80 1022
81 87
81 214
81 221
81 433
81 582
81 620
81 939
82 203
82 305
82 594
83 157
83 733
84 166
84 255
84 443
84 485
84 546
84 722
84 915
84 941
84 961
85 316
85 377
85 576
85 702
85 742
85 890
86 335
86 647
87 553
88 96
88 99
88 152
88 213
88 390
88 399
88 510
88 644
88 734
88 805
88 844
88 849
88 1005
89 160
89 190
89 461
89 499
89 580
89 612
89 804
89 824
89 981
90 114
90 138
90 381
90 461
90 538
90 560
91 131
91 158
91 232
91 308
91 359
91 454
91 464
91 491
91 502
91 505
91 511
91 530
91 556
91 666
91 787
91 795
91 803
91 991
91 1011
91 1013
92 402
92 413
92 591
92 788
92 792
93 128
93 172
93 369
93 373
93 873
93 923
93 968
94 95
94 210
94 223
94 269
94 431
94 851
95 208
95 258
95 284
95 541
95 878
95 989
96 304
96 389
96 589
96 745
96 779
96 943
97 331
97 459
97 590
98 348
98 715
99 183
99 276
99 364
99 543
99 545
99 638
99 892
99 914
100 133
100 155
100 184
100 216
100 230
100 354
100 457
100 535
100 709
100 805
100 848
100 901
101 143
101 202
101 252
101 299
101 374
101 382
101 692
101 766
101 788
101 835
101 864
101 978
102 733
103 109
103 174
103 226
103 577
103 777
104 165
104 457
104 813
105 117
105 159
105 220
105 242
105 310
105 412
105 429
105 444
105 571
105 586
105 648
106 564
106 932
108 112
108 224
108 287
108 519
108 608
108 682
108 774
108 902
109 189
109 273
109 495
109 668
109 785
109 845
109 902
110 158
110 170
110 184
110 559
110 597
110 699
110 866
110 898
110 947
111 656
111 778
112 124
112 168
112 333
112 377
112 403
112 467
112 514
112 800
112 839
112 863
112 882
112 982
112 1012
113 189
113 336
113 350
113 436
113 465
113 478
113 483
113 512
113 768
113 938
113 960
114 137
114 185
114 196
114 493
114 635
114 667
114 870
114 948
115 145
115 157
115 487
115 531
115 729
116 775
117 178
117 342
117 747
118 156
119 194
119 850
119 888
120 496
121 222
121 259
121 297
121 381
121 684
121 875
121 879
121 889
122 661
122 890
122 965
123 350
123 391
123 975
124 736
124 1017
125 231
125 413
125 902
126 197
126 329
126 385
126 450
126 675
126 916
126 952
126 962
126 1001
127 164
127 307
127 563
127 602
127 611
127 620
127 632
127 641
127 667
127 764
127 894
127 896
127 974
127 1002
127 1014
128 297
128 308
128 369
128 386
128 424
128 472
128 587
128 704
128 926
128 967
129 219
129 370
129 860
130 687
131 500
131 829
132 332
132 423
132 511
133 386
133 1011
134 246
134 255
134 289
134 359
134 379
134 427
134 432
134 756
134 820
135 150
135 738
135 749
135 860
135 938
135 987
136 178
136 180
136 303
136 391
136 488
136 548
136 611
136 833
136 1004
137 500
137 678
137 768
138 196
138 265
138 284
138 349
138 410
138 482
138 516
138 558
138 596
138 597
138 615
138 661
138 960
139 253
139 602
140 177
140 220
140 230
140 281
140 723
140 809
141 193
141 517
141 712
142 235
142 302
142 323
142 405
142 451
142 631
143 171
143 241
143 384
143 387
143 430
143 456
143 471
143 504
143 547
143 670
143 823
143 856
143 906
143 966
144 262
144 697
144 996
145 293
145 506
147 291
147 462
147 564
147 602
147 621
149 208
149 245
149 332
149 451
149 614
149 998
150 313
150 392
151 246
151 250
151 262
151 291
151 334
151 376
151 447
151 514
151 529
151 712
151 762
151 792
152 203
152 240
152 303
152 531
152 570
152 652
153 436
153 598
153 643
154 237
154 238
154 926
155 167
155 200
155 207
155 212
155 300
155 492
155 554
155 605
155 764
155 812
155 1023
156 732
156 783
157 160
157 217
157 302
157 534
157 601
157 755
157 797
157 869
157 997
158 276
158 370
158 389
158 409
158 578
158 671
158 910
158 958
160 580
160 873
161 243
161 270
161 288
161 869
162 707
163 250
163 670
163 765
164 347
164 400
164 456
164 485
164 927
165 215
165 248
165 277
165 387
165 696
165 1015
166 747
167 318
167 496
167 584
167 685
168 169
168 183
168 228
168 352
168 492
170 188
170 220
170 352
170 498
170 627
170 948
171 194
171 214
171 225
171 284
171 309
171 326
171 396
171 532
171 780
171 888
171 904
171 1000
172 218
172 250
172 611
172 713
172 1007
173 226
173 331
174 218
174 234
174 605
175 505
175 613
175 646
175 687
175 696
176 443
176 553
177 522
178 376
178 379
178 380
178 569
178 592
178 638
178 666
178 951
179 674
179 730
179 825
180 293
180 359
180 587
180 689
180 892
180 995
181 221
181 296
181 310
181 391
181 551
181 658
182 571
183 200
183 251
183 306
184 240
184 259
184 260
184 317
184 652
184 797
184 904
184 991
185 203
185 269
185 274
185 338
185 384
185 446
185 510
185 735
186 275
186 282
186 647
187 262
187 482
187 629
187 820
187 918
187 1028
190 286
190 338
190 566
190 900
191 209
191 219
191 271
191 349
191 356
191 911
192 916
193 196
193 293
193 365
193 367
195 270
195 274
195 303
195 330
195 345
195 358
195 366
195 517
195 640
195 662
195 694
195 705
195 842
195 956
195 993
196 283
196 337
196 534
197 204
197 263
197 914
197 943
198 266
199 204
199 438
200 334
200 347
200 711
200 750
200 795
201 267
201 406
201 462
202 822
203 281
203 311
203 432
203 650
204 292
204 326
206 275
206 289
206 364
206 470
206 577
206 607
206 663
206 737
206 755
206 1000
207 256
207 322
207 436
207 515
207 528
207 770
208 469
208 509
209 870
209 915
209 971
210 374
210 428
210 502
210 545
210 791
211 578
211 967
212 240
212 401
212 403
212 576
212 582
212 643
212 772
213 783
214 450
214 579
214 625
214 965
215 668
215 694
215 698
217 568
217 710
219 259
219 360
219 632
219 806
220 341
220 643
220 712
221 425
225 290
225 333
225 400
225 441
225 442
225 513
225 596
225 745
225 779
225 782
225 835
225 944
225 957
225 969
225 1029
226 229
226 533
226 727
226 1012
227 307
227 524
227 826
227 909
228 236
228 552
229 357
229 361
229 695
229 754
229 823
229 910
229 1026
231 357
231 457
231 745
231 841
231 847
232 315
233 464
233 763
233 784
233 978
234 663
234 793
234 941
234 1006
235 304
235 355
235 405
235 490
235 536
235 571
235 716
236 264
236 267
237 241
237 358
237 504
237 544
237 796
238 375
238 610
238 748
240 244
240 282
240 346
240 584
241 257
241 272
241 283
241 375
241 376
241 423
241 466
241 542
241 960
242 260
242 763
243 315
243 420
243 511
243 679
243 999
244 323
244 593
244 635
245 327
245 415
245 889
246 264
246 434
247 254
247 294
247 371
247 544
247 567
247 626
247 630
247 644
247 660
247 715
247 971
247 1018
248 280
248 328
248 541
248 559
248 880
248 911
248 1003
248 1018
249 397
249 470
249 618
250 289
250 746
250 978
251 304
253 256
253 314
253 832
255 435
255 437
255 600
256 321
256 378
256 536
257 445
257 542
258 372
258 919
258 1021
259 776
259 856
260 460
261 855
262 1017
263 328
263 676
264 922
265 281
266 279
266 465
266 483
266 839
266 931
268 727
269 295
269 396
269 438
269 483
269 572
269 586
269 683
269 908
269 924
270 947
272 517
273 569
275 497
275 557
275 954
275 992
277 322
277 363
277 401
277 492
277 956
279 568
280 329
280 720
280 996
281 448
282 418
282 751
283 686
283 746
283 984
284 314
284 315
284 339
284 506
284 591
285 286
285 360
285 456
286 481
286 600
286 688
286 713
286 918
287 572
287 877
289 731
289 968
290 646
290 799
290 827
291 365
291 690
291 1023
292 320
292 685
292 784
292 810
294 338
294 428
294 488
294 524
294 744
294 810
294 881
295 454
295 458
295 527
295 1024
296 325
296 341
296 382
296 807
297 724
298 317
298 356
298 422
298 507
298 510
298 585
298 659
298 886
300 406
300 420
300 579
300 606
300 927
301 716
301 759
301 900
302 312
302 453
302 546
302 782
302 861
304 844
306 337
306 772
307 337
307 941
308 641
308 702
308 746
308 869
308 1014
309 340
309 400
309 671
309 811
309 884
310 469
310 758
312 539
313 448
313 506
313 604
314 416
314 424
314 449
314 894
315 551
315 631
315 668
315 824
315 886
315 903
315 977
317 469
317 804
318 728
318 906
319 825
320 751
320 780
320 814
320 864
320 920
321 494
321 626
321 816
321 853
322 1028
323 379
323 407
323 533
323 676
323 701
323 748
323 788
324 353
324 838
325 1023
326 351
326 402
328 538
328 1001
329 353
329 404
329 525
330 395
330 421
330 526
330 529
330 909
331 840
331 916
332 1020
333 532
333 618
333 761
333 899
334 434
334 953
335 414
336 392
336 485
336 552
336 891
336 997
337 343
337 631
338 536
339 570
340 468
340 771
342 410
342 687
342 853
342 995
343 475
343 583
344 599
344 678
344 858
344 934
346 814
346 820
349 421
349 478
349 495
349 688
349 854
349 895
349 936
351 726
351 812
351 887
351 962
352 919
353 498
353 811
354 382
354 431
354 447
354 591
354 708
355 402
355 559
355 862
357 465
357 711
357 868
357 896
357 995
358 411
358 445
358 818
360 386
360 581
360 612
360 724
361 444
361 651
362 446
362 744
363 601
365 372
365 628
365 662
365 736
365 756
365 786
366 519
367 383
367 729
368 493
369 714
369 983
370 503
370 522
370 750
371 475
371 574
371 700
372 690
373 774
373 837
373 922
374 437
374 523
374 798
374 827
374 879
374 970
375 549
375 565
378 396
378 415
378 575
378 588
379 573
379 786
379 985
380 673
381 439
382 715
382 1008
383 416
384 462
384 709
385 623
386 592
387 476
387 535
389 395
390 401
390 665
390 842
391 395
393 653
394 419
394 757
394 867
395 428
396 470
396 680
396 865
397 617
397 619
398 404
398 425
398 461
398 480
398 537
398 953
399 776
399 779
399 832
399 922
401 554
401 684
402 477
402 743
403 439
403 604
403 671
403 859
407 918
408 821
409 673
409 770
409 777
410 555
410 644
410 826
410 923
410 925
411 476
411 558
412 414
412 595
412 865
413 434
413 767
413 866
414 984
415 530
415 534
415 580
415 582
415 693
416 600
419 613
420 520
420 792
420 874
422 930
423 503
425 994
426 512
428 560
428 561
428 939
429 1009
430 765
431 447
431 646
431 684
431 714
431 837
431 948
432 615
433 790
434 575
435 633
435 801
436 451
436 523
436 883
437 476
437 616
437 772
439 543
439 594
439 640
439 655
439 731
440 603
441 898
442 530
442 681
444 942
445 617
446 669
448 501
448 955
449 860
450 846
450 892
451 849
453 480
454 624
454 705
455 692
455 808
455 867
456 651
456 699
457 484
457 672
457 992
458 890
458 933
460 525
461 930
462 743
463 821
463 959
464 581
464 679
465 467
465 539
465 711
466 479
466 813
467 939
468 808
468 969
470 561
470 912
475 488
475 615
475 841
476 528
476 608
476 678
476 718
476 798
476 833
477 932
478 632
479 568
479 653
479 836
480 802
482 677
482 929
484 550
485 682
492 619
492 790
493 891
494 635
496 576
496 622
496 700
497 550
497 574
497 656
498 698
498 876
501 538
501 543
502 817
503 917
504 906
504 951
505 757
506 670
507 877
507 999
508 563
508 950
508 1025
509 636
509 776
509 872
510 740
511 696
511 908
514 590
517 912
518 905
519 527
519 579
519 583
519 676
519 854
519 893
520 716
522 558
525 549
525 669
525 822
525 1008
527 981
528 928
529 689
529 842
530 614
532 550
534 885
535 656
538 698
538 831
538 876
540 828
541 963
541 985
542 965
543 690
543 936
543 949
544 929
546 557
546 976
548 907
549 828
552 625
553 717
555 616
555 943
556 808
560 725
560 726
560 730
561 587
561 661
561 707
562 730
564 718
564 783
566 837
567 677
567 754
568 674
568 714
568 781
569 645
569 659
569 742
573 982
575 774
575 950
576 645
576 762
576 972
577 851
578 767
578 893
578 1010
579 735
580 871
582 609
583 848
584 598
584 710
584 798
584 990
586 605
587 791
587 793
588 861
589 884
590 652
590 657
591 737
592 958
593 732
593 763
595 913
595 935
598 786
600 672
602 682
602 764
604 738
604 1015
605 691
605 819
606 728
606 791
606 809
606 1009
607 931
611 819
613 681
613 729
615 701
615 754
622 653
622 929
626 905
629 794
629 927
630 979
631 703
631 857
632 854
632 1029
633 718
635 680
639 1010
640 770
642 789
644 864
644 949
644 1025
647 816
649 778
649 852
651 785
654 998
660 807
660 838
662 874
663 664
663 749
663 891
668 758
668 904
669 796
670 876
672 951
678 693
680 834
681 794
683 819
683 984
684 897
685 880
685 903
685 989
685 991
687 949
688 983
690 693
691 950
692 761
700 931
700 1020
701 952
702 973
703 799
707 778
709 976
710 781
711 739
712 848
712 897
713 878
721 789
726 973
727 953
731 884
732 1021
733 845
733 895
733 986
735 781
736 840
738 1002
740 785
740 1024
746 850
747 780
750 974
752 862
753 843
755 825
757 806
758 800
758 857
760 768
760 865
762 882
764 942
767 985
767 1013
768 838
768 913
770 871
776 852
777 898
782 805
784 839
788 1021
796 818
796 873
802 1005
803 849
805 895
805 989
806 887
807 823
807 886
811 1006
813 850
822 921
822 926
825 938
830 858
833 861
833 1019
836 962
840 875
840 881
849 959
856 924
856 940
859 862
859 982
862 969
866 914
875 919
877 946
877 970
880 964
885 1013
895 912
897 964
897 992
899 955
900 979
901 1026
913 944
913 1008
918 993
925 952
925 977
927 1018
938 981
938 1022
940 1006
949 1027
966 975
968 1017
978 1005
