0 1
0 2
0 3
0 4
0 5
0 7
0 10
0 11
0 12
0 13
0 14
0 17
0 19
0 21
0 27
0 28
0 31
0 33
0 36
0 38
0 39
0 41
0 43
0 46
0 48
0 55
0 56
0 68
0 76
0 79
0 83
0 85
0 89
0 90
0 95
0 98
0 101
0 104
0 108
0 110
0 118
0 123
0 142
0 143
0 149
0 156
0 162
0 164
0 165
0 167
0 168
0 180
0 184
0 189
0 196
0 197
0 208
0 209
0 214
0 256
0 257
0 277
0 281
0 284
0 293
0 299
0 315
0 339
0 348
0 396
0 404
0 413
0 417
0 419
0 437
0 438
0 439
0 445
0 466
0 472
0 501
0 509
0 524
0 528
0 567
0 571
0 578
0 595
0 650
0 653
0 679
0 703
0 708
0 739
0 743
0 754
0 757
0 767
0 788
0 793
0 810
0 811
0 813
0 817
0 819
0 829
0 831
0 839
0 856
0 869
0 871
0 873
0 887
0 924
0 936
0 954
0 957
0 968
1 4
1 5
1 6
1 7
1 12
1 15
1 16
1 18
1 20
1 22
1 26
1 27
1 28
1 30
1 32
1 36
1 41
1 43
1 58
1 62
1 65
1 69
1 73
1 75
1 81
1 85
1 88
1 96
1 121
1 124
1 125
1 139
1 143
1 152
1 173
1 175
1 180
1 244
1 246
1 268
1 282
1 302
1 305
1 324
1 330
1 367
1 382
1 391
1 405
1 426
1 445
1 453
1 503
1 530
1 533
1 540
1 573
1 576
1 586
1 594
1 616
1 643
1 649
1 652
1 662
1 666
1 701
1 708
1 710
1 763
1 778
1 792
1 796
1 818
1 879
1 888
1 904
1 949
2 4
2 6
2 9
2 10
2 11
2 19
2 29
2 37
2 38
2 47
2 52
2 60
2 67
2 71
2 81
2 93
2 117
2 154
2 185
2 211
2 219
2 223
2 228
2 283
2 295
2 391
2 397
2 404
2 415
2 505
2 543
2 574
2 594
2 634
2 642
2 687
2 716
2 780
2 797
2 802
2 825
2 835
2 842
2 873
2 884
2 934
3 8
3 46
3 58
3 99
3 133
3 206
3 289
3 335
3 387
3 495
3 624
3 966
4 5
4 6
4 7
4 8
4 10
4 11
4 30
4 50
4 52
4 53
4 77
4 92
4 98
4 132
4 137
4 138
4 156
4 185
4 191
4 208
4 252
4 277
4 373
4 406
4 417
4 456
4 473
4 477
4 485
4 490
4 550
4 555
4 581
4 598
4 608
4 629
4 656
4 702
4 724
4 789
4 849
4 866
4 894
4 920
4 925
4 927
4 931
4 941
5 9
5 12
5 23
5 48
5 92
5 118
5 183
5 191
5 229
5 274
5 281
5 466
5 468
5 749
5 885
5 903
5 909
5 965
6 13
6 15
6 22
6 29
6 35
6 40
6 54
6 55
6 80
6 84
6 91
6 103
6 173
6 177
6 184
6 202
6 210
6 226
6 266
6 267
6 303
6 311
6 353
6 375
6 401
6 409
6 448
6 458
6 482
6 486
6 491
6 540
6 627
6 685
6 695
6 733
6 771
6 841
6 842
6 867
6 947
7 8
7 9
7 23
7 31
7 32
7 76
7 93
7 101
7 115
7 148
7 153
7 172
7 173
7 193
7 198
7 219
7 249
7 279
7 311
7 315
7 347
7 351
7 430
7 442
7 452
7 536
7 593
7 686
7 721
7 722
7 826
7 869
7 899
7 975
8 13
8 21
8 22
8 24
8 28
8 30
8 35
8 36
8 37
8 42
8 44
8 50
8 51
8 74
8 78
8 117
8 120
8 133
8 134
8 148
8 165
8 192
8 195
8 221
8 244
8 265
8 269
8 270
8 277
8 286
8 303
8 308
8 309
8 330
8 341
8 354
8 380
8 416
8 448
8 456
8 465
8 471
8 484
8 494
8 550
8 591
8 640
8 641
8 669
8 696
8 700
8 713
8 723
8 744
8 755
8 775
8 777
8 781
8 797
8 815
8 835
8 843
8 979
9 15
9 26
9 31
9 236
9 245
9 279
9 379
9 396
9 481
9 493
9 585
9 606
9 738
9 909
9 925
10 25
10 45
10 54
10 75
10 82
10 107
10 157
10 162
10 167
10 255
10 398
10 402
10 516
10 520
10 563
10 633
10 655
10 673
10 675
10 778
10 895
10 907
10 966
11 18
11 24
11 37
11 40
11 41
11 54
11 65
11 69
11 89
11 90
11 95
11 103
11 110
11 112
11 123
11 130
11 134
11 140
11 152
11 161
11 239
11 242
11 265
11 268
11 275
11 286
11 287
11 308
11 311
11 316
11 362
11 382
11 471
11 495
11 496
11 547
11 567
11 583
11 598
11 776
11 818
11 896
11 931
11 932
12 14
12 60
12 134
12 181
12 215
12 324
12 461
12 584
12 782
12 833
12 865
12 868
12 939
13 14
13 16
13 17
13 26
13 46
13 63
13 69
13 79
13 85
13 98
13 102
13 105
13 207
13 250
13 262
13 328
13 363
13 365
13 426
13 513
13 565
13 584
13 652
13 725
13 816
13 829
13 836
13 859
14 16
14 20
14 21
14 35
14 50
14 53
14 59
14 62
14 67
14 73
14 74
14 80
14 83
14 93
14 112
14 127
14 133
14 140
14 142
14 205
14 223
14 224
14 229
14 234
14 239
14 287
14 319
14 329
14 342
14 345
14 357
14 358
14 363
14 380
14 408
14 423
14 430
14 464
14 486
14 487
14 508
14 529
14 550
14 553
14 579
14 588
14 610
14 623
14 624
14 668
14 693
14 740
14 750
14 754
14 784
14 812
14 825
14 941
14 945
14 962
15 17
15 18
15 23
15 33
15 34
15 104
15 113
15 119
15 192
15 194
15 243
15 314
15 317
15 328
15 364
15 440
15 452
15 650
15 675
15 770
15 955
16 19
16 34
16 78
16 131
16 294
16 313
16 317
16 429
16 728
17 25
17 101
17 206
17 211
17 245
17 274
18 123
18 138
18 272
18 291
18 343
18 348
18 367
18 481
18 499
18 559
18 693
18 800
18 841
19 20
19 45
19 49
19 74
19 103
19 112
19 115
19 166
19 193
19 195
19 206
19 274
19 296
19 350
19 366
19 378
19 438
19 492
19 543
19 586
19 615
19 636
19 637
19 645
19 710
19 910
20 24
20 34
20 248
20 260
20 301
20 502
20 827
20 863
21 25
21 27
21 47
21 84
21 129
21 149
21 166
21 169
21 187
21 190
21 240
21 243
21 245
21 248
21 345
21 388
21 399
21 432
21 506
21 562
21 663
21 665
21 680
21 704
21 710
21 715
21 747
21 824
21 883
22 64
22 91
22 100
22 131
22 150
22 178
22 273
22 297
22 407
22 459
22 705
22 742
22 751
22 862
22 927
22 946
23 29
23 62
23 86
23 165
23 201
23 212
23 241
23 247
23 253
23 259
23 297
23 322
23 558
23 575
23 625
23 849
23 874
23 885
23 954
23 971
24 33
24 61
24 102
24 105
24 186
24 207
24 210
24 221
24 233
24 253
24 339
24 405
24 494
24 531
24 549
24 596
24 722
24 743
24 787
24 804
24 907
25 32
25 42
25 44
25 51
25 53
25 56
25 135
25 143
25 199
25 222
25 272
25 293
25 310
25 371
25 375
25 444
25 520
25 525
25 689
25 700
25 703
25 758
25 923
26 61
26 102
26 564
26 883
26 949
27 44
27 52
27 59
27 132
27 139
27 161
27 180
27 236
27 285
27 288
27 307
27 355
27 364
27 394
27 414
27 435
27 437
27 480
27 602
27 653
27 666
27 684
27 818
27 830
27 937
28 287
28 310
28 314
28 782
28 902
29 55
29 89
29 105
29 137
29 158
29 196
29 297
29 367
29 389
29 490
29 549
29 584
29 640
29 661
29 677
29 774
30 57
30 326
30 603
30 620
30 929
31 70
31 96
31 97
31 139
31 146
31 254
31 351
31 551
31 739
31 975
32 39
32 63
32 77
32 106
32 124
32 181
32 182
32 217
32 251
32 285
32 341
32 451
32 476
32 618
32 680
32 802
33 170
33 280
33 354
33 503
33 587
33 712
33 748
33 753
34 39
34 51
34 60
34 76
34 94
34 116
34 136
34 186
34 197
34 271
34 306
34 366
34 381
34 383
34 423
34 424
34 516
34 534
34 542
34 557
34 589
34 601
34 679
34 789
34 801
34 803
34 835
34 893
34 911
34 922
35 45
35 169
35 170
35 174
35 427
35 610
35 621
35 658
35 953
35 959
35 960
36 40
36 47
36 57
36 66
36 70
36 77
36 80
36 88
36 114
36 116
36 122
36 147
36 153
36 160
36 176
36 194
36 218
36 235
36 312
36 356
36 382
36 386
36 394
36 398
36 419
36 443
36 482
36 498
36 525
36 535
36 620
36 630
36 662
36 666
36 684
36 696
36 702
36 770
36 777
36 786
36 855
36 904
37 38
37 49
37 58
37 68
37 79
37 108
37 169
37 249
37 325
37 360
37 374
37 460
37 512
37 534
37 648
37 657
37 665
37 734
37 834
37 961
38 43
38 56
38 87
38 128
38 132
38 552
38 568
38 569
38 699
38 764
38 807
39 49
39 64
39 107
39 150
39 175
39 313
39 433
39 505
39 561
39 574
39 669
39 733
40 42
40 126
40 174
40 222
40 230
40 258
40 407
40 415
40 432
40 463
40 486
40 519
40 600
40 640
40 688
40 811
40 850
40 936
41 87
41 151
41 191
41 224
41 235
41 263
41 343
41 411
41 462
41 617
41 787
42 57
42 83
42 86
42 111
42 137
42 182
42 222
42 342
42 347
42 574
43 48
43 107
43 378
43 612
43 812
43 820
43 912
44 183
44 244
44 363
44 510
44 847
45 408
45 667
45 935
46 99
47 208
47 507
47 601
47 656
47 959
48 63
48 67
48 72
48 106
48 125
48 126
48 145
48 147
48 185
48 230
48 250
48 260
48 454
48 590
48 609
48 622
48 726
48 808
49 66
49 71
49 227
49 286
49 289
49 332
49 403
49 517
49 611
49 735
50 64
50 68
50 75
50 127
50 152
50 175
50 201
50 368
50 389
50 395
50 439
50 446
50 597
50 735
50 745
50 747
50 777
50 848
50 952
51 261
51 454
51 468
51 475
51 603
51 689
52 161
52 196
52 213
52 317
52 322
52 336
52 399
52 464
52 509
52 658
52 844
53 86
53 87
53 111
53 128
53 200
53 225
53 238
53 259
53 407
53 436
53 547
53 654
53 707
54 90
54 94
54 109
54 111
54 198
54 234
54 262
54 306
54 349
54 357
54 392
54 416
54 613
55 71
55 144
55 155
55 172
55 266
55 333
55 369
55 601
55 646
55 951
56 59
56 61
56 65
56 66
56 91
56 113
56 135
56 217
56 254
56 264
56 323
56 385
56 433
56 513
56 523
56 590
56 717
56 851
56 877
56 891
56 898
56 930
57 82
57 141
57 144
57 156
57 171
57 177
57 236
57 339
57 377
57 411
57 420
57 450
57 504
57 571
57 578
57 616
57 683
57 694
57 720
57 837
57 853
57 908
57 910
58 72
58 476
58 648
58 685
59 141
59 189
59 280
59 316
59 634
59 752
60 619
61 153
61 162
61 253
61 620
61 687
61 950
62 82
62 97
62 155
62 258
62 607
62 945
63 95
63 142
63 205
63 605
63 618
63 681
64 72
64 344
64 416
64 457
64 571
64 606
64 805
64 844
64 852
64 893
64 933
65 202
65 213
65 257
65 266
65 302
65 353
65 356
65 372
65 504
65 522
65 609
65 628
65 659
65 736
65 845
65 863
65 892
65 948
66 109
66 243
67 100
67 122
67 209
67 300
67 727
68 70
68 78
68 84
68 163
68 187
68 256
68 565
68 628
68 711
68 760
68 847
68 899
68 975
69 121
69 147
69 174
69 179
69 242
69 364
69 387
69 388
69 449
69 469
69 497
69 543
69 625
69 668
69 737
69 861
69 928
69 942
70 73
70 94
70 99
70 188
70 352
70 370
71 81
71 97
71 115
71 157
71 181
71 237
71 326
71 369
71 459
71 471
71 562
71 696
72 104
72 108
72 109
72 186
72 320
72 396
72 435
72 484
72 901
72 926
73 328
73 378
73 463
73 812
74 953
75 88
75 106
75 122
75 178
75 183
75 304
75 307
75 320
75 324
75 376
75 381
75 546
75 626
75 704
75 740
75 930
76 114
76 172
76 577
76 578
76 599
76 633
76 729
76 814
76 974
77 203
77 611
77 654
77 878
78 128
78 145
78 179
78 205
78 264
78 295
78 330
78 373
78 454
78 499
78 582
78 657
78 695
78 846
78 892
79 129
79 232
79 310
79 319
79 410
79 618
79 734
79 761
80 120
80 209
80 275
80 279
80 340
80 350
80 537
80 833
81 289
81 569
81 836
81 869
82 154
82 217
82 226
82 529
82 688
82 740
82 762
82 767
82 780
83 92
83 163
83 164
83 207
83 248
83 304
83 351
83 359
83 500
83 517
83 565
83 810
84 126
84 538
84 560
84 587
84 652
84 768
84 806
84 881
84 890
84 956
85 96
85 188
85 225
85 335
85 459
85 562
85 668
85 786
85 954
85 979
86 347
87 130
87 144
87 255
87 418
87 421
87 517
87 545
87 613
87 830
88 398
88 831
89 116
89 141
89 202
89 220
89 342
89 589
89 648
89 763
90 124
90 138
90 296
90 337
90 393
90 604
91 251
92 166
92 247
92 312
92 422
92 493
92 691
92 703
92 878
92 879
93 100
93 188
93 262
93 316
93 501
93 570
93 714
93 826
94 897
95 110
95 214
95 321
95 376
96 120
96 121
96 125
96 136
96 159
96 160
96 199
96 212
96 278
96 480
96 509
96 542
96 555
96 646
96 701
96 708
96 863
96 921
97 113
97 129
97 218
97 344
97 472
97 506
97 551
97 582
97 630
98 178
98 232
98 268
98 346
98 356
98 439
98 539
98 774
99 149
99 526
99 780
99 946
100 135
100 201
101 233
101 424
101 721
102 117
102 136
102 168
102 256
102 298
102 395
102 557
102 581
102 782
102 900
102 928
103 343
103 412
104 294
104 309
104 468
104 496
104 664
104 933
105 119
105 127
105 140
105 197
105 221
105 238
105 272
105 386
105 488
105 560
105 876
106 966
107 524
107 563
107 632
107 968
108 920
109 329
109 366
109 431
109 814
109 825
109 894
110 212
110 960
111 114
111 150
111 160
111 190
111 230
111 365
111 388
111 424
111 443
111 444
111 512
111 540
111 541
111 606
111 672
111 715
111 875
111 892
111 962
112 118
112 148
112 154
112 158
112 194
112 238
112 252
112 257
112 271
112 278
112 292
112 327
112 381
112 405
112 410
112 429
112 476
112 492
112 790
112 916
112 955
113 184
113 414
113 592
113 665
113 674
113 692
113 728
113 752
113 846
114 158
115 168
115 226
115 348
115 450
115 496
115 585
115 967
116 591
116 741
117 163
117 475
117 647
117 690
117 761
117 795
118 119
118 146
118 420
118 528
118 641
118 687
118 732
118 840
118 858
119 944
120 130
120 187
120 659
120 663
120 883
120 885
120 906
121 254
121 267
121 283
121 290
121 559
121 794
122 563
122 716
122 887
123 397
123 539
124 249
124 263
124 337
125 241
125 307
125 374
125 409
125 630
125 762
126 146
126 182
126 190
126 411
126 646
127 203
127 215
127 220
127 239
127 331
127 442
127 576
127 752
127 761
127 771
128 145
128 170
128 223
128 229
128 269
128 273
128 384
128 673
128 678
128 690
128 800
128 822
128 875
128 963
129 151
130 131
130 240
130 247
131 215
131 349
131 695
131 775
131 862
132 216
132 261
133 199
133 349
133 365
133 421
133 548
133 577
133 884
134 260
134 535
134 743
134 836
134 913
135 354
135 583
135 660
136 237
136 467
137 704
137 941
138 232
138 545
138 576
138 577
138 653
138 853
138 895
138 947
139 276
139 449
139 912
140 270
140 426
141 368
141 377
142 159
142 216
142 234
142 338
142 362
143 157
143 252
143 300
143 807
144 385
144 399
144 428
144 443
144 455
144 597
144 738
144 911
144 931
144 965
145 204
145 219
145 344
145 844
145 876
146 200
146 370
146 425
146 976
147 151
147 164
147 176
147 259
147 400
147 412
147 465
147 495
147 877
148 214
148 361
148 790
148 882
149 155
149 200
149 250
149 281
149 387
149 514
149 552
149 674
149 805
149 865
149 914
149 960
150 159
150 177
150 261
150 463
150 634
150 970
153 179
153 720
154 171
154 240
154 271
154 276
154 285
154 305
154 318
154 320
154 397
154 402
154 403
154 469
154 510
154 719
154 756
154 833
154 930
154 938
155 304
155 419
155 742
155 768
155 923
156 198
156 425
156 561
156 961
157 167
157 171
157 282
157 403
157 514
157 544
157 580
157 643
157 672
158 189
158 193
158 225
159 400
159 404
159 870
160 269
160 275
160 907
161 350
161 432
161 884
162 724
163 227
163 263
163 599
163 602
163 829
165 227
165 358
165 817
165 901
166 329
166 434
166 566
166 639
166 779
166 881
167 210
167 739
168 429
168 922
169 231
169 785
169 905
170 192
170 352
170 413
171 176
171 660
172 332
172 676
174 228
174 379
174 972
175 414
177 579
178 235
178 323
180 485
180 558
181 803
182 428
182 434
182 533
182 626
182 917
183 228
183 251
184 242
184 369
184 748
184 889
185 282
185 733
185 978
186 195
186 319
186 506
186 623
186 911
187 301
187 332
187 390
187 430
187 483
187 545
187 964
188 203
188 204
188 291
188 413
188 428
188 462
188 482
188 864
189 204
189 491
189 819
189 927
189 943
190 283
190 406
190 688
190 877
191 455
191 726
192 361
192 789
193 246
193 462
193 621
193 832
194 334
195 327
195 417
195 519
195 532
196 233
196 255
196 264
196 355
196 511
196 536
196 683
196 766
196 859
196 973
197 216
197 321
197 412
197 908
197 942
197 978
198 218
198 220
199 501
199 677
199 856
199 859
199 871
199 947
200 246
200 408
200 619
200 746
200 792
201 457
202 502
202 515
202 589
202 856
202 935
203 211
203 224
203 734
204 258
205 241
205 301
205 333
205 729
205 785
205 795
207 213
207 390
207 615
207 912
208 604
209 431
209 440
209 485
209 672
209 675
209 681
209 745
210 293
210 531
210 617
210 644
210 850
210 926
211 641
211 697
212 678
212 707
213 276
213 361
213 464
213 645
213 670
213 757
214 360
214 368
214 371
214 372
214 521
214 717
215 291
215 333
215 440
215 588
215 657
215 832
217 237
217 477
217 554
217 604
217 797
217 895
217 902
218 591
219 296
219 474
219 655
220 470
220 484
220 507
220 613
220 809
221 355
221 489
221 896
222 231
222 718
222 820
224 345
224 592
225 300
225 322
225 628
225 717
225 775
225 957
226 360
226 504
226 586
227 466
227 548
228 510
228 629
228 821
228 872
228 918
228 924
229 327
229 373
229 391
230 231
230 427
230 651
231 305
231 323
232 359
232 570
233 487
233 736
234 278
234 441
234 626
234 772
235 804
236 295
237 325
237 664
237 682
237 808
238 265
238 290
238 500
238 636
239 522
239 965
240 530
240 699
241 284
241 312
241 479
241 614
241 772
242 435
242 890
243 299
243 309
243 341
243 423
243 474
243 554
243 593
243 744
243 866
244 358
244 470
244 505
244 691
245 280
245 455
246 478
246 531
246 579
247 270
247 453
247 537
247 539
247 730
247 759
248 290
248 475
248 513
249 267
249 318
249 326
249 340
249 498
249 534
249 720
249 776
249 847
250 389
251 337
251 392
251 393
251 457
251 514
251 635
251 644
251 731
251 754
251 858
251 860
251 886
252 299
252 605
252 642
252 709
253 371
253 718
253 795
254 374
254 597
254 619
254 788
254 872
254 972
255 623
255 918
256 421
256 870
257 273
257 447
257 580
257 650
257 848
258 318
259 662
260 302
260 460
260 469
260 488
260 843
260 957
261 325
261 335
261 390
261 770
261 958
262 321
262 538
263 483
264 292
264 594
264 699
265 773
267 379
267 633
267 706
267 727
267 944
269 294
269 313
269 338
269 749
269 882
269 979
270 298
270 303
270 394
270 656
271 336
271 596
272 346
272 415
272 890
273 288
273 370
273 406
274 711
275 288
275 402
275 480
275 529
275 568
275 663
275 793
275 827
276 377
276 598
277 284
277 497
277 520
278 336
278 338
278 470
278 512
278 967
279 479
279 750
280 588
280 622
280 643
281 353
281 393
281 516
281 742
282 292
282 447
282 631
282 757
282 871
282 926
282 948
283 448
283 528
283 572
283 607
283 876
284 490
284 532
284 891
284 924
285 779
286 331
287 298
287 314
287 635
287 886
288 442
289 499
289 523
289 526
289 909
289 922
290 346
290 566
291 786
292 841
293 425
293 546
293 673
294 450
294 554
294 822
295 315
295 952
296 357
296 395
296 491
296 595
296 602
296 764
297 449
297 478
297 676
299 306
299 308
299 670
300 400
302 420
302 445
303 427
303 627
303 896
304 647
306 383
306 384
306 492
306 655
308 671
309 392
309 498
309 519
309 557
309 698
309 745
311 787
311 791
313 376
313 709
313 760
314 759
315 352
315 783
316 522
317 331
317 385
319 502
319 581
319 614
319 951
320 762
321 359
321 386
321 472
321 755
322 334
322 467
322 801
323 422
323 645
323 765
324 868
325 334
325 372
325 527
325 661
325 921
326 744
330 451
330 541
330 556
330 714
330 794
330 849
330 923
331 340
331 527
331 731
331 915
332 384
333 819
335 538
335 592
335 822
336 697
338 451
338 546
338 629
338 798
338 837
338 874
338 917
339 834
340 452
340 467
340 566
340 973
341 714
342 746
342 865
343 473
343 897
346 551
346 555
346 732
346 735
346 940
346 951
348 790
348 817
348 870
349 515
349 544
349 568
349 608
352 599
353 497
354 446
354 664
355 632
356 409
357 453
357 521
357 564
357 580
357 651
357 721
357 784
357 803
357 807
357 903
357 942
358 507
358 525
358 791
359 527
360 375
360 437
360 458
360 477
360 919
361 362
361 401
362 410
362 487
362 569
362 612
362 749
362 784
362 805
362 813
362 940
363 682
364 383
364 422
364 456
364 564
364 783
365 971
366 434
366 541
366 572
367 637
367 644
368 481
368 753
368 774
368 851
369 809
369 898
370 474
371 724
371 854
372 380
373 682
373 914
374 401
374 603
374 756
375 845
377 823
377 861
381 418
382 494
382 567
382 582
382 638
382 799
383 711
384 937
385 713
385 830
385 842
386 461
386 542
386 638
386 855
387 558
387 572
387 639
389 560
389 712
390 600
390 617
391 458
391 524
391 547
391 694
391 718
391 973
392 940
394 692
394 716
394 832
397 659
398 508
398 533
398 751
398 808
399 631
400 441
400 444
401 465
401 858
401 868
402 935
403 441
403 969
404 479
404 888
405 526
406 447
406 948
407 535
407 587
408 732
410 611
410 705
410 748
411 813
411 816
412 433
413 436
413 508
414 418
414 658
415 518
415 802
416 431
416 536
419 530
420 919
421 624
422 702
424 436
424 635
424 698
425 478
425 773
425 905
425 953
428 792
429 489
431 511
431 573
433 753
434 438
434 796
435 493
435 962
436 473
436 608
436 929
437 446
437 548
437 553
437 625
438 489
438 570
438 867
440 828
441 556
441 660
441 755
441 806
442 503
442 694
442 950
445 460
445 511
445 799
445 913
445 949
446 622
448 882
449 781
451 590
451 595
451 862
451 921
452 758
453 956
454 750
454 925
456 902
457 483
457 880
458 828
459 461
459 649
459 758
459 845
461 600
463 636
465 500
465 518
465 596
465 853
466 518
466 532
466 583
466 677
466 974
467 873
471 647
471 667
471 684
473 737
475 488
475 637
475 670
475 697
475 796
475 811
476 661
476 741
477 632
479 515
479 686
479 689
480 860
480 943
480 950
481 627
482 676
487 683
487 840
488 537
491 616
491 936
492 559
492 760
493 938
498 671
499 556
503 976
505 746
505 880
507 667
511 521
511 686
512 706
513 523
513 552
513 573
513 610
515 741
516 693
516 839
517 593
517 615
518 700
518 852
518 915
519 561
519 575
519 612
519 759
521 553
521 671
521 854
523 846
523 867
524 958
526 879
528 848
528 864
529 621
530 706
530 725
532 767
532 945
533 544
533 730
533 824
533 857
534 549
534 838
534 918
537 824
538 679
538 771
538 816
539 614
542 712
543 763
544 788
546 605
546 728
546 730
546 781
547 970
548 609
548 932
550 952
551 823
551 843
553 968
556 969
559 899
560 939
562 768
562 929
563 654
563 715
566 575
566 669
566 713
566 838
566 919
567 872
568 639
570 889
572 737
574 585
574 607
574 680
575 638
575 709
577 642
579 690
579 839
580 820
581 963
584 685
584 955
591 723
592 875
592 903
592 976
596 692
596 917
597 681
601 778
604 649
604 794
604 939
606 810
608 707
608 972
609 850
611 798
611 823
611 900
613 631
613 691
613 729
622 900
622 964
623 678
623 769
625 701
625 838
627 725
627 769
627 934
630 901
634 651
634 798
634 978
637 705
640 731
640 815
640 977
641 946
645 932
646 971
649 886
650 815
652 956
657 674
657 888
658 723
660 806
663 769
665 719
667 738
669 920
671 801
674 821
675 719
675 772
681 773
682 934
683 736
685 698
689 860
690 906
692 910
694 727
695 776
696 722
697 944
698 791
702 977
707 821
708 726
708 766
708 967
710 765
710 887
711 765
711 933
713 881
714 764
714 779
714 906
715 766
715 804
715 814
717 916
718 799
719 970
722 751
723 828
724 943
724 977
727 854
728 756
732 864
734 831
737 891
739 793
739 861
742 747
743 893
745 785
748 826
751 827
755 783
758 851
760 809
760 959
765 800
765 889
765 961
765 974
766 916
779 969
780 857
782 840
782 880
783 834
785 898
787 866
796 878
798 963
801 904
810 938
812 908
815 894
816 837
817 897
818 852
821 964
824 855
828 905
849 857
849 874
866 913
873 915
883 937
893 914
920 928
923 958
