0 1
0 2
0 3
0 4
0 5
0 6
0 7
0 9
0 12
0 14
0 17
0 20
0 22
0 23
0 29
0 32
0 34
0 36
0 53
0 57
0 60
0 61
0 67
0 74
0 84
0 87
0 90
0 107
0 117
0 121
0 144
0 148
0 151
0 153
0 174
0 175
0 213
0 233
0 239
0 249
0 267
0 272
0 281
0 295
0 311
0 318
0 323
0 331
0 333
0 342
0 349
0 350
0 353
0 361
0 369
0 387
0 390
0 393
0 414
0 417
0 436
0 446
0 447
0 449
0 462
0 472
0 474
0 479
0 480
0 511
0 520
0 523
0 552
0 559
0 621
0 672
0 686
0 703
0 710
0 722
0 725
0 764
0 768
0 787
0 818
0 851
0 879
0 889
1 4
1 10
1 14
1 76
1 100
1 169
1 277
1 349
1 508
1 510
1 513
1 563
1 742
2 15
2 16
2 19
2 22
2 26
2 29
2 36
2 43
2 45
2 59
2 65
2 110
2 119
2 125
2 166
2 176
2 206
2 215
2 234
2 243
2 262
2 284
2 343
2 353
2 361
2 378
2 399
2 408
2 460
2 480
2 499
2 628
2 634
2 645
2 650
2 687
2 715
2 753
2 793
2 835
3 4
3 5
3 6
3 9
3 10
3 11
3 12
3 13
3 19
3 42
3 47
3 63
3 94
3 101
3 106
3 109
3 120
3 124
3 132
3 137
3 148
3 152
3 161
3 183
3 197
3 201
3 248
3 270
3 306
3 308
3 324
3 402
3 444
3 508
3 512
3 547
3 566
3 586
3 600
3 682
3 699
3 705
3 714
3 735
3 745
3 753
3 763
3 793
3 811
3 834
3 838
3 870
4 5
4 7
4 9
4 13
4 18
4 25
4 31
4 38
4 68
4 77
4 80
4 134
4 141
4 159
4 200
4 331
4 371
4 378
4 385
4 396
4 500
4 540
4 544
4 592
4 605
4 611
4 625
4 643
4 688
4 739
4 860
4 864
5 6
5 7
5 8
5 11
5 14
5 15
5 18
5 24
5 31
5 32
5 38
5 40
5 46
5 49
5 50
5 55
5 62
5 67
5 71
5 72
5 75
5 92
5 93
5 99
5 115
5 121
5 125
5 131
5 132
5 133
5 136
5 137
5 143
5 150
5 151
5 157
5 160
5 164
5 165
5 168
5 172
5 193
5 207
5 211
5 229
5 236
5 241
5 242
5 247
5 254
5 255
5 256
5 280
5 291
5 293
5 297
5 314
5 330
5 333
5 356
5 378
5 410
5 412
5 440
5 446
5 460
5 482
5 494
5 538
5 545
5 547
5 553
5 555
5 585
5 588
5 591
5 599
5 609
5 628
5 674
5 683
5 687
5 692
5 704
5 713
5 724
5 743
5 751
5 761
5 764
5 770
5 773
5 830
5 834
5 835
5 856
6 8
6 11
6 12
6 15
6 50
6 55
6 60
6 84
6 183
6 184
6 191
6 236
6 290
6 315
6 319
6 327
6 367
6 391
6 442
6 484
6 590
6 606
6 644
6 677
6 688
6 705
6 760
6 801
6 822
6 848
6 869
7 8
7 25
7 27
7 38
7 43
7 59
7 63
7 70
7 77
7 80
7 83
7 91
7 93
7 106
7 130
7 134
7 152
7 161
7 175
7 228
7 245
7 269
7 283
7 352
7 379
7 468
7 483
7 505
7 511
7 521
7 564
7 648
7 727
7 740
7 749
7 756
7 812
7 850
7 858
8 17
8 22
8 24
8 32
8 103
8 144
8 230
8 239
8 291
8 303
8 389
8 405
8 412
8 544
8 572
8 671
8 699
8 821
8 824
9 10
9 73
9 77
9 78
9 107
9 145
9 158
9 169
9 266
9 289
9 292
9 317
9 341
9 398
9 409
9 450
9 468
9 550
9 574
9 768
9 795
10 16
10 23
10 31
10 33
10 54
10 70
10 78
10 81
10 105
10 115
10 120
10 190
10 215
10 216
10 222
10 243
10 250
10 286
10 307
10 311
10 320
10 330
10 381
10 392
10 432
10 437
10 572
10 683
10 881
10 894
11 13
11 18
11 19
11 20
11 23
11 24
11 53
11 58
11 87
11 101
11 104
11 117
11 124
11 145
11 167
11 194
11 213
11 235
11 284
11 309
11 317
11 344
11 380
11 385
11 499
11 656
11 669
11 674
11 737
11 744
11 754
11 790
11 808
11 823
11 833
11 854
11 861
11 891
12 16
12 42
12 87
12 96
12 104
12 117
12 146
12 208
12 423
12 539
12 609
12 640
12 765
13 94
13 199
13 250
13 684
13 691
14 21
14 28
14 34
14 36
14 37
14 41
14 44
14 50
14 56
14 61
14 66
14 73
14 74
14 99
14 108
14 114
14 136
14 139
14 143
14 180
14 188
14 220
14 305
14 389
14 391
14 392
14 443
14 452
14 458
14 482
14 531
14 537
14 626
14 718
14 799
14 810
14 828
14 829
14 875
14 884
15 17
15 21
15 33
15 35
15 69
15 95
15 118
15 132
15 143
15 153
15 154
15 173
15 218
15 225
15 274
15 278
15 294
15 319
15 322
15 338
15 363
15 422
15 439
15 441
15 471
15 473
15 569
15 596
15 602
15 612
15 627
15 697
15 723
15 724
15 733
15 751
15 761
15 842
15 844
15 877
15 896
16 20
16 21
16 25
16 27
16 29
16 33
16 35
16 39
16 42
16 44
16 45
16 48
16 49
16 54
16 56
16 60
16 66
16 72
16 82
16 85
16 88
16 89
16 93
16 97
16 100
16 104
16 110
16 116
16 123
16 135
16 178
16 180
16 187
16 191
16 198
16 218
16 233
16 257
16 258
16 260
16 274
16 282
16 298
16 331
16 335
16 338
16 341
16 390
16 397
16 455
16 486
16 487
16 502
16 504
16 527
16 532
16 540
16 559
16 561
16 570
16 582
16 589
16 615
16 695
16 724
16 728
16 736
16 794
16 803
16 816
16 865
16 876
16 899
17 64
17 116
17 171
17 193
17 406
17 417
17 507
17 549
17 809
17 882
18 27
18 47
18 71
18 76
18 82
18 96
18 111
18 140
18 141
18 161
18 165
18 272
18 283
18 301
18 303
18 304
18 390
18 437
18 460
18 496
18 602
19 253
20 41
20 43
20 46
20 48
20 65
20 84
20 90
20 112
20 129
20 238
20 241
20 261
20 268
20 291
20 321
20 325
20 369
20 372
20 393
20 432
20 434
20 448
20 456
20 483
20 523
20 529
20 564
20 590
20 606
20 613
20 627
20 629
20 635
20 679
20 695
20 706
20 778
20 784
21 26
21 39
21 45
21 51
21 52
21 70
21 79
21 108
21 110
21 140
21 168
21 173
21 198
21 206
21 255
21 306
21 349
21 372
21 521
21 529
21 532
21 623
21 631
21 652
21 777
21 827
21 839
21 840
21 895
22 28
22 35
22 44
22 59
22 91
22 176
22 237
22 276
22 355
22 385
22 426
22 433
22 439
22 451
22 470
22 495
22 550
22 630
22 716
22 869
22 872
22 874
23 55
23 68
23 219
23 224
23 359
23 441
23 570
23 587
23 606
23 647
23 672
23 859
24 26
24 30
24 64
24 124
24 673
24 887
25 97
25 171
25 191
25 282
25 481
25 518
25 836
25 871
25 882
26 28
26 30
26 40
26 75
26 98
26 99
26 109
26 119
26 135
26 144
26 170
26 173
26 179
26 190
26 202
26 227
26 258
26 288
26 316
26 326
26 334
26 341
26 370
26 376
26 393
26 404
26 405
26 430
26 536
26 537
26 565
26 579
26 594
26 637
26 651
26 689
26 700
26 740
26 786
26 839
26 897
27 30
27 34
27 71
27 165
27 234
27 413
27 417
27 433
27 501
27 541
27 603
27 664
27 701
27 769
27 845
28 39
28 40
28 73
28 78
28 96
28 100
28 179
28 199
28 214
28 418
28 630
28 674
28 715
29 37
29 48
29 51
29 52
29 83
29 88
29 105
29 184
29 295
29 467
29 563
29 612
29 776
29 806
29 841
30 82
30 95
30 235
30 262
30 287
30 383
30 491
30 548
30 570
30 605
30 637
30 731
30 817
31 72
31 76
31 86
31 142
31 194
31 212
31 290
31 320
31 356
31 374
31 425
31 465
31 666
31 729
31 784
31 785
31 815
31 830
31 865
31 873
32 46
32 62
32 108
32 111
32 293
32 310
32 363
32 632
32 825
33 37
33 41
33 58
33 81
33 275
33 296
33 399
34 51
34 53
34 54
34 112
34 248
34 313
34 319
34 400
34 498
34 655
34 714
34 733
34 852
35 62
35 63
35 131
35 192
35 279
35 435
35 554
35 595
36 47
36 49
36 89
36 111
36 118
36 127
36 159
36 220
36 240
36 252
36 342
36 350
36 462
36 510
36 515
36 550
36 561
36 625
36 680
36 696
36 734
36 746
36 793
36 817
36 887
37 86
37 174
37 402
37 530
38 69
38 98
38 103
38 162
38 195
38 324
38 339
38 424
38 430
38 571
38 730
38 757
39 68
39 75
39 157
39 166
39 188
39 249
39 259
39 287
39 358
39 367
39 386
39 415
39 489
39 582
39 668
40 57
40 69
40 224
40 465
40 631
40 670
40 812
40 818
41 101
41 126
41 138
41 386
41 583
41 762
41 800
42 81
42 102
42 163
42 221
42 235
42 615
42 780
42 862
43 56
43 88
43 113
43 149
43 167
43 210
43 273
43 489
43 655
43 752
44 67
44 177
44 184
44 199
44 219
44 222
44 265
44 365
44 398
44 656
44 676
44 841
45 80
45 85
45 172
45 373
45 505
45 555
45 600
46 94
46 142
46 155
46 325
46 665
46 732
46 748
46 763
46 821
47 66
47 373
47 395
47 697
48 57
48 79
48 256
48 520
48 525
49 65
49 91
49 150
49 203
49 227
49 232
49 610
49 861
50 58
50 107
50 138
50 145
50 167
50 197
50 372
50 405
50 497
50 572
51 52
51 61
51 120
51 149
51 180
51 188
51 204
51 223
51 288
51 360
51 362
51 382
51 387
51 452
51 526
51 541
51 590
51 645
51 707
51 788
52 174
52 190
52 236
52 413
52 497
52 556
52 566
52 720
53 64
53 89
53 162
53 220
53 224
53 230
53 245
53 369
53 436
53 473
53 678
53 708
54 228
54 328
54 336
54 403
54 558
54 637
55 207
55 762
56 95
56 160
56 292
56 358
56 498
56 518
56 532
56 546
56 678
56 778
56 790
56 816
56 850
57 875
58 114
58 205
58 254
58 374
58 381
58 410
58 418
58 505
58 526
58 631
58 828
60 140
60 177
60 328
60 496
60 541
61 231
61 492
61 717
61 759
62 97
62 163
62 329
62 401
62 416
62 493
62 542
62 652
62 654
62 703
62 738
63 274
63 779
64 83
64 118
64 271
65 102
66 79
66 116
66 129
66 181
66 213
66 285
66 367
66 621
66 716
66 719
66 734
66 746
67 268
67 322
67 326
67 412
67 469
67 538
67 539
67 612
67 765
68 103
68 181
69 102
69 201
69 421
70 106
70 135
70 169
70 187
70 216
70 225
70 239
70 242
70 247
70 364
70 503
70 596
70 597
70 736
70 859
71 74
71 130
71 325
71 339
71 345
71 454
71 519
71 624
72 217
72 384
73 85
73 128
73 302
73 343
73 346
73 558
73 573
73 619
73 629
73 661
73 663
74 86
74 158
74 210
74 221
74 309
74 328
74 345
74 456
74 498
74 650
74 741
74 831
75 92
75 152
75 157
75 189
75 214
75 237
75 327
75 340
75 388
75 538
75 594
75 649
75 658
75 772
75 792
76 98
76 207
76 300
76 313
76 659
76 672
76 743
76 883
77 164
77 252
77 260
77 312
77 316
77 353
77 595
77 776
78 105
78 189
78 241
78 301
78 366
78 434
78 543
78 584
78 618
78 659
78 756
79 156
79 401
79 442
79 469
79 625
79 683
79 847
79 858
81 201
81 400
81 635
81 670
81 676
82 185
82 202
82 228
82 238
82 257
82 279
82 326
82 638
82 750
82 804
83 177
83 211
83 428
83 474
83 657
83 725
84 163
84 192
84 223
84 267
84 270
84 333
84 422
85 347
86 475
86 500
86 851
87 90
87 499
87 503
88 115
88 129
88 133
88 137
88 270
88 429
88 454
88 479
88 502
88 675
88 860
89 148
89 211
89 267
89 357
89 656
90 92
90 112
90 136
90 156
90 397
90 467
90 578
90 626
90 866
90 891
90 893
91 154
91 295
92 113
92 364
92 371
92 441
92 512
92 660
92 697
92 831
93 123
93 150
93 200
93 216
93 255
93 702
93 731
94 109
94 122
94 293
94 337
94 348
94 397
94 459
94 577
95 122
95 215
95 346
95 355
95 415
95 689
95 767
95 822
96 121
96 122
96 125
96 138
96 147
96 316
96 379
96 419
96 651
96 658
97 850
98 126
98 204
98 299
98 773
99 204
99 238
99 244
99 431
99 593
99 877
100 392
100 420
100 562
100 576
100 721
100 836
100 878
101 155
101 182
101 208
101 218
101 222
101 234
101 288
101 394
101 395
101 593
102 160
102 298
102 299
102 380
102 428
102 528
102 534
102 772
103 131
103 139
103 185
103 208
103 212
103 246
103 277
103 282
103 340
103 519
103 604
103 648
103 692
103 694
103 757
103 794
103 847
104 141
104 178
104 273
104 833
105 114
105 269
105 377
105 435
105 549
105 581
105 613
105 806
105 835
107 127
107 128
107 370
107 388
107 416
107 431
107 640
107 853
108 113
108 476
109 263
109 389
109 589
110 342
110 377
110 509
110 535
110 798
111 183
111 209
111 271
111 289
111 315
111 475
111 481
111 495
111 524
112 166
112 189
112 202
112 223
112 442
112 452
112 458
112 680
112 703
112 715
112 818
112 842
112 876
113 292
113 457
113 464
113 506
114 119
114 151
114 156
114 286
114 298
114 410
114 536
114 609
115 127
115 490
115 530
115 685
116 362
116 438
116 774
116 863
117 134
117 147
117 536
117 543
117 565
117 598
117 714
118 182
118 268
118 343
118 622
118 722
118 747
118 803
119 193
119 250
119 332
119 488
119 568
119 890
120 123
120 126
120 130
120 146
120 168
120 182
120 196
120 261
120 324
120 332
120 375
120 400
120 411
120 451
120 491
120 524
120 553
120 568
120 623
120 731
120 844
120 868
120 896
121 149
121 203
121 296
121 368
121 488
121 584
121 624
121 638
121 668
121 846
121 883
122 194
122 200
122 219
122 448
122 478
122 548
122 666
122 695
123 253
123 281
123 344
123 348
123 366
123 407
123 440
123 571
123 611
123 686
123 798
123 814
124 407
124 817
125 227
125 607
125 735
126 133
126 209
126 526
126 654
126 661
126 707
126 750
126 753
127 128
127 142
127 170
127 230
127 280
127 312
127 370
127 427
127 463
127 492
127 790
127 821
127 842
128 232
128 253
128 649
129 259
129 408
130 509
130 639
131 825
132 226
132 229
132 443
132 525
132 744
133 139
133 146
133 195
133 246
133 251
133 698
133 858
133 883
135 237
135 251
135 285
135 360
135 792
136 209
136 231
136 334
136 690
136 741
136 895
137 578
138 154
138 159
138 170
138 172
138 178
138 212
138 240
138 248
138 264
138 411
138 455
138 473
138 613
138 849
138 881
139 373
139 669
139 709
140 155
140 217
140 278
140 461
140 615
141 186
141 243
142 176
142 348
142 644
143 299
143 336
143 464
143 756
144 147
144 309
144 435
144 447
144 554
144 589
144 741
145 420
145 712
146 246
146 313
146 537
146 699
146 732
147 181
147 272
147 284
147 580
147 690
148 214
148 334
148 337
148 494
148 783
148 834
148 880
149 158
149 340
150 260
150 681
150 759
151 153
151 192
151 269
151 276
151 567
151 647
151 800
152 278
152 431
152 445
152 516
152 531
152 585
152 646
152 780
152 781
153 266
153 320
153 633
154 244
154 623
154 758
154 779
155 164
155 493
155 634
155 718
155 752
155 854
156 175
156 232
156 439
156 527
156 786
157 297
157 308
157 702
158 359
158 376
158 426
158 464
158 486
158 603
158 810
158 819
159 162
159 281
159 304
159 466
159 595
159 681
159 693
159 728
159 809
161 576
162 186
162 362
162 598
163 197
163 231
163 453
163 571
163 619
163 712
163 760
165 667
165 740
166 368
166 433
166 516
166 636
168 171
169 350
169 424
169 709
169 872
170 368
171 185
171 226
171 323
171 335
171 438
171 456
171 573
171 689
172 186
172 196
172 198
172 226
172 233
172 403
172 517
172 584
173 898
174 179
174 403
174 415
174 777
175 217
175 796
176 586
177 210
177 503
177 513
177 588
177 717
177 761
178 357
178 591
178 596
179 187
179 221
179 283
179 296
179 347
179 459
179 568
179 601
179 621
179 742
179 792
179 837
179 897
180 264
180 409
180 423
180 450
181 244
181 301
181 321
181 427
181 560
181 805
182 242
182 262
182 352
182 361
182 554
183 195
183 468
183 507
183 696
183 897
184 196
184 205
184 229
184 258
184 513
184 614
184 676
184 718
184 775
184 848
185 206
185 481
186 203
186 449
186 579
187 259
187 263
187 289
187 374
187 375
187 409
187 432
187 580
187 758
187 845
188 839
189 662
189 832
189 843
190 551
191 249
191 256
191 729
191 747
191 861
191 885
192 302
192 719
193 593
193 705
194 394
194 667
194 679
195 225
195 257
195 710
195 868
197 264
197 478
198 335
198 449
198 771
199 251
199 310
199 551
200 205
200 467
200 545
202 240
202 574
203 414
204 275
204 388
205 314
205 599
205 802
206 318
206 491
206 803
207 294
207 482
207 698
207 841
208 566
208 712
209 500
209 671
209 720
210 381
212 387
213 485
213 509
213 624
213 767
213 848
214 245
214 297
214 304
214 720
215 506
216 533
217 330
218 265
218 382
218 396
218 643
219 404
219 450
219 878
220 266
221 358
221 880
222 261
222 303
222 321
222 528
222 640
222 660
222 711
222 827
222 831
223 752
224 429
224 646
224 719
225 543
225 671
225 732
225 867
227 273
227 359
227 423
228 524
228 569
228 583
228 694
228 807
229 472
230 395
230 713
232 287
232 302
232 312
232 352
232 788
232 855
233 351
233 501
233 872
234 265
234 365
234 447
234 522
234 535
234 791
237 254
237 354
237 523
237 826
237 889
238 252
238 305
238 338
238 804
239 339
239 377
239 419
239 619
239 641
239 701
239 871
240 300
241 247
241 365
241 379
241 576
241 746
242 899
243 425
244 280
244 514
244 533
244 657
244 738
245 344
246 642
246 748
246 868
247 327
247 380
247 408
247 493
247 497
248 322
249 286
249 581
249 722
249 729
249 795
249 885
251 455
251 485
251 628
252 820
253 271
253 305
254 300
254 306
256 263
256 275
256 546
256 555
256 583
256 693
256 801
256 837
258 454
259 479
260 279
260 310
260 852
262 444
262 652
262 726
262 849
263 307
263 337
263 535
264 557
264 587
265 277
265 376
265 445
267 471
267 520
267 801
269 653
269 673
269 826
270 285
270 345
270 347
270 394
270 696
270 727
271 402
271 466
271 751
272 641
272 762
272 874
273 315
273 406
274 276
274 574
274 862
275 363
276 294
278 430
278 444
278 675
278 829
279 318
279 354
279 472
279 733
280 428
280 529
280 772
280 783
280 891
281 311
281 407
281 440
281 457
281 562
281 710
281 723
282 382
282 561
282 692
283 346
284 317
284 547
284 622
284 750
284 783
284 786
284 798
286 290
286 307
286 332
286 698
288 391
288 542
288 642
288 823
289 329
289 540
289 667
290 545
291 419
291 515
291 542
291 592
291 673
291 684
291 863
292 384
292 575
294 354
294 478
294 723
295 514
297 453
297 856
298 314
298 521
298 704
299 355
299 360
302 399
303 364
303 755
304 366
304 534
304 867
305 438
305 465
305 476
305 789
305 855
306 384
306 586
306 618
306 781
306 844
307 308
307 517
308 329
308 356
308 386
308 404
308 411
308 687
308 755
308 836
309 490
309 577
309 616
309 639
310 463
311 806
312 323
312 508
312 877
312 885
314 462
314 658
314 721
315 357
316 474
318 664
319 616
320 406
321 743
322 414
322 492
322 578
323 711
324 383
324 563
325 351
325 383
325 617
325 728
325 812
326 336
326 469
326 504
326 663
326 805
327 808
328 351
328 755
329 528
329 575
329 633
329 782
331 851
332 601
333 533
336 716
337 748
338 734
339 706
340 451
340 767
341 480
342 744
344 371
344 587
344 622
344 655
344 893
345 549
345 749
346 582
346 677
346 711
348 514
350 375
350 641
350 782
350 881
354 421
354 470
354 745
355 420
355 515
355 749
355 760
355 876
356 780
358 426
358 616
358 708
359 490
360 501
361 422
362 429
362 484
363 398
363 766
363 796
363 828
364 425
364 884
365 659
365 784
366 476
367 657
370 416
370 766
371 636
371 660
372 477
372 581
373 421
373 575
373 643
373 846
374 507
374 726
375 644
375 887
380 418
381 487
383 846
385 436
385 461
385 677
385 795
386 768
387 445
387 517
387 577
387 627
388 495
390 396
390 829
390 838
391 665
391 681
391 770
394 682
394 758
394 847
395 603
397 401
398 413
399 726
401 629
401 871
402 443
402 457
402 488
402 494
402 680
405 470
405 860
406 797
407 487
408 598
409 580
409 763
411 614
412 466
412 668
414 424
414 813
416 427
416 459
416 534
416 639
416 721
416 843
417 678
417 747
417 819
419 791
422 486
422 650
422 785
423 437
423 548
423 560
423 608
423 632
423 771
426 461
427 522
427 558
427 617
427 789
428 518
428 799
428 802
428 895
430 434
431 607
433 807
434 489
434 567
434 865
435 775
436 458
436 638
438 446
442 651
443 553
443 645
443 713
444 453
444 585
444 588
445 448
445 557
445 608
445 653
445 824
446 475
446 701
446 864
447 525
447 700
448 471
448 477
448 556
448 610
449 463
449 569
449 614
449 630
449 811
450 484
450 620
451 522
453 502
453 893
454 879
455 591
456 556
457 809
458 552
458 794
460 552
460 602
463 485
464 754
465 632
465 654
465 736
466 477
466 512
467 519
467 620
468 483
468 745
468 820
468 826
471 788
473 869
474 496
474 511
474 874
476 849
479 504
479 559
479 665
480 539
480 648
482 708
483 510
483 774
484 873
485 516
485 527
485 769
485 819
486 617
487 646
489 769
490 597
491 557
491 567
493 670
494 642
497 620
498 785
499 506
499 804
500 890
501 594
502 531
507 754
513 544
516 779
516 879
517 560
519 845
521 530
521 546
521 579
521 725
521 737
521 759
521 807
521 820
521 888
523 691
523 859
526 599
526 737
527 770
529 573
530 682
531 565
531 684
532 825
534 551
535 564
535 880
536 886
537 600
540 633
540 691
540 796
540 840
541 562
541 679
545 605
547 764
547 787
549 592
549 675
551 610
553 727
554 604
554 611
555 894
557 607
557 666
561 815
561 857
563 816
564 766
566 709
566 888
568 626
568 840
569 730
569 892
570 791
573 707
573 739
576 601
576 688
582 604
582 867
583 810
584 742
587 597
587 757
589 694
589 815
593 787
593 853
594 653
594 832
595 664
595 776
596 771
596 774
601 808
604 608
604 635
606 823
607 647
607 857
608 782
609 799
610 618
610 899
615 857
617 634
619 636
619 685
621 765
621 892
623 855
624 649
628 702
628 704
628 875
631 662
631 686
631 781
633 706
640 663
642 661
642 685
642 730
642 777
643 814
644 669
658 700
658 813
661 662
661 797
661 800
664 738
665 832
669 693
672 890
673 690
677 870
677 894
678 739
688 735
689 717
689 773
697 830
700 805
704 813
706 892
707 833
709 886
709 896
710 824
710 838
713 802
716 866
717 789
718 778
721 882
723 866
730 775
736 898
747 863
762 898
772 797
772 870
773 814
777 856
783 822
785 827
795 811
795 837
797 862
807 843
820 853
828 854
833 886
842 864
847 884
848 878
851 852
854 889
861 888
867 873
