0 1
0 2
0 3
0 4
0 6
0 8
0 9
0 10
0 15
0 21
0 25
0 27
0 30
0 35
0 38
0 45
0 48
0 49
0 50
0 70
0 71
0 73
0 96
0 102
0 120
0 122
0 123
0 136
0 190
0 196
0 200
0 209
0 211
0 214
0 229
0 250
0 260
0 288
0 304
0 308
0 309
0 339
0 359
0 364
0 366
0 376
0 381
0 382
0 383
0 410
0 414
0 430
0 434
0 441
0 469
0 489
0 514
0 525
0 536
0 565
0 587
0 590
0 594
0 604
0 608
0 618
0 665
0 667
0 675
0 676
0 677
0 721
0 733
0 749
0 752
0 764
0 836
0 852
0 898
0 908
0 926
0 952
1 11
1 12
1 16
1 17
1 34
1 62
1 97
1 107
1 139
1 158
1 318
1 334
1 539
1 662
1 775
1 804
1 935
2 4
2 5
2 6
2 7
2 8
2 10
2 25
2 27
2 28
2 35
2 38
2 51
2 95
2 99
2 101
2 104
2 138
2 144
2 145
2 147
2 192
2 194
2 207
2 216
2 218
2 220
2 226
2 241
2 242
2 246
2 277
2 285
2 321
2 325
2 328
2 371
2 375
2 419
2 428
2 450
2 457
2 473
2 475
2 508
2 511
2 520
2 569
2 603
2 605
2 636
2 643
2 699
2 704
2 715
2 730
2 743
2 747
2 764
2 779
2 784
2 821
2 832
2 849
2 852
2 889
2 912
2 968
2 976
3 4
3 5
3 7
3 9
3 12
3 15
3 19
3 26
3 32
3 42
3 52
3 55
3 58
3 59
3 71
3 78
3 92
3 111
3 115
3 132
3 141
3 147
3 163
3 172
3 173
3 180
3 239
3 250
3 295
3 298
3 383
3 386
3 411
3 443
3 465
3 482
3 550
3 561
3 564
3 581
3 642
3 650
3 653
3 680
3 716
3 727
3 751
3 763
3 790
3 810
3 837
3 883
3 893
3 913
3 945
4 5
4 11
4 13
4 14
4 20
4 21
4 29
4 43
4 53
4 62
4 84
4 98
4 156
4 160
4 171
4 177
4 248
4 263
4 283
4 407
4 444
4 464
4 467
4 510
4 566
4 584
4 603
4 625
4 641
4 649
4 663
4 689
4 708
4 757
4 835
4 862
4 917
5 6
5 7
5 8
5 9
5 10
5 12
5 13
5 16
5 17
5 18
5 19
5 22
5 26
5 30
5 31
5 32
5 34
5 37
5 42
5 43
5 47
5 73
5 74
5 81
5 84
5 88
5 93
5 105
5 106
5 109
5 116
5 118
5 119
5 120
5 145
5 149
5 150
5 177
5 191
5 201
5 211
5 223
5 224
5 225
5 228
5 232
5 264
5 269
5 299
5 302
5 306
5 316
5 320
5 328
5 336
5 346
5 356
5 358
5 360
5 377
5 382
5 384
5 396
5 412
5 439
5 444
5 454
5 474
5 482
5 490
5 503
5 507
5 508
5 535
5 546
5 552
5 564
5 620
5 658
5 663
5 668
5 690
5 701
5 730
5 734
5 736
5 760
5 761
5 824
5 840
5 860
5 872
5 919
5 925
5 942
5 950
5 962
5 964
5 965
6 18
6 20
6 26
6 40
6 45
6 55
6 75
6 82
6 87
6 95
6 102
6 114
6 117
6 122
6 126
6 136
6 151
6 175
6 193
6 204
6 208
6 222
6 227
6 250
6 274
6 286
6 311
6 323
6 326
6 346
6 453
6 493
6 498
6 532
6 536
6 678
6 684
6 723
6 780
6 808
6 825
6 842
6 870
6 904
6 911
7 18
7 24
7 30
7 37
7 56
7 63
7 81
7 93
7 128
7 134
7 153
7 167
7 178
7 238
7 245
7 258
7 288
7 311
7 315
7 353
7 388
7 424
7 462
7 494
7 502
7 508
7 595
7 661
7 685
7 706
7 725
7 728
7 740
7 744
7 745
7 761
7 830
7 832
7 929
7 930
7 931
8 85
8 90
8 167
8 184
8 278
8 319
8 482
8 600
8 974
9 14
9 29
9 95
9 155
9 347
9 425
9 500
9 523
9 693
9 696
9 803
9 819
10 11
10 13
10 14
10 15
10 21
10 27
10 33
10 40
10 44
10 51
10 57
10 68
10 80
10 86
10 97
10 124
10 146
10 150
10 157
10 160
10 167
10 187
10 214
10 225
10 293
10 318
10 391
10 398
10 414
10 421
10 422
10 436
10 473
10 495
10 575
10 597
10 686
10 697
10 726
10 808
10 811
10 851
10 946
10 961
11 17
11 22
11 29
11 59
11 105
11 117
11 130
11 133
11 189
11 272
11 305
11 389
11 432
11 599
11 836
11 849
11 873
11 943
11 956
11 973
12 16
12 24
12 41
12 49
12 63
12 65
12 71
12 78
12 89
12 110
12 115
12 126
12 237
12 260
12 267
12 283
12 300
12 317
12 357
12 387
12 543
12 594
12 769
12 816
12 909
12 937
12 955
13 19
13 69
13 80
13 96
13 100
13 132
13 215
13 233
13 300
13 487
13 504
13 540
13 841
13 906
13 943
14 36
14 39
14 40
14 41
14 47
14 115
14 118
14 150
14 216
14 219
14 284
14 379
14 384
14 395
14 505
14 577
14 608
14 630
14 637
14 847
14 860
14 876
14 907
15 20
15 22
15 44
15 46
15 47
15 59
15 66
15 70
15 86
15 93
15 107
15 110
15 137
15 146
15 157
15 159
15 169
15 190
15 232
15 254
15 272
15 280
15 282
15 294
15 356
15 403
15 429
15 445
15 472
15 476
15 487
15 553
15 570
15 613
15 671
15 742
15 787
15 842
15 847
15 878
15 919
15 942
15 947
15 950
15 975
16 31
16 56
16 60
16 69
16 103
16 111
16 144
16 153
16 169
16 170
16 191
16 210
16 213
16 377
16 401
16 416
16 421
16 534
16 542
16 594
16 601
16 619
16 652
16 668
16 711
16 743
16 766
16 810
16 820
16 835
16 898
16 922
16 941
17 23
17 24
17 32
17 33
17 35
17 36
17 39
17 46
17 54
17 74
17 79
17 82
17 109
17 110
17 149
17 182
17 183
17 190
17 201
17 252
17 352
17 431
17 481
17 495
17 524
17 700
17 767
17 781
17 783
17 787
17 789
17 814
17 861
17 865
17 894
17 941
17 949
17 963
18 220
18 243
18 296
18 392
18 413
18 503
18 645
18 774
18 777
18 804
18 932
19 25
19 53
19 66
19 270
19 492
19 505
19 760
20 23
20 87
20 106
20 148
20 224
20 476
20 519
20 580
20 675
20 815
21 23
21 36
21 45
21 58
21 67
21 70
21 74
21 91
21 126
21 160
21 197
21 198
21 205
21 232
21 362
21 382
21 392
21 427
21 436
21 501
21 521
21 720
21 831
21 913
21 915
21 925
22 43
22 52
22 72
22 78
22 140
22 155
22 175
22 183
22 216
22 222
22 293
22 369
22 390
22 425
22 448
22 458
22 474
22 517
22 525
22 528
22 626
22 798
22 878
22 907
23 28
23 31
23 33
23 34
23 39
23 41
23 49
23 64
23 127
23 138
23 143
23 162
23 173
23 196
23 204
23 236
23 248
23 396
23 487
23 557
23 663
23 754
23 858
23 883
24 294
24 363
24 379
24 735
24 844
25 61
25 85
25 125
25 158
25 207
25 461
25 964
26 28
26 42
26 50
26 65
26 73
26 76
26 79
26 88
26 103
26 129
26 131
26 133
26 139
26 141
26 194
26 265
26 267
26 269
26 279
26 324
26 351
26 352
26 362
26 386
26 412
26 415
26 420
26 455
26 465
26 486
26 518
26 527
26 555
26 605
26 635
26 664
26 795
26 935
26 956
27 38
27 57
27 77
27 202
27 257
27 335
27 467
27 468
27 610
27 737
28 56
28 188
28 219
28 423
28 468
28 576
28 923
29 60
29 63
29 68
29 142
29 217
29 474
29 476
29 490
29 583
29 654
29 875
30 107
30 176
30 254
30 285
30 438
30 493
30 709
30 852
30 973
31 64
31 67
31 99
31 108
31 119
31 459
31 790
31 959
32 55
32 60
32 80
32 163
32 164
32 206
32 215
32 230
32 236
32 244
32 273
32 299
32 330
32 359
32 373
32 376
32 513
32 518
32 563
32 688
32 713
32 731
32 785
32 826
32 868
33 89
33 206
33 344
33 351
33 367
33 423
33 486
33 627
33 767
33 775
33 822
33 887
34 68
34 76
34 112
34 171
34 172
34 292
34 443
34 544
34 650
34 722
34 824
34 867
34 876
35 44
35 50
35 61
35 244
35 301
35 548
35 963
36 37
36 52
36 69
36 174
36 179
36 186
36 202
36 206
36 292
36 306
36 324
36 465
36 501
36 519
36 605
36 609
36 644
36 647
36 650
36 660
36 725
36 750
36 845
36 870
36 911
37 83
37 84
37 94
37 96
37 151
37 181
37 200
37 274
37 338
37 365
37 435
37 479
37 484
37 497
37 529
37 531
37 630
37 901
37 936
37 975
38 53
38 184
39 54
39 402
39 598
39 708
39 883
39 898
39 939
40 48
40 83
40 90
40 94
40 98
40 140
40 143
40 175
40 249
40 330
40 342
40 443
40 445
40 717
40 724
40 914
41 46
41 177
41 220
41 281
41 319
41 431
41 445
41 546
41 636
41 689
42 85
42 92
42 109
42 253
42 277
42 347
42 537
42 576
42 838
42 890
43 57
43 61
43 319
43 440
44 91
44 140
44 193
44 270
44 326
44 393
44 449
44 736
44 861
45 121
45 350
46 48
46 65
46 72
46 77
46 119
46 182
46 218
46 246
46 252
46 258
46 269
46 300
46 314
46 329
46 332
46 398
46 409
46 436
46 442
46 483
46 493
46 628
46 638
46 639
46 659
46 665
46 813
46 843
46 936
47 51
47 221
47 309
47 360
47 397
47 506
47 626
47 866
47 951
48 100
48 103
48 183
48 388
49 113
49 148
49 161
49 169
49 348
49 408
49 566
49 714
49 917
50 164
50 251
50 585
50 745
50 896
51 125
51 287
51 522
51 615
51 918
52 82
52 134
52 375
52 509
52 585
53 54
53 76
53 98
53 168
53 174
53 200
53 245
53 260
53 266
53 268
53 275
53 389
53 523
53 558
53 563
53 620
53 655
53 666
53 682
53 763
53 880
54 62
54 87
54 123
54 138
54 176
54 255
54 278
54 284
54 349
54 440
54 525
54 596
54 741
54 759
55 281
56 58
56 131
56 291
56 334
56 530
57 66
57 88
57 125
57 129
57 172
57 199
57 262
57 331
57 394
57 412
57 429
57 519
57 523
57 548
57 665
57 723
57 771
57 858
57 895
57 957
58 77
58 228
58 235
58 311
58 732
58 810
58 823
58 827
58 828
59 64
59 100
59 397
60 92
60 199
60 378
60 410
60 540
60 545
60 888
61 131
61 293
61 394
61 420
61 514
61 816
61 824
61 844
62 67
62 142
62 154
62 223
62 257
62 284
62 415
62 425
62 428
62 527
62 704
63 83
63 127
63 203
63 246
63 272
63 315
63 398
63 426
63 444
63 480
63 566
63 596
63 903
64 390
64 555
65 79
65 127
65 154
65 161
65 241
65 348
65 427
65 454
65 541
65 693
65 725
65 788
65 838
65 839
65 959
66 72
66 75
66 195
66 249
66 254
66 289
66 310
66 441
66 496
66 644
66 671
66 733
66 916
67 97
67 108
67 166
67 197
67 217
67 271
67 372
67 389
67 419
67 433
67 446
67 593
67 611
67 636
67 654
67 669
67 845
67 864
68 599
68 859
68 870
68 929
69 240
69 335
69 475
69 622
69 646
69 689
69 785
70 89
70 151
70 323
70 407
70 627
70 896
71 259
71 866
72 75
72 101
72 228
72 253
72 471
73 91
73 156
73 433
73 458
73 627
74 116
74 446
74 657
75 118
75 168
75 233
75 265
75 268
75 334
75 404
75 406
75 541
76 86
76 142
76 376
76 379
76 434
76 515
76 846
76 890
76 908
77 166
77 361
77 462
77 598
78 231
78 345
78 395
78 488
78 614
78 659
79 81
79 534
79 925
80 90
80 120
80 208
80 218
80 226
80 242
80 262
80 301
80 355
80 370
80 424
80 448
80 536
80 569
80 602
80 621
80 706
80 813
80 820
80 855
80 871
81 184
81 203
81 340
81 343
82 104
82 128
82 137
82 158
82 165
82 188
82 223
82 227
82 231
82 288
82 327
82 460
82 490
82 624
82 730
82 808
82 857
82 890
82 914
83 309
83 350
83 356
83 449
83 451
83 466
84 94
84 128
84 193
84 280
84 360
84 405
84 479
84 556
84 774
84 850
85 417
85 549
85 737
86 106
86 369
86 528
86 590
86 712
86 745
86 880
86 934
87 124
87 133
87 137
87 221
87 333
87 370
87 435
87 604
87 704
88 124
88 136
88 178
88 529
88 551
88 678
88 722
88 858
89 113
89 203
89 222
89 287
89 330
89 371
89 541
89 549
89 646
89 962
90 105
90 112
90 135
90 186
90 197
90 280
90 302
90 313
90 404
90 452
90 478
90 481
90 515
90 540
90 544
90 598
90 631
90 669
90 707
90 889
91 168
91 531
91 664
91 821
91 970
92 171
93 159
93 308
93 391
93 393
93 417
93 442
93 539
93 632
93 797
93 842
94 101
94 430
94 442
94 498
94 631
94 927
95 114
95 162
95 201
95 202
95 453
95 461
96 99
96 145
96 152
96 211
96 234
96 286
96 344
96 463
96 818
96 864
96 916
96 939
96 948
97 132
97 153
97 182
97 219
97 340
97 738
98 224
98 313
98 351
99 102
99 130
99 568
99 928
100 230
100 407
100 647
100 692
100 792
100 929
101 117
101 121
101 122
101 618
102 112
102 139
102 205
102 229
102 237
102 245
102 249
102 381
102 435
102 538
102 718
103 104
103 164
103 196
103 198
103 310
103 355
103 509
103 695
103 749
103 765
103 792
103 920
104 483
104 499
104 698
104 938
105 113
105 239
105 259
105 413
105 450
105 485
105 530
105 596
105 726
105 926
105 971
106 130
106 148
106 235
106 240
106 318
107 108
107 129
107 913
108 116
108 135
108 141
108 240
108 268
108 559
108 632
108 786
108 974
109 152
109 234
109 337
109 396
110 111
110 114
110 204
110 276
110 296
110 338
110 933
111 123
111 792
112 135
112 173
112 205
112 438
112 588
112 829
113 174
113 295
113 875
113 902
114 187
114 361
114 731
114 895
115 170
115 192
115 251
115 502
115 507
117 195
117 410
118 134
118 143
118 155
118 282
118 414
118 551
118 621
118 806
118 812
118 938
119 121
119 298
119 921
120 144
120 147
120 154
120 157
120 264
120 292
120 333
120 354
120 355
120 385
120 500
120 691
120 709
120 826
121 510
121 628
121 822
122 237
122 481
122 545
122 804
122 906
123 568
123 958
124 146
124 156
124 210
124 609
124 891
125 369
125 492
125 580
125 600
125 657
126 149
126 350
126 672
127 209
127 261
127 297
127 357
127 374
127 461
127 579
127 721
127 726
127 727
127 828
127 831
127 907
128 166
128 185
128 212
128 478
128 679
128 694
128 820
128 967
129 702
129 703
130 179
130 191
130 285
130 403
130 573
130 619
130 796
131 159
131 275
131 291
131 295
131 348
131 554
131 698
131 879
132 181
132 690
132 969
133 186
133 198
133 234
133 377
133 406
133 615
133 629
133 635
133 672
133 782
133 812
134 161
135 581
135 803
135 834
136 320
137 152
137 740
138 611
138 680
138 712
138 720
139 165
139 185
139 199
139 261
139 320
139 322
139 333
139 452
139 625
139 872
139 884
140 235
140 304
140 545
140 578
140 739
141 226
141 253
141 578
142 194
142 267
142 317
142 337
142 358
142 483
142 578
142 622
142 653
144 213
144 314
144 455
144 499
144 637
144 848
144 886
145 163
145 618
145 686
146 262
146 307
146 322
146 617
146 633
146 769
147 378
147 641
147 662
147 784
148 239
149 587
149 655
150 180
150 195
150 266
150 314
150 399
150 437
151 176
151 265
151 273
151 321
151 341
151 394
151 411
151 413
151 657
151 697
151 733
151 756
151 801
151 843
151 912
152 380
152 600
152 958
153 289
153 344
153 433
153 502
153 667
153 755
153 901
154 297
154 343
154 521
154 546
154 575
154 892
155 188
155 248
155 342
155 561
155 739
155 849
155 899
156 189
156 238
156 251
156 256
156 273
156 283
156 367
156 404
156 828
156 838
156 867
156 966
156 970
157 217
157 632
158 189
158 214
158 236
158 504
158 764
159 162
159 165
159 341
159 386
159 387
159 569
159 642
159 691
159 904
160 312
160 354
161 213
161 908
162 208
162 275
162 421
162 447
162 464
163 255
163 589
163 777
164 180
164 402
164 625
164 703
164 734
164 894
165 328
165 522
165 705
165 768
166 257
166 325
166 329
166 427
166 510
166 623
166 692
166 738
166 902
167 225
167 271
167 310
167 366
167 464
167 503
167 532
167 537
167 617
168 315
168 428
169 170
169 178
169 185
169 247
169 900
170 179
170 371
170 582
170 612
170 722
171 181
171 298
171 345
171 380
171 574
171 910
171 960
172 477
173 210
173 266
173 477
173 673
174 338
174 580
174 612
174 659
174 678
174 759
175 278
175 814
175 862
176 406
176 825
176 874
176 891
177 256
177 271
177 401
177 434
177 472
177 648
177 935
178 303
178 329
178 345
178 364
178 531
178 616
178 713
179 282
179 687
179 719
179 754
179 786
180 290
180 524
180 526
180 817
181 231
181 613
181 926
181 962
182 187
182 247
182 499
182 765
182 799
183 366
184 263
184 337
184 365
184 381
184 383
184 402
184 417
184 451
184 660
185 710
186 192
186 230
186 252
186 261
186 270
186 495
186 527
186 965
186 975
188 426
188 585
188 686
188 827
188 918
189 353
189 364
189 415
189 757
189 770
189 779
190 524
190 964
191 928
192 212
192 306
192 347
192 367
192 570
192 579
192 798
193 256
193 317
193 387
193 447
193 561
193 570
193 735
193 817
193 955
194 207
194 229
194 274
194 422
194 500
194 520
194 645
194 685
194 797
194 888
195 563
195 694
195 904
195 967
196 290
196 301
196 316
196 691
196 793
196 928
196 949
197 385
197 774
197 827
198 255
198 279
198 294
198 400
198 822
199 611
199 846
200 215
200 221
200 459
200 504
200 538
200 811
201 243
201 290
201 467
201 609
201 796
201 877
202 227
202 233
202 244
202 307
202 484
202 537
202 593
202 656
203 209
203 212
203 331
203 400
203 456
203 530
203 592
203 629
203 728
203 748
203 767
204 515
205 363
205 457
205 719
206 326
206 409
206 616
207 332
208 241
208 242
208 276
208 361
208 463
208 591
208 670
209 513
209 565
209 584
209 831
209 932
210 597
210 660
210 676
211 322
211 327
212 352
212 941
214 416
214 534
215 321
216 243
216 353
216 368
217 501
217 558
217 642
217 674
217 690
217 876
218 325
218 645
219 682
220 491
220 547
220 602
221 358
221 623
222 416
224 259
224 287
224 303
224 865
225 238
225 478
225 687
225 947
226 340
226 359
226 372
226 456
226 560
226 571
226 606
226 638
226 658
226 755
226 957
227 357
227 373
227 388
227 505
227 939
228 468
228 748
230 772
231 550
232 341
232 447
232 885
233 612
233 772
235 286
236 439
236 542
236 909
237 299
237 437
237 532
237 770
237 829
238 331
239 302
239 408
240 391
240 393
240 520
240 905
243 247
243 327
243 894
244 263
244 307
244 316
244 384
244 542
244 639
244 789
245 622
245 753
245 897
246 289
246 296
246 342
246 459
246 753
246 794
246 874
246 945
247 346
247 700
247 701
247 873
247 919
248 742
249 533
249 640
250 258
250 264
250 807
250 875
251 692
252 279
252 308
252 354
252 511
252 512
252 567
252 606
252 671
252 794
253 374
253 488
253 921
254 291
254 522
254 634
254 779
255 339
255 455
255 610
255 630
255 709
258 624
259 634
260 517
261 323
261 591
261 621
261 931
261 953
262 305
262 548
263 385
263 760
264 399
264 411
264 432
264 648
264 768
265 277
265 470
265 587
265 747
265 773
265 860
265 956
266 335
266 368
266 862
267 276
267 485
268 375
269 418
269 737
270 584
270 639
270 783
270 903
271 324
271 332
271 470
271 477
271 800
272 297
272 313
272 405
273 604
274 856
275 418
275 752
275 897
275 968
277 312
277 602
277 727
277 821
278 373
278 430
278 623
278 868
279 635
280 281
280 305
280 422
280 688
280 787
280 940
280 966
281 343
282 475
283 518
283 652
284 370
285 349
285 401
285 668
285 732
286 589
286 637
286 761
287 591
287 739
288 450
288 848
289 378
289 651
289 868
290 303
290 526
291 418
291 469
292 807
293 409
293 426
293 681
293 971
294 614
294 718
294 857
295 547
295 552
295 556
295 643
295 680
295 844
295 853
295 901
296 702
296 813
297 873
298 839
298 947
299 304
299 673
300 529
300 535
300 746
300 884
302 581
302 593
304 403
305 713
305 744
306 437
306 555
306 674
306 843
307 496
307 661
307 782
307 805
307 819
307 886
308 449
308 809
309 312
310 336
310 786
310 854
310 971
311 646
311 930
314 805
315 349
315 853
315 892
316 454
317 682
318 368
318 372
318 480
318 533
318 656
318 695
319 562
319 948
320 408
320 564
320 724
320 751
321 800
323 543
324 339
324 656
324 747
325 906
326 667
327 861
327 891
328 573
328 972
329 486
329 489
329 528
329 741
329 782
329 801
330 453
331 816
331 823
331 970
333 741
334 336
334 362
334 560
334 706
334 798
336 882
337 473
337 681
338 363
338 365
338 397
338 498
339 448
339 608
339 707
339 711
339 714
339 763
339 771
339 783
339 945
341 390
341 492
341 543
341 552
341 575
341 644
341 750
341 799
341 832
341 841
341 877
341 946
342 374
343 562
346 424
347 752
347 762
348 572
349 460
349 470
349 662
350 472
350 675
350 866
352 565
353 399
354 516
356 649
356 699
356 857
357 380
357 488
357 684
357 805
358 607
358 705
358 780
358 911
359 558
359 696
361 420
362 466
362 512
362 940
364 441
364 572
364 613
364 677
364 757
364 845
364 940
364 961
365 516
365 755
365 826
366 538
367 395
367 554
368 550
368 899
369 432
369 539
371 400
371 446
371 590
371 595
371 685
371 853
375 633
375 742
377 463
377 494
377 582
378 775
379 633
379 638
380 489
380 595
380 599
380 936
381 457
382 574
382 769
382 771
382 924
382 943
383 452
383 484
383 915
384 405
384 471
384 491
384 717
384 834
384 871
385 762
386 392
387 431
387 641
387 677
387 799
390 506
390 679
390 884
391 931
392 456
392 549
392 624
392 802
394 429
394 716
395 440
395 571
395 674
401 496
401 589
402 684
402 746
405 559
407 603
408 494
408 695
408 714
408 717
410 419
410 469
410 619
410 669
410 697
410 750
411 614
412 471
413 572
414 485
414 507
414 567
414 791
415 497
416 568
417 423
417 758
419 439
419 740
420 724
420 855
422 462
422 559
422 577
424 666
425 466
425 795
427 631
428 856
428 872
428 903
429 579
429 885
431 491
431 920
432 818
432 921
433 513
433 607
433 715
433 735
433 743
433 776
433 927
434 480
435 830
436 535
436 547
436 807
436 811
437 438
439 729
440 949
441 854
442 479
442 516
442 785
443 551
443 582
443 729
443 797
445 460
445 560
445 588
447 451
447 710
448 517
448 588
448 610
448 683
448 748
450 586
455 509
455 553
455 628
455 758
455 837
456 458
456 707
456 758
456 953
457 556
460 576
460 702
460 756
462 705
465 567
466 801
467 762
467 802
467 833
468 577
469 521
471 497
471 829
472 729
473 592
474 806
476 620
477 616
478 954
479 512
479 670
481 701
481 732
481 815
482 597
485 615
485 700
486 683
487 723
487 759
487 944
488 672
488 738
488 780
489 533
489 544
489 938
491 514
491 634
492 511
492 751
492 944
494 972
496 506
496 573
496 629
496 788
496 893
500 557
500 910
501 607
502 676
502 912
503 653
507 887
509 937
510 693
511 795
512 649
514 626
514 917
515 655
515 961
516 526
516 617
516 647
520 553
520 651
520 703
521 721
521 958
523 562
524 574
525 922
527 648
527 918
528 885
530 554
531 640
531 914
534 586
537 586
537 640
537 927
539 887
541 666
541 905
543 793
543 865
544 681
544 694
544 833
544 900
545 711
545 718
545 778
545 848
546 696
546 900
546 960
546 965
547 874
548 661
549 688
553 791
554 673
555 557
555 809
555 922
555 953
556 687
556 777
557 592
559 776
561 601
561 784
562 571
562 882
562 960
564 708
570 850
571 837
573 606
574 658
575 772
576 583
576 651
578 778
580 583
580 716
580 889
582 720
582 749
582 830
583 756
584 753
585 880
588 859
589 601
590 955
591 976
596 670
598 652
599 812
600 679
601 916
601 934
602 869
606 963
608 877
608 944
609 788
610 869
612 746
614 815
614 835
615 776
616 886
616 910
617 715
618 793
621 654
622 923
623 664
624 796
626 976
628 643
631 809
631 817
633 744
634 937
637 948
639 770
640 840
640 892
642 851
642 951
643 933
645 879
654 836
658 863
659 850
660 794
662 765
663 840
664 790
668 719
668 863
669 781
672 833
672 846
675 698
675 754
677 728
677 888
678 806
681 683
681 699
682 712
687 899
687 967
688 968
692 923
693 818
694 773
694 882
695 710
695 902
696 839
697 841
698 859
699 863
699 909
700 867
700 879
701 847
703 954
704 734
707 823
713 781
716 800
718 778
718 789
723 731
723 814
723 932
723 950
724 881
724 905
725 736
727 864
730 881
731 855
731 934
735 773
741 825
746 896
747 856
750 802
752 791
752 957
754 973
755 766
759 766
765 768
769 851
782 803
787 951
791 854
798 897
799 959
801 869
806 952
807 819
807 893
807 930
808 878
808 969
809 952
813 834
816 915
834 871
834 946
846 969
849 972
853 966
858 881
866 924
869 895
874 933
882 954
886 942
889 920
892 924
918 974
