0 1
0 2
0 3
0 4
0 7
0 8
0 11
0 19
0 24
0 29
0 41
0 49
0 51
0 61
0 80
0 96
0 101
0 106
0 111
0 129
0 136
0 189
0 194
0 246
0 259
0 263
0 264
0 302
0 379
0 392
0 430
0 438
0 445
0 451
0 482
0 486
0 606
0 608
0 622
0 673
0 706
0 776
0 847
0 867
0 881
0 928
0 957
0 992
1 4
1 5
1 6
1 9
1 10
1 11
1 12
1 14
1 15
1 16
1 17
1 25
1 27
1 31
1 32
1 38
1 39
1 40
1 42
1 43
1 45
1 54
1 55
1 59
1 67
1 75
1 77
1 84
1 90
1 98
1 99
1 102
1 112
1 123
1 124
1 134
1 152
1 196
1 197
1 206
1 209
1 221
1 222
1 226
1 257
1 265
1 273
1 275
1 279
1 282
1 294
1 299
1 321
1 322
1 330
1 344
1 353
1 420
1 425
1 429
1 435
1 437
1 461
1 463
1 490
1 494
1 518
1 522
1 523
1 536
1 590
1 601
1 629
1 638
1 643
1 665
1 684
1 709
1 712
1 749
1 779
1 787
1 825
1 828
1 836
1 844
1 854
1 868
1 890
1 911
1 934
1 949
1 950
1 968
1 991
1 1010
1 1014
1 1030
2 4
2 5
2 6
2 7
2 16
2 21
2 22
2 28
2 29
2 33
2 40
2 49
2 52
2 65
2 69
2 88
2 100
2 103
2 114
2 116
2 122
2 144
2 161
2 167
2 174
2 199
2 247
2 287
2 349
2 360
2 387
2 500
2 511
2 538
2 566
2 605
2 651
2 722
2 748
2 752
2 773
2 939
2 993
2 1028
3 8
3 12
3 22
3 25
3 51
3 54
3 89
3 109
3 180
3 213
3 222
3 264
3 281
3 385
3 390
3 419
3 549
3 599
3 614
3 683
3 692
3 712
3 793
3 866
3 867
3 891
3 923
3 926
4 5
4 6
4 7
4 8
4 9
4 10
4 13
4 14
4 19
4 21
4 34
4 35
4 41
4 50
4 59
4 89
4 114
4 144
4 145
4 151
4 177
4 183
4 188
4 194
4 196
4 232
4 251
4 280
4 340
4 376
4 413
4 431
4 449
4 481
4 504
4 520
4 588
4 594
4 615
4 642
4 689
4 707
4 747
4 776
4 804
4 835
4 873
4 874
4 887
4 911
4 937
4 1016
4 1018
4 1025
5 24
5 48
5 58
5 170
5 207
5 279
5 374
5 550
5 1016
6 10
6 12
6 13
6 18
6 23
6 30
6 53
6 57
6 155
6 167
6 186
6 198
6 215
6 236
6 303
6 306
6 374
6 477
6 502
6 669
6 726
6 796
6 848
6 878
6 1024
7 9
7 11
7 13
7 15
7 25
7 31
7 33
7 38
7 40
7 53
7 54
7 66
7 67
7 70
7 82
7 86
7 96
7 109
7 116
7 132
7 133
7 142
7 150
7 176
7 177
7 181
7 187
7 190
7 203
7 230
7 234
7 252
7 255
7 258
7 289
7 290
7 304
7 334
7 371
7 375
7 396
7 404
7 418
7 419
7 424
7 474
7 475
7 479
7 482
7 485
7 499
7 541
7 581
7 607
7 636
7 733
7 764
7 863
7 908
7 922
7 964
7 1018
8 17
8 21
8 32
8 38
8 46
8 49
8 58
8 153
8 163
8 185
8 239
8 358
8 411
8 497
8 529
8 883
8 904
9 14
9 15
9 18
9 23
9 26
9 27
9 29
9 34
9 37
9 45
9 56
9 66
9 77
9 81
9 82
9 95
9 98
9 111
9 115
9 143
9 159
9 160
9 183
9 202
9 216
9 227
9 242
9 244
9 252
9 268
9 287
9 292
9 329
9 335
9 354
9 370
9 386
9 405
9 409
9 488
9 524
9 539
9 551
9 569
9 599
9 738
9 748
9 762
9 776
9 786
9 830
9 875
9 916
9 987
9 1000
10 17
10 27
10 80
10 103
10 134
10 171
10 212
10 239
10 607
10 621
10 747
10 771
11 44
11 48
11 87
11 109
11 123
11 161
11 163
11 220
11 622
11 734
11 775
11 790
11 899
11 986
12 16
12 20
12 30
12 58
12 61
12 62
12 174
12 241
12 268
12 274
12 341
12 362
12 368
12 503
12 512
12 531
12 564
12 570
12 813
12 826
12 833
12 891
13 23
13 28
13 47
13 52
13 70
13 72
13 79
13 119
13 131
13 165
13 166
13 181
13 192
13 214
13 215
13 267
13 276
13 279
13 333
13 373
13 432
13 476
13 518
13 537
13 554
13 556
13 562
13 602
13 626
13 650
13 659
13 660
13 702
13 720
13 864
13 868
13 970
13 976
14 19
14 323
14 442
14 576
14 642
14 808
14 979
15 18
15 20
15 36
15 47
15 68
15 138
15 172
15 402
15 914
15 976
15 991
15 1024
16 26
16 50
16 61
16 62
16 78
16 82
16 115
16 142
16 159
16 184
16 236
16 281
16 295
16 296
16 319
16 462
16 468
16 477
16 549
16 604
16 617
16 638
16 641
16 798
16 871
16 959
17 20
17 39
17 57
17 68
17 71
17 72
17 87
17 92
17 122
17 168
17 194
17 210
17 240
17 241
17 265
17 286
17 311
17 372
17 383
17 385
17 391
17 400
17 475
17 484
17 498
17 533
17 597
17 619
17 626
17 640
17 651
17 682
17 700
17 708
17 715
17 772
17 796
17 841
17 888
17 910
17 985
17 995
17 999
17 1030
18 31
18 48
18 85
18 90
18 97
18 150
18 235
18 270
18 354
18 378
18 395
18 421
18 449
18 570
18 611
18 686
18 732
18 760
18 792
18 880
18 939
19 30
19 35
19 37
19 46
19 55
19 65
19 94
19 159
19 185
19 192
19 198
19 205
19 212
19 251
19 264
19 306
19 345
19 346
19 517
19 538
19 559
19 592
19 593
19 626
19 634
19 767
19 800
20 22
20 33
20 64
20 71
20 76
20 79
20 94
20 97
20 104
20 130
20 133
20 143
20 166
20 178
20 195
20 199
20 266
20 278
20 296
20 314
20 326
20 361
20 366
20 397
20 495
20 505
20 524
20 537
20 541
20 548
20 560
20 567
20 617
20 721
20 756
20 781
20 783
20 856
20 876
20 961
20 997
21 28
21 44
21 45
21 51
21 52
21 53
21 76
21 91
21 93
21 96
21 99
21 146
21 172
21 184
21 199
21 208
21 218
21 233
21 250
21 261
21 294
21 307
21 311
21 312
21 326
21 328
21 358
21 480
21 527
21 529
21 560
21 756
21 820
21 897
21 1019
22 85
22 221
22 231
22 339
22 675
22 902
23 24
23 26
23 35
23 36
23 39
23 43
23 50
23 56
23 69
23 73
23 78
23 79
23 105
23 117
23 121
23 144
23 149
23 156
23 212
23 223
23 244
23 288
23 313
23 315
23 332
23 355
23 369
23 415
23 422
23 486
23 490
23 508
23 551
23 571
23 582
23 589
23 615
23 707
23 710
23 740
23 825
23 840
23 852
23 855
23 869
23 935
23 941
23 965
23 980
23 982
23 994
24 44
24 64
24 226
24 298
24 318
24 465
24 577
24 585
24 592
24 608
24 628
24 691
24 778
24 842
24 898
24 985
25 111
26 41
26 56
26 67
26 71
26 78
26 85
26 112
26 121
26 130
26 146
26 157
26 160
26 187
26 201
26 269
26 302
26 367
26 371
26 459
26 545
26 662
26 766
26 781
26 822
26 895
26 1027
27 32
27 81
27 92
27 103
27 129
27 183
27 207
27 211
27 217
27 235
27 322
27 336
27 348
27 382
27 398
27 505
27 589
27 611
27 724
27 838
27 850
27 997
27 1029
28 37
28 55
28 60
28 63
28 74
28 100
28 116
28 158
28 175
28 186
28 254
28 276
28 402
28 496
28 590
28 857
28 908
28 999
29 63
29 72
29 95
29 126
29 277
29 718
29 757
30 74
30 132
30 204
30 216
30 377
30 433
30 439
30 781
30 941
30 1005
31 36
31 83
31 164
31 229
31 326
31 395
31 429
31 506
31 705
31 797
31 832
32 34
32 43
32 60
32 93
32 117
32 120
32 138
32 193
32 325
32 407
32 446
32 447
32 509
32 573
32 586
32 738
32 825
32 867
32 1027
33 42
33 140
33 200
33 219
33 254
33 278
33 324
33 334
33 401
33 462
33 526
33 640
33 751
33 772
33 860
33 931
34 74
34 84
34 110
34 248
34 298
34 518
34 550
34 560
34 681
34 969
34 1019
35 47
35 136
35 139
35 152
35 249
35 382
35 493
35 845
36 42
36 105
36 126
36 131
36 135
36 255
36 270
36 378
36 431
36 601
36 606
36 660
36 726
36 727
36 794
36 834
36 944
37 46
37 148
37 218
37 378
37 430
37 450
37 763
38 235
38 258
38 269
38 317
38 349
38 475
38 538
38 786
38 945
38 1010
39 112
39 171
39 221
39 491
39 644
39 709
39 768
40 59
40 60
40 75
40 92
40 176
40 191
40 400
40 407
40 652
40 736
40 771
40 816
40 875
40 912
40 929
41 83
41 89
41 224
41 320
41 521
41 684
41 884
41 896
41 920
42 81
42 99
42 123
42 138
42 170
42 200
42 304
42 444
42 535
42 557
42 581
42 1011
42 1020
43 63
43 105
43 113
43 128
43 162
43 209
43 327
43 511
43 544
43 583
43 591
43 761
43 765
43 919
43 932
44 57
44 65
44 108
44 137
44 139
44 155
44 193
44 202
44 220
44 253
44 340
44 363
44 528
44 552
44 561
44 592
44 630
44 666
44 674
44 706
44 790
44 830
44 861
44 891
44 940
44 980
44 1000
45 339
45 428
45 481
45 602
45 655
45 666
46 83
46 91
46 95
46 113
46 147
46 301
46 359
46 563
46 583
46 689
46 697
46 1026
47 158
47 168
47 211
47 222
47 309
47 455
47 565
47 648
47 969
47 976
48 73
48 76
48 142
48 165
48 179
48 180
48 234
48 288
48 319
48 332
48 366
48 433
48 612
48 686
48 688
48 894
48 972
49 90
49 101
49 167
49 392
49 836
49 858
49 988
50 62
50 107
50 117
50 125
50 169
50 228
50 342
50 346
50 347
50 351
50 558
50 740
50 743
50 860
50 936
51 125
51 127
51 181
51 198
52 104
52 127
52 287
52 342
52 355
52 486
52 492
52 532
52 563
52 667
52 826
53 64
53 86
53 126
53 191
53 250
53 260
53 283
53 658
53 715
53 737
53 791
53 869
53 909
54 810
55 66
55 84
55 154
55 231
55 248
55 284
55 293
55 436
55 441
55 556
55 613
55 684
55 717
55 807
55 906
55 908
55 995
56 93
56 179
56 295
56 323
56 354
56 454
56 456
56 485
56 495
56 535
56 719
56 733
56 743
56 904
56 956
57 107
57 148
57 414
57 531
57 703
57 893
57 949
58 107
58 157
58 249
59 70
59 115
59 128
59 143
59 201
59 206
59 208
59 227
59 259
59 299
59 324
59 337
59 355
59 416
59 432
59 473
59 480
59 539
59 591
59 632
59 653
59 679
59 725
59 751
59 760
59 798
59 814
59 863
59 1014
60 68
60 86
60 122
60 147
60 193
60 213
60 228
60 271
60 484
60 533
60 574
60 695
60 730
60 975
60 986
61 127
61 270
61 350
61 392
61 411
61 555
61 629
61 654
61 810
62 119
62 132
62 189
62 312
62 325
62 399
62 489
62 534
62 639
62 763
62 884
62 938
62 971
63 172
63 203
63 465
63 998
64 97
64 118
64 136
64 173
64 202
64 219
64 296
64 338
64 341
64 410
64 413
64 459
64 461
64 469
64 503
64 530
64 700
64 795
64 801
64 819
64 827
64 933
65 162
65 284
65 512
65 569
65 703
65 784
65 882
65 942
65 1019
66 73
66 113
66 158
66 586
66 1021
67 177
67 186
67 384
67 402
67 586
67 600
67 612
67 635
67 670
67 716
67 722
67 803
67 817
68 69
68 77
68 98
68 104
68 128
68 135
68 151
68 155
68 157
68 164
68 176
68 188
68 393
68 403
68 445
68 557
68 574
68 588
68 598
68 615
68 621
68 735
68 737
68 780
68 789
68 877
68 922
68 980
68 1006
69 80
69 140
69 141
69 154
69 200
69 208
69 337
69 524
69 568
69 811
69 947
69 1023
70 102
70 220
70 244
70 291
70 306
70 375
70 377
70 390
70 527
70 595
70 607
70 720
70 905
71 91
71 106
71 120
71 472
71 762
71 788
72 75
72 94
72 118
72 168
72 239
72 249
72 331
72 426
72 466
72 678
72 764
72 903
72 960
73 749
73 956
73 1001
74 179
74 930
75 173
75 210
75 433
76 100
76 124
76 135
76 207
76 240
76 286
76 321
76 357
76 391
76 670
76 674
76 772
76 806
77 108
77 137
77 237
77 247
77 303
77 356
77 509
77 543
77 771
77 856
78 557
78 581
79 87
79 124
79 211
79 580
79 585
79 780
79 879
79 886
79 962
80 130
80 245
80 278
80 374
80 536
80 646
80 731
80 752
81 313
81 870
82 121
82 261
82 310
82 888
82 971
83 88
83 299
83 332
83 499
84 102
84 595
84 955
85 88
85 189
85 243
85 376
85 448
85 455
85 632
85 666
85 944
85 1022
86 373
86 447
86 574
86 647
86 663
86 872
86 1022
87 133
87 225
87 499
87 536
87 913
88 149
88 229
88 251
88 412
88 478
88 697
88 699
88 758
88 764
88 925
89 125
89 145
89 152
89 182
89 310
89 548
89 838
89 895
89 900
90 923
91 108
91 110
91 140
91 465
91 777
91 878
91 957
92 515
93 467
94 214
94 224
94 272
94 329
94 423
94 445
94 554
94 801
94 892
95 195
95 281
95 284
95 440
96 154
96 308
96 806
97 101
97 118
97 173
97 369
97 649
97 723
97 796
97 843
97 972
97 1011
98 119
98 139
98 217
98 266
98 351
98 453
98 550
98 555
98 627
98 643
98 955
99 164
99 274
99 371
99 398
99 523
100 106
100 156
100 307
100 330
100 347
100 417
100 457
100 671
100 921
101 190
101 204
101 225
101 283
101 320
101 635
101 667
101 850
101 898
101 959
101 1012
102 160
102 285
102 432
102 469
102 533
102 677
102 687
102 753
103 120
103 247
103 256
103 488
103 584
103 652
103 753
103 927
104 327
104 414
104 456
104 489
104 608
104 716
104 791
104 901
105 205
105 215
105 263
105 408
105 501
105 712
106 110
106 185
106 224
106 242
106 253
106 269
106 436
106 553
106 633
106 667
106 717
106 1023
107 196
107 271
107 388
107 523
107 668
107 854
108 228
108 442
108 464
108 593
108 597
108 907
109 114
109 129
109 236
109 275
109 404
109 426
109 441
109 685
109 699
109 783
110 134
110 151
110 180
110 254
110 361
110 493
110 745
110 777
110 858
111 153
111 210
111 233
111 408
111 418
111 479
111 793
112 237
112 351
112 403
112 417
112 453
112 616
112 808
112 830
113 149
113 242
113 343
113 903
113 962
114 137
114 150
114 169
114 250
114 258
114 305
114 349
114 656
114 678
114 984
114 1023
115 300
116 674
116 752
117 146
117 318
117 595
117 668
117 766
117 768
117 780
117 786
117 790
119 331
119 628
120 148
120 209
120 213
120 232
120 398
120 423
120 625
120 662
121 246
121 827
122 147
122 166
122 225
122 227
122 262
122 266
122 305
122 350
122 362
122 373
122 376
122 420
122 460
122 484
122 514
122 519
122 521
122 525
122 578
122 681
122 779
122 804
122 973
123 131
123 153
123 238
123 317
123 352
123 437
123 645
123 807
123 882
124 695
125 504
126 161
126 363
126 437
126 439
126 641
126 843
126 916
127 584
127 620
127 952
128 141
128 274
128 609
128 620
128 852
129 175
129 731
130 446
130 614
131 582
132 291
132 861
133 487
133 741
133 986
133 1028
134 141
134 216
134 223
134 238
134 255
134 277
134 404
134 510
134 526
134 555
134 577
134 637
134 670
134 782
134 924
134 948
134 1017
135 322
136 201
136 320
136 361
136 399
136 513
136 679
136 841
137 163
137 311
137 405
137 630
137 744
137 750
137 951
139 562
139 687
139 942
140 174
140 301
140 308
140 431
140 442
140 506
140 542
140 552
140 716
140 835
140 837
140 927
140 934
141 362
141 401
141 644
142 145
142 248
142 272
142 385
142 427
142 485
142 628
142 745
143 257
143 301
143 323
143 329
143 430
143 446
144 267
144 273
144 304
144 412
144 443
144 501
144 732
144 750
144 839
144 1000
145 191
145 317
145 680
146 293
146 730
146 821
146 925
146 1007
147 897
148 290
148 758
149 448
149 805
150 165
150 178
150 184
150 217
150 280
150 297
150 407
150 676
150 849
150 892
151 289
151 678
151 736
152 156
152 162
152 169
152 175
152 178
152 192
152 234
152 243
152 256
152 262
152 335
152 382
152 413
152 452
152 487
152 562
152 673
152 690
152 913
152 1002
152 1018
153 300
153 544
153 839
154 188
154 268
154 471
154 474
154 578
154 657
154 665
154 1013
155 243
155 394
155 501
155 604
156 230
156 277
156 377
156 443
156 618
156 705
156 713
156 862
156 899
156 1013
157 450
157 458
157 647
157 728
157 928
158 205
159 238
159 474
159 619
160 182
160 187
160 394
160 517
160 975
160 1026
161 206
161 231
161 232
161 267
161 297
161 298
161 368
161 375
161 522
161 582
161 639
161 682
161 909
162 170
162 341
162 750
162 858
163 285
163 365
163 468
163 655
163 664
164 204
164 275
164 314
164 363
164 476
164 591
164 864
165 171
165 343
165 399
165 654
168 353
168 553
168 649
168 680
168 711
169 256
169 310
169 325
169 797
169 989
170 455
170 754
171 528
171 692
171 824
171 886
171 889
171 915
172 470
172 540
172 918
173 197
173 313
173 425
173 467
173 481
173 525
173 735
173 803
173 859
173 940
173 982
174 324
174 386
174 741
174 993
175 182
175 389
175 859
176 364
176 393
176 416
176 461
176 497
176 739
176 788
177 190
177 366
177 388
177 727
177 979
178 203
178 240
178 610
179 252
179 397
179 466
179 500
179 508
179 650
179 710
179 946
179 1004
180 334
180 551
180 598
180 934
181 237
181 737
181 853
181 898
182 664
183 314
183 321
183 357
183 998
184 218
184 675
184 860
184 890
185 195
185 417
185 427
185 507
185 566
185 837
185 914
186 233
186 328
187 331
187 421
188 260
188 356
188 580
189 276
189 372
189 439
189 451
189 654
189 792
189 977
190 292
190 336
190 443
190 546
190 792
191 701
192 340
192 458
192 483
192 489
192 549
192 724
192 832
193 197
193 294
193 541
195 246
195 292
195 434
195 488
195 621
195 992
196 230
196 510
196 721
197 498
198 634
198 669
198 730
198 848
198 870
199 214
199 316
199 333
199 438
199 450
199 476
199 496
199 576
199 596
199 624
199 630
199 645
199 660
199 747
199 798
199 848
199 853
199 927
199 948
199 1015
200 519
200 769
201 395
201 493
202 535
202 631
203 223
203 302
203 403
204 339
204 352
205 661
206 428
206 588
207 316
207 843
208 241
208 300
208 910
209 356
209 396
209 406
209 746
210 219
210 600
210 609
210 685
210 699
210 710
210 827
211 229
211 253
211 336
211 429
211 599
211 610
211 714
211 740
211 745
211 784
211 936
211 945
212 558
212 795
213 295
213 469
213 506
213 685
213 713
213 953
214 226
214 261
214 428
214 929
214 991
216 573
217 561
217 728
217 812
219 245
219 335
219 337
219 350
219 360
219 415
219 440
219 456
219 459
219 668
219 698
219 744
219 846
220 286
220 338
220 460
220 757
220 902
221 624
221 644
221 967
222 494
222 1002
223 262
223 906
225 285
225 434
225 435
226 345
226 472
226 661
226 672
226 828
226 831
226 873
227 704
227 707
227 770
227 785
227 1007
228 272
228 291
228 436
228 478
228 514
228 613
229 271
229 290
230 585
231 401
231 409
231 411
231 425
231 575
231 846
232 342
232 531
232 657
232 676
232 697
232 871
233 491
233 656
234 259
234 307
234 318
234 380
234 396
234 703
234 809
234 842
234 872
235 245
236 380
236 818
236 1030
237 391
237 496
237 915
239 348
239 434
239 498
239 563
239 623
239 627
239 1021
240 659
241 783
241 806
241 851
242 316
242 380
242 519
242 774
243 257
243 333
243 584
243 840
244 406
244 775
245 491
245 542
245 757
246 260
246 367
246 438
246 447
246 532
246 564
246 677
246 702
246 839
246 905
246 915
246 917
247 265
247 370
247 410
247 449
247 767
247 958
249 303
249 662
249 700
249 812
249 888
250 273
250 554
250 763
250 1009
251 572
251 723
252 970
253 263
253 426
253 543
253 724
254 409
254 553
254 643
254 865
254 965
256 444
256 571
256 751
258 346
258 545
258 708
258 804
258 862
258 972
258 974
259 569
259 890
259 1027
260 823
261 368
261 424
261 546
261 641
261 651
261 698
261 999
262 327
262 537
262 565
262 932
263 473
264 319
264 649
265 384
265 631
265 1012
266 309
266 400
266 505
266 624
266 676
266 969
267 352
267 388
267 605
267 834
268 365
268 579
268 705
269 289
269 297
269 419
270 312
270 452
271 390
271 801
272 283
273 315
273 414
273 755
273 987
274 338
274 386
274 729
274 742
275 360
275 393
275 715
275 1006
275 1017
276 381
276 671
277 280
277 394
277 694
277 755
277 931
277 1021
278 282
278 358
278 379
278 441
278 492
278 552
278 900
278 920
279 282
279 293
279 315
279 423
279 720
279 735
279 945
279 1016
280 594
280 657
281 288
281 526
281 594
281 606
281 824
282 570
282 873
283 344
283 381
283 633
284 309
284 357
284 364
284 605
284 659
284 859
284 926
285 483
285 722
286 345
286 583
286 833
286 862
287 369
287 841
287 1009
288 448
288 770
288 970
289 521
290 691
290 698
291 416
291 435
291 539
291 601
292 462
292 953
294 656
294 664
294 850
295 444
295 451
295 907
295 943
296 759
298 359
298 482
298 761
299 347
299 815
299 1002
300 370
300 495
300 504
300 530
300 609
300 778
301 328
302 343
302 603
302 759
303 880
304 305
304 545
305 308
306 344
306 359
306 528
306 706
307 650
308 467
308 471
308 952
309 961
310 348
310 625
311 379
311 930
312 418
312 865
313 502
313 579
313 587
313 604
313 961
314 547
314 622
314 637
316 387
316 631
316 663
316 795
316 823
317 610
317 743
317 805
318 367
318 813
318 933
318 951
319 769
319 871
320 494
320 576
320 897
320 1013
321 566
321 896
322 629
322 815
324 517
324 880
324 978
326 364
326 381
326 603
326 844
327 864
328 330
328 561
328 736
328 799
329 879
331 704
332 479
332 510
332 765
332 824
333 365
333 572
335 464
335 593
335 642
336 372
336 422
336 454
336 473
336 639
337 520
338 749
339 513
339 567
339 711
340 646
340 672
341 669
341 733
342 692
344 648
345 457
346 405
346 734
346 872
347 353
347 389
347 464
347 683
347 936
347 958
348 406
350 587
350 857
352 758
352 866
352 1017
353 619
353 762
354 384
354 691
354 836
355 616
355 854
356 415
356 540
356 612
356 681
356 765
356 782
356 822
356 855
356 1024
357 408
357 943
358 785
358 793
360 383
360 424
360 487
361 911
362 472
362 957
366 480
366 696
367 387
367 463
367 975
368 440
368 568
368 572
368 635
368 653
368 847
368 983
369 688
370 512
370 529
371 397
371 964
372 511
372 852
374 943
376 992
377 383
377 458
378 811
379 389
379 547
380 895
382 509
382 728
383 452
383 647
383 693
383 803
384 547
384 614
384 618
384 652
384 680
384 935
385 412
385 497
387 420
387 477
387 633
388 693
389 410
389 463
389 500
390 559
391 625
392 818
395 421
396 515
396 744
396 951
397 921
397 938
398 1006
399 513
399 559
399 973
400 454
403 527
403 819
404 427
404 573
406 468
410 673
411 784
412 754
412 800
412 829
413 490
413 865
413 966
414 422
414 731
414 823
414 1014
415 453
415 638
415 794
416 877
417 457
417 478
418 636
418 816
419 530
419 623
419 974
423 723
424 565
424 598
427 603
429 696
429 768
430 875
430 959
431 544
431 782
431 833
431 912
433 471
434 709
434 789
434 929
435 470
435 548
435 577
435 739
435 832
437 516
437 727
437 797
438 470
439 769
440 815
443 516
443 616
444 492
444 773
445 799
446 502
446 589
446 1004
447 845
448 460
448 525
450 704
450 807
451 814
452 532
452 568
452 954
453 732
454 546
454 746
454 837
454 926
455 483
455 914
456 466
456 761
456 935
456 937
458 508
459 820
461 620
461 996
463 503
463 556
463 702
463 917
464 543
464 580
464 714
464 990
466 906
468 534
468 694
468 828
468 946
470 567
470 993
472 919
472 966
473 787
473 982
476 542
476 653
477 602
477 663
477 742
478 694
482 534
482 821
482 847
484 507
484 964
484 990
485 613
486 760
487 701
489 775
491 507
491 520
491 564
492 874
493 587
493 671
493 719
493 819
494 645
495 578
495 930
496 789
497 690
497 1022
498 688
500 516
500 522
501 779
502 729
503 965
505 597
505 842
506 711
507 515
507 953
508 718
512 514
512 994
519 540
519 725
520 968
520 981
520 996
521 791
521 802
521 831
522 729
522 853
522 958
528 590
528 861
530 682
530 955
530 979
531 689
532 579
533 714
538 571
538 596
538 690
542 984
545 575
546 876
547 658
547 1003
549 725
552 719
552 835
553 809
554 558
555 721
555 774
555 893
555 905
555 917
556 618
556 634
556 717
556 739
556 978
557 734
557 767
557 800
557 919
559 937
560 617
560 665
560 885
561 600
561 810
562 575
562 1005
563 627
565 921
568 611
568 738
568 948
569 679
569 753
569 759
569 910
569 1025
573 596
573 883
574 887
575 718
576 655
578 844
578 899
578 940
580 925
585 755
586 774
586 1007
588 799
588 939
589 785
590 817
592 632
592 866
592 870
592 922
592 998
593 954
594 746
596 637
596 773
597 756
598 809
598 1011
601 687
601 963
602 686
602 713
602 933
608 985
610 661
611 849
611 967
612 726
612 811
614 912
615 623
616 648
618 640
619 913
623 916
624 672
627 636
627 820
630 903
631 708
631 887
635 748
635 977
637 802
637 983
638 675
638 947
642 754
642 838
643 646
643 658
643 677
643 696
645 851
646 778
647 693
647 849
654 988
656 1029
657 695
657 766
657 966
659 946
659 996
662 1015
664 701
664 788
664 901
664 920
668 978
668 1020
669 829
670 683
675 777
676 817
677 901
678 770
678 981
680 989
681 863
683 984
687 742
688 877
696 962
697 894
700 885
702 883
702 900
704 894
705 963
706 831
706 950
706 960
708 857
710 834
712 787
714 949
717 963
726 821
729 884
730 741
730 987
731 918
739 960
740 869
742 813
742 896
746 822
747 983
750 878
755 893
756 808
757 818
757 845
758 840
759 805
759 938
760 826
760 885
760 989
761 816
763 923
763 1008
764 846
764 994
766 981
767 802
768 932
774 812
777 889
781 829
783 855
784 924
786 889
786 967
786 1008
786 1015
787 794
787 814
790 904
790 1003
792 941
793 868
796 968
802 973
803 995
805 851
806 931
808 1012
814 974
814 1003
816 902
817 1001
821 1009
823 928
823 950
828 924
836 856
840 882
843 874
844 879
844 1020
845 881
851 997
854 944
856 909
858 942
858 1028
861 876
861 886
861 918
861 947
870 956
873 977
880 881
881 971
884 892
887 954
896 1001
900 952
906 907
908 1010
948 988
948 1025
957 990
966 1029
973 1005
991 1004
992 1026
996 1008
