0 1
0 2
0 3
0 5
0 12
0 32
0 34
0 42
0 49
0 65
0 87
0 91
0 95
0 107
0 108
0 130
0 167
0 180
0 184
0 196
0 221
0 224
0 237
0 242
0 253
0 287
0 349
0 379
0 422
0 443
0 468
0 477
0 481
0 573
0 618
0 628
0 664
0 695
0 696
0 783
0 804
0 837
0 889
0 958
1 4
1 6
1 22
1 27
1 40
1 47
1 68
1 86
1 126
1 143
1 145
1 201
1 217
1 245
1 246
1 318
1 323
1 718
1 819
1 868
1 898
2 4
2 5
2 6
2 7
2 9
2 10
2 12
2 13
2 15
2 16
2 18
2 19
2 20
2 22
2 40
2 56
2 60
2 67
2 73
2 77
2 93
2 125
2 131
2 147
2 160
2 161
2 170
2 181
2 186
2 217
2 266
2 274
2 283
2 285
2 295
2 305
2 316
2 360
2 496
2 501
2 514
2 598
2 614
2 674
2 682
2 709
2 934
2 960
3 4
3 8
3 11
3 15
3 35
3 43
3 56
3 76
3 101
3 119
3 121
3 158
3 174
3 182
3 201
3 227
3 262
3 277
3 346
3 347
3 439
3 484
3 529
3 577
3 580
3 583
3 636
3 692
3 717
3 873
3 938
3 948
4 5
4 6
4 7
4 10
4 11
4 14
4 16
4 17
4 19
4 24
4 25
4 27
4 29
4 32
4 36
4 38
4 51
4 52
4 58
4 60
4 62
4 71
4 90
4 91
4 96
4 99
4 103
4 110
4 115
4 123
4 124
4 125
4 128
4 134
4 138
4 161
4 163
4 169
4 187
4 193
4 200
4 224
4 227
4 235
4 237
4 241
4 245
4 256
4 266
4 284
4 295
4 301
4 314
4 344
4 345
4 349
4 351
4 367
4 381
4 395
4 435
4 441
4 442
4 475
4 481
4 486
4 506
4 540
4 544
4 556
4 592
4 606
4 611
4 632
4 638
4 654
4 703
4 737
4 756
4 764
4 798
4 818
4 857
4 864
4 877
4 883
4 896
4 953
5 8
5 25
5 27
5 62
5 70
5 78
5 97
5 101
5 111
5 114
5 120
5 127
5 162
5 163
5 177
5 188
5 257
5 282
5 513
5 528
5 533
5 536
5 576
5 688
5 731
5 800
5 845
6 7
6 9
6 10
6 31
6 37
6 57
6 61
6 63
6 80
6 86
6 114
6 120
6 121
6 137
6 138
6 165
6 187
6 188
6 266
6 302
6 309
6 310
6 340
6 409
6 422
6 443
6 641
6 652
6 721
6 765
6 839
6 852
6 871
6 914
7 8
7 13
7 14
7 17
7 21
7 23
7 29
7 31
7 39
7 41
7 43
7 44
7 45
7 56
7 59
7 64
7 66
7 69
7 72
7 105
7 116
7 122
7 158
7 167
7 168
7 216
7 239
7 253
7 254
7 267
7 272
7 304
7 315
7 335
7 361
7 393
7 401
7 469
7 471
7 499
7 502
7 504
7 528
7 564
7 597
7 613
7 638
7 659
7 675
7 694
7 736
7 795
7 923
7 948
7 949
8 9
8 12
8 14
8 15
8 16
8 20
8 42
8 51
8 72
8 80
8 84
8 110
8 125
8 147
8 175
8 189
8 191
8 209
8 233
8 247
8 326
8 397
8 412
8 452
8 514
8 519
8 545
8 548
8 569
8 592
8 600
8 615
8 689
8 738
8 793
8 881
9 11
9 19
9 20
9 21
9 24
9 26
9 30
9 33
9 36
9 39
9 40
9 41
9 44
9 45
9 49
9 52
9 57
9 74
9 75
9 87
9 93
9 104
9 127
9 133
9 135
9 143
9 165
9 174
9 191
9 202
9 215
9 232
9 233
9 253
9 256
9 258
9 264
9 267
9 303
9 338
9 342
9 350
9 351
9 360
9 377
9 380
9 391
9 393
9 457
9 458
9 482
9 495
9 525
9 535
9 570
9 591
9 611
9 616
9 674
9 693
9 696
9 698
9 702
9 723
9 733
9 739
9 771
9 785
9 809
9 855
9 867
9 920
9 933
9 935
9 955
10 31
10 50
10 55
10 91
10 153
10 288
10 446
10 473
10 577
10 666
10 707
10 726
10 760
10 813
10 824
10 947
11 26
11 37
11 39
11 47
11 60
11 69
11 71
11 107
11 294
11 490
11 529
11 639
11 680
11 817
11 899
12 13
12 18
12 23
12 30
12 61
12 82
12 111
12 126
12 157
12 205
12 220
12 242
12 293
12 487
12 520
12 665
12 667
12 821
12 886
13 34
13 67
14 18
14 22
14 48
14 57
14 63
14 83
14 101
14 110
14 128
14 132
14 134
14 137
14 182
14 185
14 196
14 209
14 218
14 280
14 321
14 340
14 375
14 383
14 397
14 413
14 415
14 421
14 489
14 519
14 543
14 544
14 577
14 595
14 638
14 640
14 645
14 661
14 680
14 683
14 713
14 808
14 810
14 825
14 840
14 885
14 941
14 954
15 17
15 32
15 41
15 54
15 65
15 117
15 159
15 176
15 209
15 322
15 323
15 495
15 512
15 655
15 675
15 726
15 923
15 930
16 33
16 46
16 70
16 142
16 146
16 149
16 196
16 311
16 327
16 367
16 378
16 388
16 394
16 434
16 440
16 493
16 522
16 594
16 669
16 712
16 739
16 790
16 813
16 816
16 899
17 35
17 76
17 88
17 105
17 120
17 154
17 182
17 189
17 297
17 304
17 332
17 415
17 465
17 475
17 517
17 634
18 21
18 23
18 89
18 460
18 590
18 625
18 728
18 730
18 810
18 938
19 71
19 86
19 151
19 234
19 579
19 663
19 683
19 694
19 710
19 775
19 833
20 28
20 29
20 30
20 38
20 42
20 55
20 94
20 97
20 135
20 138
20 175
20 215
20 220
20 333
20 343
20 400
20 410
20 553
20 558
20 565
20 693
20 734
20 744
20 840
20 932
21 38
21 59
21 64
21 89
21 92
21 95
21 100
21 150
21 164
21 218
21 249
21 273
21 447
21 454
21 504
21 607
21 703
21 893
21 906
22 25
22 28
22 62
22 70
22 130
22 143
22 216
22 238
22 270
22 303
22 313
22 357
22 373
22 432
22 529
22 559
22 619
22 620
22 630
22 649
22 657
22 947
23 24
23 26
23 33
23 50
23 63
23 136
23 139
23 166
23 302
23 355
23 442
23 483
23 593
23 597
23 647
23 680
23 904
24 118
24 210
24 288
24 344
24 467
24 517
24 530
24 594
25 46
25 53
25 54
25 66
25 85
25 166
25 184
25 202
25 219
25 222
25 238
25 241
25 244
25 320
25 340
25 342
25 367
25 440
25 463
25 464
25 466
25 509
25 518
25 544
25 563
25 572
25 586
25 656
25 754
25 792
25 858
25 894
25 905
25 909
25 939
26 34
26 43
26 50
26 65
26 77
26 81
26 87
26 99
26 116
26 128
26 146
26 163
26 194
26 228
26 251
26 279
26 410
26 420
26 432
26 449
26 479
26 484
26 500
26 558
26 566
26 622
26 649
26 671
26 676
26 702
26 708
26 736
26 740
26 750
26 800
26 841
26 952
27 28
27 37
27 49
27 53
27 66
27 69
27 90
27 100
27 103
27 105
27 112
27 116
27 124
27 130
27 133
27 157
27 181
27 187
27 204
27 230
27 272
27 338
27 339
27 358
27 426
27 427
27 429
27 481
27 482
27 485
27 493
27 568
27 584
27 587
27 608
27 616
27 959
27 961
28 51
28 140
28 226
28 229
28 305
28 354
28 455
28 524
28 587
28 773
28 848
29 109
29 159
29 330
30 68
30 172
31 54
31 133
31 222
31 531
31 588
32 47
32 48
32 79
32 80
32 88
32 103
32 156
32 162
32 173
32 207
32 262
32 281
32 323
32 324
32 348
32 363
32 381
32 398
32 433
32 474
32 480
32 500
32 522
32 673
32 745
32 790
32 794
32 915
33 35
33 44
33 84
33 142
33 169
33 255
33 324
33 438
33 457
33 646
34 45
34 95
34 109
34 173
34 198
34 232
34 270
34 402
34 450
34 761
34 870
35 36
35 337
35 355
35 621
35 870
36 157
36 222
36 275
36 853
37 75
37 83
37 85
37 108
37 161
37 247
37 288
37 347
37 427
37 606
37 633
37 755
37 911
37 922
38 135
38 436
38 530
38 830
39 55
39 177
39 179
39 322
39 399
39 433
39 438
39 487
39 507
39 601
39 604
39 700
39 764
39 777
39 887
40 144
40 170
40 197
40 256
40 428
40 631
40 633
40 827
41 46
41 52
41 61
41 73
41 162
41 252
41 265
41 271
41 348
41 405
41 483
41 681
41 686
41 734
41 836
42 67
42 82
42 96
42 178
42 185
42 190
42 200
42 212
42 238
42 292
42 453
42 539
42 635
42 722
42 749
42 803
42 956
43 78
43 83
43 129
43 317
43 426
43 586
43 618
43 899
44 250
44 272
44 423
44 518
44 766
45 75
45 242
45 261
45 344
45 358
45 362
45 381
45 404
45 454
45 462
45 599
45 740
45 757
46 48
46 53
46 68
46 77
46 79
46 89
46 106
46 119
46 153
46 179
46 204
46 264
46 275
46 278
46 290
46 296
46 315
46 373
46 392
46 405
46 727
46 746
46 772
46 817
46 865
47 88
47 94
47 113
47 151
47 203
47 324
47 583
47 621
47 684
48 73
48 98
48 107
48 331
48 490
48 654
48 795
48 825
48 863
48 945
49 122
49 220
49 279
49 368
49 382
49 730
49 738
50 72
50 78
50 81
50 117
50 186
50 204
50 382
50 390
50 419
50 561
50 894
51 59
51 74
51 76
51 98
51 131
51 168
51 180
51 236
51 250
51 269
51 277
51 289
51 316
51 334
51 335
51 336
51 414
51 437
51 524
51 527
51 534
51 754
51 820
52 58
52 102
52 104
52 123
52 132
52 260
52 330
52 352
52 362
52 406
52 418
52 520
52 547
52 647
52 801
52 827
52 832
52 856
52 888
52 914
52 919
52 928
53 124
53 173
53 229
53 294
53 346
53 477
53 489
53 533
53 598
53 623
53 628
53 652
53 846
53 873
53 933
54 90
54 149
54 175
54 643
55 58
55 81
55 166
55 171
55 216
55 916
56 106
56 154
56 365
56 636
57 121
57 152
57 341
57 630
57 725
57 834
58 92
58 208
58 227
58 330
58 658
58 852
59 250
59 297
59 355
59 789
59 801
60 164
60 197
60 213
60 251
60 271
60 441
60 690
60 747
60 752
60 753
60 829
60 930
60 949
61 64
61 99
61 106
61 132
61 160
61 418
61 516
61 557
61 599
61 642
61 763
61 797
61 885
62 112
62 146
62 179
62 203
62 462
62 472
62 590
62 651
62 757
63 145
63 354
63 434
63 473
63 598
64 79
64 246
64 580
64 655
64 657
64 826
64 881
65 115
65 167
65 172
65 194
65 329
65 407
65 549
65 555
65 581
65 722
65 789
65 820
65 878
65 879
66 109
66 148
66 183
66 283
66 305
66 328
66 332
66 459
66 656
66 713
66 732
66 851
66 901
67 419
67 563
67 629
67 668
68 74
68 85
68 93
68 117
68 118
68 172
68 206
68 214
68 219
68 299
68 328
68 366
68 385
68 388
68 435
68 484
68 525
68 547
68 576
68 642
68 649
68 708
68 786
68 829
68 841
69 114
69 134
69 291
69 325
69 537
69 741
69 853
69 942
70 183
70 397
70 508
71 345
71 450
71 589
71 662
72 136
72 231
72 310
72 425
72 582
72 908
72 960
73 82
73 158
73 192
73 203
73 208
73 274
73 337
73 432
73 525
73 685
73 744
73 758
73 785
74 199
74 767
74 807
75 108
75 234
75 306
75 461
75 498
75 515
75 581
75 666
75 771
76 137
76 150
76 178
76 235
76 382
76 453
76 541
76 913
77 84
77 96
77 102
77 155
77 387
77 428
77 733
78 437
78 515
79 92
79 112
79 160
79 176
79 201
79 255
79 403
79 416
79 417
79 604
79 639
79 831
79 837
79 845
80 131
80 263
81 94
81 104
81 225
81 317
81 453
81 603
81 772
81 877
82 102
83 113
83 189
83 331
83 597
84 97
84 100
84 141
84 188
84 211
84 213
84 259
84 289
84 304
84 398
84 664
84 748
85 156
85 228
85 259
85 287
86 416
86 435
86 465
86 644
86 702
86 958
87 98
87 139
87 153
87 198
87 313
87 474
87 506
87 588
87 872
87 891
87 898
88 192
88 503
88 567
88 579
89 193
89 295
89 404
89 444
89 490
89 728
90 202
90 290
90 334
90 474
90 518
90 520
90 578
90 670
90 701
90 821
90 835
91 111
91 113
91 774
92 139
92 447
92 750
93 200
93 230
93 290
93 314
93 572
93 615
93 679
93 701
93 747
93 849
94 122
94 364
94 823
95 259
95 265
95 312
96 206
96 236
96 296
96 762
97 147
97 212
97 283
97 287
97 731
98 115
98 219
98 359
98 408
98 502
98 526
98 549
98 604
98 691
98 847
98 854
98 867
98 912
99 151
99 193
99 243
99 252
99 389
99 550
100 140
100 152
100 383
100 492
101 298
101 479
101 505
101 830
101 831
102 154
102 155
102 243
102 248
102 261
102 264
102 326
102 359
102 385
102 398
102 438
102 588
102 613
102 724
102 837
102 955
103 129
103 136
103 148
103 423
103 494
103 658
103 717
103 811
103 903
104 331
104 364
104 421
105 269
105 585
105 742
105 756
106 149
106 240
106 408
106 523
107 127
107 267
107 648
107 806
107 902
108 169
108 284
108 317
108 501
108 567
108 750
109 211
109 451
109 609
109 709
109 911
110 192
112 663
112 851
112 959
113 142
113 333
113 716
113 895
113 914
113 927
113 937
114 244
114 246
114 281
114 542
114 787
114 816
114 962
115 119
115 241
115 271
115 704
115 768
116 118
116 123
116 126
116 141
116 176
116 190
116 268
116 353
116 546
116 645
116 828
117 210
117 336
117 415
117 539
117 596
117 612
117 863
118 177
118 263
118 396
118 405
118 716
118 868
118 912
118 944
119 386
119 454
119 564
119 583
119 608
119 690
119 849
120 152
120 378
120 581
121 144
121 148
121 191
121 226
121 285
122 258
122 359
122 575
122 741
123 129
123 554
124 346
124 353
124 660
124 773
124 920
127 198
127 263
127 406
127 571
127 643
127 812
128 150
128 155
128 240
128 495
128 847
128 902
129 400
129 551
129 714
130 309
130 327
130 391
130 470
130 562
131 170
131 862
132 165
132 205
132 299
132 307
132 471
132 576
132 831
133 194
133 199
133 232
133 307
133 547
133 560
133 564
133 635
133 799
133 805
133 910
134 257
134 842
134 926
135 140
135 145
135 214
135 218
135 273
135 274
135 292
135 395
136 335
137 141
137 450
138 183
138 445
138 694
139 225
139 497
139 546
139 548
139 786
139 791
139 876
139 905
140 280
140 615
141 159
141 164
141 378
141 561
141 671
141 728
142 368
143 144
143 190
143 372
143 424
143 570
143 650
143 913
144 156
144 186
145 735
146 180
146 265
146 394
146 510
146 814
147 240
147 311
147 370
147 387
147 425
147 448
148 168
148 174
148 215
148 230
148 245
148 334
148 374
148 480
148 500
148 513
148 585
148 629
148 632
148 637
148 667
148 703
148 719
148 775
149 370
149 480
150 270
150 528
150 622
150 664
151 234
151 603
151 870
152 319
152 478
152 661
152 884
153 332
153 388
153 813
154 185
154 623
155 212
155 236
156 670
156 763
156 915
157 890
157 917
158 280
158 390
158 430
158 468
158 704
158 874
159 195
159 208
159 286
159 291
159 319
159 375
159 407
159 444
159 457
159 464
159 499
159 532
159 537
159 698
159 796
161 195
161 282
161 303
161 503
161 513
161 668
161 678
161 718
161 742
162 214
162 260
162 467
162 944
163 171
163 377
163 386
163 412
163 492
163 505
163 506
163 627
163 889
164 223
164 327
164 352
164 614
164 839
165 293
165 364
166 229
166 233
166 318
166 422
166 593
167 178
167 286
168 375
168 527
168 747
169 542
169 836
170 171
170 195
170 210
170 351
170 384
170 423
170 442
170 471
170 486
170 497
170 629
170 855
170 861
170 928
171 181
171 268
171 541
172 292
172 321
172 358
172 387
172 413
172 430
172 451
172 543
172 557
172 596
172 626
172 760
172 864
173 225
173 369
173 461
173 571
173 886
175 206
175 953
176 276
176 348
176 362
176 817
176 876
177 184
177 199
177 369
177 622
177 690
177 818
178 276
179 207
179 223
179 247
179 254
179 320
179 437
179 460
179 508
179 689
179 762
179 781
179 936
180 207
180 223
180 302
180 350
180 396
180 522
180 555
180 562
180 635
180 849
181 452
182 211
182 791
182 863
184 205
184 282
184 350
184 619
184 802
185 228
185 235
185 297
186 780
186 952
187 343
187 365
188 217
188 854
189 221
189 372
190 316
190 509
190 935
191 429
191 683
191 902
192 491
192 726
192 745
193 213
193 409
193 549
193 660
193 723
193 926
193 936
193 962
194 197
194 261
194 277
194 543
194 760
194 843
195 365
195 533
195 695
195 815
196 239
196 275
196 336
196 477
196 634
196 745
196 762
196 856
196 879
196 900
197 467
197 548
197 623
197 844
197 890
198 226
198 419
198 505
198 586
198 679
198 682
198 737
198 938
199 298
199 496
200 384
200 441
200 466
200 835
201 285
201 448
201 530
201 546
201 603
202 224
202 249
202 252
202 417
202 551
202 676
203 251
203 401
204 643
204 676
204 781
205 231
205 671
205 892
207 255
207 408
207 625
208 243
208 278
208 392
208 443
208 557
208 659
208 809
208 869
208 931
209 221
209 300
209 361
209 417
209 489
209 560
209 614
209 865
209 879
210 249
210 473
211 329
211 345
211 900
212 262
212 286
213 258
214 338
214 521
214 672
214 740
215 231
215 341
215 357
215 476
215 825
215 864
215 961
216 244
216 308
216 374
216 646
216 808
217 239
217 424
217 551
217 687
218 312
218 353
218 356
218 366
218 380
218 402
218 574
218 618
218 688
218 705
218 736
218 744
219 394
219 439
219 735
219 846
220 376
220 491
220 788
221 276
221 469
221 515
222 372
223 281
223 321
223 575
223 714
224 248
224 269
224 476
225 445
225 573
225 610
226 433
226 511
226 777
226 894
227 279
227 413
227 651
228 273
228 289
228 430
228 720
228 833
228 882
228 910
229 298
229 342
229 620
229 812
230 237
230 307
230 734
231 779
232 429
232 483
232 499
232 909
233 337
233 448
233 652
234 310
234 373
234 402
234 434
234 554
234 681
235 504
235 607
235 707
236 320
236 363
236 463
236 494
236 692
237 248
237 383
237 527
237 552
237 907
238 260
238 296
238 686
239 447
239 498
239 654
239 721
240 284
240 537
241 769
241 929
241 940
243 314
243 725
244 301
245 257
245 425
245 738
245 867
247 300
247 368
247 771
248 523
248 818
249 589
250 254
252 427
253 268
253 605
253 947
254 871
255 510
255 511
256 356
256 376
256 842
257 436
257 712
258 805
259 306
259 318
259 333
259 591
259 786
259 804
259 953
261 668
264 697
265 361
265 371
265 478
266 461
266 631
266 868
268 559
269 294
269 325
269 456
269 585
269 709
269 768
270 299
270 300
270 311
270 326
270 356
270 414
270 502
271 319
271 325
271 371
271 695
271 708
271 782
271 895
271 954
272 403
272 665
273 301
273 363
273 768
273 869
275 755
276 754
276 804
277 278
277 291
277 409
277 459
277 512
277 787
278 470
278 532
278 731
278 785
279 293
279 341
279 431
280 465
280 590
280 794
281 312
281 354
281 833
281 906
282 374
282 424
282 572
282 662
282 907
283 843
284 774
284 857
285 313
285 360
285 370
285 376
285 697
285 743
285 877
286 526
286 610
286 691
287 452
287 706
287 724
287 842
288 322
288 411
288 449
288 503
288 823
290 377
290 470
290 678
290 961
292 366
292 463
292 545
292 636
292 642
292 679
292 782
293 309
293 778
293 832
293 917
294 479
294 608
295 550
296 797
296 916
297 371
297 595
297 793
298 407
298 458
298 568
299 306
299 498
300 328
300 380
300 418
300 420
300 464
301 616
301 640
302 315
302 379
302 460
302 892
302 903
305 308
305 385
305 462
305 741
307 308
307 431
307 491
307 672
307 719
307 752
307 797
307 884
307 960
309 459
309 472
309 535
309 647
309 681
309 941
310 715
311 516
313 569
313 767
313 862
313 880
314 509
314 569
314 721
315 389
315 485
315 627
315 755
316 838
317 396
317 753
319 329
319 449
319 791
319 884
320 956
321 624
321 678
322 349
322 352
322 384
322 855
322 890
323 488
324 339
325 439
325 534
326 414
326 554
326 627
328 339
328 343
328 357
328 395
328 508
328 566
328 632
328 720
328 801
328 865
329 401
333 347
333 444
333 446
333 493
334 421
334 485
334 582
334 624
334 669
334 670
334 743
334 821
334 939
336 399
336 410
336 458
336 486
336 521
336 540
336 578
336 592
336 743
336 746
336 780
336 873
336 951
337 541
337 866
337 875
338 386
338 389
338 399
338 472
338 836
340 455
340 584
340 962
341 369
341 393
341 611
341 641
341 685
341 688
341 830
342 540
342 788
342 802
343 653
344 704
344 882
344 898
346 511
346 896
346 929
347 379
347 403
347 469
347 475
347 507
347 570
347 617
347 800
347 832
347 850
347 887
347 927
347 946
348 552
348 553
348 653
348 751
348 888
349 742
350 411
351 775
352 416
352 574
352 612
352 617
352 653
352 878
353 550
353 716
353 885
354 451
354 710
354 725
354 753
354 843
355 488
356 897
360 524
361 391
362 404
362 677
362 921
364 412
366 466
367 559
367 783
368 400
369 665
370 406
370 420
370 512
370 950
371 893
374 602
374 693
376 390
377 565
377 582
377 732
378 392
379 798
379 814
379 856
380 673
380 746
381 517
382 770
383 722
383 770
384 807
386 456
386 523
387 625
388 605
389 446
390 428
390 562
390 609
390 874
391 542
391 591
392 601
393 815
394 531
394 673
395 908
397 436
397 796
398 468
398 633
399 803
399 847
400 677
401 646
404 839
405 727
406 411
406 607
407 684
408 600
408 850
409 701
410 440
411 710
412 808
413 563
415 456
416 455
416 628
417 539
417 584
417 851
417 866
417 957
419 568
419 925
420 675
420 798
421 711
421 931
422 426
422 478
423 580
423 735
424 573
424 814
424 887
424 935
425 431
425 932
427 482
427 488
427 496
427 600
428 787
430 776
431 706
433 903
433 946
434 934
435 538
435 828
436 560
436 848
438 552
438 936
439 567
439 784
440 445
440 941
445 476
446 492
446 641
446 699
446 872
446 929
447 711
448 626
448 748
448 844
448 880
448 882
449 534
449 602
449 674
454 824
455 571
455 662
457 556
457 956
458 514
460 510
460 845
461 782
461 819
463 553
463 609
463 906
464 784
467 692
468 536
468 637
468 682
468 904
469 497
469 959
470 811
471 521
471 610
472 507
472 823
473 526
473 606
473 630
473 686
473 776
473 858
474 763
475 613
479 829
480 516
480 617
480 656
481 883
482 595
482 663
482 666
482 913
483 487
483 538
484 494
484 779
485 645
485 650
485 789
485 925
486 587
486 644
486 667
487 957
488 631
488 881
489 621
489 802
490 536
491 788
491 795
493 501
493 532
493 669
495 531
496 589
496 599
496 712
496 841
496 857
496 893
499 705
500 565
500 720
502 519
502 697
505 759
506 535
506 579
506 937
507 555
508 946
509 723
509 834
510 729
511 578
511 658
511 806
512 538
512 545
512 558
512 711
512 939
513 620
514 556
514 637
515 924
516 561
518 888
518 900
519 605
520 672
521 751
521 838
526 717
527 878
529 714
529 769
530 640
531 923
531 924
532 601
533 766
533 824
535 574
535 715
535 925
536 593
536 594
536 619
536 718
536 729
537 880
538 661
539 648
540 840
540 905
542 677
542 705
543 940
545 687
546 566
547 650
548 691
548 748
551 575
551 659
551 872
553 937
554 769
555 827
555 838
556 780
557 644
557 698
559 634
559 958
561 639
562 908
563 815
563 891
564 781
565 596
565 792
565 866
565 922
566 689
566 767
568 770
568 822
571 822
571 945
572 834
572 954
572 955
574 931
577 624
577 713
578 602
580 733
583 699
583 761
583 932
584 758
584 812
585 651
587 816
587 853
589 660
589 684
591 928
593 765
593 917
595 612
595 778
595 794
595 858
596 861
597 820
598 774
601 648
601 772
607 739
610 626
610 715
610 918
612 758
616 707
616 869
617 751
617 919
619 911
620 793
623 685
623 875
624 807
624 921
629 871
630 737
632 766
633 657
637 912
638 759
638 811
638 828
640 943
642 655
645 700
650 799
650 951
651 860
656 783
656 933
665 918
665 949
666 699
667 926
668 779
670 719
670 796
672 696
674 765
676 952
677 724
677 948
679 761
679 819
679 957
681 687
682 700
682 822
682 844
684 950
685 907
686 706
686 934
687 732
689 730
690 727
691 806
692 854
695 729
695 848
698 759
699 778
701 859
702 749
706 896
708 749
708 892
710 756
711 757
711 776
714 773
716 927
719 886
720 826
721 799
722 792
728 862
729 777
729 846
732 859
735 805
738 790
738 835
750 752
751 874
752 916
755 951
758 764
758 920
763 809
767 860
767 909
770 826
770 850
770 883
772 803
783 784
785 901
785 910
797 810
797 904
800 921
802 942
806 860
806 891
812 852
812 944
813 897
824 859
824 875
825 861
825 889
832 950
833 915
833 945
835 876
840 897
842 930
843 901
843 942
853 919
860 943
864 918
873 924
885 895
886 940
890 922
916 943
