0 1
0 2
0 3
0 4
0 5
0 6
0 9
0 15
0 18
0 20
0 21
0 25
0 39
0 43
0 81
0 83
0 84
0 107
0 121
0 161
0 164
0 168
0 173
0 198
0 205
0 267
0 326
0 366
0 391
0 425
0 448
0 462
0 509
0 525
0 531
0 582
0 641
0 671
0 696
0 708
0 716
0 801
0 816
0 853
0 859
0 886
0 887
0 920
0 924
0 1073
1 4
1 5
1 7
1 8
1 11
1 13
1 73
1 83
1 205
1 308
1 320
1 436
1 457
1 512
1 532
1 567
1 581
1 614
1 787
1 838
1 847
1 851
1 1015
1 1062
2 4
2 8
2 10
2 12
2 13
2 19
2 28
2 33
2 36
2 41
2 42
2 44
2 46
2 59
2 60
2 66
2 74
2 90
2 93
2 104
2 118
2 135
2 196
2 210
2 223
2 233
2 245
2 253
2 279
2 296
2 363
2 375
2 386
2 390
2 447
2 460
2 466
2 478
2 493
2 506
2 520
2 573
2 601
2 616
2 620
2 735
2 748
2 799
2 807
2 839
2 982
2 1012
2 1022
2 1061
3 28
3 49
3 188
3 461
3 792
4 5
4 6
4 7
4 9
4 13
4 14
4 15
4 16
4 17
4 19
4 24
4 25
4 29
4 30
4 36
4 38
4 39
4 45
4 48
4 51
4 52
4 54
4 56
4 57
4 69
4 89
4 90
4 94
4 96
4 99
4 100
4 104
4 105
4 109
4 111
4 121
4 132
4 140
4 144
4 159
4 173
4 184
4 195
4 206
4 227
4 240
4 247
4 258
4 264
4 283
4 289
4 294
4 304
4 315
4 317
4 327
4 350
4 362
4 372
4 381
4 395
4 410
4 430
4 435
4 445
4 454
4 468
4 485
4 498
4 528
4 536
4 538
4 542
4 545
4 546
4 549
4 550
4 554
4 556
4 557
4 574
4 578
4 602
4 603
4 609
4 642
4 649
4 681
4 717
4 774
4 802
4 811
4 813
4 827
4 834
4 849
4 856
4 884
4 892
4 896
4 911
4 937
4 954
4 973
4 982
4 985
4 1014
4 1047
4 1067
4 1075
5 6
5 9
5 31
5 32
5 34
5 61
5 62
5 65
5 75
5 81
5 86
5 88
5 89
5 97
5 111
5 112
5 152
5 166
5 176
5 179
5 188
5 198
5 216
5 218
5 234
5 236
5 238
5 262
5 285
5 322
5 376
5 406
5 540
5 593
5 638
5 650
5 765
5 772
5 797
5 965
5 966
5 1055
6 7
6 8
6 10
6 12
6 14
6 15
6 16
6 17
6 18
6 20
6 23
6 26
6 30
6 32
6 33
6 40
6 48
6 53
6 55
6 56
6 59
6 60
6 62
6 76
6 79
6 94
6 96
6 98
6 123
6 134
6 138
6 143
6 145
6 146
6 150
6 160
6 177
6 186
6 189
6 191
6 207
6 220
6 223
6 227
6 233
6 243
6 247
6 248
6 253
6 273
6 277
6 299
6 302
6 314
6 323
6 339
6 351
6 367
6 386
6 403
6 407
6 408
6 449
6 450
6 452
6 455
6 466
6 487
6 488
6 504
6 511
6 515
6 548
6 611
6 613
6 625
6 643
6 655
6 659
6 661
6 666
6 668
6 684
6 692
6 719
6 766
6 770
6 790
6 812
6 833
6 841
6 846
6 849
6 892
6 918
6 932
6 938
6 940
6 968
6 979
6 1008
6 1033
6 1038
7 11
7 26
7 31
7 142
7 288
7 749
7 804
7 835
7 948
8 10
8 11
8 12
8 29
8 35
8 44
8 45
8 60
8 68
8 76
8 77
8 88
8 105
8 126
8 135
8 179
8 183
8 197
8 224
8 228
8 241
8 281
8 367
8 370
8 392
8 478
8 509
8 543
8 592
8 596
8 658
8 669
8 688
8 694
8 700
8 759
8 795
8 830
8 836
8 839
8 843
8 877
8 995
8 1020
8 1061
9 21
9 27
9 36
9 47
9 67
9 75
9 91
9 97
9 109
9 134
9 152
9 177
9 220
9 300
9 315
9 351
9 372
9 516
9 565
9 606
9 710
9 725
9 857
9 867
9 970
9 1000
9 1050
10 18
10 21
10 22
10 23
10 25
10 27
10 33
10 38
10 50
10 53
10 61
10 95
10 114
10 195
10 196
10 213
10 226
10 269
10 272
10 308
10 342
10 346
10 373
10 390
10 425
10 433
10 544
10 574
10 605
10 678
10 683
10 691
10 749
10 781
10 823
10 864
10 904
10 926
10 959
10 977
10 993
10 1022
11 22
11 29
11 34
11 37
11 38
11 40
11 61
11 80
11 85
11 108
11 110
11 161
11 172
11 225
11 238
11 241
11 252
11 255
11 269
11 290
11 404
11 477
11 479
11 618
11 667
11 746
11 775
11 878
11 954
11 1059
12 14
12 17
12 47
12 82
12 96
12 357
12 496
12 562
12 571
12 578
12 605
12 674
12 762
12 786
12 949
13 16
13 55
13 58
13 59
13 63
13 65
13 85
13 123
13 151
13 207
13 218
13 240
13 302
13 357
13 364
13 394
13 622
13 665
13 720
13 756
13 796
13 962
13 968
13 976
13 987
14 34
14 91
14 119
14 301
14 344
14 523
14 703
14 1064
14 1066
15 20
15 37
15 54
15 163
15 257
15 380
15 488
15 567
15 737
15 821
15 868
15 872
15 1016
16 65
16 1050
17 19
17 26
17 37
17 49
17 69
17 101
17 114
17 117
17 118
17 140
17 146
17 169
17 176
17 187
17 190
17 205
17 230
17 237
17 264
17 299
17 398
17 401
17 507
17 509
17 556
17 577
17 584
17 626
17 651
17 675
17 779
17 787
17 795
17 809
17 862
17 935
17 944
17 1003
17 1057
18 22
18 24
18 50
18 58
18 67
18 95
18 102
18 115
18 136
18 238
18 298
18 315
18 344
18 361
18 385
18 474
18 628
18 755
18 935
18 971
18 1025
18 1060
19 27
19 472
19 480
19 501
19 503
19 591
19 612
19 624
20 23
20 24
20 31
20 51
20 57
20 82
20 113
20 125
20 137
20 142
20 174
20 189
20 202
20 290
20 348
20 383
20 529
20 580
20 621
20 654
20 758
20 762
20 832
20 940
21 78
21 92
21 108
21 127
21 194
21 214
21 243
21 375
21 481
21 501
21 705
21 844
22 318
22 357
22 503
22 701
22 738
22 818
22 820
23 35
23 99
23 178
23 267
23 362
23 858
23 1031
24 46
24 75
24 138
24 203
24 244
24 249
24 251
24 271
24 296
24 340
24 485
24 492
24 569
24 798
24 966
24 1076
25 52
25 141
25 155
25 160
25 187
25 389
25 679
25 698
25 769
26 28
26 32
26 35
26 163
26 164
26 250
26 270
26 276
26 292
26 568
26 709
26 847
27 40
27 42
27 62
27 84
27 128
27 328
27 441
27 495
27 874
27 877
28 43
28 86
28 87
28 117
28 127
28 131
28 178
28 214
28 261
28 280
28 284
28 333
28 352
28 413
28 477
28 482
28 519
28 580
28 731
28 746
28 840
28 884
28 970
28 1021
29 30
29 49
29 70
29 74
29 106
29 115
29 129
29 141
29 161
29 191
29 200
29 212
29 246
29 294
29 299
29 339
29 402
29 450
29 666
29 695
29 885
29 990
29 995
29 1005
29 1016
30 53
30 113
30 133
30 159
30 192
30 213
30 222
30 363
30 378
30 405
30 417
30 433
30 524
30 581
30 759
30 763
30 773
30 915
30 992
30 1051
31 66
31 70
31 87
31 148
31 202
31 252
31 424
31 436
31 499
31 610
31 696
31 796
31 1029
32 39
32 41
32 48
32 81
32 91
32 115
32 118
32 128
32 188
32 254
32 274
32 313
32 322
32 346
32 444
32 451
32 532
32 539
32 574
32 611
32 624
32 722
32 942
32 997
33 41
33 80
33 162
33 627
33 726
33 788
33 863
33 901
33 929
33 1032
34 43
34 45
34 78
34 113
34 116
34 143
34 149
34 150
34 245
34 269
34 289
34 317
34 321
34 349
34 374
34 378
34 429
34 496
34 502
34 517
34 527
34 533
34 555
34 573
34 590
34 621
34 686
34 735
34 785
34 788
34 852
34 876
34 1004
34 1044
35 72
35 79
35 107
35 120
35 196
35 230
35 424
35 510
35 672
35 801
35 832
36 63
36 71
36 76
36 102
36 126
36 185
36 217
36 275
36 284
36 321
36 338
36 371
36 379
36 440
36 576
36 609
36 770
36 936
37 57
37 100
37 128
37 222
37 259
37 263
37 282
37 304
37 354
37 506
37 531
37 588
37 653
37 699
37 752
37 755
37 796
37 802
38 56
38 101
38 111
38 139
38 167
38 180
38 217
38 226
38 332
38 337
38 366
38 382
38 389
38 398
38 518
38 631
38 647
38 665
38 763
38 929
38 996
39 68
39 79
39 85
39 99
39 114
39 120
39 122
39 125
39 157
39 183
39 198
39 211
39 216
39 234
39 318
39 335
39 353
39 369
39 416
39 419
39 500
39 610
39 640
39 672
39 682
39 707
39 714
39 746
39 861
39 866
39 884
39 994
40 64
40 68
40 106
40 148
40 281
40 447
40 487
40 493
40 513
40 583
40 799
41 42
41 44
41 72
41 101
41 103
41 148
41 153
41 244
41 334
41 384
41 537
41 542
41 559
41 605
41 646
41 689
41 740
41 874
41 939
42 46
42 51
42 54
42 116
42 134
42 143
42 156
42 163
42 165
42 169
42 220
42 266
42 290
42 311
42 369
42 373
42 473
42 810
42 867
42 928
42 967
43 119
43 177
43 190
43 193
43 312
43 418
43 457
43 500
43 540
43 559
43 561
43 679
43 680
43 788
43 947
43 1020
44 52
44 206
44 275
44 298
44 387
44 409
44 413
44 456
44 576
45 47
45 69
45 73
45 77
45 87
45 167
45 168
45 320
45 382
45 787
45 882
46 50
46 93
46 98
46 110
46 124
46 149
46 155
46 221
46 474
46 502
46 508
46 645
46 864
46 906
46 951
46 988
47 64
47 70
47 82
47 108
47 137
47 154
47 166
47 169
47 193
47 219
47 256
47 346
47 407
47 417
47 433
47 572
47 604
47 666
47 828
47 857
47 891
48 63
48 174
48 227
48 384
48 777
48 786
48 994
49 58
49 66
49 72
49 86
49 273
49 281
49 406
49 711
49 889
49 908
49 948
49 1026
49 1052
50 129
50 136
50 139
50 200
50 210
50 266
50 310
50 332
50 358
50 802
50 919
51 110
51 256
51 832
52 55
52 71
52 78
52 131
52 136
52 157
52 183
52 199
52 279
52 282
52 300
52 338
52 396
52 508
52 536
52 538
52 547
52 585
52 595
52 607
52 722
52 750
52 778
52 842
52 848
52 876
52 898
52 950
52 952
52 974
52 993
52 1019
53 71
53 80
53 120
53 157
53 230
53 362
53 528
53 579
53 686
53 854
53 1001
54 158
54 354
54 484
54 1073
55 74
55 103
55 207
55 486
55 683
55 885
55 951
55 1040
56 64
56 92
56 443
56 921
57 116
57 144
57 171
57 204
57 324
57 577
57 590
57 642
57 700
57 805
57 830
58 125
58 162
58 184
58 379
58 587
58 825
59 122
59 388
60 416
61 551
61 807
62 89
62 170
62 175
62 249
62 392
62 504
62 507
62 559
62 861
62 973
62 982
63 67
63 77
63 84
63 147
63 277
63 286
63 412
63 446
63 805
63 825
63 838
63 1067
64 73
64 88
64 142
64 182
64 192
64 208
64 274
64 291
64 310
64 353
64 441
64 517
64 562
64 655
64 704
64 870
64 912
64 1037
64 1059
65 104
65 155
65 171
65 260
65 293
65 636
65 989
66 151
66 251
66 324
66 421
66 516
66 1054
67 94
67 95
67 119
67 365
67 443
67 497
67 598
67 719
67 729
67 1034
67 1068
68 117
68 184
69 98
69 204
69 287
69 327
69 328
69 359
69 439
69 499
69 515
69 524
69 678
69 745
69 757
70 394
70 616
70 724
70 1015
71 92
71 138
71 158
71 222
71 411
71 594
71 620
71 735
71 860
71 913
71 1010
71 1064
72 83
72 200
72 476
72 668
72 883
72 897
72 931
72 1071
73 278
73 420
73 588
73 1011
74 250
74 259
74 272
74 377
74 394
74 598
74 725
75 130
75 168
75 380
75 566
75 618
75 903
75 996
75 1034
76 90
76 93
76 133
76 151
76 175
76 219
76 224
76 257
76 728
76 825
76 901
77 181
77 402
78 180
78 236
78 400
79 265
79 577
79 920
80 282
80 537
80 824
81 100
81 165
81 226
81 279
81 340
81 391
81 438
81 494
81 495
81 592
81 600
81 607
81 648
81 690
81 697
81 808
81 898
82 186
82 505
82 526
82 753
83 102
83 103
83 105
83 209
83 214
83 297
83 323
83 475
83 492
83 564
83 658
83 727
83 744
83 765
83 859
83 946
83 1002
83 1025
84 164
84 248
84 275
84 306
84 338
84 375
84 474
84 510
84 553
84 653
84 794
84 854
84 861
84 893
84 906
84 950
84 1012
84 1047
84 1055
85 246
85 287
85 294
85 326
85 465
85 579
85 967
86 97
86 189
86 206
86 319
86 558
86 919
86 955
87 306
87 425
87 852
87 1055
88 133
88 141
88 159
88 201
88 217
88 261
88 270
88 427
88 428
88 439
88 506
88 616
88 627
88 697
88 793
88 853
88 981
88 1042
89 520
89 551
89 628
89 818
89 950
89 1052
90 106
90 170
90 356
90 446
90 962
90 993
91 109
91 124
91 211
91 228
91 254
91 263
91 284
91 336
91 532
91 712
91 767
91 897
91 936
91 968
91 984
91 997
91 998
93 444
93 507
94 122
94 145
94 172
94 179
94 221
94 241
94 246
94 303
94 319
94 333
94 356
94 388
94 389
94 467
94 505
94 555
94 564
94 623
94 691
94 904
94 998
95 107
95 490
96 153
96 176
96 201
96 231
96 340
96 424
96 440
96 1051
97 280
97 313
97 325
97 335
98 293
98 519
98 545
98 597
98 1024
99 121
99 160
99 181
99 800
99 946
100 229
100 855
101 178
101 231
101 656
102 126
103 199
103 327
103 337
103 467
103 518
103 529
103 547
103 607
103 726
103 864
103 899
103 958
104 170
104 412
104 591
104 824
104 927
105 129
105 240
106 112
106 150
106 631
106 717
106 724
106 815
106 870
107 112
107 212
107 215
107 288
107 317
107 374
107 530
107 628
107 660
107 742
107 840
108 132
108 135
108 233
108 248
108 495
109 140
109 268
109 296
109 297
109 336
109 450
109 496
109 799
110 345
110 903
110 1021
111 124
111 130
111 144
111 384
111 418
111 477
111 517
111 726
111 902
112 131
112 175
112 262
112 330
112 401
112 501
112 585
112 614
112 774
112 791
113 588
113 902
113 1032
114 190
114 266
114 272
114 380
114 522
114 593
114 850
114 910
114 955
115 127
115 147
115 162
115 199
115 228
115 426
115 466
115 557
115 748
115 859
115 922
115 956
116 418
116 535
116 810
117 578
117 589
117 962
118 194
118 271
118 489
118 586
118 768
118 870
118 957
119 393
119 417
119 422
119 442
120 237
120 543
121 123
121 132
121 297
121 364
121 525
121 609
121 654
121 711
122 137
122 436
122 672
123 130
123 182
123 270
123 430
123 608
123 680
124 145
124 587
124 634
124 728
125 186
125 203
125 348
125 780
126 194
126 225
126 235
126 310
126 311
126 547
126 667
126 708
126 801
126 907
127 174
128 147
128 232
128 381
128 533
128 543
128 739
128 789
128 1026
129 149
129 154
129 298
129 804
129 828
132 167
132 201
132 323
132 399
132 760
132 800
133 242
134 257
134 405
134 647
134 815
134 924
135 139
135 146
135 158
135 173
135 180
135 193
135 259
135 285
135 302
135 331
135 434
135 457
135 462
135 489
135 552
135 568
135 681
135 709
135 868
135 877
135 941
135 986
135 1059
136 396
136 476
136 643
136 779
136 878
136 1054
137 165
137 354
137 387
137 422
137 442
137 443
137 551
137 553
137 749
137 1043
138 166
138 329
138 695
138 698
138 743
138 1015
139 156
139 209
139 221
139 291
139 309
139 397
139 428
139 512
139 809
140 211
140 432
140 812
140 937
141 452
141 670
142 152
142 229
142 255
142 289
142 292
142 361
142 727
142 846
142 865
142 1043
142 1044
143 252
143 922
143 960
144 393
144 915
145 182
145 368
145 596
146 156
146 225
146 612
147 264
147 286
147 419
147 423
147 921
149 733
149 1038
150 203
150 606
150 836
151 627
152 153
152 774
152 858
153 154
153 185
153 235
153 312
153 359
153 360
153 514
153 758
153 1035
153 1070
154 305
154 432
154 538
154 807
154 866
155 283
155 427
155 558
155 668
155 791
155 913
156 171
156 260
156 390
156 723
156 879
156 934
157 208
157 731
158 490
158 534
159 229
159 260
159 271
159 482
159 541
159 555
159 675
159 912
159 966
159 1016
160 172
160 291
161 249
161 313
161 345
161 497
161 503
161 847
161 1068
162 197
162 253
162 306
162 321
162 328
162 359
162 445
162 612
162 989
163 187
163 370
163 393
163 497
163 711
164 432
165 195
165 330
165 406
165 583
165 841
165 944
166 185
166 314
166 355
166 747
167 311
167 349
167 395
167 781
167 888
168 344
168 479
168 639
168 754
168 1067
169 469
169 727
169 739
170 191
170 331
170 531
170 1038
171 332
171 410
171 411
171 426
171 461
171 462
171 704
171 945
171 1053
172 1012
173 261
173 314
174 209
174 215
174 218
174 219
174 420
174 544
174 960
175 429
175 447
175 644
175 646
175 779
175 905
175 984
176 277
176 453
176 813
176 1003
177 181
177 237
177 288
177 407
177 440
177 455
177 534
177 808
177 1041
178 210
178 460
178 602
178 831
178 1004
179 524
179 838
180 1009
180 1072
181 309
181 725
181 766
181 865
181 963
181 978
182 239
182 608
182 710
182 900
182 1024
183 213
183 234
183 258
183 267
183 276
183 295
183 305
183 420
183 560
183 760
183 837
183 902
183 923
184 224
184 280
184 485
184 516
184 569
184 712
184 924
185 355
185 448
185 626
187 202
187 239
187 382
187 553
187 759
188 329
188 481
188 641
188 871
188 880
188 885
188 1074
189 371
189 383
189 737
189 809
190 192
190 216
190 232
190 247
190 265
190 324
190 392
190 458
190 784
190 836
190 926
190 934
190 1007
190 1053
191 844
191 874
192 215
192 403
192 449
192 483
192 702
192 728
193 637
193 694
194 208
194 421
194 505
194 684
194 910
195 250
195 339
195 493
195 560
195 761
196 197
196 212
196 242
196 254
196 285
196 300
196 480
196 484
196 652
196 697
196 713
196 1039
197 223
197 255
197 278
197 379
197 385
197 403
197 437
197 557
197 720
198 204
198 888
199 316
199 427
199 724
202 256
202 335
202 397
202 415
202 480
202 498
202 689
202 751
202 908
202 918
202 954
202 988
203 320
203 483
203 576
203 718
203 803
203 855
204 931
205 242
205 243
205 268
205 301
205 342
205 398
205 468
205 619
205 629
205 700
205 707
205 763
205 789
205 794
206 370
206 460
206 889
206 1010
207 245
207 694
207 783
208 881
209 548
209 913
211 318
211 473
212 329
212 479
212 740
213 232
213 263
213 360
213 550
213 948
214 235
214 236
214 355
215 851
216 437
216 972
216 1029
217 330
217 472
217 930
219 486
219 596
220 775
221 231
221 258
221 273
221 388
221 491
221 504
221 741
221 882
221 908
221 916
221 1000
222 955
223 239
223 326
223 381
223 641
223 1027
223 1057
224 541
225 526
225 1071
226 307
226 325
226 347
226 400
226 449
226 459
226 475
226 643
226 656
226 875
226 894
226 1033
227 408
227 415
227 523
227 630
227 644
227 945
228 409
229 308
229 456
229 606
229 662
230 265
230 598
231 364
232 268
232 316
232 508
232 566
232 637
233 511
234 423
234 604
234 777
234 1008
235 422
235 782
235 1048
236 262
236 334
236 348
236 494
236 594
236 610
236 645
236 850
236 1013
237 347
237 491
237 656
237 1039
238 244
238 251
238 377
238 707
238 708
239 283
239 301
239 396
239 575
239 764
239 1018
239 1044
240 410
240 414
240 617
240 670
240 730
241 617
242 676
242 754
242 889
242 891
243 307
243 336
243 337
243 343
243 371
243 535
244 352
244 554
245 358
245 683
246 304
246 350
247 416
247 431
247 510
247 614
247 767
248 278
248 377
248 421
248 659
249 286
249 562
249 734
249 965
250 333
250 376
250 615
250 639
250 660
250 698
250 762
250 869
250 990
250 1031
251 372
251 376
251 387
251 438
251 658
252 648
253 988
254 601
254 852
255 309
255 530
256 958
256 987
256 1040
257 404
257 491
257 502
257 619
257 873
257 925
258 316
259 603
260 667
260 929
261 492
261 593
261 785
261 829
261 831
262 292
262 386
262 445
262 454
262 463
262 499
262 873
263 325
263 426
263 513
263 636
263 687
264 276
264 303
264 307
264 441
265 434
265 721
266 351
266 664
267 295
267 488
267 604
267 613
267 893
267 894
268 946
269 342
269 587
269 718
269 1002
270 274
270 363
270 391
270 487
270 535
270 730
270 944
271 400
271 464
271 539
271 560
271 815
271 931
272 419
272 431
272 739
273 295
273 470
274 523
274 603
274 648
274 680
274 911
274 1027
276 368
276 536
276 582
276 638
276 679
276 925
277 322
277 693
277 795
277 1069
281 287
281 319
281 415
281 453
281 600
281 690
281 971
282 358
282 583
282 632
282 702
282 901
283 818
283 863
283 960
283 1025
284 399
285 757
286 619
286 713
287 649
288 798
288 961
289 892
289 1032
290 293
290 723
290 743
291 347
291 663
291 723
291 816
293 717
294 341
294 353
294 458
294 500
294 514
295 465
295 632
295 862
296 305
296 343
296 402
296 522
296 867
296 880
297 334
297 383
297 570
297 748
297 785
297 794
297 1013
298 312
298 521
298 705
299 303
299 840
299 1023
301 792
301 953
301 991
302 544
302 811
302 845
302 917
303 461
303 539
303 651
303 653
304 567
304 584
304 768
305 572
307 341
307 435
307 448
307 816
307 925
309 747
309 890
310 341
310 350
310 469
310 600
310 907
311 367
313 369
313 385
313 548
313 922
315 608
315 745
316 655
318 806
318 1070
319 438
320 411
320 464
320 613
320 632
320 637
320 676
320 714
320 991
321 476
321 481
321 579
321 1045
322 745
324 331
324 365
324 451
324 776
324 806
325 373
325 665
325 693
325 940
325 1009
325 1017
326 397
326 439
326 459
326 475
326 752
326 829
328 368
329 657
330 360
330 455
330 552
330 822
330 976
331 399
331 453
332 412
332 522
332 615
332 911
332 915
333 463
333 527
333 688
334 343
334 710
336 611
336 914
337 352
337 365
337 1006
338 366
338 951
339 459
339 624
339 647
339 650
340 395
340 484
340 526
340 1036
341 345
341 408
341 790
341 957
342 686
342 856
342 987
343 349
343 409
343 521
343 826
343 1060
345 890
347 635
348 444
348 765
348 857
350 361
350 1074
351 520
351 565
351 592
351 691
351 764
351 967
352 356
352 821
353 442
353 571
354 452
354 521
354 636
354 1045
355 804
355 979
355 1037
356 750
356 919
356 937
357 378
357 511
357 663
357 687
357 1060
358 414
358 629
358 803
358 878
359 630
359 798
360 470
360 738
361 374
361 573
361 757
361 873
362 471
362 490
362 630
362 871
362 956
362 992
363 512
363 601
363 783
364 468
364 473
364 589
364 673
364 756
364 814
366 428
366 742
366 769
366 978
368 513
368 634
368 853
369 413
370 673
370 736
370 829
372 423
372 622
372 722
372 964
374 404
374 469
374 753
376 642
377 806
379 963
380 446
380 1068
381 405
381 431
381 458
381 471
381 549
381 594
381 652
381 719
381 753
381 771
381 1022
382 514
382 827
382 863
382 977
384 486
384 566
384 640
384 664
385 525
385 635
386 854
386 900
386 985
387 618
389 414
389 456
389 561
389 585
389 819
389 834
390 534
391 881
391 1062
394 430
394 434
394 463
394 471
394 617
394 875
394 1019
395 533
395 589
395 659
395 846
396 429
396 541
397 401
397 943
397 1061
398 563
398 570
400 634
400 706
400 980
401 584
401 678
402 540
403 621
404 542
404 575
404 682
404 1008
405 1072
406 435
406 633
406 800
408 886
409 696
411 451
411 652
411 830
413 519
413 595
413 704
413 1042
414 768
414 898
415 644
415 685
415 752
415 1033
416 465
416 771
417 633
417 976
418 721
418 928
418 1056
418 1058
419 1072
420 714
420 1023
420 1046
421 866
421 958
424 769
424 876
424 933
425 530
425 786
426 470
426 949
427 437
427 550
427 572
427 657
427 676
427 695
427 715
428 537
428 701
428 1020
430 482
430 828
430 900
430 914
431 599
431 751
431 972
432 754
432 826
432 941
433 575
433 730
434 845
435 758
436 669
436 673
437 975
438 751
438 772
438 926
438 977
440 569
440 595
441 734
442 687
442 826
444 454
444 692
444 905
444 953
445 662
445 761
447 472
447 688
448 755
448 805
448 1011
449 464
449 599
450 639
450 780
450 1018
450 1073
451 811
453 467
453 886
453 904
454 528
454 564
454 623
454 631
454 684
454 706
454 770
454 1066
455 916
456 718
457 518
457 1001
458 849
459 733
460 712
460 732
461 994
462 546
462 635
462 650
464 563
466 1027
467 527
468 661
469 581
469 582
469 868
469 923
469 1018
470 930
472 674
472 814
473 478
473 590
473 743
473 932
473 964
473 974
474 921
475 552
475 963
475 969
475 991
476 483
476 1029
477 663
477 783
477 1063
478 1042
479 494
479 625
479 817
480 586
480 623
480 677
481 699
482 558
482 858
483 489
483 498
483 554
483 701
484 1028
485 591
485 744
488 549
488 561
488 939
488 1045
489 1049
490 803
491 1005
491 1065
492 651
493 681
493 731
494 515
494 563
495 626
495 654
495 702
495 793
495 969
496 615
496 912
496 1021
496 1041
498 782
498 938
499 586
499 597
499 810
499 827
499 957
499 1054
500 693
500 732
501 1001
501 1035
504 1011
505 640
506 933
507 671
508 772
508 797
509 689
509 720
510 1056
511 845
512 850
512 990
514 568
514 571
514 602
514 657
514 776
514 914
515 729
515 761
516 822
516 896
518 773
518 819
518 952
518 1023
518 1026
519 835
519 959
523 529
523 756
524 834
525 546
525 570
525 664
525 971
526 741
529 1028
531 660
532 713
532 865
532 973
533 766
533 895
534 893
538 545
538 776
538 842
538 997
541 1024
543 556
543 932
544 738
547 620
548 817
548 824
549 736
549 741
549 1028
553 565
553 580
554 625
554 685
554 823
554 1017
555 835
557 622
557 820
557 918
561 646
561 1037
562 927
562 1076
563 995
564 669
564 715
564 814
565 692
565 729
565 947
567 928
570 734
570 872
571 649
572 780
572 1000
572 1013
573 633
575 597
575 747
575 778
575 1070
578 930
578 1014
579 740
579 939
580 736
580 777
580 1046
581 677
585 599
587 737
589 638
589 819
589 917
590 733
590 775
594 661
594 869
596 629
596 1063
597 869
597 1014
598 1005
599 732
600 837
601 645
602 1052
603 716
604 820
605 848
606 927
608 771
608 778
609 675
609 703
610 1040
612 808
612 1050
613 764
613 1036
614 782
614 843
614 909
615 949
616 784
618 662
618 842
618 1019
619 789
620 883
621 909
622 677
622 812
622 860
622 923
623 851
625 671
628 841
629 989
630 871
630 943
632 983
636 975
639 682
639 685
639 705
639 848
640 895
640 1051
641 715
642 1046
642 1069
643 674
643 880
645 716
645 984
648 998
649 860
649 897
649 1010
651 690
653 670
656 706
658 699
659 920
661 784
664 797
664 813
664 899
665 907
667 709
667 1039
672 941
676 760
676 887
677 882
678 1058
679 1057
680 742
680 1034
681 910
683 833
683 875
684 952
685 750
687 1049
689 964
689 969
693 961
694 938
695 899
700 703
700 862
701 721
701 744
701 767
701 935
703 837
703 975
705 1053
707 1058
710 999
712 1007
715 1064
717 817
719 855
719 983
721 894
732 1006
733 823
734 1030
739 1007
739 1049
740 821
740 879
741 903
741 934
744 1071
745 999
748 856
749 793
750 773
751 781
753 983
759 790
761 961
761 1009
763 986
764 890
764 947
764 1075
767 1074
768 905
768 945
769 1017
772 792
773 881
775 887
775 980
775 1004
775 1065
775 1066
776 974
776 979
777 906
777 985
780 943
780 970
783 844
784 936
786 791
793 839
796 833
796 883
798 981
799 942
799 986
800 843
803 888
803 1030
803 1036
807 917
807 1030
812 965
814 996
814 1031
815 822
815 942
816 831
817 933
822 909
825 1041
832 1002
836 981
837 1003
839 891
843 872
854 896
858 972
859 879
887 895
888 956
896 999
897 916
905 1048
917 1075
918 1043
922 1048
930 980
932 978
935 1047
938 953
940 1035
941 992
947 959
948 1063
974 1065
984 1069
992 1076
999 1062
1004 1006
1034 1056
