0	0.68966970
1	0.68945277
2	0.68901012
3	0.68555255
4	0.68989572
5	0.68969045
6	0.68974394
7	0.68958009
8	0.68962619
9	0.68978213
11	0.68970593
13	0.68965236
14	0.68960258
15	0.68991117
16	0.68981033
20	0.68980629
22	0.68917281
23	0.68541241
24	0.68970340
25	0.68920494
27	0.68970393
32	0.68958951
34	0.67820133
36	0.68962273
38	0.68957116
41	0.68982080
43	0.52138555
60	0.60827100
64	0.65651244
67	0.68415827
72	0.68963176
74	0.68826318
76	0.68029122
78	0.68962760
85	0.68929993
88	0.66652693
92	0.68510718
98	0.68555922
103	0.65948493
105	0.67755644
106	0.65814795
109	0.68281634
115	0.68703499
116	0.67373708
118	0.65830952
120	0.64895931
135	0.67520699
151	0.67906833
153	0.68518215
154	0.62451966
162	0.68757222
164	0.65842523
165	0.68284991
170	0.63713033
171	0.66349556
176	0.68459032
177	0.68930437
186	0.55114340
188	0.66106841
190	0.62984256
196	0.68079682
199	0.64552625
207	0.68670464
218	0.68586417
260	0.54072158
274	0.59164340
281	0.61286513
298	0.48348190
309	0.65120588
311	0.64362619
312	0.53704978
318	0.67926121
321	0.67496915
335	0.55700399
343	0.55990683
349	0.59770262
357	0.62759075
366	0.64793288
368	0.67007386
370	0.64931442
375	0.42744242
388	0.63041127
393	0.61658206
403	0.65394820
404	0.67485506
433	0.50143755
437	0.49790756
446	0.56252991
457	0.64359128
471	0.64653650
483	0.54054594
486	0.51033179
505	0.66008454
519	0.67625439
532	0.55530624
543	0.49074356
549	0.59036753
582	0.56805672
600	0.56537200
614	0.65394381
616	0.49439555
618	0.58787689
632	0.62863212
636	0.54658661
654	0.61997703
675	0.48704748
682	0.61667816
698	0.58518091
730	0.63988558
739	0.59314954
756	0.58254332
762	0.65404089
763	0.50575755
776	0.59514994
795	0.44122233
812	0.50245825
819	0.50997700
824	0.52827986
856	0.48974722
857	0.45755609
870	0.48484956
960	0.53563141
964	0.64783635
967	0.63825023
989	0.58741960
1006	0.45205927
1061	0.56956376
1087	0.49406116
1088	0.54414522
1093	0.59981169
1098	0.51192213
1111	0.51560256
1136	0.49462603
1159	0.63893255
1160	0.56842326
1213	0.56377494
1250	0.49569639
1259	0.47529998
1263	0.51685213
1279	0.53642690
1285	0.47133300
1304	0.64064535
1324	0.58068568
1346	0.59202587
1365	0.56799286
1372	0.47111924
1410	0.50747557
1435	0.60780894
1440	0.55765655
1478	0.55204579
1493	0.47241423
1507	0.48351406
1511	0.58472824
1528	0.48600906
1533	0.48141577
1538	0.55673066
1544	0.59083878
1557	0.53079006
1564	0.53279140
1586	0.48071204
1624	0.45055422
1652	0.44915383
1668	0.46070093
1680	0.64382038
1683	0.43884862
1703	0.45231795
1719	0.47419444
1727	0.48895118
1757	0.47762972
1792	0.41324084
1825	0.48616690
1826	0.46831316
1843	0.48389694
1848	0.45647695
1874	0.51809494
1955	0.53754246
2007	0.48653976
2018	0.53833956
2021	0.50764413
2037	0.43955460
2045	0.53942584
2061	0.37082368
2066	0.45473304
2093	0.42476025
2096	0.51114827
2126	0.52404713
2128	0.51029294
2159	0.54127133
2185	0.47340966
2239	0.45693510
2252	0.54843008
2265	0.45604693
2325	0.40014181
2355	0.41618376
2403	0.44507494
2406	0.49695174
2460	0.53234741
2465	0.49743664
2488	0.43739295
2505	0.45833297
2509	0.47791281
2543	0.44622938
2556	0.55435342
2557	0.57312992
2581	0.47386500
2611	0.42093508
2614	0.50043127
2626	0.41303095
2639	0.49232631
2648	0.42388171
2745	0.42659451
2750	0.44527668
2800	0.43132908
2802	0.46826936
2823	0.56655207
2835	0.43467253
2839	0.55091183
2862	0.46747029
2939	0.45696623
2943	0.39988845
3099	0.41631205
3101	0.43932022
3104	0.47363853
3109	0.40975384
3245	0.45116006
3246	0.45390923
3252	0.39341183
3254	0.46112429
3298	0.43102552
3305	0.46901454
3361	0.47682058
3430	0.43191673
3451	0.43031980
3478	0.46295136
3483	0.38217591
3489	0.44673612
3674	0.49720583
3684	0.42765431
3718	0.43131381
3774	0.42736377
3788	0.44325179
3925	0.39008014
3945	0.40373902
3991	0.42668838
4002	0.41197733
4006	0.39319028
4057	0.43927595
4083	0.40097827
4144	0.45952688
4163	0.43856043
4195	0.41075361
4196	0.42600141
4207	0.43315198
4211	0.42181384
4261	0.38444992
4281	0.37976666
4294	0.41747771
4397	0.43350957
4400	0.39303034
4464	0.42141708
4546	0.42241832
4561	0.38792554
4582	0.41575091
4621	0.42596335
4639	0.39932593
4666	0.42388164
4679	0.39797256
4699	0.40033661
4708	0.41400752
4718	0.44271171
4770	0.39816647
4825	0.44351229
4836	0.35164098
4838	0.44208916
4874	0.40852380
4906	0.43357782
4939	0.43657479
12	0.68959557
44	0.68918212
47	0.68960155
52	0.68943982
129	0.68466612
145	0.59045421
178	0.67870666
187	0.66585327
194	0.68698130
205	0.64777734
209	0.64478001
220	0.68636773
350	0.63250227
564	0.66646100
766	0.64649094
860	0.65425464
861	0.53981048
911	0.48376098
1283	0.42134658
1472	0.54936922
1554	0.61762010
1712	0.42730985
2030	0.49098357
2349	0.57649669
2426	0.43631583
2471	0.45418182
2480	0.42934077
3084	0.38906439
3089	0.44870431
3319	0.40730637
3819	0.46420040
4043	0.44417450
4140	0.45122976
4689	0.36311730
4694	0.43900401
4700	0.37224705
10	0.68965660
68	0.68600570
95	0.65334340
114	0.68565241
348	0.65334029
452	0.62376732
800	0.54745429
894	0.63305033
897	0.66228574
1072	0.41417321
1101	0.58482850
1229	0.42233317
1321	0.48996782
1516	0.56427921
1527	0.65402673
1618	0.56280054
1742	0.47495822
2068	0.46715519
2112	0.48602486
2191	0.49112649
2412	0.44445366
2797	0.43190617
3560	0.44959516
3939	0.50249349
48	0.68975432
93	0.68982646
169	0.68509080
185	0.58583030
264	0.67289739
351	0.68848319
517	0.57454574
804	0.67402221
1083	0.51352923
1219	0.57521905
3217	0.40874028
3757	0.39488535
4455	0.43314148
4775	0.42241360
17	0.68971325
21	0.68849639
28	0.68951456
33	0.68983176
40	0.68950851
53	0.68801494
57	0.68986803
59	0.68060001
73	0.68932972
104	0.68977650
111	0.66248758
113	0.62193586
139	0.66746872
147	0.68963747
166	0.62299291
167	0.63928292
174	0.64655215
182	0.66338654
193	0.67457469
206	0.68895239
213	0.55151729
225	0.68771769
226	0.63160294
232	0.67548215
235	0.68534226
236	0.65667682
240	0.59949816
249	0.64233209
266	0.67850909
276	0.68538356
292	0.68761006
297	0.68509887
299	0.68750159
302	0.65108610
304	0.68865466
315	0.47545754
320	0.66702312
325	0.58482080
326	0.63957618
342	0.58778112
345	0.54431174
355	0.64910127
367	0.60162780
369	0.58939348
385	0.60422915
401	0.63928239
465	0.68665443
537	0.61561018
539	0.52297668
544	0.68799399
611	0.67136824
634	0.62146039
646	0.62485912
684	0.48749162
721	0.48527466
729	0.59746055
731	0.57729748
750	0.48876961
778	0.45369616
872	0.56475656
886	0.65097377
888	0.50672203
893	0.57612821
900	0.54501512
927	0.47594500
932	0.47169230
935	0.55433075
941	0.55425210
959	0.66899735
961	0.63278958
966	0.50527860
981	0.44638310
1020	0.44400957
1112	0.58602759
1118	0.48373839
1120	0.52831831
1168	0.44630266
1187	0.48010614
1203	0.54720136
1260	0.54602600
1268	0.64143323
1302	0.55351106
1308	0.48441362
1315	0.43710364
1318	0.44889704
1320	0.48413856
1337	0.51908307
1338	0.53618730
1362	0.59927065
1373	0.54678324
1398	0.48718376
1402	0.51244245
1404	0.49982192
1416	0.55730894
1424	0.44884680
1432	0.53574091
1438	0.49766511
1453	0.54384996
1491	0.50878620
1520	0.45088265
1530	0.49276876
1563	0.48285253
1573	0.52830392
1615	0.57330301
1631	0.47431081
1664	0.47407318
1670	0.50814593
1677	0.46692432
1700	0.56165776
1718	0.48031619
1734	0.45091064
1746	0.56820923
1762	0.47287788
1800	0.42729531
1818	0.51028819
1820	0.43026992
1830	0.47308330
1833	0.42849283
1853	0.47185781
1923	0.49058936
1976	0.47175740
1980	0.48583620
1988	0.54785960
1993	0.45286223
2004	0.46920323
2032	0.56793162
2059	0.43947996
2075	0.48175591
2114	0.54693533
2180	0.45337121
2232	0.39554150
2237	0.44797617
2322	0.47598130
2500	0.50704915
2510	0.45430945
2539	0.46420865
2566	0.42784494
2598	0.43878428
2606	0.53850194
2635	0.42998498
2641	0.40947011
2712	0.41646231
2716	0.42971219
2725	0.46720449
2728	0.39945338
2755	0.40403801
2764	0.44835518
2771	0.44229670
2791	0.44946294
2794	0.54800119
2808	0.40806785
2822	0.41775856
2824	0.58509012
2892	0.45161889
2937	0.48350028
2947	0.43932921
2964	0.40056119
3005	0.47312967
3051	0.43811473
3141	0.45576542
3157	0.40625757
3211	0.45798458
3238	0.40245984
3289	0.41366867
3296	0.48507131
3301	0.45211829
3317	0.48197612
3321	0.41579021
3327	0.42828117
3435	0.44012114
3493	0.44701797
3579	0.41953680
3582	0.39998791
3622	0.42280341
3706	0.51179960
3741	0.37060935
3897	0.43058338
4015	0.46603357
4112	0.48879135
4293	0.41694495
4306	0.44309501
4311	0.45128186
4337	0.42559971
4396	0.45333085
4419	0.38359529
4489	0.44150098
4492	0.34999722
4554	0.36830975
4560	0.43972448
4567	0.40263656
4604	0.35012442
4693	0.39002774
4753	0.39893634
4781	0.40568578
4841	0.40831442
4892	0.43420729
4900	0.44408047
4910	0.42541690
18	0.68966049
19	0.68970401
29	0.68977231
30	0.68981714
35	0.68979130
39	0.67911760
45	0.68840966
50	0.60747486
55	0.68893659
66	0.67189888
82	0.68353016
122	0.68929486
133	0.68661985
134	0.68780359
137	0.68955167
161	0.67319591
168	0.54438257
211	0.66050487
214	0.62618437
222	0.60994553
227	0.65230207
329	0.52612275
373	0.60696577
386	0.48664315
419	0.51739090
449	0.65041781
456	0.65264032
460	0.61355326
498	0.58475679
528	0.66203456
531	0.59766539
534	0.63568429
538	0.61579387
623	0.55920653
628	0.53768394
737	0.58157078
801	0.53324503
806	0.56093828
821	0.58749498
839	0.45599387
846	0.56839441
854	0.51659966
875	0.62655909
898	0.52837164
936	0.50200257
977	0.48390060
1013	0.64164179
1054	0.57707848
1109	0.56192185
1119	0.57064426
1128	0.50644909
1147	0.44147122
1162	0.54743084
1209	0.44657431
1224	0.56961104
1225	0.57951941
1274	0.55754872
1496	0.56551000
1522	0.47096996
1529	0.49555632
1553	0.47353251
1559	0.43562566
1577	0.54072115
1579	0.50934181
1605	0.49403862
1614	0.45751479
1637	0.65769631
1649	0.46553721
1722	0.46978996
1761	0.47118005
1809	0.47015357
1815	0.54331773
1872	0.43098599
1904	0.47887086
1929	0.46751247
1931	0.61459713
1947	0.45062631
1952	0.54698251
2001	0.45761102
2024	0.53620355
2282	0.43910357
2287	0.49496214
2340	0.47391731
2341	0.41636513
2435	0.44009685
2499	0.44192213
2531	0.41399571
2632	0.45953779
2666	0.45856063
2668	0.42256386
2827	0.42834749
2847	0.48241819
2860	0.44517998
2924	0.45305427
2950	0.45261293
3218	0.49355566
3260	0.39959956
3368	0.45406740
3369	0.44107197
3619	0.42196721
3708	0.39883726
3744	0.43529576
3767	0.39330952
3811	0.46955806
3896	0.35596193
3943	0.41430326
4033	0.43742140
4053	0.41307477
4102	0.41625119
4251	0.39369755
4366	0.45837982
4539	0.41188747
4767	0.41689163
4823	0.43106144
4843	0.38535874
4884	0.42548723
51	0.64219146
71	0.68851237
184	0.66237217
230	0.68771978
341	0.66653077
344	0.63893230
361	0.67797842
418	0.68366715
574	0.44122385
621	0.54712094
685	0.63801333
783	0.59946840
840	0.51292581
845	0.54037434
982	0.47915527
1351	0.43871138
1408	0.48911786
1461	0.44281457
1735	0.45287848
1743	0.40977297
2468	0.44786490
3062	0.51728223
3159	0.42298140
3324	0.43003539
4289	0.40895330
4517	0.40600843
26	0.67712694
46	0.67998841
65	0.66440605
83	0.68972748
84	0.68588419
152	0.68603622
172	0.63996062
210	0.67757060
244	0.62336712
248	0.66203128
255	0.68271423
268	0.64514441
269	0.64469202
278	0.54885766
334	0.58125671
363	0.64438512
372	0.64977065
378	0.48830619
379	0.49258994
417	0.68218424
422	0.59626378
432	0.59537444
462	0.62720401
467	0.64904879
470	0.56656169
485	0.55344437
541	0.62809885
587	0.67288969
607	0.58136740
629	0.55503042
652	0.47045903
668	0.68777592
725	0.60105137
726	0.54629405
769	0.64021279
825	0.64661526
838	0.46882719
913	0.49597683
916	0.51137137
918	0.44075109
953	0.60308880
974	0.44591455
979	0.53053794
1066	0.54714603
1074	0.60143649
1102	0.47399180
1115	0.56703918
1135	0.48773665
1138	0.59576999
1150	0.56910839
1216	0.44297155
1230	0.51991536
1242	0.54399356
1251	0.44687280
1254	0.57052885
1267	0.51052817
1269	0.59502582
1288	0.55488641
1293	0.51743351
1381	0.61961523
1411	0.51366221
1452	0.53938136
1460	0.49706258
1479	0.49994197
1505	0.42339017
1602	0.44460117
1643	0.45061952
1663	0.50345850
1698	0.42557290
1846	0.55842140
1866	0.55492447
1885	0.55629703
1889	0.45834771
2017	0.42868346
2022	0.51568674
2057	0.49504170
2088	0.51359857
2097	0.54992579
2100	0.45840292
2132	0.42434400
2250	0.49802231
2279	0.51274947
2358	0.55193286
2394	0.48599253
2444	0.43369141
2451	0.44140277
2474	0.44295583
2537	0.48034890
2749	0.42397708
2971	0.56345353
3105	0.48300444
3149	0.45277986
3376	0.47997294
3378	0.52967372
3388	0.40291526
3389	0.36303117
3525	0.41632118
3552	0.46197615
3581	0.45038906
3626	0.42885094
3632	0.42088308
3657	0.42151825
3710	0.44964711
3791	0.42379783
3839	0.38410248
3865	0.42922180
3920	0.44043828
4032	0.43900692
4117	0.41093621
4138	0.43117028
4171	0.43524500
4240	0.39132431
4481	0.36862008
4548	0.46778095
4558	0.34794326
4590	0.37191153
4899	0.38792672
4916	0.39971739
37	0.68530200
87	0.63219628
234	0.56524556
290	0.67534345
294	0.68150454
336	0.56603168
338	0.65431919
480	0.55472746
598	0.43475896
680	0.62045845
710	0.63140140
722	0.54313053
755	0.57921299
773	0.50905064
990	0.49052963
1117	0.53316289
1303	0.54258658
1556	0.52133539
1608	0.55838684
1622	0.56991526
1646	0.50518111
1687	0.54323892
1767	0.47217026
1948	0.53328650
1951	0.50943487
1996	0.42005195
2392	0.43642145
2527	0.46031242
2562	0.55111197
2787	0.40988813
3028	0.42918942
3224	0.44383948
3278	0.47899679
3386	0.43553059
3422	0.45617642
3685	0.44982754
3846	0.46321307
3964	0.45034918
3988	0.43463888
4118	0.44866092
4439	0.51381566
4595	0.45109638
91	0.63827103
108	0.67414317
130	0.67667432
136	0.68592172
163	0.61687250
287	0.67550712
535	0.57921176
593	0.68147173
740	0.47323801
786	0.44597092
789	0.52462076
850	0.58766503
876	0.54222135
957	0.52181109
1140	0.61164757
1447	0.51112202
1623	0.48848056
1828	0.47440037
2267	0.43669055
2446	0.46561452
2515	0.53058534
2613	0.49175427
2654	0.46331977
2674	0.45685438
2805	0.46248460
3035	0.43493227
3204	0.45380778
3328	0.46273740
3981	0.46505281
4228	0.45004274
4328	0.49543619
4364	0.38463987
4408	0.44064201
4438	0.39035205
4591	0.44573453
4741	0.42136155
4864	0.41419368
31	0.68970055
94	0.68946307
124	0.68208527
189	0.65239216
195	0.67973296
223	0.67384728
237	0.60766254
469	0.43385922
503	0.64818561
558	0.51140787
572	0.65173294
585	0.53289572
633	0.50466450
771	0.45186889
940	0.53702249
956	0.48416536
1057	0.51517649
1240	0.53131709
1331	0.41698225
1363	0.52818164
1465	0.56628446
1580	0.47357186
1782	0.41575058
2052	0.42242102
2255	0.58695706
2399	0.48182737
2401	0.45018265
2636	0.41763070
3090	0.48066312
3202	0.45435221
3214	0.44996623
3554	0.45794823
3722	0.37741801
3763	0.42446850
3777	0.42645886
4290	0.42545328
4746	0.35821693
77	0.68959120
175	0.66890913
259	0.68271910
398	0.55069641
430	0.50566763
448	0.51143869
536	0.60308161
567	0.66128350
866	0.64233489
890	0.52659675
1184	0.59619772
1189	0.50864562
1228	0.47768599
1258	0.51618048
1305	0.58695179
1336	0.52067778
1466	0.50396582
1487	0.41252138
1551	0.47723781
1609	0.46314734
1610	0.48434337
1617	0.46296453
1644	0.59325066
1823	0.56410768
1924	0.52760713
1928	0.44207888
1944	0.56501401
2111	0.53844674
2153	0.44193667
2212	0.42213661
2223	0.45183938
2389	0.49886919
2605	0.38391930
2769	0.39659118
2958	0.41667975
2975	0.47643535
3170	0.47505399
3340	0.48170232
3344	0.42053294
3374	0.45243780
3635	0.46309001
3640	0.39016640
3826	0.47779067
4023	0.37763934
4087	0.41762467
4476	0.43239865
4557	0.41137063
4803	0.41381654
4944	0.42046347
49	0.68938063
54	0.68979120
62	0.68957103
63	0.68970131
101	0.67450146
143	0.65542407
246	0.67694432
272	0.51690867
286	0.61799649
319	0.53037419
464	0.63567829
472	0.53185751
508	0.53996895
666	0.47591201
802	0.47858297
877	0.43332787
1026	0.57923940
1050	0.57082045
1205	0.56742892
1413	0.54806485
1705	0.42992276
1707	0.48284196
1829	0.59788431
1839	0.57045345
1977	0.44679286
2025	0.50331265
2318	0.44457795
2418	0.50764767
2548	0.45928504
2697	0.45702428
2900	0.42935046
2902	0.39102406
2916	0.39491264
3034	0.40567892
3258	0.39381040
3421	0.45193775
3782	0.46185448
4131	0.39033815
4154	0.42789949
4424	0.46287657
4688	0.41021481
4897	0.44783229
4941	0.44572110
144	0.68514744
243	0.67568833
384	0.61180457
447	0.65227373
481	0.64577393
512	0.63589189
522	0.53042132
694	0.52033338
1100	0.64435425
1171	0.51072400
1183	0.50476616
1332	0.60191105
1546	0.49409786
1740	0.51208247
1834	0.51662126
1901	0.52218586
1920	0.48177047
2199	0.48361937
2373	0.47425177
2404	0.48488686
2633	0.51832169
2972	0.52202267
3208	0.45090201
3266	0.39136642
3590	0.41526916
3618	0.45252037
4120	0.38548703
4799	0.41142778
4883	0.36232497
75	0.68279387
160	0.68935213
242	0.65070249
353	0.64674175
484	0.57569613
502	0.56807058
518	0.61182924
571	0.64823054
635	0.67339946
679	0.50192887
713	0.60249700
780	0.61427724
920	0.48729720
1032	0.44139421
1037	0.50161745
1058	0.63146441
1103	0.54503794
1155	0.52810513
1238	0.52204125
1441	0.49781477
1512	0.56552804
1539	0.46242405
1627	0.55094035
1633	0.44753847
1666	0.58366546
1715	0.52450717
1730	0.50854713
1737	0.54468995
1804	0.49100343
1821	0.43660715
2060	0.56712460
2104	0.56873162
2174	0.39753009
2292	0.60738921
2363	0.39651065
2432	0.45423950
2452	0.57162540
2551	0.48076075
2584	0.46578092
2638	0.48359383
2722	0.42997592
2955	0.47569404
2963	0.55672445
3014	0.44656692
3131	0.44860637
3198	0.50079180
3466	0.44443278
3625	0.41320858
3927	0.45986692
3986	0.40533956
4082	0.42918869
4096	0.44952418
4238	0.44960163
4426	0.41220668
4484	0.46047117
4628	0.42482000
4642	0.45069363
58	0.68765519
89	0.68891259
142	0.68939300
229	0.66196900
231	0.67686695
262	0.49378526
265	0.60742112
358	0.67008615
421	0.66595959
423	0.67104824
563	0.62775472
709	0.65133484
794	0.61079258
831	0.54316349
864	0.53370797
1148	0.63811869
1247	0.63119813
1653	0.59166743
1781	0.45001464
2043	0.49075230
2319	0.43043089
2617	0.40802804
2627	0.39500676
2886	0.45076350
3194	0.54158908
3267	0.45755879
3349	0.53897506
3365	0.44596878
3780	0.39627337
3902	0.42045941
4046	0.44212237
4232	0.44351378
4298	0.42501944
4313	0.44470045
4360	0.41118442
4456	0.47187682
4676	0.42730584
69	0.68957368
79	0.67690804
112	0.68813848
132	0.65199568
420	0.62408378
495	0.65020424
545	0.67082712
561	0.64477590
570	0.53346315
681	0.63603950
790	0.47723251
874	0.63201600
962	0.53954440
1334	0.54208115
1429	0.54040847
1548	0.45471143
1786	0.50107164
1802	0.39929170
1803	0.52768493
2689	0.54348975
2849	0.47940214
2895	0.42930402
2910	0.48376838
2931	0.44084870
3013	0.52462283
3015	0.45143056
3486	0.49008719
3972	0.44609400
4029	0.39363161
4268	0.41940789
4422	0.44427653
4623	0.40934945
4634	0.39634279
4637	0.38030359
252	0.65941662
394	0.65304655
553	0.65218116
670	0.45223142
767	0.55500878
858	0.47567034
1009	0.52260438
1198	0.51010375
1513	0.58090423
2247	0.41394288
2577	0.46323960
2604	0.47729342
3176	0.45823814
3517	0.46751489
3540	0.47349702
4580	0.41496994
4589	0.37498311
4610	0.39962371
81	0.68946973
90	0.68969666
121	0.68470378
339	0.53236235
474	0.55151921
501	0.55286435
662	0.63525669
712	0.54627120
720	0.65590658
782	0.48354741
797	0.60522751
972	0.42930268
1190	0.56001484
1327	0.49058151
1543	0.51023013
1552	0.57454708
1558	0.54558199
1915	0.50765792
2235	0.44335026
2748	0.56423273
3075	0.44933391
3091	0.41565044
3117	0.44073619
3645	0.41986283
3808	0.44202562
3820	0.42981926
3968	0.43194101
3980	0.40655616
4272	0.43466834
4518	0.37712450
4744	0.43462177
4880	0.39466213
157	0.68583168
221	0.68583211
247	0.68805117
308	0.68810771
362	0.68120212
548	0.64626073
565	0.42233704
624	0.60783736
661	0.62586634
689	0.57919497
811	0.61742180
885	0.55136541
921	0.54285829
965	0.47506182
1059	0.56907494
1236	0.48733764
1298	0.57734420
1358	0.51982368
1540	0.44736707
1603	0.47560183
1634	0.48406997
1657	0.51799435
1689	0.57692367
1733	0.52823501
1865	0.57233226
1930	0.49514487
1946	0.39305437
2063	0.44685786
2160	0.42232863
2494	0.37900502
2590	0.39447496
2896	0.42895835
3070	0.48513237
3144	0.47761084
3199	0.39622466
3343	0.43193942
3379	0.43684357
3436	0.45747635
3787	0.42702181
3796	0.44372206
3936	0.38828395
4004	0.48452378
4073	0.49625977
4407	0.43753791
4474	0.36667460
4527	0.43227645
4904	0.45163512
4950	0.37306005
102	0.67826196
354	0.60591322
382	0.65213472
479	0.64655119
510	0.60786720
1001	0.55981260
1002	0.46509872
1092	0.44935657
1167	0.64487757
1207	0.51130432
1270	0.43365254
2035	0.45822362
2201	0.50808426
2741	0.48687333
2767	0.43941991
3257	0.43792710
3338	0.41333406
3411	0.41552456
3427	0.42845721
3467	0.40987581
3543	0.45982287
3611	0.45648862
3899	0.41965625
3978	0.44090903
4013	0.41877153
4151	0.41407810
4185	0.34597516
4365	0.37663154
4429	0.39304420
4772	0.40992569
238	0.68221453
267	0.67917796
332	0.65437071
364	0.49690481
461	0.54714701
559	0.55486627
828	0.63104337
1015	0.63376260
1468	0.56085084
1575	0.51140691
1810	0.49093553
2027	0.53531068
2053	0.44351835
2210	0.52768939
2314	0.46505642
2713	0.47185945
2819	0.46884123
2887	0.45945358
2933	0.45544439
3304	0.44578870
4706	0.41697405
131	0.68245567
181	0.68645391
296	0.65480995
458	0.58950581
526	0.61662629
693	0.64364297
1107	0.50180172
1244	0.45662361
1307	0.47100194
2158	0.61150788
2735	0.45917071
2817	0.47009567
2854	0.51463891
3081	0.41938792
3175	0.51618576
3195	0.41400452
3402	0.40845704
3951	0.42251242
4291	0.37910731
4650	0.39084945
4865	0.44740304
61	0.68963247
96	0.68984789
356	0.66265564
1271	0.50323705
1431	0.45818614
1642	0.53844439
1983	0.44444777
3570	0.43920080
4346	0.41628776
4367	0.42930899
4796	0.45808704
56	0.68062301
150	0.68663787
158	0.66171062
202	0.65302449
285	0.63368591
590	0.65899758
702	0.57589216
1122	0.54027658
1394	0.54203256
1674	0.43937285
1911	0.49915297
2054	0.54545408
2103	0.49376048
2205	0.47613866
2253	0.44617112
3293	0.48524674
3654	0.44481606
3760	0.38470565
3923	0.39043169
3949	0.43654682
4351	0.40260375
4847	0.38301464
436	0.62038840
1097	0.56289951
1275	0.48671802
1497	0.60049437
1561	0.56920719
1720	0.50846638
1850	0.52911066
2050	0.44856407
2597	0.40946782
2953	0.51116693
3558	0.42194088
3704	0.42676416
4038	0.42368427
4605	0.42352368
4729	0.41301239
219	0.66224053
313	0.68141642
923	0.58116827
1967	0.46740602
1979	0.46137677
117	0.68749831
119	0.48742819
204	0.64271484
215	0.56584203
282	0.55117720
303	0.67744891
835	0.59897890
1227	0.51761452
1356	0.52110940
1414	0.46373894
1462	0.54468144
1837	0.42748379
1954	0.44183911
2273	0.45565625
2331	0.47283575
2842	0.48564691
2861	0.42314174
2934	0.43823927
3085	0.42880844
3309	0.47093763
3347	0.48816930
3480	0.51929036
3495	0.36946479
4133	0.39976835
4923	0.42982931
425	0.66513568
515	0.45203991
743	0.57291529
760	0.65319007
768	0.56381985
830	0.55002320
946	0.67258956
975	0.59798289
1194	0.55835958
1446	0.47375144
1566	0.58930846
1864	0.41284001
2157	0.51414131
2182	0.45054693
2213	0.45024950
2296	0.43241789
3437	0.44894055
3705	0.42829203
3746	0.38195636
4070	0.43885705
4302	0.37614128
4549	0.36729440
4619	0.40285778
4933	0.41812450
140	0.68619944
146	0.67001585
346	0.63403037
414	0.46176318
435	0.60387470
626	0.63828605
641	0.63821958
664	0.58992854
705	0.66675934
744	0.42078781
751	0.58930520
817	0.61082765
865	0.67150434
892	0.60587755
945	0.57573574
1014	0.56775830
1169	0.57704602
1323	0.53227893
1442	0.46812071
1483	0.51196600
1691	0.53729203
1724	0.39957977
1877	0.46944164
1884	0.43537096
1894	0.57090337
1982	0.41550669
2040	0.50658653
2140	0.50108921
2382	0.44276621
2555	0.52689333
2578	0.53243551
2812	0.44788156
2873	0.44901651
2996	0.45392899
3071	0.44885445
3275	0.45927403
3282	0.43962323
3513	0.45268366
3694	0.48146017
3883	0.37773685
4129	0.39565903
4334	0.42900303
4641	0.45548422
4668	0.39533555
4901	0.38265181
42	0.68416973
86	0.68227178
280	0.68949311
360	0.50230152
445	0.57321042
466	0.56311049
468	0.66520903
596	0.63662341
605	0.59270790
622	0.59140678
735	0.52862311
848	0.61288194
859	0.50484829
912	0.52060720
928	0.57751295
952	0.54484519
1025	0.49673233
1156	0.50376123
1265	0.46915600
1341	0.54213722
1359	0.65074826
1378	0.48355866
1488	0.47449346
1613	0.40610965
2016	0.49419222
2042	0.48981871
2181	0.49178640
2415	0.42086160
2423	0.47191604
2433	0.46474525
2554	0.41731990
2703	0.42776666
2776	0.51191996
2863	0.37368689
2871	0.42705061
3040	0.40307674
3120	0.39068195
3178	0.44050586
3294	0.40391907
3314	0.57885440
3431	0.42527466
3475	0.45202956
3537	0.37812472
3729	0.41368588
3756	0.44028355
3776	0.41033936
3805	0.45067718
3866	0.42011861
3930	0.40709367
4296	0.41409436
4524	0.43599134
4846	0.36255066
97	0.68951075
100	0.68940522
241	0.68653483
413	0.67128246
463	0.48365191
523	0.48306086
728	0.57196047
732	0.47125553
924	0.61855816
1034	0.60437149
1521	0.45050899
1774	0.56884713
2206	0.44761526
2811	0.41166382
2843	0.43728461
3042	0.51250447
3264	0.41389290
3299	0.40722395
3529	0.40098576
3755	0.43740804
3758	0.45287210
3929	0.40624086
4027	0.39218755
4448	0.37713522
4515	0.44209711
159	0.65157759
192	0.68069280
407	0.57995949
513	0.55440865
514	0.61318149
999	0.49825558
1078	0.53442670
1419	0.44848536
1443	0.44370691
1477	0.57440797
1640	0.59447173
1647	0.48926267
1655	0.51973816
2046	0.54279594
2202	0.41395153
2334	0.53442377
2425	0.42173528
2520	0.54153650
2549	0.41342629
2704	0.44062677
3205	0.45119290
3364	0.48967682
3470	0.42524238
3473	0.44952307
3720	0.40263341
3830	0.42736086
3863	0.45532547
4026	0.41148877
4113	0.53875459
4231	0.43331227
4516	0.40119280
4592	0.40032472
110	0.67714885
127	0.64640908
183	0.64762018
212	0.51432348
257	0.48006381
400	0.63788876
453	0.59337210
529	0.56170651
742	0.59013749
816	0.55947281
883	0.57481921
930	0.62156669
958	0.61562384
1094	0.58139845
1233	0.58635927
1280	0.57732686
1291	0.58612298
1292	0.38583999
1316	0.43771860
1377	0.57911841
1550	0.57033741
1567	0.53265829
1588	0.50435412
1592	0.56014893
1628	0.45196797
1639	0.59778329
1725	0.43478804
1744	0.48170098
1751	0.47337195
1836	0.46119136
1855	0.44352181
1879	0.49679132
1886	0.54336601
1943	0.46216377
1960	0.51594076
2094	0.43638007
2154	0.46674606
2280	0.44423831
2350	0.51590383
2576	0.48127792
2845	0.42817329
2909	0.43148508
2960	0.40453509
3037	0.43760110
3068	0.44089012
3158	0.38413431
3162	0.38753360
3168	0.44768543
3673	0.44078981
3829	0.39812462
3860	0.44581235
4000	0.45216178
4100	0.41769500
4116	0.38532323
4199	0.40975788
4331	0.43570429
4359	0.44459057
4412	0.45053897
4719	0.40473016
4723	0.44247506
4726	0.41874611
4732	0.40496698
4765	0.39292967
4852	0.43236922
70	0.67252105
80	0.68802146
1208	0.44219434
1314	0.52660089
2002	0.44612460
2700	0.39063840
2714	0.47553057
3020	0.47345381
3053	0.46375598
3771	0.41354693
3971	0.42106326
4467	0.44132477
173	0.68043429
197	0.68858911
256	0.58562773
322	0.65388969
396	0.61221941
408	0.65489625
442	0.60636995
562	0.45067680
604	0.50757194
655	0.48534206
700	0.59078574
701	0.64999788
764	0.60495179
779	0.50050204
798	0.49908151
814	0.53474455
832	0.58225409
847	0.49928241
881	0.50052532
938	0.54138429
954	0.56480023
1027	0.54139277
1044	0.58412177
1051	0.58399924
1099	0.51119166
1133	0.55699939
1154	0.53366832
1188	0.57162874
1333	0.55867011
1357	0.52504806
1464	0.61995562
1469	0.54991683
1473	0.57174462
1532	0.47965941
1596	0.52897864
1750	0.43955351
1824	0.46757732
1862	0.49726636
1868	0.48964716
1978	0.43803223
2266	0.46500934
2317	0.50059145
2367	0.42574727
2396	0.51709319
2448	0.45607464
2454	0.44459466
2464	0.55344025
2493	0.43054730
2519	0.45387530
2530	0.43079367
2672	0.42421145
2690	0.43262677
2851	0.43754460
2883	0.40873231
2915	0.46036983
2920	0.52810536
3045	0.46646145
3346	0.43105445
3487	0.40634241
3601	0.41829569
3877	0.45423440
3928	0.44449500
3954	0.41325348
3993	0.47681793
4059	0.42442521
4108	0.39785435
4172	0.41359539
4175	0.42728799
4249	0.39974018
4257	0.41177764
4275	0.41907416
4442	0.37588752
4627	0.40243369
4657	0.42304609
4715	0.39820631
4886	0.43396484
4914	0.39450608
179	0.67215150
217	0.63764423
263	0.66934047
837	0.43986677
1064	0.48470729
1082	0.51785922
1445	0.49509133
1597	0.51750109
1801	0.48365102
1819	0.46077655
1882	0.44424048
1984	0.54172965
2719	0.45462644
3528	0.45298935
3747	0.49143440
3890	0.43387174
4392	0.41170166
4620	0.41821241
4653	0.40802226
4756	0.36712497
415	0.63728216
546	0.52515125
781	0.50340148
993	0.60724021
1065	0.55864878
1406	0.57433113
2073	0.49478953
2447	0.48693477
2522	0.45541743
2572	0.53421883
2618	0.52966973
2766	0.46511866
3432	0.47462848
3749	0.42526474
4155	0.43524664
4743	0.45007116
4797	0.38733926
4891	0.44411846
239	0.68059890
1387	0.46596337
1694	0.56504526
2374	0.49615004
2376	0.49759852
2491	0.46012601
2625	0.54043159
2954	0.53120265
3215	0.46481220
3355	0.44116821
3382	0.48040562
3439	0.37202095
3450	0.39498748
3555	0.39641248
4416	0.40227873
4674	0.44047175
4687	0.41108613
708	0.65626403
1172	0.49117566
1806	0.51287023
2029	0.56994045
2335	0.49224536
2453	0.49322249
2619	0.45861180
3308	0.41095509
365	0.67812576
438	0.54750184
504	0.53671456
589	0.62434287
844	0.48225068
1039	0.52803794
1139	0.66477153
1514	0.47587424
1600	0.44272069
1669	0.51721133
1721	0.50675712
1731	0.57559834
1785	0.48525790
2244	0.47789108
2410	0.49526345
2459	0.45647226
2529	0.45286437
2535	0.55272559
3462	0.49509461
3794	0.42164062
4177	0.36403057
4672	0.39127595
126	0.66608746
293	0.67803499
903	0.54374258
1237	0.51641612
1412	0.45192872
1542	0.54677613
1632	0.58710402
1659	0.46637563
2138	0.43683186
2271	0.52077663
2746	0.43526825
3247	0.37862879
3392	0.45072529
3621	0.52313861
3801	0.42056997
3841	0.38014941
4230	0.44977315
4500	0.43438313
291	0.59012230
387	0.68251015
591	0.60938540
1029	0.54951121
1063	0.59527804
1524	0.49605962
1896	0.53135233
3248	0.39719714
3665	0.37374816
3807	0.44034875
2387	0.45723188
3955	0.40559764
253	0.65921042
330	0.67491072
482	0.68649897
706	0.61933913
1047	0.54700184
1195	0.43942695
1212	0.51989363
1319	0.53579006
1444	0.50454074
1470	0.55175394
1482	0.43415635
1844	0.47655202
1933	0.59964941
2306	0.48986904
2310	0.45686917
2390	0.50195540
2521	0.43053711
2905	0.42214464
3011	0.49191627
3405	0.37905243
3639	0.44912530
3647	0.46419636
3842	0.40785599
4851	0.45451255
380	0.65492518
663	0.54090913
711	0.59250081
741	0.47899826
1031	0.50597057
1036	0.57668561
1286	0.56113856
1329	0.61551585
1499	0.44257396
1914	0.48034781
2385	0.42250543
2402	0.41871438
2490	0.43603819
3235	0.40441461
3366	0.50520068
3375	0.46972642
3910	0.48013707
3989	0.42393280
4711	0.41248730
500	0.60384542
520	0.60683166
653	0.53744719
849	0.51218344
2701	0.48007919
2770	0.45206391
3226	0.40277100
4349	0.45567834
4656	0.39564656
203	0.65504511
399	0.62795075
603	0.59752274
619	0.66529544
648	0.55635945
1176	0.56755377
1312	0.47081184
1723	0.55288129
1900	0.44901053
1956	0.43674172
2656	0.41116087
2893	0.42881018
3353	0.41204816
3724	0.51169550
3733	0.43776409
3834	0.41255336
3938	0.37932866
4225	0.37599250
4308	0.35439600
148	0.64011889
198	0.51062992
271	0.63872168
300	0.68208782
327	0.47651951
402	0.58441710
434	0.56683810
441	0.64220290
459	0.68419119
608	0.62690577
1005	0.65136044
1086	0.63906106
1125	0.52790759
1309	0.57295032
1325	0.59464497
1369	0.56341657
1405	0.53444411
1490	0.42446183
1591	0.56708439
1612	0.45224523
1675	0.42710420
1771	0.52826992
1808	0.46635715
1938	0.53953183
1970	0.41914726
2009	0.53336884
2307	0.46636965
2323	0.40810574
2477	0.52775957
2602	0.41028953
2646	0.41353125
2721	0.37130841
2778	0.47855190
2810	0.42827701
2904	0.40442415
2993	0.43606881
3147	0.40398321
3360	0.49122062
3384	0.43889678
3620	0.42136359
3735	0.41067763
3766	0.44400470
4034	0.45472095
4080	0.44019126
4339	0.42679044
4354	0.41219790
4547	0.36831588
4553	0.40586213
4862	0.44414623
4898	0.40570979
125	0.61769575
200	0.60684837
224	0.68731846
273	0.44880324
568	0.52817034
578	0.63312379
639	0.45942702
642	0.54535536
738	0.64355149
748	0.58630377
1040	0.55036185
1816	0.47884001
1921	0.45511793
3121	0.44575139
3134	0.39871029
3491	0.43816004
3588	0.40342316
3894	0.40955632
4041	0.38591743
4202	0.44974046
4376	0.38077979
4414	0.43670747
4503	0.41095088
4552	0.41259054
4573	0.40309478
4940	0.41104995
1196	0.51276603
2151	0.46047769
490	0.65718942
2080	0.42018384
3271	0.55568260
3730	0.43041811
99	0.68517899
405	0.59110948
527	0.56859171
910	0.49677247
1241	0.56464590
1261	0.55457714
1456	0.57580346
1589	0.50989009
2014	0.49002062
2098	0.53520426
2359	0.43385021
3188	0.38759022
3510	0.52063204
3773	0.48027042
3868	0.44246128
4095	0.42548425
149	0.61550803
201	0.67273738
793	0.50977105
1019	0.52334087
1300	0.53296474
1594	0.50407878
2411	0.51387576
2677	0.42935804
3073	0.39318669
3505	0.48749881
3824	0.44054092
4320	0.45390166
4611	0.48441766
123	0.68959981
251	0.68759908
557	0.44439126
899	0.51761187
992	0.50403367
1021	0.48590251
1175	0.51069760
1182	0.51176022
1284	0.56541723
1380	0.55397451
1382	0.45841233
1847	0.54806687
1986	0.52606454
1999	0.41675207
2467	0.45827267
2865	0.48978095
3291	0.41244091
3472	0.43313883
3506	0.42810963
3587	0.40345406
3610	0.44501464
3661	0.43734693
3675	0.37622690
3905	0.42072791
4136	0.42334645
4375	0.44308683
4593	0.44292670
258	0.45390580
371	0.61167278
410	0.68478905
1146	0.57994098
1192	0.59492483
1295	0.42017137
1971	0.54430389
2125	0.49084208
2233	0.54030934
2629	0.57098793
2926	0.44711697
3237	0.41999465
3822	0.46487336
4335	0.46842561
4776	0.43113878
424	0.63592556
1912	0.54856952
2108	0.50109080
2661	0.42237278
3021	0.45723791
3222	0.44360084
3424	0.49142690
4084	0.44157795
216	0.55781515
233	0.61235546
295	0.63226772
516	0.62340029
583	0.50958489
687	0.66318490
896	0.51891049
925	0.64827633
939	0.57829849
1048	0.54372599
1089	0.55257593
1317	0.57068896
1322	0.44774346
1503	0.54992415
1531	0.59222501
1611	0.43677494
1747	0.53813760
1799	0.47168298
1897	0.42913376
1992	0.51990590
2262	0.43083923
2297	0.54380515
2422	0.52075583
2579	0.45039522
2650	0.50628357
2651	0.42421110
2760	0.39287424
2980	0.51160937
3118	0.42298112
3280	0.54765792
3406	0.41668813
3630	0.50693303
4060	0.41180621
4386	0.38405647
4725	0.35699033
4742	0.40400596
284	0.49983633
1055	0.60204271
1129	0.60417034
1157	0.51572324
2300	0.46409405
2580	0.41908888
2610	0.40566670
3764	0.39548814
4380	0.40866228
359	0.63587442
476	0.47384557
509	0.64898087
575	0.58122092
1536	0.53236993
2315	0.47119419
2897	0.42046878
3984	0.37086432
4001	0.41249715
4042	0.37072892
4263	0.39390766
496	0.48915734
1945	0.39333666
3542	0.49130420
4671	0.38685700
228	0.67834014
473	0.59090751
488	0.64661985
493	0.62663772
507	0.51332664
640	0.58629271
645	0.53881283
717	0.60054044
808	0.57613409
1389	0.44868631
1450	0.42741607
1467	0.55809468
1748	0.58191430
1838	0.51196082
1880	0.47885925
2184	0.52493689
2291	0.51951451
2313	0.44319452
2398	0.43550313
2419	0.53428456
2553	0.42624604
2624	0.49198637
2678	0.44223809
3023	0.47288459
3152	0.49206810
3274	0.44725073
3415	0.44922716
3844	0.42306111
3963	0.42327249
4019	0.43387581
4025	0.44007328
4473	0.41839974
4788	0.39680851
4882	0.41115870
275	0.63015693
428	0.67607611
444	0.67908895
588	0.59887659
592	0.50562535
643	0.62330475
695	0.52899662
777	0.48106343
807	0.57764731
843	0.59296504
1206	0.55301810
1281	0.47960062
1366	0.45687422
1421	0.57615246
1651	0.49491874
1732	0.58470593
1812	0.46388527
2011	0.55989429
2135	0.51175858
2171	0.44577635
2428	0.47924137
2671	0.41964994
2695	0.45380056
2707	0.40993821
3155	0.44655336
3726	0.43582772
3849	0.40373145
3913	0.43375013
4300	0.38083923
4636	0.40920643
4678	0.37448415
4840	0.42863376
4866	0.41797246
141	0.60488285
277	0.52791965
389	0.68335155
678	0.50832636
931	0.62172304
1180	0.62583931
1393	0.49403287
1570	0.51453211
1791	0.46818498
1917	0.44696060
2079	0.48356078
2218	0.43916993
2299	0.54339497
2523	0.45510897
2609	0.49664449
2840	0.38529917
3086	0.51086647
3163	0.41187821
3320	0.42797077
3477	0.39946085
3631	0.45416233
3802	0.43755263
3814	0.38389338
4114	0.45672721
4213	0.42297794
4266	0.44429942
4368	0.40701229
4496	0.41080041
4833	0.37175275
392	0.54042940
615	0.60542339
933	0.61665140
1165	0.46301149
2978	0.47845954
3948	0.46384269
4787	0.39772948
1276	0.54084511
1299	0.48885582
2285	0.45345797
3536	0.44084930
4052	0.41602110
439	0.53306863
1181	0.44425671
1549	0.47788078
2309	0.44537455
2891	0.48662980
3942	0.36948377
1385	0.51737046
3457	0.47534779
3658	0.44647322
3689	0.45122435
3817	0.46723243
3944	0.41416536
4093	0.39640895
4398	0.44459668
301	0.65679145
376	0.55981626
475	0.62504624
704	0.46745070
803	0.55472478
1223	0.42459834
1787	0.52256833
2172	0.58812992
2456	0.44215920
2526	0.48832275
2634	0.46261947
4021	0.44777125
440	0.67634415
533	0.57454193
577	0.54164822
752	0.54671953
827	0.55788898
1070	0.46671549
2161	0.50575083
2744	0.43108489
2859	0.45168114
3790	0.43565004
3793	0.42240547
3969	0.44372266
4165	0.43627615
4646	0.37520623
4661	0.36250371
525	0.58684920
1158	0.44745555
1400	0.57008951
2065	0.48260864
3446	0.42169184
4222	0.42949503
4947	0.40557686
450	0.65592973
455	0.62357835
1043	0.55835521
1235	0.44181051
1765	0.59411349
2683	0.42611601
2708	0.40036086
3888	0.42118399
3941	0.39198193
4664	0.42055657
107	0.68974371
377	0.56520262
612	0.55946688
690	0.58319623
826	0.54335039
1007	0.60607070
1052	0.44809918
1186	0.43039499
1191	0.51599258
1306	0.50341357
1313	0.54697132
1835	0.52225078
1991	0.55262919
2005	0.52040554
2166	0.42594568
2272	0.50479258
2431	0.50954405
2723	0.45966062
2913	0.43968051
3286	0.43931717
3442	0.38794575
3448	0.45591928
3526	0.43261071
4054	0.39444646
4850	0.37909627
279	0.67191281
391	0.63036160
492	0.68144060
555	0.57204210
586	0.44927143
785	0.56697857
986	0.43234473
1004	0.59548039
1076	0.48797236
1081	0.54710102
1095	0.53552499
1375	0.51002560
1390	0.45591715
1606	0.48593061
1845	0.45202827
2124	0.48780821
2258	0.45613452
3154	0.42381866
3279	0.41750252
3357	0.39677360
3385	0.42095525
4624	0.41796913
4660	0.39179715
261	0.66513596
647	0.61472940
829	0.52290325
1682	0.43084799
1895	0.47034605
1910	0.53226156
2495	0.50290746
2588	0.44311417
2959	0.48752161
3512	0.45145285
3605	0.43419608
3679	0.45058274
3752	0.42080672
3921	0.38715415
4090	0.44126570
4428	0.36807608
4506	0.42009827
4598	0.44632696
305	0.67219391
699	0.57749134
1151	0.51855200
2420	0.40675182
3315	0.42071070
3396	0.43595474
3507	0.41025321
426	0.50389322
594	0.58399058
1355	0.50736950
2055	0.48031290
2930	0.53181331
3077	0.43949624
4236	0.38543662
4355	0.36644487
4654	0.41105349
431	0.46991034
650	0.63982128
784	0.65081353
796	0.59965148
805	0.53221756
1403	0.57552130
1903	0.55602284
1981	0.46398806
2070	0.41864494
2281	0.44923119
2430	0.59169457
2645	0.43886379
3108	0.41913255
3416	0.44165986
3429	0.44897259
3479	0.39638070
4014	0.42793336
4322	0.44830331
4794	0.38626030
250	0.61552315
406	0.63811213
672	0.52318803
1127	0.55371315
1185	0.56132992
1226	0.54363113
1484	0.46692854
1778	0.57974094
2047	0.52395860
2109	0.42846645
2242	0.47185299
2782	0.41636629
3003	0.39049743
3703	0.42117612
3712	0.38334756
3775	0.46459534
3904	0.41718578
4342	0.42298864
4362	0.44856472
4369	0.44868697
4713	0.44287361
4810	0.38831550
245	0.58701749
620	0.48774697
947	0.50095305
2015	0.47995191
2078	0.49654985
2215	0.50431116
2665	0.42191004
2777	0.41933433
3284	0.45121373
506	0.61252522
1253	0.56138146
1310	0.56091842
1458	0.45776068
1873	0.44949730
2129	0.48210256
2856	0.38109463
4778	0.40226578
156	0.68276421
556	0.56121678
584	0.48661182
625	0.43913792
791	0.48877317
934	0.55121506
951	0.57803413
971	0.61628438
991	0.58508408
1033	0.43932681
1433	0.61370419
2177	0.49733184
2715	0.42646885
3229	0.40208507
3256	0.42687558
3613	0.44153085
3629	0.43197304
4343	0.36887694
4577	0.35802961
4647	0.42481538
606	0.60091342
1024	0.52361099
1626	0.43359726
1780	0.39199538
1842	0.53757613
1949	0.44455753
2176	0.51240527
451	0.57484203
1255	0.44292445
1841	0.54537391
2102	0.56258837
2699	0.41337662
2751	0.44133567
2869	0.37990418
3339	0.41687222
3497	0.50807550
3924	0.40750470
4514	0.42732356
4951	0.40583171
487	0.59627926
788	0.45016907
1091	0.43428441
1144	0.53117536
1343	0.42038593
1584	0.45743374
1630	0.52521095
2086	0.51618263
2163	0.45175293
2384	0.46705518
2951	0.45677880
3234	0.38918864
3551	0.38462800
3784	0.45280124
3983	0.43636899
4256	0.40376012
4499	0.38376870
4759	0.39527845
155	0.68728920
331	0.65972170
581	0.53411170
1545	0.49690317
1741	0.40797849
1784	0.44107656
2084	0.51673695
2189	0.47566178
2377	0.48249046
2497	0.42874889
2571	0.55581290
2880	0.53545204
3082	0.47337591
3397	0.36964595
3518	0.37229448
4035	0.42183608
4229	0.40450015
4584	0.40487442
4609	0.39553014
4704	0.41860778
855	0.50596615
1883	0.50888926
2489	0.46003895
2738	0.40940681
3061	0.38027312
3316	0.39478087
3423	0.41395345
2932	0.41481919
3765	0.45103029
638	0.53006215
1635	0.53816438
2131	0.41553630
2834	0.47857133
4494	0.37276267
288	0.64582419
644	0.56943210
716	0.49353885
948	0.67380508
976	0.49689800
1116	0.54318659
2330	0.41726509
2466	0.57241632
3835	0.38153521
3932	0.40702360
4109	0.40731010
4269	0.42891514
4287	0.45817682
4780	0.40007282
128	0.67418457
191	0.68203736
573	0.46804746
579	0.50780748
609	0.44830306
658	0.56419671
863	0.54184173
868	0.50564259
926	0.46476833
1204	0.51289603
1252	0.48901224
1407	0.49994823
1693	0.56917243
1728	0.46340862
1729	0.41244848
1738	0.41259408
1814	0.58413474
1852	0.54655849
1932	0.47287482
2169	0.43577926
2302	0.40198513
2357	0.46985433
2408	0.47492581
2414	0.47471393
2524	0.43119406
2662	0.43220037
2694	0.42511629
2717	0.45243346
2757	0.54525056
2788	0.48914065
2945	0.44210690
3018	0.48504905
3076	0.49009615
3087	0.45658736
3102	0.48372640
3504	0.47451711
3699	0.47086511
3738	0.41355324
3751	0.45342094
4188	0.40280513
4210	0.38153075
4333	0.39239550
4854	0.41792559
4870	0.41393043
1395	0.61421272
3310	0.38936611
254	0.66078430
340	0.60403107
873	0.54503688
2528	0.49928228
3833	0.41458330
922	0.57092723
985	0.42292389
1016	0.53107118
1330	0.56222564
1629	0.40733179
1869	0.52206187
1881	0.61069522
1906	0.46706876
2130	0.50162778
2585	0.44287553
2774	0.40046002
2852	0.49969346
3161	0.41009978
3221	0.35291105
3649	0.47771923
4044	0.37390072
4814	0.41242907
4828	0.41571087
813	0.51349005
851	0.57843679
950	0.62838603
1113	0.48627852
1200	0.63558575
1353	0.63549584
1370	0.49922400
2440	0.49667644
2664	0.43086187
3253	0.38182212
4010	0.39172090
4246	0.36571711
4606	0.38207580
4757	0.39530495
4872	0.44740850
889	0.60227173
1130	0.50112089
1714	0.49865678
1716	0.52656997
2179	0.44913747
2283	0.43777191
138	0.68861763
374	0.56971597
494	0.47784643
745	0.66761450
820	0.57532055
980	0.47369303
1096	0.54422122
1163	0.50325853
1232	0.51657393
1290	0.47890852
1519	0.55179920
1717	0.58092554
1755	0.54113527
1796	0.45332749
1861	0.58856755
1972	0.44032181
2010	0.49049023
2196	0.44354998
2416	0.52223758
2476	0.55873488
2607	0.44254016
2623	0.51122602
2652	0.42399997
2783	0.43861346
2875	0.46445800
3039	0.40844487
3574	0.38555334
3768	0.45494853
3970	0.45436765
3992	0.38271426
4435	0.36354662
4530	0.37716183
4680	0.38884968
4710	0.41422241
4818	0.43653953
4885	0.38266112
4895	0.40308444
4926	0.38660526
412	0.65375646
511	0.57785094
542	0.63342942
627	0.49840809
660	0.57554836
676	0.51199801
1073	0.57416673
1264	0.53489694
1311	0.64813474
1759	0.55994601
2533	0.46717081
2659	0.47982146
2762	0.43377236
2775	0.40717478
703	0.65654122
891	0.60350045
1166	0.62330028
2031	0.54847092
2441	0.46381126
2475	0.41643192
3797	0.40375535
270	0.61398773
566	0.63144308
754	0.56897148
810	0.43704352
1218	0.56570956
1760	0.51227908
2224	0.45077282
2478	0.45531293
2983	0.45325061
3575	0.41580326
3748	0.39738449
4581	0.43331856
521	0.54118947
696	0.47884261
1071	0.44607876
1344	0.40665567
1509	0.57307343
1654	0.48152496
1662	0.56404592
2082	0.40638593
2198	0.46762184
2345	0.45074611
2445	0.52160890
2550	0.39119045
2676	0.47807308
3047	0.40701068
3568	0.41454882
3627	0.47438795
3880	0.41779963
289	0.66058423
1340	0.54597021
2038	0.52089981
3156	0.44658216
683	0.46373049
757	0.64540410
887	0.46410531
943	0.52687896
1766	0.58300634
3088	0.41117690
3815	0.51579874
4135	0.44121453
4522	0.40698241
4571	0.42668106
4867	0.40836859
429	0.55198420
1367	0.45700967
1383	0.45719093
1525	0.42786071
1704	0.51071246
2149	0.45037152
2449	0.44260602
3690	0.42038760
352	0.68016516
416	0.55447938
617	0.66308423
707	0.62395689
799	0.42915062
1105	0.43716743
1386	0.53299717
1439	0.43875268
1870	0.53164373
2226	0.45410059
2257	0.40541574
2417	0.49234903
2846	0.39104203
2981	0.44074621
3074	0.42019762
3133	0.38376739
3265	0.49094035
3418	0.44868187
3453	0.47581841
3651	0.47865176
4259	0.40474210
4758	0.41595307
669	0.63211114
1620	0.46799432
1890	0.51892430
2660	0.42703925
3419	0.44447801
4394	0.39133080
554	0.67387391
1876	0.41636760
3666	0.41091640
630	0.64675964
677	0.57024281
1328	0.42876939
1350	0.39910973
1427	0.49205917
1593	0.44915456
1985	0.46584143
2028	0.51554528
2099	0.46896292
2207	0.37913151
2243	0.42789696
2254	0.44819522
2293	0.40479806
2780	0.46459766
3041	0.49426189
3926	0.37954592
3935	0.42040494
3982	0.39248190
4064	0.42004486
4142	0.43408873
4182	0.40220567
4702	0.41470204
4731	0.41429372
4822	0.38169237
1256	0.53184335
1345	0.50473470
2541	0.44890655
3617	0.37468159
3847	0.46623331
1017	0.47476292
3083	0.47751151
3372	0.42311455
4056	0.40945782
4425	0.36245744
4686	0.38849770
3116	0.44031162
4067	0.47568432
1069	0.51566996
2743	0.38479670
4730	0.38760619
530	0.58137586
792	0.51311730
907	0.55685710
1199	0.51523776
1794	0.47925750
1935	0.57229498
2740	0.42256957
4145	0.42562227
4491	0.42880409
4942	0.42263096
2326	0.40479190
3329	0.43308411
3933	0.39596708
4856	0.35110814
540	0.59661589
1023	0.58191902
1068	0.56021628
2036	0.53309418
2501	0.41353069
3596	0.43443263
3646	0.40010738
4039	0.42315330
4858	0.39068934
307	0.62690357
880	0.41061018
2246	0.41949897
2383	0.57504733
2758	0.46029268
3589	0.46219225
4215	0.42482977
4575	0.42697375
310	0.63552252
613	0.58378610
718	0.68238474
2162	0.46299124
2221	0.48346931
2238	0.44907664
914	0.64651767
995	0.62167826
1568	0.59063474
1798	0.50280786
2105	0.49871774
2538	0.44889110
2682	0.48164540
3377	0.44706773
3387	0.43234405
316	0.67809193
871	0.61175820
2122	0.40800109
4501	0.39368316
852	0.54755187
1197	0.60134441
2229	0.46539842
2726	0.38161175
4385	0.41291198
4531	0.38389903
497	0.57586018
765	0.64243243
2019	0.43651388
2484	0.44718803
2756	0.42410364
2785	0.41705722
3655	0.41347120
180	0.67993031
283	0.62535912
397	0.57008686
853	0.60323733
1449	0.42566339
1697	0.50867379
3056	0.44464280
3166	0.52494416
3249	0.46136874
3433	0.50474003
3523	0.46965582
3799	0.49756535
4074	0.45615360
4121	0.37623912
4162	0.38204857
4267	0.46268487
4319	0.42807088
4683	0.39925318
552	0.54990635
770	0.42465910
774	0.64416968
1053	0.53567856
1641	0.54977953
1783	0.53310440
2644	0.40829478
2663	0.41792639
2795	0.48910294
3066	0.38517773
3113	0.45145896
3193	0.43286546
4488	0.39257096
601	0.57675429
671	0.49810188
736	0.57929917
1022	0.47788489
1239	0.62476169
1534	0.46596961
4811	0.44522445
337	0.68265105
686	0.40313656
1671	0.43278827
970	0.49750722
1104	0.53425954
1658	0.49595121
753	0.50425240
1537	0.51514744
2261	0.46467336
2469	0.42310998
2552	0.44519381
3150	0.48028428
3727	0.39293472
4603	0.38876663
560	0.65966195
1817	0.52777711
2083	0.38761657
3012	0.40655134
1485	0.49825767
1590	0.47878218
1926	0.48423672
2736	0.43881858
4876	0.40829294
1257	0.51350565
1409	0.53224263
1807	0.57867425
1859	0.42621718
2074	0.61971320
2658	0.41788164
2890	0.40216039
3825	0.40481659
915	0.38279190
1501	0.46048233
1515	0.46904327
1764	0.62578837
3695	0.40038050
3743	0.42816259
4377	0.33384393
491	0.64518346
1710	0.58017326
3965	0.43407510
409	0.65360867
499	0.66405452
569	0.47464787
1772	0.48276961
1989	0.52414113
2290	0.46601118
2544	0.50621865
3728	0.47603991
3852	0.41146204
602	0.60327908
1042	0.43641208
1480	0.44536786
1907	0.58094644
2095	0.40591786
2148	0.49905190
2308	0.44595840
2709	0.45064954
2772	0.40204465
2781	0.52739709
2977	0.41346118
3273	0.42478950
4099	0.49140928
4288	0.40001769
651	0.56833431
1028	0.59276638
2507	0.51638275
3444	0.50513002
3516	0.42204019
4212	0.40350553
314	0.60764017
1011	0.63011144
1137	0.53728266
2039	0.41714441
4459	0.38206937
454	0.53355619
610	0.52267574
937	0.54252974
968	0.54155091
1003	0.46692102
1272	0.53392258
1454	0.45923107
1648	0.60133868
1969	0.46889100
2006	0.42069310
2121	0.40594507
2503	0.51871411
2734	0.40998907
3043	0.46565898
3285	0.45289562
3546	0.37768376
3734	0.39125116
333	0.44065315
383	0.68275374
833	0.55155503
1942	0.49680619
2170	0.52989378
2397	0.53175439
2894	0.44328529
3139	0.46346585
3399	0.42982749
3403	0.39763396
3644	0.41331369
3762	0.37655157
4418	0.40271537
787	0.56138093
2139	0.52490052
1585	0.63904175
1913	0.48878269
1962	0.47898538
2496	0.42631351
3054	0.47953269
3769	0.39067031
3770	0.51935349
4543	0.35723667
4565	0.39288343
4675	0.43410400
2855	0.38169389
4361	0.37638308
347	0.56468960
478	0.59416572
842	0.46180546
973	0.60986581
1296	0.50227655
1974	0.40894742
2421	0.43292480
2603	0.50115065
2620	0.49593280
2681	0.49902469
3209	0.50295403
3228	0.39169144
3624	0.38581553
3663	0.44250179
3994	0.37215557
4143	0.36716665
4912	0.40563845
4919	0.39629730
2628	0.38509766
3669	0.44799919
4115	0.36254483
1121	0.52865991
2985	0.49838919
3017	0.41441329
3263	0.40459135
3678	0.40772418
3742	0.36846100
4159	0.41034817
4586	0.39843753
4692	0.40030149
4790	0.37717665
3809	0.42654741
427	0.64929889
867	0.48292543
1489	0.52358961
1502	0.43507363
2187	0.45679412
4332	0.43600298
551	0.50173395
580	0.60592177
836	0.53661765
905	0.47439446
1417	0.49874876
1713	0.53094197
1997	0.47963813
2294	0.38976989
2303	0.50280369
2311	0.41739784
2321	0.40741473
2560	0.47284968
3283	0.44607863
3745	0.38781513
4088	0.44773165
4305	0.44336177
4452	0.43300606
4513	0.42205748
1010	0.52854286
1909	0.51156606
2806	0.47933964
1067	0.53052446
1348	0.53635784
1475	0.56208603
1690	0.44872930
1773	0.40127812
1957	0.43664277
2077	0.42319520
3867	0.40097978
3914	0.37758805
3990	0.38477166
4091	0.45050722
4214	0.43306581
4800	0.38360067
1038	0.60442435
1878	0.53412200
3203	0.42042485
3414	0.51230869
3907	0.46616811
1679	0.44390787
3191	0.40770901
3591	0.41002794
4321	0.43876648
1062	0.49618601
1779	0.49164747
3001	0.40984726
3975	0.49780210
4550	0.44622271
2120	0.52066592
2540	0.42632542
3336	0.35400295
411	0.68735279
996	0.50186940
3097	0.45073218
3535	0.43258481
3821	0.39857371
761	0.67047435
1428	0.47638139
2637	0.49657782
2872	0.53313760
3325	0.36860650
3922	0.40117753
4427	0.40323622
772	0.54154205
1959	0.45839638
2134	0.53248917
2545	0.42565421
2731	0.42700752
2270	0.47560609
2952	0.55138626
2594	0.42200899
3460	0.41284378
4857	0.39695368
1768	0.55187142
2150	0.55693422
2222	0.42169941
2534	0.40602388
2727	0.49867854
3345	0.39503930
3398	0.39948932
3485	0.41986584
4372	0.41769401
4842	0.38592182
719	0.51154019
1436	0.59259458
1775	0.47726545
657	0.53470931
1360	0.55116382
1506	0.42855730
1607	0.43597249
2763	0.47084057
3312	0.47923796
4379	0.39605069
667	0.58125919
1018	0.61696519
3029	0.42022168
3911	0.39579362
4576	0.39165362
4873	0.36794421
818	0.55739163
1045	0.45598140
1756	0.57431046
1891	0.46459196
2115	0.40807247
3223	0.40722236
3276	0.45508262
4310	0.40847077
4630	0.44127423
809	0.65057320
1030	0.52136720
1249	0.49983863
2190	0.49887376
3996	0.39447615
759	0.53944086
3687	0.41011235
4194	0.41077416
4819	0.40585094
2194	0.44282194
2643	0.43090751
3915	0.37701472
1352	0.49822743
1673	0.44519772
1953	0.38981336
2087	0.39754922
2118	0.48655402
3122	0.42923251
3408	0.45454993
4600	0.39456518
4907	0.40427037
688	0.54434314
901	0.48039535
3192	0.39388739
3490	0.39284885
4490	0.37064933
4526	0.40900379
2903	0.38775959
2912	0.42412472
3401	0.45222976
4835	0.39772387
208	0.67929920
328	0.68610963
1152	0.56248342
1423	0.48805195
1994	0.38943248
1077	0.55444729
2908	0.43873619
3732	0.46413833
3845	0.40845403
902	0.60951881
1210	0.58485582
1434	0.44819944
2482	0.44753622
3906	0.40039550
4312	0.44913262
1455	0.58430303
2142	0.40671214
2152	0.50919876
2231	0.41720032
2391	0.44728170
2511	0.49014779
2818	0.40936144
2966	0.49081407
4399	0.41200013
4502	0.37738558
323	0.63756997
547	0.60347281
884	0.54691158
944	0.54395247
2071	0.41726600
2090	0.48219977
2133	0.54432229
2344	0.41267087
3232	0.40807744
3484	0.40892834
3947	0.46728829
4198	0.41575543
4877	0.40057096
1141	0.55478425
1998	0.40470896
2729	0.45204483
2988	0.50515678
3908	0.39210276
4350	0.40605248
1754	0.53351073
1968	0.48178842
2264	0.48716137
3112	0.42508744
3585	0.38877852
3594	0.47145769
904	0.56034691
1888	0.43760660
2263	0.46022206
2492	0.51241945
3595	0.39547206
4511	0.36198776
4615	0.36485483
919	0.61806056
1106	0.47654531
1220	0.48729910
1685	0.56221519
2688	0.40881530
4280	0.36467122
4785	0.41798622
317	0.62502257
908	0.66896484
1587	0.47895214
3881	0.44496681
1211	0.42881429
1822	0.42065855
2508	0.41098150
2991	0.45816173
4583	0.38998697
443	0.47489108
2183	0.39793614
2917	0.49016895
3697	0.37426613
4645	0.37189961
1893	0.55330518
955	0.55619517
1581	0.51905854
3393	0.44106381
3838	0.38027496
390	0.54489403
2211	0.48076159
2841	0.43001860
3290	0.41607401
3383	0.39993043
3878	0.43298284
4736	0.39093727
1245	0.47897337
1583	0.52196597
4740	0.41451964
656	0.47858678
4389	0.36817685
4533	0.39660624
489	0.56707464
673	0.49673377
1934	0.44969363
2200	0.46970759
2370	0.42157628
2621	0.41483517
2990	0.47621539
3136	0.42600656
3717	0.40747153
1425	0.46308474
2898	0.51838396
2984	0.43299472
3412	0.43652991
3566	0.42644002
4062	0.46599245
4535	0.45495956
4701	0.37823697
4831	0.37531053
749	0.67518061
895	0.65949422
3004	0.42660448
3461	0.37441155
4197	0.43875217
4483	0.43269666
917	0.66728428
1582	0.52136659
2732	0.46653877
2814	0.50016397
2825	0.41953398
3173	0.39730081
4371	0.37586927
477	0.53201138
1905	0.46176090
2034	0.41978365
2249	0.52108100
2596	0.51360622
3207	0.45246095
524	0.50637323
1415	0.53323331
2227	0.39513507
2724	0.44249886
2737	0.42168323
2844	0.46855801
3098	0.40574435
3434	0.44144088
4167	0.47601073
4738	0.42204173
1202	0.59257222
1788	0.56125343
2245	0.54287386
2286	0.41166938
2369	0.47239767
2889	0.48573806
4187	0.40819194
4383	0.38571183
2936	0.38641544
306	0.57100167
2241	0.41262157
3501	0.40840226
3874	0.42003420
4314	0.40917233
1193	0.42094235
2439	0.47381159
3468	0.42643753
659	0.64541228
1234	0.47958418
2733	0.42059484
2567	0.46832545
3789	0.44093806
1161	0.49080965
1368	0.51194626
3026	0.42533050
2113	0.41475623
3110	0.36430760
3201	0.50444793
4440	0.40773276
4551	0.41796009
1222	0.45972577
2948	0.50933461
3977	0.41035205
4075	0.40643376
758	0.63868563
1164	0.58411470
2336	0.48940398
2680	0.46700623
2858	0.45925321
2899	0.45653059
3220	0.46709605
4125	0.42696428
4307	0.40680162
734	0.53493641
746	0.53075553
1214	0.50512432
1711	0.61787359
2405	0.52231447
3873	0.42910493
4153	0.39186091
4470	0.39615882
4752	0.43919482
733	0.53224462
1892	0.46895169
3700	0.44466799
4243	0.42733330
4521	0.37707911
4559	0.41023215
3698	0.39051570
3998	0.41930841
4016	0.38089678
4458	0.41856972
697	0.54645010
1463	0.47338845
3078	0.42793922
3455	0.38668422
3481	0.44833623
3917	0.41824467
4667	0.37118980
1217	0.49856937
2809	0.46642397
1990	0.43736170
4130	0.39793253
2193	0.43812306
3840	0.42159514
4049	0.44980202
2127	0.40083994
2354	0.44827749
1560	0.49262010
2371	0.44471183
2542	0.44328908
3641	0.38086788
4234	0.38369676
4745	0.39525066
969	0.43009963
997	0.40700911
2091	0.44138328
2487	0.55191163
2969	0.45513192
3032	0.39402661
3326	0.42126189
3400	0.45447481
3937	0.37187980
4931	0.41951752
2784	0.38651552
1170	0.54952431
1863	0.50886160
2564	0.38893707
2995	0.44825432
3702	0.45330780
4079	0.37112475
4340	0.43189100
324	0.68018742
1508	0.59911788
3219	0.46103655
3564	0.42640297
4714	0.37569151
1278	0.58639817
3190	0.41821668
3348	0.43735879
3875	0.43177433
2821	0.42868328
2968	0.49250694
3094	0.41331659
3363	0.42973407
3391	0.49404056
3900	0.41136341
3961	0.39245295
2195	0.44002653
2591	0.39241213
2826	0.46790663
3792	0.38396158
4534	0.42626918
595	0.53181828
715	0.64043700
815	0.61068243
2765	0.42292172
2911	0.40267087
3563	0.39311170
3901	0.42152512
4003	0.37158837
4727	0.38778981
906	0.48643389
1975	0.42426547
4798	0.39985200
987	0.54062899
2119	0.40495817
2942	0.38352835
4076	0.41906434
381	0.66262369
1510	0.45817983
2705	0.52143432
3488	0.45519434
4682	0.39134804
550	0.62289191
691	0.62199187
1494	0.51219391
3688	0.39872223
723	0.52317995
1523	0.48038323
1918	0.41796161
2944	0.52322892
3103	0.44781538
3350	0.44518061
4012	0.34768765
4200	0.43677358
4665	0.38823359
4721	0.41828347
4728	0.42263611
4777	0.42747216
1231	0.52550343
1936	0.46247753
2864	0.45000459
3287	0.39313739
1474	0.52951285
1574	0.60431828
4691	0.43178915
4821	0.40280740
1763	0.41671264
4176	0.39777075
1457	0.45635733
4009	0.37462215
4922	0.41431303
841	0.56613179
1965	0.46534706
2117	0.44331626
2773	0.47397514
3973	0.42867761
4063	0.42295075
4911	0.39366483
1950	0.39367533
1966	0.49262455
2116	0.37655894
2346	0.42360809
3607	0.43920891
4461	0.34652441
649	0.51664121
2848	0.48119739
3425	0.46549770
4652	0.40521214
2041	0.55028380
2338	0.44601083
2816	0.43771973
3660	0.43002825
3682	0.45196080
3843	0.36604152
3855	0.41901580
4089	0.42220037
4183	0.47195441
4754	0.42228519
1451	0.41497771
3608	0.40216511
1179	0.47770883
2504	0.42409393
3295	0.41931778
4303	0.39022650
3597	0.42614487
3723	0.35124816
1498	0.51174843
1672	0.37805697
2479	0.40178807
2502	0.44263245
1392	0.51459380
1396	0.50128736
1595	0.46619328
2696	0.52729862
3931	0.42158214
4278	0.41377926
862	0.55341796
978	0.42655750
1686	0.53314837
2136	0.56050765
2143	0.51043510
2332	0.52202024
3268	0.43512573
1937	0.48546332
2498	0.38658585
2838	0.45366382
3664	0.46117316
2276	0.40976048
3464	0.37955621
4622	0.40063502
2058	0.49680008
3892	0.39564469
1085	0.49521920
1676	0.45464736
3322	0.41249952
3333	0.43879677
3534	0.42239088
3580	0.42013517
3885	0.38666551
3953	0.41561697
4161	0.43522758
4465	0.39638873
1262	0.52727605
1811	0.39715148
3115	0.45773599
1149	0.43174210
1964	0.51606364
2327	0.43948377
3049	0.41736079
3236	0.42863752
4677	0.39663580
3007	0.39732575
1371	0.53704296
1701	0.45116095
2888	0.44248097
3918	0.46011177
3956	0.48515428
4766	0.42926207
4477	0.41211667
4707	0.38279677
3559	0.35998465
1108	0.55037306
2670	0.45073369
4932	0.39303930
2324	0.47097524
3987	0.39574187
4254	0.39033598
4480	0.40938015
2622	0.41787174
1770	0.44522655
4168	0.42434607
395	0.65829253
1777	0.52352880
2069	0.51304915
4599	0.39179155
1958	0.52258645
2197	0.38063459
4450	0.35257224
3307	0.42708923
3474	0.52469129
4235	0.39405308
1364	0.42837386
1688	0.49387005
3244	0.45837803
4393	0.43766493
4863	0.39364971
597	0.53212821
3783	0.43440971
1706	0.50366693
1973	0.42049483
3164	0.44047163
3330	0.43866458
3869	0.40896451
4737	0.39398571
3242	0.39308832
3691	0.43520891
834	0.48102378
4860	0.38097279
1919	0.46434509
3177	0.42405048
1008	0.62080498
1598	0.46385216
1665	0.49466307
2820	0.41388179
4128	0.39118046
4169	0.41311011
727	0.47577413
1619	0.44513964
3172	0.43010034
4544	0.41780750
4696	0.39675750
4844	0.34588699
878	0.59117276
1301	0.56480919
1908	0.57302825
1925	0.48540539
2796	0.45236856
2922	0.42026982
3010	0.45169315
3671	0.49915067
4764	0.41928175
1526	0.47058219
2828	0.40462248
1636	0.48806790
3185	0.45879511
984	0.48020661
1379	0.43307868
1517	0.42620525
2278	0.40994260
2546	0.47904410
4820	0.38057063
1132	0.51818894
1391	0.59170527
2481	0.37675868
2586	0.37845686
3100	0.46963305
3231	0.41313972
2994	0.46889719
3127	0.43532328
3303	0.44799477
3459	0.36035107
4888	0.35799366
949	0.66681376
3715	0.47352295
4201	0.51541824
3886	0.38848011
1174	0.55921996
1215	0.45206929
1277	0.63333345
2220	0.44464363
2381	0.42732318
2747	0.37607532
4274	0.45941150
4768	0.35565991
4771	0.38831232
4859	0.35844485
4936	0.37921060
599	0.57011364
724	0.63152360
1660	0.44457901
3573	0.47952968
4286	0.38827267
2333	0.42991892
2815	0.40409928
2970	0.41262414
4720	0.36389643
2356	0.38378206
3165	0.40344106
4242	0.36965181
1248	0.46249720
1289	0.49567185
1753	0.53598326
2979	0.37336109
3030	0.41121991
3677	0.41730584
4806	0.38545663
2361	0.44487414
2450	0.46674571
2885	0.47843907
2914	0.41150989
3609	0.44191678
4107	0.42399485
4804	0.42876908
1420	0.48903880
2251	0.48034466
2525	0.40903011
2565	0.42020118
2882	0.39961622
3142	0.46775023
3341	0.43416655
4463	0.37927050
4574	0.42693182
1060	0.51311038
1126	0.50891630
2974	0.43681682
4556	0.38470509
3036	0.44461586
3072	0.43960062
3352	0.50508045
1426	0.43565958
1599	0.47738775
2208	0.49644533
3719	0.45773980
4631	0.42668381
3027	0.41713845
3181	0.39881851
4105	0.39333456
4563	0.39534468
2881	0.41349066
3092	0.52492109
3107	0.42148465
3583	0.42291074
4110	0.40969313
4382	0.41200232
4616	0.36120499
4344	0.40675331
1795	0.44101366
2106	0.44484764
2372	0.56868856
4241	0.41860216
4889	0.36640827
2269	0.39072132
3230	0.39070186
1399	0.57526383
1856	0.52562886
2033	0.59939931
2379	0.44834804
2107	0.37745439
4685	0.39137793
3638	0.33120989
1625	0.41979546
3119	0.44650076
4651	0.36256949
4670	0.39104185
4160	0.37072705
823	0.64255442
1708	0.44833320
2720	0.39729097
3683	0.42220802
3858	0.42620658
4248	0.40041448
4525	0.37341804
3636	0.33577100
637	0.55563792
1604	0.42746173
994	0.52472297
1384	0.52328213
1736	0.42802085
3417	0.43716847
3778	0.39618785
4388	0.37410405
1273	0.54541561
1887	0.42056033
2062	0.37898771
2375	0.49388704
3586	0.45185950
4326	0.42946580
4341	0.45383913
882	0.55963838
1131	0.49556818
1201	0.47309940
2837	0.42361947
3547	0.43087086
4783	0.34407126
4805	0.37915426
1995	0.46714174
2168	0.42244994
2906	0.39638868
3367	0.41164151
4050	0.37895848
1638	0.49851971
1684	0.44048990
2739	0.38887934
2927	0.43832951
4146	0.38528562
4613	0.37160405
4869	0.41130634
2089	0.54149225
2343	0.52150846
2442	0.53845822
4717	0.38528165
822	0.64216556
3370	0.42347057
3426	0.48135011
1090	0.47654963
1123	0.48579662
1696	0.48334065
3498	0.39369527
4479	0.41122246
4156	0.41258050
3652	0.39413313
2997	0.49287601
3373	0.37572506
3521	0.42171191
3725	0.36616703
3919	0.44347011
4917	0.42170083
3508	0.41968667
2400	0.45512429
3761	0.36069351
775	0.51081868
4126	0.36504334
4431	0.38950815
3895	0.41935481
4749	0.42658885
3456	0.38259297
1376	0.46270368
2146	0.44095330
942	0.57255922
4761	0.35235948
1347	0.51455780
1678	0.59893048
3096	0.38892023
3038	0.41271403
3827	0.40534663
3716	0.42956013
4216	0.35517816
4943	0.39273172
665	0.64842473
1177	0.57851653
1178	0.53164550
1961	0.39209451
2612	0.42182229
3862	0.39314196
3962	0.38360859
4896	0.40457568
1153	0.50184968
1621	0.46776436
2518	0.44359059
3006	0.42740100
3025	0.45064542
4378	0.37812465
4948	0.36119257
1867	0.53932391
3872	0.37801310
1418	0.53962982
2353	0.37829145
3711	0.44303372
4104	0.40084756
3637	0.45288906
674	0.54823970
3016	0.42319666
1437	0.50045169
1758	0.40687301
2013	0.40302789
2364	0.42817140
2386	0.43658507
3269	0.44774250
576	0.60029460
1941	0.42197668
2679	0.47752342
3979	0.41821741
4734	0.43253569
1049	0.51636099
1650	0.57965865
1858	0.46356611
2753	0.43082762
3022	0.46422170
3143	0.46117412
1692	0.42246405
1940	0.40871817
2395	0.44709862
4122	0.36411430
1080	0.46806010
3959	0.40541140
2754	0.53160402
3686	0.43572572
1504	0.60336329
2298	0.37500063
2472	0.41899601
4329	0.41668760
2008	0.46864696
2049	0.49305520
2429	0.45346751
692	0.53293273
2600	0.45675762
4409	0.40953748
4066	0.41285377
3358	0.43030026
4318	0.37435609
1709	0.44189340
2850	0.37283267
4834	0.40247218
3524	0.38684264
4068	0.40790630
4237	0.39974457
4273	0.38062207
1699	0.55646279
2798	0.50334779
3067	0.37072779
4927	0.40105480
631	0.61161791
1246	0.49059367
3995	0.40847592
4189	0.40784910
4208	0.41344611
4282	0.39712636
3187	0.39862571
4747	0.39628170
1495	0.47379955
1656	0.50515256
2653	0.40362871
3561	0.38617791
3806	0.39699185
4086	0.39153145
1388	0.47815115
2328	0.39728673
3356	0.39968440
3603	0.47160132
4453	0.36872107
4555	0.39897332
4878	0.37842359
3306	0.34533151
988	0.46800671
1789	0.44549301
2362	0.40847607
2409	0.39768886
2483	0.46021486
2829	0.44140610
4065	0.43838893
4352	0.37509128
929	0.61509693
2768	0.54251999
4938	0.41233232
1695	0.46276219
2693	0.41907287
2779	0.46499876
3668	0.43762568
1145	0.42364338
2360	0.54696734
4673	0.36403660
1012	0.41115908
1562	0.41805475
2595	0.38225644
4643	0.36031144
2517	0.40156157
3600	0.37658045
3606	0.35963436
4304	0.40346254
4404	0.40602007
4566	0.36118008
4929	0.39957368
1875	0.59856735
2473	0.46583393
3898	0.34481475
2438	0.38926595
1448	0.46071262
2876	0.39470891
2998	0.38127368
4791	0.40534287
4930	0.39180624
714	0.46316832
1079	0.53381868
1871	0.45469636
1459	0.41913288
1849	0.49138449
3571	0.39817152
3889	0.38953092
3966	0.38960473
4402	0.40037361
1851	0.43231788
4190	0.37736511
4945	0.37662879
1142	0.58085359
4292	0.38350848
909	0.54655033
2051	0.45366178
1601	0.43834516
2072	0.44781442
2742	0.42268707
3044	0.48929190
3128	0.41770951
3394	0.36840272
3909	0.41087874
4519	0.39132977
4632	0.43663230
1294	0.53402804
1827	0.40743765
2640	0.41878289
2929	0.43392912
4626	0.42287389
4058	0.41326421
4894	0.36207366
1046	0.54255503
2175	0.47801542
2813	0.41155970
1335	0.47303796
4769	0.38035370
1110	0.58244825
2137	0.46085077
2901	0.46951378
4164	0.43852471
1221	0.45193278
3864	0.38726886
983	0.59194941
3059	0.44802105
4434	0.36387707
4793	0.38007366
4808	0.33692528
1056	0.44362571
1547	0.56284789
2000	0.46691652
2268	0.42149349
3754	0.41896345
4801	0.36136725
1805	0.46404382
3709	0.37016743
4030	0.43442909
2877	0.49135635
3008	0.37844871
4271	0.39700949
3713	0.39404788
2164	0.42986629
1287	0.45546870
1681	0.42985279
2304	0.48390855
2684	0.52871628
3999	0.34441864
4569	0.36362798
4482	0.34848299
3334	0.40056641
3454	0.41566024
3499	0.40207174
1075	0.46508211
1541	0.40709789
2085	0.42948407
2289	0.44132974
2316	0.40503423
4324	0.36556086
1326	0.44083173
2506	0.46399886
3893	0.40067892
4390	0.38369586
1572	0.60340102
3958	0.39358875
4472	0.40729072
3680	0.42030652
4220	0.38609822
4572	0.40022329
4655	0.37458131
2156	0.43885375
3153	0.44766198
2284	0.47294538
3337	0.39067707
3239	0.40053388
2365	0.46907936
1471	0.45491322
3628	0.40101020
3810	0.42359529
3240	0.36456202
3553	0.42148468
2076	0.39170030
4209	0.41381805
1173	0.55372776
3940	0.40174639
4391	0.40168472
2547	0.43604655
1114	0.53989439
2144	0.54728072
3615	0.47435498
4545	0.35568071
4690	0.37619550
1555	0.44869040
2730	0.39947117
2982	0.45379044
3850	0.39005788
4460	0.35924995
1898	0.61128135
2647	0.42356553
2918	0.45483232
4541	0.37883663
4739	0.35225116
1987	0.47602418
2275	0.43941920
2378	0.48548349
3130	0.36122016
4443	0.38019141
4703	0.36369633
2946	0.40522302
1143	0.49263343
4411	0.36813843
2874	0.45603347
2512	0.40246201
3604	0.39547382
1569	0.44116753
3831	0.40880662
1769	0.45039628
1939	0.50854665
3160	0.47915857
3420	0.44648788
3662	0.36747453
4716	0.38142304
2234	0.50309345
1813	0.36050066
2486	0.45135261
4507	0.41044558
4879	0.38878067
1401	0.45938654
2630	0.40822244
3288	0.39335016
1576	0.48785642
2801	0.41831025
747	0.59526782
1481	0.50332133
4420	0.32381555
4413	0.38440769
2424	0.41620992
4568	0.37220181
2558	0.40409125
1361	0.43222410
2173	0.43245790
2329	0.47961975
3449	0.44700957
3123	0.40422743
1776	0.55769921
4323	0.43750510
2305	0.49913421
2312	0.44824207
2868	0.39624311
2388	0.39037139
4330	0.39741514
4262	0.45449785
3648	0.36483426
3033	0.41536599
3174	0.43556745
2320	0.48049117
2274	0.47530990
4451	0.35086205
2155	0.43107656
2337	0.40641708
3701	0.47867897
4508	0.37709935
3750	0.42189742
1749	0.43987177
2687	0.46446476
3381	0.42845330
4223	0.39195684
1000	0.45861781
2003	0.38316683
2048	0.58227885
2256	0.42708587
2615	0.40638182
4253	0.40785968
4779	0.36890723
4853	0.37072811
2790	0.35363169
3857	0.40088098
4935	0.35869987
1667	0.50910665
2685	0.40376795
1492	0.47565746
2568	0.43479826
2569	0.41563815
2853	0.43560375
4471	0.34836488
2536	0.44799018
4415	0.37290186
3779	0.40217887
4638	0.38842533
3721	0.37369916
1500	0.64132497
3197	0.44894964
3180	0.46644222
2167	0.41559140
2461	0.38916857
1297	0.52983408
2023	0.39034908
3114	0.35002305
4174	0.38687836
4221	0.42927504
869	0.52954195
1518	0.51051648
1535	0.45024220
1041	0.57445618
2044	0.43955215
4802	0.36031727
2192	0.39284201
2631	0.40800318
3342	0.40411644
3795	0.41948407
3785	0.43092294
4106	0.35380568
2686	0.59239986
2786	0.39719737
3476	0.46456018
3653	0.39151706
2706	0.41368942
3458	0.37630937
3800	0.45195865
3693	0.32751969
2407	0.47211866
1422	0.45204768
2616	0.43857924
3612	0.38189254
4283	0.41746837
1645	0.40152289
2056	0.49086447
4437	0.34831407
4094	0.38363893
879	0.60676840
3438	0.39901944
2593	0.41305382
2064	0.36962149
4509	0.38774808
2807	0.38470176
3798	0.39118571
1860	0.41162712
1035	0.42955470
3063	0.37552910
2147	0.40704503
2259	0.41383143
2462	0.46182305
3060	0.38019649
3740	0.41391816
4908	0.37176848
2599	0.44251022
3950	0.47958476
4712	0.39599414
2123	0.42237142
2587	0.48882330
2718	0.41100162
1661	0.58559297
1739	0.49435178
2878	0.46554031
3182	0.41301083
4629	0.39933805
1840	0.44373968
2582	0.41575202
2608	0.37208030
3243	0.38218147
2214	0.40407903
2710	0.34838946
4497	0.39225129
3692	0.37646840
4166	0.35950846
3318	0.39949927
4205	0.37114865
2831	0.39380132
4921	0.33571166
2563	0.42469227
3556	0.44470923
3696	0.42064413
4037	0.39243987
998	0.49790663
1397	0.51137288
1486	0.55860211
2342	0.57770610
2667	0.39710342
3335	0.42853748
4505	0.40522016
1243	0.51547950
3272	0.41003019
963	0.58100066
2973	0.38703135
3642	0.42974914
4239	0.38349182
4101	0.39014638
1790	0.49662828
3753	0.38673306
4446	0.39899064
4832	0.40403648
3196	0.38438770
4005	0.38694464
2101	0.40345323
2921	0.39742594
3009	0.43391877
2470	0.45537704
4762	0.38359524
2067	0.43023294
2110	0.53642806
2437	0.42109685
4007	0.35820916
4277	0.38033105
4614	0.38450088
4204	0.36993737
4157	0.43168846
2236	0.42587263
2711	0.42544626
4317	0.41759009
4663	0.40106086
2570	0.40330324
1282	0.61756785
4119	0.37569013
4830	0.35520550
2514	0.47633497
1349	0.42610380
1084	0.45441251
3233	0.40816559
4532	0.34401918
4469	0.35851403
4170	0.35342993
3440	0.43810985
2348	0.45165643
3410	0.35385241
4072	0.31076689
3737	0.38221075
2919	0.35751759
3126	0.39552476
4462	0.41597539
2204	0.36746519
2228	0.56022597
4618	0.34216933
1571	0.55111417
2248	0.40270022
3148	0.49033171
2203	0.44788507
2217	0.46258128
2655	0.39293697
3832	0.38696272
4644	0.39412179
4055	0.44269941
4193	0.41932232
2866	0.36055356
2965	0.35664784
1857	0.54684736
3212	0.42506770
1374	0.37161157
3659	0.43936253
4061	0.42268624
2976	0.39592733
4028	0.42293992
2443	0.44336675
2574	0.39501853
3106	0.34218614
4890	0.35062798
3259	0.37343351
2669	0.40989898
3577	0.35782908
4946	0.40527148
3206	0.35347700
1124	0.43884998
3870	0.39184794
4244	0.40879448
2642	0.40443780
3469	0.40947579
4403	0.38766811
3592	0.39134635
1342	0.54095368
3225	0.40251517
4417	0.35905109
3550	0.40037091
4180	0.39699091
2141	0.47286596
2691	0.42140140
3500	0.45378935
3828	0.40741943
2295	0.43939540
3404	0.37602974
4008	0.36405465
4520	0.42226547
3255	0.42707265
4285	0.35242887
4486	0.40334516
2081	0.51705435
2225	0.44099816
2532	0.39015360
3593	0.40281172
3146	0.38849843
3544	0.42519702
3676	0.37142314
3903	0.39567331
3634	0.35775217
1902	0.48252216
4855	0.38596108
3527	0.39422837
4152	0.39753029
2393	0.44955480
2366	0.55756283
3407	0.38272319
1616	0.44570133
3494	0.46071050
1339	0.54790824
1354	0.62218248
3572	0.35424144
4594	0.39089015
4436	0.38414310
4498	0.36819318
2092	0.39187525
2575	0.39657507
4111	0.37156664
4763	0.41086235
4658	0.36030727
1793	0.52850305
2436	0.43517352
3465	0.45400717
3531	0.44000018
3541	0.40141006
4848	0.35151282
4299	0.34681346
3781	0.36746211
2928	0.42988121
4755	0.36140203
3667	0.40761233
1266	0.40397902
2427	0.38780324
3371	0.46421103
4705	0.39265453
4405	0.37118419
4925	0.36508320
4347	0.44147074
2698	0.36095106
3057	0.35162263
3354	0.39308022
1578	0.39739418
3887	0.40847976
4179	0.43264623
4432	0.34531750
4662	0.36404417
4148	0.36007732
2559	0.39466746
1745	0.48271658
1565	0.54689216
3912	0.37498498
3509	0.39889194
3511	0.45406465
4457	0.39722857
3171	0.34872077
1854	0.39611167
3277	0.37384206
3616	0.36956689
3539	0.39637780
1752	0.46776855
2649	0.39019530
4773	0.36591165
4868	0.39190080
2592	0.42814484
2830	0.43713005
1134	0.54623644
4421	0.32036023
1430	0.54932641
3052	0.36995595
2884	0.36214981
3871	0.36878097
4585	0.36135650
4648	0.37965706
2833	0.46534991
4881	0.39130387
4184	0.40473455
2702	0.42701575
3492	0.38527348
3650	0.44272993
1476	0.61246421
2260	0.55480268
3530	0.39924821
3000	0.40943270
3050	0.46335806
4137	0.39844068
3138	0.35670106
3879	0.40089683
3567	0.33477777
4817	0.37294298
4260	0.36187881
1922	0.51889158
4297	0.31364131
3813	0.35199210
2368	0.43739699
4635	0.35217707
2857	0.37120355
2999	0.40149217
3569	0.34914623
3557	0.41821751
4909	0.37416410
3095	0.43953809
1963	0.38518053
2601	0.44332588
2583	0.39806480
3019	0.41612566
3311	0.43529879
4265	0.38851681
4824	0.37039744
3409	0.51524684
4913	0.37705460
4191	0.38871294
2761	0.38997521
3565	0.35946496
4045	0.39117624
4227	0.36759087
2026	0.37288030
3623	0.39863088
3132	0.33207896
2434	0.39664272
3985	0.34035773
4722	0.35374525
4924	0.35529549
4537	0.36413686
3441	0.47987927
3997	0.36894828
4849	0.33859852
3707	0.42600740
4085	0.41574750
4893	0.40024722
4597	0.34781911
3876	0.36537020
3502	0.38667316
4449	0.37501242
3803	0.30285407
3151	0.45249371
3816	0.37985935
2923	0.41363376
3261	0.44493954
4150	0.43831836
4247	0.36451812
4813	0.33904112
3818	0.39380657
3065	0.40399798
3300	0.41760854
4478	0.39099637
4206	0.37815529
2230	0.58976419
3125	0.39735599
2178	0.33974662
3452	0.34630258
4920	0.33888800
3167	0.47559764
2803	0.39122680
3515	0.39716612
3031	0.39591079
3390	0.35185831
4233	0.36386251
4751	0.41953037
2219	0.42604841
4338	0.34026694
3111	0.40947365
4786	0.36782777
4441	0.39546241
1726	0.39532505
1916	0.57187202
2793	0.44673642
1702	0.41363888
2165	0.46038555
3445	0.38281046
3538	0.42968099
3672	0.39969750
4607	0.36574773
3302	0.48030101
3471	0.41881823
3145	0.37194535
3957	0.34246797
2986	0.37116387
2516	0.47463318
3251	0.43169288
4602	0.41280409
4487	0.32787190
4139	0.35040925
3804	0.35390958
3046	0.43557621
4669	0.36222721
4540	0.39360372
3576	0.40022059
2463	0.41184590
4528	0.37855117
3861	0.35187730
1832	0.41895040
4295	0.35609352
4735	0.34861584
3882	0.35840421
4353	0.35186208
1899	0.38324790
3210	0.35162169
2675	0.38905844
4141	0.36535842
4309	0.33235253
4147	0.39043412
4255	0.35402042
2413	0.46584567
3772	0.42872425
3124	0.49626807
4902	0.33542263
4934	0.30494931
2589	0.37113464
2347	0.38183645
4224	0.35299392
1927	0.55807876
2145	0.39165804
4485	0.33895424
1797	0.48483552
2941	0.39164509
3514	0.41919815
2867	0.36216478
3946	0.36793303
2573	0.38164663
4048	0.40532202
4020	0.35187101
4681	0.35482507
3916	0.36247549
4387	0.35097758
3670	0.43699679
2907	0.38681571
3200	0.44603675
2804	0.38008166
2240	0.45286046
3714	0.37062437
2457	0.37756553
3331	0.39729392
3836	0.35645355
2956	0.39885200
2277	0.48297175
3313	0.38694338
4217	0.38352431
4103	0.35297647
3853	0.38734587
4395	0.39727398
2380	0.45344093
4024	0.34728140
3213	0.36191233
4181	0.34177305
4203	0.39939128
4792	0.33926722
4905	0.39296002
2485	0.42450103
3281	0.43421325
4345	0.48289290
3447	0.33797049
3548	0.30560390
4760	0.36114451
2759	0.36487869
4406	0.39356926
2012	0.38574122
2513	0.44825081
4077	0.40236887
2870	0.41974864
4538	0.35800371
4536	0.37555584
3884	0.33830874
2673	0.41193190
4861	0.37579014
3413	0.39078754
3292	0.38432096
3823	0.37288749
3270	0.36701116
4336	0.38932232
3169	0.35765809
4363	0.33713058
1831	0.45822392
3048	0.42770944
3395	0.36702254
4279	0.36751464
4186	0.38675396
3137	0.35628895
2792	0.48098215
2879	0.42318452
2949	0.39344247
2925	0.43930054
4124	0.35148639
3443	0.40101641
4071	0.35711765
4134	0.38843472
4750	0.38318225
4875	0.37937437
3786	0.38292203
4659	0.33592160
4132	0.37654869
3055	0.36037841
3533	0.30842889
2216	0.38147188
4649	0.31299089
3362	0.33693783
4270	0.36167511
4871	0.33658557
4040	0.36281000
3602	0.40264456
3614	0.36964189
3482	0.32891173
3079	0.38938235
2938	0.33604304
4915	0.33875232
4410	0.35734754
4504	0.39195047
4218	0.35017955
4512	0.35777065
3428	0.37326131
4081	0.36258416
4827	0.41925149
4258	0.37430596
4698	0.35533782
3520	0.38671062
2961	0.43216602
3323	0.34611917
3578	0.42286346
3080	0.44017902
2987	0.37622516
4098	0.37318985
4444	0.39354912
3058	0.39200944
3562	0.38734559
3093	0.49691816
2301	0.48402764
4373	0.39583633
3854	0.41097819
3069	0.39985253
4348	0.36672564
2692	0.48408214
4158	0.37578582
4358	0.37402855
4357	0.34623284
2752	0.40482931
4709	0.35975414
3380	0.39101027
3731	0.42258368
4640	0.35796423
3681	0.46999624
4078	0.35636591
2962	0.38995999
2789	0.42499270
3656	0.44219225
4812	0.33746713
4475	0.38524869
3351	0.44824523
2188	0.34465496
2458	0.42465771
4018	0.49314903
2992	0.47990254
4173	0.41067791
3262	0.35269755
3851	0.38520787
2351	0.41457505
3891	0.36215782
3598	0.39674185
2339	0.40694790
3859	0.33506285
4401	0.35879796
4316	0.35266190
4542	0.36970681
4748	0.37025300
2832	0.39564201
2352	0.44113795
3186	0.40775495
2957	0.44401189
2186	0.42170646
4423	0.31086056
4789	0.34624440
3736	0.44035566
3183	0.45133802
3812	0.38844767
3179	0.36956316
3227	0.38984012
2935	0.39026356
3216	0.35100411
4370	0.36934766
4562	0.38495007
2020	0.48123427
3297	0.36498445
4301	0.41714015
3759	0.34512831
3837	0.34844876
2836	0.35550356
2288	0.34274843
2455	0.35710226
2209	0.40545383
4430	0.34516943
4612	0.31136581
3189	0.38246269
2967	0.38356444
3952	0.33726358
4031	0.41285809
2561	0.33407866
4250	0.40795222
2799	0.41440794
4374	0.36417576
4127	0.36079556
4433	0.33515592
3250	0.36473018
4815	0.32545843
4903	0.35705293
3584	0.40821592
4845	0.37053037
2657	0.49899513
4695	0.36407646
4570	0.36671847
3633	0.38471072
2940	0.38633002
4588	0.33968573
4928	0.32299649
3519	0.43495618
4510	0.35997456
4051	0.39111402
3332	0.33845090
4327	0.33922001
4381	0.39050492
3532	0.43600788
3024	0.34577418
3064	0.39512990
3643	0.41026681
4036	0.34740408
4529	0.32472703
4192	0.36047329
4468	0.35508757
4596	0.33859809
4315	0.35071961
4724	0.36124811
4445	0.34337114
3856	0.42477893
3503	0.31437243
4523	0.30543833
3848	0.43214285
4276	0.32384330
3599	0.36846103
3934	0.33371272
4829	0.35472433
3140	0.34712626
3463	0.34336975
4839	0.33380465
4069	0.31458242
3135	0.38658855
4447	0.32608090
4579	0.31411892
3184	0.33861745
3359	0.44103683
4774	0.33244320
4264	0.35084534
4807	0.36536957
4092	0.30762210
4245	0.32968601
3002	0.33953090
2989	0.36222370
3974	0.33924884
3496	0.34246501
4219	0.39042947
4493	0.33635041
4949	0.29176361
4887	0.31649159
4837	0.31251691
3967	0.41544310
3545	0.31996754
4017	0.32146264
4733	0.31166266
4816	0.33014547
3960	0.31858517
3129	0.38742501
4625	0.34137881
3549	0.35898294
3739	0.37805316
4495	0.33014815
3976	0.32507623
4047	0.38156634
4826	0.33483282
4697	0.31671045
4466	0.33538199
4784	0.33885094
4601	0.30983792
4097	0.31591852
4149	0.32069055
4937	0.32232527
4809	0.31336132
4356	0.28774276
4782	0.32407641
4918	0.33772458
4608	0.35935683
4022	0.34999652
4564	0.28678483
4384	0.31535142
4617	0.35820610
4011	0.33795663
3522	0.37793000
4795	0.29502716
4123	0.29326873
3241	0.38782017
4284	0.32680154
4587	0.32239315
4684	0.31208507
4226	0.37057535
4454	0.30936410
4633	0.31615360
4578	0.31634638
4178	0.35986392
4252	0.34950520
4325	0.30647360
