0	0.68992934
1	0.68837664
2	0.68989548
3	0.68995234
4	0.68965339
5	0.68999763
6	0.68976838
23	0.68976228
26	0.69002605
29	0.65184666
31	0.68958438
42	0.68494934
44	0.68596863
51	0.68499834
55	0.60663221
59	0.66801586
65	0.68845963
78	0.68983427
105	0.68286794
156	0.57575666
162	0.68960024
179	0.56430689
186	0.66937346
190	0.68645022
191	0.66734552
199	0.51199420
243	0.67820274
250	0.67170562
256	0.62350003
276	0.62420030
290	0.68956995
298	0.56506703
344	0.59395688
350	0.67937813
354	0.53048701
369	0.65412535
402	0.55140382
425	0.60770532
435	0.51903493
436	0.60087798
439	0.49146767
461	0.65909169
468	0.57180732
491	0.60289464
511	0.63882671
524	0.61302996
533	0.55199627
536	0.64234993
553	0.61210228
563	0.62577242
617	0.58591136
619	0.61328571
623	0.65450918
652	0.63953414
684	0.62330270
686	0.60983962
724	0.62967347
727	0.64193928
762	0.48118340
768	0.61661645
782	0.61965990
787	0.54449897
807	0.58307187
859	0.57020832
977	0.50089089
985	0.48411975
994	0.53501808
1006	0.57608917
1136	0.59794077
1169	0.48777224
1199	0.48013458
1204	0.65194606
1243	0.46816051
1264	0.49860821
1266	0.48536330
1312	0.64378505
1326	0.51207255
1327	0.53268194
1360	0.59139411
1368	0.50641275
1449	0.50193887
1463	0.59158965
1464	0.48920237
1490	0.42814830
1493	0.61399455
1502	0.48618020
1530	0.42984933
1622	0.56778654
1655	0.50853447
1680	0.53971096
1697	0.54753245
1727	0.54378841
1728	0.42089961
1743	0.47219984
1798	0.54643968
1821	0.46616691
1832	0.54469866
1959	0.49502832
1961	0.50040761
2005	0.54934993
2027	0.41954579
2046	0.51378243
2069	0.54905548
2096	0.44715125
2197	0.42863481
2218	0.45125991
2281	0.53309827
2290	0.53722801
2340	0.45342180
2386	0.42295093
2396	0.39739996
2443	0.44028306
2476	0.46543837
2492	0.44625757
2535	0.46102310
2600	0.54362873
2612	0.39187147
2644	0.48127075
2671	0.48489601
2700	0.50463789
2725	0.47779249
2764	0.43964023
2820	0.45432452
2832	0.43467647
2861	0.42032298
2917	0.42393600
2939	0.52405865
2987	0.37181037
3018	0.45386312
3103	0.44805553
3164	0.41543706
3178	0.44478316
3202	0.43723358
3248	0.39296639
3319	0.40586277
3359	0.44757091
3383	0.49442087
3404	0.39784290
3427	0.46319883
3523	0.44805031
3544	0.40894825
3558	0.45338478
3560	0.42245393
3575	0.51004368
3595	0.38958622
3605	0.39050860
3621	0.46122894
3651	0.41707847
3687	0.46748838
3704	0.43008564
3748	0.48948018
3774	0.42754136
3791	0.43459078
3821	0.43322314
3854	0.44877043
3860	0.41364490
3905	0.42788940
3971	0.46673210
3994	0.44449392
3995	0.37737626
4105	0.37197504
4125	0.43942321
4132	0.45670890
4176	0.40919097
4336	0.40943920
4509	0.36682986
4565	0.40580472
4596	0.33757356
4616	0.37227403
4684	0.40512777
4700	0.44924140
4704	0.44802544
4749	0.38612482
4860	0.40399208
4929	0.42918799
4948	0.39425754
13	0.69002126
80	0.63737654
116	0.63328054
147	0.66963438
198	0.58904879
614	0.62685122
672	0.51984534
750	0.56756577
774	0.63238698
880	0.56728215
1112	0.63961955
1308	0.56697778
1402	0.45921719
1590	0.53213539
1596	0.56644760
1883	0.43712830
2166	0.44626450
2351	0.46418456
2549	0.45841462
2667	0.51712197
3598	0.45271770
3694	0.41997294
7	0.68995653
8	0.68962059
10	0.68982709
16	0.68980288
18	0.54390965
28	0.68996071
37	0.68964328
47	0.68969377
88	0.68990798
90	0.68345030
97	0.68102275
115	0.66045794
129	0.68836708
139	0.67876987
149	0.63176672
161	0.63799987
204	0.66751889
227	0.64786277
229	0.62402988
281	0.62701876
306	0.61909103
309	0.66383813
319	0.62953823
335	0.64253092
339	0.55805669
358	0.62271336
367	0.60112906
412	0.56090168
431	0.55796664
472	0.64849430
473	0.48286037
477	0.67841845
516	0.62795153
591	0.48761781
598	0.48483052
693	0.57361970
712	0.65367349
735	0.60748136
758	0.47391091
781	0.50373906
790	0.61314227
799	0.65660871
827	0.61276447
943	0.55704751
973	0.62044894
1043	0.65794243
1056	0.47301379
1069	0.44077986
1075	0.62881070
1077	0.52841658
1094	0.44846717
1122	0.52485077
1125	0.47163473
1158	0.44467256
1198	0.57120781
1201	0.41529771
1202	0.61724274
1209	0.55186169
1255	0.53619155
1262	0.59983528
1357	0.58580674
1390	0.56097836
1421	0.53524634
1457	0.58207068
1561	0.47607883
1563	0.50505843
1737	0.51099723
1824	0.43729471
1891	0.56735283
1956	0.45413420
1986	0.44179847
2036	0.53310861
2056	0.50265120
2241	0.41458982
2260	0.48678039
2283	0.44895469
2332	0.53123159
2359	0.43247108
2392	0.39083052
2431	0.55495537
2622	0.49179264
2658	0.40885178
2802	0.39053530
2919	0.51732086
2921	0.41591530
2964	0.44355069
3002	0.50143976
3051	0.42796596
3286	0.43307265
3302	0.48057916
3430	0.51218020
3469	0.41830707
3613	0.42630134
3630	0.41019190
3715	0.43693068
3732	0.44295794
3750	0.43950073
3760	0.45108445
3828	0.45248558
4058	0.40894140
4071	0.40454226
4153	0.40417042
4295	0.41489268
4346	0.41761368
4367	0.41632792
4396	0.38528775
4412	0.45343915
4476	0.42037298
4617	0.39637624
4694	0.39587374
4713	0.42024955
4796	0.43273525
4857	0.37747367
11	0.68979983
14	0.68965539
20	0.68952527
21	0.68991103
39	0.68967014
50	0.68571109
57	0.68982215
58	0.68994311
87	0.68958536
93	0.68674889
94	0.68900936
98	0.68889828
102	0.68950996
108	0.66726528
112	0.68955177
148	0.67497884
154	0.68991903
189	0.68701770
196	0.61969697
212	0.58884963
244	0.62426082
299	0.59261075
300	0.67398969
326	0.60812278
328	0.64670880
404	0.67595186
433	0.66610778
482	0.67043164
488	0.44650701
507	0.47133491
595	0.47067301
606	0.62221891
622	0.56398631
649	0.65744987
685	0.65888257
754	0.62096333
847	0.59094866
855	0.59323293
991	0.58662452
1003	0.60465102
1018	0.58144462
1038	0.46928076
1048	0.44995199
1064	0.57391754
1120	0.55828288
1227	0.56873437
1279	0.48909913
1303	0.51294314
1310	0.47398391
1429	0.45074513
1437	0.53065642
1450	0.46151548
1453	0.49317034
1537	0.52745698
1587	0.55829357
1768	0.43991477
1811	0.49275502
1822	0.47357731
1906	0.55184547
1947	0.48498101
2045	0.50511388
2216	0.42456007
2225	0.50464409
2226	0.44296061
2261	0.44669324
2441	0.49607111
2457	0.50101203
2467	0.44419727
2508	0.48280472
2536	0.40633980
2609	0.39371475
2841	0.46114520
2859	0.41202842
2867	0.44974085
2879	0.41379337
2951	0.41515753
2980	0.53799168
3052	0.43571366
3075	0.44690460
3228	0.42263380
3447	0.47302418
3494	0.45296502
3754	0.41577446
3780	0.36695592
3867	0.43488960
3868	0.41882737
3874	0.40864010
3920	0.41883826
3943	0.40300108
3990	0.43783395
4045	0.37519003
4066	0.42381831
4101	0.50950802
4209	0.42146901
4296	0.45419137
4298	0.41817319
4374	0.44981993
4467	0.44121356
4481	0.39267417
4645	0.42474655
4688	0.43822393
4720	0.39370524
4752	0.40950320
9	0.68976876
12	0.68974463
22	0.68978452
25	0.68985203
30	0.62575671
45	0.67379675
61	0.68983904
73	0.68630006
95	0.68907056
96	0.68983793
117	0.67153288
127	0.65389318
130	0.68266797
142	0.68863067
203	0.53974604
208	0.68249728
228	0.67893504
242	0.66236617
261	0.68496026
272	0.68493799
284	0.62760944
295	0.57429199
303	0.65890534
357	0.64243166
416	0.56024095
451	0.64347251
489	0.58464822
492	0.61084343
500	0.60820151
554	0.53083470
555	0.62401059
564	0.58717246
572	0.63843403
610	0.45647196
618	0.50239371
620	0.63570824
627	0.44741462
664	0.49793272
695	0.57909398
706	0.49533410
738	0.63916399
770	0.66995804
821	0.54273732
823	0.48370516
861	0.53630656
898	0.41080923
913	0.61604418
952	0.53764139
968	0.57135674
1066	0.57045640
1193	0.45285468
1292	0.47876377
1376	0.48758861
1420	0.52167150
1424	0.59529882
1455	0.52993189
1477	0.44937540
1488	0.47594846
1534	0.56313052
1585	0.51138665
1644	0.53816020
1696	0.43365196
1794	0.53330873
1836	0.57855255
1866	0.56756476
1881	0.45258062
2061	0.42304471
2158	0.41860788
2199	0.42964752
2254	0.47498648
2271	0.51508100
2324	0.42104136
2375	0.41721553
2383	0.52597433
2395	0.54173850
2407	0.40179045
2419	0.55027396
2488	0.48980374
2523	0.51928664
2683	0.47571616
2751	0.44498739
2781	0.48316267
2831	0.42426795
2850	0.45656541
2916	0.44534159
3069	0.43854907
3080	0.44677678
3167	0.42157230
3251	0.48520607
3398	0.44976722
3501	0.43365080
3585	0.45849957
3662	0.45210647
3691	0.41416812
3695	0.43577968
3768	0.45049753
3844	0.43275681
3883	0.45325166
3937	0.43826831
3954	0.50132699
4088	0.40753967
4221	0.40660137
4225	0.45554491
4243	0.47089532
4316	0.42336547
4497	0.48413826
4597	0.38258029
4634	0.43466068
4687	0.38495632
4775	0.44923071
4794	0.41716991
4877	0.42891063
15	0.69009229
24	0.68984350
27	0.68986007
38	0.68988309
48	0.68528402
79	0.68607953
100	0.64626546
107	0.68677996
111	0.68118827
113	0.68972461
125	0.68988438
155	0.68548389
195	0.68902575
213	0.54476034
239	0.68873714
368	0.57225946
372	0.58309585
405	0.68497811
417	0.66737767
486	0.58537376
523	0.49352565
551	0.60085647
561	0.53573878
636	0.67373515
717	0.51608904
755	0.48538889
854	0.52246260
892	0.61377285
1023	0.57302630
1063	0.56202048
1177	0.59634502
1183	0.62123585
1213	0.51606486
1223	0.46071805
1237	0.48240173
1241	0.55896225
1440	0.51912926
1565	0.53088325
1682	0.43920315
1715	0.55353573
1736	0.51634837
1809	0.47595680
2211	0.50389888
2305	0.46881962
2337	0.42758728
2517	0.39088115
2657	0.45006019
2663	0.51095776
2761	0.39204148
2871	0.49562883
2918	0.41592195
2983	0.51800857
3222	0.40773136
3287	0.43300527
3583	0.47294866
3610	0.47250890
3643	0.46635296
3701	0.42038494
3755	0.46046497
3924	0.47486005
3953	0.44958917
4025	0.40184280
4129	0.43038241
4448	0.41167553
4489	0.40894127
4658	0.40460125
4839	0.41860304
4849	0.39694931
17	0.68983781
34	0.68670403
36	0.67783188
63	0.68554284
67	0.68616283
72	0.68978182
76	0.68096119
92	0.68953871
132	0.67906660
137	0.68984300
165	0.68549039
188	0.66409653
192	0.65220121
218	0.51939132
225	0.67909181
238	0.67883927
273	0.68066797
283	0.63656635
310	0.66867465
318	0.60063191
323	0.63457815
356	0.59192397
366	0.67880106
370	0.62092147
401	0.57175701
403	0.64834267
420	0.49558987
426	0.68503016
506	0.48402988
528	0.67137359
540	0.67053820
542	0.64357386
567	0.63178755
594	0.57555381
663	0.54612924
683	0.66837757
710	0.65386249
748	0.59236749
833	0.51035584
849	0.61381042
872	0.48802776
942	0.55166444
958	0.58041696
964	0.50581226
990	0.47958758
1027	0.48841880
1154	0.51287994
1182	0.45448492
1218	0.60192523
1228	0.55956753
1239	0.48957376
1249	0.41420383
1252	0.55053079
1285	0.59995115
1380	0.63109028
1470	0.49775028
1494	0.46815932
1510	0.52116628
1577	0.47900908
1632	0.57398689
1648	0.54871422
1659	0.48315743
1673	0.44114976
1721	0.55413282
1723	0.46160001
1730	0.48138925
1799	0.57018270
1828	0.45042289
1831	0.43948106
1847	0.52903760
1848	0.53986857
1870	0.54272385
1941	0.51985911
1942	0.42179221
1945	0.45201271
1988	0.51260591
2076	0.47229403
2089	0.47820433
2118	0.50940993
2223	0.51740292
2247	0.52170148
2432	0.49858753
2460	0.40402847
2509	0.50172405
2566	0.45521714
2707	0.42257159
2760	0.52096815
2809	0.49381786
2892	0.44169404
2914	0.51813700
2965	0.48370872
3207	0.45049405
3220	0.45287091
3239	0.47019472
3281	0.41311411
3284	0.41929572
3373	0.42365491
3439	0.38479118
3509	0.44206950
3513	0.44013294
3767	0.48300126
3973	0.39832028
3989	0.44153997
4128	0.38844959
4159	0.50742528
4203	0.39811726
4235	0.45056889
4239	0.43436600
4251	0.42579254
4349	0.41679436
4420	0.41928823
4449	0.41585856
4514	0.42903324
4540	0.38401589
4548	0.43051753
4670	0.39966996
4674	0.40863660
4844	0.41587765
4941	0.42149465
19	0.68966696
32	0.68983975
35	0.68652534
40	0.68971424
53	0.68916038
69	0.68067838
74	0.68913589
82	0.67587054
86	0.67177340
124	0.61127681
134	0.64687152
178	0.67478891
240	0.44323855
252	0.62665312
266	0.66295567
291	0.63126210
297	0.46826793
316	0.63101082
321	0.60227444
324	0.62019488
329	0.66852673
352	0.60756042
360	0.58694485
380	0.68512409
381	0.67988852
389	0.61113791
396	0.65390259
430	0.64031178
465	0.61920443
466	0.59439691
470	0.56778253
480	0.63857893
499	0.54864432
512	0.59344286
513	0.66485440
518	0.59486443
531	0.50559663
579	0.64997761
588	0.62503482
643	0.47929930
651	0.66702401
682	0.65371175
699	0.58244278
721	0.65900053
747	0.57472400
809	0.60073711
862	0.61747645
871	0.49737107
882	0.53491421
886	0.59157883
901	0.51385089
1033	0.65639149
1143	0.63159184
1150	0.56907550
1159	0.57060916
1200	0.56894543
1257	0.59884492
1260	0.44450565
1306	0.48829299
1314	0.48786731
1325	0.43227358
1366	0.53781506
1372	0.49732320
1476	0.50822594
1528	0.54556672
1532	0.42684476
1560	0.46720501
1566	0.55883758
1642	0.46867755
1654	0.41909842
1740	0.52843035
1852	0.50144947
1877	0.55601084
1899	0.41935031
1908	0.55228271
1930	0.51244230
1932	0.54509529
1963	0.55052993
1970	0.49556882
1973	0.49958695
1976	0.45247095
2009	0.46880898
2050	0.46659774
2129	0.51270698
2131	0.50949950
2188	0.53148505
2189	0.51751720
2258	0.53096177
2294	0.38900008
2331	0.43092619
2532	0.45235694
2558	0.44068981
2570	0.43576712
2574	0.45396661
2634	0.44545163
2706	0.39438463
2727	0.46178334
2844	0.44404342
2883	0.44525759
2923	0.41193920
2991	0.44863552
3015	0.48831519
3042	0.42510518
3060	0.45277512
3062	0.46896301
3093	0.43990324
3095	0.41920832
3138	0.48270436
3152	0.51509751
3272	0.41581138
3318	0.38918038
3434	0.42837719
3517	0.48892327
3533	0.39837354
3535	0.45068618
3654	0.40638090
3674	0.42161633
3737	0.41704847
3746	0.44276210
3961	0.45076667
3996	0.41207921
4014	0.42209827
4042	0.49231042
4170	0.47572922
4172	0.40793724
4191	0.44288347
4258	0.46767014
4330	0.39594906
4345	0.41319367
4461	0.43679506
4512	0.37797854
4528	0.41028087
4574	0.41099912
4653	0.36594704
4728	0.39655760
4733	0.41872092
4765	0.44881178
4894	0.41129370
41	0.68508362
131	0.68535664
146	0.66768638
289	0.64085957
330	0.55329375
411	0.60753092
478	0.56603447
666	0.59179229
723	0.59549642
978	0.50570529
1019	0.44709882
1362	0.55154045
1637	0.49859640
2073	0.43394815
2289	0.43578899
2348	0.51352723
2599	0.43130243
2681	0.44145827
2750	0.52409222
2877	0.45340526
2933	0.47536277
3498	0.41917690
3947	0.37438388
4230	0.41512023
4445	0.40341053
4559	0.44321081
138	0.68655031
150	0.64842213
271	0.61479796
313	0.66910344
331	0.63049581
359	0.67834164
418	0.58577196
455	0.54392576
722	0.49099513
829	0.60392279
966	0.58147277
1128	0.42529761
1145	0.47494710
1171	0.52942843
1214	0.42672087
1238	0.58808886
1323	0.45693247
1337	0.62746800
1526	0.43161204
1584	0.50204264
1647	0.56730245
1662	0.51201258
1677	0.44499987
1880	0.48079869
1934	0.40451566
2007	0.48532068
2013	0.52896376
2362	0.43555928
2468	0.53208902
2652	0.52967697
2793	0.46443590
2870	0.45416013
2942	0.37936736
3027	0.45804413
3031	0.37367079
3101	0.43574950
3151	0.39940178
3238	0.44645698
3456	0.42266830
3527	0.48501513
3722	0.38914777
3792	0.44165710
4521	0.47529839
4756	0.39628709
4824	0.41263662
4841	0.42505021
66	0.68814220
77	0.64470340
237	0.68667059
325	0.67142770
550	0.58800991
607	0.57509126
626	0.65540791
766	0.44295196
786	0.65549955
851	0.62408256
1126	0.62558803
1232	0.56282525
1256	0.58857333
1299	0.52955134
1341	0.43518943
1347	0.45196281
1413	0.42925315
1634	0.55974196
1638	0.51887432
2041	0.50313489
2126	0.44010505
2137	0.45600401
2610	0.44394425
2830	0.47660533
3083	0.41535626
3176	0.41261108
3381	0.47849778
3500	0.43209449
3580	0.50009368
3794	0.47986552
3810	0.44807595
33	0.66824130
49	0.68834577
163	0.63004133
233	0.68331342
241	0.57651359
259	0.68608095
279	0.68819508
338	0.67744543
343	0.57343191
346	0.64839654
364	0.58214759
385	0.67713130
399	0.67534245
400	0.59571210
422	0.59238019
447	0.44929985
508	0.67764911
632	0.57558057
763	0.66944122
789	0.57360614
796	0.45086285
824	0.61457474
921	0.52902358
934	0.64505492
993	0.53625550
1000	0.61009245
1036	0.50280260
1058	0.47682116
1167	0.49349014
1302	0.49392876
1313	0.42067952
1407	0.60106748
1465	0.55698391
1557	0.48975971
1579	0.47671505
1580	0.38853828
1645	0.57949665
1672	0.43603603
1718	0.53127189
1741	0.59788093
1744	0.53904009
1751	0.47276871
1860	0.43237482
1865	0.53560732
1896	0.43844432
2043	0.45785490
2447	0.49113988
2456	0.38444513
2631	0.45507300
2680	0.42397978
2786	0.46230593
2860	0.40652688
2938	0.44301788
3177	0.49712770
3244	0.42543035
3273	0.44906851
3316	0.42735276
3332	0.41970408
3406	0.45699478
3420	0.47995168
3445	0.42647292
3505	0.43229257
3547	0.37567158
3554	0.44881158
3756	0.39944135
3771	0.44427587
3786	0.44693872
3901	0.40557363
4003	0.40494790
4011	0.42880487
4227	0.42371629
4433	0.37515864
4526	0.39489192
4644	0.43585657
4655	0.39136327
4770	0.40262548
4812	0.41576117
4886	0.38520980
4918	0.43938970
4939	0.42244263
85	0.68970239
91	0.68986708
104	0.68635316
120	0.67921780
145	0.62143930
210	0.50766764
215	0.55717304
222	0.64345574
234	0.64045486
246	0.61357288
248	0.67837679
314	0.58252499
419	0.61531155
444	0.62587424
462	0.61516204
503	0.66020590
504	0.44520731
616	0.50733599
625	0.52540022
634	0.62907109
681	0.61821134
715	0.52398305
725	0.44415761
732	0.66474604
741	0.48610326
803	0.58329294
828	0.50020499
841	0.63979030
865	0.54340027
874	0.58406463
897	0.51887503
910	0.41228982
940	0.64622602
1049	0.55197609
1062	0.58866025
1140	0.48770421
1212	0.49593618
1258	0.53772408
1261	0.41919480
1369	0.53898966
1375	0.46621692
1382	0.55339590
1386	0.50804882
1427	0.46950076
1481	0.58434517
1507	0.49758738
1536	0.49241810
1540	0.44717513
1588	0.50056145
1636	0.55986025
1658	0.46805250
1687	0.57292470
1739	0.59032227
1773	0.50836471
1786	0.47552138
1902	0.55351319
1909	0.53280122
1910	0.57128846
1924	0.47510904
2003	0.49831766
2040	0.40024539
2075	0.46616815
2092	0.48511375
2152	0.47584484
2263	0.48369483
2317	0.42555043
2341	0.48731887
2385	0.49493655
2422	0.42614013
2506	0.44828069
2537	0.48598091
2539	0.45008264
2630	0.47211991
2651	0.40596825
2777	0.46272975
2789	0.45903266
3025	0.41444387
3077	0.48029178
3160	0.49312376
3196	0.46946273
3321	0.44977670
3360	0.42268302
3448	0.48215087
3486	0.46800933
3543	0.45635460
3546	0.53333193
3603	0.42357847
3647	0.42348258
3717	0.42473497
3735	0.41462682
3813	0.41803346
3871	0.44825630
3970	0.42121727
3988	0.39723091
4002	0.46133143
4020	0.44443249
4089	0.37312775
4217	0.43524402
4277	0.41815052
4281	0.43545136
4456	0.38730903
4722	0.40403157
4754	0.44350928
4781	0.44856541
4814	0.43149821
4835	0.38990239
4911	0.41463652
54	0.67424402
84	0.67333788
99	0.68776430
101	0.68209489
136	0.67440032
143	0.66711933
152	0.68226468
160	0.65966323
169	0.68121795
176	0.68621828
362	0.56016429
577	0.66757426
603	0.52571217
630	0.64093320
850	0.56993562
860	0.62363014
877	0.49121931
948	0.53644624
963	0.52013622
981	0.56022904
1035	0.51117629
1096	0.43447665
1102	0.49527794
1297	0.50622539
1345	0.52116784
1350	0.42966043
1412	0.51446603
1418	0.45691661
1731	0.53934668
1754	0.52883195
1764	0.44662873
1784	0.49099314
1857	0.55434610
1957	0.44227723
1981	0.47742579
1991	0.53533770
2053	0.55724945
2064	0.48013418
2094	0.47192314
2212	0.55079842
2224	0.42121217
2272	0.47467054
2308	0.53796233
2393	0.48256302
2414	0.43929514
2437	0.44729108
2863	0.44962735
3021	0.40489293
3104	0.45781188
3265	0.44097637
3293	0.50745955
3409	0.43560664
3556	0.45097024
3565	0.44858168
3759	0.40529105
3812	0.43698411
3831	0.38984529
3967	0.41580724
4179	0.43451795
4196	0.38286350
4273	0.48226775
4285	0.41540397
4444	0.44587374
4508	0.38362364
4567	0.42694404
4604	0.37435710
4606	0.41403450
4729	0.41621727
4867	0.41633654
46	0.68983475
60	0.68985329
62	0.68995880
75	0.69000477
181	0.66179120
205	0.68920794
209	0.68902880
216	0.53731287
347	0.61517382
378	0.67129236
413	0.58592034
495	0.67224533
637	0.61574468
638	0.46758064
737	0.60217443
742	0.61157447
752	0.56168966
814	0.58635644
975	0.47486643
1060	0.50340193
1134	0.50301458
1220	0.48860009
1246	0.44716540
1501	0.53883327
1529	0.60445668
1594	0.60063395
1651	0.49503392
1691	0.48189986
1757	0.51781589
1820	0.46994336
1972	0.57371303
2208	0.43536880
2403	0.50488244
2425	0.39405558
2545	0.46241641
2582	0.57437132
2589	0.41013466
2742	0.46108864
2822	0.47842990
2957	0.39679761
3074	0.49158180
3229	0.40974695
3266	0.40688670
3393	0.37775678
3444	0.42824571
3492	0.48854683
3834	0.40301122
3836	0.47983841
3873	0.44633236
4206	0.44751995
4263	0.37181375
4294	0.38036867
56	0.61628697
70	0.68514686
141	0.63342818
170	0.62485430
185	0.68625585
274	0.44658085
288	0.52214406
348	0.57826142
355	0.53497029
421	0.66507101
474	0.67993242
521	0.64304665
541	0.48610816
583	0.47028029
648	0.53105553
775	0.56746485
869	0.48373258
878	0.51557517
903	0.59154047
945	0.48667327
965	0.58660104
976	0.60667546
1046	0.52990945
1053	0.52226866
1197	0.52444604
1226	0.51219533
1319	0.48322425
1352	0.44725996
1425	0.50096878
1569	0.48633929
1619	0.49412762
1664	0.55934817
1706	0.59823497
1830	0.54421611
1875	0.39151987
1914	0.47040592
1935	0.40212818
2017	0.45489477
2022	0.43657623
2085	0.48173071
2326	0.44345448
2345	0.44100994
2402	0.43989419
2480	0.54796495
2788	0.42208702
2998	0.49547251
3000	0.39650605
3006	0.49748154
3007	0.46908705
3092	0.43745110
3338	0.42026846
3407	0.45842571
3484	0.41719124
3594	0.42712056
3642	0.42788125
3656	0.42745527
3689	0.42220214
3773	0.36823777
4137	0.44637044
4173	0.44355742
4194	0.42764825
4472	0.41772163
4503	0.38986247
4594	0.44769513
4640	0.44349773
4647	0.43249987
4865	0.43067780
43	0.68992798
52	0.68347128
118	0.68851843
122	0.66037255
135	0.66659986
177	0.64393660
206	0.60941477
280	0.62638826
304	0.48854183
317	0.56078203
487	0.51266921
514	0.55277317
527	0.59164147
587	0.60108798
589	0.57630356
739	0.52090922
806	0.56646676
1074	0.56935720
1104	0.49910793
1116	0.44396248
1129	0.56141146
1250	0.43721233
1571	0.49138309
1593	0.53464785
1722	0.51056246
1763	0.42744019
1772	0.44898164
1804	0.53870991
1901	0.43822357
2079	0.56593928
2240	0.51640259
2280	0.41346601
2376	0.48551869
2434	0.48106249
2546	0.44734214
2685	0.43456289
2920	0.38478268
3124	0.43754539
3219	0.41454937
3289	0.45887366
3333	0.45009532
3356	0.45597034
3516	0.50012230
3562	0.43027928
3665	0.41601826
3803	0.44461388
4098	0.35537674
4278	0.41875131
4318	0.42029703
4425	0.39601949
4478	0.42112271
4607	0.37009983
4741	0.42939081
4766	0.37886085
4921	0.38153493
167	0.66544243
174	0.62188057
197	0.68978409
202	0.67947259
260	0.66319420
262	0.55887793
517	0.53772100
837	0.50769475
1156	0.53046689
1265	0.48476036
1321	0.48142642
1398	0.48945065
1399	0.60629471
1853	0.54326697
2008	0.59539923
2081	0.44550383
2099	0.43419636
2169	0.49515743
2293	0.47126253
2336	0.44969717
2578	0.46247022
2601	0.48191905
2782	0.48706062
2836	0.44197940
2887	0.46985004
2958	0.51433644
3073	0.40265612
3084	0.45406980
3190	0.49058680
3387	0.45746142
3652	0.41983972
3690	0.41122244
3902	0.42363504
3919	0.42234618
4364	0.41261131
4649	0.38883717
4738	0.41643865
1409	0.49700403
1657	0.55590670
254	0.68874133
268	0.68340571
277	0.61892246
334	0.66517412
342	0.64034628
544	0.54543804
558	0.62742488
674	0.45211431
834	0.52228356
856	0.56785175
1030	0.51874213
1168	0.54175343
1711	0.54762571
2060	0.43092195
2071	0.46659257
2167	0.46018363
2334	0.42752300
2401	0.41288367
2567	0.39796755
3141	0.46295534
3418	0.39590193
4146	0.40207847
4803	0.43394929
4904	0.43075646
68	0.68134769
83	0.66969409
157	0.65774185
341	0.68154186
379	0.66333168
463	0.68145912
597	0.57858470
777	0.59545703
1943	0.54974720
2084	0.47482681
3107	0.42993602
3140	0.38782315
3806	0.39512200
4390	0.36519528
4569	0.37082462
153	0.64952628
337	0.59314656
353	0.61157290
373	0.65942450
415	0.52504912
650	0.53479312
708	0.53632489
801	0.62649995
835	0.46137308
866	0.65558493
870	0.45254236
941	0.47732373
1236	0.41968340
1286	0.51987031
1392	0.48851452
1430	0.55887323
1454	0.54970648
1504	0.42543761
1568	0.45261897
1671	0.52940680
1689	0.55929864
1712	0.54591310
1753	0.43484736
1810	0.40759613
1996	0.42168204
2156	0.45555782
2230	0.44242385
2246	0.44312318
2266	0.38925643
2310	0.43252121
2847	0.43040559
3032	0.38659060
3182	0.48118645
3522	0.43982106
3699	0.42905931
3804	0.43201147
3808	0.42296485
4117	0.42075330
4224	0.41460014
4556	0.37887339
4686	0.43914485
4889	0.41245902
64	0.60179612
103	0.68981140
166	0.66742440
184	0.66093449
220	0.67806627
221	0.66938655
255	0.56475381
287	0.59336789
410	0.62815216
525	0.55677855
560	0.47565506
744	0.56290975
798	0.46031652
867	0.64850066
1173	0.59915955
1235	0.55247882
1478	0.57750391
1628	0.46242190
1885	0.57199685
1907	0.41269019
2180	0.47411605
2449	0.47024223
2458	0.47043492
2493	0.51032111
2521	0.43811032
2581	0.37244336
2643	0.42812321
2682	0.52204267
2736	0.44152625
2994	0.48920035
3071	0.42876795
3128	0.52916351
3200	0.42730096
3277	0.40867319
3412	0.41821001
3549	0.40592102
3958	0.44745327
3993	0.43460886
4133	0.43161141
4233	0.44227945
4253	0.44553412
4370	0.38666817
4760	0.39772040
4876	0.44961479
71	0.68267031
89	0.68212308
128	0.68849458
164	0.68751331
265	0.68912339
363	0.58874148
407	0.51409113
446	0.51302665
471	0.66112089
534	0.60124851
559	0.52227534
580	0.61815012
628	0.54929337
645	0.67096137
703	0.48080876
753	0.53999624
767	0.48195433
826	0.60843802
933	0.51771104
1187	0.52176826
1242	0.60747816
1491	0.58124584
1527	0.51405341
1545	0.51918590
1601	0.47739091
1889	0.48591620
1923	0.57057663
1936	0.55497468
2038	0.41785258
2049	0.44088438
2149	0.47212283
2154	0.48933508
2205	0.48362888
2244	0.43437699
2299	0.52086587
2463	0.44545080
2490	0.48215392
2741	0.48310150
2902	0.45627771
2989	0.42685276
3076	0.39272627
3079	0.43446386
3088	0.49815791
3126	0.46289469
3334	0.41960573
3579	0.34606201
3622	0.41891545
3641	0.49431463
3740	0.42923341
3752	0.39650784
3829	0.41381398
3847	0.39976099
3855	0.37241893
3872	0.41580270
3906	0.40906458
4199	0.40699811
4215	0.42835399
4232	0.43122935
4309	0.41646260
4378	0.41840849
4698	0.43893338
110	0.68670615
140	0.55480888
230	0.68107969
253	0.50971918
448	0.58795675
493	0.45436431
679	0.54900651
757	0.52388980
838	0.62679700
911	0.57351046
1084	0.49425227
1273	0.48835901
1295	0.56261688
1567	0.44578162
1599	0.45525482
1950	0.37208604
1982	0.51954927
1995	0.43464590
2929	0.47754953
3012	0.44477499
3106	0.40839192
3632	0.37800981
3668	0.44084509
3681	0.43554403
4589	0.41855384
4817	0.39402653
258	0.68888448
375	0.67417203
459	0.58476606
530	0.59624561
548	0.66326140
565	0.56467410
656	0.56566035
736	0.53645012
846	0.54803024
884	0.44371666
915	0.51736216
997	0.65616671
1095	0.58455255
1160	0.62664232
1176	0.42902146
1414	0.48744841
1503	0.49623545
1518	0.50628369
1775	0.41603165
2130	0.54035188
2834	0.45027335
3189	0.49971747
3349	0.45334827
3392	0.46155346
3436	0.45771031
3551	0.48159731
4092	0.44590261
4198	0.45218701
4465	0.49628185
4535	0.42131342
4675	0.40847579
4888	0.42289139
81	0.66221911
172	0.60173979
294	0.60648280
395	0.67075623
424	0.68509608
457	0.67230409
485	0.50969498
545	0.57394230
556	0.67706577
562	0.58142072
576	0.56447910
769	0.54447544
863	0.56533919
923	0.57967089
936	0.54894921
1083	0.47257018
1379	0.54581773
1401	0.52883594
1408	0.48233387
1551	0.54883526
1606	0.50016348
1614	0.47074682
1745	0.43517001
1876	0.51440102
2052	0.56352938
2139	0.53954995
2147	0.45525873
2474	0.51913872
2515	0.44242773
2604	0.43811713
2805	0.43140957
3193	0.39130739
3230	0.50832426
3280	0.45251992
3285	0.43010420
3294	0.55113264
3342	0.44427393
3442	0.45293678
3536	0.48765375
3711	0.40963292
3726	0.47765942
3807	0.42257439
3936	0.42203576
3992	0.44688680
4028	0.37926715
4046	0.43417339
4084	0.44235642
4189	0.42847539
4385	0.41001145
4460	0.44710591
4808	0.42286923
119	0.66561080
231	0.68395237
247	0.67609663
409	0.58847857
510	0.60776874
719	0.50076697
779	0.64332114
805	0.54802038
858	0.59949728
1105	0.62389565
1109	0.45149839
1184	0.47507399
1195	0.56167142
1234	0.42781607
1309	0.50305956
1377	0.49110846
1383	0.42227640
1422	0.55559020
1582	0.44359714
1806	0.42415551
1815	0.42089091
1911	0.50664056
2175	0.56023038
2524	0.40934582
3194	0.53230734
3247	0.44670479
3269	0.41367437
3465	0.40731171
3467	0.38012742
3707	0.47294926
3915	0.40716666
4019	0.44881978
4110	0.38699185
4136	0.43549231
4210	0.44459320
4323	0.37319881
4537	0.40473094
4578	0.38917548
4654	0.40433919
106	0.68936461
109	0.64697685
226	0.61778031
320	0.67319324
605	0.47681693
613	0.57916487
633	0.66353331
891	0.63778225
1161	0.44636701
1444	0.49427502
1468	0.54120418
1844	0.46389886
2091	0.41381478
2174	0.51201115
2304	0.44159857
2366	0.46102224
2382	0.44369977
2400	0.41874168
2484	0.51782916
2726	0.51586653
2876	0.38710727
3043	0.42708203
3102	0.41498537
3226	0.41920650
3636	0.43396407
3888	0.42704673
4072	0.41037982
4563	0.38489717
4772	0.41367306
604	0.60998948
839	0.47631579
1263	0.42941668
1531	0.52872657
3081	0.42998409
151	0.67781793
568	0.67916235
3785	0.39057510
4148	0.35006531
133	0.68523704
351	0.67702534
662	0.52859862
817	0.64324155
1305	0.52908130
1428	0.50241270
1505	0.48584915
1703	0.45299097
1717	0.54539053
1913	0.51162795
1917	0.53791636
1918	0.58388640
2442	0.45033107
2556	0.52680167
2678	0.45024254
2696	0.47835019
2701	0.47510904
2865	0.50655976
3157	0.46964313
3199	0.44658085
3574	0.52447773
3899	0.48757825
4152	0.43004494
4388	0.40979990
4662	0.36485097
4827	0.47420194
171	0.67539384
200	0.68027514
269	0.66191209
539	0.61899125
680	0.67782159
688	0.44937727
783	0.68052388
1022	0.59793550
1290	0.47006771
1554	0.60058256
1834	0.55476170
1927	0.49203833
2136	0.46250345
2155	0.54406514
2161	0.58306037
2170	0.45422292
2664	0.45176684
3650	0.45899064
3734	0.42558367
3932	0.42152010
4118	0.39351584
4358	0.44960021
4712	0.38346255
4764	0.42505197
4823	0.42318532
1012	0.60424486
1823	0.43830679
2668	0.54963637
2808	0.44262359
3232	0.43492460
3253	0.44757378
4095	0.47393799
4602	0.40467906
692	0.55933309
1007	0.47343199
1328	0.62647365
1549	0.55633460
1849	0.40308478
2047	0.46583506
2160	0.44344543
2616	0.46547070
2971	0.43569314
4437	0.40677005
144	0.68991464
173	0.65924816
308	0.67164976
423	0.66718428
937	0.56425055
1411	0.51143875
1704	0.43682162
1817	0.52120819
1920	0.45468787
2128	0.54651632
2479	0.42045226
2522	0.43309789
4706	0.42003089
4745	0.41369536
691	0.55009567
1029	0.48017334
1597	0.42914132
1893	0.51542654
2044	0.47768711
3611	0.50641802
4382	0.41290803
201	0.68940246
475	0.48185760
476	0.66375018
900	0.52159257
1020	0.58849274
1293	0.43906428
1436	0.43578271
1652	0.47305283
1709	0.55056120
2138	0.49304128
2301	0.49707769
2360	0.47714063
2423	0.45470837
2450	0.50919730
2514	0.40900709
2575	0.43127136
2856	0.41791492
2928	0.46154307
3170	0.43040186
3179	0.44112477
3329	0.40842707
3859	0.44439162
3894	0.42030248
3928	0.40735765
3979	0.43558992
4104	0.43292687
4150	0.39702822
4304	0.43699912
4545	0.42739101
4757	0.40172604
4882	0.40452686
293	0.63985967
391	0.52643469
593	0.45439727
629	0.63000325
745	0.54516527
1024	0.56564500
1057	0.65852676
1111	0.58984398
1172	0.58765839
1277	0.46829678
1405	0.48721442
1480	0.43321170
1994	0.47839979
2315	0.42505762
2379	0.47259855
2394	0.52737843
2519	0.55669296
2932	0.42847582
3224	0.39348300
3850	0.45920466
4300	0.43072514
4500	0.41150184
4547	0.42157109
4642	0.40295519
4696	0.38881095
219	0.67719611
251	0.68847637
427	0.54377842
573	0.51330348
584	0.63612919
668	0.58611338
778	0.43480976
873	0.53803571
904	0.63664129
917	0.62365781
1005	0.46219440
1061	0.46651468
1065	0.43713141
1067	0.50519760
1335	0.57613577
1387	0.43392841
1485	0.54505540
1489	0.60350530
1514	0.43868814
1562	0.62151871
1586	0.58446752
1605	0.54779806
1688	0.57849718
1944	0.47563002
2090	0.41995146
2594	0.50036552
2614	0.41061678
3009	0.44968812
3087	0.40975212
4097	0.43249196
4287	0.36598575
4322	0.42884439
4327	0.39879075
4401	0.42334497
4446	0.41909988
4811	0.35755593
4845	0.41306229
158	0.44849400
159	0.68868789
194	0.64510051
311	0.65664169
315	0.65664376
333	0.65967564
387	0.57003268
437	0.65521767
443	0.49221142
546	0.57189976
635	0.60552106
1131	0.52974677
1365	0.61914026
1627	0.53670295
2000	0.46257704
2144	0.41976619
2233	0.49358095
2746	0.49604995
2755	0.42850494
3099	0.43438045
3127	0.38763221
3205	0.46303931
3257	0.45650426
3552	0.39139936
3586	0.47242100
3880	0.41454708
4107	0.39878636
4192	0.37641194
4326	0.41711738
4340	0.37431503
4855	0.38453957
278	0.64472024
894	0.57787578
946	0.44574879
1624	0.53103220
1679	0.57715181
3275	0.50832537
4001	0.39102242
4795	0.44526089
2034	0.50238458
2333	0.42278230
2654	0.48431004
3781	0.39931324
263	0.67830288
394	0.61174594
434	0.68763297
804	0.50349866
953	0.48212568
983	0.54981698
1354	0.59338425
1666	0.56739981
1999	0.42253152
2125	0.43388204
2186	0.50815259
2487	0.49327875
2555	0.47164472
2587	0.47343769
2970	0.50073225
2988	0.44189237
3091	0.43471745
3201	0.43692316
3658	0.46055381
3775	0.47042768
3822	0.42506884
3864	0.43826811
4023	0.45456077
4270	0.42141847
4337	0.43781778
4413	0.37684819
4629	0.38031723
4935	0.42556738
336	0.65526773
377	0.63202678
718	0.67497206
1042	0.63735072
1100	0.43728651
1311	0.44867031
1905	0.43170022
2114	0.40076092
2510	0.44777966
2585	0.51423812
2602	0.54615952
3354	0.40877396
4255	0.36442521
4451	0.43094024
532	0.58066434
1752	0.51613652
1926	0.49858987
2825	0.43417574
4342	0.43440155
581	0.61739071
661	0.54349022
1073	0.46597718
1106	0.55039860
1240	0.47823676
1332	0.45405333
1371	0.59688496
1780	0.53433997
1983	0.47609787
2029	0.46472355
2648	0.43780679
2857	0.49276957
3057	0.42288380
3113	0.50803387
3260	0.43248573
3802	0.51236733
3833	0.47246270
4167	0.42914109
4862	0.37481967
211	0.66036822
501	0.61754446
574	0.55019909
711	0.65702484
1010	0.52337412
1047	0.49333206
1089	0.57481889
1404	0.50279206
1555	0.41126251
1600	0.56269475
1813	0.41262190
1888	0.42608821
2106	0.45274755
2157	0.44016136
2571	0.48858160
2754	0.46843620
2922	0.42492627
2930	0.41544833
2997	0.43855754
3016	0.45163811
3061	0.41771883
3292	0.47034613
3487	0.42729042
4144	0.36915375
4290	0.37823769
4750	0.42928046
4826	0.45336900
4881	0.38913521
429	0.64709479
469	0.58592291
780	0.54461592
840	0.56196175
1119	0.57451412
1833	0.59068817
1921	0.47525514
2033	0.56322776
2790	0.51544425
3402	0.47312679
4360	0.41967987
114	0.67254423
327	0.61674037
654	0.63834603
1761	0.48460268
1776	0.51421265
2103	0.41957081
2141	0.48941045
2538	0.57209534
2739	0.43374657
4383	0.40106120
483	0.58656443
658	0.49798600
1144	0.51100951
1224	0.56285775
1777	0.54369452
1796	0.49982429
1871	0.56690697
2936	0.43826294
3529	0.46871449
4074	0.41629968
4301	0.45377431
4737	0.42304640
4933	0.42832666
1118	0.53401029
1317	0.52469399
1374	0.44890415
1385	0.56268537
1434	0.49062465
1755	0.53329206
2534	0.44627786
2586	0.41939558
3324	0.43474049
3534	0.41648164
3866	0.40744034
3991	0.40228097
168	0.67949481
285	0.59995955
340	0.43495040
590	0.44000625
776	0.63430956
1011	0.44680401
1320	0.55039538
2123	0.51980023
2590	0.44688577
3684	0.45766134
4391	0.35906693
121	0.60441204
720	0.56945297
733	0.43562298
1259	0.60344039
1678	0.45479776
2112	0.47638239
2181	0.57449665
2888	0.39588065
3680	0.40442796
3981	0.44570764
4175	0.42110788
4458	0.36799246
853	0.59913251
2322	0.54286501
322	0.68294457
644	0.64436426
1521	0.41414210
2735	0.44214177
2528	0.43166999
175	0.63086562
624	0.59818809
734	0.60048515
888	0.55118075
988	0.51221071
1192	0.61071139
1205	0.44396427
1604	0.53688602
1720	0.46698860
2140	0.46784696
2583	0.42083049
2721	0.41492102
2723	0.44256693
2813	0.43228805
2937	0.49667932
3763	0.44408168
3896	0.45160034
3900	0.38317321
3966	0.40966613
4075	0.47218814
4402	0.43162480
4454	0.38491757
267	0.68949629
428	0.53417501
647	0.56839951
655	0.61823628
971	0.60689623
1133	0.60016441
1520	0.45593693
1524	0.44923517
1790	0.48305245
1851	0.59234255
2088	0.53490776
2397	0.45628134
2421	0.52066298
3029	0.44276813
3945	0.42625759
3978	0.47543666
4008	0.47253306
4016	0.44695007
4355	0.39335672
4790	0.41316431
751	0.61532318
1978	0.46195017
2256	0.48699992
2518	0.39677950
2526	0.42471888
3935	0.39855681
301	0.61430931
371	0.59858087
784	0.41665841
1054	0.55937061
1055	0.47180646
1076	0.58078303
1091	0.51081503
1124	0.42901185
1215	0.45526077
1461	0.51766424
1469	0.49754965
1516	0.47750827
1661	0.56096255
1792	0.46663685
2119	0.55218222
2540	0.44291237
2687	0.48094354
2824	0.49881044
3058	0.42009335
3249	0.46086098
3268	0.45298772
3504	0.42895035
3974	0.44261088
4123	0.40180492
4464	0.43578089
4510	0.34791270
4681	0.43148119
4807	0.40047927
224	0.56387936
414	0.62635344
438	0.55391573
445	0.63442732
659	0.67141557
713	0.59578568
832	0.44076205
967	0.48376092
1456	0.48006846
1583	0.55576021
1592	0.44645405
1675	0.48823394
2097	0.56837369
2228	0.49419155
2606	0.43432033
2628	0.45806824
2686	0.46752333
2975	0.46655603
3561	0.47097708
4012	0.47495630
4013	0.37510984
4591	0.41016802
4801	0.40584169
4879	0.42896011
182	0.66760775
349	0.68370968
592	0.59265493
611	0.61466628
615	0.64163952
667	0.44547589
879	0.46672504
907	0.49860503
1180	0.54538882
1190	0.47541048
1231	0.59732333
1452	0.44666146
1462	0.45669689
1788	0.49466759
2016	0.47428634
2278	0.46516648
2298	0.39936610
2481	0.53341182
2482	0.42495484
2503	0.39887851
2629	0.41055926
2720	0.36776526
2846	0.41643348
2945	0.42977080
3056	0.38738562
3634	0.44144785
4220	0.43129968
4592	0.44858670
950	0.42108604
1543	0.58742838
1650	0.54412018
2554	0.47567183
2731	0.51165665
2765	0.42019853
2827	0.45928195
3223	0.41922004
4015	0.45111885
4178	0.42150378
4624	0.43343476
887	0.46180598
1157	0.54723205
207	0.67317866
232	0.60308140
761	0.44424950
1289	0.58811305
1433	0.50462805
1699	0.49069934
1724	0.56015899
1802	0.44903871
2100	0.47570247
2901	0.40074985
3010	0.47213879
3819	0.44839515
3922	0.44853301
123	0.68840859
126	0.64839273
1072	0.56559592
1282	0.50619026
1447	0.50924246
1769	0.50801914
1791	0.50418552
2477	0.50911766
3131	0.39261612
214	0.63477731
670	0.53148106
843	0.56843038
1702	0.42113269
1779	0.51367801
2105	0.48070726
2464	0.54423727
2491	0.48121732
2547	0.48857109
2641	0.46965917
2890	0.43853162
3139	0.44336330
1342	0.59406382
2662	0.47909018
3078	0.41424077
3506	0.43173588
3705	0.41300711
3965	0.38727728
4100	0.44792924
4953	0.41638582
1748	0.51766986
1789	0.43443055
4915	0.42442881
1034	0.59677797
1837	0.53929209
1931	0.43322705
2210	0.44295413
2335	0.47372867
2818	0.41328926
3320	0.41179302
4083	0.35101394
4115	0.47997577
4856	0.43551748
305	0.62956935
726	0.53502658
1037	0.58957585
1633	0.49524544
1676	0.47908380
1984	0.42126296
2150	0.45547246
2645	0.47710647
2990	0.40117912
4861	0.38061567
180	0.66896661
641	0.61263728
759	0.54958213
852	0.63225028
959	0.51876702
1016	0.55081183
1164	0.46609524
1438	0.51785689
1500	0.60539757
1564	0.53668277
1900	0.45385778
2319	0.42009192
2579	0.48476410
2733	0.39030565
3066	0.41277161
3168	0.39479854
3482	0.42864782
3790	0.37702383
4517	0.38962250
4527	0.36549776
257	0.63162084
275	0.64284489
374	0.68984217
773	0.68024344
979	0.44842483
1165	0.56215317
1539	0.50990518
2035	0.51702756
3082	0.44297065
3416	0.48417647
3805	0.43216527
3839	0.49758206
365	0.68643403
382	0.64350509
600	0.55748664
705	0.62750646
924	0.50952945
1117	0.62681456
1322	0.50699854
2196	0.56047314
2560	0.44945224
4885	0.45058962
398	0.67671323
481	0.48185682
640	0.55907174
653	0.56699453
746	0.53273613
820	0.52734701
1052	0.49449942
1092	0.49628107
1098	0.62478134
1346	0.60397771
1473	0.58838017
1623	0.56662455
1681	0.54101919
1725	0.52746038
1814	0.42454002
1861	0.53234789
1946	0.48032774
2237	0.48989641
2418	0.41389994
2572	0.40592682
2787	0.43531004
2941	0.48170847
3019	0.48505586
3096	0.46570668
3097	0.43561126
3143	0.39777068
3204	0.42637018
3209	0.41897062
3706	0.35236350
4138	0.41393073
4200	0.39893973
4269	0.39988705
4522	0.37531445
4831	0.39005815
249	0.59204887
302	0.60982948
1783	0.51957073
1916	0.47140811
2985	0.52292619
3234	0.48191726
3237	0.44749622
3369	0.44492760
3824	0.47240914
4742	0.36379693
1611	0.49241086
3542	0.43557409
3559	0.36090680
392	0.54913267
612	0.50191237
687	0.55931622
694	0.54418476
698	0.57973124
709	0.45231599
864	0.59053780
920	0.59266225
989	0.44969140
1186	0.59026117
1339	0.57839712
1497	0.53698212
1760	0.48496354
2004	0.47867203
2229	0.42411958
2617	0.40098706
2702	0.38012740
2935	0.48667299
3035	0.46992964
3147	0.41726379
3263	0.43203298
3724	0.36899349
3764	0.41435394
4139	0.38355734
4272	0.40973056
4313	0.44153389
4529	0.43455006
4553	0.37516073
4776	0.39540264
4797	0.38478669
292	0.65780949
345	0.64584368
676	0.59928505
1110	0.55674170
1114	0.45474034
1283	0.50611242
1431	0.60152355
2388	0.41594803
2433	0.45913007
2595	0.57628843
2607	0.40363804
2810	0.42761781
2995	0.47595007
3208	0.46828041
3488	0.39897801
4248	0.37692405
4568	0.41395105
2753	0.38623288
621	0.64667758
689	0.52569669
1268	0.45969594
4774	0.37811274
4840	0.45706897
845	0.54510833
3218	0.38245453
4659	0.40434023
4895	0.41483511
818	0.56184782
1217	0.44610261
1962	0.41753631
2767	0.53196956
4447	0.45087336
812	0.44682366
905	0.67539777
1275	0.55104120
3607	0.42914739
4368	0.43060256
4468	0.37366857
578	0.60559600
678	0.49488733
857	0.59353558
868	0.60406914
906	0.51673268
916	0.67559126
1081	0.50215761
2116	0.46361103
2133	0.46671444
2171	0.52281577
2286	0.45527824
2934	0.41674818
2966	0.39583049
3045	0.43825489
3367	0.40875358
3372	0.44926394
3433	0.42389812
3525	0.49824662
3629	0.41907527
4158	0.40003722
4783	0.38919087
4830	0.39526145
1363	0.49401770
2031	0.42493257
2190	0.37094301
2444	0.40993123
2580	0.49579040
2770	0.43122660
2826	0.43382573
3532	0.44501142
3921	0.38469316
183	0.65424274
494	0.60375068
707	0.65661542
729	0.57171560
1071	0.59943358
1630	0.52624397
1631	0.60946472
2001	0.51750641
2203	0.57894586
2904	0.42004123
3086	0.45235364
3089	0.42386612
3192	0.40568555
3863	0.41235944
3929	0.43533102
3963	0.37719561
4488	0.41026336
4515	0.40519770
390	0.59866040
456	0.65946495
639	0.51460044
675	0.61621399
949	0.48150209
962	0.51318522
1153	0.59391643
1221	0.62947927
1225	0.41297168
1324	0.52630928
1801	0.47676879
2611	0.42035571
2804	0.46077459
2905	0.41865639
2955	0.45215397
3375	0.44546248
3459	0.41888035
3624	0.41288007
4187	0.40942296
4495	0.39173071
4650	0.41813814
4719	0.37796278
1274	0.53619339
1370	0.51122940
1397	0.53973235
2670	0.45132502
2728	0.40039613
3881	0.44539232
3930	0.42157260
4913	0.43051654
566	0.67831329
1729	0.59053099
1894	0.45976170
2295	0.43609179
2343	0.48438489
2384	0.39640894
3343	0.40627618
4474	0.40586396
4898	0.36498106
631	0.62538259
922	0.56269011
1026	0.51763090
1863	0.59657510
2183	0.52163791
2198	0.55150681
2679	0.46441237
2944	0.50965256
3165	0.37666061
3557	0.39666643
3572	0.44966061
3602	0.44089026
4550	0.36491179
4651	0.41078273
4789	0.36734754
4822	0.42994760
557	0.59298038
1340	0.55349319
1384	0.58253735
1467	0.42235944
1496	0.45610848
1846	0.46412495
1967	0.44080891
3142	0.40514048
3550	0.38663640
3977	0.42113698
4810	0.38831806
702	0.56077282
1219	0.57310581
1816	0.51418454
2095	0.46568764
2410	0.50909214
3840	0.42088867
3875	0.35581566
4213	0.40864976
4829	0.40758135
376	0.64713627
677	0.45453387
1713	0.41708836
1912	0.48329620
2215	0.41542556
2243	0.42557951
3049	0.48338173
3462	0.40159035
3503	0.42354728
3609	0.39620726
4081	0.46840945
1280	0.52844268
1758	0.42124259
1864	0.55227953
2042	0.41553013
2318	0.45924841
2372	0.50043396
2452	0.59237513
3173	0.44542846
3214	0.41988584
3597	0.42891396
3720	0.42878258
3848	0.40646523
4036	0.39669452
4541	0.37126198
4854	0.39452607
307	0.64580285
497	0.68750706
609	0.44654905
669	0.65965632
925	0.50902128
1099	0.55919727
1155	0.49695917
1278	0.52906309
1511	0.58685553
2028	0.43870272
2512	0.43066522
2907	0.47989227
2909	0.49875250
2952	0.43900424
3098	0.40343156
3396	0.35934749
3849	0.43592753
4121	0.42473888
235	0.59654264
1544	0.65182996
1735	0.51169311
496	0.64226959
582	0.59440355
602	0.61909582
986	0.49150767
1517	0.50833889
1937	0.43668519
2087	0.45759920
2412	0.40004784
3072	0.42747877
3090	0.45761496
3365	0.40078208
3461	0.43459434
3727	0.43695943
3997	0.43646190
4381	0.39366376
926	0.46265793
1206	0.52103899
1997	0.47289550
2548	0.47891457
2886	0.41957323
2947	0.45277971
3314	0.44617899
3811	0.46562896
4384	0.44005712
2380	0.50304660
1039	0.41721316
1439	0.58473495
1819	0.44270471
1869	0.52336363
2236	0.44904660
3130	0.43931519
3578	0.40445620
3619	0.43086322
3955	0.38038077
657	0.53980636
704	0.59182923
813	0.58178742
912	0.44832575
935	0.55375678
1267	0.55517304
1641	0.48318552
1781	0.54214459
2234	0.42824541
2511	0.43195289
2992	0.43399549
3315	0.42424604
3326	0.37073560
3443	0.41344788
3566	0.41261121
4813	0.41762356
4896	0.39957477
193	0.67667717
660	0.45146144
909	0.49690357
1051	0.51988700
1254	0.44311723
1451	0.47019331
1618	0.45609406
1635	0.55231582
1734	0.55505593
2177	0.39804453
2391	0.50156196
2691	0.47117959
3125	0.49411880
3146	0.42416638
3156	0.44681176
3480	0.50090607
3998	0.44249085
4341	0.45574685
4491	0.42423641
187	0.65823003
286	0.58931085
386	0.59977703
2251	0.46092349
2273	0.44517518
3225	0.41056960
4037	0.39294856
4131	0.41579670
282	0.67347728
700	0.55291000
2110	0.46142919
2618	0.46232709
2738	0.41474803
2840	0.42101379
3497	0.42931892
3571	0.45665115
4086	0.43936640
4615	0.40550931
361	0.65796011
460	0.53820115
696	0.54562508
987	0.48196354
1170	0.51562094
1269	0.60596384
1471	0.52933087
1475	0.39634348
1615	0.50393209
1843	0.63996154
2024	0.46040718
2715	0.52824876
3020	0.46472491
3884	0.39011622
4056	0.44553061
4311	0.42541207
245	0.64285230
264	0.62852837
549	0.59149206
1097	0.58298162
1338	0.58105517
1929	0.43993489
2427	0.54518378
2873	0.47411852
3463	0.44056216
3473	0.49290297
1509	0.52421813
2531	0.45823452
3835	0.40973288
4096	0.41154531
4680	0.39865503
646	0.48334053
956	0.47729161
1364	0.52019107
2854	0.42184951
4279	0.38886365
1395	0.58437107
1969	0.50637122
2766	0.43062056
3114	0.48349854
3279	0.53675701
3776	0.50217909
3969	0.44284103
4091	0.40898084
4312	0.40530800
4802	0.36750224
1334	0.48329763
2285	0.39206556
2977	0.48177595
3017	0.42514812
3047	0.44869999
3405	0.39079622
3861	0.39979315
4773	0.38500217
296	0.55738577
1127	0.50371170
1148	0.51374947
1841	0.44574985
2201	0.50493416
2371	0.48106766
2390	0.43648285
2453	0.50015080
2674	0.43438683
2884	0.40221921
4087	0.44264474
4274	0.43343630
236	0.64207527
384	0.62225171
749	0.59420146
811	0.57879415
902	0.57787346
954	0.46907656
1620	0.50200799
2101	0.43400653
2222	0.44865226
2328	0.40577264
2724	0.40278571
2974	0.38115521
3149	0.41531715
3252	0.39216197
3339	0.39214444
3493	0.52515912
3588	0.42630268
4038	0.42888262
4149	0.44901556
4356	0.43823767
743	0.54220938
1040	0.51223686
2297	0.44283596
2306	0.42322496
3496	0.52553319
4208	0.37985967
4486	0.39146288
4819	0.37204166
452	0.46326710
4671	0.40491197
4800	0.37919051
223	0.63085112
944	0.56522214
2665	0.37944369
3270	0.47660974
3800	0.49255452
4027	0.43479368
842	0.55094437
1349	0.58149337
2221	0.56677252
3085	0.37423187
3758	0.40938536
1017	0.61394483
1613	0.53027491
2159	0.45000744
3620	0.41225885
453	0.66039000
571	0.66948810
1793	0.48911958
2182	0.47736370
2168	0.46432293
4007	0.35120708
450	0.56116673
1353	0.60258251
2661	0.49789364
3364	0.41721913
505	0.53481236
848	0.58314074
1002	0.47585114
1123	0.45226256
3311	0.46090685
3330	0.44948911
4201	0.40737977
4552	0.43126369
2274	0.46215791
2757	0.42411201
2978	0.50288506
484	0.59588022
642	0.55997055
731	0.46438388
1954	0.46577116
2200	0.51369064
2264	0.56001150
2405	0.49122244
2627	0.44696389
2699	0.40741288
2769	0.39979453
2969	0.41172852
3171	0.39706695
3331	0.48004007
4286	0.44085498
4331	0.38765120
4428	0.40533717
4554	0.43007169
1660	0.47425227
4120	0.41299899
4161	0.39768373
2495	0.51828124
2710	0.45876074
2785	0.40136829
2806	0.44339863
2864	0.41862215
3787	0.39367901
4732	0.39042811
889	0.53079108
1523	0.41390150
1826	0.54129466
2179	0.49555684
2520	0.45358450
2562	0.45596001
2635	0.49889036
3022	0.43770098
3757	0.39355200
4400	0.43371818
4787	0.39176505
4942	0.36911595
519	0.48404819
1410	0.62719369
1886	0.42398855
2098	0.54149997
3163	0.46917437
3169	0.45465201
3518	0.38876505
3820	0.38846308
4207	0.40426089
4584	0.38109741
464	0.67554713
552	0.63696248
785	0.58993459
1141	0.42070572
1163	0.52967372
2637	0.39916159
4186	0.38249952
4951	0.42406667
217	0.64657537
454	0.59682547
939	0.58223147
2330	0.49358276
3148	0.49177325
3568	0.40719803
3907	0.38437717
4182	0.40945300
1087	0.62247889
1162	0.53553271
1608	0.48553311
1649	0.54170350
2430	0.43306652
2695	0.38470332
2963	0.46224720
3670	0.41507963
3730	0.37852038
3940	0.36663821
896	0.58223220
2055	0.55364994
2146	0.43149675
2202	0.47203846
3162	0.37318401
3300	0.42951281
3471	0.43287371
4141	0.40458344
4482	0.39035299
458	0.57777411
2565	0.37950958
3421	0.46226352
332	0.67367912
388	0.62274985
2242	0.46545940
3983	0.40052096
4934	0.42256360
383	0.68298621
537	0.45215521
756	0.46620655
1151	0.47639036
1152	0.53718852
1512	0.45589709
1598	0.45583929
2232	0.40574470
2329	0.42336285
2693	0.42626861
3013	0.42246765
3121	0.50891156
3161	0.46923840
3425	0.40453957
3604	0.44744344
3891	0.43838317
4708	0.39281060
4837	0.41117243
4940	0.38736380
535	0.66795438
816	0.43099483
996	0.48748901
1695	0.43816045
1708	0.48601997
2398	0.42433352
3185	0.42529733
3255	0.46058967
3454	0.42610440
586	0.58462787
931	0.40991482
2323	0.41003384
4291	0.35804400
4869	0.38995209
1878	0.39175472
1080	0.45364535
2620	0.43082989
4017	0.44094319
440	0.66162616
1113	0.53062782
1617	0.54900603
1887	0.56248666
2078	0.51454236
2438	0.46944200
3023	0.48891948
3298	0.41502512
4157	0.42444770
918	0.60883130
1498	0.58929905
1525	0.56565188
1533	0.64791404
1576	0.49849523
2972	0.52795685
585	0.56584060
596	0.67789911
885	0.58172587
1001	0.54726458
1559	0.62294578
1643	0.45208473
1922	0.58653472
2435	0.43111373
2542	0.40700958
2552	0.41412016
2613	0.52597251
2833	0.49931304
3357	0.39843207
3475	0.46890755
4483	0.45470181
4564	0.37862571
1953	0.43331370
2284	0.46243787
4267	0.42040753
808	0.50691366
980	0.55364071
2462	0.52744947
3424	0.40097700
3596	0.39732656
4678	0.35042029
714	0.56574571
1416	0.48361123
1612	0.56137107
1862	0.47403735
3460	0.46195963
3606	0.41373969
1904	0.48567281
2689	0.44704713
4350	0.44431254
4471	0.42525325
432	0.67632827
2093	0.41116429
3227	0.48156445
4080	0.45311595
1684	0.49632023
1726	0.51398484
1858	0.53128268
3530	0.45332941
3664	0.45555966
3843	0.42472440
1147	0.40285112
1949	0.58068028
2172	0.46016134
2314	0.44179095
4372	0.47241197
4585	0.38718222
4739	0.39531872
1009	0.63740297
1867	0.47153644
1928	0.47024965
2364	0.40865435
2451	0.42630230
2704	0.47408193
3389	0.39734033
3512	0.44812750
3526	0.48323288
792	0.48760788
3466	0.42131685
467	0.59659751
825	0.47488968
1244	0.43713599
1276	0.48838637
1331	0.58473338
1750	0.58813862
1803	0.53455505
2121	0.43075893
2270	0.40292501
2387	0.43182976
3003	0.41303336
3132	0.41219223
3172	0.43698492
4165	0.46406940
4379	0.41215793
4544	0.41722814
4748	0.42420110
1229	0.50224551
1233	0.60390178
1344	0.51050351
1940	0.53888191
3290	0.40757197
2801	0.46954408
1581	0.50620953
1166	0.51966207
2445	0.43953054
3751	0.41267122
4386	0.40170688
4560	0.36589089
4806	0.36244901
608	0.61875938
1989	0.50717495
3301	0.46747385
4116	0.40474793
4432	0.39906612
2074	0.41935011
2513	0.51636280
2772	0.40455412
569	0.48433445
765	0.48924619
881	0.42237659
1138	0.57683586
1707	0.44564285
2525	0.47259096
2646	0.42374004
2843	0.49824617
2956	0.42850277
3064	0.49403712
3108	0.50036040
3187	0.43596402
3541	0.43835763
3912	0.35465085
3984	0.47257018
4363	0.39373172
4614	0.37528477
4891	0.40046818
4932	0.38969213
728	0.41309577
1355	0.43169515
4288	0.41639928
4380	0.42566605
4421	0.35777275
4499	0.41812202
1840	0.49569162
2605	0.48181632
2640	0.44185972
2893	0.45342155
2908	0.40944697
4195	0.41923174
312	0.60419162
570	0.52706957
795	0.49031486
810	0.50260478
1130	0.43245597
1291	0.54142821
1674	0.57537863
2429	0.45150850
4130	0.37811327
4735	0.37544916
520	0.64660952
1101	0.48078939
1458	0.45424740
1541	0.59289023
1965	0.40632184
2374	0.43509769
4032	0.42126195
4924	0.38231599
547	0.60044702
1890	0.57836209
974	0.61365791
1329	0.42475497
1898	0.48694866
2889	0.43970673
3377	0.42278619
3538	0.42444122
575	0.55261118
1719	0.47623210
1872	0.53528941
2370	0.48327103
2533	0.61757636
4310	0.40154670
4531	0.42935241
2967	0.44421949
502	0.63860818
2145	0.52033304
2948	0.49438425
3278	0.39244508
3510	0.42233632
819	0.54526929
2838	0.36014210
3846	0.40872942
740	0.60450638
1121	0.48638441
1968	0.47072968
3702	0.44701372
4393	0.35476634
397	0.59019848
1432	0.53893439
4359	0.38862671
522	0.51845332
543	0.53941451
960	0.61712888
4094	0.42234305
951	0.44012745
2774	0.44362036
3122	0.41659832
3145	0.42980265
3895	0.42014888
4054	0.48366585
498	0.49092289
1139	0.52569594
1315	0.45875066
3719	0.39573883
2626	0.47536701
2791	0.56530586
4127	0.45913327
1690	0.47815092
2010	0.45667536
490	0.51898333
919	0.58570118
1381	0.56023278
1403	0.50366956
1733	0.48801990
2025	0.56354519
4283	0.48469092
4408	0.45035253
4947	0.37953172
1553	0.47283733
1573	0.59214114
2979	0.44278808
822	0.45755414
3217	0.39996929
995	0.45532073
2134	0.43955497
1513	0.40047700
2910	0.39181693
3573	0.42463947
3742	0.46159081
3911	0.41169175
1925	0.50553598
2475	0.42647183
2815	0.40792158
2940	0.43481070
3511	0.43852658
1230	0.51355538
4926	0.41639568
3363	0.48749614
4265	0.39375401
4452	0.37923893
1419	0.53030623
2483	0.40764651
4059	0.51756176
4275	0.40811227
4459	0.37761196
1484	0.54603293
1797	0.48693204
1879	0.48646987
2239	0.49756007
2598	0.52487175
3026	0.45183513
4627	0.44252877
442	0.68149859
1304	0.43325931
1667	0.40578210
2470	0.49843073
1014	0.54721820
4317	0.37860470
4409	0.43427454
2717	0.47384479
3291	0.41870887
3519	0.45185979
4479	0.37181375
599	0.66310077
3144	0.42387596
406	0.47068166
716	0.66306975
955	0.53817223
1175	0.48508912
1856	0.52589182
2498	0.51920456
2912	0.38306612
3137	0.44702126
3673	0.39239974
3778	0.38900643
4010	0.42763816
4065	0.46605328
2409	0.36564926
2688	0.48357860
2996	0.39636196
3259	0.37600383
408	0.64377814
690	0.63617274
982	0.56223346
1607	0.45873641
1759	0.48924879
2194	0.54969573
2259	0.53525958
2639	0.39652242
2874	0.50260399
3856	0.38537987
4114	0.40651498
4470	0.44318005
1951	0.46705699
4744	0.32137056
270	0.50817879
479	0.65496830
969	0.64561575
1808	0.46657368
3039	0.44309035
4901	0.38714790
515	0.52764462
601	0.51613599
1460	0.59540095
1766	0.47090460
2066	0.42330707
3890	0.41338241
4216	0.40857169
4308	0.44511799
4450	0.42787369
4747	0.40808735
671	0.61733876
1146	0.45320156
1683	0.44360810
3105	0.45525837
4108	0.46390087
4828	0.39541472
928	0.39274947
2608	0.39127444
772	0.58021275
793	0.50558256
1179	0.51409688
1211	0.47446777
1519	0.55308508
2068	0.46315697
2238	0.39769916
2471	0.44374945
2649	0.48528992
3094	0.48211022
3299	0.40201331
3725	0.40759734
4061	0.38142649
4723	0.38343867
4914	0.37570794
4928	0.39332338
3745	0.47613753
1774	0.44811892
1782	0.47475820
1825	0.52729842
2666	0.42317107
3927	0.41429584
3982	0.40780064
4333	0.45078979
4709	0.39716250
4714	0.39486330
802	0.50929844
1088	0.43764411
3059	0.41277648
3490	0.38306236
4068	0.38227998
4332	0.39759830
764	0.62547037
1008	0.61906864
1086	0.54141784
1716	0.48820433
1795	0.47163375
1987	0.44086002
2527	0.45527751
2577	0.50852640
2946	0.41042632
3830	0.38202012
4140	0.44912833
2250	0.35429499
441	0.63854042
2231	0.54329489
2288	0.58191550
3038	0.49857800
3897	0.40084136
4064	0.40064570
1093	0.48391706
2811	0.42079980
3617	0.36941204
3254	0.44643234
4171	0.37598157
4725	0.34298550
1621	0.56731193
1082	0.53557192
2885	0.44102923
3033	0.41684885
3761	0.42709540
4943	0.34408702
3070	0.44771200
1578	0.42885359
1692	0.45446987
1835	0.46424092
2135	0.45760606
2703	0.45803957
4530	0.40703775
673	0.49076995
2124	0.40715249
2214	0.43800293
2378	0.48170214
2999	0.39617158
3478	0.44181029
3669	0.41744553
3799	0.34959454
1288	0.60767657
1639	0.53198353
1685	0.48152466
2959	0.42483395
3841	0.44502093
4073	0.42911812
1318	0.53463478
4299	0.38425224
4307	0.45075492
4487	0.40174135
1895	0.56190796
4588	0.41127015
1271	0.60079479
1550	0.49225729
3564	0.40205691
1025	0.44828440
1270	0.64520637
2102	0.41750174
2551	0.48962656
2960	0.45676954
3340	0.51428994
3600	0.45138952
4052	0.40014464
4112	0.38882853
4477	0.43108266
1535	0.40910508
1747	0.49589290
393	0.62596669
830	0.57460755
1827	0.53993787
2018	0.49275252
2361	0.39641078
2714	0.50871835
2776	0.46220214
1015	0.43811509
1247	0.43786902
3212	0.37637439
4768	0.36030961
1367	0.61239179
2279	0.48446518
3117	0.43770554
529	0.63645539
1389	0.54117145
2104	0.49500663
4169	0.39609726
4780	0.44572100
1142	0.56405316
1486	0.53066073
1602	0.44033856
4102	0.38005412
4181	0.40292445
4252	0.42974478
3358	0.41624044
4825	0.36908125
3380	0.39548976
2584	0.42213995
701	0.42858072
1373	0.45251974
1700	0.47600393
2257	0.40126110
2603	0.52956294
2862	0.40301102
2927	0.43122841
3216	0.51157283
3408	0.51971649
3502	0.39510901
3587	0.38273848
4518	0.37211448
4851	0.41064603
844	0.63072975
914	0.59566739
1575	0.42339666
1572	0.44235314
1625	0.61268534
2132	0.39762422
2504	0.44406206
2615	0.44915758
2759	0.46876513
3567	0.41265080
4122	0.41130510
4392	0.41315206
4871	0.35037492
1281	0.54489946
957	0.61065831
2478	0.38372158
3153	0.49418363
3783	0.37673177
1538	0.45329302
2816	0.43324788
3379	0.39697589
3942	0.38646157
1090	0.41741474
2235	0.44401851
2303	0.43977648
4721	0.43549395
4846	0.36725850
1626	0.55228018
4090	0.40126044
538	0.51103117
1892	0.49157999
2485	0.46436048
3666	0.36234772
3743	0.40496026
1348	0.42798444
2455	0.41947864
2712	0.43991845
2775	0.42527542
2875	0.41574939
3784	0.44602890
3838	0.36951372
4222	0.42526432
4245	0.41203939
4389	0.39710758
1132	0.49020637
4429	0.36714005
876	0.41960150
1629	0.49729239
2896	0.46666575
3696	0.47075953
1079	0.64028233
1191	0.61574859
3337	0.41466141
3507	0.46958246
3537	0.43182141
2193	0.41295400
3612	0.37447723
4033	0.39244828
1135	0.40668605
509	0.63396449
1059	0.63933289
1668	0.61956630
1701	0.54625583
2377	0.52073363
3411	0.48124564
3432	0.40632913
3446	0.52493128
3712	0.38374897
1207	0.52038907
1400	0.39587722
2416	0.39261164
1749	0.54983601
3040	0.41130278
908	0.60041961
1222	0.47537538
1971	0.46631539
2058	0.44207742
2185	0.51265546
2812	0.42390284
2897	0.40777431
4154	0.45386164
4303	0.45225802
4361	0.40333806
4490	0.42630845
4909	0.39573656
930	0.59697899
998	0.63686511
1979	0.59218078
2346	0.43621518
3437	0.38370405
3825	0.43824069
2931	0.39554269
3109	0.43913743
3716	0.40585359
4955	0.40776531
526	0.65299576
1850	0.47646152
2054	0.39699354
2307	0.41447781
2655	0.42912555
3346	0.38845980
3721	0.44871961
1185	0.47021064
2086	0.40870499
2982	0.50016454
4041	0.38738894
4900	0.37927012
1287	0.40711882
2037	0.41511817
2300	0.46423295
3589	0.40304183
836	0.58511380
1333	0.46023628
1388	0.51125242
1746	0.40628155
2153	0.47007268
2906	0.44734809
3215	0.40369233
3976	0.41671666
4249	0.39297753
4561	0.40936970
449	0.45971182
932	0.42207240
3317	0.37025744
3344	0.38749702
3686	0.38006060
890	0.57935624
3004	0.40945587
3063	0.49407878
3250	0.40027547
3960	0.41876160
1732	0.50286627
3553	0.41208392
1078	0.57055225
2454	0.45758132
2771	0.46261153
4029	0.38428394
3474	0.41341734
2342	0.43437076
1208	0.49700673
1508	0.53246966
1710	0.50796881
2120	0.50099702
2748	0.41180787
4462	0.42421646
4539	0.38336627
760	0.44204226
2080	0.37726125
2151	0.40292528
2349	0.49517559
2489	0.43671727
3037	0.41887830
3728	0.40857643
4174	0.36990859
2389	0.46678167
2553	0.40893971
2592	0.37027554
3136	0.45875767
1149	0.58343358
2195	0.47330714
3231	0.40072045
3581	0.39448290
3618	0.38524125
1301	0.46563234
1812	0.53296770
2316	0.39061756
1558	0.54083644
1694	0.58181672
2292	0.39861610
2417	0.43721394
2461	0.54296258
3011	0.44578881
3150	0.42430717
3837	0.40411302
4542	0.42968224
4779	0.36675414
1756	0.48485311
3385	0.44435508
3413	0.42460816
2051	0.53382096
2350	0.48749619
4533	0.36945529
2740	0.41679083
2903	0.52736032
4664	0.39760208
3782	0.38754642
4319	0.41349549
3889	0.41815017
4498	0.44032472
1985	0.45236834
2320	0.43203510
3195	0.46133271
4455	0.40293418
1203	0.50609482
2217	0.40771603
2465	0.48897143
2633	0.45216860
2729	0.42312939
3100	0.44957507
3749	0.45277877
4335	0.38503841
1108	0.43232565
4866	0.39685175
2032	0.47083828
3832	0.38665655
1426	0.37979912
1974	0.40024402
3692	0.42375986
4683	0.35068870
1665	0.54442526
1770	0.41086638
2268	0.54036496
2368	0.51374748
3793	0.43193895
2339	0.38906224
2557	0.37718963
4809	0.33806597
4925	0.38682381
2459	0.37111216
1178	0.43366126
2352	0.39404405
3065	0.54033407
3181	0.37844362
4427	0.43247872
4666	0.35617743
4920	0.39857570
2327	0.41386438
3203	0.37569324
4051	0.37255525
3005	0.47827345
3788	0.45590501
788	0.46492876
1393	0.57654668
2773	0.41706050
4234	0.42642392
4410	0.37806108
4699	0.39259083
794	0.46194866
947	0.57525182
2413	0.48341202
2845	0.37873961
3852	0.38074680
4635	0.39190521
4782	0.38715713
4887	0.38948066
2365	0.40069815
3637	0.38654262
4660	0.42248797
1552	0.40150542
4119	0.40649455
1459	0.47920378
3155	0.38572229
4204	0.41165029
3221	0.38494021
4024	0.40415816
4040	0.42636958
1603	0.55272930
3123	0.39231917
2252	0.58012041
831	0.61911764
3545	0.40004426
3923	0.39700651
4053	0.46193822
2684	0.35296936
4611	0.38936111
1103	0.61940012
1482	0.59137437
1933	0.48365564
2355	0.42592329
3241	0.39464424
1495	0.53615206
4135	0.40043479
4480	0.36039217
1640	0.41257005
2358	0.42990221
2656	0.51092480
3327	0.43770121
3374	0.40825204
3528	0.42952464
3682	0.47150207
4276	0.39851591
4868	0.41028808
1188	0.55236910
4646	0.35956201
927	0.58094533
1351	0.51637634
1698	0.47849208
2709	0.45594430
2807	0.39714101
4546	0.43816335
1868	0.41112210
1423	0.53072297
4048	0.46216845
4679	0.38718171
4703	0.37712250
1013	0.51829905
2768	0.45031879
3429	0.40215276
4600	0.37262803
1028	0.48686986
4177	0.37754012
665	0.49501379
1216	0.48840206
1897	0.40466774
3569	0.49781246
4375	0.36843915
4820	0.42637969
2839	0.38722057
2249	0.54407273
3441	0.40392117
3882	0.43256990
1948	0.46474523
2428	0.49151437
4223	0.38364770
1210	0.57872090
1515	0.40884378
1919	0.52690821
2192	0.49239442
2269	0.57422506
3913	0.43655891
4343	0.41004327
4609	0.34748709
4949	0.41195774
4815	0.30809923
2708	0.40278155
1838	0.47578719
2624	0.47521361
1070	0.43578939
2291	0.43510500
800	0.56803946
1818	0.40996346
2207	0.44164719
3271	0.44353513
4004	0.43813118
4085	0.36479090
1474	0.48432389
1839	0.55229183
2719	0.41198515
3188	0.43479037
3483	0.42560301
1805	0.42332900
2309	0.41227739
2507	0.47432716
3631	0.40106380
3713	0.40191767
3826	0.45053977
4078	0.41026284
4403	0.42029769
4751	0.41148497
2814	0.40672388
3050	0.39563410
3615	0.42624793
4113	0.42511849
1296	0.53182202
3688	0.38533634
2858	0.47997322
1589	0.51459388
3477	0.37558871
3336	0.37959714
3614	0.38323444
4062	0.41580003
883	0.56765067
1045	0.41589772
1990	0.48507331
2446	0.42655986
2823	0.39955860
3638	0.38726384
4715	0.38993507
1115	0.61236902
1742	0.63938645
2122	0.48061411
3382	0.38973636
3885	0.44690208
4282	0.42046613
4793	0.39021046
2898	0.36352433
2660	0.36449536
2676	0.43523764
984	0.50357222
1032	0.45458332
2406	0.46027973
4315	0.37306337
4440	0.42620393
4590	0.37735566
1196	0.50736799
2006	0.43461002
2357	0.42723971
2949	0.43272451
4111	0.38784174
3213	0.45111728
3054	0.39847930
1693	0.58331458
3008	0.41960967
3422	0.38514051
2117	0.48620108
999	0.43660001
1194	0.60674622
1506	0.47211839
1546	0.56255694
1952	0.47728520
2030	0.46983004
2313	0.42823901
2692	0.47191512
3246	0.38865135
3697	0.45806682
4057	0.39028092
791	0.49439147
1663	0.50574544
2544	0.46695108
2636	0.37860183
2163	0.43460175
3262	0.46194765
797	0.59540919
1004	0.53927817
3191	0.45861128
4838	0.42494233
2219	0.48702976
2984	0.44917127
3646	0.39918716
2673	0.46784782
2722	0.42273371
3034	0.50526964
3766	0.37825184
4039	0.41664318
4082	0.46784136
1903	0.41010621
2347	0.41966562
2363	0.50391361
2705	0.43292768
3582	0.42002199
3938	0.41886880
4763	0.37726493
4791	0.38313045
2213	0.43431703
2821	0.47530568
3242	0.36212311
3282	0.40626758
3489	0.36115735
3747	0.38147430
1181	0.51825159
1977	0.40013438
3180	0.41884411
4430	0.37802343
4457	0.36273689
4952	0.43164956
2623	0.39042579
815	0.52680258
4214	0.39157290
4501	0.43344828
4621	0.38989341
3944	0.47028223
4601	0.38198368
2065	0.45031561
2895	0.51629284
3499	0.53697446
2019	0.40408566
3414	0.36951165
4229	0.36007701
3243	0.39541625
3648	0.35472269
1189	0.48275371
4259	0.36213640
4847	0.40085624
3653	0.39555263
4576	0.39930033
4665	0.35703132
2849	0.42000527
3211	0.43780278
3028	0.37048071
4035	0.36204859
4931	0.41307265
2373	0.41461514
4652	0.38094795
2436	0.38894619
2732	0.43808899
3508	0.36963345
4124	0.44750870
1300	0.55397370
2716	0.40936363
4873	0.36882447
2311	0.43809928
2530	0.52374322
2954	0.52240884
3112	0.43368257
4147	0.37773290
4438	0.40920231
2803	0.40463259
697	0.54678856
3753	0.45354632
1646	0.58049990
1492	0.38840433
3355	0.42496760
4006	0.42719805
3036	0.37086211
2162	0.38033377
2543	0.37790428
3524	0.35487709
3777	0.35031746
1174	0.57277386
2253	0.43102794
4324	0.34449327
2127	0.51897004
3368	0.48296961
4034	0.37202060
4387	0.37642274
3865	0.39563887
4443	0.43860445
1343	0.45194530
1445	0.46646434
3903	0.44085137
3985	0.39043254
4872	0.37560450
3584	0.37946571
4771	0.36178263
2262	0.49861633
3815	0.38039429
1336	0.53129171
1785	0.58592790
1993	0.42702257
2499	0.47073268
2647	0.38845042
2828	0.41051495
2853	0.43884671
3041	0.40667818
3044	0.39505767
4505	0.42027885
1859	0.55530749
2287	0.38134860
4579	0.36462654
4667	0.36804365
1359	0.48004264
2062	0.45954146
2593	0.40447206
2880	0.43853835
2973	0.41239462
2851	0.33550782
3313	0.44254383
2576	0.47591020
3305	0.46527635
3410	0.40447627
4344	0.36049586
1050	0.47490130
3288	0.38118903
730	0.63551001
1294	0.55978525
1391	0.55327496
1394	0.47848237
1656	0.45408715
1966	0.56227978
2072	0.44740102
4212	0.43410200
2597	0.39499982
2713	0.38234746
2911	0.50325593
2976	0.43169755
1670	0.60000055
4724	0.34584010
2108	0.43632429
2356	0.52500994
3110	0.46232878
3068	0.42709413
4334	0.37960394
1107	0.55514656
2568	0.45286842
3307	0.38466585
3770	0.34370325
992	0.57162081
2367	0.32318882
1448	0.49881387
1487	0.52650091
2711	0.40009623
2950	0.43752633
3267	0.43612419
4551	0.35417647
4632	0.40627456
2926	0.39356249
3159	0.47019982
4922	0.38717848
3744	0.37275247
3400	0.46177348
3797	0.42132285
3926	0.44387091
2439	0.35032908
2588	0.40891744
4236	0.34454408
2302	0.39320514
2564	0.45919954
2596	0.37745121
3845	0.36853165
4377	0.41547428
1415	0.41651516
4373	0.39007323
2399	0.44106677
2466	0.47997014
3115	0.41924057
4241	0.42360750
4558	0.38917652
1771	0.53934449
2164	0.55105467
3184	0.41215957
3303	0.40769437
3335	0.38667246
4394	0.38513700
1955	0.47734804
3206	0.42382890
3853	0.34594099
3972	0.38612593
1522	0.43465408
1842	0.50239477
1446	0.51764253
4240	0.39164714
1031	0.60477219
2561	0.46815720
3950	0.39325815
4366	0.36613110
4557	0.40376233
3309	0.36888569
3957	0.39041953
4405	0.43060977
1547	0.50318991
4711	0.37270655
4761	0.35134257
3876	0.37366678
2296	0.40055200
4193	0.38791252
1021	0.58370226
2404	0.40174687
1137	0.53397042
2756	0.49520655
3798	0.47331995
4572	0.46728387
4858	0.38477088
893	0.59148472
3419	0.45530916
3210	0.47390266
4155	0.37049652
1358	0.53083201
3304	0.37778321
875	0.59806481
4693	0.36423341
3457	0.44758924
4365	0.38186970
1686	0.55159898
1705	0.47382774
4494	0.39824102
1958	0.43771745
2083	0.61556057
4070	0.36922627
929	0.59856682
1068	0.51229514
1939	0.46907971
2625	0.45600941
2642	0.43356461
3816	0.42478024
4395	0.36521931
4691	0.40045262
4238	0.36395950
4612	0.36192450
4843	0.34984744
2469	0.40215539
4954	0.39390150
4168	0.42807547
4050	0.40526238
3904	0.38056793
4818	0.40066953
4893	0.37512397
899	0.52354925
4788	0.34556448
2819	0.47036698
3675	0.46114126
4523	0.37260715
1591	0.52057058
3116	0.37444465
3428	0.43305147
4184	0.38053588
4577	0.35039714
2749	0.52556080
4519	0.43616154
4673	0.42723353
4325	0.38425910
4466	0.41312018
1442	0.50305512
3014	0.44607061
4571	0.39612381
2245	0.41565347
1272	0.43369124
4293	0.43728707
3765	0.38822589
1874	0.45169558
3154	0.39456917
3472	0.41323956
3948	0.42295933
1548	0.65228730
3236	0.39290632
3946	0.37143595
4630	0.39907774
895	0.58218103
4205	0.40080074
4575	0.34292170
3514	0.37802612
4908	0.35996046
2852	0.42420110
3158	0.42546858
4244	0.40414449
4397	0.38935087
2048	0.41175890
4798	0.38483352
771	0.54382086
3198	0.38846815
2869	0.35161393
4902	0.39022332
4422	0.39403609
2067	0.47106100
4643	0.40371641
2675	0.39860024
1361	0.53564691
3133	0.43843512
1248	0.49373800
2486	0.52657076
4328	0.42117828
1574	0.49427983
4250	0.35343827
4417	0.34557482
1085	0.58139467
1882	0.44398131
4864	0.36796878
1253	0.58395168
2255	0.47781334
3470	0.43418121
3710	0.42269467
4163	0.39720809
4226	0.44693751
2021	0.55457174
3733	0.41067327
1765	0.49565337
4247	0.44085273
2381	0.46312293
3415	0.45083440
970	0.60910642
1616	0.52966091
3570	0.36552819
1800	0.41160584
4463	0.39116726
2275	0.41267634
3134	0.37386519
4543	0.33306415
4897	0.39489901
1714	0.47544278
4197	0.41206698
2187	0.51913753
4946	0.39847335
2968	0.38260990
4730	0.39191580
961	0.58298628
3046	0.43838191
4832	0.34301289
3297	0.33410036
1610	0.45685700
2415	0.38191799
3539	0.38807974
2559	0.34389996
2178	0.45966230
3053	0.37755089
3353	0.42812561
3626	0.34933511
2778	0.39108745
3394	0.43564863
4727	0.39228808
1041	0.48524632
3789	0.38093335
4834	0.33039167
1396	0.45322135
2924	0.46884282
2835	0.38512102
4076	0.40648081
4804	0.39797824
3390	0.42737765
1595	0.43060483
2020	0.48208526
2986	0.44733682
3350	0.39437480
3520	0.43836948
2082	0.37451349
2569	0.38484076
4705	0.40493239
4423	0.34935838
4731	0.41558198
3129	0.49976833
2900	0.38560538
4532	0.37524987
4689	0.42762064
3328	0.36534413
1855	0.48199506
1778	0.45072655
4682	0.36182792
3999	0.35676652
1570	0.49715440
1316	0.47777963
3312	0.43320317
4106	0.40779466
4262	0.37146379
1441	0.52974133
2502	0.48484252
2497	0.51024667
4352	0.39157116
4672	0.42656188
1245	0.46528429
2915	0.37156824
4524	0.36494319
1472	0.44446349
1854	0.45419420
2796	0.45838317
4668	0.36983707
4690	0.35594382
2115	0.47507474
4109	0.33570562
1298	0.55900464
3698	0.38930336
4302	0.43057116
3700	0.40207888
3949	0.36414689
4525	0.38988610
1845	0.52277259
3048	0.38981307
3729	0.44203883
3235	0.39172980
4656	0.36322330
1787	0.45810964
1443	0.40681229
3030	0.45228936
4231	0.39319316
2993	0.33105805
1307	0.57857308
1417	0.57489679
2204	0.44488562
2012	0.46136776
4242	0.40071664
4587	0.38108715
4910	0.36107041
4103	0.33911746
1044	0.48202827
3345	0.39910039
2632	0.41752138
3111	0.45877549
2891	0.42826344
3438	0.38692879
4185	0.43301238
4637	0.38488604
4638	0.38456967
4848	0.38436201
2142	0.41918345
2718	0.43441043
1435	0.58759466
1960	0.40295486
4945	0.38021109
2265	0.39261779
4099	0.41909517
2829	0.37655144
1669	0.47321780
2277	0.38144329
4663	0.37877703
1556	0.52863395
4493	0.34042836
2799	0.41938514
4534	0.35697153
4371	0.37402822
2925	0.37359830
3693	0.35007444
4718	0.34615529
2143	0.40806443
4603	0.36521402
4353	0.38581521
2448	0.43330939
4906	0.37517972
4069	0.40426911
4716	0.39696646
2026	0.44014406
3024	0.37853452
3933	0.37720880
4580	0.39460505
2424	0.45832356
4710	0.40766981
1483	0.52818484
3769	0.38808975
3886	0.33553460
4743	0.36787182
2762	0.36696460
3591	0.38089538
1938	0.40302131
2369	0.43224602
3660	0.48196457
3663	0.41251470
1378	0.65979688
3678	0.38568108
4593	0.38164212
2953	0.39812392
1542	0.45019899
2002	0.43361524
2745	0.53520680
4180	0.35513831
4777	0.39670312
1406	0.49718244
2737	0.44594185
2426	0.35982719
3857	0.40568345
2023	0.43731970
4043	0.36837334
3306	0.41826700
3762	0.34905608
2165	0.48464822
2961	0.37019266
3708	0.38864525
4912	0.33622118
2698	0.39480865
3183	0.39084928
3718	0.40759615
4504	0.35742392
3431	0.44892102
2653	0.44684706
2783	0.43913983
2505	0.41149410
1980	0.50057124
3531	0.45549997
4047	0.35410190
2111	0.38203119
2500	0.38054289
2798	0.38267869
3449	0.44537815
3683	0.40591900
4166	0.44435647
4792	0.35001594
2220	0.38894258
2344	0.42847415
4923	0.37667135
3657	0.37657058
4143	0.38336774
4805	0.37194311
2408	0.41586854
3599	0.41991008
4816	0.35780225
938	0.49212530
2758	0.49281271
3959	0.39728548
2962	0.40035606
2800	0.45357346
4044	0.34998053
972	0.49764568
3563	0.37244051
2878	0.39643302
1998	0.46755530
3256	0.43486970
3283	0.39054945
4264	0.33476642
2206	0.48482414
3952	0.36447120
4280	0.37763453
4424	0.40395940
4631	0.36658264
2516	0.46419609
2077	0.47268713
3878	0.37925779
3987	0.36257969
4060	0.35490861
3384	0.42022004
4566	0.35547536
2650	0.40023084
3635	0.34440932
3495	0.46563012
2282	0.38475202
4055	0.36244314
4520	0.34522607
3858	0.33697150
3258	0.33573966
1284	0.54843439
3120	0.38097819
4767	0.34659981
4833	0.36303346
1738	0.49613241
2868	0.39421505
3351	0.36719228
4145	0.36807394
1466	0.47328598
1330	0.46066631
4321	0.36138920
4586	0.35610029
4755	0.37044200
4502	0.35214018
4736	0.33771480
1653	0.49552723
4439	0.38989300
1829	0.47409297
4875	0.39333667
2267	0.44152764
3640	0.34112689
4613	0.31882051
4407	0.41996853
2541	0.38077106
4619	0.37371439
2440	0.48075920
3119	0.42580553
3736	0.38463872
2780	0.43631395
2496	0.40769109
2881	0.44797176
3909	0.37280417
4289	0.35309454
3672	0.39747559
4555	0.37479310
3893	0.35902890
2501	0.46225492
3823	0.38878717
3295	0.40809169
4570	0.45340410
3468	0.37273106
4219	0.38118365
2325	0.42165405
4188	0.36830185
2842	0.45998845
4842	0.33080568
2894	0.36916613
1762	0.42880911
2734	0.38262389
3378	0.41087798
3515	0.43353833
2794	0.49565284
4485	0.41625174
4936	0.40760404
4852	0.36870978
3341	0.42734489
3403	0.36352416
2697	0.34967690
2573	0.39016003
4863	0.36967732
4786	0.36063715
4907	0.41359388
4431	0.38712914
3709	0.37514598
4625	0.36899087
1873	0.45573737
1479	0.51097085
3931	0.36346848
4436	0.39552628
4702	0.37652489
4919	0.39429057
2354	0.49854917
3455	0.47453417
4306	0.34422776
3135	0.41397317
3399	0.39517226
2638	0.35139875
4398	0.37474995
2743	0.38048875
3481	0.35261824
2173	0.48937765
3869	0.38310341
3623	0.41060508
3772	0.40013932
2550	0.37919351
2494	0.47660732
2837	0.47610425
2059	0.52251886
3671	0.40772277
3879	0.35918635
1767	0.36065170
3521	0.37150005
4473	0.31214298
2148	0.49819551
3975	0.38951389
2752	0.47420764
4677	0.36882474
1964	0.44536965
4717	0.35536680
2913	0.39840940
2107	0.39582447
3479	0.38566653
2882	0.41663821
4608	0.35323245
4927	0.36988509
3986	0.38270035
3308	0.45650058
3659	0.39777224
3370	0.32335929
3608	0.36587545
3175	0.45756735
4697	0.37328379
2730	0.39722879
3055	0.39215322
3592	0.48934171
4937	0.34954168
1251	0.46176561
2621	0.36489994
3576	0.34806385
4884	0.35103808
4151	0.36130265
4156	0.38190415
4292	0.37821371
4595	0.37082969
4162	0.36774713
2070	0.55220327
2747	0.42674435
3261	0.43546011
2057	0.49599254
2015	0.43098537
3633	0.41898116
4573	0.34867581
4077	0.35243297
3914	0.40590269
3386	0.33773664
4284	0.31807346
2014	0.43665448
4314	0.35347569
2792	0.38110334
2981	0.38191426
4320	0.34938796
3814	0.36709577
3440	0.39854791
3908	0.41240218
4271	0.44383972
3245	0.36791318
3887	0.39583402
3677	0.37567506
4538	0.39928767
3371	0.36758090
4021	0.35131135
3450	0.34259378
2176	0.43269253
1356	0.56927918
4628	0.44015347
2338	0.44149243
3264	0.38304968
4917	0.35945552
2248	0.45539099
2855	0.36345643
4266	0.31450699
3941	0.36754736
4475	0.35688501
1915	0.42627509
3644	0.39300151
3951	0.36547214
4620	0.35499148
3892	0.34673873
1884	0.50181110
2063	0.36731087
2866	0.37973381
3661	0.36431594
3917	0.38627428
4583	0.38489048
4641	0.34485001
2943	0.33723961
4707	0.36531072
3464	0.34010415
4257	0.36400519
3577	0.37477610
2184	0.46281599
4746	0.36599296
2321	0.39542042
2817	0.46460881
1609	0.50015060
2659	0.38499990
4950	0.33925618
3925	0.40436635
3458	0.40671966
4347	0.36367528
3347	0.51514729
4695	0.35874165
4256	0.33523923
3809	0.41609577
2472	0.43211237
3348	0.41727633
3842	0.36836910
4610	0.37575073
1499	0.52709986
2411	0.40191235
3174	0.40823754
3451	0.33838824
3818	0.35283453
4142	0.34279690
3741	0.32930462
3325	0.33509058
4758	0.32839202
4636	0.35090274
3645	0.44691003
3827	0.42255273
3593	0.42561206
4419	0.36303152
4492	0.36494256
4018	0.33869725
4874	0.34009260
4899	0.32897087
3233	0.37131027
3310	0.42650275
2227	0.49538607
3323	0.38883659
2797	0.40448548
3939	0.34465342
4183	0.32640803
3485	0.36666204
2109	0.46016774
3723	0.39457222
4376	0.34657083
2209	0.50805538
4513	0.35128303
4516	0.35354970
3685	0.39574465
4079	0.36583975
2899	0.36937765
3452	0.38294563
4581	0.36053639
4938	0.35934819
4228	0.38906443
2784	0.49454062
4633	0.36101011
2420	0.38469160
3731	0.37364207
2763	0.38371472
1975	0.37010879
3956	0.35953387
4399	0.31898222
3870	0.35915332
4639	0.40256400
2353	0.37314712
4416	0.37790491
3898	0.36383549
3388	0.41877494
3739	0.41493749
4903	0.38468403
4031	0.35796439
3851	0.35903147
2191	0.36386330
3240	0.36106597
3934	0.37441701
2039	0.52971056
4870	0.34594604
4623	0.32417778
3862	0.36583193
4453	0.40614376
4469	0.35780717
4261	0.38587931
4305	0.36457061
4890	0.32106466
2672	0.35719641
2619	0.39984676
2529	0.47938211
2848	0.38934981
3703	0.32843963
4657	0.36207409
1992	0.40441103
4905	0.38154521
3968	0.34596422
3649	0.35610553
3779	0.37325860
2276	0.49075668
4202	0.35052454
2312	0.39083158
3877	0.37208034
4297	0.37630823
4049	0.35844460
4562	0.40791083
4030	0.36249032
4778	0.36162780
2473	0.36444578
1807	0.46174180
2694	0.38630142
4414	0.33802388
4354	0.36492788
3186	0.34522153
3395	0.36688309
2779	0.33963357
4026	0.33814527
3796	0.39245577
4821	0.38672968
2591	0.45037321
3118	0.35990183
4648	0.33825351
4883	0.35286350
3322	0.44289580
3801	0.33237803
3401	0.38047125
3548	0.39382003
4536	0.35027494
3423	0.36635541
4549	0.35450623
4759	0.31608011
4329	0.33620771
4622	0.38384769
3625	0.33863655
4237	0.33818983
3540	0.37440135
4005	0.39320912
3067	0.37445945
3197	0.37534219
4685	0.35324773
3655	0.35568408
4799	0.33584197
3667	0.53738408
3491	0.33319455
2669	0.35958440
4268	0.39254209
3980	0.33700686
3296	0.49533407
4916	0.31209966
4605	0.32182099
2113	0.42948005
4022	0.39582517
4726	0.35519253
3679	0.38525749
2011	0.53218063
3361	0.41165844
4853	0.34473706
3001	0.39850116
3426	0.41389369
4441	0.34620095
4435	0.32324178
3362	0.37446129
4511	0.31657787
4661	0.32366045
4000	0.33888968
3476	0.34893683
2690	0.44100963
3910	0.48194412
4740	0.35925194
3555	0.38314255
3274	0.38815839
3453	0.46243691
3166	0.34540650
2744	0.50124755
4067	0.34307358
2677	0.32542574
4369	0.34703929
3417	0.34855820
3962	0.37135112
4411	0.38854441
3676	0.45998694
4762	0.37023580
2872	0.43102449
3738	0.42847415
3795	0.35824811
4134	0.36426231
4676	0.32301026
4160	0.36489873
4734	0.32256957
4254	0.35921573
4598	0.34267147
4944	0.34367122
3397	0.45146288
4618	0.35098671
4415	0.33174304
4850	0.36155616
4859	0.31859224
4434	0.34212329
3601	0.34215856
4506	0.36826205
3817	0.38901584
3590	0.40387011
2563	0.32964167
4063	0.36235072
4669	0.35026700
3714	0.33200895
3616	0.36348928
4338	0.31275434
4246	0.36488045
4426	0.36857290
3964	0.34928833
3276	0.39579673
4701	0.35406155
4892	0.33754209
4753	0.32688267
4260	0.38500711
3366	0.38314210
2795	0.34500840
3435	0.38559129
3627	0.40144768
3352	0.41326236
3391	0.34554264
4404	0.33612573
4351	0.31016366
4009	0.33980323
4496	0.34858339
4218	0.32271997
3628	0.33525358
4126	0.34160359
3376	0.38011116
4507	0.40082570
4784	0.35151094
4190	0.37430351
4093	0.38590587
4582	0.32455459
4484	0.37262916
4836	0.30951833
4930	0.32793986
4442	0.30917034
4880	0.32164248
3639	0.34281746
4357	0.42200595
4956	0.30675058
4418	0.32687737
4406	0.36971096
4339	0.31750845
3918	0.33780364
4785	0.29426278
4769	0.31798457
4626	0.33064177
4599	0.36702872
4164	0.28928503
4692	0.35470741
3916	0.32309736
4878	0.31620446
4211	0.31432815
4362	0.35288910
4348	0.28859923
