0	0.68981146
1	0.68975777
2	0.69008233
3	0.68975559
4	0.68982946
7	0.69004735
8	0.68976725
9	0.68994916
15	0.68876671
21	0.68989510
25	0.68979525
27	0.69005255
61	0.68578995
66	0.68663460
91	0.67654027
96	0.68962282
97	0.68962087
108	0.67951537
117	0.67627054
135	0.68904151
141	0.68463322
149	0.62358054
162	0.68521000
175	0.68753381
192	0.68412587
214	0.68454119
218	0.67371780
234	0.63775465
245	0.58002017
249	0.60537983
285	0.64341958
319	0.65156817
342	0.64139285
389	0.63520411
423	0.63957886
435	0.67356205
458	0.64324000
522	0.56738473
543	0.68284772
584	0.63317946
586	0.52607478
588	0.68855950
633	0.55719631
648	0.62009297
677	0.51267554
770	0.52398990
795	0.45518156
806	0.44862879
842	0.46697579
856	0.48983918
894	0.59506834
928	0.43365089
967	0.58011394
976	0.47248312
985	0.54626349
986	0.52327963
1008	0.65896715
1019	0.56003025
1035	0.57331455
1048	0.51917161
1082	0.57777438
1106	0.53990017
1107	0.51505827
1122	0.54047616
1151	0.43948156
1171	0.46816752
1264	0.49622718
1266	0.46856921
1273	0.50725406
1283	0.50683572
1295	0.45462054
1309	0.56111899
1312	0.47663572
1317	0.48470040
1321	0.45502621
1464	0.43216225
1498	0.62198626
1508	0.48520329
1576	0.57875473
1588	0.56870970
1592	0.55941564
1672	0.44872599
1803	0.52450007
1890	0.53095899
1964	0.55160267
1976	0.47152262
2013	0.44829250
2144	0.60586213
2176	0.46746916
2205	0.49714210
2210	0.44438896
2243	0.49062498
2389	0.47306772
2465	0.48378347
2550	0.46997619
2593	0.44216792
2636	0.48452485
2711	0.51570272
2725	0.52019676
2784	0.45509700
2795	0.55553658
2803	0.44713651
2944	0.44393901
2973	0.44369022
2979	0.55232059
3017	0.50947124
3049	0.49940790
3081	0.41412765
3120	0.41430069
3132	0.41270314
3161	0.41744592
3191	0.43104757
3257	0.43909488
3379	0.49758834
3419	0.44952505
3480	0.46295092
3581	0.44290814
3622	0.43852156
3636	0.43064376
3924	0.44253537
4045	0.40275723
4119	0.42141047
4361	0.46981829
4365	0.43734022
4382	0.36014267
4644	0.43555621
4678	0.42140394
4877	0.44835936
4929	0.42191356
5034	0.42712698
6	0.68978918
13	0.68988911
17	0.68949260
19	0.68990827
24	0.68988304
30	0.68990844
32	0.68957421
37	0.67245520
40	0.67623819
50	0.68881200
55	0.68988097
58	0.68806720
59	0.68899460
60	0.68433782
65	0.68928903
74	0.66001554
78	0.65993364
88	0.68950428
102	0.64244015
115	0.68793775
129	0.67434376
134	0.68895203
158	0.67784275
164	0.65374884
179	0.62856245
183	0.67244337
186	0.56145248
196	0.60818287
212	0.67784458
213	0.64364002
220	0.66655156
242	0.52379844
254	0.68335817
266	0.61506752
281	0.64175535
293	0.65071304
311	0.63391871
320	0.58323807
332	0.68485498
369	0.66260094
413	0.57640807
424	0.62656894
461	0.66657552
485	0.43250832
497	0.64970777
590	0.52602817
612	0.61510834
618	0.62750839
627	0.60626228
644	0.62151399
647	0.44459235
658	0.58490250
675	0.60976537
706	0.64233438
726	0.64689465
728	0.62508941
739	0.49459262
748	0.65257156
791	0.50329950
801	0.54663334
812	0.54147787
902	0.50468601
910	0.57036146
927	0.58490564
943	0.61106188
957	0.54432116
965	0.56803428
1003	0.54857567
1017	0.41041285
1028	0.61784646
1034	0.52659649
1128	0.51347510
1206	0.46947369
1220	0.53136101
1240	0.52892077
1259	0.53259458
1260	0.45251616
1271	0.61057163
1279	0.55434686
1310	0.59167958
1313	0.44169653
1339	0.48404658
1352	0.48457592
1355	0.59368861
1371	0.47107416
1408	0.52092000
1410	0.54167114
1432	0.54058312
1457	0.42245465
1497	0.54790950
1502	0.58626703
1548	0.43052671
1563	0.61714512
1646	0.40144913
1665	0.51444396
1682	0.55964705
1683	0.51845649
1703	0.45047089
1771	0.56580067
1773	0.45158876
1800	0.51832515
1820	0.40190411
1915	0.46078448
1917	0.56702530
1971	0.48331097
1990	0.42927059
2129	0.52541302
2188	0.48081517
2232	0.44490054
2241	0.44468097
2246	0.49707995
2327	0.45518537
2354	0.47154738
2445	0.42689421
2501	0.43343527
2513	0.47330136
2583	0.45985087
2663	0.41107661
2678	0.53381542
2698	0.44882208
2750	0.45955955
2916	0.43834547
2930	0.39234329
2947	0.46631074
3015	0.43981955
3145	0.46605651
3233	0.40069795
3286	0.50740673
3287	0.48254819
3354	0.41671050
3381	0.45642012
3382	0.42683795
3401	0.46272517
3426	0.39770921
3468	0.43584453
3471	0.49406574
3482	0.41345832
3487	0.45119168
3521	0.41084047
3633	0.49627257
3729	0.40975287
3897	0.44774146
3996	0.48173517
4004	0.42440037
4009	0.45624389
4026	0.44566455
4135	0.41461297
4184	0.38521386
4204	0.43836696
4218	0.40207723
4289	0.45367488
4367	0.45214978
4447	0.41090990
4449	0.39984297
4477	0.42038322
4545	0.37750785
4658	0.47768210
4666	0.38107512
4736	0.41752874
4820	0.42955834
4833	0.40783582
4948	0.36169465
4959	0.38514423
4964	0.43818453
4991	0.37547973
5	0.68985809
46	0.68223292
76	0.68663267
109	0.68389797
114	0.68296250
205	0.68635495
238	0.61580894
308	0.61736129
313	0.67786151
343	0.45325101
354	0.68331097
436	0.60465780
474	0.52740265
500	0.59830953
513	0.44902752
666	0.66445131
762	0.45351901
788	0.66969896
947	0.61314342
990	0.43077300
1117	0.49544839
1361	0.57874376
1567	0.49878131
1598	0.50943611
1626	0.60945381
1632	0.48181896
1684	0.41801899
1761	0.53534176
2202	0.47634022
2300	0.52019433
2356	0.48180235
2400	0.39356958
2560	0.46640889
2653	0.45178946
2957	0.45444562
2978	0.44103547
3342	0.40461475
3559	0.37985391
3844	0.41263678
4266	0.46591015
4269	0.40185530
4687	0.41789094
4695	0.47188752
4844	0.41210802
4919	0.40026780
5018	0.43024171
5029	0.43842460
10	0.69010441
14	0.68980322
23	0.69000688
29	0.68775498
41	0.68980188
54	0.68980304
70	0.68458894
79	0.68731911
80	0.66321609
84	0.68773762
118	0.63552126
140	0.68304876
142	0.68442621
159	0.66529124
221	0.68740651
229	0.66519847
251	0.68902871
277	0.55670304
306	0.66595762
327	0.66958087
349	0.62232304
425	0.68680359
439	0.50671334
443	0.64777705
448	0.61055178
503	0.67259658
558	0.64992176
609	0.46394522
631	0.55542651
635	0.59544475
637	0.59828686
724	0.64202963
731	0.53856960
746	0.62700401
821	0.45588260
825	0.53952760
877	0.54737507
913	0.51734089
933	0.57103483
935	0.60658480
968	0.59844129
1040	0.52744812
1086	0.53988208
1152	0.46148698
1242	0.61597864
1261	0.52877767
1316	0.53099475
1343	0.47717426
1640	0.44530213
1732	0.63962911
1770	0.42429681
1779	0.45733475
1787	0.48168772
1790	0.47549564
1794	0.47162827
1831	0.50860876
1894	0.43861144
1941	0.46564804
1957	0.47856267
1995	0.48498027
2025	0.52848510
2349	0.45588121
2419	0.39632243
2449	0.54877993
2461	0.43516512
2483	0.41457668
2500	0.49002584
2529	0.42421842
2534	0.43121428
2591	0.50854933
2599	0.50091629
2609	0.47904463
2657	0.46243176
2710	0.44601782
2789	0.43300874
2794	0.41431861
2797	0.41854463
2938	0.43312715
2982	0.49788671
3005	0.46124025
3022	0.45964455
3085	0.38544438
3110	0.40482960
3402	0.44383272
3407	0.43612250
3464	0.43165215
3536	0.42067535
3621	0.41371797
3815	0.48597267
3829	0.41420418
3913	0.43738220
3934	0.48479186
3994	0.44428804
4150	0.41322059
4160	0.35940094
4273	0.44657995
4330	0.36003567
4483	0.43024847
4579	0.37010948
4593	0.37368671
4671	0.38748082
4702	0.47115463
4796	0.41399255
4924	0.36471978
5033	0.38511156
5036	0.38665074
11	0.68967507
34	0.68931067
63	0.68904124
89	0.67870139
93	0.54485295
166	0.68953592
197	0.63159347
201	0.68940131
202	0.57455106
232	0.68913960
243	0.63706413
244	0.65825220
262	0.59677052
263	0.62796473
324	0.62914208
326	0.67924599
344	0.68348084
348	0.47988787
442	0.68503436
464	0.50716084
489	0.66833047
552	0.60998572
595	0.51274856
598	0.50413745
653	0.68317129
670	0.50138104
721	0.59033876
852	0.65337176
875	0.63621767
930	0.53848790
940	0.64963245
982	0.53243168
1000	0.65201710
1175	0.54604851
1210	0.60336527
1253	0.44584802
1338	0.43035218
1341	0.57564067
1422	0.53770366
1445	0.47451490
1493	0.51918995
1500	0.42588020
1507	0.51259317
1620	0.46766396
1740	0.51711592
1745	0.53466718
1755	0.50521681
1780	0.47313411
1901	0.52689485
2083	0.41800589
2116	0.45998720
2470	0.43007832
2498	0.42379178
2508	0.48862121
2517	0.55080973
2565	0.42004738
2674	0.48350196
2677	0.42819965
2683	0.43590203
2721	0.48714220
2811	0.43237339
2818	0.44300589
2955	0.49413119
2963	0.38290297
3032	0.54384965
3060	0.42616181
3224	0.40686921
3424	0.47100512
3469	0.41906416
3554	0.43599361
3611	0.44930869
4033	0.38913577
4245	0.45376819
4283	0.39462468
4443	0.39223243
4634	0.39418710
4951	0.44736394
4956	0.43129770
12	0.68980698
20	0.68994354
33	0.65541968
39	0.68919062
160	0.64560928
253	0.66971208
274	0.57029889
323	0.68593832
325	0.67038059
341	0.55125839
385	0.59014554
391	0.67023272
446	0.55502715
608	0.62819988
613	0.55508502
663	0.45220896
897	0.48614579
905	0.52178139
996	0.47627210
1021	0.50556431
1148	0.48573455
1156	0.47705950
1159	0.59076748
1199	0.45040609
1652	0.52534856
1689	0.54774025
1750	0.48390782
1777	0.46319656
1789	0.42259314
1849	0.45056193
2180	0.45173869
2366	0.46057782
2453	0.41854087
2495	0.42767181
2580	0.45350337
2708	0.48310851
2761	0.42438010
3006	0.44773126
3091	0.47453329
3147	0.44949921
3218	0.51125319
3339	0.47416181
3431	0.43641943
3437	0.44659599
3518	0.42846817
3610	0.48148507
3821	0.45728121
4196	0.35297512
4230	0.43186644
4312	0.42959760
4629	0.41390797
4926	0.36454856
5030	0.42406653
47	0.68907030
69	0.68963389
100	0.67039926
106	0.62813126
112	0.68939948
121	0.66091205
122	0.62837411
147	0.66884765
153	0.67030710
165	0.68775700
168	0.66504847
193	0.64923748
265	0.68450552
360	0.66023851
361	0.66493720
376	0.59887562
382	0.67272525
390	0.60605804
400	0.57928017
414	0.51446307
417	0.64168101
422	0.66538856
427	0.67172059
432	0.55291275
453	0.66133733
459	0.63329218
465	0.63114146
479	0.59032866
531	0.68643200
549	0.53478894
580	0.44743933
587	0.59120423
628	0.63315376
837	0.54827755
916	0.53647738
917	0.54120950
991	0.60562215
1006	0.53793309
1045	0.58985834
1053	0.48820644
1064	0.55217666
1070	0.59503609
1081	0.56070438
1181	0.45337653
1217	0.60005748
1329	0.44646819
1473	0.54661240
1555	0.48642903
1710	0.56225577
1861	0.47142342
1876	0.42030715
1899	0.44131022
2078	0.44402604
2238	0.52373653
2261	0.54685399
2357	0.45295106
2440	0.47817012
2456	0.45648933
2554	0.44988426
2562	0.41671696
2656	0.47633884
2662	0.43243406
2701	0.51750319
2719	0.42730785
2837	0.51562364
3002	0.40362728
3102	0.42664035
3107	0.50813446
3212	0.40631834
3231	0.45015886
3309	0.51911371
3320	0.41658733
3332	0.43163067
3347	0.40288876
3370	0.40103480
3648	0.40996980
3833	0.40418968
4032	0.37130042
4070	0.37379520
4097	0.41554178
4120	0.43424381
4154	0.42447745
4277	0.41313604
4421	0.45526448
4452	0.48810569
4482	0.44761733
4528	0.45146416
4566	0.39144906
4612	0.42240837
4625	0.43383114
4760	0.45056146
4907	0.41615314
4976	0.44318050
52	0.68962054
68	0.68993829
71	0.67632332
92	0.68981478
107	0.68804884
380	0.62472136
395	0.67366903
735	0.63861817
768	0.63367111
799	0.45828149
859	0.57306339
978	0.64241683
1237	0.47238087
1307	0.54034691
1654	0.53399653
1981	0.47787040
2296	0.44473022
2313	0.47568696
2322	0.45499369
2841	0.44257725
2953	0.40487101
2996	0.42110307
3282	0.41751968
3441	0.44787908
3561	0.45021314
3894	0.43242012
4056	0.37476993
4288	0.42549436
4308	0.48246725
4332	0.40241658
4334	0.36914545
4340	0.45318453
4370	0.43898631
4724	0.42039418
45	0.68968077
81	0.68017599
103	0.68961530
110	0.61190250
123	0.66309418
133	0.68498351
138	0.65584250
144	0.63189621
146	0.65194334
194	0.66217243
200	0.67866537
269	0.68425423
294	0.68075040
331	0.64553423
467	0.54602153
568	0.58290319
603	0.62511178
624	0.54545465
765	0.51880550
766	0.56689802
779	0.52780329
798	0.57575032
819	0.55381500
870	0.53841960
874	0.49930050
912	0.57530874
960	0.54249332
993	0.51001926
1115	0.44327842
1158	0.48873116
1188	0.49111322
1193	0.59441990
1234	0.54540990
1299	0.43829876
1311	0.42425698
1336	0.42985401
1351	0.57564832
1390	0.45023248
1421	0.55543220
1485	0.49377097
1582	0.50620832
1614	0.46115027
1799	0.45615319
1855	0.54637708
1947	0.45956156
2010	0.39814312
2031	0.50263965
2102	0.54941993
2303	0.53884319
2334	0.50345993
2388	0.47600438
2423	0.45186391
2671	0.49514522
2817	0.49174859
2828	0.46634525
2928	0.40540478
3008	0.52384235
3199	0.46896666
3288	0.43303171
3605	0.44537460
3677	0.42400144
3919	0.38892458
3980	0.36554015
4111	0.45128728
4159	0.36569069
4177	0.43729866
4281	0.47446641
4527	0.48778448
4591	0.43618146
4614	0.42097428
4616	0.43366097
4899	0.40741304
4900	0.38462834
4953	0.41836359
26	0.68980616
35	0.68177344
38	0.68956540
42	0.68867668
48	0.67548636
83	0.66819126
204	0.61017433
261	0.67618413
305	0.68252361
451	0.67261547
471	0.47745903
576	0.57530282
610	0.49172332
625	0.59376847
704	0.62729351
754	0.59581238
764	0.52749448
822	0.46695040
826	0.54374968
893	0.59165384
924	0.65426515
975	0.47191948
1015	0.59755505
1057	0.50818708
1097	0.44908208
1132	0.45854522
1282	0.52581545
1323	0.46870619
1350	0.50017384
1393	0.51819413
1543	0.42635691
1873	0.46912757
2002	0.41597401
2046	0.42491062
2054	0.50666181
2064	0.50530889
2072	0.47391433
2075	0.50252285
2204	0.48374163
2364	0.44015998
2548	0.55778498
2670	0.43350203
2673	0.43034572
2690	0.47620849
2862	0.49038213
2909	0.46888693
2929	0.48421958
2970	0.38734446
3061	0.44751666
3115	0.48741859
3174	0.39968020
3177	0.40550329
3297	0.44228225
3301	0.39318394
3660	0.41056473
3828	0.43448101
3870	0.43927839
4010	0.41091030
4068	0.40613364
4229	0.44427512
4274	0.39541849
4453	0.40617366
5038	0.39199126
16	0.68988307
22	0.68823441
44	0.68981554
49	0.67214196
56	0.68602260
57	0.69005980
85	0.68923052
86	0.68969413
87	0.68132176
94	0.69010381
116	0.64306641
130	0.68784228
169	0.65034260
172	0.55546844
207	0.66116502
217	0.68429757
224	0.45608562
275	0.63051730
355	0.55079661
375	0.54674520
426	0.67820104
462	0.63742423
473	0.49444502
521	0.58258824
555	0.52594040
573	0.62108243
604	0.60845248
630	0.47967517
643	0.65965923
659	0.57697658
660	0.53489215
674	0.55447188
686	0.44018208
691	0.64727782
703	0.50495193
775	0.57764775
804	0.50959109
818	0.60197965
834	0.43245584
863	0.49683059
1067	0.58604403
1098	0.47957975
1142	0.62890832
1162	0.55283329
1267	0.48099423
1397	0.50991738
1405	0.47107601
1426	0.50795750
1469	0.53561406
1552	0.52915886
1557	0.50948520
1591	0.50144074
1675	0.44918802
1818	0.45031233
1865	0.49506200
1996	0.52471923
2030	0.49160116
2043	0.40125720
2067	0.43220718
2079	0.44384200
2206	0.44501106
2328	0.41615973
2332	0.51574351
2407	0.49497144
2439	0.59749861
2472	0.46691767
2476	0.42761950
2488	0.45622126
2743	0.51757916
2766	0.48880200
2814	0.45333082
2880	0.47220312
2904	0.42787584
3073	0.50659624
3088	0.40333178
3240	0.45582668
3245	0.41788203
3258	0.41002641
3362	0.46097458
3406	0.41592847
3428	0.38839064
3450	0.45290418
3461	0.43203210
3535	0.45194307
3562	0.45172856
3591	0.45589770
3632	0.44802488
3649	0.42849248
3737	0.40774896
3954	0.47333842
4213	0.48613329
4260	0.42952072
4284	0.44679354
4324	0.39689082
4631	0.41178906
4882	0.43333064
4889	0.41667230
4894	0.44978161
5014	0.38542725
5019	0.36988609
62	0.68823238
98	0.65428824
132	0.48110403
190	0.66036599
228	0.67810161
352	0.68920597
384	0.67072507
406	0.61342817
433	0.51625144
470	0.63153993
743	0.64484146
797	0.62023985
841	0.61892507
906	0.53176097
1104	0.48357629
1289	0.44372735
1305	0.52615847
1398	0.60017750
1512	0.46116567
1569	0.46727210
1870	0.48420146
1898	0.44536173
1902	0.46437027
1951	0.44715787
2081	0.46823488
2250	0.45239035
2441	0.51217681
2520	0.45774822
2866	0.44216317
2959	0.39772290
3128	0.43564119
3275	0.53762673
3470	0.48231124
3524	0.49531921
3534	0.43340287
3553	0.38769139
4109	0.40312050
4234	0.42987344
4423	0.36222000
4508	0.40607871
4651	0.44196275
4808	0.39644317
18	0.68986822
53	0.69002599
177	0.67385626
189	0.68258606
191	0.62470470
198	0.68694896
256	0.62902126
292	0.58267762
315	0.65805545
321	0.59921762
364	0.60406923
437	0.62685480
535	0.60681644
550	0.61289149
596	0.67978629
602	0.53311238
621	0.65390483
678	0.64258710
682	0.62365327
692	0.60485792
729	0.58356178
741	0.49740460
752	0.63699656
769	0.43718480
774	0.53909168
780	0.52423139
783	0.51154005
810	0.54405730
889	0.59008426
909	0.63926686
931	0.50050287
962	0.60401356
973	0.60637131
1024	0.50535022
1088	0.49607054
1110	0.60043656
1154	0.62163030
1244	0.61209285
1268	0.50430203
1290	0.53008347
1374	0.44610757
1382	0.44609428
1406	0.60276550
1414	0.44838606
1448	0.54277723
1452	0.49823181
1650	0.44794235
1653	0.59032871
1702	0.58021693
1726	0.59786775
1752	0.50719126
1758	0.49016515
1956	0.46556354
1965	0.50370371
2008	0.49760621
2061	0.45873186
2076	0.49243183
2091	0.50908510
2304	0.49850824
2309	0.59664899
2411	0.42975730
2418	0.54385104
2432	0.45226287
2504	0.53130500
2540	0.42156804
2699	0.43539787
2767	0.40952762
2833	0.51668158
2853	0.43855265
2881	0.43403485
3023	0.50180270
3050	0.44399344
3057	0.49828339
3112	0.46308257
3189	0.46682149
3211	0.43448894
3256	0.39611302
3294	0.52896304
3505	0.41299750
3511	0.47102421
3563	0.45590552
3573	0.50001106
3712	0.46450161
3814	0.44055097
3840	0.46338349
3882	0.44799730
3909	0.45324611
3937	0.42815691
4034	0.38620998
4099	0.40812339
4155	0.36626178
4267	0.38940344
4475	0.43376517
4500	0.36329433
4504	0.45787493
4518	0.42588163
4855	0.36523569
4911	0.37078275
4969	0.42093960
4992	0.39811468
77	0.68796203
90	0.68936879
99	0.68596936
208	0.68224800
312	0.66592186
394	0.57993218
495	0.51998475
533	0.61804720
714	0.56993899
849	0.63481334
871	0.46730364
888	0.58037874
922	0.56394408
945	0.54429703
1066	0.64576723
1281	0.50064817
1378	0.50104329
1611	0.49749485
1713	0.52637248
1813	0.53985663
1912	0.45276319
2020	0.46930797
2183	0.43827710
2257	0.54101854
2489	0.42181804
2696	0.54378606
2780	0.37573515
2871	0.47781337
3502	0.45870421
3565	0.46887069
3822	0.44028468
3887	0.46362847
4132	0.39990587
4353	0.41721733
4494	0.36643911
4712	0.40546745
4740	0.39980040
4830	0.45603188
5002	0.44078334
5008	0.40882775
75	0.68966408
119	0.65545797
152	0.61529688
174	0.67902886
185	0.54568631
206	0.51659780
284	0.64630916
304	0.68793614
388	0.63540834
482	0.49551104
541	0.49146250
646	0.63997960
740	0.58936047
778	0.58266554
848	0.63629376
886	0.56360156
904	0.50658770
997	0.58401733
1058	0.58319433
1120	0.44018198
1144	0.54447399
1170	0.44306020
1203	0.54745879
1225	0.52872416
1296	0.52620547
1417	0.40148856
1439	0.51204743
1604	0.55621671
1616	0.51927703
1705	0.41429619
1896	0.52470203
1911	0.46837990
1918	0.54265351
2024	0.46916297
2121	0.54814188
2991	0.46330235
3082	0.44010673
3184	0.47141027
3343	0.42105824
3472	0.44915418
3572	0.48853500
3692	0.42823290
3730	0.46811908
3734	0.49015480
3787	0.45347089
3839	0.43253322
3859	0.43013525
3967	0.40996218
3970	0.52769918
3975	0.43622413
4066	0.46523985
4067	0.43012780
4181	0.41282329
4928	0.41862399
5026	0.36767498
155	0.68045428
173	0.68883121
296	0.61973750
447	0.56902408
730	0.41635943
1239	0.53783134
1431	0.44490844
1472	0.48440205
1609	0.43993938
1728	0.55581087
1992	0.49391698
2854	0.42213735
3114	0.51653797
3525	0.41156614
3584	0.46509963
3671	0.50843540
3947	0.42786468
4163	0.43873713
4427	0.43983101
4540	0.43005406
4811	0.44677978
4971	0.42742089
4978	0.35870554
28	0.68949408
72	0.67964485
82	0.62065329
145	0.64203510
163	0.65144342
227	0.58511401
239	0.57372594
246	0.67267475
287	0.66432673
295	0.64958869
334	0.67072250
356	0.57584030
381	0.62372807
457	0.59186785
545	0.54834567
579	0.65812017
662	0.45549391
665	0.48694537
685	0.58859891
705	0.47339663
811	0.64615886
994	0.47687896
1020	0.58946181
1280	0.43650896
1347	0.53661248
1353	0.51023678
1418	0.43944983
1510	0.59150161
1560	0.48158856
1686	0.43784703
1805	0.49381963
1969	0.50991723
2391	0.42203495
2632	0.51743676
2975	0.51831062
2994	0.40118270
3019	0.42156780
3146	0.45133673
3540	0.42241176
3698	0.41686488
3918	0.44862109
4101	0.41386458
4103	0.36950450
4138	0.42606035
4242	0.45381733
4290	0.43883399
4394	0.36897193
4461	0.42212441
4525	0.42430708
4548	0.39819926
4705	0.37394510
4793	0.45338282
241	0.61193673
664	0.57045958
684	0.48760658
742	0.55485854
999	0.55459886
1195	0.45063483
1218	0.56829473
1345	0.52472970
1671	0.45439329
1768	0.50917619
2182	0.47712542
2278	0.50410720
2685	0.49242426
2945	0.37663349
3047	0.46936572
3338	0.45051074
3686	0.44364903
3903	0.37312327
4523	0.37196772
51	0.68959027
171	0.68913906
289	0.65946540
302	0.62586814
379	0.66102646
386	0.63759960
546	0.64607426
554	0.62826891
655	0.61778401
679	0.59685401
697	0.56113077
733	0.60609230
903	0.65809851
1038	0.55936245
1131	0.42718547
1356	0.48633676
1784	0.48811584
2016	0.54620844
2032	0.45518203
2110	0.38135250
2233	0.46358903
2324	0.55606040
2516	0.41633606
2527	0.43581050
2543	0.51865186
2559	0.43122696
2659	0.44647517
2792	0.41685312
3052	0.51923649
3149	0.42847510
3368	0.47691042
3577	0.37432899
3625	0.49762290
4262	0.41183802
4282	0.36795067
4441	0.40465775
4537	0.38307203
4633	0.41031000
4949	0.41872861
4970	0.41408470
67	0.68999760
73	0.68935176
113	0.67293577
219	0.67299384
222	0.57702166
248	0.66993141
278	0.43985478
359	0.58331337
402	0.65056129
416	0.54477995
560	0.68318577
823	0.63654245
833	0.51921349
898	0.57210470
901	0.44719849
1037	0.46967282
1049	0.57199629
1177	0.46737842
1243	0.50724666
1308	0.53725710
1315	0.52375718
1320	0.58201304
1617	0.47957614
1685	0.46379166
1775	0.50602710
1927	0.44278282
2039	0.54329282
2247	0.55722077
2396	0.39319812
3000	0.51765639
3083	0.43696500
3261	0.39573007
3303	0.42669990
3330	0.41089636
3344	0.41820681
3390	0.44768921
3532	0.43115106
3628	0.42903767
3673	0.45219282
3863	0.37988973
3938	0.42358067
3950	0.41154149
4052	0.47205502
4166	0.42707626
4501	0.38616827
4534	0.41551884
4850	0.44718735
5025	0.42511869
36	0.68942861
151	0.66964562
170	0.66564943
188	0.66078681
199	0.66141203
260	0.50730304
298	0.66006579
307	0.67898844
370	0.66439354
407	0.67708609
536	0.59040260
616	0.64014275
673	0.53575666
763	0.60585282
866	0.48211035
887	0.44522876
1009	0.56863854
1092	0.60284953
1300	0.50807151
1465	0.62251401
1549	0.49246463
1658	0.54575205
1723	0.48540349
1727	0.55703480
1823	0.43461141
1929	0.48781463
1933	0.45266896
1942	0.47132000
1967	0.43450814
2052	0.52834938
2118	0.44169579
2279	0.50335166
2287	0.46466161
2307	0.43435512
2318	0.49889844
2337	0.47046020
2373	0.45392153
2497	0.48948903
2640	0.55256035
2702	0.47863750
3063	0.38942349
3066	0.45709027
3209	0.43947906
3317	0.42839282
3596	0.44445498
3620	0.44928111
3728	0.46622433
4243	0.45388391
4375	0.41506535
4861	0.37288082
4892	0.43392678
31	0.68975950
64	0.66788069
95	0.68800968
105	0.68983715
181	0.68432936
223	0.63415161
316	0.59014337
330	0.67057161
450	0.58496881
529	0.59213832
564	0.63455233
567	0.60229666
634	0.59787733
638	0.68330995
640	0.55735332
700	0.63247040
755	0.60641869
756	0.55905510
939	0.43866007
1010	0.45442406
1025	0.62609403
1043	0.50586391
1116	0.50130260
1202	0.48128520
1208	0.42353156
1376	0.51042270
1383	0.49535574
1389	0.48499000
1392	0.55586210
1413	0.57175084
1513	0.62560215
1517	0.49019844
1550	0.55884411
1568	0.50497510
1570	0.57749364
1613	0.48366139
1623	0.52709686
1627	0.49810426
1643	0.52119547
1706	0.47574139
1763	0.47331619
1781	0.58959755
1838	0.45055540
1994	0.56486515
2001	0.52302228
2077	0.51628054
2190	0.46525257
2291	0.45212884
2321	0.44473007
2323	0.40886344
2343	0.42180166
2422	0.50523780
2468	0.44877839
2549	0.51351188
2581	0.38446443
2664	0.46685205
2777	0.44863079
2935	0.47008978
2974	0.45032688
3024	0.38801213
3113	0.44271589
3127	0.42686163
3187	0.50173502
3252	0.55776270
3259	0.49829686
3319	0.43117953
3328	0.41896030
3411	0.39321903
3568	0.40492240
3579	0.39798844
3586	0.42841126
3629	0.48491651
3678	0.36827649
3726	0.39248666
3733	0.40038250
3786	0.47750713
3984	0.39338153
4072	0.43272277
4147	0.40252426
4231	0.44756465
4253	0.39971106
4272	0.43834317
4436	0.47696624
4448	0.44038257
4607	0.45600569
4790	0.37814891
4817	0.37267710
4822	0.45382168
4883	0.41209376
4891	0.39240198
393	0.64572550
475	0.63238161
512	0.56371302
622	0.64527134
1163	0.59141379
1342	0.54248329
1596	0.37187488
2146	0.48711054
2344	0.51377379
2574	0.48676327
2875	0.41488163
2956	0.39139718
3033	0.39483963
3069	0.48624943
3864	0.41729554
4216	0.42770438
5043	0.40496889
43	0.67629126
150	0.67874844
216	0.67365347
230	0.66525243
259	0.66153131
333	0.65212668
366	0.68327728
397	0.60944416
466	0.66826153
469	0.65886800
510	0.56242465
592	0.50756579
737	0.54863364
761	0.61908446
884	0.49711084
932	0.58031047
983	0.53822022
988	0.58492963
1027	0.42380114
1160	0.51987436
1184	0.61675834
1191	0.43421406
1412	0.57409371
1425	0.44867334
1725	0.45311025
1786	0.56312970
1921	0.48590597
1980	0.41375822
2044	0.53618329
2066	0.48607436
2108	0.52417723
2239	0.44361782
2359	0.47664349
2383	0.44367394
2433	0.51697656
2509	0.41294720
2544	0.46662933
2625	0.50137052
2627	0.49999584
2665	0.52342463
2860	0.43898936
2940	0.48985463
3051	0.45481243
3143	0.49314760
3358	0.41025510
3440	0.44492552
3496	0.44286329
3609	0.40741851
3669	0.41717374
3826	0.40786686
4019	0.45706203
4093	0.44773218
4117	0.42857453
4413	0.42895507
4470	0.41917356
4670	0.46031750
4757	0.41041822
4909	0.41127042
4915	0.41201225
4916	0.39857750
4988	0.36461931
257	0.64107938
314	0.68365923
399	0.67895584
504	0.66039653
944	0.55845582
1372	0.57921205
1524	0.54897453
1795	0.60411458
1874	0.45030797
1910	0.45891822
2028	0.44258809
2036	0.42924725
2062	0.41968696
2386	0.54467824
2542	0.38300438
3690	0.41572480
4235	0.40840252
4550	0.41509493
124	0.68357822
148	0.68958970
154	0.68669718
431	0.60850243
656	0.57599270
717	0.41200572
732	0.63326168
861	0.51716124
1562	0.50013510
1698	0.51701149
2096	0.47932839
2135	0.42575505
2268	0.38344151
2333	0.46844020
2425	0.52164399
2447	0.50131958
2485	0.48904233
2531	0.45940656
2584	0.44659780
3075	0.41137510
3420	0.55814866
4326	0.41737342
4598	0.42960807
187	0.68943584
225	0.63497223
271	0.64724520
297	0.48039621
594	0.64822498
620	0.61088181
900	0.53571099
915	0.43910800
1080	0.48229327
1102	0.50051500
1125	0.50127748
1138	0.60230700
1147	0.42839827
1164	0.53952693
1207	0.56901827
1357	0.47965705
1400	0.50781032
1699	0.45315485
1835	0.43031396
1986	0.44827136
2459	0.49346416
2597	0.47936394
2688	0.40329530
2972	0.47327532
3133	0.49200196
3627	0.45292822
4077	0.50276505
4320	0.38242527
4322	0.41181027
4371	0.42051374
4966	0.40632839
126	0.68603901
157	0.67739252
180	0.67529319
338	0.63115322
441	0.66253760
483	0.64079084
872	0.55902874
936	0.62624990
1007	0.54104349
1077	0.47666824
1615	0.51079252
1636	0.47969344
1692	0.57585220
1829	0.51000522
1940	0.40375493
2155	0.56994218
2530	0.51520161
2809	0.48671064
3101	0.42607215
3208	0.43247426
3220	0.43914220
3500	0.43916842
3550	0.51346884
3691	0.40942715
3735	0.43385379
3960	0.40419416
4315	0.40087406
4804	0.38224025
4807	0.42059498
4972	0.42059304
387	0.68000943
787	0.57624916
794	0.51024470
828	0.64180389
964	0.50554889
1435	0.50488728
1867	0.54576297
2715	0.45127646
2816	0.40519859
3096	0.45153436
3106	0.39297988
3387	0.42987265
3425	0.44293666
4110	0.43035097
4263	0.43287500
421	0.60276978
492	0.48418856
511	0.60133807
683	0.60081804
1198	0.47614896
1928	0.45268530
3322	0.44377045
4542	0.42695354
231	0.66467287
247	0.66688562
353	0.48946151
372	0.67665054
440	0.66050324
680	0.61358609
773	0.48379921
809	0.47280431
1012	0.43114450
1424	0.59450975
1486	0.44319057
1586	0.52709953
1673	0.52193097
1822	0.45262829
1931	0.50202527
1982	0.50035948
2120	0.44546740
2130	0.44228592
2266	0.44475106
2564	0.48670262
2630	0.39282653
2874	0.45684376
3357	0.48791950
3492	0.46456436
3557	0.41706386
3589	0.44873146
3618	0.48489725
3662	0.48856010
3888	0.37828443
4106	0.44844087
4303	0.44885218
4428	0.40038708
4466	0.44838879
4560	0.38354550
4581	0.39063079
4945	0.42995037
5035	0.39971448
125	0.66664876
264	0.68284973
335	0.57600431
336	0.56093030
351	0.65864772
408	0.56175356
611	0.55531047
650	0.67092572
652	0.58005270
1235	0.47178317
1487	0.55779616
1859	0.58844084
2222	0.50951468
2637	0.49968616
2752	0.45563785
2835	0.44892277
3003	0.51299728
3260	0.42321653
3310	0.44971713
3570	0.41155042
3606	0.42573349
3672	0.48076314
3681	0.44212089
3809	0.39417270
3824	0.44943829
4800	0.43247270
4925	0.36347067
268	0.60449941
476	0.55154631
506	0.60427755
534	0.63161908
808	0.59768290
851	0.60896869
1105	0.52890002
1862	0.55000641
2119	0.49439344
2252	0.45263913
2295	0.52018676
2779	0.55896366
3150	0.42996636
3529	0.48476614
3788	0.46617035
3978	0.40321916
4568	0.35784545
4613	0.41043005
4921	0.44789062
5040	0.43337356
128	0.59513314
176	0.62581547
845	0.58038849
2302	0.53535723
3603	0.42618834
318	0.48109500
329	0.56832723
484	0.54241374
509	0.63464379
708	0.46334188
716	0.61280938
1011	0.52271176
1227	0.59921478
1367	0.56001616
1804	0.55091772
1949	0.43829562
3129	0.46418200
3138	0.45191188
3280	0.46076968
3804	0.41491579
4074	0.48221809
4363	0.46989181
4462	0.42995574
5045	0.42017550
215	0.66120960
2115	0.45341554
2340	0.44273780
2968	0.49458045
3512	0.44972891
4358	0.38739468
4859	0.42900856
101	0.66983718
283	0.58530797
303	0.62373436
340	0.57120881
430	0.68770928
520	0.64948228
1200	0.56635025
1391	0.43708871
1515	0.47181698
1737	0.40230193
2280	0.53552668
2413	0.49779681
3043	0.44511312
3331	0.43768738
3548	0.49083042
4198	0.36671359
4503	0.39303285
4544	0.42475663
139	0.62257114
1051	0.57251767
1246	0.52760121
2621	0.50663265
4460	0.40511889
4723	0.39034453
317	0.67888661
367	0.65047485
566	0.65083975
582	0.65614337
796	0.51790319
1054	0.60061968
1072	0.55515349
1388	0.39911027
1460	0.52323354
1814	0.47445401
1886	0.59656314
2023	0.42466200
2429	0.45005401
2774	0.39068097
2992	0.42246597
3284	0.53284473
3799	0.38771218
4108	0.39324225
4179	0.41027176
4398	0.44739564
4529	0.38345651
4637	0.41937161
4984	0.36336025
237	0.65829666
286	0.64278198
907	0.56508149
1129	0.46848532
1590	0.43344356
1753	0.44335062
2272	0.39764450
2768	0.50624653
2942	0.48152963
3439	0.44322255
4038	0.41240431
4376	0.47260300
4620	0.41696116
250	0.68324361
357	0.62864832
667	0.64959332
878	0.49053069
1101	0.58706644
1711	0.57649941
1869	0.45121129
137	0.68790371
167	0.53706406
280	0.68863295
438	0.63590849
455	0.50054020
537	0.59151527
687	0.61823064
750	0.64636374
857	0.63234141
950	0.54153775
987	0.53083691
1141	0.49716240
1178	0.49477208
1226	0.56381213
1229	0.44358007
1461	0.51216173
1476	0.45001963
1511	0.55272327
1708	0.43612349
1796	0.53339819
1825	0.59668423
1852	0.42121661
1913	0.43938817
2104	0.51694347
2152	0.47672525
2244	0.44041243
2288	0.50890168
2326	0.42731649
2480	0.45933111
2612	0.41540309
2633	0.46920965
2717	0.40914218
2731	0.52899911
2886	0.45946050
2889	0.44848223
2939	0.48250399
3071	0.44898998
3197	0.38813569
3262	0.39000270
3374	0.40518713
3408	0.49712144
3453	0.43885881
3638	0.42276069
3707	0.45926859
3816	0.40330205
4257	0.37642812
4638	0.37460817
4874	0.38578213
4936	0.40475196
136	0.67951099
309	0.59911171
736	0.52769087
1099	0.55370176
1112	0.49172366
1660	0.46574124
1836	0.56432530
1877	0.55972624
1978	0.52938569
1987	0.57521349
2131	0.47987473
2142	0.46457864
2644	0.45503861
3056	0.57563928
3430	0.41059351
4102	0.43944629
233	0.68937344
501	0.65879131
606	0.51081718
820	0.59291228
1236	0.46848233
2109	0.40832129
2576	0.44223856
4053	0.44383260
4139	0.41472738
4429	0.43922636
131	0.66476649
713	0.49547386
771	0.59508564
803	0.59361802
832	0.59701257
885	0.60524584
1093	0.61973653
1183	0.39671082
1211	0.43831460
1443	0.44908797
1468	0.52394332
1491	0.61956228
1565	0.50046178
1765	0.51796651
2170	0.47977067
2410	0.48195240
2522	0.39856396
2892	0.49732233
2948	0.42327824
2976	0.43330144
3324	0.36729797
3474	0.38738688
3567	0.41183297
3710	0.44427223
3776	0.43302131
3797	0.39619347
4011	0.39511906
4338	0.42341891
4417	0.43212426
4747	0.40040111
4890	0.36971859
5023	0.42197658
120	0.66988119
267	0.60798312
282	0.64413027
505	0.60621809
526	0.64039089
879	0.60731886
1014	0.42430564
1197	0.55305948
1325	0.60023631
1451	0.43897213
1547	0.55856475
2311	0.42091592
2451	0.44357720
2643	0.37623302
2950	0.43435280
3121	0.41729978
3180	0.46675597
3393	0.44342146
3871	0.39614698
3971	0.39900314
4031	0.43905077
4256	0.36365275
676	0.57054228
838	0.53805436
1499	0.55555307
2157	0.40870601
2832	0.44330822
3014	0.41097748
3158	0.51325307
3857	0.44448748
3908	0.42846745
4961	0.37702307
418	0.65221767
419	0.64642755
557	0.53174394
1635	0.56433839
1667	0.59135272
1881	0.54555186
1895	0.49482733
2402	0.43778297
2925	0.50761037
3200	0.41901866
3394	0.38143347
4866	0.38645403
4887	0.39850453
749	0.53340646
1272	0.53855777
3312	0.43537988
203	0.62951413
410	0.57120564
1501	0.51579057
1607	0.48312837
2319	0.51839072
3911	0.40986366
4884	0.42181312
322	0.65795218
347	0.63015668
415	0.63198777
1150	0.50091418
1265	0.53030458
1605	0.50130601
1700	0.46856537
1743	0.56865834
2573	0.45526082
2943	0.50675629
3195	0.39989196
4007	0.45948809
4205	0.39867896
4851	0.41709213
270	0.68387134
350	0.59324988
530	0.51926792
578	0.54305379
1167	0.45824428
1231	0.53913448
1377	0.51746683
1471	0.61109297
1595	0.44542515
1637	0.51021376
1670	0.48014228
1674	0.46829950
1697	0.56947361
2808	0.53104842
3234	0.45555431
3404	0.36786998
3462	0.48014886
111	0.68981619
182	0.64872450
272	0.67798948
518	0.63609354
629	0.54509572
702	0.56579302
938	0.58100136
1030	0.65822995
1937	0.43149347
2056	0.52006718
2502	0.49037455
3717	0.47762671
3912	0.44086337
3944	0.43900485
4237	0.42944007
4384	0.43994351
4663	0.38862738
4707	0.38750738
4777	0.38726948
4962	0.34881624
291	0.68874926
328	0.66638973
404	0.44914938
460	0.62630847
544	0.48872002
569	0.60742983
745	0.64888809
923	0.61099532
1248	0.42201158
1693	0.47964292
2140	0.41134903
2424	0.48476871
2639	0.46530542
2737	0.53896926
2783	0.47215740
2805	0.41882403
2993	0.42224530
3219	0.44159953
3223	0.41966448
3281	0.49585522
3508	0.42999609
3517	0.48813302
3549	0.43044767
3634	0.37288807
3685	0.43475854
3723	0.47473205
3784	0.37774349
3842	0.36840567
3849	0.39871891
4657	0.39806631
4799	0.41807047
4809	0.43245391
4834	0.41491639
127	0.67777322
371	0.66516312
434	0.65257406
477	0.63056218
480	0.64923173
502	0.59443557
551	0.53764022
556	0.44728970
641	0.59601032
669	0.47104047
696	0.51735572
734	0.55076515
843	0.56143062
946	0.58110785
979	0.57878465
1060	0.58879767
1100	0.44401718
1127	0.60388933
1139	0.57973084
1149	0.50481035
1196	0.51292634
1204	0.62793045
1215	0.52559131
1257	0.56005401
1340	0.46742233
1365	0.57336282
1441	0.48470765
1442	0.50626411
1484	0.54631379
1754	0.49015136
1908	0.41991074
1916	0.51599646
1936	0.48483059
2018	0.50516527
2137	0.59744002
2353	0.45077562
2556	0.37575705
2666	0.42119582
2888	0.51092287
2954	0.45460262
3099	0.42266121
3265	0.41450327
3307	0.46642530
3367	0.46936577
3378	0.41105478
3384	0.42528807
3459	0.41536168
3558	0.47868535
3575	0.43312193
3604	0.46568243
3765	0.47234438
3795	0.41781418
3922	0.40430616
3973	0.41034710
4207	0.44806050
4738	0.37163730
4920	0.44728074
184	0.65552478
195	0.54662490
290	0.63495582
377	0.68370740
401	0.60340099
403	0.66826931
405	0.64817881
642	0.67696458
719	0.66634265
813	0.53120220
925	0.57927205
949	0.63154611
1157	0.59362881
1358	0.55360973
1480	0.48999790
1529	0.47393327
1535	0.55796205
2060	0.48633522
2185	0.41196223
2212	0.42267601
2237	0.42059297
2691	0.45565847
2852	0.44488433
2923	0.44288911
3155	0.51225993
3229	0.49157188
3283	0.44983787
3774	0.47026067
3834	0.41781181
3948	0.40439985
4021	0.45878834
4268	0.43277584
4287	0.41752406
4488	0.46508686
4505	0.42581050
4583	0.39041641
4680	0.37578406
4769	0.40053379
4779	0.41788235
527	0.64396856
528	0.56696163
1063	0.49751438
1109	0.57510342
1429	0.55540428
1482	0.55212616
2101	0.50344054
2571	0.40414743
2626	0.45925624
2787	0.43012119
3507	0.51583213
3597	0.42969950
3899	0.41836322
3998	0.38698134
4349	0.41517156
4399	0.40739488
4617	0.43595317
156	0.66222993
337	0.61372309
487	0.64239406
488	0.60005993
562	0.62934616
777	0.61562087
920	0.45878589
1180	0.62837636
1222	0.53428688
1270	0.54006975
1370	0.45152413
1503	0.52283304
1714	0.47950579
1760	0.50299250
1922	0.48112562
2042	0.41437537
2100	0.40275015
2218	0.46668342
2227	0.47897507
2448	0.51271686
2469	0.42033168
2762	0.47682359
3273	0.44580002
3497	0.43829210
3538	0.42098418
3818	0.48384035
3879	0.39043691
4017	0.40355517
4201	0.45548376
4258	0.37581072
4317	0.39029097
4519	0.40058787
4813	0.38531111
4860	0.41910891
5020	0.40770569
252	0.66926369
299	0.67446498
563	0.55828614
600	0.50387946
759	0.49032089
760	0.58104995
1985	0.44611755
2122	0.60051599
2149	0.51175926
2281	0.50067436
2335	0.56677510
2918	0.47220891
3951	0.42454356
4016	0.46761824
4348	0.44807814
5024	0.40874802
847	0.46641334
1741	0.51933488
1815	0.48289230
1968	0.46937574
2124	0.43487834
2147	0.52651349
2211	0.39628361
2462	0.43789884
2535	0.42508079
2642	0.45625696
2893	0.47050225
3350	0.44321191
3595	0.39656864
3635	0.39856243
3682	0.36198030
3771	0.45536874
3792	0.45582002
3883	0.42658881
4051	0.41825215
4137	0.41430790
4940	0.42989621
645	0.61979621
767	0.55791067
1792	0.55890134
1851	0.44912755
2398	0.49707589
2512	0.47489141
2704	0.43062307
3254	0.47007532
3305	0.45410450
3341	0.44917871
3663	0.47401899
942	0.54905351
1303	0.66896703
1573	0.46862587
2208	0.44550809
2320	0.41408752
2887	0.48014678
4372	0.43721525
4553	0.44651958
4784	0.44700007
226	0.67557153
365	0.54509507
553	0.53410713
651	0.56191265
998	0.46918787
1223	0.56764087
2283	0.44198149
2915	0.41533584
3135	0.44998292
3484	0.45223990
4624	0.43204814
4737	0.42683822
429	0.67934020
548	0.68075624
1190	0.46147577
1489	0.46447948
2090	0.42365535
2971	0.52607168
3029	0.41792696
3157	0.41972696
3196	0.40435339
3699	0.44598285
3801	0.39858433
3812	0.39299955
4167	0.42599000
1123	0.54486876
1880	0.39253807
2806	0.43363579
3968	0.41425933
4463	0.38864926
143	0.68887998
178	0.62819327
368	0.55670413
585	0.63304248
1585	0.55093772
1860	0.41104587
3055	0.46128171
4249	0.44237993
5006	0.44136347
236	0.56188913
255	0.59260223
411	0.66024002
718	0.47409178
829	0.52326178
1334	0.50882668
1427	0.56652181
1542	0.52769079
1668	0.55022465
2361	0.40573488
2446	0.53297399
3074	0.44253114
3709	0.43262020
3838	0.43397351
4076	0.45361205
4176	0.38980193
4420	0.39707446
235	0.68930040
412	0.63555438
428	0.67121124
444	0.44092502
452	0.61856973
547	0.59738688
1036	0.53383629
1247	0.45163765
1250	0.60598423
1348	0.58478785
1558	0.43889980
1730	0.47033965
1767	0.52016119
1797	0.47843470
1802	0.46798257
1821	0.48787629
1892	0.57450163
2000	0.43928401
2114	0.44977448
2249	0.52080300
2370	0.49976621
2428	0.43768495
2494	0.47115186
2552	0.41053703
2687	0.48641574
2829	0.42935020
2867	0.45783978
3031	0.43170218
3293	0.47530552
3647	0.43967470
3869	0.43625473
3963	0.41132505
4014	0.46217193
4219	0.41874812
4571	0.40324050
4703	0.44784448
486	0.62615183
632	0.65906124
772	0.53703433
1387	0.52218381
1433	0.51401827
1454	0.56496899
1477	0.53349777
1633	0.60915416
1663	0.43283861
1868	0.39510540
1900	0.43434002
1934	0.54059094
2012	0.57559332
2045	0.50987225
2352	0.43503488
2464	0.41725265
2622	0.47275297
2790	0.42940495
3329	0.45485978
3463	0.43689144
3509	0.46329351
4381	0.43708980
4478	0.45345995
4605	0.34210567
4973	0.40460379
5041	0.36506918
301	0.67240490
363	0.60361532
493	0.57363441
515	0.51655079
689	0.63748252
1083	0.55078396
1624	0.49845248
1798	0.55749488
2093	0.41823715
2310	0.42581599
2547	0.43148485
3359	0.43231349
3514	0.42077478
3582	0.39117020
4129	0.43941109
4472	0.47666874
4810	0.40815507
104	0.62815958
378	0.59715020
790	0.59310619
2048	0.47809047
2143	0.45347361
2325	0.53413275
2532	0.51031639
3027	0.46213126
3915	0.41766861
4060	0.47498292
4457	0.39483129
4661	0.40197453
4717	0.43875295
941	0.62099564
1074	0.53892453
1386	0.44783998
1478	0.59013379
1688	0.52768535
1826	0.42966260
1973	0.50569050
2405	0.48923371
3034	0.44828455
4440	0.42455795
211	0.62871980
802	0.57459344
981	0.62603005
1344	0.42918814
2635	0.40512785
3214	0.40073626
4584	0.40524361
699	0.66511656
1284	0.49813386
1531	0.47336188
1959	0.55930644
2191	0.49831245
3264	0.47391317
3695	0.43742156
3831	0.48195277
4001	0.41707728
4305	0.44839450
4486	0.43724371
1136	0.50456114
1749	0.54901676
3896	0.47460673
4879	0.42071282
454	0.58636770
668	0.66842126
1185	0.43078963
1554	0.54946183
1642	0.48873916
2159	0.47546228
2848	0.41849921
2917	0.47681007
3054	0.39389436
3094	0.44235809
3263	0.43988386
3989	0.39334807
209	0.67471515
559	0.51612619
581	0.58297035
881	0.60373839
1018	0.54539522
1174	0.41880718
1419	0.47553700
1759	0.48311983
1864	0.40870822
2961	0.41818396
3933	0.42107735
4212	0.36497275
4217	0.47593574
4693	0.38390780
4781	0.43182020
747	0.59874040
1121	0.58785480
1301	0.50523257
1583	0.56656329
1593	0.42127921
2452	0.43274097
2505	0.47533856
2857	0.42999438
4297	0.38138601
4789	0.42327616
1401	0.45507300
1748	0.52830262
2496	0.41992285
2905	0.40259782
3533	0.47404527
3702	0.37102525
4395	0.41401819
867	0.50355614
1245	0.47160114
1618	0.47340856
1655	0.47104176
1772	0.56335891
1844	0.50545463
1975	0.49636777
1997	0.57307040
2167	0.53713158
2193	0.44992094
2466	0.46129663
3380	0.38417693
3972	0.45285488
4002	0.41786713
1434	0.53669260
2073	0.52389990
3104	0.44435582
3759	0.44167693
3991	0.45624193
5021	0.41468537
514	0.63064705
1647	0.52847946
1938	0.45924205
2765	0.44906082
2878	0.39377245
3037	0.46260693
532	0.47586228
908	0.50292062
4842	0.39935800
853	0.55365844
2997	0.40456478
3020	0.38302319
3041	0.54500354
3744	0.44220401
701	0.65497906
1255	0.57125037
1328	0.48610265
1854	0.45297859
2055	0.44092084
2163	0.49271403
2174	0.43749240
2518	0.41805903
2615	0.40610730
3042	0.39522998
3117	0.42518166
4118	0.40637757
4532	0.41514416
392	0.59472785
800	0.47513287
1230	0.48192631
1601	0.43499728
1619	0.47421215
1731	0.43870745
2128	0.54626866
2431	0.41430166
2539	0.38639837
2758	0.51104819
3655	0.42838792
3743	0.38855809
3898	0.41689413
4114	0.40084114
4944	0.38960931
310	0.60701025
373	0.54563403
409	0.62321248
614	0.52634220
725	0.60585285
1943	0.44787151
2822	0.42514671
3087	0.40911510
3762	0.41924193
4214	0.41113686
4291	0.39161134
681	0.56456443
862	0.60823733
896	0.54662908
1216	0.55333153
1778	0.49361436
2390	0.50574488
2933	0.37977587
3337	0.40899787
3791	0.45829139
4739	0.38213678
570	0.52707943
577	0.67946384
1182	0.54966921
1209	0.45444599
1238	0.65995760
1840	0.42516564
2084	0.44832059
2106	0.51085329
2117	0.44092577
2985	0.44182099
3016	0.51544490
3361	0.54481277
3495	0.45141812
3537	0.48731936
3823	0.42696144
4096	0.43960270
4696	0.41529629
4993	0.45131755
383	0.50640913
463	0.66428728
698	0.43958300
1069	0.55329854
1375	0.42791035
1659	0.48242374
1676	0.54123292
1846	0.48168599
2585	0.52443035
1029	0.51350725
1090	0.42948022
1362	0.49798069
1453	0.44135889
2058	0.50213782
2229	0.49412131
2788	0.46066678
2919	0.46244329
3566	0.41450282
3645	0.50356881
3860	0.38042369
4064	0.40792871
4195	0.44061713
4223	0.41845787
4328	0.49799329
4425	0.41970094
1782	0.45788270
2221	0.42844119
2284	0.45742324
2855	0.51464537
3198	0.44973104
3353	0.43605527
4514	0.43611542
273	0.53750292
574	0.54085156
712	0.55276834
926	0.62494396
1094	0.50814473
1143	0.57960139
1145	0.49649594
1578	0.59165332
1579	0.56965059
1594	0.55346248
1905	0.42779792
1906	0.54734324
2059	0.46148899
2168	0.48004399
2196	0.45711755
2316	0.40979666
2351	0.52482215
2375	0.45466700
2397	0.49209416
2403	0.43579614
2785	0.41791757
3392	0.41845087
3519	0.43943918
3700	0.44359171
3741	0.40090755
3987	0.43390710
3990	0.42331292
4140	0.36919131
4145	0.40702337
4210	0.42380592
4299	0.39340577
4849	0.37254725
4998	0.39900705
1858	0.49035188
2408	0.40093854
2415	0.39764416
288	0.66977866
671	0.58574149
738	0.51462879
937	0.63075218
955	0.64683520
1396	0.55719050
1490	0.55332262
1533	0.51587151
1621	0.44860290
2086	0.45644045
2267	0.50178859
2487	0.48070916
2506	0.41014255
3007	0.41098220
3226	0.44780332
3456	0.37920191
3679	0.39962740
4142	0.40453569
4301	0.41809542
4649	0.38887812
362	0.54374743
517	0.64719676
1186	0.56038649
1450	0.59266797
1492	0.52612572
1793	0.51556297
2007	0.45916725
2242	0.39716059
2259	0.45429005
3719	0.40257403
3794	0.49401545
4209	0.50385847
4741	0.42109584
258	0.63766644
890	0.59940351
1055	0.64799906
1404	0.50959955
1467	0.51993886
1483	0.45265290
1522	0.53289837
2021	0.55272520
2681	0.45954795
2754	0.48352465
2861	0.45479371
3499	0.42512876
3752	0.44900035
3957	0.43971693
4130	0.40881918
4304	0.37042433
4325	0.41227525
4444	0.39540050
4604	0.41265448
5015	0.39162463
836	0.51485787
1031	0.58477926
1366	0.52416443
1474	0.49654324
1526	0.52103408
1587	0.50513485
1720	0.45220676
1769	0.42642777
2727	0.45593015
3997	0.42203126
4331	0.39863983
4513	0.44294886
4843	0.44331936
210	0.55606458
398	0.52414787
2003	0.46694379
2598	0.43176257
3434	0.44077198
3541	0.38142418
507	0.66902834
508	0.68939052
1346	0.52844426
2412	0.52893074
2934	0.40880498
3268	0.40456396
456	0.59392045
1631	0.57240931
1909	0.52161460
1991	0.43220832
2034	0.42015651
2209	0.51647948
3336	0.38731156
3651	0.40507651
538	0.57609564
1783	0.51742002
2070	0.39525619
2514	0.43305168
3178	0.40944894
3227	0.50163233
4280	0.41064686
4557	0.36622188
358	0.56102780
727	0.49108545
591	0.58784448
601	0.58643275
626	0.44907027
1114	0.58840012
1118	0.57267896
1119	0.56026270
1277	0.49279181
1551	0.46477827
2503	0.40421621
3053	0.38204495
3333	0.46526933
3530	0.44812611
3986	0.46576077
4520	0.38821641
4791	0.36540851
4923	0.43440079
1680	0.48829792
2479	0.53512007
498	0.60580807
1176	0.48922903
1888	0.44775859
2019	0.45657069
2367	0.44761804
2587	0.40656134
2648	0.48023765
2707	0.42374562
2903	0.49967644
3077	0.44997366
3159	0.42361750
3222	0.40468946
4601	0.39377473
4756	0.39870257
4932	0.42487871
300	0.58401490
161	0.68001663
816	0.50353498
1455	0.52341661
2074	0.50949619
3242	0.37640777
4292	0.47271347
4374	0.44391295
4876	0.40300478
899	0.46212265
2071	0.48847532
3403	0.41874743
3490	0.43989785
583	0.55506918
710	0.63786557
715	0.56490520
974	0.67586446
3010	0.44546896
3546	0.42640698
3748	0.40463406
4125	0.41663970
4247	0.41732077
4635	0.38353797
2713	0.42497923
4225	0.40352188
4823	0.35763765
858	0.50912396
1258	0.50687319
1337	0.50902988
1438	0.48954475
1577	0.39170334
1857	0.41545396
2164	0.41168399
2275	0.41959946
2463	0.50838040
2595	0.54618431
2846	0.45342436
3602	0.41214356
3845	0.48466777
3906	0.43641240
4152	0.38827713
4385	0.43232666
4397	0.47786181
4569	0.41383488
4582	0.38622193
491	0.57278770
711	0.54397144
1221	0.58543240
1364	0.55584535
1530	0.52438327
1882	0.47868787
1984	0.45571884
2027	0.44699312
2217	0.55128864
2477	0.44942411
2962	0.40054220
3185	0.42893183
4141	0.41180998
4471	0.42413923
4491	0.41181035
449	0.48244295
815	0.50120468
984	0.57011720
3130	0.43880584
3800	0.45406035
1322	0.50352379
1639	0.53110708
1875	0.50332557
2097	0.47081007
2590	0.46540200
3494	0.49025525
4090	0.42240374
4522	0.37410498
1993	0.46851441
3188	0.36497822
3248	0.50660839
3279	0.38257059
3321	0.42017361
4261	0.45639389
4730	0.41159047
934	0.48269059
2660	0.39713874
3391	0.48533639
1504	0.44511057
1564	0.50620619
2987	0.41683203
3045	0.42364517
3092	0.51121413
4113	0.41259507
4476	0.41258408
1459	0.45569054
2194	0.40610983
814	0.51505151
2350	0.54863574
1044	0.46534329
1140	0.55441911
1437	0.43481139
1722	0.52613215
2579	0.49705272
2649	0.42383062
3552	0.47937552
3805	0.40419351
3855	0.40903777
4433	0.43389740
494	0.52192767
2363	0.49531282
4337	0.41778087
4342	0.36262577
959	0.62169505
4200	0.40779817
4795	0.37459483
5027	0.36563804
2088	0.42943067
2740	0.46613827
2898	0.41276074
3018	0.36366606
4373	0.42306785
4396	0.42173349
4487	0.41304475
4622	0.38292423
607	0.64247849
1349	0.52186827
1812	0.45151700
2668	0.45750619
3452	0.37190827
339	0.55384196
4366	0.39944087
4659	0.43838010
5044	0.35016765
1065	0.55509822
2094	0.53251020
2223	0.41189520
2444	0.48595290
3656	0.42451082
4040	0.40591822
4180	0.45098191
4563	0.36575092
4694	0.45272319
3703	0.41912748
3798	0.40500946
4065	0.46274401
4123	0.44346772
4763	0.39822480
1384	0.41466834
1841	0.46239480
2865	0.40195287
1420	0.42734671
1666	0.42646649
2511	0.50065649
2885	0.38668772
540	0.61406545
1085	0.63479389
1447	0.55475871
1926	0.48613668
2629	0.51906480
3243	0.46046272
3340	0.41048738
3355	0.46378792
3615	0.42656800
3889	0.40538819
3945	0.36934762
4699	0.40497948
1742	0.58316005
3012	0.45602329
3481	0.43796450
4674	0.43481225
4295	0.32953743
1649	0.48003800
1651	0.55242359
1751	0.53708441
4185	0.42468446
4401	0.40185309
4708	0.39946480
4873	0.42842980
561	0.50784173
918	0.53227649
952	0.56416928
1514	0.42671814
1556	0.48594045
1824	0.49824886
2830	0.45524653
3942	0.43607901
4632	0.42755597
4942	0.40368309
954	0.56981958
969	0.59131822
1505	0.51915748
2004	0.47060307
2026	0.52359908
2177	0.48176851
2192	0.47241676
3190	0.44138087
3607	0.42371304
4153	0.46866824
4549	0.36476728
279	0.68873715
499	0.54060802
868	0.48111916
919	0.52223248
1039	0.55897104
2041	0.46288755
2228	0.46069000
3444	0.49819955
4979	0.41142601
786	0.43527698
1004	0.44852158
1580	0.43062928
1603	0.53699022
2775	0.39267718
3982	0.37381785
4105	0.40818819
4516	0.43102785
4684	0.39104601
1399	0.54273176
1625	0.47336176
3962	0.41853572
4061	0.36763426
4434	0.36408000
4816	0.39886119
593	0.68293522
817	0.57174272
3995	0.36149356
654	0.44910287
1369	0.52812463
1521	0.58679181
2360	0.49715092
2491	0.50654493
3078	0.41185480
4144	0.44041953
4499	0.37835849
619	0.63690339
1089	0.48985022
1519	0.51723809
2006	0.47739228
2297	0.46282094
2557	0.47032379
3116	0.41058369
3225	0.48062879
3769	0.43278317
240	0.60942010
1192	0.47714646
2029	0.52011666
2842	0.46936396
3583	0.39686334
4572	0.44645300
4819	0.35684950
346	0.53573646
1103	0.53204163
1354	0.52236495
1641	0.49905619
2033	0.55833527
2603	0.41411223
2895	0.45000752
3001	0.46576084
4018	0.50335119
4156	0.43792275
4685	0.40274260
4715	0.42744525
2175	0.56844973
3298	0.43478022
3830	0.35878708
980	0.65391950
1108	0.45535255
1883	0.46462064
3221	0.46641069
3547	0.39588787
4062	0.42793730
4667	0.41303223
4722	0.39120760
2339	0.41288545
2371	0.43906302
3134	0.40309131
3176	0.42466874
276	0.67335322
345	0.68983101
374	0.58204859
523	0.51402329
571	0.68477262
1403	0.54238963
1629	0.50100240
1656	0.50238644
1833	0.45417450
1848	0.42649178
2187	0.42593356
2298	0.44902619
2703	0.48026243
2847	0.41060312
2879	0.41892109
3295	0.46897698
3688	0.44878087
4244	0.39148413
4316	0.40448364
4496	0.44892141
4870	0.35349196
1047	0.63666052
2896	0.43068807
3637	0.40162208
966	0.55868218
1532	0.49117777
1884	0.52129728
2538	0.37260213
2601	0.49843839
971	0.61096067
2358	0.53421502
3013	0.44330978
4803	0.35518609
617	0.66054980
693	0.60332844
1041	0.47508535
2988	0.49087045
3314	0.38730460
4854	0.41639376
1073	0.57015183
1856	0.49504255
2113	0.40419901
2197	0.40323007
2240	0.54427851
2377	0.41688458
2813	0.47272698
3807	0.43346978
3878	0.37531792
1056	0.51273975
1076	0.52482371
1539	0.38997050
1681	0.51211480
1687	0.43632933
2141	0.43926250
3139	0.38617574
4335	0.40658381
4389	0.40607319
4502	0.42480653
891	0.57886418
2617	0.40769158
2812	0.46673658
4046	0.40024752
4178	0.39406104
1409	0.54223181
1832	0.44099166
2610	0.41845441
3642	0.42456198
3865	0.37021899
4402	0.43176156
4606	0.36346495
4770	0.39499366
963	0.51411713
1335	0.42458141
1715	0.52807829
3614	0.42071062
4934	0.40757562
1373	0.52638446
3433	0.40311530
3750	0.42081319
5010	0.35138379
2582	0.43348693
3151	0.51058072
3443	0.39006819
3856	0.41376173
4148	0.45225233
4725	0.36503260
2230	0.44583762
3162	0.47079448
3631	0.40236361
4585	0.42863668
1602	0.42925564
2537	0.42951324
2545	0.44211114
2689	0.46225777
2751	0.51048619
2877	0.41306703
2897	0.43949324
3668	0.42567651
4386	0.43276606
565	0.65421933
3386	0.44573238
3388	0.46341339
3696	0.47778928
1084	0.58461438
1133	0.43631198
3988	0.44115931
4082	0.46314619
4095	0.42360292
844	0.56972406
1079	0.57348520
1827	0.43847057
2201	0.56751735
2416	0.47653470
4379	0.43990733
4706	0.38155512
4985	0.41507126
4990	0.36802322
623	0.51843626
824	0.47702886
911	0.58064277
1597	0.44029287
1719	0.42602985
1988	0.47556389
2132	0.48400834
2133	0.48457502
2231	0.48273733
2770	0.53264517
2952	0.51574329
4054	0.38116834
4143	0.38106448
4313	0.42204703
4006	0.38986886
892	0.62071121
1275	0.50831183
1843	0.47594923
2902	0.42665198
3454	0.39432681
4556	0.40423713
4880	0.41308817
972	0.56500493
1525	0.44019762
2908	0.44529084
3416	0.37345594
4761	0.39220495
2037	0.52138844
2393	0.56669621
3080	0.41696718
4124	0.48595733
914	0.60313097
1172	0.57561552
1330	0.58191545
1385	0.47018386
1953	0.48759559
2134	0.41838161
2224	0.42453448
2271	0.52999918
2406	0.51710215
2417	0.45951498
2577	0.47934079
2958	0.41214948
3783	0.44098389
3819	0.42677042
4188	0.41119079
4224	0.39417901
4343	0.40804542
4774	0.39679606
2213	0.51572468
784	0.63471658
1087	0.56621562
1925	0.45263193
2053	0.39172475
4509	0.39268059
524	0.62860849
2040	0.44479292
2998	0.50833453
3504	0.43007401
3766	0.36687577
2166	0.43210839
2172	0.42209931
2796	0.46880606
3658	0.41874205
3659	0.44772233
3782	0.43402817
4128	0.42712463
4775	0.44790502
3267	0.38340371
1168	0.59661842
1932	0.47276649
1946	0.45386743
3599	0.47388718
4586	0.36424473
1137	0.49852978
1446	0.52833748
2914	0.41607079
4748	0.37106364
1071	0.56612960
2184	0.47654230
2733	0.38391050
639	0.67374983
929	0.52367527
5031	0.36563361
709	0.55612906
1219	0.46506785
1791	0.58061089
2082	0.48680698
2103	0.54014780
2331	0.42762171
2523	0.50986874
4146	0.38594767
4642	0.41570854
1285	0.47626250
2381	0.42207413
3011	0.38098943
4241	0.38943861
830	0.56426438
1173	0.58586483
1729	0.57343723
2347	0.56560911
2515	0.54862827
2763	0.43398634
3623	0.42707970
3961	0.39383988
1634	0.49772443
1817	0.48160277
2430	0.55627606
3067	0.45549161
3251	0.41851849
3207	0.39597319
445	0.56976406
1042	0.60045861
1572	0.43560478
2314	0.47817322
2747	0.45152614
2749	0.43776599
3396	0.46260500
3397	0.42977755
3813	0.47614116
3881	0.43202854
4169	0.40804762
4700	0.43546936
4767	0.41248894
4792	0.36131272
4827	0.39617455
4908	0.42800079
1644	0.43341963
1662	0.53414030
1914	0.61782171
2294	0.40523178
3046	0.42184601
4063	0.37515124
4161	0.38497394
1518	0.43339592
4094	0.39211656
4610	0.37562468
4691	0.43884094
4745	0.37877416
1016	0.53063658
3210	0.45516309
3513	0.45742475
3613	0.43253502
1944	0.38926302
1958	0.47919399
2035	0.43135322
5048	0.39092708
744	0.49894787
956	0.52572844
2654	0.47472351
2680	0.43545158
3095	0.41973913
989	0.46881426
2575	0.49480577
4517	0.39645369
2087	0.44141218
2258	0.43216324
2379	0.48007411
2709	0.51619869
4997	0.37393262
1733	0.55940748
2802	0.38312324
1379	0.49092641
3836	0.41900198
4112	0.40510787
1496	0.52718101
3451	0.46401483
722	0.68133082
789	0.46573012
1394	0.54262738
1610	0.40519136
2525	0.48533198
3365	0.37109005
472	0.55517089
1169	0.52933510
1327	0.62500899
3720	0.40865611
4286	0.38235418
4510	0.36314205
519	0.57114755
1294	0.41265498
1744	0.52151176
3040	0.47677045
4786	0.36328886
782	0.59206829
1013	0.59306718
1380	0.46902124
1470	0.54758851
1584	0.48584450
2235	0.43527787
2588	0.57040074
3442	0.48009653
3811	0.43815025
3932	0.46139025
2730	0.39863342
3375	0.40241601
3943	0.40629975
4511	0.46547960
4561	0.44551510
4886	0.34866307
869	0.62713975
3520	0.36660569
525	0.67162391
961	0.57780146
1078	0.58530403
1961	0.48175403
2092	0.45308012
2248	0.49092745
2594	0.51391089
3827	0.41473225
4576	0.42347767
4802	0.42243493
4867	0.36904515
2995	0.44470233
1061	0.63284371
2924	0.41204002
3213	0.39048485
1249	0.51001950
1544	0.55780302
2286	0.53491644
4050	0.38364980
4339	0.43733030
4692	0.41533710
396	0.68013715
1939	0.44988233
4035	0.39237196
4182	0.40276228
4904	0.41155149
1599	0.56624183
3276	0.33625072
2555	0.40789891
3313	0.38889351
4467	0.41760891
4744	0.38522537
4845	0.39705948
781	0.61691958
1331	0.42035240
1887	0.46743554
2606	0.44353738
3415	0.43061705
3528	0.45396245
4546	0.41966906
4787	0.42378933
2161	0.56660173
3304	0.42676864
4208	0.36336431
4351	0.39758054
649	0.66116339
723	0.52504866
1212	0.58747069
1950	0.42768035
2269	0.41679819
2804	0.39627817
2850	0.40343384
3756	0.41114369
4086	0.44756859
1001	0.50152792
2173	0.40830881
4995	0.40096280
1528	0.57686688
1966	0.46457389
2080	0.53731191
2999	0.41957411
3657	0.45410681
951	0.44140681
1166	0.50897646
1298	0.51922708
1561	0.44954750
1811	0.46500438
2682	0.48775906
3964	0.44325087
4012	0.44805334
4307	0.39522755
1187	0.60117307
1509	0.46400500
2810	0.47917577
3405	0.42186030
1735	0.51860200
3817	0.43774035
4654	0.38705822
776	0.53739777
2718	0.46829894
4655	0.35497235
835	0.56318547
1126	0.44221748
2374	0.50183797
2486	0.41084309
2651	0.51291228
2891	0.41434871
3941	0.38394391
4022	0.41187995
4227	0.39397446
4432	0.43554530
4975	0.37229010
1807	0.58328498
4609	0.39420584
4935	0.34875651
2631	0.37781225
4648	0.39752601
3216	0.44820515
4197	0.40969366
4387	0.39884827
695	0.66482601
1801	0.50893347
2151	0.39043017
2169	0.41795250
3065	0.39392252
3291	0.40334153
3773	0.42204094
4238	0.39875230
4442	0.42105421
865	0.55704636
883	0.51658488
2085	0.50116225
2745	0.51155752
2911	0.41521324
4668	0.40939406
1919	0.47335198
2125	0.45180916
2256	0.53173517
3181	0.38820993
4459	0.41525361
1091	0.61984743
1506	0.46786282
1756	0.48560030
4608	0.36876777
3875	0.41173703
4246	0.37894777
4628	0.42215849
850	0.49959337
1481	0.46222611
1648	0.44917473
1679	0.41478351
3755	0.40188022
3803	0.39731203
3920	0.51452178
3926	0.39888795
4199	0.44501713
4323	0.39112408
4805	0.36517248
2308	0.49845641
3163	0.46591797
3166	0.40451733
3483	0.46406750
3488	0.48577594
3835	0.45887443
4171	0.42216688
4939	0.38585646
2199	0.44425896
4451	0.42340455
1319	0.46480413
1475	0.53376666
2436	0.51919406
2569	0.46657287
2658	0.42231366
2684	0.43305225
2824	0.41431010
3306	0.41500837
4306	0.40334436
4435	0.40154087
2234	0.39972715
481	0.52799653
1304	0.43723807
2376	0.51388993
3249	0.44985050
3706	0.44377911
3746	0.44176624
4364	0.42251200
4562	0.36839525
1005	0.59421913
4149	0.43309572
4215	0.34564218
4446	0.35337673
1252	0.47254094
3308	0.42402002
4743	0.37859856
516	0.53428968
2946	0.52646324
1972	0.38921941
2189	0.37990916
2382	0.42824636
2695	0.37641059
3754	0.41873649
3768	0.36294770
2977	0.41598547
1075	0.56558554
1960	0.48726582
3640	0.43216359
2679	0.47906978
2831	0.41888344
4729	0.39688408
977	0.57249889
1738	0.52146792
3038	0.40740121
3465	0.40220399
3592	0.42837012
4824	0.38295228
4999	0.42837512
855	0.51239275
1052	0.44534067
1302	0.49304609
1612	0.51096309
4749	0.40128928
4862	0.34365965
1269	0.57376599
2049	0.55016512
2098	0.50354955
2705	0.46704720
3708	0.40047188
4058	0.44423495
5001	0.40051832
2778	0.36588861
3981	0.39627572
468	0.62153752
1449	0.48914755
1538	0.58124324
1709	0.48386978
1747	0.46012446
4089	0.42636611
496	0.61771787
1274	0.47586515
1306	0.50891344
2748	0.47928106
2764	0.42341869
4252	0.40298443
4455	0.44022874
4493	0.38148349
4853	0.35853064
1368	0.47231470
2392	0.42091609
3846	0.41154733
4400	0.38272589
2150	0.42390156
2510	0.50689597
3290	0.38640337
4388	0.39855616
840	0.48668455
1263	0.55089485
2521	0.46111577
3217	0.41466738
3747	0.43123438
4871	0.41069210
1999	0.48184488
2181	0.40109349
4589	0.39303394
882	0.57176386
2969	0.39668733
2990	0.53484933
3457	0.37693770
4711	0.35903347
2647	0.39263490
1023	0.50589399
1690	0.51443958
3348	0.51359624
4039	0.50081604
2285	0.39237290
3876	0.36476522
3966	0.39254166
694	0.50518235
1718	0.48112022
589	0.57176869
995	0.59547379
2473	0.44765111
2931	0.45700968
539	0.66436604
1096	0.58696733
2225	0.50724047
2365	0.50861126
3122	0.44956312
4183	0.42601287
605	0.46548847
2301	0.43348691
4175	0.37708668
805	0.66251728
807	0.47114606
895	0.45084282
1292	0.52165178
1545	0.47188304
2482	0.48571015
690	0.56004203
1850	0.41849300
2355	0.42472109
3103	0.39059943
3311	0.46605557
3473	0.47566379
4136	0.40372814
4574	0.41619604
4759	0.39007433
1440	0.54653604
3545	0.38652683
4028	0.38478584
953	0.50626000
1622	0.54968772
1701	0.51420832
3349	0.37677403
1516	0.52962903
2772	0.38122700
3192	0.34364634
4857	0.36708666
2264	0.48363829
4798	0.36181715
2604	0.41923705
3539	0.40023624
4354	0.34990698
4630	0.37847577
876	0.63677562
1254	0.44524629
2160	0.39658646
3148	0.41904438
3531	0.42311158
3543	0.42318040
3767	0.40969450
4023	0.39617903
4469	0.39198639
4847	0.41014337
615	0.60588859
636	0.55488938
2127	0.52629262
2254	0.45484824
2786	0.46659807
4228	0.39265332
1135	0.42822205
2840	0.43283181
2951	0.37963040
2051	0.54444723
2722	0.48206936
3806	0.37856223
4599	0.41597329
2475	0.41273569
3299	0.43562302
3493	0.45765109
1332	0.44213277
2207	0.45087542
3360	0.39408913
1256	0.54460693
3335	0.39129802
4415	0.41145834
478	0.62475037
1146	0.55156604
1566	0.46167403
2760	0.47540728
2293	0.47797144
3400	0.40676114
3412	0.46463267
4710	0.38272173
839	0.53357366
873	0.63470552
1062	0.65793658
2421	0.45164413
3385	0.44650490
3356	0.44980121
4411	0.39898153
4473	0.33398879
992	0.50518631
1161	0.41770149
1318	0.54554468
1948	0.49626436
2111	0.41625228
2481	0.46332074
2735	0.43166012
3905	0.39016705
4718	0.41145691
542	0.51683658
3417	0.44135458
661	0.58751376
1189	0.51661223
1746	0.52386069
1819	0.50595644
3837	0.48499116
3983	0.50713349
4341	0.43056663
4776	0.41890792
2262	0.44134275
2799	0.39735755
5047	0.39494455
490	0.60199671
4846	0.35448861
599	0.61021483
1224	0.56991797
4782	0.34085542
1205	0.52897416
2602	0.40088220
4069	0.36197797
4368	0.50617408
1233	0.62051955
3886	0.37886027
1134	0.45146290
1809	0.59301379
4355	0.39481705
4531	0.39431740
2378	0.42881606
3721	0.39490953
1458	0.47604899
4679	0.42053312
1444	0.52909908
2611	0.46596817
3455	0.45899998
3952	0.46176356
4773	0.37381795
2608	0.48414064
3255	0.38556483
3646	0.43944522
2178	0.47601203
4008	0.38135938
4336	0.38642842
4577	0.43707443
1970	0.43833839
2156	0.39081176
3476	0.41906300
2669	0.50395948
3775	0.42857705
4938	0.39276017
4085	0.48231243
4596	0.35099673
1553	0.54988015
1574	0.44743698
2524	0.43726448
2714	0.44056431
3244	0.45928032
3727	0.46668134
4107	0.42728772
2015	0.42793775
2960	0.40069611
4043	0.41471260
1194	0.51522582
1608	0.42887124
1764	0.51093606
1907	0.57375824
2661	0.45502438
4194	0.44673280
4947	0.38958488
4954	0.38168884
854	0.51693111
3131	0.40948262
4359	0.41988708
575	0.49486889
1165	0.58841052
3246	0.39111963
4329	0.39668349
3193	0.39347762
1930	0.47779829
4771	0.38387233
1657	0.53146030
2907	0.47470421
707	0.65515431
948	0.59123312
958	0.45699401
1360	0.45861394
1494	0.44873861
1762	0.51264411
2022	0.41514304
4203	0.48260072
1050	0.41677077
2692	0.38729257
4296	0.38675408
1314	0.53208866
2277	0.41094500
3062	0.46864765
597	0.60801300
827	0.61548656
864	0.59801906
1113	0.50505349
4092	0.42721755
4698	0.42457535
4965	0.35154700
1712	0.45424809
1816	0.50396399
1842	0.58954777
2791	0.43032304
3289	0.38681426
3421	0.42782515
1262	0.53529064
1977	0.47666428
2369	0.44405025
2484	0.47454644
2507	0.49383158
2551	0.46829592
3705	0.47772626
3929	0.38641775
4321	0.38685611
2561	0.43970683
3125	0.45894000
4719	0.45745099
4943	0.41636230
2676	0.38985500
572	0.64202161
1694	0.44222921
2139	0.45080319
2460	0.49960530
792	0.51161376
1463	0.58091911
1879	0.41406099
2723	0.44853413
4465	0.38581017
2499	0.47393520
3852	0.34761597
4377	0.39566547
4044	0.49525082
1022	0.64081116
3318	0.39671955
3477	0.41735327
2253	0.41113094
3100	0.43830183
3850	0.36325666
1920	0.47177891
4406	0.37235822
1669	0.48867671
2414	0.44139007
3422	0.42215965
3953	0.44606119
1691	0.46252597
1830	0.45444208
1979	0.44705522
2641	0.44216020
2826	0.45043728
3664	0.37161282
3884	0.40002592
4080	0.37995723
4350	0.41314379
4564	0.39869616
4677	0.38264205
1251	0.55619760
3004	0.44034921
4464	0.38347193
3395	0.37472208
3351	0.44835193
1479	0.58407401
4495	0.36773611
4732	0.36725183
1536	0.55535998
1600	0.64312455
3171	0.45216287
3206	0.39526621
3571	0.47863502
3593	0.40553889
3675	0.45423483
3808	0.39755413
4084	0.41181064
4974	0.38142218
1462	0.43460903
1806	0.56995980
2900	0.41050545
4524	0.39696844
5032	0.44528168
2305	0.49991285
2437	0.43309547
4794	0.36557010
4831	0.36162460
3796	0.37006000
860	0.49803354
4788	0.42966129
2394	0.46157381
2457	0.56740671
3089	0.53182205
1402	0.37012146
2618	0.44861505
4418	0.39389634
3436	0.39739804
2694	0.48232141
4221	0.43296295
4271	0.36851351
1032	0.51206265
3491	0.42093203
3601	0.40404374
4352	0.42364807
2276	0.44897594
2619	0.41715275
2179	0.57692453
1983	0.51168168
2435	0.45297757
2492	0.41184938
2734	0.38494399
3399	0.42389844
3608	0.39727973
4157	0.42988990
2154	0.51751755
2348	0.46665693
4864	0.39888191
751	0.47216168
2158	0.37792807
2270	0.39058376
2920	0.46520468
4573	0.38124347
1333	0.60151196
2834	0.42150653
4438	0.43101770
672	0.49666468
785	0.59764626
1520	0.53709819
1540	0.45588975
1589	0.56753869
2198	0.46419537
3544	0.44350809
3564	0.41401619
4278	0.37563641
4360	0.39445243
4982	0.37183743
2645	0.45088688
657	0.57052505
3173	0.45272663
2759	0.46796233
3228	0.38239626
420	0.55162349
3670	0.41139366
3928	0.39632151
4952	0.35514725
1291	0.58983163
1776	0.54632401
2652	0.44615985
4285	0.38399446
4300	0.43421730
4958	0.35899455
2289	0.51094931
2921	0.51404416
3523	0.44116965
1046	0.46772304
2380	0.41616233
2455	0.52965762
3479	0.38989245
2005	0.39133691
2546	0.44867844
2200	0.54149186
2299	0.43953671
2317	0.45390688
2454	0.46967735
3790	0.41089109
4187	0.40068079
4603	0.38744238
3478	0.39225287
1155	0.61385651
1430	0.40611035
2065	0.46547161
3949	0.43042527
1704	0.43995262
1998	0.48322027
3630	0.40481775
3160	0.42733955
5017	0.38044673
1837	0.44985520
3739	0.42797876
5009	0.36894106
2148	0.48948401
2650	0.47115498
4639	0.40577072
1828	0.39084171
2399	0.43761134
3917	0.39646473
3976	0.42406309
3204	0.38633871
4426	0.41085396
3503	0.39211748
3323	0.39526894
3713	0.38454324
4127	0.44262814
4888	0.37504054
4754	0.37913230
1111	0.49213988
1287	0.63753178
4701	0.35505450
4895	0.35377968
1645	0.51697156
3136	0.41424812
4088	0.40306616
3215	0.52025391
3993	0.51538658
4270	0.36643042
4829	0.37538228
4650	0.37631139
1839	0.51046005
2873	0.44706173
3036	0.45159475
3832	0.41674619
1677	0.41423324
4029	0.38972139
4731	0.36693074
688	0.55487270
4091	0.38616337
4265	0.36681324
2605	0.35220728
2771	0.49160084
3935	0.40899097
4828	0.37649384
2798	0.43465139
4226	0.36044074
3445	0.42186213
3527	0.40702879
4967	0.36367738
2607	0.46327936
4878	0.36287485
2216	0.40284908
2839	0.42069381
1766	0.48847666
3940	0.42539829
3167	0.39116458
4104	0.34712064
2336	0.40863921
846	0.58760151
1571	0.45856418
3446	0.43385168
3946	0.42499619
4912	0.36723042
1945	0.54149433
2450	0.42437317
3600	0.40873163
4122	0.35225965
4456	0.35508191
4885	0.38198614
3277	0.39385198
1068	0.50851359
1381	0.53960790
1904	0.51143715
2095	0.56839896
2901	0.38602431
3039	0.45066980
3555	0.38699302
3574	0.48745770
4957	0.41515903
1885	0.48949639
4621	0.38773223
4688	0.40885616
2123	0.46131292
2434	0.42528406
2586	0.40544876
4933	0.39141601
1241	0.52043441
1774	0.54245304
2145	0.51970797
2345	0.53206272
3757	0.42858510
4319	0.36583002
921	0.46291067
1232	0.56771329
2623	0.47627943
3302	0.43838629
4930	0.38463928
4987	0.37552027
2686	0.41560252
4832	0.36454559
1952	0.37060002
2851	0.38470683
4003	0.37227787
4626	0.35736606
2926	0.40089552
2273	0.44019463
2341	0.39963733
2843	0.40695349
3250	0.36668468
1847	0.42813517
4647	0.37771431
2315	0.54740376
2756	0.40971691
4726	0.39591441
793	0.66063364
1889	0.51045988
3232	0.41730176
4977	0.39168745
3760	0.37289146
3165	0.40684158
3772	0.35152111
3569	0.39995191
2655	0.41832300
3035	0.42709894
4852	0.41027391
2063	0.54035193
2330	0.42759290
3373	0.45325050
2442	0.41736094
4078	0.35958438
2186	0.39257146
3111	0.37066243
3285	0.43027978
4121	0.40697171
1739	0.44343324
3079	0.38769921
2050	0.40819678
3485	0.40043728
3526	0.41170621
3969	0.39304933
4042	0.37774285
2769	0.39487052
4960	0.41373582
4826	0.34954042
880	0.43617693
2906	0.47582413
3253	0.41953297
3892	0.38494116
3923	0.45395319
3144	0.42060696
1416	0.48260097
3123	0.43535334
4191	0.35331030
1153	0.53744156
4378	0.40434854
1214	0.62566101
3654	0.44458364
2089	0.46890770
4662	0.33688166
2964	0.49416277
3900	0.39273965
4116	0.35990250
1923	0.50080683
4645	0.39974790
4838	0.36079369
1297	0.42139354
3736	0.35465196
2528	0.50250636
3956	0.39379319
2519	0.41188975
1213	0.45602126
1785	0.50049787
2493	0.40378980
4236	0.39223874
2136	0.42038765
2825	0.40121364
2859	0.37360730
4521	0.38054517
4020	0.43459639
1286	0.57526317
1293	0.52529052
4047	0.37254161
1179	0.44286592
2215	0.48857822
2385	0.61292198
3059	0.42407683
3501	0.39610349
4298	0.37403688
1871	0.42793161
2153	0.45390911
970	0.53770089
3880	0.36484743
3183	0.41290450
1717	0.62693109
5013	0.33223587
2014	0.48068621
2038	0.52184473
3058	0.42275678
2220	0.38293866
2838	0.41730554
4356	0.41524911
1130	0.49982101
1534	0.46246035
1845	0.43245874
2820	0.46075903
4412	0.40738126
1527	0.50432814
2438	0.44455611
3674	0.41086668
4526	0.38282621
4641	0.41933171
4758	0.35742574
4868	0.37196500
2856	0.51646968
3588	0.46230285
4910	0.39690557
2724	0.44264270
3697	0.38741780
2009	0.46451144
2471	0.41640356
3278	0.44893834
3841	0.38539126
4131	0.43105240
4294	0.38068280
1095	0.53547111
2755	0.46997144
753	0.64275760
3891	0.35601488
2927	0.42347030
3867	0.40540413
4190	0.49629032
1866	0.39283522
2329	0.45026421
2868	0.41941542
3026	0.44317465
2981	0.43524797
3044	0.37373416
4893	0.37110401
3090	0.39630007
2171	0.41238708
3172	0.38921928
3902	0.35661005
1326	0.57397136
4733	0.38137787
3346	0.39945842
3506	0.49278938
3551	0.37007993
3979	0.36388879
4986	0.39596505
3409	0.38815557
3753	0.39553257
1428	0.39436861
1897	0.39138636
1002	0.48465433
1757	0.46668473
2706	0.50497022
3109	0.36931183
3377	0.42211087
3977	0.37916347
1872	0.40555884
4989	0.36693260
2068	0.44387104
3070	0.34711616
3861	0.36128829
4439	0.35206827
3048	0.37753072
3820	0.39860626
2613	0.45768532
4587	0.40328089
4801	0.40310688
2251	0.45022653
3758	0.36782631
4445	0.40377354
757	0.62816498
2729	0.38720597
4530	0.39107200
4901	0.36932210
1734	0.48322436
4602	0.37094582
2282	0.40434314
3930	0.35927809
4409	0.38490470
2984	0.34443077
3780	0.34201077
1696	0.45425040
1026	0.58505183
2693	0.52651918
1288	0.58049163
1678	0.43397525
3985	0.34668577
2744	0.46539324
3693	0.39309411
3626	0.41234282
3916	0.39177351
4193	0.39517644
4714	0.36879478
4968	0.40382210
1721	0.37391943
4704	0.39932569
4821	0.36424718
1276	0.42233668
4937	0.39098347
1903	0.54215686
4742	0.39437631
1707	0.47805488
720	0.52680257
3802	0.36269304
2478	0.41633126
4713	0.35725730
1736	0.44975344
2490	0.45606760
3676	0.46192720
3858	0.39271223
3410	0.38611587
3108	0.41756485
2646	0.35839361
1059	0.54113678
4369	0.35177609
2260	0.41825116
2720	0.42586342
3154	0.45805574
4983	0.38846149
758	0.49730970
1788	0.45508052
4652	0.37763762
2819	0.47425225
3156	0.36898876
4669	0.36933240
2387	0.47305886
2526	0.42184032
3598	0.36030634
2290	0.42496790
4126	0.36030406
2362	0.36836401
1891	0.43901369
2672	0.42618641
3182	0.40256824
3542	0.36387542
3650	0.44351171
3724	0.39303173
3777	0.39811814
4458	0.40441314
4941	0.37951762
5042	0.41402116
3793	0.44204698
3237	0.38819777
4222	0.42955631
3701	0.39226015
1411	0.60792525
2292	0.45549262
3666	0.40233441
3749	0.46694948
4098	0.39412644
4856	0.41158300
1278	0.59380342
3489	0.42055235
1407	0.40910475
1523	0.50410609
3274	0.41254064
3925	0.43752349
1955	0.51295181
1033	0.55829658
2541	0.43548114
3959	0.41205866
2986	0.40425067
3742	0.36925423
3205	0.38963205
3098	0.40594829
1201	0.61910136
3639	0.37772119
2801	0.55596012
4536	0.36846077
2675	0.39118876
3124	0.38674656
4030	0.37421817
1989	0.51653037
2306	0.50149646
1363	0.40815339
3398	0.38972562
4785	0.41801418
831	0.45660193
4408	0.41005908
3939	0.35629309
5049	0.39103322
3105	0.39551255
4087	0.43270079
4481	0.37531223
3352	0.50483498
2620	0.49709119
4913	0.39250139
3164	0.39635874
2126	0.41254950
3118	0.50104562
4240	0.40156649
5003	0.35948406
1808	0.40866136
2401	0.45372787
2716	0.37729433
2536	0.40130342
2884	0.37626837
1695	0.61802785
2368	0.48213446
4172	0.40268874
4327	0.39119092
4416	0.38862517
4592	0.38827389
4646	0.36322943
4766	0.37711797
4780	0.36390485
2736	0.38232775
2815	0.43164762
3740	0.43885673
4484	0.39648728
2372	0.39799431
2195	0.47667804
3927	0.41431790
2112	0.52332599
2165	0.51642282
2553	0.56638644
4036	0.39344884
1628	0.52890616
3680	0.41297446
4653	0.38947146
3247	0.37869564
4041	0.38151802
4541	0.38604312
2836	0.53533129
1541	0.47448730
1630	0.46301215
2616	0.41169847
4489	0.37224047
2776	0.40492745
1359	0.41433111
2628	0.44440502
2596	0.36182267
3893	0.36774035
4407	0.40270205
4554	0.36777042
1664	0.41744738
2870	0.37096839
2057	0.50398235
3383	0.45821349
1893	0.45088141
2047	0.48069634
4765	0.38363903
3560	0.36621198
4450	0.36772698
1638	0.54008183
2427	0.47656072
4233	0.35142842
2467	0.46071455
3235	0.43042849
3327	0.37837871
4558	0.41308406
2773	0.44256795
3093	0.43246616
3448	0.42135577
4309	0.40764552
4615	0.37408584
1395	0.41868042
2533	0.40237958
4211	0.35582200
4264	0.40623515
4515	0.38946522
2872	0.39573834
3716	0.36479530
4619	0.35751141
4768	0.37677832
1324	0.48431894
2420	0.38648171
3141	0.39236517
4345	0.36142287
3363	0.40720455
1581	0.49682010
2869	0.38642050
2949	0.43030265
3097	0.39206817
4255	0.36093653
5037	0.37671228
2203	0.41821129
3230	0.33822163
3778	0.34212079
4903	0.35055136
3418	0.39394126
3789	0.37195817
3236	0.41401666
1724	0.56749891
4709	0.37107208
3140	0.42426691
2738	0.35905537
3068	0.39185396
4660	0.37987495
4869	0.39181515
2274	0.51474950
3021	0.45505760
4682	0.36828540
2558	0.42745601
3466	0.40025730
3316	0.39130681
3738	0.37349069
4430	0.40697158
4812	0.37841757
2219	0.50804329
2807	0.42635505
4497	0.36369530
1228	0.48766807
5022	0.38446282
4858	0.32137057
4727	0.35278327
5028	0.39179698
1810	0.49873505
3763	0.37002614
1415	0.52231708
1853	0.53437765
2214	0.41958884
3272	0.35955683
3761	0.35776923
3895	0.39767218
4640	0.40521176
4734	0.36730047
1716	0.53579255
3025	0.42039698
3868	0.36762614
4206	0.39848658
5000	0.38657317
2426	0.45718824
4392	0.36800522
4232	0.36576604
4728	0.37720824
3076	0.43929490
3580	0.36877062
2667	0.44851040
4600	0.38381025
4689	0.38625042
4595	0.36747087
3624	0.49269371
4498	0.35184163
4555	0.35736775
4454	0.38603493
1924	0.52368267
3086	0.46881458
4981	0.39401673
2409	0.44380213
4220	0.34464208
4383	0.40056505
4994	0.36023738
4275	0.33364663
3810	0.36627903
4005	0.40407364
4170	0.35277671
3372	0.36183601
3458	0.36435960
4675	0.31984000
2793	0.44480594
3731	0.40260332
4186	0.40493379
3751	0.36167812
2989	0.44741413
2017	0.49397918
3516	0.40409938
4686	0.43265136
2566	0.47625109
2937	0.42198319
3847	0.42297686
4672	0.37296141
1495	0.35086795
3885	0.36085859
3910	0.44536619
3732	0.36392963
4676	0.37435641
4881	0.36667198
4276	0.38001767
3853	0.32254886
4927	0.36899272
2899	0.50002391
2858	0.43129899
4906	0.35326651
1436	0.37364376
4344	0.36875198
2474	0.37501686
4057	0.39428755
1423	0.55512943
4764	0.36230480
3965	0.35294433
4594	0.39129332
3202	0.41083176
4580	0.35232671
3862	0.35534913
2458	0.45291990
3168	0.49256436
4492	0.37785814
4468	0.39722495
4627	0.36823223
3266	0.42533777
2941	0.35562208
1606	0.51854730
4590	0.35030168
2876	0.40576691
1488	0.47097295
3427	0.42463121
2568	0.40395493
2845	0.46339624
4755	0.38032384
2162	0.42822785
3028	0.44324007
2728	0.45320649
3694	0.36700552
3684	0.35297084
4239	0.34612347
3296	0.39606795
3142	0.35964270
2107	0.44795609
4151	0.34951193
1456	0.44038829
1935	0.42463644
3152	0.39354114
1559	0.46868307
3745	0.33844052
2980	0.42471851
4656	0.39427334
3689	0.39345144
2011	0.58141599
2226	0.37935696
2255	0.45013762
4410	0.34258205
4431	0.33751770
1878	0.41763176
3764	0.37383317
2753	0.43514787
3170	0.45626342
4479	0.36763057
4393	0.33158480
3467	0.35254369
2781	0.33628668
4192	0.32815272
4403	0.38207198
4318	0.44302728
4636	0.36882292
3169	0.40768176
4588	0.34724505
2732	0.50510191
3683	0.34941161
2863	0.41699319
3325	0.39821361
4346	0.35966027
3779	0.42161869
1124	0.41394517
4380	0.35893337
4836	0.36052691
1466	0.48280995
2236	0.60747859
3300	0.38815010
1575	0.42913661
2883	0.37979958
3921	0.47543938
4778	0.33073611
3854	0.31444943
2099	0.37005728
2800	0.48133587
4248	0.35564639
2864	0.49250641
1962	0.36669973
2821	0.43779978
5012	0.36752037
2404	0.45703983
4664	0.35377045
3269	0.48557304
3371	0.37362163
3413	0.38441203
4917	0.35760423
3510	0.34420473
3137	0.42222525
2589	0.38761401
1954	0.52191705
2757	0.36631453
3843	0.37940460
3851	0.37782673
3064	0.42156406
3653	0.37161871
3955	0.38038955
3612	0.36170057
4578	0.36385918
3423	0.34612084
3270	0.49532215
3438	0.43476767
4134	0.34934490
4898	0.36958176
2827	0.44770428
4133	0.35612270
5007	0.38226963
3030	0.41199196
3718	0.37378708
3364	0.38214149
4279	0.37884193
3556	0.37918136
5004	0.36923319
2742	0.45642512
3594	0.35337158
3665	0.37118609
1546	0.48672772
2572	0.36880183
3907	0.39766337
2567	0.37012861
2922	0.38530163
4996	0.35542473
3315	0.38004663
3687	0.35759812
2245	0.43294193
4083	0.36291765
4405	0.34625656
3770	0.38656928
1834	0.49607601
4963	0.34877698
4390	0.40927696
1974	0.52439399
2823	0.49331005
4914	0.38043168
4079	0.34588946
3872	0.34393042
4690	0.38723859
2739	0.39458624
2965	0.35794374
4539	0.34079151
4025	0.46259619
4158	0.41050861
1537	0.37317322
2844	0.48169834
4075	0.41874894
2384	0.36358168
2932	0.36249839
2138	0.38668948
4506	0.33091592
3714	0.33681443
3522	0.34044807
2697	0.39376527
4567	0.31830183
3722	0.41438208
2983	0.38625453
3194	0.35806465
2443	0.41254884
4837	0.36460752
3877	0.33310998
4422	0.34601072
4673	0.34960822
3890	0.34211418
4165	0.47401985
3641	0.46943037
3825	0.34484436
3084	0.37236163
4073	0.36875780
2712	0.39933421
2726	0.40407698
3186	0.41126094
2342	0.42289708
3578	0.36166574
2395	0.48652554
4437	0.41788700
2265	0.49178396
3661	0.47274953
5011	0.34314889
4115	0.36640827
3447	0.41331735
1661	0.47034559
3874	0.38533644
4015	0.37749116
3585	0.36382025
4931	0.38781861
3785	0.36007394
4414	0.34585780
3704	0.35370579
2936	0.47522812
4424	0.36526431
2890	0.37242582
3587	0.35535265
4164	0.39627418
2913	0.40398837
3616	0.38680329
4797	0.36245463
3334	0.44290309
3376	0.42150780
2967	0.36068703
4618	0.42858205
4024	0.33009198
4314	0.31307171
4565	0.34171126
4081	0.34240817
2741	0.49443745
2263	0.53664572
4419	0.34816752
3711	0.37983938
2570	0.42214265
2578	0.37393436
3667	0.39186859
4250	0.38075416
2912	0.36007916
4168	0.39253730
4174	0.33329634
2614	0.39192473
2312	0.37382691
3486	0.41917381
4575	0.35553426
4863	0.35132361
4333	0.40974906
4570	0.31864844
3153	0.33670483
4535	0.37945824
3449	0.36471955
2346	0.38127903
3914	0.43756208
2624	0.46427408
3848	0.35466146
3175	0.43102644
3326	0.35175225
4955	0.33296275
4059	0.40528156
4848	0.34652579
3389	0.42041277
2338	0.37235149
4865	0.33192389
1963	0.53659671
4362	0.33640480
3203	0.41430478
3781	0.36208057
2894	0.40886319
4302	0.36740304
4597	0.35484844
2634	0.35491790
4762	0.31477656
3901	0.34649688
4259	0.33038599
3576	0.41051790
4772	0.36054493
3999	0.34207376
4547	0.34914455
3432	0.35685163
5039	0.35794656
3958	0.33177193
3715	0.32771671
4825	0.35503379
4815	0.34533542
4490	0.36446963
2700	0.37292819
4905	0.34244780
3590	0.33065928
1863	0.47735564
4643	0.36109317
4840	0.33986592
2105	0.34248710
2882	0.42471906
2600	0.35508030
4027	0.30703819
4357	0.33560297
4814	0.39041864
4071	0.34953619
2592	0.32935733
3126	0.43276983
4896	0.39913837
4720	0.32002733
4946	0.34471953
3072	0.34341703
3873	0.34482696
3619	0.39727304
4480	0.34397941
2849	0.35688785
4551	0.37870958
4552	0.31981950
4753	0.33295762
4559	0.35844985
4835	0.34700584
4872	0.35394683
4189	0.34114512
4697	0.35492780
4173	0.34214396
2966	0.34658104
3414	0.32073626
3369	0.38381220
4000	0.36337443
3009	0.43883250
4049	0.39455859
3904	0.38054334
4055	0.34704193
3515	0.32944772
4922	0.38119834
2563	0.50195290
3292	0.43177307
3271	0.37034136
4391	0.36891260
2638	0.42533166
4716	0.35309413
4202	0.34735250
4735	0.35194879
2069	0.50547099
3725	0.35666894
3974	0.35119183
4750	0.38342906
3643	0.35039936
5016	0.33619109
4311	0.36104530
2910	0.40216126
3241	0.31828522
4254	0.33777847
2746	0.36866178
3866	0.33822408
3345	0.40665309
4752	0.31730297
4485	0.33051272
3366	0.34854517
4818	0.30916990
4980	0.35757141
3201	0.46980399
4538	0.39258705
4902	0.31943807
4623	0.34963126
3238	0.37725693
5005	0.28816228
3498	0.41245931
3239	0.35252101
2782	0.39542765
3931	0.32439012
4839	0.34038502
3119	0.49238631
4611	0.37892277
4841	0.31232804
4048	0.36339609
4474	0.33412399
4806	0.37922171
4746	0.33262550
3429	0.48387604
3179	0.40277240
4512	0.39408097
4918	0.36006210
4293	0.31676547
3475	0.36312559
4751	0.35727730
4347	0.33857725
4533	0.30959545
4721	0.33969332
4783	0.33797381
4251	0.33156738
3992	0.33874599
4507	0.33296834
4404	0.31789896
5046	0.29968658
4897	0.31024020
3617	0.32318337
3435	0.42055248
3936	0.38678446
3460	0.35385921
3652	0.30327611
4875	0.30612478
3644	0.40388733
4162	0.32870572
4037	0.31558921
4681	0.30829569
4683	0.30199542
4310	0.32053468
4665	0.31540750
4013	0.32002356
4100	0.29948896
4950	0.31265050
4543	0.29434035
