0	0.68872453
1	0.68878255
2	0.68897792
3	0.52252216
4	0.68883275
5	0.68873471
6	0.68878275
7	0.68884056
8	0.68889998
9	0.66427828
11	0.68879098
16	0.68885645
17	0.68887914
31	0.68803534
52	0.68754525
54	0.68902919
62	0.68188613
69	0.68776765
73	0.68858863
74	0.65716488
101	0.68815189
109	0.68765632
110	0.60702223
111	0.62976544
123	0.68240431
144	0.54028414
150	0.68780821
163	0.68740900
173	0.67684250
180	0.67614189
186	0.68158456
205	0.68663233
212	0.64112919
229	0.53918159
236	0.57342652
248	0.61460032
268	0.68130480
270	0.64990662
272	0.57855760
292	0.55781554
312	0.68364221
319	0.66297574
331	0.68690995
333	0.61868699
385	0.49903005
401	0.56636375
472	0.59857463
489	0.49205956
572	0.45129873
575	0.50502934
626	0.53603093
647	0.61211034
662	0.48109623
693	0.63781757
698	0.59285468
724	0.54219900
803	0.61430049
807	0.59761681
831	0.52822233
850	0.54012260
862	0.57703154
863	0.60289186
897	0.45551306
921	0.58440816
941	0.57619453
950	0.54363147
969	0.56247245
999	0.55065662
1013	0.44470877
1020	0.54538848
1038	0.42870365
1111	0.58599027
1112	0.55255645
1177	0.58220735
1194	0.52666243
1201	0.60035833
1202	0.51463331
1241	0.49195115
1280	0.54370934
1288	0.56141042
1328	0.61897140
1356	0.44752147
1361	0.48506576
1417	0.50849549
1420	0.57751728
1461	0.44811951
1580	0.43763890
1625	0.52683407
1627	0.53768929
1636	0.48839527
1644	0.48331390
1742	0.50941027
1772	0.43116600
1811	0.58364838
1827	0.42555338
1853	0.43692316
1871	0.46778760
1889	0.48219020
1892	0.48832336
1901	0.42582091
1930	0.45206071
1947	0.41857370
1949	0.42415635
1968	0.58174316
1969	0.45359007
1984	0.59414750
2020	0.45140495
2040	0.43580912
2067	0.41372745
2094	0.59330694
2107	0.45972858
2159	0.45116863
2167	0.45606076
2178	0.49432444
2182	0.50811534
2222	0.47674625
2242	0.49042076
2245	0.53578566
2380	0.47953022
2443	0.44756576
2523	0.39424172
2577	0.40778213
2619	0.44883635
2652	0.45757706
2667	0.47071350
2692	0.44088706
2717	0.50448936
2759	0.46744091
2764	0.45461466
2786	0.49152154
2834	0.41560811
2844	0.56411772
2857	0.51861826
2960	0.39266419
3047	0.39424083
3067	0.42867426
3083	0.51899848
3115	0.42946529
3117	0.47029098
3159	0.45384669
3174	0.40371787
3231	0.45452032
3245	0.43843039
3253	0.43915777
3255	0.42181319
3272	0.49490578
3349	0.42631431
3487	0.44332348
3514	0.42723125
3529	0.46091189
3540	0.48723512
3682	0.45729821
3737	0.42814434
3789	0.41790542
3829	0.46146711
3877	0.45529615
3888	0.42167672
3891	0.37525547
3896	0.43879846
3926	0.37934257
3979	0.38701674
3982	0.45071434
4026	0.43834412
4112	0.42826990
4229	0.45350358
4237	0.47912422
4277	0.44292745
4319	0.43393826
4362	0.37172076
4392	0.44762566
4460	0.45490299
4511	0.41425892
4543	0.35963005
4571	0.39331412
4681	0.42804294
4745	0.42171968
4788	0.41959125
4795	0.45723929
4846	0.40909100
4865	0.38200137
5021	0.38911953
5024	0.37997547
5028	0.39553039
13	0.68033002
15	0.68897277
19	0.68895843
23	0.68880679
26	0.68850250
36	0.68877978
37	0.63786377
38	0.68535473
57	0.61621289
61	0.68540909
65	0.65722490
75	0.68850554
83	0.67351721
84	0.68547735
86	0.68833711
100	0.68607490
106	0.63970588
116	0.65450311
131	0.68825510
165	0.51163931
245	0.65595907
259	0.62090613
480	0.61562547
522	0.56925904
570	0.57390679
614	0.61067608
615	0.61873870
632	0.55363983
651	0.51040544
671	0.57128512
853	0.56710620
857	0.65286850
896	0.67066574
935	0.52312083
957	0.65783716
975	0.53793968
981	0.61728983
1053	0.58534115
1068	0.66745093
1083	0.62431738
1087	0.52358206
1098	0.63870012
1153	0.47584527
1154	0.59516002
1266	0.58067831
1341	0.58080745
1480	0.52321547
1557	0.56049132
1624	0.53248029
1789	0.52179250
1836	0.48660262
1858	0.49167593
1902	0.57498078
1910	0.47653066
1914	0.44375578
2021	0.49894610
2028	0.53013037
2036	0.48194664
2073	0.48047201
2184	0.54251971
2223	0.42297341
2263	0.47843243
2302	0.53953304
2325	0.46755985
2337	0.44517100
2340	0.47374355
2364	0.44927218
2516	0.52476738
2575	0.52406091
2580	0.41825750
2639	0.44658873
2716	0.54211145
2762	0.47414208
2825	0.44313647
2867	0.46559593
2888	0.43633779
3049	0.42808270
3185	0.45111995
3411	0.46789267
3495	0.41658966
3583	0.44600260
3616	0.40773804
3666	0.40519245
3695	0.42291181
3715	0.38737542
3730	0.45810713
3809	0.46128390
3820	0.43946593
3856	0.45733880
3946	0.44752868
4100	0.41450020
4170	0.42694993
4232	0.43973059
4394	0.40603277
4519	0.44674743
4814	0.35532402
4853	0.42713500
12	0.68867385
20	0.67154569
27	0.68825975
34	0.67724640
40	0.68873799
44	0.68881600
47	0.68889461
53	0.67646480
58	0.67993625
63	0.68413419
68	0.68785598
81	0.63948044
85	0.61207696
87	0.66179326
99	0.68880897
107	0.67637015
108	0.67457583
125	0.68866718
128	0.68745784
136	0.68861478
140	0.67172282
149	0.68649909
152	0.51080716
172	0.65872358
192	0.61728701
199	0.63496331
220	0.67682551
310	0.64288098
314	0.65753355
324	0.56287458
328	0.59127963
342	0.67875061
345	0.61665603
356	0.60670397
389	0.64772571
416	0.62451868
427	0.49585819
428	0.65876245
459	0.59569961
503	0.63326252
520	0.54426431
597	0.52579137
601	0.57875409
621	0.52465341
649	0.62287718
660	0.49026208
692	0.42838730
696	0.53317201
714	0.67352081
721	0.51552885
726	0.62599088
738	0.58679623
741	0.56967647
825	0.60514843
854	0.58165480
868	0.45388135
902	0.61589311
919	0.50653819
959	0.60819510
980	0.61500135
990	0.58792301
996	0.49663081
1043	0.66530015
1064	0.52150571
1107	0.58118213
1143	0.53996088
1144	0.49322566
1147	0.51391939
1155	0.56044679
1165	0.59089892
1179	0.51604738
1218	0.53646630
1258	0.53180814
1267	0.52468299
1277	0.49329235
1347	0.44186419
1349	0.56056015
1479	0.48416998
1499	0.49754554
1515	0.47849069
1628	0.60203618
1630	0.49197875
1651	0.53894936
1669	0.49091966
1707	0.46656412
1793	0.47878814
1798	0.47544975
1863	0.58086015
1950	0.54731301
1958	0.45141010
1967	0.44636243
1988	0.55277081
2012	0.53912223
2117	0.45442625
2152	0.50814181
2201	0.42790078
2236	0.53827900
2246	0.47719532
2260	0.48614877
2273	0.48225819
2366	0.44885015
2429	0.43278757
2456	0.46402615
2484	0.40516556
2513	0.46064824
2519	0.41480422
2600	0.40094500
2737	0.46941985
2814	0.45976355
2977	0.47414064
2995	0.45217640
3080	0.41693971
3133	0.47343922
3152	0.49018674
3183	0.43286824
3340	0.51414914
3496	0.40314662
3499	0.44583551
3599	0.41606218
3684	0.51821995
3756	0.38964390
3765	0.35704931
3845	0.39782348
3927	0.43529243
4135	0.42978772
4190	0.40407375
4320	0.39379605
4531	0.41256922
4650	0.41444025
4700	0.40170287
4872	0.38729998
4876	0.37796765
4963	0.39502721
5070	0.39660468
711	0.63385640
816	0.46078488
2371	0.40448358
3194	0.37275137
3462	0.39515436
4578	0.39600047
10	0.68880034
21	0.68863287
32	0.68889510
33	0.68882777
43	0.66324721
60	0.66391662
72	0.64477346
96	0.58761841
97	0.53804201
112	0.68453066
117	0.68598402
126	0.68825299
168	0.68853238
169	0.68703630
215	0.68078681
221	0.67533245
224	0.68514542
262	0.66777640
309	0.67819017
326	0.59712434
340	0.61960184
353	0.67266664
355	0.68122360
364	0.68698488
378	0.65437946
388	0.62371782
404	0.55117260
421	0.65777630
445	0.68703284
484	0.60865392
498	0.51472544
506	0.48462772
536	0.61151431
560	0.59551017
591	0.64755850
596	0.61833824
619	0.66584056
625	0.65128250
659	0.64078022
666	0.55580988
675	0.56083706
680	0.57225975
708	0.56618949
725	0.52860537
901	0.62392044
909	0.44063625
922	0.58596635
926	0.56821483
934	0.55757461
937	0.47511571
968	0.59303370
991	0.53650091
994	0.47797816
998	0.63494865
1015	0.41258184
1044	0.54115946
1075	0.62373108
1130	0.43456360
1184	0.52124417
1200	0.58457978
1239	0.47566086
1265	0.48999326
1450	0.46212985
1540	0.42748615
1565	0.51928625
1600	0.44763983
1604	0.46863806
1617	0.57937657
1643	0.42844250
1653	0.55290917
1693	0.47388142
1698	0.46390162
1699	0.54931216
1733	0.47057108
1748	0.43946699
1766	0.46664150
1780	0.49753926
1784	0.37659966
1785	0.52901174
1878	0.45112145
1885	0.59008934
1939	0.41766926
1945	0.48333549
1998	0.52757243
2003	0.46606880
2031	0.45694061
2125	0.45184909
2241	0.36733765
2319	0.42557500
2359	0.51819238
2376	0.49172208
2438	0.53347975
2467	0.39183010
2547	0.46941542
2554	0.43479510
2709	0.48694574
2711	0.55969716
2808	0.42911333
2816	0.50172051
2821	0.52131338
2830	0.38506890
2863	0.42818284
2918	0.39211566
2942	0.45558735
3143	0.50468730
3251	0.45804022
3254	0.45428260
3289	0.47593946
3358	0.50509537
3454	0.45365850
3503	0.41936186
3505	0.43438223
3581	0.41156135
3700	0.42379880
3848	0.40551417
3849	0.48164534
3906	0.50291225
4023	0.40990640
4140	0.36629025
4168	0.45021583
4275	0.38129706
4310	0.42109316
4387	0.43963005
4389	0.36263498
4458	0.42414576
4518	0.41904811
4592	0.36623275
4610	0.44112380
4719	0.41497814
4798	0.43333576
4813	0.44326897
4886	0.37766610
5069	0.41123669
14	0.68895429
18	0.68862784
22	0.68873966
29	0.68885147
30	0.68878951
35	0.68883971
39	0.68454860
49	0.68895130
64	0.67886400
77	0.67277216
90	0.63889419
94	0.68892694
104	0.68761600
113	0.60593958
124	0.68699426
130	0.65831635
146	0.68371711
147	0.50901554
154	0.68502789
166	0.68780985
183	0.59205333
198	0.68412051
217	0.68020167
225	0.66215934
243	0.66703912
263	0.68402091
266	0.67097473
290	0.64490468
300	0.55618549
350	0.68157961
383	0.60697304
420	0.64719892
470	0.67836686
491	0.65895951
493	0.66940012
499	0.64255343
501	0.63859350
502	0.59086458
525	0.45383020
532	0.61394870
533	0.65424598
573	0.42235066
588	0.64510020
604	0.65776863
606	0.64537346
634	0.59451765
641	0.58617164
642	0.57672147
653	0.62476814
710	0.44000772
715	0.43299583
757	0.57866127
764	0.53962382
787	0.61530939
821	0.62474995
832	0.51804015
838	0.57900032
845	0.54705066
861	0.45007971
877	0.60734201
882	0.65507250
886	0.62345397
905	0.59006620
915	0.45635765
925	0.63915598
936	0.52089316
1018	0.64199025
1019	0.53946500
1033	0.50468164
1081	0.58062453
1088	0.57733902
1137	0.49081549
1141	0.51641181
1168	0.55129542
1175	0.62142922
1198	0.44726395
1242	0.62720480
1244	0.59097659
1281	0.46964257
1286	0.51739642
1318	0.48508750
1364	0.54649789
1365	0.56681422
1371	0.51590517
1377	0.45241613
1395	0.43288245
1437	0.53231848
1468	0.44394017
1469	0.49660395
1471	0.58659605
1481	0.46159140
1522	0.50378100
1531	0.57782873
1562	0.48020566
1569	0.39658605
1602	0.51593706
1607	0.48876130
1640	0.46333522
1658	0.60434637
1692	0.52428826
1764	0.44240240
1769	0.54170051
1779	0.48243860
1814	0.49486659
1831	0.48166130
1844	0.54443248
1855	0.60599037
1887	0.48613635
1905	0.49187390
1935	0.44875630
2046	0.46754686
2068	0.44463971
2083	0.52540833
2089	0.46368039
2103	0.43643034
2126	0.43562863
2163	0.46660841
2233	0.44797860
2262	0.44681664
2271	0.55753162
2369	0.41877299
2471	0.46893137
2475	0.46862733
2492	0.48018292
2501	0.43531586
2556	0.44251836
2567	0.40777252
2588	0.49312409
2591	0.50293620
2620	0.55645100
2644	0.54097831
2648	0.45399118
2677	0.49043417
2727	0.44078586
2781	0.44572811
2782	0.40888463
2797	0.46086669
2822	0.40807620
2843	0.42391505
2853	0.44389765
2901	0.45579363
2929	0.47930054
2944	0.43448012
2972	0.37944701
3005	0.52180995
3039	0.50916561
3094	0.40654723
3126	0.46190473
3161	0.46902836
3181	0.40670767
3188	0.44075441
3375	0.41083566
3394	0.42911635
3480	0.49895010
3573	0.43853500
3648	0.42665096
3710	0.41048740
3865	0.47491275
3870	0.42817542
3900	0.43933544
4146	0.41488819
4181	0.43407620
4204	0.40687743
4252	0.37145338
4276	0.38790654
4291	0.41611777
4302	0.40702130
4382	0.39279836
4442	0.40059843
4464	0.43398402
4516	0.43278645
4550	0.39797995
4599	0.40039321
4619	0.43549865
4687	0.36814549
4732	0.42568316
4748	0.41405353
4790	0.44818674
4871	0.40202047
4908	0.44209287
4979	0.41845914
5080	0.42366458
5097	0.42207654
42	0.68888069
91	0.68881640
115	0.68827091
132	0.68716941
133	0.63415900
202	0.68574478
204	0.60672713
206	0.68800672
278	0.55271828
329	0.55439066
397	0.64026360
507	0.60000657
511	0.59124926
679	0.56354441
737	0.49992444
815	0.58043417
817	0.59449387
917	0.53389419
939	0.52821855
1079	0.58764309
1094	0.59883922
1101	0.56572936
1115	0.41409770
1160	0.48823505
1180	0.48215167
1231	0.44622164
1243	0.46494512
1246	0.43439208
1291	0.53942672
1303	0.56974953
1354	0.43677782
1425	0.62338637
1426	0.47550436
1487	0.44087824
1577	0.51466392
1594	0.44166902
1715	0.44512157
1828	0.50529978
2134	0.47111275
2147	0.59138331
2175	0.44144316
2228	0.49096022
2270	0.53041061
2367	0.48053674
2381	0.51109042
2417	0.44928902
2491	0.50810257
2674	0.45411831
2806	0.44756228
2862	0.46714882
3041	0.49417456
3081	0.45868868
3198	0.46670679
3199	0.39321355
3303	0.47737863
3339	0.42557341
3662	0.44392321
3925	0.38053520
4099	0.42179252
4116	0.38877880
4346	0.44421103
4435	0.40412103
4439	0.44233574
4575	0.41375480
4740	0.44171664
4875	0.43431983
25	0.68901831
28	0.68858118
50	0.68878071
93	0.65571311
155	0.64417576
203	0.68592336
234	0.61618385
252	0.61923407
335	0.66784265
497	0.58490007
524	0.60678012
558	0.46196208
609	0.56308252
628	0.59296733
694	0.52432801
799	0.67453174
1135	0.51526863
1142	0.49402515
1299	0.48794765
1415	0.49007831
1419	0.47926412
1676	0.49474463
2030	0.50113973
2074	0.46060547
2098	0.46649199
2209	0.40726007
2252	0.49252708
2274	0.56764017
2276	0.55514647
2324	0.47907154
2459	0.45650993
2480	0.44534892
2660	0.44780623
2680	0.44680363
2758	0.43942211
2776	0.56383319
2832	0.41164985
2886	0.49866537
2890	0.54240059
3019	0.44945735
3225	0.43021331
3321	0.39736941
3468	0.37263902
3663	0.40242301
4050	0.40670375
4052	0.42044029
4383	0.36728571
4480	0.45677331
4545	0.40120074
4808	0.40415012
4897	0.40690946
5057	0.38847358
24	0.68865086
48	0.52615806
59	0.68704672
79	0.68163333
89	0.68874446
102	0.68511025
170	0.68635243
179	0.68794375
182	0.62462821
233	0.55951610
240	0.68092676
260	0.63012816
284	0.66474194
320	0.57740858
332	0.65625429
339	0.68674012
343	0.66552422
369	0.64475632
394	0.50112936
406	0.61876201
419	0.57010034
438	0.49402757
474	0.54901725
512	0.59756010
582	0.67446493
589	0.45302051
624	0.58714348
637	0.62570211
640	0.67333022
677	0.60231745
695	0.49563365
719	0.56183164
734	0.48224713
758	0.63950532
771	0.62763625
774	0.64138441
814	0.56321216
889	0.57910162
900	0.58669404
977	0.59458103
986	0.53120466
1008	0.43676311
1055	0.55681277
1073	0.63934037
1085	0.63804676
1220	0.53562578
1301	0.44493368
1388	0.54302414
1402	0.56059863
1428	0.55084221
1473	0.52892828
1519	0.58748370
1575	0.46620145
1586	0.43766181
1588	0.52206566
1621	0.55748902
1677	0.52682975
1705	0.49121064
1718	0.47470441
1728	0.55208858
1765	0.47251181
1813	0.47713431
2154	0.44217478
2377	0.47162605
2477	0.42299953
2602	0.41554010
2633	0.51566471
2686	0.44457265
2712	0.48616365
2726	0.41961456
2954	0.44350706
3054	0.49416230
3059	0.40432208
3119	0.42713975
3136	0.40045000
3275	0.46950417
3326	0.49906039
3327	0.42472934
3569	0.40280245
3769	0.44334596
3790	0.47004654
3944	0.39563316
3960	0.41231745
4142	0.39741498
4152	0.42370750
4184	0.44705324
4236	0.43916061
4280	0.42288711
4316	0.41741350
4427	0.44790174
4546	0.41411988
4552	0.37914694
4568	0.42636838
4573	0.43681005
4708	0.40354088
4716	0.40382525
4723	0.43611061
4804	0.40971809
4843	0.38740951
4888	0.42038449
5000	0.40943549
5052	0.39915294
55	0.68236282
1120	0.54311858
1856	0.46164088
2116	0.57848686
3521	0.46679850
4324	0.42301196
4630	0.38598213
4754	0.42707147
41	0.67208623
118	0.68567610
153	0.68871547
158	0.67448841
176	0.68854061
189	0.52319069
197	0.67939370
249	0.55246279
265	0.65260225
280	0.61200145
382	0.64758191
386	0.66865995
399	0.68725730
412	0.65804833
457	0.65304890
468	0.68035779
478	0.61477848
537	0.63092784
574	0.51553929
636	0.67435191
759	0.48124975
765	0.55947953
777	0.61153098
855	0.55844735
871	0.58029919
874	0.67556512
880	0.63192493
908	0.54643797
987	0.52808368
1036	0.53312157
1047	0.50377044
1072	0.43717275
1106	0.61710488
1172	0.57068635
1245	0.49984980
1359	0.48916694
1373	0.55534282
1492	0.66609400
1542	0.60824669
1579	0.44705260
1616	0.55355917
1730	0.41067267
1747	0.61974782
1771	0.46961451
1786	0.49804591
1942	0.47386373
1970	0.52006868
1980	0.54831321
2069	0.46992206
2105	0.44531402
2132	0.46346375
2185	0.50026333
2187	0.51032086
2227	0.44815919
2239	0.51923583
2288	0.45155338
2318	0.44329907
2449	0.50846250
3063	0.53873194
3064	0.40418027
3165	0.39832480
3217	0.43765373
3264	0.41087824
3313	0.37371586
3426	0.38925333
3612	0.41880681
3644	0.50051919
3746	0.45831216
3814	0.43660627
3843	0.50017924
4027	0.44578831
4077	0.43422659
4136	0.43949816
4494	0.43224971
4632	0.39857132
4641	0.38051576
4726	0.40967113
4861	0.43719047
4866	0.45261652
78	0.67680360
185	0.58503919
267	0.59492738
273	0.67487284
351	0.68276032
358	0.62253581
454	0.66645319
467	0.50548453
655	0.59471387
731	0.50921576
740	0.60707745
796	0.52470515
804	0.56044022
943	0.54953426
1017	0.58619971
1070	0.57201074
1078	0.54765713
1104	0.53320836
1126	0.58356922
1340	0.55354664
1685	0.46661054
1777	0.58109206
1819	0.58567703
2006	0.51062627
2279	0.49249797
2433	0.52253824
2570	0.41882346
2975	0.51235191
3151	0.37358103
3230	0.45470444
3277	0.50894684
3312	0.44428909
3402	0.44579946
3634	0.49166064
3983	0.42104500
4124	0.38590074
4199	0.40308914
4312	0.45099152
4467	0.46251549
4509	0.42734821
4652	0.41095363
4693	0.36993645
5023	0.41751699
45	0.68864127
70	0.68856297
103	0.67913804
139	0.68156993
162	0.68283189
177	0.59421703
242	0.66556380
257	0.55193652
313	0.63502157
315	0.66101471
366	0.54596431
367	0.49792341
371	0.58556694
449	0.65368591
488	0.53237801
490	0.43810191
515	0.45078588
526	0.66444953
627	0.53523255
652	0.55149941
661	0.45098054
685	0.65229309
755	0.61478091
794	0.55807115
800	0.48416640
822	0.61341654
842	0.55232735
878	0.44964047
906	0.57567272
914	0.61791672
940	0.55557699
945	0.52689152
971	0.55124179
1051	0.60441897
1063	0.65983926
1105	0.60830939
1110	0.51589495
1182	0.53871855
1238	0.59012897
1249	0.53993843
1333	0.61211949
1345	0.52576348
1348	0.55809047
1545	0.50611444
1554	0.50657721
1808	0.45716422
2056	0.56351125
2156	0.48446532
2179	0.47937912
2267	0.47833375
2290	0.46637299
2292	0.44380718
2313	0.54491005
2368	0.45115032
2508	0.44950686
2612	0.47074488
2614	0.40287218
2650	0.46231238
2668	0.45590792
2731	0.41755176
2795	0.43837571
2809	0.53520966
2833	0.45201235
2845	0.44473596
2933	0.47405355
2961	0.41880473
2971	0.39867027
2973	0.40950289
3018	0.41395610
3108	0.45435380
3292	0.38411620
3331	0.41881120
3379	0.42129485
3395	0.44876493
3674	0.43646846
3702	0.49026809
3804	0.43117248
3881	0.41968451
3885	0.47346265
3920	0.41306132
4068	0.45707814
4359	0.50623154
4409	0.40613458
4470	0.39057466
4514	0.42985331
4626	0.40820858
4633	0.38981304
4682	0.39241625
4820	0.39458762
4945	0.43825353
148	0.66591755
452	0.64134377
534	0.53452135
583	0.63261049
678	0.52611228
729	0.49881645
829	0.42272316
929	0.55236782
1857	0.43819664
2158	0.48447275
2558	0.37374404
3844	0.44602897
67	0.61695799
120	0.68884412
135	0.68739137
138	0.64365831
142	0.67172336
160	0.56540422
195	0.62421995
196	0.64036255
209	0.67225059
281	0.54852275
551	0.50887213
667	0.59681620
699	0.61845375
780	0.51727284
792	0.60123676
798	0.47326243
1039	0.60917784
1100	0.52409272
1125	0.56397801
1163	0.52199203
1276	0.45918650
1285	0.63478931
1320	0.47716338
1337	0.48569191
1411	0.52503605
1527	0.46900520
1659	0.41732282
1706	0.49573961
1755	0.47376998
1795	0.43562787
1839	0.47516309
1940	0.48639819
2065	0.43956784
2071	0.49131865
2120	0.49478848
2123	0.47004047
2160	0.46659596
2243	0.57314267
2549	0.44933816
2551	0.55093461
2628	0.51276169
2858	0.41259061
3036	0.41130218
3051	0.49029301
3112	0.45543074
3170	0.46819083
3190	0.42178679
3353	0.44726088
3432	0.41176358
3610	0.41150841
3619	0.37903949
3938	0.44681363
3984	0.42099424
4102	0.42005150
4153	0.44808850
4191	0.49091902
4616	0.42017150
4631	0.41927230
4696	0.41982689
4859	0.39802091
4952	0.40359939
4976	0.37935723
80	0.68305404
417	0.68164703
443	0.66729784
508	0.62560733
563	0.53763711
564	0.64870904
753	0.51708613
778	0.60670316
823	0.48621914
1548	0.50166245
1639	0.50650444
1656	0.54217975
1804	0.52690100
1961	0.50615181
2253	0.44722708
2326	0.50661115
2342	0.39366404
2357	0.43248429
2606	0.45447983
3478	0.43309963
3522	0.44038078
3895	0.48365426
4240	0.44996412
157	0.58636473
164	0.67342466
201	0.67198887
208	0.49828083
218	0.55673064
238	0.65989699
285	0.61994206
298	0.68856895
307	0.63777287
347	0.54498674
361	0.60574113
460	0.60704848
505	0.65217826
530	0.59633686
538	0.54245005
552	0.61533132
605	0.61219257
669	0.46850578
730	0.54598642
779	0.54702904
833	0.65456529
836	0.62124520
856	0.61431495
866	0.56629980
954	0.53064576
1095	0.53811735
1162	0.48598539
1254	0.58772377
1289	0.46871466
1396	0.52654319
1514	0.53366145
1526	0.47077328
1534	0.43027230
1559	0.58255578
1595	0.52215123
1678	0.46656140
1703	0.47274738
1727	0.50458993
1740	0.52266730
1867	0.44539532
1929	0.47767801
1966	0.43089228
2005	0.46806424
2010	0.48732897
2076	0.50236002
2081	0.56068860
2092	0.39063814
2331	0.44467556
2418	0.46710564
2497	0.42350510
2514	0.40710777
2637	0.48624127
2699	0.50759534
2760	0.52263875
2866	0.44735843
2883	0.44627975
3012	0.39254998
3014	0.39302100
3078	0.46254904
3202	0.45334696
3224	0.42075885
3248	0.47325292
3284	0.41779498
3373	0.45495586
3436	0.40347301
3443	0.45373900
3629	0.43536184
3633	0.39600625
3731	0.43356772
3760	0.41203044
3894	0.43779044
3919	0.46430083
3924	0.43449100
4033	0.41475056
4145	0.43407056
4186	0.39871635
4329	0.41076973
4414	0.41356681
4466	0.41928926
4659	0.42564971
4698	0.43047662
4958	0.38216873
5098	0.43552735
88	0.68475326
279	0.68289909
303	0.65493846
712	0.55299875
739	0.53019985
772	0.53572517
812	0.59229659
984	0.54410953
997	0.56922571
1103	0.45508681
1573	0.56875311
1620	0.52499213
1864	0.43256696
1884	0.51157181
2447	0.56114316
2917	0.49170819
3242	0.39923799
3290	0.40893208
3384	0.48017387
3551	0.51354392
3704	0.38641044
3958	0.44020387
4048	0.45445581
4055	0.37902576
4062	0.43327412
4147	0.44957939
4628	0.41288662
4663	0.44038279
4844	0.42394632
4990	0.41318000
5002	0.44971870
5008	0.45011213
5050	0.39964980
5068	0.42716336
92	0.68880873
360	0.61589108
521	0.52623326
682	0.59934640
1171	0.44671676
1213	0.51025740
1311	0.49754127
1532	0.57064252
1608	0.57113978
1722	0.57804240
1897	0.50172328
2043	0.50611387
2137	0.53559711
2190	0.50011975
2679	0.42792610
2715	0.45617980
2905	0.50995172
3032	0.48144098
3425	0.46139096
3542	0.45236260
3643	0.45193002
3719	0.42824877
4587	0.44560713
46	0.68853250
127	0.45128765
200	0.62907461
318	0.65530056
436	0.55347804
599	0.58050650
689	0.44261181
839	0.63884931
1052	0.59805176
1089	0.54552735
1149	0.43588353
1167	0.61343025
1307	0.53553196
1339	0.50112350
1448	0.51857042
1489	0.53602583
1491	0.45848044
1751	0.50672426
1880	0.52266441
2062	0.55206490
2080	0.55383941
2091	0.43663429
2099	0.46256615
2308	0.47610172
2372	0.51792988
2673	0.44259620
2805	0.44522654
3823	0.40947402
4105	0.42188618
4180	0.44516713
4386	0.46677034
4449	0.42614304
4704	0.41579368
4948	0.40184184
362	0.54738402
720	0.60158032
1493	0.59956701
1979	0.59760576
2214	0.45547924
3614	0.48317176
3716	0.44073113
3759	0.38801642
4123	0.41656887
4603	0.44067127
4887	0.40946355
5048	0.39423083
71	0.68614635
114	0.67096446
137	0.68375490
175	0.67815498
178	0.68832770
213	0.64564765
216	0.53948917
239	0.63010493
241	0.63436123
253	0.56080672
296	0.67861135
359	0.47970946
477	0.52066238
494	0.65644667
587	0.63801319
644	0.55666336
646	0.61089520
700	0.58101659
752	0.58227559
783	0.58401779
846	0.62299392
951	0.47390064
1028	0.54334500
1119	0.49008777
1151	0.63893632
1174	0.53205414
1223	0.63743988
1224	0.52553108
1297	0.48011044
1382	0.44374051
1463	0.54268718
1503	0.46488069
1696	0.55550218
1815	0.54336544
1824	0.51026169
1860	0.50233809
1913	0.50805181
1928	0.50169159
1997	0.47955363
2255	0.43215123
2294	0.43060525
2425	0.48595745
2499	0.49024490
2522	0.52122574
2595	0.47836525
2655	0.42960387
2698	0.47141593
2800	0.52128179
2968	0.48534586
3208	0.40877995
3298	0.38896186
3322	0.49671627
3342	0.44933846
3356	0.44103850
3518	0.40421380
3671	0.42684730
3714	0.40721453
3782	0.39713620
3816	0.47858926
3830	0.39717331
4046	0.42679603
4489	0.40270623
4640	0.39030939
4666	0.41501775
4762	0.44149475
4977	0.41669615
5004	0.41220051
76	0.63820696
422	0.60300066
465	0.66067221
577	0.51580397
608	0.64876926
656	0.51848343
735	0.63876882
784	0.49798615
819	0.44939314
869	0.50505294
944	0.65426456
1065	0.53080603
1284	0.52346944
1290	0.44009652
1648	0.45186032
1683	0.58165534
1924	0.53324542
2155	0.48654228
2198	0.42197012
2682	0.46510559
2740	0.44977118
2876	0.53007654
2877	0.42708975
3553	0.44852461
3884	0.42335750
3897	0.45907176
4443	0.39922912
4817	0.41239279
4860	0.39384154
134	0.62465613
254	0.68621566
305	0.68322517
370	0.63381983
458	0.57137350
592	0.65235319
595	0.60761826
873	0.51979498
946	0.53831446
1040	0.58499730
1495	0.51559108
1601	0.57620277
1638	0.56718495
1770	0.59441110
1835	0.43676498
1957	0.50957620
2002	0.46418355
2059	0.55158716
2393	0.45893890
2481	0.49324169
2603	0.51921355
2605	0.44799287
2688	0.40280904
2729	0.41790311
2754	0.43730978
2931	0.55029841
2999	0.40787885
3137	0.48136654
3302	0.45161088
3596	0.39069522
3916	0.43924130
3991	0.43272208
4118	0.35279569
4167	0.44758468
4403	0.51750225
4446	0.42433120
156	0.57345998
184	0.62563868
210	0.66695603
219	0.65112169
226	0.68625735
348	0.67306880
349	0.65788517
374	0.68382289
411	0.63311341
414	0.57232711
424	0.66333478
435	0.62129689
539	0.56893721
622	0.57347350
630	0.51011397
687	0.66460250
747	0.57143775
770	0.55861027
808	0.64580713
867	0.52755750
895	0.51664654
1067	0.59193186
1217	0.62683478
1232	0.46776309
1261	0.50569529
1302	0.55396691
1400	0.52599483
1413	0.44659681
1418	0.45195145
1449	0.44204713
1462	0.44402049
1485	0.48977642
1516	0.54134904
1684	0.50533042
1951	0.51830015
2258	0.52002456
2293	0.46297581
2410	0.43450990
2446	0.43140887
2465	0.48512216
2676	0.45061819
2803	0.48568118
2840	0.47803708
2841	0.48487044
2898	0.42346838
2947	0.40045150
2970	0.45164929
3074	0.50510240
3130	0.42333684
3141	0.39428520
3239	0.41376404
3357	0.47383806
3401	0.49197000
3647	0.38802311
3795	0.41169914
3869	0.37736120
3986	0.38881885
4272	0.42019424
4294	0.36376130
4318	0.43679809
4388	0.39301500
4454	0.43488517
4532	0.41745284
4927	0.40734059
4986	0.42991103
4999	0.36908037
5088	0.44628054
51	0.68877826
56	0.66889873
119	0.67591299
188	0.68817184
288	0.53002949
302	0.64510360
373	0.68174904
396	0.65182061
446	0.68628054
578	0.52993088
702	0.45247819
767	0.66828184
923	0.52197292
1006	0.61592730
1062	0.59343120
1129	0.47164245
1138	0.45016456
1191	0.51603412
1412	0.49963108
1422	0.51876858
1432	0.56891625
1467	0.47814145
1597	0.52959738
1694	0.50972779
1922	0.40945230
1941	0.43927924
2234	0.44174157
2350	0.46502926
2394	0.54785848
2416	0.48622902
2444	0.46787988
2448	0.48196995
2616	0.44894088
2621	0.41049625
2708	0.48715640
2789	0.44882968
2902	0.40626169
2923	0.39726265
2934	0.44689841
3200	0.54553676
3383	0.41556819
3690	0.48768728
3947	0.47081684
4003	0.47065382
4223	0.38059507
4580	0.42548260
4672	0.41204431
4676	0.40508037
4718	0.43127647
4983	0.41782946
5046	0.37107044
161	0.67132853
316	0.68231686
346	0.62301441
586	0.48901495
1329	0.42726402
1665	0.52433311
1783	0.44681218
1803	0.56090321
1816	0.53705108
1820	0.43949757
1876	0.51757422
2029	0.57453615
2061	0.46116039
2494	0.45789453
2576	0.43207958
2607	0.42378706
2744	0.46821184
2765	0.38226990
3157	0.44262723
3528	0.51161561
3901	0.37757865
4149	0.38938284
4369	0.40338328
4377	0.40613669
98	0.67210306
159	0.61754248
190	0.58101233
211	0.65416186
258	0.67122699
286	0.62269498
654	0.57315027
769	0.54513083
910	0.53174566
1754	0.51966135
2705	0.41007941
4117	0.38956473
4374	0.44731667
4629	0.39433505
122	0.67456637
293	0.64442078
376	0.60052620
475	0.61075890
545	0.65924588
613	0.59512380
754	0.47888115
1021	0.47176529
1310	0.48218775
1389	0.45258186
1505	0.58602061
1623	0.54227186
1679	0.43896554
2148	0.53246784
2296	0.39497576
2490	0.44552657
2685	0.53230194
3745	0.43561775
4333	0.43223841
4548	0.36261392
4923	0.44328412
82	0.55372772
105	0.61557397
151	0.68630022
171	0.62320392
432	0.56660272
462	0.56766419
500	0.62284422
559	0.52938404
585	0.61680326
658	0.54086686
756	0.65005145
892	0.53955387
955	0.57671868
1001	0.60884400
1057	0.46842402
1097	0.49559627
1204	0.56627037
1272	0.53102767
1275	0.61538561
1502	0.47094181
1546	0.51740632
1592	0.50942784
2066	0.44626681
2206	0.44335701
2240	0.55324012
2424	0.45604968
2426	0.46866574
2528	0.40967929
2562	0.42497544
2672	0.41552576
2725	0.50179076
2896	0.47459478
2937	0.39988093
2951	0.43277600
3206	0.40927125
3216	0.46772042
3252	0.44173181
3548	0.39997745
3572	0.44967963
3686	0.38842510
3741	0.39465385
4111	0.41259520
4456	0.36978316
4475	0.39154610
4484	0.42574468
95	0.68857855
187	0.66706309
231	0.61031002
430	0.62121721
543	0.60088047
553	0.43944265
1022	0.44716336
1029	0.52135623
1091	0.47951245
1442	0.54354654
1687	0.48865456
1825	0.44082512
1996	0.50462444
2104	0.49873667
2172	0.52233686
2897	0.49127047
3237	0.40044108
3311	0.42640110
3329	0.38068877
3422	0.41040071
3561	0.40845963
3626	0.42405718
4845	0.37637071
4883	0.41250608
4891	0.43984243
261	0.67090836
444	0.66465110
890	0.56374765
931	0.53235966
973	0.48359971
974	0.44829309
1004	0.58741422
1096	0.48845980
1157	0.43295186
1338	0.43332799
1538	0.47603093
1603	0.42748534
1689	0.47789039
2468	0.49306743
2485	0.45629451
2539	0.40856966
3304	0.45618581
3516	0.46632223
3672	0.43187130
3875	0.44649137
3937	0.40083174
4542	0.38529953
223	0.64398995
244	0.62966436
255	0.68722032
407	0.51378353
423	0.63783743
437	0.65495564
471	0.57202897
797	0.49988561
887	0.41753270
1099	0.52227223
1134	0.60628022
1590	0.42218279
1721	0.50580600
1963	0.45248863
2352	0.46406466
2511	0.50373745
2732	0.49515373
3376	0.48058064
3797	0.40788971
4165	0.39858593
4295	0.41720326
4469	0.37967375
4653	0.45026627
4688	0.40471196
141	0.67454765
308	0.56094657
450	0.55344608
461	0.59650490
617	0.54836623
948	0.48468743
1024	0.45272172
1293	0.52941228
1306	0.54112338
1326	0.45769407
1370	0.50179051
1430	0.52656770
1459	0.55736152
1558	0.48312855
1697	0.56184074
1879	0.42793569
1881	0.44090341
1890	0.50092743
1894	0.42523216
1952	0.48733723
2322	0.52082870
2323	0.44026047
2517	0.48084206
2582	0.44631054
2871	0.41495674
3513	0.49133659
3665	0.45070488
4051	0.36039593
4315	0.41746527
4490	0.44995961
4506	0.36643564
4879	0.37321826
337	0.57612532
492	0.63336929
3713	0.47584159
3810	0.44130069
5058	0.40367838
167	0.68642775
271	0.59660846
295	0.67491654
323	0.64903907
352	0.45085287
354	0.58250358
390	0.67992292
431	0.57952230
542	0.64037897
633	0.50451993
1034	0.59583922
1240	0.58571740
1374	0.51629032
1393	0.47548272
1406	0.59875730
1734	0.58855007
1916	0.50701767
2078	0.40793419
2135	0.41798252
2165	0.41491468
2200	0.58013794
2422	0.49161534
2504	0.59242446
3259	0.53178669
3486	0.38131806
4485	0.42358262
4752	0.37124569
4761	0.47180600
4827	0.42401042
4895	0.43123272
66	0.68869757
274	0.68099561
415	0.64483890
541	0.52220461
623	0.54628686
686	0.64617025
717	0.57159782
806	0.47346571
827	0.57587931
830	0.47200257
965	0.56551208
1046	0.49531365
1146	0.56710605
1169	0.53280627
1271	0.56866672
1313	0.57178196
1444	0.45923176
1536	0.55775777
1593	0.48936311
1611	0.48542733
1654	0.45354110
1736	0.49549446
1778	0.52943250
1838	0.40876108
2033	0.43314848
2039	0.54913451
2370	0.48933289
2534	0.50787025
2651	0.50586164
2771	0.42999569
2772	0.58766789
2861	0.40535586
3257	0.45868620
3467	0.48606980
3781	0.41838130
3838	0.38871958
3871	0.43476652
3879	0.40544426
4125	0.39576669
4129	0.41113765
4154	0.45416765
4264	0.40891169
4407	0.40878605
4642	0.41321586
297	0.66364431
1003	0.60800191
3385	0.42324164
3905	0.43314512
228	0.57780412
368	0.65209752
1439	0.58745547
1537	0.47724946
1671	0.43891292
1801	0.51359936
3150	0.47478868
3880	0.40799417
4408	0.42737549
191	0.68876831
664	0.61072093
1585	0.44207294
1619	0.47007331
1717	0.53834885
1787	0.46194564
1981	0.41679571
3000	0.43355980
3017	0.41467659
3415	0.44779387
3904	0.39740179
4343	0.42678478
145	0.68036100
277	0.68321733
282	0.45405995
440	0.54008436
781	0.49632355
992	0.66459539
1045	0.49878667
1122	0.58542718
1330	0.61076174
1386	0.54463949
1710	0.44749424
1955	0.42824843
2177	0.48800598
2299	0.44505272
2566	0.38407034
2739	0.50107971
3297	0.48823824
4300	0.39602939
1170	0.43898304
1263	0.50792358
2420	0.49719944
3688	0.42337608
4004	0.42230539
4082	0.50955718
4560	0.40974346
4607	0.42660904
4980	0.44695645
129	0.68892456
403	0.54393522
569	0.51513233
791	0.52699081
1547	0.49727277
1622	0.43636475
1663	0.53968461
1719	0.47500047
1760	0.56663113
1977	0.42846238
1989	0.40359118
2058	0.57497853
2202	0.51369471
2207	0.42285556
2696	0.41661262
2873	0.47113328
2911	0.39373412
3606	0.38990272
3827	0.42371020
3956	0.39549613
4044	0.43681417
4617	0.37493990
4995	0.41206809
514	0.65479199
888	0.60651515
1077	0.53629047
2384	0.42168512
4350	0.39687794
251	0.64562125
557	0.57549441
603	0.65233314
1173	0.50191385
1190	0.51216039
1208	0.56204618
1553	0.56736922
1788	0.50976466
1826	0.45718951
2027	0.45547858
2412	0.45647451
2579	0.46518723
2826	0.41350542
3023	0.43162539
3794	0.43812564
3917	0.44103179
4031	0.37708613
4067	0.38070703
4205	0.46273373
4231	0.40573331
4645	0.41790882
4944	0.34366686
379	0.66281373
516	0.65781044
528	0.59466382
535	0.65261321
593	0.65491243
703	0.59234654
1260	0.54967118
1264	0.48481672
1399	0.51224105
2392	0.46492113
2718	0.50872463
3784	0.40533674
3819	0.42136441
3832	0.44075853
3913	0.39234184
3932	0.40527265
3969	0.45500179
4830	0.41398397
222	0.68201895
287	0.67802275
550	0.54979941
600	0.49466581
913	0.59568564
1145	0.47519392
1226	0.43244130
1576	0.53775583
1812	0.42165404
2001	0.53565502
2096	0.46694409
2509	0.44653956
3020	0.39790544
3128	0.43486956
3506	0.45379245
4611	0.42577071
4638	0.42333831
4987	0.39560287
5049	0.39429664
5072	0.37152338
5089	0.38267235
235	0.64576701
322	0.62227319
372	0.66145576
722	0.67237556
766	0.54520461
894	0.56828946
1011	0.54487319
1128	0.52999804
1292	0.61155544
1460	0.52046230
1660	0.44645311
1762	0.49011770
2109	0.55469127
2338	0.45155934
2363	0.43782292
2428	0.44664417
2531	0.49052098
2552	0.45109103
2788	0.43298966
2880	0.44773047
3696	0.44063809
3800	0.45496593
4059	0.48344162
4101	0.42502225
4130	0.41597289
4549	0.40537326
4620	0.38389941
413	0.66206642
463	0.55009069
523	0.57495326
683	0.61224620
809	0.44798716
1060	0.55100348
1197	0.44810650
1458	0.51511255
1482	0.44253051
1513	0.51141988
1802	0.52299159
1944	0.44004473
1974	0.43737257
2351	0.45785480
2388	0.49177311
2626	0.43146831
2996	0.44792169
4590	0.43289069
4994	0.41600054
5012	0.40738596
5077	0.39706664
181	0.68410608
193	0.68852213
301	0.68572551
495	0.63736321
546	0.56134843
639	0.56523632
701	0.57567000
811	0.50780453
818	0.47273083
966	0.60371944
985	0.53152826
1026	0.61547507
1102	0.61276843
1372	0.52546145
1435	0.44180672
1501	0.50481088
1508	0.55238086
1550	0.49401475
1612	0.56556882
1873	0.44637868
1995	0.52169174
2285	0.46968444
2495	0.41020228
3025	0.39999353
3166	0.47403723
3269	0.45276919
3325	0.49148324
3473	0.46203257
3564	0.43069184
3707	0.48332169
3923	0.43170179
4161	0.42880542
4330	0.39187419
4419	0.38056375
4576	0.44456091
4778	0.39891218
4810	0.38527755
4947	0.40290926
338	0.55056172
513	0.61789218
518	0.59149922
616	0.61286103
824	0.61110336
860	0.58397110
1012	0.55177909
1230	0.58630172
2143	0.51045292
2189	0.55662328
2301	0.52724551
2330	0.46415838
2383	0.47837186
2466	0.45190838
2521	0.50662679
2535	0.52067748
2810	0.40653189
3154	0.40895890
3423	0.38885331
3437	0.37872860
3615	0.43145642
3712	0.45253451
4410	0.42242282
4579	0.44296289
4691	0.42461431
4725	0.37519811
4742	0.41943581
4800	0.39217706
466	0.67932189
751	0.52695868
993	0.51485115
1199	0.54587115
1351	0.51155841
2908	0.43005100
3456	0.53800583
3694	0.39328059
4110	0.43237218
4488	0.40487225
4618	0.40302218
4889	0.37349306
1084	0.51885436
1358	0.57426743
1427	0.45090870
1688	0.53249507
2210	0.46336574
2723	0.40868346
3243	0.40313152
5073	0.40901282
194	0.60941951
227	0.58576382
325	0.51828983
487	0.50481681
618	0.46852885
635	0.54594632
911	0.58019093
1069	0.56061828
1080	0.52799706
1214	0.47892806
1294	0.58485750
1344	0.50010034
1401	0.55517002
1443	0.42037699
1452	0.48950647
1549	0.52659828
2395	0.39518441
2411	0.47133983
3107	0.45201596
3156	0.46394056
3279	0.44528012
3493	0.43268208
3523	0.37690431
3580	0.50786978
3706	0.48200304
3918	0.45290316
3997	0.40439064
4002	0.44840963
4018	0.41589515
4210	0.40552118
4270	0.44370184
4285	0.47261316
4341	0.44974255
4812	0.40448277
143	0.66451723
610	0.56526757
1093	0.55514186
1743	0.46544279
2051	0.45877316
2173	0.44439897
2769	0.43858931
3455	0.45786382
4293	0.45476154
256	0.63928953
529	0.60144005
554	0.67565566
1178	0.59696627
3100	0.46218343
3207	0.39637593
978	0.59391527
400	0.51271390
580	0.64802760
1049	0.61369532
1397	0.56871120
2751	0.57375321
3397	0.45070728
4873	0.43736515
884	0.58461103
1071	0.44907071
1234	0.50898480
1551	0.54792199
2261	0.49943571
2298	0.54753147
2864	0.40940973
3040	0.44138032
3218	0.48985676
3887	0.41173922
4313	0.38753657
4776	0.41633672
976	0.52858017
2139	0.44590191
3319	0.43955706
3866	0.43666196
334	0.68821402
375	0.60126439
395	0.63279127
768	0.63577730
1990	0.55256529
2176	0.48561826
2193	0.50373860
2690	0.41010044
3120	0.36266010
3477	0.46325120
3481	0.55368853
3750	0.39217522
4583	0.38727167
928	0.59352169
1533	0.52943676
1634	0.57564390
2205	0.51003424
2799	0.49994502
3050	0.42706400
3692	0.38838890
3855	0.38406032
3965	0.41704189
4260	0.42708613
4284	0.44717228
121	0.67973167
425	0.64429032
566	0.51953100
1030	0.59299993
1436	0.62424400
2852	0.42805059
3954	0.44044078
4433	0.41328824
237	0.68386255
942	0.55262748
1212	0.61432760
2272	0.53906944
2738	0.49949941
3011	0.47525265
4396	0.42259953
4411	0.44454762
4623	0.39403282
481	0.48412767
849	0.51400586
927	0.62789696
995	0.46179890
1054	0.51242380
3949	0.53716779
4213	0.40469826
4528	0.35318946
207	0.68856034
402	0.58546311
451	0.65367301
565	0.66062039
629	0.61471917
716	0.49288201
841	0.47242370
870	0.47528581
1312	0.48284309
1325	0.48718586
1380	0.62496360
1725	0.51175368
2133	0.47477542
2451	0.41619032
2586	0.54223983
2615	0.46102995
3065	0.43684598
3659	0.39447228
4114	0.40438674
4517	0.44743086
762	0.67232811
1668	0.43286238
4222	0.42484392
4332	0.43901360
275	0.68770576
1188	0.49710299
1447	0.47568963
1486	0.48337314
1650	0.56001326
1739	0.49418630
2035	0.48436392
2529	0.52216554
2546	0.47980674
2950	0.50154314
2984	0.42975488
3003	0.47971877
3828	0.37404225
4760	0.40359199
289	0.45081321
670	0.58878157
1166	0.58321782
1257	0.55291828
1305	0.47947772
1574	0.52740034
1810	0.47754900
2013	0.54600473
2108	0.42737488
2256	0.43311020
2859	0.38902828
3618	0.45534529
4011	0.37830542
4201	0.38334471
4288	0.49130255
4337	0.41484679
4932	0.41410272
5092	0.40062904
456	0.54200370
681	0.49610877
728	0.58226988
1032	0.48929571
1086	0.51772145
1185	0.53708583
1335	0.57915887
1403	0.56499627
1488	0.54818576
1670	0.48704900
1915	0.40891591
2044	0.49125395
2208	0.44466265
2230	0.53323071
2339	0.47411150
2440	0.41077409
2550	0.50340600
2928	0.50151449
3006	0.47714853
3118	0.43804772
3416	0.38402380
3557	0.42740838
3689	0.38854549
3793	0.44728387
3801	0.41687767
4138	0.38258681
4219	0.37773485
4367	0.38171941
4739	0.37175696
336	0.61316314
638	0.55684748
2016	0.45312385
2437	0.41570833
2569	0.42048358
2956	0.45307699
2981	0.50391907
3008	0.48517792
3459	0.44203645
3490	0.50135674
3971	0.43436373
1123	0.51314216
2402	0.49942110
3055	0.41241882
232	0.68271010
398	0.63732044
408	0.61988186
826	0.55058912
1116	0.49944042
1252	0.56663811
1392	0.60080091
1711	0.45125809
2019	0.41280336
2140	0.48612782
2403	0.49990770
2598	0.39995520
2703	0.40793439
2780	0.44776412
3015	0.43111466
3069	0.51155365
3091	0.41452255
3288	0.43232701
3335	0.41088282
3720	0.45915875
3842	0.45326615
4095	0.37920243
4328	0.39465995
4375	0.42326471
4597	0.44110191
4913	0.39455444
453	0.64269277
688	0.48074029
2983	0.41982100
4175	0.44658544
4556	0.41575618
4669	0.43943314
4826	0.40389868
668	0.65725400
1183	0.50901574
1222	0.58403752
1251	0.50381054
1368	0.55794093
1830	0.53852875
1959	0.45377137
1991	0.53738799
2355	0.45947328
2610	0.46447431
2940	0.38800211
2991	0.43987069
3693	0.38721880
3724	0.41976277
4218	0.45019208
4541	0.40801037
4960	0.39982081
691	0.64951743
1635	0.47535044
1695	0.50682870
2632	0.53924860
3953	0.46786436
1496	0.57388676
1851	0.39951983
2415	0.50433069
2618	0.41714684
3196	0.47941838
3709	0.45120799
4089	0.43828360
269	0.61312005
429	0.62108875
1745	0.46482402
4119	0.43488804
4584	0.39964936
4661	0.38666642
4811	0.41327390
230	0.66560716
1691	0.52106532
1917	0.48567115
2114	0.51340431
2354	0.53787623
2557	0.48119100
2627	0.50922868
2987	0.39289549
3109	0.44687929
3751	0.40351255
3799	0.48336199
3812	0.42143953
4198	0.43314716
4432	0.35522020
4447	0.41086463
276	0.52106865
598	0.54078395
2964	0.42269716
1735	0.44698370
544	0.57712676
736	0.56344069
748	0.49529191
1507	0.58359012
1738	0.49903348
2747	0.50233284
2770	0.41712270
982	0.55123873
1483	0.57694674
2204	0.53406846
3994	0.40624645
3009	0.51547922
3135	0.45346831
4591	0.37431566
775	0.68011169
788	0.44113115
1384	0.58984694
1763	0.43792181
2533	0.38781088
2548	0.47030779
3010	0.42841098
3687	0.49313561
4340	0.37416904
4786	0.40066147
3046	0.43077483
3057	0.45133292
3250	0.41517985
3873	0.40904059
3993	0.47793096
835	0.48171561
1472	0.55201988
1529	0.53324887
1837	0.50180444
2215	0.44692064
3334	0.46569395
3347	0.49355679
3525	0.41761500
3930	0.42873801
4261	0.37598809
426	0.58235958
469	0.50480206
907	0.53182875
1118	0.55485054
1221	0.48786478
1383	0.43801287
1637	0.59405743
1686	0.51939228
1903	0.50508453
1953	0.52895684
2149	0.53940309
3173	0.37448723
3734	0.41626463
4074	0.44358088
4108	0.53417821
4214	0.42634559
4370	0.42725132
4397	0.43904387
4787	0.36120341
4964	0.44336091
3110	0.44750466
4292	0.35694549
4335	0.42234262
5040	0.35038373
5047	0.37502142
344	0.64215463
643	0.66724909
891	0.45517858
920	0.50219985
930	0.60777412
964	0.52174071
1074	0.59577596
1227	0.50613135
1255	0.50433365
1269	0.59875228
1309	0.56787897
1470	0.53807262
1544	0.55263627
1564	0.42935164
1613	0.51987054
1712	0.55709770
1714	0.45225564
1909	0.44655260
2307	0.39998699
2398	0.52778194
3169	0.47632723
3370	0.43888150
3392	0.41982370
3723	0.40492615
4080	0.43709451
4173	0.43287010
4582	0.40947179
4796	0.38106975
4824	0.39897377
4896	0.39854064
5033	0.36941358
214	0.68531270
304	0.66536554
760	0.54590284
1066	0.63993238
1407	0.52022172
1509	0.47522730
1642	0.49105260
2023	0.54944299
2060	0.47390615
2174	0.55693471
2489	0.46092025
2541	0.41388672
2568	0.44271255
2741	0.48409012
2819	0.43879137
3590	0.40895686
3655	0.40567627
3744	0.40344301
3995	0.44284794
4677	0.41570164
4793	0.42487799
684	0.58420865
834	0.44697610
843	0.63064260
864	0.59812441
1708	0.48860635
697	0.50582865
813	0.64991446
1732	0.43322277
1807	0.50320632
1862	0.46164556
2090	0.46221333
2192	0.52341676
2563	0.51928382
2734	0.43615909
3560	0.47894385
3717	0.42850267
3836	0.45376816
3859	0.41675292
3945	0.50605201
4530	0.41341757
4561	0.39604515
5020	0.39563309
5086	0.42161189
5090	0.38781294
174	0.67461488
476	0.64696598
486	0.56487975
612	0.60812243
837	0.65298806
958	0.50920189
1124	0.48893150
1209	0.55309186
1215	0.61956449
1343	0.43218696
1673	0.46407027
2050	0.40572863
2314	0.50869642
2881	0.39524463
3027	0.44898059
3412	0.48951620
3839	0.42138647
4006	0.40552471
4079	0.40007402
4139	0.41726605
4692	0.43073836
4702	0.37858566
4735	0.42094887
5061	0.41450196
1023	0.49786600
4686	0.35451904
2638	0.33377529
4837	0.33047289
555	0.60662331
1605	0.57043478
1931	0.47900642
2316	0.49012669
2801	0.43151436
2842	0.46748027
4066	0.41513542
742	0.53098534
790	0.45744512
802	0.63033179
840	0.45304005
848	0.50299591
953	0.47795806
1082	0.43204375
1148	0.47155238
1236	0.48112483
1572	0.43010858
1589	0.49099468
1846	0.48890912
1971	0.45730765
2250	0.56062164
2608	0.43960841
2629	0.50567659
2783	0.40968441
2831	0.43391252
2930	0.41845725
3915	0.47069100
4054	0.38023137
4162	0.39292917
4323	0.43361559
4862	0.36682034
4914	0.41552885
5094	0.37091505
482	0.63052703
970	0.58506797
1117	0.44912127
1304	0.42550338
1759	0.52994542
2216	0.48102684
2860	0.49047574
3044	0.40968637
4163	0.37258449
311	0.60921162
485	0.44688373
510	0.44149140
1387	0.46736326
1567	0.41328988
1773	0.44770841
2100	0.41085525
2460	0.41249066
2662	0.49192439
3171	0.52513625
3508	0.43387417
3718	0.46026593
4005	0.38997797
4970	0.39073939
556	0.66480076
733	0.57020417
2232	0.52364409
2766	0.42152674
568	0.66668167
2502	0.57371669
3021	0.42165348
3048	0.45359902
3360	0.41326750
4544	0.42067275
4764	0.39097069
4765	0.37408662
645	0.49576203
1724	0.49203652
2130	0.47229429
3577	0.37213228
3981	0.41647113
4473	0.38816105
4678	0.40260882
3570	0.40277623
4020	0.40589520
381	0.60964598
2128	0.41598924
4064	0.40351265
317	0.62944598
2804	0.41203096
3178	0.48196814
3460	0.46110404
4176	0.40024586
4850	0.43590600
1666	0.54316946
2985	0.42716248
3589	0.41959772
4949	0.40698860
283	0.65559086
380	0.61009583
387	0.57600365
852	0.61108801
885	0.44097615
1058	0.57535377
1352	0.55998265
3007	0.44255051
3145	0.46106480
3241	0.42609061
4171	0.44008632
479	0.67507194
1434	0.51528713
1849	0.45722179
4524	0.37481064
2963	0.41992341
3293	0.42844706
3691	0.46307005
3961	0.49617184
4799	0.40511252
433	0.56966250
611	0.66674721
1109	0.47762931
1410	0.43123360
1791	0.48957110
2851	0.54212449
3975	0.42632498
4351	0.37442760
4585	0.40795066
972	0.54754397
4286	0.38846228
5019	0.38472365
1566	0.56487517
3187	0.57061301
673	0.59920316
776	0.56820650
918	0.54738547
1127	0.49445757
1152	0.45813728
1865	0.51445272
2145	0.42147282
2336	0.49306005
2407	0.48161743
2457	0.46114669
2470	0.48935569
3142	0.49606211
3753	0.42335625
4086	0.36624419
4307	0.45109858
5010	0.35381061
763	0.63563088
1195	0.58119091
1385	0.44247449
2736	0.41291713
4339	0.37760056
4422	0.42407811
4734	0.34751495
540	0.59491098
801	0.49488189
2724	0.42700059
3377	0.41582850
4912	0.43065385
1539	0.50475123
2640	0.51194645
2750	0.42750042
3280	0.43618022
4421	0.47409787
330	0.65086581
1561	0.48923662
1799	0.54849909
2409	0.48391069
2445	0.40048029
3772	0.54034324
3921	0.38756902
4448	0.40104902
4481	0.40875578
4856	0.38289664
250	0.66663554
391	0.56760816
745	0.53459980
962	0.53776843
1156	0.45250397
1581	0.54694120
1919	0.47793174
2356	0.45864591
2574	0.40871235
2659	0.43332145
2792	0.48419676
2869	0.42352402
3088	0.51653613
3369	0.47272238
3778	0.39845990
4393	0.41450368
4885	0.39928275
4900	0.40102216
4901	0.41604576
1379	0.47150770
1649	0.40910167
1794	0.44687610
1842	0.61615346
2115	0.45808203
2868	0.45604123
3038	0.47515816
3547	0.37176929
4008	0.43584353
4196	0.45448757
4825	0.42409375
5026	0.38648603
1896	0.41021233
2382	0.40518814
2555	0.39653897
2694	0.46065277
3291	0.47654145
549	0.58559154
1016	0.66072971
1235	0.50143208
1375	0.48992162
1672	0.39140909
1908	0.46961789
2309	0.45763632
2891	0.44217086
2913	0.47798713
1189	0.59936390
1206	0.48495319
1394	0.58512863
1525	0.41788527
2590	0.47857870
2695	0.48882926
2952	0.46556581
3307	0.42151551
4269	0.42948863
264	0.61681135
321	0.65351968
786	0.59306103
872	0.67043887
979	0.49027181
988	0.46559297
1409	0.56529468
2303	0.43132125
2473	0.46488056
2904	0.49448772
3262	0.44590176
3463	0.45581824
3510	0.41212022
4090	0.39924750
4368	0.36004098
4372	0.44520402
4802	0.39385132
4842	0.39558542
418	0.64526081
727	0.61499328
1308	0.52585777
1429	0.51034897
1446	0.54631127
2093	0.46787922
2112	0.45035539
2361	0.48523868
2414	0.46033279
2689	0.47358765
2850	0.46876113
4417	0.45917260
4557	0.41908694
4586	0.42153904
4867	0.37091944
5066	0.36777627
527	0.60402422
1454	0.57365936
2166	0.48455728
3086	0.48724228
3837	0.40499904
3907	0.41732843
4595	0.38864664
496	0.52657287
547	0.48026061
732	0.58247576
1000	0.42091289
1440	0.46950554
1626	0.45326179
2327	0.44345333
2365	0.55243637
3337	0.46055426
3447	0.42665350
3635	0.38722941
3851	0.40013858
3860	0.42475814
4226	0.41046400
4459	0.36297446
4863	0.42002574
576	0.60330895
1207	0.48635635
1517	0.50875130
1776	0.40443586
2706	0.41842314
3667	0.40452961
4177	0.43662706
410	0.58434926
648	0.54003397
650	0.59119711
1321	0.52865140
2474	0.45116037
2748	0.46324355
2779	0.42916108
3352	0.47185115
4401	0.35161245
4497	0.38296201
294	0.54172637
761	0.52410007
881	0.56383439
1518	0.52903194
1911	0.50229279
1918	0.41220463
2084	0.43210576
2476	0.38890426
2914	0.41160292
3222	0.47078257
3386	0.45257252
3552	0.42629064
2212	0.37697164
3398	0.37272267
483	0.67550419
531	0.48842632
865	0.57931787
983	0.44035471
1316	0.59093809
1609	0.58515706
1645	0.58579211
1877	0.53194748
2373	0.48192414
2849	0.44446566
3497	0.40737574
3576	0.42073316
4024	0.39651696
4694	0.41242860
4791	0.41512012
341	0.66418951
844	0.65585027
1035	0.55823583
1629	0.41578931
2034	0.48805537
2328	0.41978779
2375	0.37629110
2385	0.48820189
2761	0.49137752
2790	0.46216554
2818	0.49028074
3268	0.40668431
3387	0.45898456
3430	0.45387615
4060	0.39064574
4526	0.41349429
4910	0.38534086
357	0.65729346
1761	0.41267654
1975	0.41545578
4148	0.37640493
4278	0.40916529
4345	0.40423755
4636	0.40650110
4680	0.40646078
1523	0.46081123
1987	0.40100578
2472	0.44653882
3527	0.36785958
3840	0.42335017
4878	0.35552566
4941	0.37296801
1041	0.44619135
1282	0.43690461
1746	0.52230365
1895	0.49163664
2141	0.49547191
2815	0.51074858
2870	0.48412767
3534	0.45315223
4206	0.42124762
4781	0.40932620
4839	0.42916025
956	0.42504770
1150	0.54601360
1840	0.46082532
2441	0.56263348
2847	0.43755625
2927	0.41060897
3085	0.45724674
384	0.52240015
949	0.51932775
1298	0.56202042
1438	0.50952679
1976	0.43097115
2269	0.39126400
3320	0.41474596
3669	0.38461740
4151	0.40311147
4602	0.40646505
4644	0.43691451
4823	0.36666777
1007	0.53928507
1464	0.52832360
1631	0.42221086
2203	0.47926485
3176	0.41363846
3396	0.42803125
4660	0.36228368
4870	0.39176725
1850	0.51804091
1899	0.57248542
2604	0.42148956
2854	0.51893137
3622	0.42284108
4200	0.43322012
2226	0.55527868
1164	0.50254596
2162	0.41578718
2181	0.49051377
3603	0.42899752
3853	0.35809667
247	0.67563221
299	0.65432755
1618	0.47240189
1925	0.42912870
2118	0.51781100
2161	0.46783360
2168	0.47765613
2264	0.52832414
2887	0.43069797
3608	0.52495184
4701	0.38845623
442	0.55066897
1478	0.49181787
3030	0.48585958
590	0.65153385
859	0.52780446
1500	0.61253034
1716	0.45313728
1907	0.48416556
3365	0.40725289
3623	0.37089858
3654	0.43482816
4245	0.42030757
4525	0.38940284
4703	0.34418120
967	0.49767681
3294	0.44558169
3350	0.42711877
3908	0.46017789
4039	0.40470027
4085	0.41579569
4094	0.42187309
4158	0.38367248
773	0.48569689
1511	0.49285882
1886	0.42020235
2921	0.52921120
3203	0.45481716
3530	0.36953439
4063	0.42095338
4203	0.39312265
4283	0.39675483
989	0.61581100
1556	0.51796449
1582	0.41871860
1817	0.44969564
3815	0.47187730
3883	0.41708049
3899	0.43217926
4058	0.44934152
4109	0.37370760
4115	0.39817142
4656	0.43057225
5017	0.41263625
447	0.66249924
1615	0.43677243
1921	0.45468650
2017	0.45827586
2047	0.48300843
2593	0.51029939
3420	0.44074461
3673	0.40710980
4224	0.41339230
4769	0.44346404
2220	0.56937333
3393	0.35543199
4014	0.37154373
509	0.48160321
1704	0.53835983
1964	0.56214346
3858	0.42960194
3378	0.38616380
4121	0.39695299
2802	0.37963554
3105	0.39731956
548	0.65746630
2291	0.50346858
2900	0.45659850
1404	0.56637890
3286	0.47257230
4225	0.47365206
4627	0.39782672
5093	0.36820946
409	0.56187797
904	0.43924243
2329	0.43049493
3698	0.41161120
4174	0.45014103
4365	0.42778091
4728	0.37196760
579	0.50909203
876	0.43045917
1898	0.44555831
3192	0.49235020
3607	0.40575485
4925	0.37333255
291	0.64174779
3808	0.43975534
4017	0.42240319
4076	0.39511919
4078	0.41472752
4989	0.40070255
1376	0.55641172
2041	0.48995137
2053	0.59445228
2087	0.43465667
2838	0.40225706
2922	0.44558441
3796	0.43735586
3889	0.43915301
4249	0.43726730
306	0.67491208
581	0.62108701
858	0.48584824
1010	0.61818635
1025	0.54321049
1031	0.55046199
1610	0.50649880
1667	0.47004453
1823	0.44642426
1870	0.50648887
2728	0.43095120
3282	0.38873382
3299	0.41207471
3817	0.36667674
4717	0.45153824
1228	0.57912532
2259	0.43379341
2353	0.46208186
2434	0.54630468
3164	0.41468439
3878	0.39122662
4073	0.47975466
4621	0.43219167
4840	0.43086770
2345	0.44436287
3229	0.49548929
3586	0.44077243
3821	0.38936963
4348	0.39064549
4566	0.42644127
4569	0.40363787
5074	0.37831961
1923	0.42706490
2431	0.42301868
3446	0.39376637
3748	0.39447625
246	0.62556309
2436	0.49745194
4317	0.41284855
961	0.48545971
1367	0.54001169
2311	0.49768973
3762	0.39985100
4253	0.40936179
4915	0.36068368
2344	0.39618118
2978	0.44290142
4797	0.40847395
327	0.63509240
785	0.43668311
1398	0.55129032
1424	0.45867311
2122	0.41530564
2195	0.44028002
2532	0.48464365
2647	0.46828157
2967	0.40112716
3233	0.49611588
4523	0.41461346
2286	0.40042578
2358	0.48322973
2538	0.47576919
4160	0.48107789
705	0.54798054
820	0.51198929
1203	0.46971502
1363	0.55160365
2879	0.52072282
3033	0.37375929
3345	0.53125591
3488	0.48464775
3893	0.36444848
4453	0.42137895
4477	0.45117605
4512	0.41943618
4724	0.44555390
365	0.48057625
448	0.66652304
1591	0.49008240
1806	0.51014559
2119	0.56012061
2138	0.51432257
2435	0.46677370
2617	0.45246826
4126	0.41531843
4334	0.41559270
4428	0.43154409
594	0.64463613
1520	0.55944975
2217	0.50638257
3598	0.49336941
749	0.52585230
1702	0.43327282
2079	0.54347020
4434	0.45173708
5091	0.39705294
1528	0.54125191
1821	0.46022743
2512	0.39288993
3341	0.44312279
3526	0.40402284
952	0.58689382
2153	0.47042417
2183	0.37784169
2450	0.42960588
3419	0.45986211
3588	0.38599172
3824	0.40437706
795	0.65379924
1535	0.53658500
439	0.44461000
519	0.54983799
1570	0.54397176
2820	0.43872368
3236	0.44534240
3346	0.40696623
3628	0.53361515
663	0.47947806
1233	0.48986350
2488	0.42321711
3095	0.42585061
473	0.54658463
674	0.47756853
1205	0.63198176
1474	0.47195064
1797	0.48561748
1932	0.51482025
1973	0.40954961
2432	0.44112654
2946	0.43686539
3213	0.42159848
4081	0.44176446
4239	0.39465392
4553	0.42246980
4601	0.39672132
2218	0.37783426
1809	0.39173544
2683	0.47634162
405	0.66593282
707	0.53313066
1332	0.53656708
1490	0.54535961
1504	0.51815691
1936	0.53346978
1972	0.59275956
2077	0.40342257
2188	0.45540870
2578	0.45448069
3330	0.42854245
3439	0.41545436
3641	0.41489027
3874	0.44607892
4087	0.39458110
4271	0.44480733
4969	0.36474316
1346	0.54764159
377	0.65198593
1248	0.51255328
1852	0.45133870
2756	0.44408265
2839	0.39397922
3449	0.38895564
3757	0.43072863
4156	0.41365485
4215	0.45664478
4468	0.37851044
4482	0.37428221
4501	0.40969556
4684	0.39671424
4950	0.41234934
1506	0.40129657
2278	0.46933078
4361	0.41798223
2811	0.47338417
1357	0.52195132
3278	0.40955132
2487	0.44167483
2553	0.47639010
3215	0.50827221
3531	0.44062833
4038	0.37822338
4450	0.37010809
706	0.64961797
1113	0.51813475
2146	0.42730458
2237	0.51301422
2404	0.41091299
2823	0.44136115
3211	0.47487412
3371	0.43219694
3609	0.40225419
4065	0.40069615
5084	0.45031505
2315	0.42770571
4197	0.41777779
1906	0.49752495
893	0.57672632
1002	0.55508711
1268	0.57062527
1484	0.53154689
1790	0.44035831
2072	0.62059235
2211	0.41175505
2462	0.49097127
3092	0.43348870
620	0.55180836
1563	0.42029743
1632	0.46866988
3413	0.41428358
504	0.62053461
1278	0.44358875
2306	0.46943115
2461	0.57609740
2599	0.57285613
2746	0.39451368
5036	0.40337821
363	0.66236794
561	0.59047402
704	0.47390054
713	0.64928279
1158	0.44951752
1350	0.61697186
1475	0.51571387
2244	0.45923674
2405	0.52457380
3227	0.46044245
4265	0.40679779
4267	0.39278542
4412	0.41751713
4893	0.39440686
1781	0.50121515
2916	0.45154566
3343	0.49246502
3532	0.42675402
3579	0.41280118
3657	0.43990189
3977	0.39417110
4737	0.38075833
571	0.66319255
883	0.62079341
1859	0.47161385
2171	0.56886463
2360	0.46654748
2611	0.49184074
2837	0.48819157
3140	0.42636532
3367	0.44036860
3575	0.47614125
3978	0.44277299
4522	0.37328235
4821	0.45145076
5085	0.36760265
2798	0.49283792
810	0.64043002
2661	0.40928284
3541	0.44642870
4035	0.49764176
672	0.46228873
2704	0.39843605
3563	0.40879841
4996	0.43340169
1758	0.40703703
2537	0.48111860
4868	0.37742272
1159	0.51224647
2957	0.39011365
562	0.60243995
1300	0.42278061
1774	0.50117787
2687	0.44363725
3261	0.42059377
3939	0.39774708
690	0.59925419
1059	0.66093328
1596	0.44506422
3941	0.44774789
4984	0.40886385
3029	0.41879125
4238	0.36940892
4789	0.40829882
5038	0.37129324
2455	0.39406765
4426	0.37487051
393	0.68281061
1861	0.50772779
2536	0.41792828
2544	0.49518809
3967	0.51026505
4431	0.39312836
5039	0.37476194
434	0.59966914
1431	0.56535958
1701	0.52727963
1805	0.43064081
3389	0.39827975
1186	0.49957039
1882	0.41729191
2505	0.51193978
947	0.57581444
2413	0.52268586
2836	0.44438319
3470	0.40408652
5009	0.35025196
1729	0.49743377
1744	0.39313799
5042	0.40829154
2008	0.50521279
2320	0.49412061
2817	0.51939181
3034	0.40553985
3348	0.37776517
3372	0.43879882
3857	0.44192466
4381	0.37754341
4772	0.36593944
4792	0.39129466
4985	0.41477365
1578	0.45792132
5035	0.41272755
1355	0.44047966
1713	0.41857304
2199	0.42511360
2645	0.42757855
2681	0.45125078
3361	0.41209794
3520	0.45619184
3952	0.42397066
4093	0.38303184
4183	0.38991534
3072	0.41890475
3077	0.42667532
3914	0.44968860
1756	0.45568363
3632	0.40275022
4471	0.36011186
744	0.48090069
1541	0.43515848
2507	0.38391581
4178	0.40498495
4613	0.40308039
4192	0.34612093
4507	0.41981522
5067	0.33610375
1833	0.46121640
3045	0.44526017
1652	0.51729174
3180	0.48085279
898	0.53035794
2584	0.46268184
3550	0.43694838
2663	0.46555343
2678	0.45168625
441	0.58917799
1445	0.47903032
2333	0.44626037
3168	0.37534012
3705	0.39606152
4182	0.41477647
1027	0.55236017
1353	0.55377711
2742	0.43174904
2955	0.43861701
3148	0.44129777
4635	0.40584189
4730	0.43971669
2483	0.39266912
4106	0.37220441
4193	0.40023377
4851	0.42721289
932	0.54360333
2453	0.43131500
2653	0.52158123
2828	0.40653517
3274	0.46187350
4993	0.39460382
1056	0.56396434
3755	0.48292922
3818	0.40751949
789	0.61617762
1076	0.54804733
3060	0.44124449
4202	0.37979093
4805	0.40905289
1792	0.58741728
2386	0.58623654
2910	0.50798551
3963	0.47378022
4212	0.38767083
3408	0.49365243
1270	0.51852463
1723	0.53769201
3970	0.40949419
4037	0.43593995
392	0.64719743
2268	0.53700870
2542	0.38794145
2564	0.45312603
1133	0.40168368
1216	0.46760801
3476	0.38918515
3774	0.43575500
4235	0.37338272
3391	0.36280181
4997	0.39172360
916	0.42580314
1219	0.45150458
2406	0.43032485
3111	0.38536338
3679	0.46698037
4144	0.37848949
4775	0.40005870
1954	0.47575569
2397	0.54300118
3677	0.44419738
3802	0.38405505
3962	0.39081983
517	0.54545608
1323	0.55102581
2791	0.44434039
3382	0.34910895
723	0.46739929
743	0.55286037
1092	0.56750360
1455	0.53343958
2560	0.47967716
2924	0.46599343
3699	0.43084436
2935	0.42199998
3205	0.43953917
3232	0.43009914
3549	0.44679252
4744	0.44733738
1225	0.62891865
1641	0.47587203
2164	0.46557184
3026	0.41270458
3807	0.40949811
4946	0.40395887
4113	0.41247238
464	0.65486743
3504	0.38862730
3533	0.39817838
3539	0.39363537
4755	0.38766941
1646	0.45461147
3125	0.53564245
4940	0.37465113
1818	0.43766922
2733	0.45843961
3864	0.42720025
4322	0.41532350
4938	0.37488395
746	0.51699407
3177	0.36005370
4071	0.37096750
2151	0.51635689
2966	0.40351961
3515	0.43158721
3708	0.43836115
4395	0.43705934
4675	0.38401630
2224	0.38289397
1283	0.47455297
3846	0.37593544
1037	0.54755637
2658	0.41558569
2777	0.42146767
899	0.63100029
903	0.57677549
1690	0.44128897
1960	0.45866321
1965	0.59193042
2170	0.45549453
2721	0.42484196
4256	0.39389703
4738	0.40828243
4746	0.40069154
4747	0.36622390
4832	0.38085326
875	0.53334020
2275	0.49944181
3803	0.41810944
567	0.53319789
2219	0.38884877
2374	0.40625306
3221	0.40540240
3806	0.41309211
4194	0.43558238
1521	0.42594880
2300	0.44327017
2583	0.46983833
3664	0.39037517
4045	0.42291333
4259	0.38606191
1090	0.58289306
1465	0.49360488
2055	0.37413321
3453	0.44298436
3850	0.38270505
4562	0.37362265
750	0.63482466
1131	0.61421162
3013	0.54177157
3631	0.40395272
3980	0.42205958
4366	0.43589382
4625	0.38545951
4911	0.38278179
4916	0.38716689
2630	0.46979873
3867	0.38124995
4355	0.40149260
4461	0.38326610
4558	0.36641377
4936	0.38730069
1259	0.49620181
1530	0.43930645
2249	0.41379574
1187	0.43635708
2893	0.51468113
4025	0.40074846
2992	0.50588718
3578	0.43976020
4268	0.36666591
4420	0.39422990
3223	0.42115767
4188	0.38616539
4782	0.42290316
1510	0.47734034
2142	0.48687586
2787	0.38893368
3637	0.35186610
4028	0.39480176
4492	0.44705039
4857	0.42612669
3729	0.39542956
2102	0.47491721
2974	0.40758686
2127	0.39991439
4385	0.39149240
3104	0.40253054
3611	0.39746752
4535	0.40263088
3733	0.42371140
4425	0.35363150
4904	0.42159929
3219	0.43418324
3509	0.46782216
2144	0.43937968
4807	0.38759299
1675	0.55785422
2493	0.46188213
2540	0.51510289
2572	0.38977287
3004	0.40747551
3355	0.39704583
3559	0.43709152
4015	0.41205270
4266	0.40204517
1943	0.49804858
2136	0.42326990
3990	0.44004468
4905	0.40666216
3735	0.40697186
793	0.61316441
1050	0.42896294
1161	0.46948451
1342	0.59905083
2343	0.43860490
2378	0.42251547
2399	0.45273279
3283	0.38209044
4673	0.37837272
2235	0.56468086
2284	0.51971176
3296	0.44386056
3594	0.38600162
1978	0.42350110
4565	0.37187468
5076	0.36719240
665	0.58188100
3955	0.43897603
2503	0.48504730
2980	0.41076794
3197	0.38010449
3678	0.45884086
3680	0.39590569
3890	0.47008743
1279	0.44970755
2004	0.49203900
4314	0.34481885
1681	0.43888066
2710	0.44749755
4831	0.41528051
2396	0.35717610
1904	0.44598703
2317	0.47509419
4358	0.47386196
3240	0.43538615
3359	0.41500034
3500	0.39828922
2959	0.38001336
2624	0.40984174
3318	0.40512566
3592	0.45205238
3636	0.39056556
3931	0.41230542
4849	0.38814343
2106	0.44703189
2835	0.48717566
3440	0.39522711
2191	0.40562167
2657	0.45343439
4399	0.39016211
1423	0.51414463
2110	0.45085042
2277	0.47158284
2775	0.43179471
2793	0.43052547
4134	0.38175858
4234	0.39639350
4500	0.38030559
4892	0.36324132
4918	0.40228120
1262	0.43408216
1726	0.49101478
2755	0.44254733
1210	0.45857189
3305	0.43517118
3511	0.42119402
4462	0.41093767
584	0.61504123
3566	0.44748858
4072	0.41839260
602	0.65547522
2998	0.47723657
2265	0.48071422
2707	0.46840583
2994	0.47376093
3201	0.43606510
2912	0.46980015
3062	0.46005556
3766	0.39225404
2421	0.46463321
3658	0.42565333
3276	0.36184625
3336	0.44057093
4217	0.34531100
4356	0.38550728
4835	0.37625321
782	0.58368407
3448	0.40519512
2713	0.42471162
1796	0.57283267
4047	0.36736775
4083	0.36984211
4928	0.40004917
2719	0.47846488
2915	0.42194113
3273	0.43145360
3998	0.38058522
4069	0.40360103
4774	0.40642500
1360	0.52870750
3620	0.43012652
3813	0.41111466
3752	0.37522890
718	0.62332088
1927	0.44558988
3246	0.39560848
4773	0.42347887
5099	0.38299860
1247	0.45966218
1912	0.57558657
2064	0.55967944
2362	0.45270902
2625	0.44806532
2675	0.45361294
3964	0.38414833
4187	0.40640098
657	0.63508103
1324	0.61469064
4455	0.39428206
3333	0.41499559
4502	0.36987904
2231	0.32888140
3043	0.48047260
3160	0.42514353
960	0.51869451
1868	0.42713015
1869	0.48419051
3138	0.39207480
3536	0.42687561
4833	0.34738963
2953	0.37705701
3249	0.39227900
3316	0.43500934
2656	0.40697248
1009	0.65752574
1061	0.55654473
2124	0.50563054
3410	0.39776917
3792	0.37053051
4834	0.39227804
5016	0.36576255
1552	0.53001061
2671	0.43270049
3466	0.44535841
3940	0.42857037
1390	0.50967691
3089	0.50011358
3912	0.38306792
1211	0.58982015
2150	0.44883689
805	0.57135167
2691	0.46122137
3114	0.51347828
631	0.49171086
1295	0.52903206
2281	0.47012860
2697	0.50782738
3113	0.42765395
3421	0.47581115
4751	0.40168750
912	0.56559483
1749	0.55706439
2075	0.49208929
2113	0.49096588
2486	0.44560929
4418	0.44756181
4869	0.40003377
1741	0.41695716
2025	0.56475007
4451	0.38296145
4657	0.41462897
1005	0.59966713
1250	0.59168074
3638	0.38578929
3281	0.48748743
3725	0.38975772
3567	0.41118414
4107	0.42169897
1583	0.46577598
3668	0.38078382
2909	0.48950061
3911	0.43984164
676	0.57987620
2848	0.48559853
3441	0.40767605
3732	0.42503784
4899	0.42098074
4771	0.37862390
3098	0.41631647
3451	0.38806375
3587	0.46361174
4424	0.36747444
607	0.56138730
2097	0.50645569
2196	0.41731689
4010	0.44947542
4390	0.43625672
4647	0.40707431
5032	0.40584032
1237	0.41469588
1296	0.50458897
2389	0.41103510
3158	0.38994225
4258	0.39653529
1196	0.60876971
1571	0.45158985
1891	0.40393681
1986	0.43149772
2430	0.40671730
3153	0.42370047
3175	0.49012458
4486	0.36223436
847	0.40424995
2587	0.40040216
1132	0.58152767
1872	0.55030333
1657	0.42110816
2129	0.45729696
3740	0.38061027
4246	0.37462885
4304	0.42112436
1938	0.55210424
3022	0.40080216
3071	0.37540436
3195	0.40591613
3928	0.43361262
4683	0.39165975
4326	0.43587723
1948	0.45184873
2197	0.50953257
2743	0.38958858
3685	0.38437488
1253	0.40627348
5062	0.36420424
455	0.46268321
1014	0.54012380
2037	0.42060113
2969	0.41845186
3235	0.42133583
3543	0.43962598
4503	0.37445787
4649	0.37983252
3209	0.44124630
1229	0.45567637
1832	0.40603968
2052	0.40632743
4699	0.40411833
5027	0.35758625
1598	0.41425922
2634	0.39268745
3565	0.36334010
4336	0.41282571
4836	0.39034306
2304	0.43865314
3308	0.38869804
3403	0.47673512
3966	0.36313537
2948	0.41682821
4935	0.38474588
1256	0.44595961
2169	0.52919174
2882	0.48593917
3101	0.47097223
4563	0.42479750
2794	0.34867723
2341	0.48325922
3155	0.42068260
3256	0.46023338
1121	0.51542260
2454	0.49691221
3417	0.44280216
3475	0.43052603
3464	0.46431267
3728	0.43654191
1274	0.51993559
1497	0.53415623
3149	0.40711034
3186	0.51003603
4707	0.39470843
4749	0.39790142
1287	0.63361304
2631	0.50325711
4429	0.38282252
1682	0.44922838
2889	0.40502176
3238	0.39289412
4166	0.45661922
4444	0.41003772
4615	0.36534130
4848	0.44170971
2784	0.50540336
3852	0.37331686
5096	0.37557368
3630	0.40076086
3147	0.36205034
4338	0.45319691
1108	0.55969132
2022	0.44826713
2032	0.53874110
2894	0.42179267
3992	0.43450027
4032	0.39890225
4967	0.35085176
1999	0.43025576
2229	0.47124873
5003	0.38148608
2049	0.41336618
2295	0.41265157
3771	0.48868559
4491	0.34609912
4547	0.35774515
3999	0.40581975
4695	0.37327387
4890	0.38216841
1416	0.55240990
2335	0.46570029
2892	0.41777850
3056	0.40950716
4373	0.43287652
1524	0.54609042
2752	0.48018919
2941	0.44630588
3016	0.44954676
3660	0.39933005
1327	0.44898390
2807	0.48031630
4816	0.38067549
5013	0.39013240
963	0.62409179
2014	0.47591669
1752	0.45846924
3474	0.37024426
3624	0.39804343
1048	0.45677287
2596	0.40938255
4311	0.36192382
4648	0.37428301
4855	0.37234289
5051	0.36122539
1405	0.54504115
3363	0.37359054
1888	0.52388130
2280	0.43193047
3418	0.38238015
1606	0.51533172
2024	0.52406828
1453	0.39455968
2186	0.39210895
3306	0.42176581
1555	0.56905382
2015	0.46024772
3131	0.38758142
4185	0.39216721
2635	0.40002064
2641	0.47949539
3868	0.37151760
1441	0.44043949
3465	0.40522029
2559	0.39912657
4221	0.41659292
4241	0.40498353
1994	0.49286961
3601	0.48222270
709	0.55112936
1140	0.54149297
1317	0.54720880
1322	0.60585804
2038	0.44574167
2390	0.44069924
2884	0.44182855
4779	0.37257870
4981	0.40496998
2654	0.41251613
2700	0.59499186
2990	0.40604179
3053	0.45618049
3450	0.39911196
3461	0.41347779
4423	0.37630436
4697	0.40007402
2400	0.45197493
4049	0.39941137
4263	0.44920292
4499	0.36667377
1314	0.45522363
1956	0.52642015
1993	0.50752831
2949	0.43123105
3444	0.45541002
3491	0.38107208
3805	0.39670775
4624	0.39187968
2846	0.45380757
3244	0.46187306
1366	0.57582699
4822	0.38516657
1834	0.42967414
2767	0.47230566
1362	0.56910676
3742	0.39829480
4658	0.41271502
3042	0.41976659
4651	0.38412885
2613	0.45832260
2768	0.38081694
2749	0.48499855
3351	0.39896267
4415	0.40188615
2018	0.45357441
4743	0.34590505
2042	0.36889784
2597	0.38383912
3309	0.37820917
4757	0.38589321
5059	0.35612615
3681	0.40389855
4437	0.40904091
4975	0.36970603
3597	0.38734284
2649	0.50367551
2979	0.41975684
3121	0.40800422
3433	0.46962162
4689	0.40528022
5022	0.37891012
1477	0.55935895
1874	0.58907512
3090	0.47766988
3271	0.47385373
2086	0.51818105
1680	0.36864843
2665	0.37970578
2527	0.41803326
5078	0.40806289
3512	0.37769108
3554	0.44666549
4639	0.40094265
5001	0.36900368
1319	0.42350512
1378	0.54859042
2958	0.44172735
938	0.62092743
1512	0.41399603
2251	0.42571431
3585	0.39440721
3538	0.39751623
3727	0.43895632
4605	0.41253282
4937	0.43170390
4991	0.36693551
2349	0.45855779
4398	0.28373571
1982	0.53146091
4207	0.40855581
4472	0.34971990
4493	0.37508784
2257	0.48427350
3323	0.41524571
3052	0.38446088
4589	0.39303414
3093	0.42186652
3479	0.43907811
4019	0.43177255
2899	0.44213973
3524	0.45044846
4244	0.36727559
2938	0.36400174
4128	0.38400919
2666	0.43922779
2669	0.41550277
5055	0.39726870
1847	0.40348321
2856	0.41926912
4529	0.39834159
5025	0.37462640
1176	0.48020554
2045	0.43508615
879	0.43784056
1181	0.54591789
1369	0.59352882
2498	0.50782926
2088	0.47872120
3910	0.36501850
3646	0.36544549
2419	0.51427304
924	0.54817338
5095	0.40003478
4103	0.33569787
2011	0.42009456
3406	0.41656701
4922	0.38955081
5037	0.48791336
851	0.56143221
2773	0.41267755
3600	0.42490414
3642	0.44970694
2545	0.49894225
3362	0.41165436
3545	0.39279181
4998	0.37269900
3721	0.43341716
4882	0.40322471
1985	0.43914659
2346	0.40029069
4777	0.36490699
3028	0.40567748
3544	0.34906743
1731	0.58232821
1408	0.58805039
4357	0.35016838
2111	0.49857463
828	0.56676402
2636	0.52057527
3300	0.42643426
4092	0.41237934
4852	0.37735086
2693	0.37751348
3482	0.37641623
1136	0.49110441
2482	0.43310250
3324	0.33961299
4321	0.33837328
2855	0.46516350
3364	0.40273287
4282	0.40617201
4325	0.41065578
4540	0.38375422
4608	0.43278186
2872	0.46681635
1466	0.51895887
3621	0.46530005
3988	0.40641245
4758	0.36920610
2026	0.39007632
4353	0.33352650
4921	0.38415615
4612	0.34086850
1543	0.51545025
2000	0.43629953
3354	0.42428375
4133	0.40311958
4551	0.42058676
2581	0.38144833
3711	0.45510770
4209	0.39495757
2643	0.37712169
2702	0.50600000
3103	0.45915760
4759	0.35652772
4838	0.38447240
4363	0.39186701
4593	0.36507902
1391	0.54245904
4555	0.37823542
4021	0.34978775
2936	0.42024279
3627	0.44810461
3951	0.37598588
3070	0.41878556
3653	0.50887115
1700	0.45730814
1843	0.60596941
1854	0.41192306
2131	0.45033066
2180	0.46187735
4098	0.37140135
4727	0.39817012
3892	0.45253424
2878	0.39475179
2997	0.42481770
3405	0.42618757
5081	0.35960002
2565	0.40944819
2829	0.46478010
3537	0.34685922
2408	0.40031689
3122	0.46724642
3582	0.38149865
3898	0.39443588
2439	0.47621341
4961	0.38245608
3182	0.45643941
2609	0.38849272
1655	0.52602201
3381	0.45881380
2063	0.47251738
3368	0.39160424
3935	0.38570449
4559	0.39996096
2427	0.45305846
4220	0.37925186
3593	0.38417782
3722	0.39219961
2221	0.54575730
3295	0.39819336
3676	0.46519993
4416	0.34692387
4539	0.38128123
4982	0.35965745
2895	0.44914201
4053	0.42459713
1476	0.50759980
3617	0.37591522
1315	0.38556125
2238	0.54668233
3184	0.38288208
1709	0.39640061
2287	0.39854500
3310	0.40304103
4780	0.38053181
1457	0.44124931
3591	0.41566752
3484	0.43052328
4504	0.35279716
2976	0.37197157
4172	0.44847924
1782	0.44856637
3124	0.40175799
3220	0.39356355
3645	0.34614363
2573	0.49710816
2874	0.48470875
3825	0.39801032
4013	0.35703824
4498	0.36450782
4251	0.34775120
1273	0.40579047
2348	0.39554380
3076	0.46469145
4463	0.38004071
1829	0.57206522
1042	0.40048603
4279	0.34215005
4609	0.35077792
1193	0.44173922
1841	0.54137414
3163	0.36515436
4828	0.33506850
2530	0.42704801
3798	0.35734328
4159	0.43758777
1946	0.38969740
3788	0.39520642
3546	0.40092779
4968	0.37655289
3502	0.40264216
2085	0.40937716
933	0.39334554
2121	0.37873789
2670	0.41270672
4513	0.39595020
2070	0.40326828
3558	0.47752493
4476	0.37272966
3854	0.41446694
2194	0.45489814
4594	0.36284929
2684	0.43163358
1560	0.48367838
3134	0.40773235
4634	0.38717439
3822	0.34622946
1584	0.44642287
2101	0.37896412
4120	0.38096328
1753	0.48081301
2965	0.48189701
3075	0.37475145
3472	0.39975257
3584	0.36903431
3974	0.41653865
2622	0.38883083
4953	0.37448853
2347	0.40140806
2730	0.51745333
2774	0.54055140
4801	0.39739468
1934	0.42699728
3214	0.40182750
4030	0.43389640
3035	0.46662716
3066	0.35666836
1433	0.65424125
3073	0.38099944
3366	0.46008387
2297	0.46579833
4637	0.39171936
1647	0.58722929
3902	0.38232353
4012	0.39287995
4972	0.38836456
2813	0.37959260
4554	0.35822897
4371	0.38271478
2903	0.42903537
2962	0.41321419
3139	0.39610816
3605	0.37123762
3703	0.40443949
3738	0.45577105
4230	0.35937725
1331	0.59084495
1920	0.43376353
3783	0.49053581
4132	0.38398301
4250	0.39495301
4496	0.37795610
2592	0.40692140
3129	0.47499279
3640	0.42473515
4966	0.39483598
4604	0.37767110
4643	0.36477922
4809	0.35087725
3204	0.41591794
4483	0.42240676
2827	0.42637559
4520	0.38527674
2082	0.43876855
2875	0.50357640
2885	0.48647189
4233	0.40258000
2642	0.37702358
3001	0.38242502
1750	0.33222468
2225	0.48231091
5031	0.34497385
1334	0.50722346
3957	0.42056978
4919	0.35340321
3146	0.39507255
4211	0.38628703
5044	0.33844738
3285	0.44839390
4289	0.37414544
3985	0.36880257
1883	0.40666076
2525	0.51450647
3726	0.32957331
4705	0.39296206
3424	0.49889191
4445	0.37824088
3399	0.42761275
1633	0.40542196
4141	0.36496154
2479	0.34499328
3212	0.42854471
3773	0.37573275
4495	0.39061466
4533	0.39150941
4753	0.39364458
5005	0.39454110
2594	0.53348103
4061	0.37939353
2321	0.43500586
4056	0.35337235
4290	0.35982005
5075	0.38176066
3263	0.38273985
3862	0.40473566
1893	0.45985635
4247	0.36545801
1139	0.43461529
1933	0.51258458
4303	0.36252223
2510	0.46044934
3328	0.44914449
2518	0.44900902
4907	0.35388250
1845	0.55232196
4070	0.36062292
1757	0.59614319
4243	0.47878284
4572	0.39303868
3811	0.42274995
4354	0.37650159
1192	0.46246240
2391	0.43159074
3568	0.39944373
3942	0.42266446
1421	0.44778554
1775	0.37522625
2496	0.39452404
4917	0.40947642
4352	0.45249779
2943	0.38877738
2266	0.43178439
2452	0.47117936
4131	0.33250998
3189	0.43133772
2701	0.48943770
2048	0.38102436
2982	0.35271130
4000	0.36596914
1866	0.37166961
1568	0.44692130
2526	0.48357659
2646	0.44079522
4254	0.38779113
4378	0.40474216
1664	0.46373706
3562	0.35808419
2601	0.43655949
3037	0.43639289
3228	0.50640809
1875	0.47106096
1992	0.45990341
2919	0.41541061
3650	0.37629958
4122	0.38214816
3613	0.35507402
2254	0.42308752
4931	0.35855154
2469	0.45709909
2515	0.45203350
3555	0.46010748
4767	0.36773909
3097	0.42181208
3959	0.36649456
2520	0.45355574
2571	0.41843534
4783	0.34933037
3976	0.44330549
4007	0.35908578
4157	0.34205152
3435	0.44342145
3922	0.37649814
3639	0.30958458
5043	0.40536100
4829	0.35300488
3786	0.41573929
5071	0.34137424
3084	0.38412483
2213	0.48883956
5041	0.36000684
2907	0.46506816
4646	0.42760510
4521	0.37524630
4596	0.36229181
2009	0.43535272
2796	0.39139757
3167	0.38908449
4305	0.37040272
4155	0.34302934
2763	0.38833821
5083	0.31905547
2932	0.36642799
1737	0.46668297
4360	0.34099125
4527	0.36075554
2722	0.46563083
1937	0.40798490
2939	0.49077238
3226	0.45201297
3571	0.40627407
2289	0.44927738
4926	0.36054392
2157	0.46151637
2986	0.39891422
3445	0.33482397
4179	0.39333961
4864	0.34828868
1848	0.45374098
3234	0.36104456
1599	0.61623196
3933	0.41301409
5034	0.37493270
1767	0.45110654
2458	0.45310022
3315	0.35822593
4538	0.41151904
3102	0.35554615
4457	0.38965767
2589	0.40975603
4600	0.36423358
3595	0.35932892
4391	0.42456115
4364	0.32783863
3835	0.35874569
3458	0.41535358
2332	0.47221081
2334	0.37351429
3247	0.37680517
4150	0.36505669
4606	0.36215282
2379	0.38014123
3972	0.39690762
1587	0.56015689
2664	0.43829934
4978	0.39666654
1494	0.60144892
3776	0.32950985
4815	0.35795882
1720	0.48096902
2442	0.37061841
4347	0.40399571
4075	0.37160463
4902	0.35376091
3332	0.37609975
4750	0.36831387
1962	0.38783598
3427	0.44084971
4903	0.40385289
3179	0.48757353
3485	0.39841551
4296	0.36625436
4508	0.34838500
4736	0.38245804
3791	0.30482404
2054	0.42363556
2524	0.39933034
3517	0.36816860
1381	0.58789703
3652	0.38397321
3936	0.35110074
4413	0.36380958
3338	0.42127750
2478	0.38073054
3604	0.35880603
3780	0.39189020
3388	0.37891409
3973	0.32341333
3457	0.43041640
2248	0.37542507
2906	0.47164380
4570	0.37894998
1451	0.40753645
3764	0.37096336
3116	0.34474032
4505	0.32331417
1114	0.42712078
3739	0.34500054
4127	0.34817713
3996	0.33655625
2057	0.38386123
3024	0.39631466
4670	0.37435159
4679	0.37798289
2095	0.50592142
3841	0.36593544
3826	0.40532363
4041	0.40751605
2824	0.38414703
2925	0.37042409
3431	0.35696581
1336	0.47975929
1498	0.46459316
3847	0.37216228
4143	0.38567211
4933	0.37012015
5060	0.35617593
4487	0.36844431
4880	0.35010968
4001	0.41827216
4685	0.37444299
4287	0.39512615
3501	0.35213779
2007	0.38513706
1614	0.48148110
1768	0.56776539
2920	0.39569652
4733	0.48080110
2282	0.35745118
2926	0.43304907
4164	0.38085941
3404	0.45395257
3414	0.43574983
4515	0.35902397
3602	0.35951645
2312	0.46846189
4992	0.42450520
3651	0.41318419
4854	0.35945417
5006	0.36842150
4016	0.37276760
4430	0.37689699
3498	0.41410377
4342	0.37585142
1456	0.50349961
4402	0.45351583
4929	0.37809831
5030	0.35973738
3172	0.39459975
3758	0.40196453
4877	0.34236463
4376	0.37616895
4943	0.37507015
4479	0.35570426
4384	0.35998902
4216	0.42081343
5011	0.36718020
4327	0.37500740
1661	0.48002583
2785	0.33615816
4438	0.36954235
3882	0.38788287
3409	0.37852512
2423	0.42119998
5063	0.34576373
2753	0.44365211
1414	0.40752326
4881	0.36853745
4380	0.35914076
4803	0.36298196
4712	0.34364255
3144	0.41585333
3301	0.37704223
1926	0.40272299
3649	0.35797304
3267	0.36914130
3058	0.35929029
3670	0.33873689
4104	0.37048853
3950	0.39023206
4965	0.34069191
3344	0.37445873
1674	0.50110196
3683	0.37453603
1983	0.45551176
3768	0.31841833
3934	0.34561287
4242	0.38964814
3675	0.38514998
3193	0.41377012
4009	0.41706757
4298	0.37755218
2500	0.46220640
3106	0.33698735
3886	0.36654645
3661	0.40074863
4534	0.35051461
2757	0.48388132
4721	0.32736368
3099	0.39540076
3507	0.38618127
3763	0.42259444
4406	0.36466765
4709	0.37379919
4189	0.32909169
3266	0.42525294
2310	0.36740527
4301	0.35111995
3968	0.41350860
4713	0.33161963
5082	0.34457064
4040	0.38206409
4379	0.37924600
4654	0.36700946
4248	0.38540708
4806	0.37093400
3754	0.39365672
3314	0.40289096
2283	0.34103799
4898	0.32231971
3747	0.33677824
4137	0.33862140
3948	0.39236505
3770	0.43053855
4537	0.34255025
3162	0.42833532
4706	0.37378556
2247	0.38825902
5053	0.34568358
2464	0.40334669
4564	0.29231794
5056	0.35275485
3429	0.44882010
3492	0.35024294
4567	0.37453240
3761	0.42036056
4667	0.35218240
3863	0.35214733
3775	0.41838336
2585	0.38099279
4400	0.35140694
1822	0.50560794
5015	0.33623414
3656	0.39538716
4344	0.36434154
4478	0.34744123
4655	0.35042118
5007	0.37482811
2993	0.39998309
4909	0.31622044
4474	0.36157324
2543	0.40510559
2735	0.39808926
4452	0.36245973
2401	0.37379167
3787	0.36872615
4440	0.38356110
3909	0.44220833
4710	0.39369681
4711	0.35345314
3989	0.33128368
4962	0.36196593
3625	0.36473934
4510	0.32913172
3087	0.49520975
4971	0.35030784
1662	0.35931042
3079	0.36268066
3452	0.34535627
4942	0.37019998
3872	0.42731196
3068	0.38114672
4228	0.40647262
4785	0.33353581
3861	0.36041782
4722	0.33689140
1800	0.45625488
4208	0.40403216
4084	0.35471502
3556	0.36889914
4097	0.34057863
3574	0.35447694
3258	0.36730811
3434	0.33174191
4057	0.35146262
4096	0.37829681
3438	0.37114985
4022	0.39427873
2387	0.41983127
3127	0.37875586
4297	0.33644787
4574	0.38548483
4036	0.37958917
3471	0.35959544
3777	0.41100618
3834	0.34692017
4299	0.35976127
3270	0.32974855
4690	0.32035225
4847	0.32048086
4818	0.38319358
5079	0.35008341
3380	0.35668311
3489	0.38117282
4720	0.37512841
3833	0.41750434
4227	0.36279539
2812	0.37399728
4954	0.36470554
5029	0.35038380
4955	0.37464980
4273	0.32813096
2506	0.40021525
5014	0.34195922
3390	0.35128412
1900	0.50191463
3123	0.34762086
3317	0.38158645
4770	0.34694971
5065	0.35757331
3749	0.32978422
4043	0.33524404
3265	0.36601260
4988	0.34976110
3701	0.37282088
3903	0.41603034
4588	0.36010566
2945	0.40541507
4441	0.32023765
3469	0.37107581
4784	0.35698407
4756	0.33567718
3096	0.43793689
4465	0.35677819
4088	0.44489515
5054	0.32720645
3767	0.46526277
4768	0.37015804
4957	0.33273990
2463	0.35430713
3743	0.42652289
4874	0.33337081
4308	0.31603836
3400	0.35764828
3191	0.34232373
3260	0.33122860
4405	0.33567936
4714	0.35041331
2714	0.38590096
3061	0.35190885
3407	0.40967225
4766	0.31523620
4581	0.35254946
3442	0.35673326
4671	0.32975627
2989	0.37831002
4262	0.34712238
4924	0.32467270
4973	0.35109949
4309	0.35218395
5064	0.35983657
2865	0.43146502
2720	0.36592765
3831	0.36446444
4257	0.33020154
3210	0.31554623
4741	0.35111301
2745	0.35849949
4536	0.32954873
4974	0.31635919
3535	0.35185152
4668	0.32557309
4794	0.34655559
3494	0.39159235
4331	0.34423206
4662	0.35785980
2778	0.33515056
3697	0.35358507
4281	0.32227299
2305	0.37869022
2623	0.39145142
4906	0.33302863
4763	0.35823973
3287	0.34396885
4169	0.30655439
3132	0.41184645
2988	0.34966672
4274	0.31113115
4404	0.32864922
3002	0.50401191
2561	0.33441355
4091	0.31675169
4622	0.39246784
4951	0.35303064
3031	0.35551461
3428	0.43024534
4841	0.29947110
4894	0.31377971
3374	0.35547221
3082	0.40431301
3483	0.44062855
5045	0.31926676
4934	0.32525314
4577	0.35615360
4598	0.33809664
4349	0.35993103
4959	0.32421841
3519	0.31608875
4819	0.33002370
4731	0.32720390
3876	0.32475203
3987	0.36026510
4939	0.31138890
4029	0.32881375
4306	0.38549064
4674	0.31041422
4884	0.31995912
4665	0.33463123
4664	0.38582799
3779	0.37982044
4956	0.32701828
4034	0.33444375
3736	0.40846221
4920	0.33628777
4614	0.32219877
4715	0.31202936
3785	0.30726510
3943	0.41972392
4042	0.30829988
4255	0.37075225
3929	0.38152218
4436	0.34527659
5018	0.32541157
4195	0.37523544
4858	0.28346593
4930	0.32349686
5087	0.27729029
4729	0.29919819
