0	0.68954798
1	0.68964007
2	0.68939447
3	0.68951660
4	0.68949857
5	0.68969550
7	0.68954304
8	0.68968107
9	0.68977141
10	0.68960604
11	0.68948547
15	0.68973147
16	0.68982473
21	0.68952729
55	0.68951792
61	0.67984906
62	0.68852077
76	0.68282386
82	0.63381198
119	0.63925759
121	0.59984616
150	0.68898725
159	0.55575496
169	0.68828675
202	0.68787996
211	0.68695866
217	0.66232012
223	0.64699812
244	0.65305516
253	0.68294922
278	0.51114045
291	0.54915539
325	0.68720100
329	0.52483400
331	0.50694568
344	0.56136332
351	0.63860067
352	0.61600066
355	0.68553042
366	0.55181722
412	0.59942446
428	0.59312370
437	0.64732394
440	0.66508585
463	0.59730335
478	0.67624331
518	0.66341458
549	0.53851563
566	0.53444332
572	0.44644194
576	0.57262340
587	0.61164152
592	0.54749954
609	0.62637021
621	0.61016639
652	0.54302466
657	0.46057353
659	0.65218219
672	0.53449198
675	0.63032239
679	0.51317443
709	0.62226484
710	0.55467624
742	0.61479276
773	0.52692614
811	0.62259766
821	0.55872045
829	0.61103973
834	0.66796518
852	0.58482453
883	0.53244917
896	0.55228031
913	0.45377018
945	0.56601400
980	0.59551110
1007	0.51838261
1025	0.47125621
1048	0.55726387
1078	0.57057249
1111	0.61400249
1147	0.44125435
1153	0.45432740
1164	0.57945245
1172	0.48530246
1184	0.52970500
1204	0.45080019
1206	0.48841295
1240	0.65475652
1278	0.56278309
1283	0.44603375
1309	0.53047310
1328	0.56277431
1381	0.42310476
1397	0.43702604
1414	0.55770342
1439	0.49204576
1469	0.57278591
1471	0.56444006
1473	0.41570088
1476	0.54601975
1488	0.59965631
1494	0.49281048
1496	0.44987989
1561	0.55033336
1573	0.59525120
1645	0.61767586
1661	0.54444357
1739	0.45217626
1749	0.52742285
1782	0.42310377
1785	0.46330012
1881	0.55461138
1983	0.47295805
2002	0.50579190
2022	0.48524338
2030	0.57799481
2093	0.46736375
2115	0.45721689
2197	0.42865768
2208	0.45819260
2220	0.40495564
2301	0.53702301
2302	0.48126341
2419	0.53861553
2468	0.42431228
2520	0.44455317
2554	0.44315557
2587	0.43773903
2666	0.41084166
2667	0.40222877
2719	0.52139854
2765	0.42921233
2824	0.42476698
2849	0.43455518
2859	0.45241119
2891	0.47113788
2892	0.57314798
2930	0.43067939
3017	0.49391361
3020	0.44434163
3249	0.38168649
3275	0.43550713
3314	0.44595920
3315	0.45757847
3321	0.46963826
3331	0.41511154
3333	0.37676268
3378	0.52034041
3407	0.40512513
3541	0.38383346
3549	0.35543751
3614	0.44606055
3633	0.46453003
3635	0.43222114
3649	0.39358738
3766	0.43613712
3776	0.50982733
3786	0.41900003
3871	0.47797180
3910	0.42680167
3921	0.48422814
3956	0.43823623
4009	0.36746093
4029	0.42239999
4043	0.42101548
4065	0.46952153
4100	0.38637047
4330	0.39276194
4342	0.37233603
4377	0.43006529
4493	0.42991936
4654	0.36665022
4692	0.40437658
4762	0.46439707
4765	0.42805976
4791	0.37718611
4837	0.39976688
14	0.68945421
17	0.67881409
23	0.68968716
26	0.68878518
35	0.68948580
42	0.68650700
97	0.66212088
103	0.65525081
110	0.68935619
154	0.68286561
155	0.64646765
196	0.68373951
207	0.67643810
219	0.63071225
231	0.54243280
247	0.62208959
266	0.67018199
267	0.66385726
304	0.67295011
403	0.62580852
421	0.57290707
422	0.50804663
466	0.58182308
467	0.65840755
531	0.60531363
634	0.56344820
646	0.65234525
753	0.63324252
794	0.54487844
891	0.62926217
1005	0.42985064
1011	0.48350041
1067	0.56476993
1113	0.61654632
1130	0.51292601
1139	0.47862935
1208	0.63966730
1218	0.56070599
1251	0.53265017
1254	0.50475578
1339	0.62300728
1453	0.45841990
1455	0.44610647
1465	0.59848228
1556	0.51375048
1563	0.52510655
1567	0.49795449
1575	0.53409321
1594	0.48497335
1667	0.53886576
1680	0.51320118
1740	0.53677293
1760	0.53305019
1812	0.43437826
1888	0.48599534
1961	0.48602130
2085	0.47691931
2137	0.44849402
2146	0.45642626
2196	0.47824784
2395	0.47204088
2439	0.48688643
2591	0.40667703
2656	0.53810998
2777	0.43285143
2810	0.44488236
2832	0.44844578
2860	0.41212632
2917	0.47954918
2964	0.42989834
3063	0.43051988
3086	0.46442201
3107	0.42711327
3212	0.47768405
3250	0.42381671
3387	0.37614829
3442	0.47495775
3539	0.42539821
3559	0.42940417
3583	0.42676797
3584	0.43063050
3618	0.46037966
3711	0.38941265
3968	0.41925781
3990	0.44353271
4024	0.46820808
4157	0.37023600
4367	0.41710171
4465	0.40525064
4500	0.36901293
4539	0.41009914
4617	0.39943336
4693	0.35402838
4789	0.36750636
6	0.68968739
20	0.68974173
28	0.67828925
39	0.68932735
70	0.68976654
108	0.68555796
334	0.60146869
341	0.68293621
363	0.67135683
479	0.41960726
540	0.44665692
638	0.44657646
791	0.62523185
922	0.44243873
1179	0.45009850
1610	0.50419230
1620	0.47814704
1727	0.45164666
1758	0.52876059
1890	0.48118912
2202	0.47546141
2311	0.54091590
2368	0.46389396
2542	0.47711927
2575	0.42829902
2831	0.59270854
2941	0.44950781
3208	0.47585968
3345	0.44824618
3457	0.37758405
3740	0.40871668
3750	0.38729579
3757	0.52617084
3813	0.41825832
13	0.68974219
18	0.68956221
29	0.68965290
34	0.68591043
48	0.68273738
125	0.65685930
129	0.56830727
133	0.68951555
134	0.62231903
166	0.65037355
232	0.65711958
236	0.61306274
249	0.68882916
369	0.51409540
411	0.53104330
438	0.65022391
475	0.65012966
487	0.58938582
499	0.66368876
500	0.66519932
537	0.52334194
559	0.50554877
583	0.47895434
620	0.58032442
622	0.56370597
651	0.65441109
777	0.58161937
785	0.59623004
827	0.61069897
845	0.42543553
960	0.47933089
1080	0.52322445
1107	0.60296879
1135	0.45566987
1295	0.57919441
1314	0.48296780
1330	0.56060186
1363	0.47698679
1415	0.42879179
1461	0.48185161
1530	0.40796925
1627	0.46794624
1669	0.51351520
1896	0.47180508
1930	0.45461841
1937	0.48047205
1941	0.53269082
1950	0.48501586
2058	0.51706165
2223	0.57132397
2225	0.53859985
2233	0.49320803
2239	0.49459194
2262	0.45083384
2271	0.43564926
2432	0.51087027
2490	0.42366183
2509	0.50906793
2612	0.52790285
2615	0.48256900
2622	0.52134504
2643	0.43006236
2714	0.52924980
2732	0.42597259
2760	0.41939852
2834	0.51134059
2939	0.45223946
2940	0.41864725
3078	0.46445956
3087	0.46347562
3094	0.48498353
3179	0.38857020
3181	0.44976537
3234	0.43757873
3309	0.41795322
3388	0.44499300
3418	0.46684952
3447	0.43440626
3464	0.45335067
3478	0.46270070
3514	0.45474387
3525	0.39339908
3646	0.37674096
3665	0.43316407
3728	0.43309901
3850	0.45281890
3891	0.45049305
4026	0.39939686
4774	0.44032761
19	0.68947381
22	0.68970324
27	0.68969881
30	0.68955561
36	0.68981600
45	0.68964172
52	0.68215577
58	0.57882636
66	0.58023384
74	0.68579477
77	0.63288681
91	0.68815562
116	0.66896711
117	0.68073491
118	0.67153696
139	0.58406867
151	0.65937105
184	0.63500379
230	0.66470780
237	0.66679452
264	0.43596075
282	0.55867863
300	0.67150229
306	0.65665231
383	0.44378411
401	0.53257725
415	0.60167219
527	0.63571668
551	0.63511337
595	0.63083858
602	0.68205396
708	0.55259270
734	0.49256737
826	0.56409237
839	0.54325794
868	0.45651947
895	0.53901296
906	0.62725779
946	0.58523050
973	0.63677278
976	0.47928281
981	0.60541338
986	0.52788836
1029	0.48560812
1036	0.51724957
1063	0.48717171
1074	0.48230228
1117	0.57188462
1212	0.47603693
1222	0.54926912
1231	0.65481890
1268	0.46867601
1275	0.48620833
1322	0.44686915
1344	0.48022075
1425	0.59205009
1440	0.48493723
1447	0.54886655
1448	0.44036846
1477	0.43351061
1552	0.50279373
1554	0.42815987
1775	0.55336421
1821	0.41091707
1833	0.44216712
1841	0.45457776
1866	0.58262811
1879	0.48582369
2063	0.44026448
2098	0.57258898
2165	0.42072526
2177	0.48940796
2328	0.57979554
2330	0.41237693
2396	0.45599616
2585	0.52477543
2588	0.42274290
2745	0.42032549
2774	0.40649702
2976	0.45464793
3004	0.42903500
3092	0.44691211
3099	0.51807862
3119	0.44476357
3317	0.41636118
3392	0.38608677
3404	0.50280391
3494	0.38907954
3520	0.41443492
3680	0.38552583
3698	0.46699588
3820	0.45936276
3835	0.41192993
3840	0.38705959
3949	0.41767848
3992	0.45323702
4095	0.43136077
4146	0.37473969
4195	0.41636156
4259	0.45297745
4333	0.40002008
4408	0.44593464
4436	0.42690010
4498	0.38087439
4499	0.45327510
4558	0.42807142
4622	0.44242255
4632	0.39601051
4700	0.39142929
4800	0.39344103
4814	0.40627986
4832	0.38651476
4844	0.41081407
37	0.68652904
63	0.68961795
68	0.68864516
75	0.68743711
83	0.66095726
94	0.68957229
130	0.67789776
152	0.68599852
156	0.68238116
183	0.68681027
190	0.55743611
206	0.68102642
208	0.48648827
209	0.68042076
229	0.67421704
328	0.51160306
354	0.64393978
398	0.62788439
423	0.64145777
445	0.64585914
459	0.45577723
464	0.56973458
471	0.66400743
541	0.66388317
601	0.54258165
639	0.57694064
674	0.54090269
715	0.61278846
799	0.54470172
900	0.52135125
907	0.52263994
932	0.52184550
940	0.52268896
1031	0.54855450
1042	0.63324239
1044	0.51996040
1057	0.61558468
1070	0.64827237
1126	0.59250947
1159	0.51990631
1192	0.53781417
1198	0.55717499
1199	0.59999827
1301	0.60993319
1332	0.47971981
1348	0.46991771
1351	0.52590341
1388	0.60066578
1402	0.53609064
1512	0.65568084
1526	0.48382883
1584	0.54121635
1636	0.57674791
1724	0.56395617
1737	0.52851626
1767	0.50166921
1799	0.44941845
1807	0.56350934
1860	0.52036920
1867	0.48068240
1868	0.43144011
1902	0.52450102
1907	0.50597355
1971	0.61557442
1987	0.51026240
2089	0.58893446
2153	0.46560148
2259	0.51492267
2323	0.39291896
2626	0.43307112
2644	0.41869441
2675	0.49463035
2687	0.48706353
2692	0.42931643
2798	0.45559178
2841	0.47651392
2909	0.43712098
3029	0.45924058
3111	0.45429032
3165	0.41247648
3174	0.38905017
3191	0.45632076
3214	0.45197070
3389	0.48890157
3586	0.49237561
3609	0.51456918
3622	0.42812979
3678	0.45251069
3686	0.46095273
3702	0.43588852
3806	0.39185978
3866	0.42087615
3917	0.50182582
3936	0.50367402
4000	0.42501899
4326	0.41532458
4375	0.38630925
4447	0.41449773
4590	0.42160255
4685	0.37341873
4703	0.43842685
4733	0.36624371
4734	0.43607147
4766	0.39763597
4851	0.38624486
31	0.68627207
53	0.68940038
73	0.68968138
93	0.64159395
113	0.68967328
131	0.67432847
161	0.67363075
234	0.66869795
239	0.62230065
336	0.61933033
340	0.66539661
359	0.55213401
402	0.66291542
492	0.68149206
565	0.64356177
577	0.55873307
579	0.51640931
594	0.57272595
667	0.59826112
717	0.58326626
828	0.48617962
871	0.61643120
873	0.57929047
886	0.54816445
897	0.55995200
902	0.54769810
942	0.47617914
972	0.59180908
983	0.48199796
1016	0.54827398
1132	0.53049112
1134	0.58261785
1347	0.49576604
1375	0.46125473
1379	0.55464233
1392	0.63055915
1590	0.45612090
1640	0.56259097
1651	0.54517362
1696	0.47839994
1783	0.47201110
1876	0.58839982
2414	0.44354877
2415	0.46414368
2523	0.50946139
2573	0.41110728
2635	0.44561024
2733	0.41391425
2826	0.43739478
2846	0.52304070
2854	0.47976532
2888	0.42699234
2890	0.44749381
3030	0.39161232
3394	0.39317825
3620	0.42818306
3630	0.37568644
3647	0.37770729
3691	0.41912266
3827	0.45487077
3855	0.44251122
4147	0.48571332
4287	0.42269749
4550	0.42187469
4778	0.37603742
4792	0.42279016
12	0.68957789
24	0.65405060
41	0.67823788
44	0.68961523
46	0.56833532
57	0.68755643
64	0.68962734
72	0.63387256
78	0.68102095
81	0.68068769
84	0.60056776
88	0.68972989
109	0.68954498
122	0.67906883
127	0.60325743
128	0.68529709
135	0.66779617
143	0.68037154
153	0.66953749
175	0.65730414
177	0.68642540
179	0.66270602
181	0.63143054
191	0.62847409
194	0.66703518
256	0.68049086
265	0.60898078
279	0.65754337
281	0.68615491
289	0.44890122
290	0.66076548
311	0.66191186
326	0.68582435
372	0.67968784
378	0.61161057
395	0.62325929
405	0.65089083
435	0.64748144
439	0.67969825
450	0.46383649
457	0.64108741
462	0.68555592
494	0.58846874
530	0.58326461
557	0.61989032
560	0.54488396
564	0.54931905
589	0.49193660
670	0.50049883
723	0.50345014
724	0.61107903
730	0.65552876
732	0.65955012
764	0.55403703
784	0.44974667
795	0.67154128
801	0.55367850
832	0.58721579
838	0.61309703
885	0.48901835
893	0.55668553
947	0.51292166
1102	0.56799544
1122	0.43258616
1142	0.56415587
1166	0.51742265
1175	0.60704668
1186	0.49285395
1239	0.49262760
1267	0.58463373
1302	0.56528098
1319	0.44007618
1323	0.50236100
1335	0.56499796
1341	0.60923091
1355	0.53729291
1382	0.46386795
1421	0.51331748
1429	0.58945732
1500	0.44066244
1580	0.43250171
1647	0.43280335
1729	0.58011215
1801	0.48562495
1829	0.51567043
1855	0.45418102
1892	0.44019029
1894	0.45627881
1965	0.55626395
1966	0.49068403
2078	0.50065412
2101	0.45936792
2152	0.42077522
2176	0.51713801
2275	0.43048389
2317	0.47161703
2349	0.48071233
2401	0.40203322
2446	0.51586301
2482	0.42331221
2488	0.50576853
2497	0.44902248
2506	0.60944726
2538	0.46710902
2565	0.46750395
2686	0.44877627
2697	0.44112006
2767	0.39983847
2799	0.44999374
2806	0.51703887
2819	0.52023936
2820	0.46087584
2937	0.45826573
3032	0.48958540
3033	0.42297063
3089	0.44778261
3100	0.46834003
3330	0.42907358
3400	0.48529202
3438	0.41515654
3455	0.42117504
3551	0.37579411
3593	0.38379706
3606	0.46243886
3667	0.46095892
3670	0.44255806
3720	0.41309578
3723	0.43741847
3725	0.41390402
3733	0.38273025
3758	0.42762103
3875	0.43026764
3898	0.38050967
3900	0.47008191
3952	0.40645289
4092	0.41809372
4099	0.37801558
4254	0.47968795
4309	0.41794092
4311	0.41298860
4413	0.39794062
4425	0.41803171
4435	0.36835599
4473	0.41842300
4495	0.41616244
4553	0.41310566
4588	0.41035181
4593	0.42335069
4707	0.36944912
4746	0.40175527
4764	0.42106065
4803	0.40264440
4829	0.39013210
4864	0.43898977
51	0.66291076
172	0.58613007
200	0.66203457
271	0.61260395
293	0.67049987
299	0.67769243
324	0.50145217
507	0.46059425
656	0.48177583
861	0.56928021
901	0.63105910
920	0.66760599
936	0.45513831
1066	0.55862645
1129	0.58013678
1161	0.44682453
1372	0.51185675
1419	0.58265687
1422	0.49801634
1536	0.45567896
1847	0.44977713
1875	0.47732493
1917	0.51510146
2013	0.54126929
2188	0.48469637
2306	0.45771571
2856	0.42442018
2913	0.41648127
3242	0.45918856
3288	0.41258310
3421	0.42786518
3626	0.48513197
3867	0.45407010
4174	0.46510090
4434	0.39662874
4630	0.40604335
4868	0.43267914
33	0.68868311
38	0.68942499
71	0.67875081
89	0.62155040
99	0.68959059
147	0.63454335
162	0.68474267
176	0.68614921
178	0.66447895
189	0.62543115
204	0.68959634
213	0.67591695
221	0.68388274
222	0.51275575
224	0.68966606
257	0.62022414
261	0.61817860
294	0.63276227
295	0.65503250
308	0.55336115
310	0.66070782
362	0.68262113
430	0.63923104
442	0.62951349
453	0.53685034
495	0.44345866
503	0.49378955
511	0.54650092
532	0.61981465
538	0.68074420
545	0.61312961
546	0.55133802
567	0.51046373
580	0.47234059
748	0.60461637
755	0.51886207
806	0.55952596
855	0.54326122
858	0.44465626
950	0.58908272
956	0.48097452
1076	0.53271271
1081	0.45247391
1099	0.60500937
1131	0.57295938
1157	0.60425484
1173	0.57879123
1181	0.48566954
1189	0.54724863
1191	0.41146182
1228	0.42215995
1316	0.51467071
1327	0.53693985
1365	0.53356671
1395	0.50535314
1410	0.49819586
1470	0.61075909
1522	0.62853131
1527	0.47410158
1547	0.45111645
1611	0.55084504
1619	0.50717160
1626	0.60643110
1700	0.61164356
1711	0.44236902
1786	0.58946851
1795	0.54816099
1931	0.45964821
1969	0.46845182
1979	0.56984405
1992	0.47353759
1993	0.43347511
1994	0.49254319
2303	0.51943848
2321	0.49676512
2412	0.53567667
2547	0.48562999
2570	0.50330694
2580	0.38852726
2592	0.42112108
2627	0.45413205
2676	0.38798442
2825	0.46475970
2880	0.58940913
2885	0.44503673
2905	0.38116690
2920	0.40271551
2953	0.47747541
2973	0.45339070
3041	0.36487755
3083	0.41276087
3103	0.42473508
3187	0.45763281
3204	0.43219454
3270	0.48792527
3293	0.37753375
3327	0.44934028
3372	0.42521108
3420	0.44959721
3440	0.41806261
3453	0.43177813
3486	0.45667507
3490	0.41549338
3638	0.45583053
3705	0.40317527
3722	0.41183751
3747	0.44748972
3763	0.44966262
3810	0.40120215
3822	0.43600990
3887	0.43386820
3942	0.45376453
3970	0.44903037
3995	0.41201990
4067	0.39350751
4070	0.40055811
4073	0.42084387
4232	0.42488946
4337	0.42008878
4404	0.43868235
4415	0.37343649
4418	0.44606946
4448	0.42382603
4854	0.41514427
4880	0.38097109
43	0.68196439
49	0.68949616
54	0.68213442
59	0.67983486
115	0.66893125
158	0.68209318
198	0.64348626
235	0.61978996
245	0.60698200
292	0.67668698
296	0.61643110
314	0.68713915
332	0.58634262
345	0.65117188
356	0.67527545
360	0.66919642
365	0.67351891
380	0.57610232
388	0.66116417
391	0.66049593
409	0.57083387
454	0.67497808
520	0.58489704
522	0.61672101
569	0.53176568
591	0.47700036
610	0.45228052
686	0.53075087
703	0.56365440
707	0.54410240
726	0.48112258
736	0.61610408
778	0.44111235
781	0.49241178
812	0.45372658
863	0.50068115
931	0.62083524
982	0.59180511
1154	0.51361263
1182	0.44685479
1216	0.50776194
1217	0.58816606
1257	0.43277583
1303	0.59094217
1315	0.45338630
1342	0.48976868
1420	0.46018947
1472	0.48429319
1607	0.57118240
1688	0.43496406
1719	0.55421752
1730	0.40907440
1873	0.43823206
1895	0.37325771
2005	0.47480058
2033	0.41711286
2065	0.54896332
2068	0.56635283
2157	0.48804811
2180	0.45083310
2199	0.45311568
2219	0.42795263
2249	0.46431121
2267	0.46614707
2340	0.51615081
2367	0.46528128
2371	0.43480724
2428	0.44401061
2483	0.41384074
2649	0.38078054
2723	0.46814297
2734	0.47399336
2903	0.45568815
2914	0.43637520
2963	0.40681923
2968	0.44980452
2984	0.42830589
3074	0.38885054
3153	0.46005742
3162	0.41422554
3195	0.45084647
3209	0.38079179
3579	0.43616089
3751	0.44187793
3987	0.42638717
4011	0.39980740
4137	0.39267303
4222	0.39881972
4256	0.44301268
4267	0.50775789
4276	0.43145790
4321	0.45272928
4459	0.42866282
4509	0.39114300
4667	0.38859196
4813	0.44763426
4857	0.39729187
32	0.68965985
100	0.66198386
101	0.64449124
102	0.64566562
140	0.68848307
141	0.68066221
215	0.65585721
250	0.55638126
270	0.68813579
312	0.61963337
342	0.60974893
417	0.56222857
512	0.57139943
519	0.62375160
543	0.67014111
627	0.59937378
691	0.56934372
851	0.54959278
878	0.59257582
1133	0.56141837
1180	0.54250825
1258	0.51445917
1759	0.47454431
2391	0.50732738
2430	0.48983830
2579	0.45582078
2604	0.47165152
2932	0.42158033
2981	0.48178749
3285	0.46271671
3289	0.49732257
3358	0.47022180
3449	0.48258132
3858	0.41361416
3888	0.43678217
4279	0.39629373
4541	0.43283700
4820	0.45481821
4853	0.40166132
47	0.68732845
79	0.63911787
86	0.68937935
95	0.68242838
106	0.68972154
123	0.63191025
142	0.68321854
187	0.68357924
199	0.60703966
205	0.67788398
218	0.67023379
303	0.64061171
343	0.59538187
386	0.67156007
400	0.68685135
432	0.63969795
447	0.67282086
477	0.62411092
719	0.61342761
804	0.58366214
818	0.60909939
819	0.68342909
877	0.61935263
916	0.60028378
944	0.56494263
974	0.53933028
1014	0.49503255
1022	0.55895627
1038	0.49481264
1093	0.44985851
1145	0.61263342
1211	0.51196070
1445	0.59202606
1601	0.44368764
1674	0.49786286
1756	0.52089608
1769	0.46405203
1771	0.54139686
1793	0.46249018
1837	0.56714819
1852	0.51090453
1861	0.49394105
1883	0.46749313
1962	0.44567670
2351	0.42652380
2365	0.47168400
2404	0.46433667
2529	0.41655035
2569	0.45382404
2847	0.41432845
2910	0.44659993
2989	0.40873101
3021	0.40930979
3131	0.38132259
3283	0.42193084
3305	0.41258700
3434	0.46624374
3507	0.47811698
3558	0.41878767
3562	0.45995477
3684	0.48095920
3764	0.45386777
3778	0.41495622
3880	0.43997590
3883	0.48508211
3950	0.43252655
3993	0.40077800
4035	0.44235268
4040	0.41764732
4312	0.43833674
4423	0.42930676
4681	0.36616023
4799	0.44139325
50	0.68963920
111	0.68751736
112	0.60104014
146	0.68943515
174	0.66199926
298	0.67868420
316	0.63113169
357	0.65995569
371	0.43989218
375	0.67002499
406	0.67855078
456	0.59087655
493	0.58292570
676	0.57764826
700	0.52592586
884	0.49254862
925	0.51451871
969	0.63944914
1062	0.50360713
1176	0.54244578
1334	0.48589289
1338	0.49590781
1446	0.47774705
1653	0.42329228
1776	0.43317815
1832	0.41627703
2004	0.44039485
2158	0.44547862
2235	0.50284377
2268	0.48963572
2550	0.47252408
2617	0.50768054
2639	0.49783715
2784	0.50325425
2811	0.44461314
2828	0.45632873
3007	0.50984693
3069	0.47030422
3220	0.43068919
3325	0.43267827
3426	0.43170683
3445	0.43635698
3814	0.44977617
4162	0.38204123
4322	0.41477405
4335	0.47688582
4389	0.41521798
4409	0.37726906
4505	0.41568217
4557	0.43124076
4898	0.42695592
56	0.68948878
98	0.66124158
145	0.68365745
182	0.67570676
210	0.68821429
216	0.58798407
274	0.64027298
313	0.68444930
333	0.56451234
394	0.61954271
959	0.65069744
1138	0.49100395
1281	0.56456134
1391	0.51028739
1401	0.48524684
1524	0.49885224
1649	0.41488396
1672	0.51051766
1725	0.56185894
1834	0.54326532
1945	0.50003650
1956	0.44630503
2045	0.40870459
2067	0.48848740
2469	0.43912724
2726	0.38569586
2729	0.47785448
3009	0.45471737
3079	0.55181753
3115	0.43273251
3148	0.42644894
3152	0.43296892
3364	0.44375010
3381	0.43296991
3782	0.48922493
4150	0.45347859
4166	0.45339602
40	0.68957458
92	0.68590170
165	0.45133216
173	0.68280187
408	0.62097063
410	0.57748867
416	0.65275537
491	0.62412309
534	0.61975064
550	0.61201815
571	0.65514796
661	0.58326334
772	0.67037497
800	0.63009293
854	0.52698847
904	0.43872849
963	0.54209779
1356	0.54376514
1426	0.58043695
1480	0.45606806
1654	0.55752110
1716	0.50043326
1744	0.53797747
1813	0.41937021
1854	0.55631218
1927	0.45177230
2136	0.46214722
2389	0.51058909
2555	0.44086311
2787	0.45788839
2830	0.52415519
3185	0.37874173
3274	0.48461383
3338	0.40614689
3685	0.37593644
3704	0.36923368
3971	0.38358305
4103	0.43675181
4142	0.41846314
4247	0.45752846
4400	0.39028502
4402	0.39759866
4584	0.44494049
87	0.68936909
157	0.68638686
227	0.57728976
297	0.61088238
307	0.61167677
384	0.67522920
509	0.48319706
857	0.60841995
1015	0.48040720
1125	0.56311599
1168	0.47110428
1340	0.41530325
1376	0.58612424
1717	0.56692690
1838	0.41640287
1882	0.42329867
1926	0.47334288
1944	0.49398165
2132	0.46627690
2211	0.47805294
2900	0.44061574
2947	0.41265167
2950	0.38200369
2952	0.45311630
3022	0.47139098
3347	0.45375395
3575	0.38634535
4069	0.41021006
4246	0.39515649
4720	0.43932768
4775	0.39942888
25	0.68940862
1433	0.45105083
1816	0.60672742
2172	0.48248575
2594	0.44353879
4149	0.41757603
4366	0.44873414
168	0.61338172
220	0.66597954
513	0.66955304
643	0.48014073
678	0.62280905
817	0.59294749
951	0.60264424
1112	0.56493481
1431	0.48461108
1656	0.40632608
1715	0.51695856
1746	0.58791158
1938	0.42863365
2215	0.42055187
2539	0.43446704
2552	0.48113869
2807	0.39253095
3102	0.43234878
3462	0.37658484
3697	0.44073096
3771	0.47260889
3933	0.38026611
4661	0.41445225
120	0.64341921
246	0.62319754
330	0.65978935
376	0.54071391
397	0.62793489
607	0.64159000
954	0.55197483
1087	0.48686556
1101	0.53784481
1196	0.51684224
1602	0.53934181
1682	0.43384290
1780	0.51229482
2370	0.47492499
2620	0.44325435
2638	0.52310301
2792	0.55868789
2875	0.48016226
4887	0.45020604
4889	0.42555073
105	0.68679625
137	0.65802858
167	0.68938790
214	0.68245609
353	0.64938126
419	0.64700692
426	0.53294609
498	0.47280826
547	0.60025150
697	0.49994718
909	0.42555424
967	0.51594828
1023	0.48863121
1026	0.48419970
1163	0.52263808
1229	0.44838485
1657	0.44166697
1770	0.63285823
1831	0.50218621
1903	0.43064490
2037	0.54103871
2064	0.46130297
2083	0.39548577
2109	0.51011344
2124	0.54671213
2143	0.58595561
2169	0.46936594
2433	0.52758842
2494	0.47218616
2512	0.46811820
2650	0.42924486
2682	0.51375420
2997	0.41766308
3053	0.44543242
3066	0.39918537
3082	0.50776316
3211	0.43054266
3677	0.41129966
4224	0.43172147
4514	0.36551904
67	0.68947417
96	0.66724687
203	0.67893616
318	0.60838164
347	0.60559082
379	0.66451102
407	0.63082633
444	0.60426209
460	0.52274137
635	0.61223615
848	0.64591020
882	0.62670294
1666	0.49007504
1738	0.47635405
1986	0.45742000
2024	0.42321431
2701	0.44192188
2740	0.43102667
2752	0.51758959
2780	0.52960016
2786	0.43010555
2823	0.44689569
2897	0.40792784
3073	0.52451481
3509	0.45194385
3714	0.43258280
3905	0.40376140
4178	0.40841468
4420	0.43262699
185	0.56262149
212	0.64704210
238	0.55958234
255	0.65731320
315	0.62982315
455	0.63472826
488	0.62847562
683	0.64685006
747	0.57526260
805	0.61190997
859	0.52227591
1017	0.49853731
1027	0.54681781
1105	0.62599588
1151	0.48267776
1193	0.60569932
1312	0.47517586
1442	0.52917239
1597	0.52650802
1615	0.40151993
1802	0.47044886
1991	0.51430841
2224	0.44852349
2265	0.41550789
2279	0.42804083
2300	0.44805075
2352	0.50983272
2361	0.50289809
2466	0.44999112
2683	0.53115758
2844	0.43340157
2955	0.50977991
2966	0.47021683
2967	0.42482040
3016	0.39290941
3109	0.42689849
3158	0.45320151
3376	0.40772554
3410	0.42450886
3454	0.49155343
3560	0.42187632
3582	0.43793985
3717	0.45241547
4118	0.37372702
4141	0.39409303
4206	0.41119731
4384	0.42478701
4547	0.41576598
4731	0.45092041
4770	0.43111663
4809	0.43612958
4891	0.39459028
284	0.68794836
288	0.51849018
642	0.63538131
685	0.58382017
790	0.60934978
807	0.61625766
860	0.64779744
921	0.51995999
1320	0.59795897
1350	0.55107384
1456	0.52650041
1613	0.42307397
1709	0.59709031
1842	0.63121722
1928	0.58778462
2021	0.53335932
2025	0.41010853
2648	0.39273035
2659	0.47279699
2927	0.38631671
2996	0.45185680
3188	0.45131513
3370	0.45137790
3443	0.44208916
3467	0.47411484
3488	0.44063890
3515	0.43895805
3715	0.43858018
4647	0.38970108
4669	0.37701156
4794	0.37988253
4797	0.42224985
788	0.59123641
842	0.58304920
1383	0.60328826
3498	0.43575423
4372	0.40611451
4884	0.36797381
114	0.68078492
193	0.48751204
443	0.64893369
655	0.47511591
915	0.56675728
1110	0.48427489
1400	0.49151237
1413	0.61880142
1462	0.52138416
1482	0.61185874
1560	0.47396933
1670	0.45750094
1809	0.54617201
2514	0.45291667
2603	0.42916094
2974	0.51497256
3015	0.46052958
3441	0.46235059
3671	0.43670220
3681	0.42566542
4052	0.39021808
4102	0.40254538
4120	0.47894510
4201	0.37647447
4248	0.42080198
4874	0.41587716
370	0.67881712
793	0.58386658
846	0.42218087
1329	0.52370536
1424	0.48864455
1486	0.45110670
1734	0.58184746
1794	0.48252797
1889	0.57215259
2043	0.52043252
2403	0.51021663
2757	0.44738882
2793	0.44569433
3112	0.45700952
3167	0.41861714
3516	0.43337444
3902	0.43060588
228	0.65416858
262	0.54528347
276	0.53989580
348	0.63881577
373	0.65692680
524	0.64193464
682	0.42741712
815	0.47438223
865	0.47915384
935	0.45788414
1089	0.57222836
1311	0.54152479
1324	0.50847485
1718	0.46401341
1720	0.53413989
1818	0.49243125
1840	0.49311907
1939	0.50742303
1946	0.41204905
1978	0.43018275
2000	0.51655266
2189	0.42637281
2204	0.45803416
2207	0.46877721
2242	0.49159866
2518	0.42516662
2673	0.46700855
2925	0.43697353
3025	0.40304411
3038	0.45977950
3075	0.45414060
3859	0.43477044
3957	0.40030312
3972	0.40686696
4136	0.42823618
4462	0.40920090
4480	0.42593550
4548	0.36480226
4608	0.39740618
4668	0.40675071
502	0.58788195
536	0.61182834
1056	0.42675657
1929	0.46907720
2409	0.44872442
3277	0.44709133
3576	0.42588190
3755	0.46559782
4383	0.41589203
4571	0.42047147
65	0.68888620
69	0.68548396
323	0.64395309
689	0.65511115
779	0.60327113
1250	0.47822353
1663	0.46931867
1784	0.47506799
1828	0.43170345
1846	0.46916784
1857	0.43667140
1948	0.49324745
2080	0.44557249
2133	0.44166944
2179	0.38715990
2218	0.45118550
2237	0.44872236
2246	0.52714971
2278	0.37622429
2730	0.50597312
2758	0.45631646
2957	0.49719003
2999	0.50865913
3108	0.50285428
3794	0.42240269
3824	0.41839531
4037	0.41012813
4089	0.40014226
4227	0.41740692
4253	0.40127533
4262	0.45666234
4487	0.45055925
4807	0.43931478
126	0.48750911
268	0.68821689
431	0.55435454
433	0.62108606
449	0.62709728
677	0.61415435
728	0.59151425
786	0.54044797
823	0.57323511
894	0.58644347
919	0.60929246
995	0.64913615
1037	0.54684451
1174	0.49472442
1209	0.47667494
1224	0.59489971
1242	0.54703278
1248	0.48005282
1279	0.46814536
1282	0.50629424
1459	0.57177428
1468	0.44504121
1497	0.53901815
1603	0.49458906
1630	0.51198022
1684	0.52460118
1865	0.46575435
2049	0.51312345
2771	0.43892606
2857	0.46857015
2911	0.39119316
2969	0.39338391
3061	0.40434535
3336	0.45514228
3598	0.47914842
3719	0.43252240
3759	0.40055014
4014	0.43213569
4237	0.42837301
4534	0.42559827
4815	0.45193418
163	0.67276469
243	0.66479044
393	0.64805228
1109	0.54355740
1148	0.47166130
2288	0.45017433
2493	0.40271554
3164	0.45948432
3743	0.42853749
4041	0.42729322
320	0.57526624
389	0.63489539
469	0.60235237
556	0.44828034
561	0.48433702
743	0.50551868
768	0.47555976
792	0.59103108
1003	0.58403683
1041	0.61926092
1158	0.53465921
1197	0.57342328
1343	0.55635398
1359	0.46626947
1460	0.45393451
1519	0.56045803
1525	0.42553207
1545	0.55033595
1559	0.55878317
1598	0.48452179
1631	0.38560718
1639	0.53262200
1671	0.49303925
1779	0.42881391
1797	0.53378518
2009	0.47080663
2026	0.42744385
2164	0.55968904
2227	0.48604136
2712	0.42185494
2795	0.42973292
3060	0.42199173
3085	0.46361311
3226	0.43797142
3269	0.40635825
3367	0.41494024
3492	0.42033453
3526	0.42377757
3589	0.38569530
3607	0.40399537
3625	0.43459390
3889	0.48713846
4124	0.49445851
4430	0.35722615
4716	0.41307157
4721	0.44966127
4886	0.34797338
4888	0.42146246
277	0.67568662
317	0.68060161
382	0.68663070
582	0.53885909
704	0.66007804
780	0.43315819
917	0.47619909
1086	0.59736614
1405	0.49478724
1707	0.56563106
1824	0.44040180
2116	0.42526744
2256	0.47076410
4168	0.40735871
4226	0.50513561
4827	0.42067904
525	0.55722030
731	0.49301397
952	0.53347658
1050	0.46896986
1385	0.44172004
1668	0.56610260
2077	0.43947702
2286	0.48509036
2492	0.46882631
2706	0.42874636
4007	0.39236245
4776	0.43648292
60	0.68339755
104	0.65017430
107	0.66049107
233	0.63855867
258	0.64746388
554	0.63966796
568	0.67219813
578	0.66976619
763	0.61631867
813	0.55957297
814	0.53252359
977	0.50623458
985	0.49031559
1156	0.62843296
1272	0.58167099
1280	0.60108580
1377	0.60829971
1378	0.44193252
1511	0.51229795
1637	0.43402314
2274	0.45333481
2505	0.51919657
2599	0.44496925
2680	0.42100214
2710	0.44694319
2873	0.39934453
2883	0.43697605
3051	0.43655559
3256	0.42575020
3328	0.45643354
3435	0.47570177
3528	0.42097625
3656	0.39980299
3872	0.43797165
3901	0.45894515
4055	0.40218520
4261	0.47759558
4272	0.39396251
4314	0.40290165
4513	0.39979701
4744	0.45268616
4897	0.38770179
4902	0.39284993
138	0.67018817
148	0.52372187
259	0.64405060
458	0.60764737
484	0.64967295
517	0.66068507
628	0.57622745
688	0.55290845
761	0.43595271
774	0.47010891
1144	0.52928772
1226	0.51408873
1265	0.45988785
1504	0.47603426
1537	0.53937365
1538	0.62922236
1643	0.49162083
1919	0.42432468
1940	0.47457885
1988	0.47826054
2050	0.57937994
2348	0.48318497
2425	0.46553446
2479	0.42497546
2496	0.43407738
2559	0.40397226
2609	0.44488704
2727	0.43785652
2870	0.49098547
3159	0.47803505
3235	0.47887920
3286	0.44835647
3650	0.43812444
3652	0.43038330
3657	0.43368838
3664	0.48629386
3874	0.50945737
3940	0.43231888
4121	0.46303398
4161	0.43216084
4266	0.38578752
285	0.51021472
553	0.60450501
1183	0.48267817
1546	0.51430050
2309	0.42567545
3217	0.39314427
3310	0.44691331
3530	0.39334041
3570	0.41502382
3924	0.44754923
4392	0.43277736
4905	0.41124771
149	0.68641763
346	0.65954291
404	0.63515188
649	0.47605595
835	0.47276089
892	0.58301614
1000	0.44147826
1244	0.54142135
1313	0.60338279
1349	0.49994937
1790	0.54907628
1858	0.52289857
2190	0.51080559
2768	0.45753803
3282	0.45653189
3594	0.50180806
3979	0.39592206
4275	0.44530136
4496	0.41060377
4833	0.39326405
132	0.68085196
420	0.59161179
1230	0.48765007
1318	0.51759542
1394	0.54761042
2072	0.51632267
2557	0.47339992
2572	0.46324957
2658	0.54473506
3166	0.42002438
3222	0.43869321
3307	0.46684087
3687	0.47018021
3708	0.42016529
4028	0.43992835
4216	0.42037953
4370	0.41052209
4421	0.41962576
4535	0.39318064
144	0.66087075
364	0.67141847
606	0.45120421
671	0.64181618
908	0.52449850
1008	0.51034741
1088	0.56640229
1396	0.56528927
1434	0.46378515
1435	0.50503345
1633	0.52084672
1733	0.47441058
1754	0.50541384
2048	0.42805931
2283	0.45110851
2406	0.41461978
2411	0.41548458
2452	0.41840743
2630	0.40529307
2660	0.45679309
2718	0.42931661
2801	0.49440374
2928	0.40203981
3379	0.46429505
3768	0.44100308
3897	0.45306554
3916	0.36287620
4030	0.40984201
4108	0.39760329
4273	0.37259064
4424	0.47767018
4458	0.41046274
4524	0.44978365
4682	0.38374114
4825	0.43111566
555	0.64876873
769	0.55109703
1761	0.50559000
2478	0.45888482
3385	0.39292456
4078	0.35054989
4202	0.40705696
4313	0.43627456
248	0.67216504
696	0.57370576
1024	0.63058089
1090	0.48875934
1352	0.52523931
2191	0.55335820
2553	0.56402398
2681	0.45649476
2876	0.39786864
3190	0.51033066
4016	0.45378566
4170	0.41260255
4635	0.40962037
721	0.65836207
825	0.63592988
831	0.59697012
2091	0.45675354
2443	0.52313009
2590	0.44998712
2613	0.50969642
2779	0.45890119
3843	0.41638872
3849	0.41015995
4257	0.36519049
80	0.66948480
124	0.68887630
338	0.68120515
425	0.47041466
427	0.57769164
496	0.61093660
506	0.58085344
558	0.65558758
608	0.57457005
612	0.52833030
654	0.64618092
681	0.44462620
798	0.54852675
841	0.59106157
1028	0.56024611
1141	0.52005205
1177	0.54921454
1325	0.42383272
1390	0.58709168
1450	0.49591807
1515	0.51808433
1544	0.48446900
1703	0.44416919
1712	0.43475888
1763	0.54427339
1800	0.51112887
1836	0.57708338
1901	0.48148109
1982	0.58628457
2014	0.43908560
2601	0.39887230
2606	0.48890585
2755	0.45272144
2948	0.52898585
2956	0.41905101
3003	0.43158186
3123	0.41476662
3231	0.45222355
3356	0.39182427
3497	0.44672501
3523	0.47733949
3640	0.44791097
3857	0.42224773
4046	0.41788088
4198	0.43899959
4223	0.48083588
4371	0.41120925
4395	0.38385046
192	0.66095370
241	0.57404867
251	0.61085802
260	0.63945556
392	0.64033949
574	0.60669711
588	0.51890038
641	0.59172803
762	0.52035352
822	0.53260963
874	0.58093123
879	0.43828098
984	0.53628230
1289	0.50946734
1331	0.53718565
1357	0.44832786
1502	0.51952647
1849	0.49862592
2035	0.52099499
2104	0.51271574
2357	0.48354813
3019	0.42610085
3105	0.44779279
3110	0.41545724
3332	0.42133944
3544	0.41454938
3573	0.48287009
3853	0.42252553
4177	0.37325491
4504	0.41505284
4542	0.41749333
4890	0.38867224
1308	0.51779065
2458	0.43772460
4127	0.37742545
90	0.68943092
319	0.68845380
1128	0.57379821
1137	0.58575074
1269	0.50927426
1291	0.58209914
1337	0.45123305
1579	0.40990402
2942	0.40408517
3335	0.48416450
3384	0.39577991
3602	0.42939022
3845	0.42915763
4662	0.37341122
4714	0.43750982
4737	0.39052667
136	0.68161658
482	0.60599180
739	0.59297539
1830	0.42118665
1910	0.41003922
2417	0.42285342
2472	0.46427909
4518	0.39553625
242	0.66325814
695	0.47490534
714	0.62219281
809	0.51811540
1009	0.60867708
1065	0.55640068
1170	0.59100736
1235	0.46254834
1247	0.50990883
1997	0.40741654
2125	0.52910120
2139	0.48893074
2296	0.43444194
3080	0.42154951
3182	0.38514182
3239	0.47325456
3947	0.44141415
3974	0.42859827
4112	0.42595767
4532	0.40231513
4686	0.38362844
252	0.52477558
269	0.56034377
361	0.67738246
563	0.54251420
631	0.67455936
644	0.48185522
802	0.48083112
903	0.50176082
937	0.57407397
1013	0.57680154
1171	0.44213813
1276	0.58497462
1296	0.61840623
1428	0.47889699
1466	0.42507445
1574	0.50711797
1905	0.54036288
1960	0.41341942
2100	0.42482850
2171	0.47498165
2556	0.43053983
2661	0.45609497
2843	0.42637075
2972	0.50243456
3027	0.52528515
3056	0.42132613
3139	0.43871197
3660	0.41131989
3694	0.39969192
3696	0.43879897
3731	0.43443308
3876	0.41515791
4181	0.37451540
4184	0.37605643
4260	0.42235044
4368	0.42168250
4478	0.43393555
4481	0.42769245
4582	0.43245905
4696	0.40615638
195	0.68314106
866	0.46071319
4010	0.38301672
4414	0.40888421
4419	0.36822475
4474	0.38809413
339	0.66631162
673	0.56523368
783	0.55121538
1213	0.49787429
1662	0.46247557
2294	0.44442036
2486	0.53578383
2616	0.48002466
3359	0.43556898
3816	0.38295263
4834	0.38760540
468	0.64491865
645	0.62284015
698	0.58317825
701	0.53749964
975	0.47857661
992	0.55072877
1549	0.42276308
1624	0.45395777
1650	0.53545304
2113	0.41822142
2379	0.51312485
2852	0.54415132
2874	0.42309637
3311	0.38229806
4088	0.45399786
4296	0.45326868
4572	0.37560222
4583	0.44942364
4701	0.43047154
4796	0.35684497
305	0.55854795
729	0.42926059
1768	0.43669841
1999	0.55472506
2183	0.40700153
2269	0.56915733
3484	0.45408148
3797	0.38867341
4738	0.37234242
4892	0.40286736
180	0.68848043
273	0.55067868
283	0.64911848
286	0.68613803
337	0.67071508
504	0.48313811
548	0.63201990
596	0.53630579
693	0.59585405
757	0.59624850
928	0.67949542
1091	0.53927260
1114	0.55293713
1146	0.50963286
1227	0.44928047
1233	0.59410451
1432	0.45344624
1629	0.51825232
1692	0.60799234
1726	0.49153589
2088	0.42219403
2131	0.45072864
2304	0.40570915
2347	0.41314587
2578	0.42306526
2662	0.42866802
2861	0.41606328
3072	0.42057341
3428	0.46113874
3518	0.48677769
3550	0.49883735
3596	0.48086818
3809	0.43751476
4164	0.38503487
4238	0.42461136
4239	0.37786698
4354	0.35542054
4356	0.44811576
4463	0.40957053
4562	0.37174560
4595	0.47675685
4779	0.37591178
4872	0.42740862
4903	0.45247264
590	0.53960983
604	0.64000779
1358	0.60541125
1593	0.42672569
1757	0.46445721
2516	0.46633718
2983	0.45938421
3631	0.40175008
4034	0.41801061
4145	0.43086062
4830	0.39780633
85	0.66274751
226	0.55207850
240	0.63531628
497	0.60497460
1321	0.53081391
2154	0.44610611
2386	0.43931651
2646	0.52139180
2949	0.42263948
3294	0.42100708
3460	0.40308639
4320	0.37956956
789	0.53914506
3533	0.36316611
3938	0.35089613
446	0.56455246
552	0.57348539
1489	0.55850827
2484	0.42970757
3477	0.41694533
3543	0.45567827
4105	0.41439012
4172	0.42543922
188	0.65944265
737	0.48200321
1149	0.49975087
1681	0.47598384
2818	0.48025270
3157	0.46619556
3641	0.41443428
3699	0.45739353
3783	0.38360194
4107	0.49491598
684	0.57093181
1874	0.47810784
2185	0.55659059
3465	0.40583481
3913	0.44375657
3960	0.47091740
170	0.65453935
280	0.62941455
562	0.65742481
1751	0.49292967
1936	0.45888091
2434	0.44234023
2502	0.45109855
385	0.65710499
767	0.46777057
1143	0.47625372
1266	0.57862533
1443	0.45876021
1710	0.51255121
2187	0.46649809
2491	0.44010168
3424	0.44049509
3561	0.41678299
3565	0.44397450
3885	0.45567654
3991	0.39251311
4047	0.41202718
4051	0.50419230
4133	0.43314697
4472	0.41423356
4521	0.36501550
309	0.54843140
350	0.49912811
358	0.59264261
544	0.56688119
629	0.66721047
660	0.57719920
738	0.53615511
929	0.50720599
990	0.55421788
1277	0.57639882
1398	0.54173137
1509	0.56278095
1532	0.48014707
1690	0.49647434
1714	0.48103518
1970	0.49597124
2120	0.44512289
2205	0.50470464
2445	0.44865929
3076	0.44260184
3173	0.40521933
3263	0.37171131
3468	0.41473506
3610	0.43309573
3645	0.41379607
3784	0.37611887
3923	0.46344136
4113	0.41458896
4271	0.38647862
4490	0.35911741
4551	0.45122994
4600	0.38576466
452	0.66584260
599	0.61943390
1021	0.48753248
1535	0.55426777
1850	0.46441646
1954	0.48183456
2061	0.39623208
2103	0.50486334
2716	0.47481562
2975	0.43057213
3097	0.44586296
3279	0.40762900
3735	0.45635815
4125	0.39381435
4376	0.41596355
4429	0.39044606
4446	0.44401140
4062	0.45358565
4442	0.39125364
164	0.68946696
658	0.54638355
712	0.54887057
1370	0.43296200
1505	0.43518023
1578	0.46983667
2001	0.48581605
2076	0.56862355
2106	0.50022462
2160	0.52131137
3012	0.41973656
3243	0.39968252
3416	0.44620543
3815	0.38264042
4019	0.40603166
4357	0.42146869
4507	0.42446999
4695	0.36346065
4899	0.44215814
322	0.64418736
368	0.47894741
381	0.68604352
998	0.57578612
1006	0.55036782
1457	0.54553543
1533	0.44467227
2010	0.46505847
2531	0.47416768
2894	0.41524850
3091	0.44203968
3380	0.41543448
3574	0.44584183
3617	0.45186039
4031	0.46731699
4403	0.37307621
254	0.64516221
1068	0.44437378
1152	0.60276914
1285	0.47194375
2567	0.47870711
2992	0.52931386
3569	0.48102344
4098	0.37874407
4220	0.41330523
263	0.67819637
474	0.62501637
490	0.55563661
617	0.57056295
787	0.48517909
1034	0.60496034
1061	0.47934771
1178	0.54236693
1200	0.44936869
1307	0.50331557
1364	0.43860380
1411	0.57874985
1444	0.42980294
1543	0.51514124
1687	0.52757806
2140	0.56097086
2149	0.41723246
2213	0.45344296
2637	0.41845762
2763	0.49602469
2791	0.44471093
2998	0.45675448
3034	0.43266659
3342	0.40930892
3343	0.42817094
3383	0.41459066
3439	0.45685171
3683	0.44376672
4008	0.42115425
4328	0.43529658
4728	0.36314328
1253	0.44398524
1863	0.44470637
1953	0.45930859
2119	0.42951171
2586	0.44867868
2887	0.41762767
994	0.48052502
2378	0.41560016
2610	0.39902393
2923	0.47258677
349	0.65985978
448	0.57654981
489	0.66827487
613	0.53356946
1018	0.45427069
1576	0.51487587
2075	0.51979169
2447	0.51930083
2708	0.42557224
2709	0.43836767
2741	0.47531628
2987	0.39655424
3350	0.51374542
3555	0.44229182
3564	0.39489246
3580	0.41135810
3588	0.44204788
3856	0.40249282
4244	0.44475517
429	0.58484766
927	0.63451413
1407	0.53259578
1582	0.46294970
1877	0.43911372
2705	0.48140534
4477	0.36782829
4610	0.41773934
4885	0.41606582
876	0.56310891
1077	0.55014394
2703	0.51315055
2789	0.42506177
4032	0.50909224
4365	0.44339200
4482	0.40147045
4577	0.39556144
615	0.65266595
1225	0.58065363
1628	0.47204757
1731	0.44427746
2079	0.43690847
2130	0.46152945
3785	0.38183519
4003	0.42597824
4316	0.38963541
4349	0.37801408
597	0.50928599
939	0.49008705
1406	0.40024992
3461	0.42569721
4204	0.39811291
4861	0.36133010
581	0.67001542
740	0.58921151
1162	0.55399325
1368	0.52986215
1995	0.45149514
2107	0.45926150
2282	0.39356666
2772	0.44280892
3676	0.44947467
387	0.66002041
1317	0.47631974
2537	0.47631651
3199	0.42345266
3682	0.39019372
1072	0.65371182
1103	0.43487141
2374	0.49819655
3008	0.40634453
3749	0.40550410
3841	0.37944688
4536	0.38122238
623	0.63872134
847	0.56329686
968	0.54725489
1256	0.51618583
1659	0.40037060
2056	0.47104890
2607	0.39661736
3065	0.36814531
4690	0.45179001
480	0.61415440
2405	0.52081521
2816	0.42929991
640	0.65561716
1487	0.44941766
3233	0.39661103
3542	0.39219805
4530	0.37234934
4841	0.37817916
160	0.59430859
933	0.48933354
1389	0.43275079
1441	0.44943644
1485	0.52707865
1501	0.50021154
1581	0.47403658
1677	0.48367723
3532	0.43149888
1264	0.49145192
1942	0.43673801
2467	0.43294645
2485	0.40748679
2624	0.43034659
3081	0.44181093
3265	0.47134825
3413	0.44794416
3429	0.40661640
3436	0.41494558
3590	0.39185436
3692	0.42559097
4193	0.38707213
4879	0.37396414
225	0.63743713
533	0.57515669
760	0.48090150
1104	0.59895105
1221	0.57075764
1893	0.47571770
1967	0.45051326
2327	0.48429304
2384	0.54199432
2418	0.45018588
2440	0.41393845
2749	0.45454403
3170	0.49843868
3357	0.40138500
4036	0.42950937
4471	0.36124850
4555	0.39882137
186	0.67553966
272	0.59939765
461	0.51890234
664	0.67578943
665	0.54955875
965	0.63082315
1020	0.47651036
1136	0.56061897
1203	0.65148720
1304	0.53993403
1732	0.40910069
1825	0.50921373
2438	0.44175865
2640	0.39839470
2704	0.49563472
2782	0.44608473
2979	0.44509726
3013	0.42907926
3117	0.42819897
3201	0.42563994
3458	0.40048682
3470	0.40668341
3538	0.41778612
3643	0.41931177
3690	0.40872959
3765	0.42032756
3800	0.40561082
4083	0.38894479
4205	0.40787765
4283	0.42131009
4359	0.40858201
542	0.60441343
3122	0.45235591
3499	0.37347137
3963	0.45694250
171	0.62574219
201	0.67221694
413	0.68658224
470	0.54088635
702	0.61221671
771	0.44421900
910	0.51267558
1306	0.59038584
1523	0.47415470
1550	0.37929671
1570	0.62788503
1804	0.51105411
2036	0.45395065
2356	0.46909675
2427	0.44957397
2454	0.43460614
2812	0.50629192
3144	0.42673180
3366	0.38353724
3430	0.39886546
3469	0.42256842
3577	0.39505864
3629	0.49761731
3805	0.43676634
3932	0.40737258
3981	0.37701013
4307	0.39314188
4519	0.43138933
4640	0.41383232
636	0.62107819
746	0.50163910
1844	0.53526046
2017	0.42576718
2228	0.46968441
2382	0.43314294
2549	0.49819309
2671	0.51136686
3907	0.38896325
3919	0.43235680
4110	0.40251856
4657	0.40963035
4752	0.40916415
4877	0.37872157
473	0.60668532
573	0.62747694
840	0.51941728
1622	0.54720477
2094	0.46231956
2462	0.54881801
2545	0.40009810
3672	0.40662322
1236	0.41833132
1393	0.51110639
2842	0.49652543
3504	0.40578474
3637	0.39838994
197	0.65467950
301	0.68202914
516	0.54408043
720	0.53225211
1190	0.52248656
1361	0.43971625
1490	0.48034825
1695	0.55013946
1753	0.47848455
1869	0.42655696
2016	0.56557664
2040	0.53359858
2090	0.46729887
2095	0.54159166
2437	0.50762884
2584	0.47115837
2691	0.44728238
3133	0.51169563
3346	0.43709153
637	0.59173134
912	0.53395388
1305	0.52904958
1506	0.59611227
2141	0.44577863
2906	0.41613811
3613	0.37207127
3628	0.41958066
4515	0.38665155
991	0.62605152
1220	0.62392377
3036	0.38968647
4438	0.36302563
4523	0.37208769
2742	0.45331921
2868	0.43372625
2985	0.40487429
2991	0.45748837
3496	0.42905724
4148	0.37338549
528	0.53245678
706	0.63450211
2690	0.41795011
3977	0.35884542
4081	0.42123799
335	0.68321566
625	0.48998519
1124	0.61597060
1201	0.61798524
2046	0.41196022
2329	0.53677535
2333	0.44729149
2737	0.44307868
3524	0.48609280
3854	0.45775761
4128	0.37041641
4639	0.37456961
4822	0.40664086
1762	0.55685930
2252	0.51286729
3829	0.44098157
4115	0.39861235
287	0.63474807
1040	0.44051591
2059	0.60014371
3742	0.36247376
830	0.64082218
3146	0.45377288
993	0.42967148
1188	0.59263358
1409	0.50622864
1870	0.54012889
2442	0.47706068
327	0.43558293
1046	0.60839198
1194	0.44974692
1202	0.58259092
1417	0.46073094
1508	0.43810390
1741	0.52607493
1862	0.48584522
2087	0.49845233
3658	0.40242728
3761	0.47452667
3925	0.40786581
4056	0.43902169
476	0.67667066
514	0.42717919
1019	0.65143013
1219	0.46020441
1299	0.53161085
2292	0.43705679
2381	0.45284965
3284	0.46212556
3303	0.47159685
3334	0.38297091
3661	0.44877634
3941	0.38344416
3978	0.41519209
4018	0.44663887
4255	0.41633562
4591	0.43216079
4615	0.44454200
943	0.57120866
2135	0.55053434
4468	0.44233008
1119	0.56207315
1595	0.47793436
2181	0.42473099
2507	0.44512749
2508	0.39253744
2551	0.47937233
3031	0.43721793
3172	0.42971673
3360	0.43455994
3700	0.41327337
4022	0.39773284
4303	0.39728495
4344	0.44580022
4416	0.36633644
4875	0.40345752
302	0.65698320
605	0.58790241
1075	0.48145250
1085	0.45797559
1589	0.43431480
1777	0.41876168
1856	0.50390358
1977	0.47403090
2041	0.45618624
2305	0.51620816
2421	0.43378655
2450	0.49044642
2522	0.42618105
2750	0.52592929
2922	0.45215712
2971	0.44112243
3299	0.41582852
3476	0.40075387
3503	0.37494347
3619	0.49448152
3644	0.44241511
3807	0.41068089
3896	0.38880065
751	0.53496599
1252	0.54933710
1366	0.47227441
1853	0.51760504
2198	0.43969866
2313	0.49453413
2460	0.45936739
2597	0.51329658
2670	0.43554352
2915	0.50487192
3252	0.42257707
3860	0.43637671
4623	0.37989350
4790	0.36913762
4828	0.35411708
486	0.61386103
510	0.55134064
575	0.51794764
833	0.64425018
1106	0.58635069
1587	0.58011889
2487	0.43581755
2562	0.47820586
3141	0.39308924
3292	0.43631704
3738	0.37647831
4362	0.39831707
4399	0.38598842
4895	0.37526522
3273	0.43081740
321	0.68210420
1054	0.58015679
1386	0.52479668
2291	0.43532674
2464	0.43229457
2863	0.49705936
3377	0.42549318
3799	0.45179981
3804	0.46499244
4221	0.43991501
4440	0.38234715
653	0.61094640
1540	0.44613561
1604	0.48464559
1796	0.46820706
1871	0.42291572
2070	0.52657364
3348	0.46495762
4289	0.44680928
1507	0.43962788
2423	0.52025461
2598	0.42617110
2813	0.48995357
4618	0.38089305
465	0.57510418
687	0.54547495
1638	0.49244324
3098	0.43540498
3207	0.41722429
3744	0.40643336
4006	0.51376652
4723	0.43004961
1245	0.49918436
1660	0.53437907
1723	0.63184634
2865	0.42795500
4560	0.39462266
663	0.62236922
1529	0.49865901
1755	0.54485051
2342	0.42059878
1925	0.51735942
2477	0.48055014
4017	0.37723735
999	0.67844589
2829	0.41046961
3151	0.48218711
3323	0.39676476
1772	0.44200901
3221	0.39884489
924	0.48501181
1811	0.55104360
2251	0.42895548
2266	0.45095159
3210	0.47439126
3869	0.38282832
1998	0.46980994
3198	0.42418207
367	0.57476313
803	0.61601089
1116	0.47332430
1513	0.59294660
1591	0.53011322
2038	0.49879808
2142	0.54185502
2175	0.45624272
2289	0.53933186
3955	0.40599743
4049	0.39987831
4709	0.41831345
758	0.45109545
997	0.60663969
1336	0.52528757
3150	0.41941305
4491	0.39756083
3792	0.40991308
1722	0.46170803
2192	0.46314557
722	0.65901018
1548	0.49948035
1621	0.43742545
2167	0.39368639
2827	0.43346121
2899	0.41135364
3811	0.45139177
4130	0.44432371
4648	0.41609290
1913	0.53270044
3155	0.38091707
3354	0.35324756
648	0.57935207
1792	0.41860482
2170	0.38117779
2270	0.46358636
2293	0.45564620
2748	0.37752466
3290	0.49074379
4039	0.48796722
483	0.54810825
1934	0.39280483
3329	0.42303487
3767	0.41417418
3886	0.43261138
4048	0.46133664
4569	0.44208030
584	0.66075883
668	0.48436372
735	0.49780658
797	0.67074366
1249	0.46537525
2186	0.49317071
3184	0.36825603
4351	0.44595452
4673	0.43343657
4782	0.41248554
705	0.44415794
881	0.50864910
1002	0.53659525
1207	0.52739348
1310	0.57708158
1498	0.51190129
1791	0.59270197
1974	0.45969655
2263	0.44431035
2463	0.42910522
2480	0.43765440
2743	0.41930177
2977	0.45668023
3481	0.39819194
3571	0.41966514
3986	0.37092904
4401	0.43090165
4451	0.39303912
4652	0.41783934
4729	0.41195220
521	0.60173422
2459	0.43431152
523	0.66227034
2247	0.45646663
3703	0.45060128
4306	0.41554113
399	0.48668655
725	0.63565967
987	0.61109397
1001	0.63654118
1499	0.48632483
1689	0.43873580
3745	0.49114338
3798	0.47710568
441	0.65448190
619	0.55195831
630	0.56930729
727	0.40694543
1165	0.60716580
3232	0.46024855
3298	0.39765598
1449	0.49441356
4708	0.37859698
3000	0.47282995
699	0.58385937
759	0.58891448
1566	0.41744785
1798	0.52299387
2082	0.39566924
2796	0.52423834
2994	0.44629742
3114	0.40836663
3218	0.39488302
3946	0.39590475
436	0.67771304
2533	0.38167224
2833	0.40864730
2836	0.42030923
2904	0.43544940
2935	0.51687818
4154	0.44106811
4586	0.36764070
451	0.61723969
647	0.60892321
694	0.51784817
1583	0.51742051
2145	0.48004790
2308	0.54200547
1531	0.62175367
1542	0.52578905
1990	0.53844983
1557	0.55136299
1609	0.55153729
2444	0.45685795
3790	0.39255918
633	0.60243945
680	0.53453892
1436	0.51353136
2641	0.45088113
4735	0.40848022
377	0.60538933
472	0.65382071
837	0.51949911
957	0.53631501
1484	0.56220912
1520	0.50436828
1752	0.42630732
2003	0.51615160
2243	0.55238620
2679	0.48435968
2722	0.49178958
3510	0.39461108
4119	0.41854167
4300	0.45176812
4567	0.39176886
4802	0.41316964
711	0.52333127
1071	0.44986383
2877	0.39111072
2918	0.40928395
3306	0.40616756
3320	0.38078103
1053	0.62619477
1150	0.50965944
1517	0.64223091
2629	0.46046897
3136	0.40597898
586	0.58194097
666	0.59901392
741	0.47395866
970	0.63294968
1098	0.52081727
1261	0.53425290
1403	0.56316873
1632	0.50681814
1886	0.39744153
2019	0.49733153
2161	0.45703983
2320	0.51218555
2360	0.47102268
2564	0.38986431
2645	0.46095215
2739	0.46406065
3175	0.42916595
4396	0.43006659
4607	0.40399079
930	0.63569718
1160	0.52519067
1503	0.55836451
2678	0.42787887
3014	0.36891845
4015	0.36973012
1493	0.56692267
1996	0.42368273
2413	0.57288012
2558	0.45723137
3502	0.45141460
3611	0.41902573
4302	0.42688238
4410	0.38689809
4422	0.39885382
4444	0.42924137
616	0.64056582
949	0.54005378
1120	0.60808081
2628	0.50291221
485	0.65768904
535	0.61655645
614	0.54890488
869	0.54760324
1774	0.43464587
1985	0.57417667
3632	0.38737080
4197	0.42405584
4527	0.37929335
941	0.60378019
1263	0.45315898
1843	0.47025710
2893	0.43280238
4475	0.42492234
1989	0.49005447
3295	0.45081908
4126	0.44332758
4352	0.40981353
733	0.44921164
1675	0.50856203
3531	0.45534390
603	0.60014333
1404	0.49682519
1430	0.56422116
2261	0.43891229
2319	0.40504271
3077	0.40978747
3446	0.48138615
4068	0.43107101
4171	0.38007134
4660	0.42392580
2473	0.43368130
1642	0.41465778
955	0.41844138
1045	0.58427334
1345	0.49715335
1646	0.49493861
1964	0.48796778
2426	0.44319171
3276	0.42647198
4071	0.38103507
1781	0.51443397
1815	0.50453902
2596	0.43587057
3437	0.48856040
4072	0.42029638
4382	0.42247857
1848	0.39761072
2731	0.42172035
4077	0.40833407
4258	0.43981335
850	0.41284794
872	0.44015427
1271	0.64526769
2383	0.41932422
2527	0.52773249
2528	0.48205727
3398	0.47974812
3500	0.53589595
4715	0.42900662
2332	0.41256177
2369	0.54032542
3203	0.38838256
3271	0.39716514
4340	0.41483249
4561	0.41395347
4602	0.36919828
820	0.47433601
1083	0.60072824
1084	0.61673903
1463	0.52742677
1514	0.53223310
2060	0.44568535
2619	0.43409161
2657	0.43766460
3215	0.45878217
3591	0.40300519
4407	0.41262744
570	0.56121577
2375	0.42170828
3710	0.41627161
1412	0.55286482
1539	0.58768604
1702	0.56383769
1766	0.51935548
3118	0.37944787
3373	0.39522590
3736	0.44166850
4234	0.44531091
776	0.59810960
2234	0.51460398
2695	0.48229551
2821	0.42357918
3599	0.47779029
4211	0.41417710
2504	0.51472926
2672	0.47634843
1839	0.50309749
3028	0.53628222
4132	0.34638714
4236	0.41662289
611	0.59722615
1380	0.62508374
3415	0.42559993
4663	0.36815860
2236	0.52768947
2725	0.40972518
3143	0.40415524
4777	0.39636851
650	0.65151184
1237	0.49924980
1326	0.47112681
1914	0.44747233
2052	0.49177568
2541	0.41490007
2631	0.44716018
3572	0.37767334
4187	0.42860512
964	0.54973040
1079	0.61491664
1743	0.43861630
2147	0.43450753
2229	0.50450723
2693	0.42644764
3213	0.39558557
434	0.54773094
1451	0.57096200
2260	0.44336467
4025	0.40582269
4909	0.37610853
585	0.52698814
2092	0.42467321
2392	0.54926117
3834	0.39600285
4798	0.37446538
508	0.53325583
718	0.58924096
938	0.58921493
1032	0.49704253
1298	0.52440188
1333	0.53653927
3368	0.41914742
4631	0.41935036
2916	0.46221393
3044	0.42177433
539	0.48084519
626	0.58171370
1655	0.46801820
2074	0.43397434
3194	0.44954818
3959	0.41222699
4189	0.42797310
4528	0.39787141
4787	0.38423366
1528	0.62978808
1880	0.39521775
2416	0.46212095
3197	0.46099679
3491	0.36121984
4156	0.43565817
4483	0.40316481
713	0.62487625
744	0.55343983
1362	0.59253955
2886	0.39962701
1475	0.48802945
2105	0.42343863
2921	0.47635107
3448	0.39269314
4218	0.37981674
1599	0.50742962
1735	0.57402846
2668	0.43628711
3005	0.46475494
3914	0.39719642
4268	0.44049150
275	0.61042326
2069	0.47952143
1260	0.48031399
1691	0.47941595
2108	0.38097562
3268	0.44516870
1891	0.41635823
374	0.63665537
864	0.49764887
3223	0.43113788
4101	0.39480129
1747	0.46405615
2388	0.43651856
2424	0.47524203
2561	0.42660059
3663	0.39011220
4763	0.41171414
4334	0.37992181
2008	0.42116557
3183	0.41640285
3729	0.36310711
3826	0.44180691
1683	0.46873626
1778	0.45731631
1958	0.50789748
810	0.50042005
1246	0.50175898
1963	0.45525705
2322	0.45786887
2608	0.40431363
2621	0.50924949
2907	0.44755811
749	0.66764720
2461	0.48303306
3961	0.34942866
4173	0.41006954
692	0.61893219
3994	0.40870622
1214	0.58251945
2206	0.46249417
2632	0.52211741
3018	0.42133751
414	0.66868739
1483	0.43848394
3666	0.40691809
2582	0.53938852
4183	0.46711059
4207	0.40754800
390	0.62979172
1416	0.48838724
1454	0.42035721
2775	0.47311204
4563	0.39954582
4896	0.39090934
1408	0.46528742
1427	0.61973939
1822	0.61304770
1947	0.50569757
3037	0.45211535
3882	0.42593054
3999	0.42001537
1288	0.61114149
1292	0.51616420
1592	0.41164557
2155	0.45671696
2451	0.41248773
3375	0.41672994
3482	0.40648895
3545	0.37078141
3695	0.36394538
4058	0.37186319
4214	0.45691030
4651	0.41326856
836	0.55165750
1115	0.54732600
1564	0.45507379
1568	0.50485904
2174	0.55871872
2756	0.49113790
4297	0.37088681
1569	0.43418787
1596	0.49566570
1952	0.46359451
3178	0.44756669
3353	0.39924700
1384	0.56131786
2051	0.40214272
2331	0.39682855
2455	0.41327611
3450	0.40836950
716	0.61315946
1685	0.56825593
3068	0.42267104
3192	0.47175321
3281	0.45162513
3675	0.38438101
4104	0.43149827
4210	0.48213864
1374	0.46065895
1864	0.51289921
2071	0.47744909
2400	0.41227774
2453	0.52482236
2471	0.47443700
3228	0.49012001
3976	0.41944321
4012	0.44582773
4581	0.39417171
4826	0.42597198
745	0.43910555
979	0.53844072
1572	0.48759247
3202	0.40966501
4109	0.40466761
4374	0.45133252
4450	0.39916842
4479	0.42851374
3206	0.39573419
4391	0.40629582
4417	0.38616718
1478	0.47558428
1721	0.46957888
2515	0.45545472
2990	0.47972775
962	0.47732381
4152	0.34613709
1955	0.44437668
3432	0.39402914
3615	0.42345948
1878	0.44187304
3405	0.38277158
3989	0.35276204
4520	0.34937543
1051	0.56345698
2255	0.46969423
418	0.65819886
766	0.49172363
782	0.59263162
1012	0.56361113
2325	0.44427935
4163	0.40160385
4743	0.41099135
1972	0.42879907
2489	0.44519792
880	0.53913719
889	0.63677438
1096	0.52025423
2781	0.38279526
3001	0.43815325
3047	0.43497343
3425	0.42308344
3517	0.45896879
1606	0.43992863
2337	0.40928810
4860	0.41049649
526	0.52862961
770	0.59473880
1049	0.43297536
1464	0.45879869
2020	0.51832440
2295	0.44063722
2377	0.49071513
2517	0.51360446
2814	0.50252090
3006	0.44545230
3319	0.39147396
3352	0.39324560
3581	0.44912747
3726	0.43403238
3734	0.45384858
3926	0.45448106
4526	0.37872623
4655	0.39640503
1898	0.51083336
856	0.54204391
1510	0.40910823
4284	0.45364129
875	0.51076334
1980	0.49258104
2717	0.49709331
3391	0.43002237
4270	0.39427963
4612	0.40650410
3161	0.48227329
3302	0.42089014
3895	0.40502161
989	0.62049315
3474	0.47751713
4027	0.38173727
4339	0.37981032
4564	0.40147215
1884	0.43600247
2364	0.49744833
2866	0.46613368
3868	0.46224061
1887	0.49239984
3260	0.40130271
3801	0.41929238
914	0.55115789
1058	0.40553421
1968	0.48371610
4038	0.48391455
4317	0.41428311
4552	0.40387805
4691	0.43635041
2408	0.44485138
3219	0.37969889
4405	0.39322559
3634	0.40957789
4054	0.41394100
4784	0.39711993
2663	0.53308389
3748	0.37699341
1827	0.37088439
4704	0.40805796
1586	0.57547931
2023	0.50583099
2943	0.35679681
3547	0.39623585
4229	0.40720706
898	0.45996322
2250	0.41781743
2336	0.56145141
3002	0.46997035
4544	0.42739791
1371	0.55461230
2394	0.46928696
2510	0.42914302
4280	0.40193451
4863	0.39886281
2665	0.49119477
1541	0.54840748
598	0.49022322
1697	0.50538818
3578	0.45968703
1558	0.43144678
2871	0.48181900
3654	0.42964231
1612	0.45141926
1916	0.40145217
2845	0.42725435
3452	0.41270709
3585	0.42741809
3847	0.39222009
4324	0.36912223
4489	0.44729981
4633	0.37820510
2150	0.47983448
2699	0.42337187
4292	0.35590305
1353	0.41204686
4806	0.43046757
1652	0.40427090
1728	0.42501362
2096	0.41471235
3057	0.48494624
3113	0.40087749
3257	0.40321467
1806	0.51118792
2380	0.50842206
2583	0.48770658
3247	0.41637643
3894	0.40759855
1859	0.54342858
2281	0.41119459
2713	0.46167629
1262	0.62120077
2441	0.42042430
2753	0.49120340
3553	0.42774201
505	0.58000265
1585	0.42522956
1814	0.46025056
2901	0.36641886
4231	0.40417680
4658	0.35659413
2881	0.36596197
4111	0.39952731
4192	0.39798857
4517	0.40940203
1297	0.53445800
2073	0.51080429
1923	0.43065269
3229	0.39217278
3535	0.44315178
754	0.50444764
2525	0.55005462
4511	0.39354470
1616	0.54946666
2238	0.41464926
775	0.66730768
958	0.59805307
1223	0.42773269
1904	0.41298811
2066	0.46454963
3689	0.37417532
4730	0.37696986
948	0.62641282
2027	0.38034466
1845	0.52676833
1872	0.52721416
2284	0.46793858
2338	0.41452996
3403	0.44685273
3674	0.46201660
4343	0.42342071
2359	0.44274926
816	0.56449926
1187	0.55189137
1360	0.45539597
2240	0.45901097
2889	0.37810930
3262	0.42749595
3791	0.45338574
3980	0.36744665
4185	0.47159868
4213	0.41081547
4846	0.44564725
593	0.53089231
3983	0.39677449
4845	0.38239348
824	0.63083074
3954	0.40797702
4801	0.35120245
1803	0.43296355
3386	0.37908445
4175	0.35755432
4251	0.44203978
2465	0.40762579
3522	0.42698478
4683	0.36452912
862	0.62752296
2720	0.47645838
3010	0.50114880
3739	0.39785840
2280	0.39378098
2625	0.45342400
481	0.52788264
669	0.57815358
870	0.42368443
1789	0.56489776
3287	0.43174651
3349	0.52839959
3819	0.39452006
3975	0.46358590
4123	0.38210064
4219	0.37330768
4624	0.42240162
4881	0.35476878
2173	0.52084593
2794	0.37998073
3756	0.38408789
1492	0.42004744
2194	0.49441695
2535	0.44949119
796	0.51570663
953	0.50553070
1270	0.41050328
1921	0.53461449
2230	0.43743708
2343	0.43224985
2398	0.47614104
2785	0.39979678
3154	0.41910143
3312	0.42432422
3781	0.42280574
4114	0.39304294
4155	0.43360894
1458	0.54103090
890	0.60044342
1073	0.55640921
1387	0.47222824
2047	0.49156101
4153	0.42392153
4346	0.40367825
2318	0.46193321
4893	0.34583366
2769	0.47889284
3944	0.34984603
618	0.62048180
1100	0.58638106
2178	0.45904681
2879	0.44802186
4117	0.37306475
4614	0.38861696
2711	0.36278037
3965	0.37523223
396	0.56778701
996	0.46213416
2151	0.42853413
2184	0.48687849
2503	0.42109509
3669	0.38450206
3732	0.38502777
529	0.61834670
1094	0.53244953
2470	0.47306345
3149	0.40357280
844	0.52190817
1742	0.49111680
2474	0.38115343
2669	0.49402639
1935	0.48420739
2962	0.39002003
3402	0.42041743
3471	0.43779345
3519	0.38963190
3861	0.39828235
1234	0.36427296
3126	0.38347170
4786	0.34688419
2988	0.38605019
3397	0.49297712
4768	0.33327342
1055	0.60652540
2122	0.57001354
4599	0.40044194
750	0.59391303
1121	0.45740880
2055	0.47748503
4082	0.41622763
4282	0.39133751
4508	0.41045281
2634	0.44965547
2759	0.37539345
849	0.49421220
961	0.46590819
1369	0.52850675
2299	0.43183028
3244	0.41779750
988	0.48434013
2560	0.43989585
2776	0.42771969
2790	0.47033977
2410	0.44017466
971	0.53244543
1588	0.43558247
3808	0.47218675
1617	0.41782794
1708	0.46330592
3369	0.37075451
3534	0.38367647
1399	0.41300570
2481	0.38324473
4559	0.45184433
501	0.54943991
853	0.60390073
867	0.47589427
1835	0.52471429
2689	0.46657547
624	0.67865516
2129	0.41734822
4619	0.41427304
4636	0.35790320
887	0.61253464
1167	0.56374646
1354	0.46305597
1678	0.50136052
2961	0.45032572
4904	0.37723651
926	0.57213920
1039	0.42760698
1232	0.55614707
3546	0.43255569
4745	0.37345872
3236	0.42064096
4587	0.38584947
2209	0.47559774
3536	0.42278169
899	0.53203449
3842	0.41017433
4808	0.44591529
2084	0.37584413
978	0.54491952
1238	0.46955315
1241	0.51130185
2773	0.45956473
3673	0.42035204
4106	0.42507412
765	0.47583290
2853	0.47828492
3301	0.42761927
4190	0.38358583
3493	0.37757529
2850	0.40557005
3316	0.49422625
3636	0.41355462
2407	0.45246747
2600	0.40394599
2878	0.39951377
3318	0.49953487
3326	0.43410619
3567	0.41383028
4611	0.39358456
4684	0.39278174
905	0.60881811
1481	0.49715335
1644	0.46158692
2086	0.48736248
2475	0.39497264
1773	0.58633901
1664	0.47911803
424	0.53621701
2746	0.37052869
3106	0.47037401
4646	0.39049616
2168	0.39134983
3892	0.35389188
2651	0.44450387
1059	0.46728630
3688	0.39648251
888	0.56169746
1108	0.60172467
1665	0.41889595
2898	0.40635191
3930	0.42825830
4176	0.44212487
2032	0.50132188
2148	0.50825361
1885	0.44167479
2315	0.42219734
3070	0.39077919
3259	0.39147567
3833	0.38075275
4426	0.36481289
4598	0.39299860
515	0.50917430
756	0.54895248
966	0.61159435
4910	0.41196442
2114	0.51695062
2766	0.42802082
2809	0.41698363
3844	0.39626423
4625	0.37134715
1909	0.44521999
4363	0.37868823
2081	0.45638248
2272	0.41068283
1748	0.49904589
2476	0.47411579
2546	0.43880289
3557	0.38104220
1553	0.56516583
3506	0.42729526
911	0.45943695
3258	0.38044703
2210	0.44100812
2858	0.39864910
4659	0.42165837
752	0.58296897
2316	0.41469143
2647	0.47070408
2543	0.44613607
4546	0.35884715
1819	0.39225367
2429	0.48342983
3566	0.37187548
2862	0.39704164
3521	0.44584069
1155	0.42939834
2099	0.43655880
2276	0.48755200
3964	0.38956106
4165	0.41246976
1648	0.45982656
2121	0.47172009
3163	0.46288750
3884	0.42300667
2995	0.36886057
3135	0.48463426
3267	0.43450761
662	0.46126273
2390	0.39366170
1820	0.42919019
2264	0.43470673
2933	0.43778177
4840	0.36029543
1706	0.42504014
2221	0.40671284
3716	0.38857493
3953	0.40024333
4455	0.42370721
4516	0.40436874
4698	0.41697119
2042	0.45754243
2117	0.48546829
2840	0.51202375
3254	0.46687220
600	0.56618476
1004	0.61944118
1750	0.45860204
2097	0.49572806
2499	0.39978571
2700	0.40815053
3935	0.34670128
2007	0.52670309
2652	0.47782646
3138	0.40159583
3969	0.39662340
3985	0.38349654
4225	0.38615412
1035	0.55866188
4628	0.39426662
2111	0.44402319
3837	0.40021762
4724	0.37994734
1418	0.41703864
3846	0.43081071
3931	0.35807140
2540	0.41402960
4883	0.35900753
2341	0.38253619
2536	0.50301018
4510	0.38932598
4711	0.41895431
632	0.67578994
4331	0.38889778
1294	0.46471773
2747	0.44953314
2053	0.42235734
3621	0.40167759
4821	0.36616460
1195	0.46828866
2034	0.52121477
2244	0.50942736
2884	0.45510657
1286	0.45862752
1555	0.43433331
2534	0.42219164
1679	0.49187951
3928	0.38627082
2595	0.42837169
3266	0.38694894
3773	0.43233389
2222	0.55965549
2867	0.41656399
3371	0.40074705
3789	0.36820004
3839	0.44633562
4086	0.38450361
4470	0.46193336
4574	0.37231231
1069	0.56756305
1287	0.44224865
1957	0.48294433
3024	0.43727772
3224	0.43658061
3724	0.40730686
4182	0.44603793
4882	0.36892860
1060	0.65675529
2006	0.44206946
2721	0.45177795
4265	0.39530068
1521	0.58963050
1924	0.42185420
1215	0.50990761
3595	0.41648524
4867	0.36146182
2944	0.37502973
3563	0.36301749
4575	0.37921589
1437	0.41273402
1491	0.44664287
2636	0.39950341
4835	0.35451359
1118	0.55704862
2334	0.43544339
2285	0.36500010
3160	0.38855088
3444	0.48561754
3958	0.38433926
690	0.40273613
4325	0.43556534
4816	0.37098017
3903	0.43256666
1625	0.43613997
3487	0.44920780
1516	0.47584807
3140	0.39366389
3390	0.42805903
4269	0.39591860
4876	0.38174962
4138	0.40176222
1290	0.57845678
2978	0.44389735
3906	0.46293479
4179	0.35862622
2039	0.39376031
2770	0.46381037
2803	0.48668428
3412	0.43747938
3463	0.42176657
3772	0.36332967
3996	0.40355027
1095	0.36259222
2128	0.53093568
2500	0.38309532
3193	0.46005455
3264	0.39326212
4061	0.38969614
4348	0.40046403
4674	0.37763271
4907	0.38146696
2919	0.40832246
4004	0.35027782
4497	0.40701782
1577	0.56742957
3419	0.40320192
3712	0.41117522
3054	0.37975463
3718	0.38769072
4739	0.39600232
1097	0.47807659
3480	0.41672019
4454	0.38042163
2954	0.46893390
3064	0.40727884
1605	0.41859288
3943	0.40430073
2724	0.37870187
2804	0.43074015
3216	0.32674962
3039	0.40873068
3291	0.42724501
4096	0.38834685
1043	0.59138582
2642	0.46172187
2837	0.48371938
4285	0.47413811
4831	0.38630320
2571	0.41981547
3026	0.45536291
4506	0.36081931
2431	0.47819115
3134	0.51831989
4750	0.37841672
3035	0.42573483
1693	0.57095116
1826	0.50121001
3382	0.37491318
4484	0.37069271
3227	0.36503220
1623	0.48941646
2855	0.45866216
3048	0.41258784
3374	0.46621154
4151	0.43845021
4634	0.39708018
3713	0.36885629
1367	0.59078874
2449	0.43138895
3101	0.40190249
4064	0.37226227
4643	0.37761008
2685	0.35589386
1293	0.61483229
2435	0.48440649
2602	0.46974646
3466	0.40928617
3485	0.40561535
3023	0.47707893
3414	0.34512709
1010	0.57622887
2959	0.43716740
4140	0.37747195
4754	0.38929905
4755	0.35996253
2138	0.40170014
1571	0.44936991
3836	0.44452171
4740	0.41179088
1810	0.57553131
3721	0.45688246
3878	0.42981440
1346	0.60461462
1788	0.49224860
1922	0.48886881
4129	0.38924137
4732	0.39218591
2258	0.44396375
2524	0.38695217
4080	0.41188248
4512	0.38171276
2253	0.46540641
4093	0.37713745
3050	0.44407572
3339	0.40094713
4785	0.35092132
3659	0.43867242
3934	0.39477021
4759	0.39087436
3600	0.38697142
1082	0.51737716
1736	0.44360632
3177	0.37167804
2254	0.46954291
3483	0.38674880
1438	0.46774422
1635	0.55279930
2456	0.39733763
3088	0.42075509
3451	0.41439126
3998	0.35233262
3395	0.42202688
2402	0.39449051
3128	0.37779793
4298	0.42720620
2761	0.48356121
3116	0.42458669
4717	0.33756407
808	0.42723900
1918	0.45676125
2363	0.45533914
2495	0.38693817
3043	0.39834306
3341	0.38409698
2422	0.40218235
2951	0.36948651
2346	0.52994235
3828	0.38655997
1423	0.54723575
2290	0.51991852
2314	0.39123926
3245	0.35716066
1608	0.55499888
4645	0.37872019
1823	0.47486551
3095	0.41075509
1030	0.63285270
1047	0.53556333
1981	0.48555261
2200	0.48866600
2216	0.41339053
2353	0.43515799
1185	0.54505752
3296	0.41683303
3313	0.52012907
3730	0.41117104
4252	0.37416735
2159	0.40472205
4753	0.38945584
4818	0.39532249
2764	0.38940636
2399	0.48069711
3612	0.42758204
1713	0.40609219
1949	0.48759087
3396	0.40232081
4736	0.38311955
1686	0.47271207
4369	0.41535947
923	0.46314121
1805	0.42296666
1951	0.39379358
2118	0.37511304
3508	0.41958555
4090	0.41486370
4665	0.37062189
4503	0.37993413
4609	0.41256903
2012	0.47524873
3059	0.40453439
4196	0.37679989
1169	0.56307280
2797	0.38725046
4649	0.37923956
3825	0.34573997
1973	0.49768802
3200	0.36569561
4461	0.42498931
4566	0.38653836
2822	0.47483949
4812	0.41455358
3915	0.40586981
3351	0.44670833
2618	0.38709547
4097	0.38437935
1467	0.37970698
2707	0.41266290
4191	0.36567779
3803	0.42477456
4675	0.39542196
1534	0.50261451
3246	0.45874534
3344	0.45296210
3762	0.43987739
3707	0.35527136
3984	0.36113806
4050	0.34441677
3605	0.36164236
2864	0.38802405
4556	0.39149387
4642	0.42360191
3616	0.40448776
4749	0.39927853
1210	0.42335700
3568	0.46433153
3679	0.45122422
843	0.49144912
934	0.45117894
1127	0.63639070
4387	0.35469619
1284	0.43006913
1808	0.53999183
2231	0.41675555
2248	0.47302479
4288	0.35845849
4710	0.36209815
2029	0.51725998
2354	0.47033428
3225	0.39810828
1641	0.48860232
3045	0.38767545
4783	0.36051835
4842	0.37096144
3055	0.40505429
1600	0.43110769
2654	0.45850392
1052	0.42467738
3393	0.40769385
3423	0.44911810
3777	0.42198452
4702	0.39908018
4811	0.38091557
4855	0.37650916
3127	0.47374320
3365	0.38501548
3422	0.39509502
4671	0.36874201
1033	0.57055808
3603	0.37701830
4427	0.36301514
3929	0.34793306
1701	0.41672717
2393	0.45999924
4079	0.42896923
1915	0.43675919
2715	0.37718011
4805	0.36291007
2362	0.50264893
2614	0.43293807
3513	0.35931613
3939	0.42292048
4761	0.39344627
2339	0.49985881
3125	0.46502225
3169	0.34510235
2257	0.56480783
2144	0.41751135
1933	0.46478009
2896	0.42954907
2938	0.45644838
3909	0.41901133
2872	0.38266178
3361	0.37321513
4620	0.38037103
4310	0.33251275
1704	0.44111278
2195	0.41348157
3838	0.39483863
4594	0.40168509
3752	0.42036538
3604	0.40328737
4540	0.37139765
2835	0.37771612
4143	0.42810456
3145	0.38512920
3261	0.43122641
3501	0.40304179
1959	0.43841504
2201	0.51368728
2217	0.50433501
3863	0.39501402
4188	0.38112365
2577	0.40300687
3130	0.47128798
3556	0.42759413
4823	0.36247432
1205	0.51669619
2908	0.41640689
2653	0.42350298
3189	0.42055727
3662	0.38703128
3937	0.43294668
4341	0.35517341
3409	0.39618517
4013	0.40230012
4525	0.41305918
3709	0.33155427
2062	0.48713276
3241	0.37907570
4281	0.42520658
3180	0.38267468
1618	0.39058685
3459	0.39401848
1255	0.51083702
2297	0.47547462
3205	0.38433168
4308	0.41555765
2970	0.45146854
2358	0.38695054
3966	0.38553138
4664	0.36327474
3862	0.43635405
4466	0.39428009
1518	0.48705284
2273	0.41621661
4713	0.36197623
4502	0.34746882
2310	0.37123906
4529	0.38359899
4676	0.42891341
1658	0.44549730
3456	0.37677637
4116	0.35541476
4194	0.35562090
4793	0.33307733
3890	0.41542977
3121	0.41613332
3067	0.38312510
4629	0.37585958
2882	0.38167132
3196	0.48604757
3951	0.40135642
4020	0.37648822
4345	0.35327059
4596	0.44946900
1634	0.49898684
3505	0.45802176
4689	0.38089618
2576	0.44359199
4780	0.36670408
1705	0.43609211
1912	0.53572628
3962	0.34632595
3137	0.42316293
2134	0.46231065
3176	0.46418049
3552	0.37342774
1479	0.40452991
918	0.60003131
4336	0.38684451
1699	0.42860405
3142	0.38447457
3701	0.44856009
4085	0.34492031
4538	0.34269461
2448	0.38918769
2057	0.45469349
1694	0.53102469
4381	0.43324137
1259	0.42194072
3793	0.45659135
1906	0.41353584
2232	0.47823921
3597	0.42312645
2738	0.39851525
4456	0.41268672
4901	0.38814819
3655	0.41385874
4873	0.33655490
2945	0.34653530
4274	0.36499005
4638	0.37086176
4747	0.34891998
2929	0.48439106
4394	0.33132203
2848	0.41388312
3156	0.46999509
3787	0.40382323
1495	0.40081847
2182	0.50135782
3411	0.44796724
4616	0.38924801
3648	0.44345844
2326	0.46406911
4688	0.35473442
4360	0.38670777
4900	0.36694581
4679	0.32802242
2544	0.35930869
1851	0.43844148
1092	0.56178686
4084	0.40474906
1243	0.50533751
1300	0.54087403
4319	0.41696521
3090	0.42849842
4578	0.36363363
2805	0.35578087
3096	0.34196559
4135	0.39169584
4412	0.35934481
1123	0.45003263
4494	0.35522009
4847	0.35343199
4091	0.38549771
2788	0.45564440
3904	0.35854393
2344	0.41624249
2980	0.39894550
3608	0.37274063
2350	0.49753721
2436	0.42339885
3741	0.47404345
4653	0.38606391
2123	0.41005910
4411	0.37006821
4573	0.35385965
2744	0.38235802
3304	0.39649163
1274	0.54001033
2684	0.36791058
1562	0.51027919
2335	0.40192950
2960	0.41732178
4338	0.33590565
2015	0.43869578
4045	0.39107425
4002	0.34687917
4605	0.38794243
3668	0.37002204
3240	0.45813192
4858	0.34444461
4862	0.35117339
3251	0.45143288
2044	0.39816410
4699	0.38917769
2815	0.38087518
2011	0.51661887
3322	0.44715379
2126	0.45374051
4437	0.32927690
4488	0.37525970
2698	0.49661194
4364	0.32293311
1140	0.52650188
1373	0.38005190
2498	0.41112429
3248	0.40537368
4908	0.36567998
3104	0.48866572
4672	0.39084502
2931	0.33938388
1899	0.42786243
3046	0.39662197
3881	0.38225545
4158	0.48078087
1064	0.49662742
2156	0.46036762
3255	0.36920309
4722	0.36184145
2127	0.48913106
2532	0.45816952
4492	0.38032012
2688	0.41586594
4074	0.35946215
2501	0.41867919
4439	0.37761322
4606	0.41737777
2563	0.42525008
3337	0.47040272
4431	0.38957717
4432	0.36796291
3537	0.38319823
2946	0.41602690
2902	0.43043739
4767	0.35521050
3084	0.39950272
4697	0.36688426
2519	0.50998493
3540	0.40441257
4060	0.35525647
4751	0.33732784
1764	0.47621409
3417	0.39658356
4428	0.40844215
3920	0.36475881
4894	0.35899114
4057	0.39006157
4245	0.38252991
4380	0.36160146
3401	0.37494489
3186	0.37014335
2226	0.40021913
4066	0.39322165
4290	0.36129722
2287	0.38914898
4235	0.37745444
1943	0.41658914
3527	0.35803138
3899	0.37888187
1698	0.61237159
3870	0.36652286
4169	0.36814587
4865	0.35227662
4856	0.32212533
2241	0.45775568
2593	0.46100272
4233	0.40320704
4666	0.38087839
3851	0.34486034
3554	0.37664162
2214	0.43475692
3831	0.36686281
4294	0.40761813
3324	0.40994362
4053	0.31425756
4866	0.36562772
3512	0.43935769
3864	0.39323508
4554	0.34214717
2677	0.42397707
3817	0.40368331
4217	0.35872017
4291	0.33955032
4212	0.34775649
4278	0.36768965
3272	0.30738579
1787	0.45523524
4131	0.33232952
3473	0.39221737
3973	0.37672175
4023	0.35464473
2102	0.42235123
4186	0.36723547
2054	0.43465356
3071	0.42019245
1908	0.51049740
3780	0.38852230
3475	0.38338544
3796	0.38557020
2839	0.35643074
4819	0.34422915
3062	0.35338900
4277	0.37622518
2817	0.36917593
4094	0.41892950
3230	0.39207152
2838	0.36278627
2912	0.45014493
3406	0.39702945
3237	0.43976985
3911	0.38784990
2166	0.43909993
4160	0.36226234
3623	0.44125094
3802	0.47823595
4250	0.37760843
4033	0.32744673
1920	0.51840290
3340	0.38442344
4332	0.35473287
1474	0.51774539
3775	0.40831297
4756	0.37423529
3238	0.35592863
1614	0.42365580
3511	0.44060917
4650	0.36727573
3362	0.36094507
2568	0.46269064
3399	0.36607789
4388	0.38165302
4850	0.37944347
4522	0.40247338
2581	0.33741377
4139	0.32042573
2655	0.44030600
2611	0.40318176
3124	0.37255198
3774	0.39930284
4757	0.35835217
3472	0.43560650
1273	0.55806587
1452	0.55715939
2355	0.52473631
4579	0.40785059
4795	0.35916718
4771	0.33459257
3754	0.39084509
4836	0.35439493
4264	0.37699585
4719	0.35584883
1975	0.42059871
3779	0.35209805
4301	0.34726703
2993	0.36834110
3760	0.42063803
4315	0.40554034
4453	0.34967962
1676	0.47696340
2589	0.43817746
4870	0.39522406
3278	0.36296790
3821	0.39148962
2193	0.48956829
2605	0.37379826
3280	0.42160191
4075	0.41533858
4773	0.35842863
4601	0.38981697
1911	0.52947653
2277	0.41817998
2112	0.36139633
4215	0.36014964
1900	0.39564340
2212	0.42416743
4810	0.34681088
2800	0.42340506
3132	0.41298628
3639	0.40394360
2162	0.44294148
2530	0.38062958
1932	0.48355803
4042	0.39717644
2385	0.52917690
2457	0.42406867
4005	0.35166412
2778	0.48222361
3927	0.36567593
3877	0.33188294
2762	0.42645869
1745	0.46573865
3873	0.35017657
4543	0.34586059
2633	0.40639809
3922	0.40412528
3171	0.39765096
4305	0.44137655
4758	0.39798310
4769	0.39731564
2735	0.42236968
3830	0.39295645
1565	0.56522826
3624	0.36448885
4001	0.35107636
4627	0.32990957
4299	0.32168044
3788	0.36757178
2566	0.45171136
3129	0.34743749
3408	0.34282384
2802	0.38501670
4203	0.35322671
2982	0.39643627
4772	0.34149529
4712	0.34055643
2018	0.52341323
3967	0.38088877
4329	0.35973455
3297	0.37957847
2513	0.49040781
3601	0.36427217
2420	0.37382656
4228	0.37196579
4680	0.38300412
2307	0.48071566
4180	0.43915901
2751	0.38763696
3011	0.43144439
2574	0.39460128
4565	0.36062963
4838	0.39401649
4533	0.35729174
4373	0.34117914
3706	0.35939664
1551	0.39845520
3052	0.38481572
4063	0.40961467
2674	0.47031269
1897	0.55180992
2245	0.33270286
4613	0.37495950
4760	0.37187077
2623	0.45423956
4476	0.37328775
4531	0.37364816
4585	0.33444342
2696	0.38599399
3948	0.37254617
2895	0.35650328
2028	0.47764450
2031	0.55202382
4361	0.32950542
4355	0.35907463
4742	0.35905768
3308	0.34953283
4144	0.40243242
4871	0.35549366
3431	0.42455834
3795	0.36411217
1765	0.40517163
4604	0.29905979
4323	0.34073832
4076	0.39799908
4781	0.38067316
4464	0.36557554
2728	0.49046060
4390	0.36623755
4570	0.33594558
4597	0.40200601
4386	0.35290539
4817	0.33023829
1976	0.43683598
4741	0.36788172
2511	0.39858557
4621	0.36006608
3912	0.40893769
4549	0.34382099
3642	0.48551476
4804	0.37062408
4443	0.39662207
4824	0.38103922
3818	0.45520457
2373	0.45221790
2783	0.32587383
4293	0.35463213
2958	0.38201904
3355	0.35020238
4318	0.33804498
1984	0.53856356
3253	0.45301769
4199	0.33117815
3058	0.47899860
1817	0.42174796
2936	0.36614971
2869	0.39148982
4589	0.36881872
2312	0.45350985
3049	0.36500718
4122	0.33468756
4485	0.33995360
2926	0.43270650
4249	0.34251242
4849	0.35209301
4626	0.38871495
2324	0.40065201
3147	0.36850326
2526	0.33315705
4059	0.42017087
4087	0.36052611
3988	0.36160548
2924	0.31989399
2736	0.37801079
2754	0.48557896
4159	0.38314394
4358	0.37118884
4718	0.36357017
4869	0.36178459
3653	0.39455052
3753	0.38459481
2397	0.45017486
4379	0.36926397
4687	0.35879016
3495	0.35235224
4576	0.31622050
4208	0.33702062
3770	0.35876298
2110	0.40745424
2163	0.40343560
4441	0.34932990
2702	0.44318321
1673	0.42822849
3852	0.34449086
4445	0.35613999
4678	0.39424224
3737	0.40503100
3300	0.36156791
2986	0.42388246
4537	0.31959514
4788	0.33806771
4656	0.36388724
4644	0.33293039
4727	0.29970841
3093	0.43705060
2387	0.44353401
2372	0.55795762
4706	0.36080200
2664	0.45586940
2366	0.39062009
2548	0.36355144
2934	0.37943250
4230	0.29908244
2808	0.30922007
3592	0.39073144
4670	0.33889139
3812	0.34778971
4449	0.31680368
3769	0.30135899
4852	0.32943945
4469	0.32968018
2298	0.45229625
4486	0.36075753
4378	0.36656259
2965	0.50652171
3529	0.34284329
2203	0.40770691
3727	0.31744187
4209	0.34303535
4878	0.30252087
2345	0.38232328
3120	0.36058374
3042	0.33832918
4243	0.32513370
3832	0.33336171
4167	0.34592713
4242	0.34454230
3433	0.38041565
4200	0.32941247
3489	0.32831725
3908	0.32856300
3879	0.35204650
3945	0.32114656
2376	0.45976497
3746	0.32336701
4452	0.32958679
3693	0.36671543
4327	0.37636220
3548	0.33343932
4350	0.38453393
4568	0.35668703
3479	0.36371773
4263	0.34712151
4044	0.33971057
4295	0.35303192
3168	0.38410255
4592	0.32579518
3848	0.35166919
3865	0.38189429
4848	0.35556964
4501	0.32915246
3982	0.31315221
4460	0.36916662
2694	0.39604187
3651	0.34280233
4398	0.31447467
4705	0.30461263
4393	0.34024524
4725	0.33135736
4839	0.34772139
4641	0.33951270
4677	0.38694680
4286	0.31902695
4457	0.40248241
4385	0.41116723
4406	0.34358952
3040	0.40316555
2851	0.31887444
4241	0.31945538
3627	0.45932959
3823	0.42104806
4748	0.33731631
4545	0.30703441
4134	0.32373211
3997	0.33165526
2521	0.47322274
4467	0.38969291
3918	0.34976115
4397	0.31592537
3893	0.33274331
3587	0.31469151
3363	0.30857582
4240	0.36856457
4433	0.33473918
4353	0.30102471
3427	0.38737612
4694	0.30329154
4843	0.35820159
4859	0.30821831
4906	0.29740549
4304	0.32827721
4580	0.31666277
4637	0.30017657
4021	0.33860250
4726	0.29374840
4347	0.31442094
4603	0.29603332
