0	17.168168421052663
1	17.904310526315808
2	17.980992631578967
3	18.19401789473687
4	18.7897747368421
5	18.96941789473685
6	18.820408421052633
8	18.778109473684204
11	18.602843157894746
14	18.35574315789474
30	18.688849473684197
39	18.3138789473684
41	18.30627263157894
55	18.303080000000012
59	17.41628315789474
79	17.74941157894737
120	17.458164210526366
179	18.04869894736843
181	17.609495789473716
185	17.507673684210527
296	17.51858421052632
339	17.62121052631579
371	18.084380000000028
379	17.470245263157917
386	17.448246315789508
405	17.282960000000028
638	17.67304736842107
781	17.331056842105333
799	17.04471684210526
803	17.02173263157898
822	17.05207894736841
931	17.807748421052647
936	17.12551157894738
7	18.72280315789477
10	18.787476842105285
12	19.038573684210537
18	18.348771578947403
19	18.593223157894755
25	18.22434105263159
35	17.573850526315802
36	18.63620631578949
38	17.88914842105266
67	18.11589368421054
82	18.353732631578957
86	18.453185263157906
112	17.11444315789476
113	17.18256000000001
173	18.087589473684226
184	17.83507368421053
189	17.6672957894737
191	17.612842105263177
193	17.1580063157895
205	18.026561052631582
261	18.258328421052635
282	18.15020421052633
301	17.216813684210546
313	17.879177894736856
355	17.839697894736858
387	17.99283789473683
395	17.761302105263184
402	17.880373684210532
424	17.411845263157925
427	17.148548421052652
471	17.168087368421062
491	16.999088421052658
496	17.26860105263161
505	17.256004210526314
541	17.04829789473688
582	17.799172631578994
622	17.124309473684225
660	16.85574947368422
695	17.503423157894765
774	16.69014000000004
789	18.09776210526315
790	16.70429368421053
821	17.66900947368425
831	17.024168421052654
836	16.994301052631606
865	17.493635789473654
889	16.81089368421054
9	18.71286421052631
17	18.17589684210528
20	18.418481052631595
22	18.66641263157894
48	18.562532631578964
73	18.329418947368445
75	17.887370526315795
84	17.578967368421058
87	18.434555789473695
104	18.460212631578933
106	17.549485263157905
116	18.29210315789473
124	17.599635789473698
132	17.15440947368425
198	18.15485368421053
217	18.334061052631586
243	17.226673684210542
256	18.306233684210515
273	17.28961789473689
281	17.75525263157895
288	17.897376842105256
311	17.36664105263161
325	18.096539999999997
329	17.642882105263173
338	17.262733684210534
362	17.540525263157907
433	18.000834736842094
443	17.31886315789477
451	18.11940842105263
455	17.785611578947385
462	17.685753684210514
463	17.025908421052662
472	17.073449473684267
485	17.009588421052626
493	17.220566315789522
534	16.941516842105294
544	17.231753684210545
545	17.217893684210544
574	17.828826315789453
586	17.556925263157883
629	17.477307368421044
642	17.90476947368421
650	17.29243368421055
653	18.02658736842108
659	16.952856842105263
717	17.146218947368435
760	18.19119368421058
765	18.143461052631586
802	16.906109473684253
869	17.084618947368455
945	16.620597894736875
13	18.980997894736838
16	18.726657894736817
31	18.552383157894727
88	18.18317157894738
93	17.213093684210552
100	18.351763157894727
128	18.208702105263157
170	18.368953684210513
221	18.457455789473688
228	17.690333684210522
233	17.960884210526313
254	17.79517894736846
289	18.318388421052642
330	17.440786315789477
360	17.01231578947372
380	17.180104210526345
389	17.75885263157897
393	18.231743157894737
438	17.172624210526322
456	17.63899684210529
461	17.643614736842142
468	17.97557684210527
470	18.177566315789488
477	17.46648736842108
550	17.69981684210528
557	17.022473684210542
578	17.8341747368421
606	16.99601789473687
667	17.56641368421051
705	18.12783473684212
757	17.09869263157895
800	17.63372315789476
947	17.669933684210516
15	18.816348421052616
23	18.461512631578934
53	18.377905263157892
66	18.449937894736873
76	17.764406315789486
119	18.710548421052632
144	17.49656842105265
145	18.1804694736842
151	17.962234736842113
199	17.129813684210557
208	17.23322315789477
279	17.69278947368422
295	17.771068421052647
324	17.76666000000001
340	17.580704210526314
344	17.820165263157886
356	17.085935789473695
382	17.929634736842118
391	17.09657789473687
401	17.441458947368425
431	17.823027368421066
509	17.67177368421054
512	18.15466105263159
526	17.501245263157923
529	17.141958947368423
558	16.555744210526335
609	17.650172631578965
616	16.81970105263163
624	17.732938947368424
639	16.637501052631595
663	17.701018947368414
682	17.611638947368426
715	16.917831578947386
721	17.092123157894765
779	16.93228526315792
791	17.83989368421054
815	16.403692631578995
839	17.088887368421073
850	17.90614631578947
872	17.82585789473684
900	17.949128421052652
905	17.55240105263159
908	17.920936842105288
911	17.151845263157913
21	18.44101157894737
56	17.920463157894726
69	17.937105263157886
115	18.053450526315803
140	17.252092631578947
143	18.40767473684211
211	17.502469473684243
239	17.325453684210554
326	16.961742105263195
376	17.359158947368453
411	17.425233684210518
537	16.69234000000004
599	16.58200000000003
666	16.75423263157895
738	17.210692631578965
835	16.831502105263187
27	18.59320105263158
42	18.518415789473693
57	17.93575684210526
81	17.561244210526308
94	17.40990736842108
96	17.460922105263176
103	17.94002000000006
111	17.8383915789474
117	18.360681052631563
141	17.79704631578949
147	17.6179410526316
156	17.474675789473704
158	17.917754736842113
163	18.094741052631566
187	17.020546315789474
197	17.899601052631574
202	18.174275789473693
260	17.321456842105263
265	17.490172631578968
266	16.9006957894737
268	18.28265473684212
270	17.115516842105265
271	17.49366947368422
303	16.876598947368468
319	17.549198947368453
334	17.801001052631598
378	17.99958947368422
388	18.06146631578949
397	17.579492631578955
400	18.20506631578945
422	17.454588421052627
447	17.739050526315786
554	16.95926315789474
589	17.088078947368423
647	16.81174736842107
697	16.932903157894764
699	16.8209810526316
746	17.275468421052608
747	17.965941052631557
749	17.386109473684222
770	17.66518105263157
771	16.71791052631579
780	17.569237894736858
784	17.227502105263188
786	16.59717052631584
24	18.557054736842126
26	18.732396842105267
28	18.511942105263156
43	18.469131578947334
64	17.9085421052632
107	18.104701052631583
122	17.56860315789475
166	17.66696631578948
262	18.076743157894736
350	16.798724210526334
373	17.410038947368424
423	17.316236842105287
450	17.401373684210544
474	16.773582105263177
487	17.74325052631579
502	17.692152631578978
569	17.573281052631593
595	17.786945263157914
600	17.419236842105285
636	17.09140421052633
664	17.33240421052635
686	17.76583684210527
689	17.528614736842105
693	16.655198947368415
766	16.849642105263175
782	17.00120526315794
97	18.314127368421072
99	17.646863157894753
130	18.135447368421048
137	17.691853684210535
142	18.031074736842125
146	17.995213684210526
182	17.848324210526307
206	17.749886315789464
214	17.48135578947368
310	17.243120000000005
358	17.791444210526315
367	17.355311578947376
368	17.9565557894737
385	16.776629473684224
421	16.90555894736844
444	17.857560000000014
482	17.848623157894753
563	17.431324210526334
604	18.215614736842088
613	17.63922631578949
655	16.7349821052632
696	17.241430526315796
825	16.795146315789477
878	17.784476842105263
929	17.374771578947367
45	17.96443789473683
47	18.47334210526318
72	18.635666315789436
98	18.104424210526357
123	18.278693684210506
159	18.219937894736844
178	17.790146315789446
188	18.211552631578957
222	17.505015789473706
223	17.621014736842103
312	16.631771578947394
332	17.979075789473686
335	17.383896842105273
426	18.037225263157897
520	16.344250526315815
607	17.61695157894737
641	17.343895789473677
649	17.634365263157907
657	16.66846736842107
759	17.698110526315798
34	18.022043157894753
40	17.674501052631612
49	18.51161999999999
50	18.146524210526298
74	18.252352631578923
80	18.143426315789483
105	18.38179052631579
110	17.42219578947371
114	18.387486315789477
125	17.67940631578947
129	17.58309684210528
133	17.882274736842074
134	18.134752631578948
153	17.76840105263158
164	17.624077894736825
176	18.536511578947366
207	18.06337789473681
231	17.153874736842116
250	17.32364421052632
257	17.699738947368434
300	17.494094736842126
320	18.386570526315786
357	17.860376842105264
428	18.101854736842096
439	17.95051263157894
442	17.584330526315807
446	17.718440000000008
448	17.64010105263158
457	17.924426315789493
488	17.87631473684208
504	16.669677894736843
516	16.555613684210545
561	17.356944210526333
585	17.6692010526316
603	17.431425263157898
632	17.745065263157883
644	17.487191578947403
730	17.438590526315785
819	17.31518000000003
854	17.77073789473687
855	17.681478947368404
866	17.33924105263159
892	17.700421052631587
926	16.326216842105286
33	18.590281052631568
46	18.327270526315775
51	18.297863157894756
68	17.970449473684226
241	17.71209578947368
304	17.788237894736856
407	17.160230526315804
464	17.300463157894782
495	17.285834736842112
542	16.3566663157895
587	17.466283157894768
684	17.07103578947371
708	16.3844621052632
58	18.505310526315807
65	17.909651578947365
108	17.902639999999973
131	17.865335789473693
136	18.08329684210525
139	18.13086947368422
165	17.75753052631579
259	18.14213894736841
272	17.81437473684215
276	17.492423157894734
285	17.92794105263158
294	17.124605263157903
346	17.49341157894737
408	17.99440210526315
409	17.880876842105252
565	17.39970631578949
797	17.492502105263178
833	17.127487368421093
864	17.261109473684236
882	17.219010526315806
930	17.46569263157896
32	18.48360421052632
60	17.848329473684196
71	17.75306421052634
89	18.37437368421053
171	18.11888210526315
234	17.56647052631579
238	17.377958947368427
342	17.75822210526317
415	17.369148421052643
531	17.156988421052656
579	17.16968315789477
601	16.557366315789515
700	17.662932631578936
735	17.935903157894714
838	17.517857894736846
898	17.282271578947395
922	17.14030421052635
162	17.64650736842106
29	18.508070526315752
37	18.47205157894737
52	18.42114631578948
62	18.445647368421067
92	17.986247368421065
121	17.993242105263164
148	18.127073684210544
160	17.715156842105287
161	17.47364315789476
175	17.68777473684213
180	16.79869157894739
232	17.697774736842106
245	18.020070526315777
323	17.98589789473688
354	17.399821052631587
375	17.727606315789465
384	17.899018947368422
414	17.595617894736847
538	17.177909473684217
562	16.0592315789474
580	17.482769473684257
610	17.104094736842114
634	17.11719789473686
651	17.00255473684214
733	17.544558947368422
804	16.48471263157898
805	17.560920000000017
826	17.192411578947357
868	17.577467368421054
885	17.07842736842105
886	17.230232631578954
940	17.216857894736883
78	17.617976842105264
213	17.835502105263124
247	18.00492105263157
287	16.92770315789478
761	17.06410842105268
823	17.2451157894737
902	17.14514526315791
229	18.085232631578933
244	18.021413684210525
703	16.436736842105304
736	17.00958000000003
763	17.05487368421055
941	17.015054736842124
299	17.235875789473717
669	16.23654315789475
840	17.74888
126	17.82262105263158
168	17.468433684210524
172	18.175624210526294
278	17.400289473684197
317	17.946795789473697
398	17.828740000000025
588	17.20784
729	17.383192631578957
943	17.290028421052646
63	18.16119789473686
219	17.559149473684208
246	17.08069894736846
327	17.581265263157906
716	17.037051578947366
719	17.321264210526337
844	17.750390526315773
856	17.40396736842108
127	17.89207157894737
186	17.92081894736841
209	17.839753684210528
235	17.52902315789477
240	17.7315757894737
308	17.7765157894737
315	17.067576842105264
351	16.95418000000001
381	17.669025263157895
469	17.49278315789475
575	17.03953894736842
758	16.72839157894739
91	18.23165789473685
149	17.670120000000015
522	17.610906315789485
633	17.286615789473682
648	16.976562105263195
674	16.17819789473684
734	17.45761052631579
857	16.388758947368427
101	18.173235789473683
190	17.442195789473693
277	17.615305263157904
413	17.327593684210537
476	17.593012631578944
846	17.739765263157892
925	17.521495789473693
109	17.94270105263156
215	17.567791578947393
216	17.426897894736825
314	17.815159999999995
348	17.811276842105265
383	17.651165263157907
399	17.496895789473704
551	16.708929473684236
675	17.297413684210518
732	16.978706315789484
777	16.934008421052646
818	17.124255789473704
843	17.1956557894737
946	16.8732557894737
61	17.898316842105295
224	18.223978947368447
236	18.014742105263156
249	17.244635789473687
269	18.02241789473685
306	17.8700263157895
445	17.215380000000042
510	17.704835789473663
549	17.57045578947371
745	16.99364315789475
750	17.603498947368415
762	17.512360000000008
917	17.223854736842096
44	18.323759999999986
54	18.345371578947386
70	17.887149473684193
167	17.25537999999999
169	17.66448421052635
201	17.830086315789487
220	17.885114736842098
264	17.796158947368426
284	17.607537894736854
305	17.67547473684209
341	17.21807789473685
434	17.736600000000013
602	17.06787263157895
623	17.49042105263159
665	17.32804947368422
713	17.650372631578943
328	17.57613368421054
420	17.524461052631587
508	17.683089473684202
661	16.98484421052633
737	17.480937894736876
177	17.722257894736856
242	17.819819999999996
283	17.515155789473702
322	17.733681052631574
345	17.12589789473687
515	17.574150526315798
725	16.787458947368425
764	17.06191684210528
861	16.811787368421044
912	17.071769473684228
83	18.02351263157897
90	17.801797894736833
135	17.987591578947363
286	17.38533473684208
365	17.388110526315796
416	17.44613789473681
432	16.786869473684213
440	17.482088421052616
452	17.38937894736845
507	17.181866315789513
552	16.969584210526342
591	17.633076842105257
787	16.622631578947374
813	17.573431578947396
316	17.633536842105258
598	17.513152631578954
751	17.408103157894747
932	17.213354736842124
118	18.323182105263175
152	18.07157368421054
430	16.596944210526345
503	16.80814105263158
681	16.127025263157915
910	17.089631578947355
95	17.287769473684236
154	17.51174526315791
226	17.72613684210527
337	17.459208421052637
530	17.66081368421052
560	17.516903157894742
673	17.333907368421055
683	16.775425263157913
724	16.78357157894738
806	16.80055263157896
832	17.22794947368422
948	17.29969789473683
390	17.23273263157895
611	16.70922842105265
858	17.405487368421053
909	16.77748842105265
939	16.998245263157877
494	17.254994736842086
576	17.59219368421052
157	17.369799999999984
359	17.47046315789476
418	17.441210526315768
514	16.711612631578955
605	17.20974315789474
656	17.52389263157897
714	17.174933684210547
768	16.472833684210553
200	17.749793684210527
331	17.32400315789472
483	17.003141052631584
517	17.198323157894738
527	17.280133684210526
274	17.68219263157896
816	16.89326842105264
612	17.32864842105264
852	16.973614736842112
919	16.701135789473696
298	16.940325263157895
845	17.32291578947369
155	18.344450526315782
263	17.96728947368423
506	17.70259894736843
568	17.71688000000003
707	16.883322105263165
77	18.072554736842108
138	18.02933263157896
204	17.764533684210512
258	17.778265263157888
396	17.16805368421054
454	17.327445263157887
501	17.170455789473724
546	17.45786210526315
742	17.658723157894734
174	17.856909473684233
183	16.985052631578966
465	16.887780000000017
583	17.022907368421066
627	16.688394736842103
635	17.200905263157896
811	17.59771578947368
879	16.916987368421086
934	16.825866315789494
412	17.228976842105283
867	17.119434736842123
225	17.6561705263158
251	17.41319263157898
291	16.85498631578948
293	16.701065263157904
336	17.710490526315798
672	17.05500631578951
949	16.656755789473678
361	17.7369505263158
404	17.60218315789474
436	17.07977157894736
486	17.396168421052618
566	17.5834147368421
615	17.117240000000013
628	17.797326315789487
687	17.396784210526317
748	17.09261684210527
907	16.673286315789486
192	17.524949473684206
230	17.58050842105264
347	17.663492631578976
847	17.393841052631576
85	17.947277894736843
195	17.959608421052636
410	16.944507368421046
540	16.88938105263156
572	17.521928421052614
828	17.150075789473675
837	16.55249473684211
848	17.2126694736842
860	17.270796842105273
646	16.721249473684214
196	17.11704631578947
449	16.99007684210527
849	16.97175157894739
102	18.279114736842107
366	17.234155789473682
473	17.19524105263158
478	17.72760210526317
608	17.11462210526316
944	16.963023157894742
492	17.136143157894754
528	17.023340000000033
363	17.792547368421047
417	18.067976842105278
904	17.218258947368426
203	17.88445684210527
353	17.370405263157917
593	17.189741052631607
248	17.400141052631593
570	16.871391578947364
706	17.085536842105274
710	16.582734736842127
343	17.368266315789505
459	17.17278736842106
480	16.94096736842104
318	17.14608315789475
372	17.56619157894739
460	17.129777894736844
670	16.890191578947363
680	17.236394736842097
559	16.97353473684212
709	16.86010315789476
798	17.075142105263158
884	17.283757894736816
497	17.376319999999993
519	17.73872105263157
553	17.056706315789526
620	17.81081894736842
652	17.29264736842105
711	16.933792631578953
712	17.730973684210532
829	17.141678947368455
726	17.552146315789503
785	16.883223157894765
377	17.380157894736854
309	17.31971157894737
403	17.666978947368424
499	17.41293368421054
827	17.22402631578948
851	16.303876842105282
218	17.511094736842097
631	17.159288421052622
419	17.507889473684184
694	16.8817042105263
307	17.223924210526338
645	17.21614210526315
597	16.853542105263163
918	16.821289473684207
210	17.53572421052634
524	17.333640000000024
678	16.847371578947378
267	17.862033684210534
728	16.871693684210555
290	17.632409473684213
227	17.275648421052633
255	17.136396842105285
302	17.372689473684215
518	17.301225263157896
212	18.08996421052632
489	17.207646315789475
739	17.041346315789486
938	16.19911684210529
275	18.013882105263153
691	17.34394421052633
901	16.79503684210526
253	17.53730105263159
688	17.262910526315807
807	17.302242105263158
333	16.870366315789482
466	17.282484210526327
535	17.063476842105253
788	17.198076842105262
810	16.560900000000004
490	17.533762105263154
690	17.14718842105264
795	17.324561052631587
853	17.037701052631576
897	17.18284736842107
500	16.49954210526316
475	16.832677894736847
658	17.467619999999997
237	17.171153684210505
523	17.19498000000003
793	17.220683157894744
297	17.223930526315804
903	16.44367789473686
150	17.82115789473683
481	17.177329473684203
536	17.18343578947372
755	16.982971578947364
252	17.507037894736847
194	17.805966315789497
394	17.444989473684206
756	17.338187368421067
702	17.012138947368445
824	17.134582105263192
511	17.055943157894756
718	17.49871473684211
871	17.018755789473683
915	17.298445263157912
441	17.310100000000006
321	17.57661157894735
875	16.655678947368436
392	17.508921052631585
573	16.9373557894737
741	16.72425368421053
406	17.43711684210527
924	16.719378947368444
513	16.9932463157895
668	16.2360105263158
893	17.210265263157897
571	17.091748421052646
577	16.2399357894737
581	17.26867894736842
425	17.54006631578947
809	17.33399263157893
796	16.243084210526316
863	16.64407473684211
525	17.37402315789475
539	16.938740000000053
679	17.12848105263158
814	16.76115157894737
429	17.390826315789475
484	17.13296736842106
772	16.033811578947383
292	17.583253684210522
437	17.673879999999993
584	17.49960210526317
521	17.202798947368418
617	16.743623157894742
834	17.443044210526303
896	16.97166842105264
370	17.109258947368446
369	17.438093684210525
543	17.13871894736841
592	17.25889684210525
920	16.619900000000005
842	16.891725263157895
899	16.8509705263158
754	16.760571578947395
280	16.755566315789466
676	17.300473684210512
928	16.790783157894754
364	17.667502105263157
812	17.42626105263158
890	16.75776315789476
596	17.671638947368425
626	16.69245157894738
662	17.159523157894753
692	16.513474736842113
556	17.175606315789484
769	17.01338947368421
564	17.294516842105285
776	17.40636947368419
817	17.01021789473685
630	17.17921684210527
374	16.383025263157904
533	16.673020000000015
685	17.40054315789473
913	16.614989473684243
352	16.778207368421025
548	17.18348210526317
619	16.77860210526316
752	17.125133684210546
894	16.658689473684223
859	16.82347157894739
727	17.02144000000001
933	16.819277894736885
498	17.3639368421053
479	17.10308000000003
458	16.913704210526312
467	17.431787368421084
895	17.61103263157896
722	17.29327894736843
731	16.58043684210529
640	16.82109684210526
723	17.104482105263187
671	16.544279999999986
794	17.099901052631576
435	16.499872631578956
942	16.605397894736853
914	15.598176842105307
349	16.860103157894756
654	17.125785263157887
740	16.644528421052634
753	17.014960000000002
935	17.000813684210552
704	17.39862105263159
792	16.764196842105296
767	16.67170631578947
637	17.206792631578967
743	16.76110421052631
594	17.080448421052655
841	16.577483157894754
677	16.62724315789473
880	16.571915789473703
453	17.015791578947393
532	16.51041263157896
567	16.805117894736856
906	17.121866315789493
720	16.74654736842107
621	17.263350526315804
744	16.928267368421043
888	16.91983894736844
773	16.875675789473696
876	16.33923789473686
820	16.87507263157896
555	17.562549473684204
877	17.04138210526319
923	16.54991578947368
590	17.117278947368412
643	17.35568526315789
870	16.651478947368442
701	16.73685368421054
891	16.709553684210515
801	16.74954842105263
808	16.780341052631584
937	16.419722105263162
547	16.724415789473703
862	16.384806315789486
625	16.26596421052633
778	16.332423157894755
874	17.04639999999999
873	16.625503157894748
614	16.926990526315784
698	17.34868000000003
783	16.718850526315794
830	16.927709473684242
927	17.11513473684213
883	16.580785263157903
916	17.196064210526323
921	16.507176842105274
618	16.928583157894753
881	15.95741578947367
775	16.51551368421053
887	16.059582105263175
