0	0.9605
1	0.9495
2	0.9405
3	0.9402
4	0.9401
5	0.9458
6	0.9295
7	0.9298
8	0.9438
10	0.9150
11	0.9160
13	0.9274
14	0.9380
18	0.9403
23	0.8741
24	0.9006
25	0.8362
26	0.8910
27	0.8420
31	0.9102
33	0.8474
35	0.7970
36	0.8871
39	0.8863
45	0.9069
48	0.8893
49	0.8549
52	0.8909
54	0.8677
57	0.8975
59	0.8278
71	0.8865
74	0.8078
79	0.8658
87	0.8717
101	0.7696
112	0.8618
113	0.7924
116	0.7466
137	0.8030
144	0.8727
162	0.8013
165	0.8235
166	0.8378
175	0.7977
182	0.8357
183	0.8042
190	0.7332
209	0.7820
219	0.7921
229	0.8307
244	0.7200
254	0.7913
263	0.7984
281	0.7506
285	0.7340
289	0.7655
291	0.7358
297	0.7494
301	0.7868
313	0.6892
333	0.7296
337	0.7564
364	0.7640
380	0.8600
384	0.7696
390	0.7780
414	0.7688
453	0.7344
461	0.7242
475	0.7871
484	0.6796
496	0.7105
507	0.7936
509	0.7409
531	0.7296
541	0.7326
549	0.6651
552	0.7694
555	0.7356
569	0.8015
575	0.7213
603	0.7090
613	0.7879
626	0.6615
646	0.6435
663	0.6801
675	0.7263
706	0.7129
747	0.6428
760	0.6905
772	0.6790
779	0.6696
787	0.6989
800	0.7379
804	0.7016
832	0.6844
834	0.7308
839	0.7566
845	0.7333
870	0.7897
876	0.6535
882	0.7248
884	0.7100
894	0.6764
910	0.7687
921	0.6645
934	0.6720
937	0.6649
993	0.6747
1001	0.7372
9	0.9363
12	0.9246
16	0.9045
17	0.8775
19	0.8724
22	0.8054
28	0.8644
30	0.8981
34	0.9205
44	0.8599
72	0.8132
94	0.8019
109	0.7656
122	0.8849
124	0.7633
126	0.8286
134	0.8217
154	0.8684
157	0.7646
169	0.7612
171	0.7796
176	0.6897
180	0.7838
192	0.7810
197	0.7779
239	0.7544
248	0.7380
279	0.7798
324	0.7781
327	0.7461
331	0.7831
359	0.7543
381	0.6564
383	0.6907
401	0.7212
425	0.7742
435	0.6833
446	0.7307
489	0.6975
493	0.7621
498	0.7484
499	0.7482
544	0.7718
561	0.6902
568	0.7093
571	0.7178
618	0.7693
652	0.7438
665	0.6617
710	0.6046
718	0.6837
814	0.7016
854	0.6466
889	0.6215
931	0.7458
1002	0.6861
37	0.8636
63	0.8786
64	0.8320
69	0.8593
85	0.8146
107	0.7737
123	0.7629
143	0.7775
145	0.7853
152	0.8440
160	0.8382
233	0.7243
240	0.7839
264	0.8239
265	0.7165
274	0.7721
286	0.7796
296	0.8142
335	0.7533
396	0.7983
415	0.7878
420	0.7208
470	0.7478
503	0.7356
514	0.7526
573	0.7111
615	0.6459
624	0.7330
639	0.7407
722	0.6702
723	0.6691
729	0.6837
755	0.5875
788	0.6423
817	0.6844
838	0.7088
970	0.6185
1004	0.6470
1021	0.6181
15	0.8944
21	0.8915
29	0.8294
55	0.8352
73	0.8436
93	0.7987
108	0.7954
114	0.8260
121	0.7913
127	0.8263
136	0.7391
148	0.8174
185	0.8022
194	0.8038
208	0.7739
210	0.7796
235	0.7631
272	0.7997
278	0.7346
295	0.7591
326	0.7741
328	0.7544
329	0.7898
351	0.6383
361	0.6220
372	0.7044
455	0.6745
511	0.6992
530	0.6388
593	0.6962
632	0.6811
669	0.6194
704	0.7501
724	0.6162
727	0.6587
790	0.7264
997	0.6695
67	0.7888
81	0.8257
91	0.8335
119	0.8485
167	0.7798
168	0.8321
202	0.7943
226	0.7975
232	0.6944
266	0.7778
318	0.6813
325	0.6748
352	0.7003
371	0.7332
382	0.7034
439	0.7040
537	0.6747
594	0.7524
602	0.6790
612	0.6433
620	0.6695
684	0.6922
685	0.6515
745	0.6418
754	0.6886
796	0.6764
830	0.6577
831	0.6185
844	0.6431
861	0.6939
868	0.6333
886	0.6723
954	0.6602
1018	0.5781
41	0.8103
47	0.8596
60	0.8991
68	0.8085
117	0.8848
155	0.7386
164	0.7058
173	0.8050
243	0.7134
260	0.7996
336	0.7465
362	0.7659
412	0.6980
419	0.7656
445	0.6563
479	0.6745
501	0.6888
536	0.7232
545	0.6923
601	0.7103
606	0.6975
636	0.6891
716	0.6834
728	0.7015
812	0.6031
863	0.7266
945	0.6471
948	0.6421
984	0.6607
50	0.8901
62	0.8208
65	0.8751
70	0.7518
75	0.8952
76	0.8054
104	0.8076
129	0.7877
130	0.8109
159	0.8156
174	0.8478
184	0.7185
205	0.7275
275	0.6800
277	0.6586
346	0.8144
458	0.5803
510	0.7592
515	0.6216
516	0.6696
712	0.6490
763	0.6648
821	0.5531
1010	0.6336
43	0.7919
46	0.8874
58	0.8668
82	0.8028
111	0.8160
217	0.7001
225	0.7306
228	0.7206
247	0.7437
259	0.7905
319	0.7500
349	0.7389
406	0.7616
463	0.7069
495	0.6327
504	0.6415
506	0.6653
524	0.6379
525	0.7436
583	0.7299
588	0.6562
791	0.6780
824	0.6193
836	0.6686
32	0.9223
38	0.9040
84	0.8726
95	0.7480
131	0.8650
138	0.8413
142	0.7889
147	0.8401
177	0.7281
179	0.7055
193	0.7432
204	0.7662
304	0.7940
306	0.6389
321	0.7629
334	0.7283
421	0.7795
429	0.7283
452	0.6860
487	0.6604
559	0.7270
616	0.6409
623	0.6658
630	0.7282
698	0.6834
715	0.6558
769	0.6857
947	0.6861
962	0.6509
979	0.6434
1020	0.6550
42	0.9264
53	0.8415
78	0.8723
102	0.8438
150	0.8326
178	0.8065
188	0.7651
214	0.7920
231	0.7396
317	0.7597
342	0.6688
353	0.7043
358	0.7616
403	0.6949
423	0.6484
440	0.7273
526	0.7315
562	0.6474
567	0.6252
579	0.6899
580	0.6499
738	0.6556
833	0.6354
853	0.6030
20	0.8285
77	0.8828
99	0.7112
110	0.7065
199	0.7974
223	0.8028
242	0.6623
397	0.6988
570	0.6163
635	0.7155
972	0.6359
230	0.7266
261	0.7509
661	0.6038
756	0.6032
805	0.6082
851	0.6616
905	0.6920
1012	0.6501
106	0.6979
151	0.6875
270	0.7732
287	0.6838
309	0.8028
369	0.7540
485	0.6882
643	0.6531
649	0.6403
828	0.6606
999	0.5752
80	0.7518
98	0.7703
100	0.8151
125	0.8492
172	0.8753
191	0.7283
227	0.7448
284	0.6263
379	0.6406
428	0.7623
529	0.6826
533	0.6512
731	0.6859
759	0.6415
765	0.5643
823	0.6773
842	0.5816
955	0.6616
982	0.5891
985	0.6290
1009	0.6587
1019	0.6316
56	0.7579
61	0.8906
66	0.8180
96	0.8163
133	0.8077
140	0.7464
283	0.8079
302	0.6930
315	0.7702
341	0.6791
388	0.6000
408	0.6588
468	0.6049
483	0.6813
551	0.6423
658	0.6986
691	0.6158
714	0.5806
776	0.6657
816	0.7238
859	0.6867
877	0.6680
86	0.8568
340	0.6464
373	0.6937
556	0.5511
566	0.6954
592	0.6771
656	0.5593
768	0.5717
777	0.5894
961	0.6020
207	0.7960
300	0.6961
497	0.6575
522	0.6790
611	0.7054
628	0.6499
752	0.7054
806	0.6826
869	0.6473
161	0.7264
170	0.7240
486	0.6548
762	0.6845
848	0.6196
1000	0.6255
88	0.8594
139	0.8405
201	0.8012
216	0.7271
251	0.7323
271	0.7250
282	0.7207
294	0.7288
356	0.8014
374	0.6708
394	0.6895
576	0.6804
696	0.6322
711	0.7216
751	0.6764
819	0.6228
829	0.6765
927	0.6321
942	0.6429
90	0.8347
135	0.8116
163	0.6385
222	0.7141
339	0.6533
648	0.5649
654	0.7184
784	0.5725
795	0.6108
450	0.6482
474	0.6052
523	0.6230
835	0.5107
149	0.6391
213	0.6514
320	0.5822
689	0.6390
874	0.5918
891	0.5930
354	0.7391
40	0.8428
92	0.8029
156	0.7609
206	0.6571
305	0.7263
314	0.7118
377	0.6236
619	0.5753
257	0.7624
330	0.6298
938	0.6156
550	0.6473
586	0.6554
664	0.5004
153	0.7850
246	0.6744
273	0.7041
322	0.6992
466	0.6432
771	0.5617
820	0.5544
996	0.5846
128	0.7329
241	0.7128
348	0.5616
366	0.6531
813	0.5796
454	0.6904
542	0.5785
674	0.6630
51	0.8645
83	0.8145
103	0.7377
187	0.7535
427	0.6952
467	0.6918
633	0.6847
678	0.6244
862	0.6041
899	0.4945
196	0.8109
392	0.6847
424	0.7185
505	0.6608
735	0.5486
878	0.6505
918	0.6271
920	0.6018
1024	0.6270
198	0.8459
292	0.7284
310	0.6999
393	0.6303
534	0.6678
546	0.6553
671	0.6906
692	0.6020
725	0.6582
879	0.6345
915	0.6037
922	0.7026
957	0.6161
1025	0.6019
221	0.7328
837	0.6375
935	0.5246
252	0.7642
258	0.7581
267	0.7390
276	0.7123
280	0.6461
288	0.6842
363	0.7594
375	0.7057
378	0.6103
605	0.6660
644	0.6155
702	0.6442
707	0.6384
841	0.6448
880	0.5912
890	0.6168
1011	0.5330
607	0.5892
650	0.5106
269	0.7009
574	0.6543
577	0.5998
631	0.6442
604	0.5825
887	0.5214
132	0.7183
218	0.6784
344	0.6920
389	0.6640
459	0.6558
673	0.5651
825	0.6203
846	0.6147
896	0.6374
941	0.5671
992	0.6451
748	0.5917
881	0.5846
973	0.5308
987	0.5698
316	0.6877
572	0.5988
596	0.5922
864	0.4562
1007	0.5596
355	0.6529
398	0.6965
587	0.5065
89	0.7419
141	0.7599
146	0.7555
250	0.7850
323	0.7416
413	0.7373
460	0.6903
610	0.7083
621	0.6171
660	0.6421
850	0.5646
875	0.5995
904	0.6549
924	0.6191
958	0.6235
983	0.5873
1016	0.5710
578	0.5753
343	0.6264
360	0.6021
97	0.8177
437	0.7067
581	0.6402
873	0.6318
953	0.6199
512	0.5960
540	0.5824
614	0.5135
732	0.5923
940	0.5967
976	0.5264
290	0.7294
293	0.5990
634	0.5614
720	0.5091
743	0.5837
770	0.5726
865	0.5758
367	0.6939
560	0.6490
717	0.6476
750	0.5449
965	0.5648
975	0.5420
238	0.7560
350	0.7244
370	0.6141
494	0.5470
520	0.5794
670	0.6362
118	0.6525
451	0.6281
584	0.6394
617	0.6094
681	0.5863
840	0.5228
402	0.6346
477	0.6023
737	0.5337
815	0.6122
986	0.5642
255	0.5730
749	0.5585
807	0.5930
906	0.5355
849	0.5894
871	0.5624
268	0.5345
189	0.7436
236	0.7728
245	0.6949
431	0.6343
433	0.6911
434	0.7375
548	0.6091
668	0.6430
782	0.5786
885	0.6411
1023	0.5439
234	0.7611
249	0.6978
582	0.6305
642	0.6014
719	0.6073
200	0.8169
212	0.6729
332	0.6389
558	0.6249
253	0.7063
443	0.5934
513	0.5712
518	0.6694
528	0.6144
688	0.6012
697	0.5825
708	0.5435
733	0.6097
902	0.6211
907	0.5784
1013	0.6125
105	0.7076
203	0.6710
345	0.7520
405	0.6351
441	0.6371
554	0.7402
585	0.7197
659	0.6387
1005	0.6181
186	0.7144
303	0.5884
680	0.6081
713	0.5064
115	0.6818
298	0.6960
365	0.6323
411	0.6593
866	0.5455
951	0.5297
672	0.5965
224	0.7121
480	0.5451
622	0.5951
647	0.5411
683	0.6180
792	0.6045
990	0.5898
625	0.5956
1008	0.6127
347	0.5617
357	0.6828
368	0.7431
442	0.5937
457	0.5798
761	0.5355
701	0.4282
409	0.6627
436	0.7000
872	0.5486
919	0.5579
928	0.5506
120	0.6196
211	0.7729
758	0.5870
774	0.5919
964	0.5842
426	0.5919
794	0.5612
989	0.5142
237	0.7313
438	0.6582
909	0.5686
638	0.5471
705	0.5578
740	0.5616
690	0.5790
703	0.5386
936	0.4893
967	0.4700
387	0.7001
469	0.5469
472	0.5573
500	0.6013
818	0.4795
220	0.7094
308	0.5509
547	0.6878
709	0.6225
181	0.6410
741	0.4925
444	0.5870
508	0.7608
538	0.6054
595	0.6200
694	0.5222
946	0.4668
1006	0.5313
195	0.6715
262	0.6493
430	0.7205
553	0.6244
158	0.7563
215	0.6526
416	0.6884
590	0.5832
637	0.5740
978	0.5931
753	0.4547
860	0.5157
481	0.4907
893	0.5127
943	0.5860
926	0.4900
312	0.5422
391	0.7039
456	0.6155
532	0.6043
591	0.4863
801	0.5178
1015	0.5417
478	0.6115
808	0.5697
410	0.5962
925	0.5599
307	0.6711
802	0.5547
311	0.5513
417	0.6872
599	0.4507
448	0.6047
939	0.5506
980	0.4469
932	0.5052
462	0.5885
883	0.5633
695	0.6146
742	0.5496
422	0.6240
473	0.6138
565	0.5926
395	0.6467
519	0.7138
589	0.6047
843	0.5760
949	0.5319
471	0.6071
775	0.4925
793	0.5872
956	0.5613
399	0.5860
764	0.5373
655	0.4736
797	0.4792
950	0.5221
385	0.6748
682	0.5576
888	0.5476
521	0.5577
557	0.5713
977	0.4670
407	0.6811
867	0.5619
376	0.5246
799	0.4770
822	0.5510
449	0.5227
597	0.5300
855	0.5623
974	0.5663
256	0.5272
786	0.5838
913	0.6063
898	0.5584
971	0.4821
959	0.5392
783	0.5257
386	0.6106
447	0.6012
482	0.5553
699	0.5850
721	0.5611
908	0.5918
651	0.4855
778	0.5149
629	0.4734
488	0.4619
826	0.5138
895	0.4824
666	0.5070
564	0.4954
539	0.6214
773	0.5528
827	0.5585
963	0.4363
338	0.6847
491	0.6891
914	0.5678
476	0.5778
780	0.4823
645	0.5847
464	0.5923
746	0.6038
856	0.5698
693	0.6045
988	0.5386
404	0.5743
527	0.4708
299	0.5281
1003	0.4359
543	0.5083
502	0.5666
803	0.5909
1022	0.4694
726	0.5456
736	0.4840
781	0.4962
609	0.6259
700	0.5150
667	0.4499
789	0.5943
903	0.4449
916	0.4787
847	0.4551
432	0.6409
677	0.4984
535	0.5834
744	0.4910
930	0.4073
734	0.5284
730	0.4229
852	0.4896
810	0.4644
465	0.6014
418	0.6338
627	0.4596
809	0.4553
995	0.4524
892	0.4493
960	0.5397
608	0.4990
811	0.4572
687	0.5579
757	0.5071
598	0.4839
641	0.5583
923	0.4738
492	0.4751
952	0.4912
917	0.5200
400	0.6536
911	0.5501
901	0.4085
490	0.5424
517	0.4560
739	0.5498
1017	0.4678
600	0.6631
679	0.5010
798	0.5481
858	0.5223
933	0.4613
912	0.4964
1026	0.5069
900	0.3995
994	0.4749
653	0.4509
640	0.4668
857	0.4070
676	0.5556
563	0.4768
966	0.3691
766	0.4401
929	0.4732
785	0.5175
767	0.4546
968	0.3516
991	0.5540
981	0.4950
897	0.3883
686	0.4043
662	0.4616
1014	0.5426
657	0.4669
969	0.3111
944	0.3572
998	0.3077
