0	0.9584
1	0.9522
2	0.7010
3	0.9573
4	0.9439
5	0.9446
7	0.9480
8	0.9240
9	0.9387
11	0.9334
12	0.9400
14	0.8924
15	0.9117
16	0.9335
20	0.9393
21	0.9289
23	0.8904
24	0.8934
34	0.9000
35	0.9039
36	0.9217
37	0.8991
38	0.9150
43	0.8861
44	0.9047
59	0.8471
72	0.8584
81	0.8136
93	0.8407
119	0.8387
139	0.8000
148	0.7710
149	0.8251
185	0.7795
188	0.7535
203	0.8565
218	0.7595
244	0.8118
262	0.8128
264	0.8370
266	0.8415
278	0.7218
280	0.8028
299	0.8224
322	0.8016
329	0.7453
346	0.7670
354	0.7736
368	0.7322
434	0.7446
438	0.7904
443	0.7551
479	0.7471
482	0.7946
494	0.7383
520	0.7005
538	0.7145
555	0.7472
578	0.7572
581	0.7382
592	0.7431
621	0.7729
630	0.7774
647	0.7105
667	0.7056
668	0.7665
720	0.7345
742	0.7136
745	0.7523
768	0.6858
784	0.7613
791	0.6569
798	0.6817
830	0.6846
872	0.6818
917	0.6898
976	0.6929
6	0.9472
10	0.9326
17	0.9138
19	0.9213
26	0.9253
63	0.8814
71	0.8979
74	0.8280
86	0.7998
101	0.7668
116	0.7717
125	0.7393
132	0.8063
154	0.6985
166	0.8547
180	0.7975
184	0.8407
211	0.8106
221	0.8027
238	0.7714
242	0.7641
249	0.7962
253	0.6862
281	0.7989
285	0.7137
304	0.8053
315	0.7471
325	0.6822
344	0.7727
398	0.7056
412	0.7973
417	0.7428
421	0.6694
431	0.8082
444	0.7424
450	0.7323
458	0.7489
462	0.7340
464	0.7728
470	0.6441
501	0.7619
505	0.7303
508	0.7462
512	0.7352
522	0.7368
585	0.6367
588	0.7212
611	0.7498
613	0.7175
616	0.7161
622	0.6887
643	0.6674
656	0.6709
662	0.7132
701	0.6655
714	0.6760
757	0.7357
758	0.7511
770	0.6347
807	0.6370
884	0.6900
959	0.7397
968	0.6832
114	0.7126
241	0.7411
652	0.6233
947	0.4794
13	0.9117
18	0.9082
39	0.9104
40	0.8806
54	0.8709
55	0.8616
56	0.9144
61	0.8974
79	0.8306
91	0.8806
104	0.7961
118	0.8251
140	0.7746
141	0.7880
144	0.7344
146	0.8078
158	0.8700
159	0.8519
174	0.7938
177	0.7487
191	0.8299
199	0.8196
208	0.7322
215	0.8369
234	0.8262
236	0.7331
243	0.7156
248	0.7361
250	0.7956
293	0.8151
307	0.7509
323	0.7668
332	0.8049
340	0.7304
347	0.7754
357	0.7632
387	0.7117
401	0.7085
411	0.7254
511	0.7287
514	0.7214
523	0.7177
530	0.7118
546	0.7615
554	0.6904
574	0.6201
604	0.6954
612	0.6828
615	0.7183
632	0.6841
645	0.6959
650	0.7203
659	0.7864
687	0.7040
691	0.6149
776	0.7280
812	0.7407
817	0.7498
839	0.6707
844	0.6538
857	0.7269
908	0.6940
993	0.7061
1004	0.7173
22	0.8653
42	0.8203
89	0.8903
115	0.7906
122	0.8135
126	0.7195
176	0.7768
213	0.8203
225	0.8297
301	0.6673
358	0.7389
370	0.7156
380	0.7141
449	0.7349
463	0.7213
603	0.6763
624	0.7281
638	0.6772
642	0.7158
644	0.7353
702	0.6918
888	0.6321
905	0.6503
931	0.7002
967	0.6944
988	0.6763
32	0.8893
33	0.8785
52	0.8985
68	0.8883
82	0.8555
84	0.7866
102	0.8853
123	0.7569
145	0.7641
152	0.8284
168	0.7778
169	0.7161
197	0.8084
210	0.8002
229	0.7563
272	0.7445
273	0.7589
311	0.7950
314	0.6707
348	0.8135
351	0.7555
367	0.7601
379	0.6869
403	0.6342
442	0.7347
475	0.6392
480	0.6278
481	0.6912
488	0.6827
495	0.6701
519	0.6905
553	0.7393
575	0.6901
627	0.6891
676	0.6332
754	0.6858
759	0.6910
772	0.6932
822	0.6310
827	0.6520
850	0.6527
901	0.6888
907	0.6590
928	0.6300
936	0.6321
46	0.9016
57	0.8877
62	0.8350
64	0.8724
66	0.8055
73	0.8853
90	0.8437
95	0.7080
112	0.7857
134	0.7737
136	0.7854
137	0.8350
142	0.8058
193	0.7901
204	0.7615
259	0.7740
303	0.7156
324	0.8158
334	0.6922
337	0.7660
406	0.6889
415	0.7772
445	0.7608
485	0.7546
493	0.7505
540	0.6457
620	0.6743
623	0.6560
628	0.7060
665	0.6895
680	0.6428
689	0.6694
717	0.7551
734	0.6798
793	0.7316
836	0.7661
894	0.7042
910	0.7064
25	0.8935
31	0.9106
51	0.8859
58	0.8760
77	0.8350
98	0.7883
111	0.8204
151	0.7763
186	0.7911
216	0.8135
219	0.7713
223	0.7241
240	0.8160
265	0.7009
282	0.7815
286	0.7516
287	0.7540
292	0.7599
298	0.6626
310	0.7913
363	0.7655
453	0.7391
506	0.7042
513	0.7577
602	0.7613
646	0.7335
664	0.7430
703	0.7148
769	0.6542
778	0.7044
896	0.7073
904	0.7054
948	0.6593
973	0.6726
1006	0.6590
65	0.7109
206	0.7743
389	0.6700
400	0.6865
436	0.7116
700	0.6325
731	0.5982
733	0.7088
737	0.6997
752	0.6290
845	0.7025
919	0.6784
28	0.9087
30	0.8622
53	0.8307
69	0.9027
78	0.7183
92	0.8575
133	0.8211
150	0.7798
160	0.7493
164	0.7336
228	0.7376
231	0.7162
233	0.7470
252	0.8298
321	0.6666
328	0.7078
392	0.7349
404	0.7755
437	0.6601
448	0.7277
518	0.7225
560	0.7015
593	0.7513
595	0.7316
614	0.7255
724	0.7333
831	0.6188
854	0.6800
897	0.6485
899	0.6747
958	0.6943
979	0.5992
998	0.6271
27	0.8552
67	0.8103
70	0.7831
110	0.8019
165	0.8154
200	0.7588
217	0.7184
232	0.7827
271	0.7756
316	0.7373
371	0.6925
429	0.7122
432	0.6989
527	0.7613
550	0.6494
580	0.6589
598	0.6842
640	0.6532
722	0.6498
725	0.6295
797	0.6045
842	0.5820
963	0.6362
983	0.6626
29	0.8646
47	0.7587
109	0.8317
128	0.7521
143	0.7232
172	0.8722
239	0.7141
327	0.6902
541	0.6475
557	0.6707
663	0.7196
771	0.7112
833	0.6546
868	0.6498
877	0.5811
880	0.6369
969	0.6695
99	0.7669
103	0.8953
105	0.8505
130	0.7107
156	0.8705
173	0.7306
198	0.6855
222	0.7916
274	0.7400
339	0.7925
384	0.7543
503	0.7037
618	0.6480
635	0.6653
708	0.6596
735	0.7200
789	0.6186
792	0.5822
866	0.6361
895	0.6726
911	0.7125
992	0.6318
179	0.7704
291	0.7951
333	0.6508
362	0.6451
376	0.7120
499	0.6706
552	0.6153
605	0.6565
686	0.6489
743	0.6197
869	0.6304
951	0.6111
161	0.7818
391	0.6090
465	0.7260
536	0.6122
589	0.5604
625	0.6862
712	0.5539
777	0.6067
863	0.6802
878	0.7196
121	0.8662
207	0.6303
268	0.7485
359	0.5973
396	0.6106
461	0.8191
535	0.6871
572	0.6980
736	0.6306
808	0.6197
933	0.5796
41	0.8401
48	0.8875
97	0.8163
155	0.7554
167	0.8249
279	0.7966
289	0.7271
353	0.7332
360	0.6466
426	0.7155
457	0.7301
569	0.6815
570	0.6738
633	0.6735
694	0.5754
786	0.7158
801	0.6328
819	0.6206
909	0.6076
930	0.6729
977	0.7239
76	0.8015
171	0.6866
183	0.6601
245	0.7624
355	0.7473
356	0.7090
361	0.8295
382	0.6473
393	0.7581
430	0.6670
507	0.6274
545	0.6181
774	0.6744
927	0.6056
978	0.6219
88	0.8198
108	0.8326
120	0.7303
254	0.6799
891	0.5897
113	0.8022
246	0.7635
267	0.7849
343	0.5950
420	0.6946
532	0.6544
681	0.6032
922	0.6396
49	0.8025
85	0.8513
127	0.7913
209	0.7517
270	0.8289
276	0.7485
277	0.6898
309	0.8069
313	0.6623
335	0.7570
395	0.7109
397	0.7091
423	0.7133
591	0.6940
597	0.7077
658	0.6504
803	0.5999
914	0.6424
970	0.5829
975	0.6219
985	0.6845
106	0.7494
117	0.7422
178	0.8496
230	0.7389
237	0.6829
295	0.7133
342	0.6878
416	0.6791
424	0.6875
478	0.6091
558	0.6022
561	0.6227
637	0.6080
744	0.6543
782	0.6321
840	0.6231
843	0.6282
915	0.6610
938	0.5576
964	0.6751
1002	0.6902
87	0.8133
326	0.5919
330	0.7266
345	0.7480
383	0.5389
407	0.6374
456	0.6845
875	0.6203
925	0.5646
205	0.6810
308	0.7966
966	0.5950
45	0.8308
100	0.8331
131	0.6917
296	0.6655
350	0.6989
498	0.5830
974	0.6256
1005	0.5513
182	0.7433
192	0.7214
451	0.6246
460	0.6483
471	0.6287
751	0.6227
826	0.5991
929	0.5509
50	0.6518
157	0.7189
181	0.8222
529	0.6470
631	0.6797
960	0.5382
410	0.7377
446	0.7062
517	0.6850
544	0.6372
590	0.6244
651	0.6447
657	0.6700
698	0.6505
761	0.6130
918	0.6341
981	0.6600
226	0.7930
576	0.5652
787	0.5608
124	0.6797
349	0.6971
385	0.6123
699	0.6151
80	0.8015
170	0.7403
247	0.6943
338	0.6238
710	0.6236
858	0.6463
873	0.5736
949	0.6800
965	0.5760
138	0.7940
352	0.6228
439	0.6404
626	0.6803
331	0.7508
739	0.5449
107	0.7772
220	0.6780
374	0.6490
500	0.7085
551	0.6841
804	0.6442
810	0.5896
195	0.7834
196	0.7865
441	0.6385
469	0.6885
675	0.6702
788	0.5774
60	0.8436
94	0.8154
269	0.6775
318	0.6880
369	0.6937
433	0.6778
490	0.6640
726	0.6087
816	0.6775
820	0.5974
838	0.6476
876	0.5533
934	0.5288
954	0.5896
297	0.8207
320	0.6321
388	0.6743
425	0.6814
428	0.5933
906	0.6058
916	0.6527
955	0.6227
982	0.5579
162	0.7397
257	0.6532
302	0.7741
372	0.6736
377	0.7022
390	0.6251
408	0.7690
413	0.6679
846	0.5876
881	0.6751
129	0.8134
135	0.7057
202	0.7176
283	0.6810
399	0.7072
543	0.6445
729	0.6907
886	0.5264
920	0.5618
189	0.7048
756	0.6088
795	0.5183
317	0.7762
483	0.6159
678	0.6564
716	0.6390
175	0.6458
813	0.5522
163	0.7332
255	0.7879
263	0.6913
629	0.6516
666	0.6512
818	0.6378
849	0.6133
856	0.5758
898	0.6265
923	0.5984
991	0.6689
147	0.7093
194	0.7514
375	0.5725
594	0.6166
941	0.5539
251	0.7442
636	0.5856
653	0.6046
785	0.5896
986	0.5914
83	0.8074
201	0.7959
422	0.6194
610	0.5636
783	0.5770
75	0.8143
900	0.5426
284	0.5523
502	0.7139
562	0.5871
312	0.6061
489	0.6785
491	0.6956
537	0.6769
573	0.6280
713	0.5746
715	0.6434
738	0.6668
996	0.5817
950	0.5261
473	0.6113
531	0.5672
559	0.6321
855	0.5845
96	0.6986
579	0.6484
806	0.6258
190	0.8066
258	0.7647
275	0.7075
319	0.6721
775	0.6809
834	0.6303
879	0.5876
893	0.6456
256	0.6807
435	0.6503
767	0.5781
999	0.5829
1003	0.6057
468	0.6082
577	0.6473
619	0.6776
765	0.5465
766	0.5726
794	0.5330
187	0.6622
454	0.4772
829	0.4673
607	0.5929
677	0.5832
824	0.5757
466	0.6187
547	0.6338
571	0.6033
402	0.6280
524	0.6467
525	0.6829
539	0.6192
718	0.6252
796	0.6105
953	0.5559
946	0.5323
608	0.5814
617	0.5550
805	0.5604
851	0.5573
939	0.5841
971	0.5383
153	0.8264
224	0.6631
452	0.5881
455	0.7164
477	0.7235
542	0.5812
705	0.5775
867	0.5618
890	0.5957
913	0.5605
294	0.6378
227	0.6533
762	0.6126
865	0.5963
903	0.5708
563	0.5891
584	0.6327
600	0.5818
874	0.5373
994	0.5938
235	0.6480
837	0.4832
548	0.5296
750	0.5396
427	0.6024
386	0.5654
394	0.6897
599	0.5748
989	0.5049
655	0.5192
496	0.5488
711	0.6211
760	0.5628
997	0.5121
719	0.6093
486	0.6737
609	0.4848
684	0.5708
671	0.6302
672	0.5484
534	0.5461
556	0.6137
721	0.5942
832	0.6338
861	0.5882
972	0.6156
748	0.6808
883	0.6053
516	0.5450
405	0.6086
885	0.5336
212	0.7478
601	0.5406
693	0.5443
944	0.5508
952	0.5313
862	0.5628
447	0.5626
290	0.6366
300	0.6298
583	0.5087
814	0.5429
980	0.5882
336	0.6546
378	0.6457
564	0.5942
634	0.5921
459	0.7349
476	0.6421
673	0.7051
696	0.6476
732	0.5973
823	0.6246
902	0.6228
815	0.5745
414	0.6493
492	0.6400
740	0.5387
341	0.6352
688	0.6344
728	0.5699
692	0.5723
723	0.5479
587	0.5381
306	0.7443
690	0.5317
648	0.5616
935	0.5394
474	0.6032
381	0.6669
990	0.5101
214	0.8043
418	0.5681
596	0.5591
669	0.5950
859	0.6029
773	0.5007
956	0.5212
288	0.6096
606	0.5346
697	0.5673
912	0.5168
261	0.6384
549	0.6320
755	0.5015
828	0.5157
932	0.5010
373	0.6360
260	0.6612
747	0.5580
825	0.4449
366	0.7309
802	0.5406
864	0.5442
582	0.5256
835	0.5342
753	0.5038
860	0.5189
892	0.5284
515	0.5931
528	0.5015
639	0.5363
871	0.4672
882	0.5536
887	0.5641
763	0.5397
987	0.4727
764	0.5415
674	0.4961
440	0.7340
660	0.6925
852	0.5271
682	0.5813
746	0.5094
567	0.5704
707	0.5539
661	0.5440
957	0.5712
419	0.4991
526	0.5841
926	0.5647
305	0.6989
654	0.5846
961	0.4952
685	0.5201
467	0.5474
649	0.5891
809	0.4715
487	0.5778
409	0.5820
586	0.5701
364	0.6139
679	0.4953
566	0.4710
995	0.4239
670	0.5532
779	0.5198
962	0.5024
509	0.5476
521	0.7189
937	0.4943
365	0.5437
472	0.5703
811	0.5030
695	0.5144
741	0.5230
510	0.5611
641	0.5683
924	0.5250
504	0.4689
497	0.6092
704	0.6257
945	0.5274
730	0.4749
484	0.4808
565	0.6267
847	0.5294
984	0.4118
870	0.5964
841	0.6015
533	0.5189
799	0.4201
1001	0.4826
800	0.5091
942	0.4591
853	0.4265
940	0.4456
568	0.6035
1000	0.5598
683	0.4539
780	0.4629
709	0.4949
790	0.5302
706	0.4668
821	0.4635
727	0.4954
781	0.4632
749	0.3871
848	0.4293
943	0.4473
921	0.3773
889	0.4347
