0	16.985095283926842
1	17.826701636188634
2	14.889717035611135
3	17.29251203079882
4	18.274017324350318
6	18.033137632338786
7	18.0631029836381
8	18.254604427333962
9	18.065118383060643
15	17.27231953801733
16	17.492999999999974
17	17.901459095283926
19	17.653267564966303
26	17.846687199230026
30	17.959037536092417
35	17.27456785370548
39	17.631718960538947
43	17.124907603464845
50	17.706076997112596
55	17.820948026948983
57	17.354769971126068
59	16.667301251203053
62	17.181747834456207
63	17.164146294513944
64	16.318218479307
67	18.162891241578425
72	17.38010875842156
75	17.639204042348393
84	17.23321174205966
85	17.327998075072188
88	17.68628970163619
89	17.602046198267562
98	17.114135707410952
99	17.389641000962467
101	17.436838306063567
104	17.44787680461984
113	17.048362848893177
115	16.891747834456194
139	17.422314725697756
148	17.532848893166484
149	17.69910490856591
159	17.020989412897
167	17.657844080846964
170	17.06105678537053
175	17.933892204042312
187	17.41689412897016
195	17.49824157844081
222	17.196463907603466
250	17.43968719923002
254	16.523804619826727
262	16.364880654475446
281	16.32593647738207
286	16.847620789220386
297	17.476688161693918
303	17.29472762271413
304	16.886341674687195
320	16.883907603464873
324	17.36662752646776
327	17.539396535129928
364	16.297691049085635
365	15.947589990375343
366	17.110164581328185
379	16.506971126082764
387	16.625542829643873
400	17.479234841193435
402	16.56665640038498
409	17.29056111645814
432	17.834252165543802
447	17.78125890279115
450	17.236410972088557
462	16.142956689124123
468	17.04936381135709
484	16.616340712223263
488	16.668186717998065
495	16.902575553416753
507	16.96276515880653
533	17.64000481231955
540	17.278107795957663
548	16.676276227141486
549	16.89648700673723
556	16.936655437921058
596	16.671088546679496
609	16.239298363811358
619	17.65320019249279
643	16.08913378248316
716	16.423483156881595
721	17.27463426371512
748	15.999891241578435
770	16.407374398459996
772	16.935440808469675
791	16.762816169393652
795	16.478230028873913
806	16.576252165543778
807	16.093870067372468
812	17.401535129932633
833	17.085475457170364
864	16.47045139557267
885	16.257918190567814
891	16.963986525505288
897	16.42755341674685
901	16.552118383060648
936	16.416596727622704
963	16.077267564966306
967	16.29331953801731
979	16.33387584215594
1004	16.26368046198266
5	18.74375553416745
11	18.10047738209818
13	18.38795765158808
21	18.289062560153972
22	17.89652935514915
24	18.146581328200178
25	17.8532646775746
28	17.889214629451363
31	17.809692011549547
36	18.211396535129918
37	17.873293551491795
38	17.604421559191536
41	17.827809432146296
47	17.74686140519731
53	17.41455149181903
58	17.580338787295474
69	17.850510105871017
103	17.645143407122234
105	17.941187680462004
114	17.754474494706447
118	17.255167468719925
125	17.61287006737246
132	17.223970163618855
134	17.339351299326257
135	16.550017324350325
143	16.642155919153037
171	17.36757940327237
200	17.142107795957635
211	17.552032723772857
241	16.684973051010566
276	16.628501443695853
300	16.867774783445586
302	16.365882579403255
306	16.594910490856556
315	17.698675649663137
317	17.204240615976904
351	16.666307988450413
356	17.29257074109719
359	17.351524542829626
360	16.93322329162655
368	17.01404523580365
389	16.306376323387884
403	16.63806159769007
412	16.497347449470638
414	17.463736284889308
416	16.339939364773794
427	17.217126082771898
435	16.59146775745908
443	16.817439846005776
446	16.53028970163619
463	16.82894802694897
473	17.33296053897977
476	16.035861405197284
477	17.114991337824815
493	16.212449470644827
509	16.28527430221365
536	16.989239653512985
539	16.961141482194414
553	17.051564003849855
567	17.10664966313761
578	16.533331087584223
603	16.870517805582306
614	16.65952646775744
618	17.052957651588052
625	17.531565928777674
634	16.82800962463905
654	16.11218479307023
656	16.49784793070259
659	17.468200192492763
660	17.36184119345522
664	16.688911453320493
684	17.61487776708372
685	16.328837343599602
693	17.444809432146293
707	16.240878729547646
718	15.986924927815195
732	16.18812223291625
734	17.06773435996151
738	17.67762175168431
751	17.154327237728584
827	15.763344562078899
829	16.55304331087584
831	16.69122617901829
844	16.751839268527412
851	16.725384985563007
856	16.46722329162657
857	16.005435033686215
858	16.00009817131856
861	16.060333012512025
865	16.807439846005764
871	16.92217420596729
875	17.207071222329162
879	16.107126082771885
900	16.16167853705485
915	16.435525505293548
918	16.38969586140519
931	17.036095283926848
974	16.417787295476423
999	16.11882194417707
1023	17.50369778633302
1036	15.843439846005769
10	18.571572666025023
14	18.112869104908583
20	18.550065447545723
29	18.126210779595763
34	17.468408084696822
45	17.77981905678536
60	17.236271414821953
65	17.423596727622705
83	17.840948989412905
130	17.2916467757459
160	16.93427045235802
164	17.207380173243486
179	16.226299326275264
253	17.066952839268534
273	16.755306063522596
325	17.611737247353226
335	16.656236766121253
375	17.102027911453323
429	16.81009335899903
434	16.167472569778624
554	17.23753994225215
641	16.766804619826743
753	16.83388835418673
800	15.664147256977857
801	17.413584215591914
817	15.851548604427311
845	16.80078055822906
895	15.71604427333975
896	16.722123195380195
929	15.91562945139556
12	18.597845043310876
27	18.141456207892215
66	17.844616939364773
68	17.06311934552455
91	17.59250048123194
208	16.284992300288714
230	16.015652550529328
287	16.64495861405196
296	17.343434071222305
308	16.85055052935512
316	16.63248604427335
355	16.847502406159766
397	17.275641000962462
405	17.412975938402322
411	16.567436958614053
438	16.937769971126077
455	16.958283926852722
460	16.735267564966286
524	16.77670259865252
591	16.309648700673698
640	15.68900962463904
663	15.49470259865255
735	16.580199230028835
920	15.931661212704524
924	16.042969201154975
947	16.876925890279114
988	16.28456977863328
1034	16.632150144369568
42	17.796818094321434
56	17.837554379210793
70	17.12702694898942
76	18.05354860442733
92	17.358511068334927
95	17.267769971126075
97	16.561407122232914
102	17.69278633301253
107	17.27269586140521
108	17.54716746871993
112	17.6586082771896
116	17.430758421559197
124	17.680864292589007
137	17.21403946102018
145	17.151911453320494
153	17.012592877767066
189	16.63626082771897
199	15.772728585178037
202	16.575590952839264
207	16.691699711260856
247	16.6107459095284
322	16.99768238691049
350	16.824633301251215
363	15.666459095283898
377	16.811235803657357
407	17.041575553416738
451	17.110356111645782
453	16.918135707410986
467	16.597814244465816
546	17.22401732435035
559	16.22813859480269
586	15.934827718960534
621	16.422546679499504
647	16.796487969201156
666	16.882969201154935
698	16.681809432146288
708	17.252743984600546
725	16.330538979788248
740	15.953157844080822
798	16.56301443695862
819	16.358288739172263
863	16.558066410009612
933	16.283847930702578
1002	17.017860442733397
1007	15.65410972088544
1008	16.610425409047153
1017	16.59405389797881
1037	16.32554475457172
48	17.48129740134743
49	17.497060635226177
73	17.378787295476428
90	17.59536381135707
146	17.076769008662165
151	17.84468046198267
158	17.320560153994183
218	17.108531280076996
219	17.42356400384985
224	15.784245428296432
227	17.276896053897982
240	15.800721847930681
242	17.23224927815206
252	17.11594513955726
264	16.996356111645778
267	17.246877767083735
288	17.831543792107826
299	17.143961501443695
323	17.47601154956689
329	16.81278344562078
373	17.142051010587117
433	16.710730510105865
439	17.324025024061584
457	16.419015399422523
472	16.774615014436982
489	16.738289701636205
501	17.282450433108743
510	17.007326275264685
521	17.41251491819059
529	16.82820307988451
543	16.548147256977852
600	16.81465158806545
636	16.88142925890277
644	16.42196342637151
671	16.08909528392685
694	16.882223291626545
701	15.532817131857522
704	16.55364292589024
747	16.49546583253127
810	16.28248604427332
847	16.710022136669867
862	15.746275264677568
956	16.584782483156857
995	16.508156881616916
1010	16.045603464870045
18	18.143605389797894
23	17.943109720885467
32	17.787438883541867
46	17.79268719923002
81	17.30169874879691
106	17.590170356111642
174	17.33872954764197
257	17.27085466794996
265	17.23388931665063
290	16.875478344562076
342	16.994214629451406
401	17.11116554379211
442	16.93817420596727
479	16.562416746871996
490	16.43025601539945
587	17.259994225216538
622	16.97743984600579
722	16.36866025024061
804	16.981524542829636
51	17.71784023099133
77	17.500619826756488
128	17.672034648700684
144	17.572667949951867
166	17.45457844080847
215	17.907201154956706
233	17.482919153031762
249	17.11111357074111
259	17.264233878729552
260	16.39017035611163
261	16.802399422521653
353	16.83302502406158
395	17.074842155919143
419	16.531634263715084
440	16.692922040423454
469	16.869949951876794
485	17.08112608277186
581	16.7705697786333
589	16.07969297401345
626	16.90206641000963
650	17.06758806544755
652	16.378984600577468
709	16.86123195380173
764	16.30169874879691
765	16.13447256977862
775	15.571236766121261
777	16.689452358036586
786	15.581364773820964
823	17.069419634263717
903	16.36408854667947
907	15.602619826756504
942	16.373738209817134
33	18.165226179018298
138	17.34595091434071
161	16.337874879692002
185	15.886697786333013
291	16.60821174205967
330	16.979910490856597
526	16.87241963426373
561	17.398539942252185
577	16.69978537054861
605	15.912435996150151
676	16.592258902791137
111	17.800314725697802
119	17.770933589990364
126	17.120535129932644
136	17.165666987487963
201	17.01349759384023
244	17.091530317613074
517	16.327802694898935
607	16.406925890279123
678	16.979670837343605
713	16.701165543792108
759	16.322435996150134
769	16.517943214629437
805	15.660846005774776
953	15.986953801732437
74	17.370589990375382
94	18.0612800769971
133	18.03829932627527
246	16.80354860442733
321	17.40313185755534
326	16.069005774783438
417	16.123719923002874
445	17.18604619826758
537	16.61617228103946
606	17.284261790182885
688	16.02257747834453
902	16.648999037536083
932	16.18454186717999
951	16.711634263715094
40	17.781624639076046
52	18.09073147256978
78	17.405949951876792
96	17.480871992300283
141	17.474893166506252
152	17.89064196342637
156	17.693568816169407
194	16.850514918190566
203	17.60538402309913
204	17.232501443695874
205	17.408071222329156
206	17.42568623676611
216	17.09920789220406
226	16.799726660250233
231	17.020137632338773
251	17.3811414821944
268	17.155933589990365
274	17.014539942252178
292	17.080128970163628
312	16.73259769008662
313	16.954088546679507
328	17.549213666987512
384	16.50699807507218
398	16.60480076997112
437	17.221206929740138
542	15.903977863330097
547	16.572188642925884
557	16.35972954764199
562	16.333492781520672
566	16.518482194417686
648	15.651253128007685
686	16.423772858517797
761	16.486650625601534
776	16.91950048123195
821	15.414365736284875
830	16.363902791145325
836	16.85647064485078
850	16.696006737247345
955	16.567737247353215
1024	16.0108739172281
80	16.98447641963425
294	16.730251203079874
332	16.860493743984595
465	16.759946102021154
544	16.88461020211742
982	15.91510490856591
44	18.011897978825807
71	17.45250240615976
93	17.439498556304112
426	16.3516198267565
496	16.52171703561116
905	15.8492309913378
916	15.585893166506265
82	16.96460923965351
117	17.482160731472582
162	17.350256015399427
193	17.017407122232907
311	15.650178055822888
413	15.50544177093358
565	17.01292204042349
655	16.0924205967276
696	16.207533205004808
785	16.852564966313786
975	16.76881328200194
191	16.58695091434069
471	17.437128970163613
523	16.991790182868158
532	16.817384023099113
180	17.14577670837343
362	16.701205004812337
534	16.787153031761306
595	16.947881616939355
908	15.872250240615978
79	17.981578440808487
127	17.484290664100083
503	15.96582386910489
87	17.66475072184794
140	16.398149181905676
210	16.48531087584216
245	17.00665447545717
385	16.786510105871
386	17.195202117420607
390	17.029722810394617
564	16.616811357074113
1015	16.723220404234816
223	16.793887391722812
229	16.409279114533213
283	16.400674687199214
334	16.825236766121257
392	17.234093358999033
464	16.310579403272374
599	16.56731568816168
665	16.174060635226162
782	15.600525505293525
839	15.75057362848894
855	16.62614821944175
866	16.65741578440808
1020	15.879494706448497
86	17.43695091434072
100	16.999517805582297
109	17.870991337824805
110	17.41424254090474
142	17.293636188642925
225	17.47800866217516
243	16.99053031761311
301	16.746068334937426
309	16.60024254090469
423	17.01811068334936
558	17.465514918190596
611	16.84438691049084
617	16.38024542829644
758	16.874563041385954
780	17.008940327237706
803	17.085625601539945
944	16.672921077959582
946	15.643275264677568
1016	16.847111645813282
120	17.585349374398483
131	17.040745909528372
157	17.08799903753608
177	17.183499518768045
234	16.943922040423463
255	16.753750721847926
393	16.93404138594802
430	17.171229066410014
486	16.367055822906632
487	17.584153994225233
512	17.340568816169363
528	16.431804619826764
601	15.753722810394583
608	16.932378248315676
1019	16.9116092396535
310	16.76559287776709
497	15.809104908565926
702	15.851233878729532
155	17.496016361886426
169	16.477000962463887
212	16.892633301251205
343	17.294114533204986
369	16.509721847930706
396	17.64569201154956
570	16.623115495668912
638	16.32339749759385
949	16.180398460057745
289	16.467291626564
563	16.150616939364784
54	17.935040423484097
248	17.14976900866217
272	16.906798845043294
345	17.2730259865255
380	16.903581328200197
61	17.949857555341648
129	17.289806544754565
197	16.67633974975939
278	17.21838498556304
338	16.740430221366708
410	16.58501924927811
483	16.714828681424432
508	16.74785948026948
672	16.248308950914346
757	16.002779595765144
763	15.055478344562067
825	16.351032723772875
894	16.351101058710302
176	17.595767083734355
341	17.15985370548604
391	16.886831568816167
482	16.828084696823865
628	16.46870741097206
712	16.37325890279113
724	16.817534167468697
1033	16.506807507218472
183	17.5103070259865
192	16.851469682386917
520	15.846577478344548
574	16.161279114533205
594	16.22731953801732
729	16.566879692011568
1009	15.50117420596725
165	17.07965640038498
741	16.957558229066418
374	16.885223291626566
680	17.31658325312798
792	16.808588065447545
870	16.279286814244468
122	17.13472762271415
239	17.490241578440806
378	16.612947064485066
491	15.084003849855609
629	17.25113474494705
217	17.749827718960535
506	16.414363811357084
579	16.47173243503369
612	15.871001924927814
690	15.81044947064483
449	16.684473532242535
811	15.837949951876789
848	16.106128970163606
957	15.341116458132825
168	17.370017324350343
499	17.19739653512995
585	16.988538979788274
592	16.65583830606351
630	16.037245428296444
682	16.654175168431173
731	16.60057651588065
959	16.598381135707395
172	17.09211357074108
188	17.68264966313763
270	16.29145909528391
371	17.238861405197326
381	17.138828681424442
494	16.103066410009603
541	16.546826756496603
635	16.492125120308
658	16.056671799807507
670	16.723275264677593
703	16.75762463907604
948	16.55286044273337
978	15.839948026948973
163	17.41488257940328
209	17.524444658325308
571	16.420940327237737
657	16.848265640038488
699	16.60390086621752
1029	16.023753609239655
213	17.087331087584204
331	17.314176130895106
436	16.489219441770913
649	16.526718960538975
754	16.073921077959557
784	16.006090471607322
921	16.860642925890268
279	16.570761308950907
318	16.748347449470632
340	17.15742252165544
525	16.675082771896058
545	15.999375360923947
695	16.598581328200186
739	16.282570741097203
837	16.000184793070254
976	15.476320500481217
981	15.95703176130893
293	17.371916265640046
305	16.92918479307025
575	16.396874879691996
576	16.69036573628488
689	16.308411934552428
723	16.708208854667966
121	17.666264677574567
399	16.741685274302213
610	17.13983638113574
752	16.60728488931663
913	16.246517805582258
1021	16.405106833493733
181	17.32180461982673
256	17.177644850818094
263	17.32089412897017
339	17.112487969201144
354	16.469974013474495
431	16.663384985563038
456	16.765069297401336
515	16.263955726660225
667	16.297739172281034
881	16.146972088546686
1025	16.521792107795957
154	17.048549566891243
237	16.997878729547647
333	17.35584023099135
406	16.429403272377286
415	16.365487969201155
691	16.62410683349374
742	17.067725697786315
971	16.448138594802707
1014	16.292604427333977
481	15.83798748796917
886	16.25973051010588
938	15.689804619826763
969	16.018656400384973
986	16.288513955726664
880	16.669454282964388
893	16.33108662175168
123	17.57269104908565
425	16.898084696823855
719	16.65289316650624
985	16.184247353224247
173	16.825697786333013
444	16.77360923965352
474	16.962760346487002
502	16.923358999037504
774	16.491251203079887
813	16.557180943214632
475	16.640653512993236
319	16.37773820981713
683	16.08028970163618
808	16.44241770933588
266	16.71519730510104
298	17.561831568816164
337	16.00381039461019
347	17.107780558229067
361	17.42813378248316
376	16.278990375360884
480	17.181753609239646
498	16.9209865255053
568	17.088118383060635
675	17.420255052935524
700	16.435453320500486
705	16.428259865255047
941	16.007740134744907
673	16.388708373435993
853	15.945558229066416
970	16.091327237728567
1032	14.962789220404206
184	17.043953801732425
346	16.94455437921078
367	16.98647064485081
470	16.747616939364757
511	16.58429066410009
514	17.5120615976901
588	16.271415784408077
613	16.69705678537055
727	16.508244465832515
926	16.195846968238676
965	16.476892204042347
314	16.92866313763233
710	16.694314725697794
631	16.33059095283926
196	16.845786333012505
478	16.647386910490834
552	16.80514244465832
779	16.290711260827724
150	16.901536092396526
912	16.228359961501425
370	16.59428488931663
458	16.92397112608277
1018	16.4456958614052
669	16.349640038498567
787	15.831202117420576
220	16.825794032723785
284	16.349189605389796
799	16.718699711260818
989	16.02477574590952
980	15.751524542829628
232	15.984674687199231
388	16.69389701636187
441	16.30321174205967
461	16.771950914340707
584	16.707406159769025
687	16.05394995187682
275	16.803019249278147
349	16.595747834456198
674	16.956557266602523
802	16.379979788257938
945	16.464879692011554
984	16.50883926852741
408	15.549512993262725
987	16.206165543792093
1028	15.63225312800772
147	17.495321462945135
422	16.87761116458134
513	16.521954764196348
692	16.481256015399424
781	16.772728585178044
832	16.355266602502425
927	15.573556304138608
843	15.592160731472564
336	16.358737247353204
344	16.64148796920114
420	16.504120307988444
998	14.978857555341655
448	15.934572666025026
697	16.1847218479307
877	15.791014436958598
1030	16.395159769008636
624	16.9068238691049
797	16.01660250240614
977	16.574655437921077
214	16.763363811357067
358	17.3154032723773
382	16.924424446583245
236	17.0123291626564
822	15.591527430221351
307	17.22183156881617
269	17.378083734359947
677	16.094048123195368
962	16.191117420596726
531	16.30061982675646
428	16.65536862367661
796	16.050806544754543
899	16.082687199230016
934	16.213566891241573
186	17.522659287776712
527	15.865008662175164
651	16.323075072184785
736	16.378063522617893
789	16.650639076034658
814	16.17922040423484
841	16.363323387872956
906	16.419431183830618
922	15.455490856592863
990	16.437340712223275
178	17.320667949951876
960	16.201618864292595
182	16.333613089509136
590	16.483775745909533
762	16.90226948989413
911	15.293164581328195
190	17.47536573628488
424	16.803460057747845
627	15.66405486044274
661	15.624879692011538
773	16.614173243503355
838	16.836982675649672
928	16.628189605389785
930	16.03021847930702
849	16.118930702598664
238	17.509392685274317
834	16.40339749759385
560	16.876048123195364
972	15.885742059672738
280	17.108033686236773
518	16.182662175168428
876	16.10808277189603
277	16.41681905678537
295	16.437796920115467
992	15.808812319538022
997	15.762441770933599
1005	15.329217516843116
867	15.693948989412899
815	15.992124157844074
228	17.231802694898942
271	17.061712223291593
452	16.75194032723772
573	16.622862367661206
968	16.3781020211742
198	17.264304138594785
706	16.16750048123197
715	16.162855630413855
883	16.028423484119326
1022	16.067764196342623
919	16.95174687199231
421	16.405727622714146
519	16.38053897978826
633	16.379605389797884
809	15.503234841193443
551	16.259136669874874
728	16.117234841193476
285	17.440468719923036
593	16.087955726660233
383	16.359788257940327
771	16.113399422521645
1000	15.845349374398456
681	16.356444658325312
766	16.232340712223287
983	15.937722810394598
783	16.091260827718962
904	16.09548219441769
935	16.098799807507213
1038	15.803508180943213
235	16.38798460057748
746	16.813025024061606
890	16.188382098171314
923	15.710296438883537
939	15.848556304138578
1027	15.548962463907563
768	16.4622646775746
616	15.954188642925867
221	17.032757459095272
639	16.09077382098172
394	17.0762540904716
530	16.025109720885457
887	16.30468719923003
1006	16.045346487006718
492	16.573318575553426
604	15.849475457170373
898	15.500918190567834
961	16.119754571703584
730	16.52492300288739
794	16.18846583253126
454	16.9894436958614
767	16.57468912415785
348	16.663397497593838
973	15.8685043310876
737	16.361764196342634
1035	16.162522617901807
964	15.754777670837333
679	15.74165255052936
790	15.435310875842125
874	16.322028873917233
282	17.17512512030799
720	16.02073339749757
500	15.857336862367635
878	15.93810394610202
459	16.34900962463908
615	16.346753609239645
917	16.581876804619796
1026	15.202628488931648
516	16.51836766121271
535	15.994484119345536
555	16.229301251203054
642	16.596781520692986
872	15.700140519730516
1013	16.155084696823863
580	16.304507218479298
726	16.410719923002894
950	16.50851491819058
1011	16.517298363811342
352	16.599462945139557
653	16.035201154956678
745	16.503998075072186
1031	15.319384023099122
842	16.177173243503372
538	16.47981616939365
943	16.087230991337822
1003	14.638204042348383
909	16.33935322425409
357	15.69642540904714
258	16.294140519730515
404	16.21149566891243
662	16.662494706448523
583	16.209143407122216
522	16.77784215591915
835	16.324441770933593
840	16.976260827718956
958	16.17735033686238
466	16.559480269489875
597	15.793000000000001
733	16.461215591915284
824	15.699779595765174
818	16.06383156881617
668	16.76655919153032
888	16.041520692973997
966	15.926615976900857
744	16.647588065447557
869	15.685680461982683
788	15.83056785370548
994	16.301275264677546
632	16.416623676612133
623	16.312439846005773
993	16.172401347449465
637	16.60783253128006
846	16.526533205004817
569	15.81959384023097
892	15.599910490856582
793	16.175070259865205
755	16.890437921077943
582	15.807349374398454
884	15.608769971126078
372	17.235964388835406
996	15.470926852742977
760	16.615353224254086
952	16.244371511068344
504	17.239750721847933
645	16.300789220404244
572	16.23447256977864
749	16.6060500481232
505	16.408782483156912
717	16.32651684311838
1012	15.84151203079885
868	16.023142444658312
954	15.971726660250239
826	16.007626564003836
598	16.1450789220404
778	15.628948989412908
914	16.4010654475457
750	15.53870259865255
860	15.30562848893166
418	16.320362848893154
756	16.434542829643895
889	16.067322425409053
828	16.060883541867163
859	15.74026756496632
620	16.011974975938397
743	15.902605389797884
714	16.160397497593845
816	16.51771029836381
646	15.554445620789197
1001	15.962072184793076
550	16.75477093359
854	16.144243503368624
602	15.870406159768986
937	15.491281039461013
711	16.227631376323366
820	16.08939749759381
910	16.108636188642908
991	16.060871992300296
873	16.66034167468721
882	15.613424446583247
925	16.183752646775723
940	15.724119345524521
852	15.77084311838307
