0	0.9591
1	0.9241
2	0.9180
3	0.9305
4	0.9319
5	0.9298
6	0.9480
7	0.9354
8	0.9187
9	0.9503
10	0.9052
11	0.9403
16	0.9366
18	0.8971
20	0.8959
23	0.8842
28	0.8674
37	0.8925
39	0.9068
50	0.8644
51	0.8791
53	0.8471
55	0.8791
56	0.7723
59	0.8526
61	0.9079
63	0.7814
66	0.8956
67	0.8553
79	0.8512
80	0.8501
81	0.8213
85	0.8688
89	0.7706
90	0.8364
101	0.7901
115	0.8407
127	0.8123
128	0.8381
129	0.8160
131	0.8190
136	0.8628
150	0.8304
160	0.7950
166	0.7760
171	0.8032
180	0.8459
193	0.7868
196	0.7466
204	0.8003
208	0.8154
211	0.7551
214	0.8144
222	0.8760
228	0.7277
230	0.7735
241	0.7298
246	0.7649
247	0.8092
252	0.7736
267	0.7559
271	0.7546
282	0.7875
286	0.8155
300	0.7673
308	0.8061
356	0.7091
378	0.7220
408	0.6748
411	0.7304
420	0.6824
433	0.7186
438	0.7753
445	0.7549
455	0.6899
460	0.7424
475	0.6871
477	0.7642
511	0.8001
512	0.7629
527	0.8224
532	0.7476
550	0.7359
606	0.6515
609	0.7843
616	0.7707
688	0.7408
694	0.6983
699	0.7467
703	0.7314
765	0.7237
772	0.6392
783	0.7335
805	0.6279
858	0.7101
888	0.6655
920	0.6503
998	0.6925
1003	0.6372
1022	0.7316
1031	0.6574
1035	0.7423
1048	0.6587
1052	0.7485
24	0.8158
27	0.9052
48	0.8499
74	0.7876
87	0.8077
139	0.7143
154	0.8257
184	0.7426
205	0.7554
238	0.7970
272	0.7193
275	0.8406
279	0.7575
285	0.7522
313	0.6838
317	0.7775
325	0.6806
327	0.6877
358	0.6626
404	0.6584
412	0.6708
471	0.6266
480	0.7240
515	0.6961
542	0.6964
572	0.7681
580	0.6021
620	0.6762
639	0.6364
834	0.6110
864	0.6804
886	0.6080
916	0.6785
994	0.6830
996	0.7072
1008	0.6526
1041	0.5958
1043	0.5863
12	0.8912
22	0.8496
29	0.8388
31	0.8368
34	0.8490
70	0.8243
75	0.8346
98	0.7189
108	0.7976
147	0.8416
151	0.6220
263	0.7919
328	0.6725
365	0.6377
414	0.7135
467	0.7105
619	0.6929
735	0.6445
822	0.6281
868	0.6110
931	0.6862
971	0.6117
975	0.5984
33	0.9004
83	0.8262
109	0.6884
110	0.7350
111	0.8161
124	0.6585
141	0.8095
219	0.7377
232	0.7124
239	0.7004
249	0.8219
250	0.7214
268	0.6616
305	0.6609
324	0.6991
333	0.6211
342	0.7427
376	0.6918
379	0.7312
385	0.7012
415	0.7145
449	0.6241
487	0.6800
500	0.6532
555	0.6664
610	0.6736
633	0.7161
679	0.6343
692	0.7025
776	0.6787
857	0.6268
890	0.7058
933	0.7092
965	0.5376
970	0.5450
38	0.7801
42	0.8553
43	0.8354
60	0.8902
95	0.7846
114	0.7867
329	0.6293
360	0.6373
371	0.7473
377	0.6322
384	0.6183
416	0.7979
490	0.6666
499	0.6721
689	0.6262
701	0.5939
741	0.7199
867	0.6644
1042	0.6741
13	0.9293
35	0.9038
68	0.8426
155	0.7725
195	0.8097
220	0.6965
223	0.7952
244	0.7013
245	0.7678
260	0.6711
297	0.6911
366	0.7153
406	0.7276
452	0.7127
458	0.6573
483	0.6797
493	0.6886
498	0.7112
521	0.6917
576	0.5834
691	0.7324
718	0.7377
743	0.6636
815	0.7107
836	0.6766
852	0.6577
917	0.6064
14	0.8877
15	0.9199
25	0.8964
30	0.8735
36	0.8318
44	0.9072
45	0.8636
54	0.8944
58	0.8607
62	0.8756
88	0.8755
105	0.7980
120	0.7975
130	0.7959
133	0.8234
167	0.7638
202	0.7688
221	0.6821
226	0.7402
258	0.7307
375	0.7552
394	0.7742
402	0.6896
418	0.7021
448	0.7355
489	0.7026
592	0.6793
614	0.6979
618	0.6755
668	0.6941
751	0.6144
764	0.6363
770	0.6888
771	0.7422
827	0.6259
843	0.6527
861	0.6438
960	0.6706
1040	0.6531
17	0.9038
19	0.9154
21	0.9018
40	0.8765
41	0.8918
72	0.8027
104	0.8577
125	0.7906
145	0.7882
149	0.7207
159	0.7859
179	0.8247
281	0.6561
318	0.7683
439	0.6837
482	0.6696
507	0.6145
539	0.7127
647	0.6627
745	0.6262
774	0.6154
872	0.6534
1012	0.6779
1026	0.6442
156	0.7799
233	0.8160
262	0.6751
336	0.7451
413	0.6989
464	0.6740
667	0.5849
959	0.5511
979	0.5901
1036	0.5775
1047	0.5349
26	0.8836
46	0.8518
49	0.8570
65	0.8396
78	0.7509
91	0.8574
103	0.6925
123	0.8527
140	0.8077
146	0.7959
153	0.7876
178	0.7947
242	0.7143
255	0.7666
264	0.7977
289	0.7468
296	0.7524
302	0.7674
319	0.7114
346	0.6767
350	0.7721
373	0.7198
390	0.7332
392	0.7444
395	0.7385
443	0.7071
450	0.7797
505	0.7528
506	0.6943
634	0.7192
636	0.7128
643	0.6369
673	0.6870
677	0.6975
684	0.6309
762	0.6666
775	0.6835
793	0.6572
837	0.6384
855	0.6522
883	0.6983
907	0.6978
989	0.6143
1006	0.6100
1044	0.6310
52	0.8129
71	0.8697
164	0.8047
175	0.8161
198	0.6392
218	0.6764
381	0.7219
396	0.6669
508	0.6853
615	0.7023
675	0.6745
754	0.5551
757	0.5777
788	0.5984
825	0.6594
947	0.7255
32	0.9223
69	0.7719
73	0.7370
82	0.8914
84	0.8546
86	0.8529
158	0.7544
172	0.7782
176	0.8377
191	0.7690
203	0.7576
235	0.7587
236	0.6697
248	0.6895
284	0.7172
347	0.7334
386	0.6926
388	0.6701
397	0.7322
407	0.6999
430	0.7240
525	0.6927
655	0.6900
732	0.6695
922	0.6395
1017	0.6441
1037	0.5803
94	0.7641
187	0.6896
229	0.7657
422	0.5856
463	0.6674
578	0.6242
641	0.5066
791	0.5641
826	0.5898
984	0.5832
995	0.6158
47	0.8065
57	0.8526
96	0.8626
106	0.7443
121	0.8770
135	0.8061
169	0.7089
197	0.6795
209	0.6627
292	0.7702
310	0.6173
369	0.7223
401	0.6954
410	0.6440
496	0.7043
516	0.6730
574	0.6637
617	0.6319
674	0.6947
728	0.6623
738	0.6182
746	0.6664
766	0.6772
799	0.6333
830	0.6524
900	0.6346
966	0.6377
1016	0.6734
162	0.7336
274	0.6501
530	0.6441
604	0.5880
974	0.5728
77	0.7933
117	0.7812
186	0.7478
215	0.8124
322	0.6613
330	0.7752
502	0.6734
528	0.6336
546	0.6054
602	0.6927
693	0.6699
795	0.6461
893	0.6280
946	0.6601
972	0.6452
1011	0.6251
64	0.8592
122	0.7043
138	0.8042
143	0.8184
174	0.7166
243	0.7641
276	0.7369
287	0.7689
339	0.6281
364	0.6655
389	0.6607
391	0.7741
409	0.7401
465	0.6862
484	0.7286
519	0.6366
564	0.7476
565	0.6275
579	0.7082
591	0.6267
595	0.6789
631	0.6545
640	0.6332
704	0.6129
818	0.6370
951	0.5847
1000	0.6597
99	0.8157
132	0.7013
199	0.7685
254	0.7061
340	0.6709
353	0.7557
538	0.6538
705	0.5659
756	0.6315
97	0.7442
261	0.6622
341	0.6865
481	0.7052
724	0.6628
790	0.6079
119	0.8120
359	0.7194
547	0.6348
577	0.5959
794	0.6133
911	0.6380
918	0.6347
185	0.6757
240	0.6924
277	0.7363
427	0.6419
678	0.6393
702	0.5261
909	0.5710
142	0.8316
303	0.7394
361	0.5635
509	0.6724
768	0.6383
786	0.5970
828	0.6111
1028	0.5440
1045	0.5240
661	0.6184
796	0.5945
513	0.5883
534	0.7193
839	0.6274
859	0.5487
885	0.6179
913	0.5449
706	0.6222
905	0.5276
92	0.6623
165	0.7755
212	0.7796
301	0.7475
309	0.6041
355	0.6395
426	0.6411
517	0.6112
613	0.5865
993	0.4906
343	0.6176
670	0.6214
690	0.5672
747	0.5701
849	0.5545
981	0.5425
113	0.8180
126	0.7196
163	0.7326
173	0.6346
190	0.7730
201	0.7405
206	0.7587
323	0.6828
405	0.6428
429	0.6322
442	0.6945
523	0.6457
524	0.6416
537	0.6806
552	0.6215
607	0.6351
785	0.6325
1054	0.6746
266	0.7746
832	0.5747
904	0.5650
526	0.6994
624	0.6600
671	0.6127
835	0.4732
898	0.5447
910	0.5412
102	0.7699
237	0.7632
293	0.6307
351	0.6857
488	0.5798
680	0.5634
865	0.5442
93	0.7635
571	0.6181
217	0.7118
225	0.6832
295	0.6687
383	0.6525
459	0.6766
518	0.6553
553	0.6264
589	0.6343
594	0.6711
656	0.6858
662	0.5947
715	0.6128
716	0.6703
871	0.6796
923	0.6128
116	0.8617
224	0.7536
294	0.6492
304	0.6052
352	0.7064
436	0.7248
598	0.5731
658	0.5679
697	0.6017
719	0.5659
727	0.6168
856	0.6098
936	0.6396
976	0.5866
1038	0.5872
207	0.7338
551	0.5221
152	0.7710
183	0.6787
213	0.6162
231	0.7761
307	0.7771
357	0.6533
558	0.6469
710	0.5261
820	0.6576
879	0.5552
884	0.5573
925	0.6974
932	0.5661
939	0.6615
955	0.5873
535	0.6684
651	0.6386
265	0.6557
345	0.5739
440	0.5900
736	0.6143
792	0.5455
1005	0.5637
622	0.5798
635	0.5736
269	0.6935
280	0.6958
291	0.7392
382	0.6561
421	0.6790
478	0.6482
601	0.5764
709	0.6723
726	0.6590
846	0.5953
986	0.5792
990	0.5930
596	0.6183
869	0.5006
76	0.8106
278	0.6577
298	0.6745
447	0.7097
470	0.6467
700	0.5539
806	0.6006
949	0.6118
985	0.6156
259	0.6677
531	0.6501
557	0.5259
638	0.6168
940	0.5367
312	0.6371
663	0.5199
759	0.5293
769	0.5611
878	0.6239
915	0.5916
273	0.6435
288	0.6732
290	0.7038
428	0.6942
669	0.6524
687	0.7092
753	0.7056
801	0.5959
914	0.5826
962	0.6037
967	0.5219
348	0.7043
935	0.5461
1046	0.5506
100	0.7523
761	0.5847
807	0.6139
841	0.6162
973	0.5527
338	0.5609
216	0.7021
334	0.6462
522	0.5740
612	0.5215
999	0.5555
168	0.7603
256	0.7119
1029	0.5909
189	0.6594
456	0.6622
623	0.6270
742	0.6411
144	0.7486
1030	0.6290
983	0.5282
107	0.8559
181	0.7009
311	0.6549
118	0.7781
344	0.5847
560	0.6820
563	0.5982
628	0.6458
876	0.5539
134	0.7885
270	0.6576
749	0.6274
821	0.6066
844	0.5538
938	0.5762
399	0.6935
424	0.5633
503	0.6813
540	0.6643
548	0.6014
717	0.5346
210	0.7898
468	0.4667
627	0.5272
306	0.7053
326	0.6024
335	0.6397
423	0.6007
479	0.7050
722	0.6220
778	0.5560
800	0.5936
943	0.5157
137	0.7884
316	0.6498
453	0.5800
491	0.6310
575	0.6977
597	0.6113
177	0.7316
492	0.6372
948	0.6092
1027	0.4886
462	0.5926
748	0.5494
1024	0.5081
148	0.7905
227	0.7690
708	0.4897
831	0.5688
157	0.7322
283	0.7212
431	0.5197
731	0.5362
956	0.5599
321	0.6976
331	0.7484
568	0.6128
582	0.6369
626	0.5925
1033	0.5821
446	0.5942
543	0.6495
644	0.5857
188	0.5586
712	0.5863
781	0.5504
889	0.5136
927	0.5690
763	0.4948
733	0.6154
192	0.7624
253	0.5290
681	0.6374
1055	0.5413
182	0.7855
469	0.5775
501	0.5412
520	0.5847
194	0.7789
1050	0.4890
544	0.5655
720	0.5563
863	0.5307
1039	0.4534
441	0.5954
451	0.5230
683	0.4720
593	0.5283
851	0.5153
112	0.8220
797	0.5835
393	0.7272
605	0.5609
161	0.6667
466	0.6323
817	0.5861
891	0.5437
472	0.6540
585	0.5339
809	0.5426
400	0.6051
646	0.5865
899	0.5838
1009	0.4920
461	0.6640
653	0.6273
685	0.5854
767	0.5752
829	0.6551
969	0.5106
444	0.6174
494	0.5140
554	0.5672
924	0.5862
432	0.6050
200	0.6904
314	0.6568
370	0.5989
435	0.6021
816	0.6168
672	0.5521
760	0.4974
787	0.5593
315	0.6727
476	0.4328
725	0.4742
780	0.4276
875	0.4554
997	0.4759
514	0.5315
629	0.5227
419	0.5543
833	0.5226
1021	0.5272
808	0.4423
686	0.5792
887	0.5304
953	0.4713
645	0.4912
750	0.5205
823	0.5354
813	0.5337
299	0.5697
632	0.5652
676	0.6053
929	0.4977
1032	0.5410
374	0.6739
510	0.6425
652	0.5429
777	0.5569
170	0.7573
454	0.6077
457	0.6207
536	0.6462
873	0.5359
257	0.5816
437	0.7270
545	0.5168
758	0.5432
903	0.5326
906	0.5146
958	0.5952
599	0.4817
541	0.5457
860	0.5667
650	0.5223
798	0.4940
367	0.7062
368	0.6438
608	0.5590
779	0.5402
811	0.5029
862	0.5294
926	0.6114
362	0.5860
611	0.6165
625	0.5874
417	0.5429
941	0.5633
251	0.7232
896	0.5493
942	0.5473
372	0.5707
425	0.5195
803	0.5053
957	0.4868
982	0.5128
696	0.4442
714	0.4973
698	0.6015
1053	0.5283
1001	0.5264
387	0.5829
485	0.4771
320	0.5772
824	0.4639
991	0.4942
434	0.6372
840	0.5509
912	0.5231
954	0.5306
977	0.5554
486	0.5745
937	0.5597
586	0.5880
773	0.5053
573	0.4883
845	0.5289
902	0.5336
945	0.4401
1014	0.4357
850	0.4192
497	0.5083
812	0.5732
637	0.5164
755	0.5310
556	0.5449
559	0.4629
621	0.4940
919	0.5254
721	0.5228
561	0.5090
802	0.4744
659	0.6108
711	0.4897
234	0.5174
495	0.5107
1007	0.4446
570	0.5994
588	0.5396
665	0.4711
934	0.4596
707	0.5024
603	0.4820
533	0.6217
403	0.5912
587	0.5732
961	0.5227
332	0.5341
349	0.7186
964	0.4861
1002	0.4480
853	0.4824
882	0.4309
866	0.5047
584	0.4884
363	0.6225
473	0.5323
581	0.6215
992	0.4702
529	0.4918
549	0.5390
474	0.5414
928	0.4550
810	0.4404
963	0.4673
337	0.6232
729	0.4791
739	0.5113
877	0.4585
1034	0.4438
630	0.5402
978	0.5055
723	0.4971
838	0.4236
648	0.5017
1049	0.5130
567	0.4869
1004	0.4958
642	0.4696
380	0.6424
737	0.5769
1010	0.5395
398	0.6333
664	0.5047
562	0.5965
734	0.5103
901	0.4945
1018	0.4678
870	0.5226
804	0.4554
847	0.4792
930	0.5265
649	0.5224
952	0.4531
660	0.4711
1025	0.4485
842	0.5014
1019	0.4563
1051	0.4143
784	0.4545
682	0.4895
908	0.5571
752	0.5670
740	0.5648
782	0.4113
980	0.5165
848	0.4879
713	0.4503
987	0.4503
569	0.4583
354	0.5275
566	0.5771
895	0.4754
892	0.4760
854	0.4727
583	0.4982
730	0.5590
968	0.4812
814	0.4528
504	0.5351
666	0.5356
657	0.3770
600	0.4455
944	0.5244
1023	0.4562
880	0.4187
1013	0.4393
1020	0.4644
819	0.4237
988	0.3728
744	0.3911
881	0.4053
590	0.4758
894	0.4039
1015	0.3412
950	0.5241
789	0.4122
695	0.4079
654	0.4119
897	0.4295
874	0.3656
921	0.4171
