0	0.9575
1	0.9279
2	0.9331
3	0.9588
4	0.9100
5	0.9380
6	0.9260
7	0.9484
8	0.9246
9	0.9133
10	0.9299
11	0.9204
13	0.9369
14	0.9014
17	0.9221
18	0.9060
19	0.8778
24	0.8836
35	0.8635
40	0.8715
44	0.8424
47	0.8509
48	0.8460
54	0.8588
76	0.8281
79	0.8858
83	0.8152
88	0.9060
93	0.8253
111	0.7931
115	0.8120
119	0.8722
131	0.7778
140	0.8561
141	0.7877
158	0.8238
162	0.8335
166	0.8283
167	0.8104
168	0.7462
169	0.7439
180	0.7953
198	0.8486
205	0.6966
207	0.6711
211	0.7282
229	0.6858
236	0.8149
242	0.8152
248	0.8046
273	0.8295
278	0.8504
299	0.8192
325	0.7223
326	0.7718
347	0.7765
349	0.7815
352	0.6872
353	0.7458
360	0.7781
409	0.8060
411	0.6758
414	0.7600
430	0.7470
448	0.8046
454	0.7614
468	0.7827
474	0.7291
515	0.7136
538	0.6796
560	0.6830
587	0.7079
637	0.6768
647	0.7047
661	0.6374
663	0.6570
688	0.7139
691	0.7653
695	0.6939
733	0.6775
785	0.6681
790	0.6889
815	0.6638
820	0.6608
824	0.6730
970	0.7225
15	0.9191
20	0.9053
37	0.8595
45	0.8603
65	0.7647
89	0.8295
122	0.8246
130	0.8315
133	0.7187
148	0.7724
202	0.7116
241	0.8330
244	0.7372
257	0.7136
283	0.7841
314	0.7696
315	0.6605
317	0.7537
383	0.6958
447	0.5897
463	0.7270
499	0.6815
524	0.6429
527	0.6310
547	0.7037
596	0.6627
604	0.6778
687	0.6619
840	0.6600
869	0.6280
882	0.7124
922	0.6759
954	0.6139
988	0.6684
16	0.8652
22	0.9102
26	0.7788
27	0.8463
41	0.8705
49	0.8965
55	0.8022
101	0.8212
132	0.7881
142	0.7411
199	0.8192
227	0.7489
281	0.7019
301	0.7766
312	0.7733
339	0.7172
356	0.7251
503	0.6343
557	0.6575
590	0.6435
665	0.6418
668	0.6587
816	0.7073
822	0.7077
839	0.6330
898	0.5898
928	0.6068
967	0.6346
12	0.9084
21	0.8995
23	0.9329
25	0.8924
29	0.9325
31	0.8994
34	0.9094
36	0.8867
38	0.8784
46	0.8809
50	0.7696
60	0.8859
68	0.8812
74	0.8481
80	0.8554
84	0.8584
106	0.8147
107	0.8602
113	0.6951
120	0.8187
128	0.7782
138	0.8194
146	0.7922
149	0.8537
150	0.7772
152	0.8257
165	0.7680
175	0.7869
187	0.7974
191	0.8218
200	0.7318
209	0.7991
245	0.6924
246	0.7648
247	0.6911
249	0.7494
254	0.7647
255	0.7802
267	0.7746
272	0.7615
290	0.7361
300	0.7673
313	0.7714
322	0.7691
330	0.6975
335	0.7229
341	0.7294
370	0.7261
408	0.7468
426	0.6854
440	0.7503
464	0.6665
491	0.7778
520	0.6676
567	0.7723
570	0.7100
571	0.7316
579	0.7259
582	0.6832
602	0.7436
605	0.6722
617	0.7180
641	0.7148
644	0.7372
657	0.7174
662	0.7290
667	0.6809
684	0.7119
721	0.7037
727	0.7264
744	0.6560
755	0.7117
758	0.6903
761	0.6516
768	0.6458
788	0.6415
797	0.7379
823	0.7091
837	0.6854
849	0.6534
854	0.6952
923	0.7107
947	0.6768
961	0.7101
982	0.6376
28	0.8577
52	0.7685
59	0.8683
137	0.8388
139	0.7868
342	0.7082
437	0.6001
532	0.7883
713	0.6871
56	0.8481
62	0.8744
66	0.8664
109	0.8171
190	0.7609
225	0.7932
228	0.7919
266	0.7840
280	0.8003
366	0.7277
376	0.6991
422	0.7615
423	0.6266
438	0.7247
449	0.6801
462	0.7143
482	0.7054
484	0.7063
485	0.6957
509	0.6441
511	0.6500
521	0.6662
550	0.7372
612	0.6530
648	0.6780
656	0.6658
679	0.7012
731	0.6632
769	0.7194
806	0.6404
835	0.6278
880	0.6158
911	0.6478
915	0.6440
963	0.7396
964	0.6295
968	0.6078
981	0.5760
174	0.7639
237	0.8459
346	0.7920
540	0.6448
621	0.6677
645	0.7020
33	0.7819
39	0.8628
43	0.8539
102	0.7755
123	0.8255
126	0.8097
194	0.8257
203	0.6868
224	0.7653
232	0.7459
253	0.7952
265	0.6938
287	0.7470
293	0.7235
307	0.7620
321	0.7979
329	0.7266
354	0.7359
380	0.7080
381	0.7766
416	0.7271
418	0.6490
420	0.6833
443	0.6976
456	0.6981
466	0.6963
469	0.7238
492	0.7607
523	0.7104
562	0.6533
580	0.7134
595	0.6702
611	0.6611
649	0.6608
689	0.6927
700	0.7138
735	0.6466
752	0.7490
789	0.6963
846	0.6265
887	0.7138
892	0.5953
916	0.7258
926	0.6343
959	0.7381
63	0.9073
82	0.8520
135	0.7700
144	0.7511
219	0.8083
235	0.7302
250	0.6486
320	0.7108
390	0.6087
393	0.6290
445	0.6311
451	0.6845
495	0.6639
783	0.6010
57	0.7670
94	0.6696
118	0.8250
221	0.7391
288	0.6653
337	0.6579
387	0.7396
653	0.6342
708	0.5750
751	0.5751
774	0.7057
775	0.6359
917	0.6866
58	0.8367
61	0.8450
86	0.7959
136	0.7924
156	0.7789
177	0.7421
179	0.7517
204	0.7070
238	0.7887
340	0.7337
413	0.6591
436	0.7315
498	0.6545
575	0.6607
597	0.6887
696	0.6770
717	0.6419
747	0.6180
764	0.6308
798	0.6219
865	0.6202
868	0.5942
927	0.6467
108	0.7882
116	0.7602
269	0.6642
309	0.7575
429	0.7274
431	0.6353
546	0.6992
558	0.6875
569	0.6720
578	0.6763
711	0.6921
64	0.8556
78	0.8369
121	0.7516
193	0.7209
365	0.6576
616	0.5607
737	0.6435
773	0.5910
799	0.7032
870	0.6048
32	0.9088
51	0.8282
77	0.8809
85	0.8304
117	0.7843
143	0.8478
153	0.7922
173	0.7558
186	0.8212
201	0.6745
206	0.7727
226	0.6804
240	0.6485
251	0.6890
294	0.7288
367	0.6638
497	0.6443
506	0.6658
537	0.7289
636	0.6478
670	0.7649
680	0.6670
692	0.7098
729	0.6783
792	0.6550
801	0.6313
831	0.6986
856	0.6181
885	0.6846
910	0.6521
925	0.6267
30	0.8920
67	0.8405
100	0.7679
147	0.7639
160	0.8016
677	0.5944
746	0.5531
781	0.6688
897	0.5940
97	0.7710
125	0.7458
258	0.7474
318	0.6699
323	0.6686
338	0.6520
375	0.6915
458	0.6090
501	0.6779
526	0.5695
607	0.5947
610	0.7274
619	0.6660
629	0.6188
730	0.6064
784	0.6504
845	0.6222
862	0.6114
872	0.6469
42	0.7927
316	0.7293
343	0.6367
392	0.5667
73	0.7568
95	0.7558
112	0.8182
127	0.7505
157	0.7772
412	0.7378
419	0.7063
424	0.7413
427	0.5623
589	0.6877
716	0.5651
757	0.6074
794	0.6451
929	0.6454
99	0.7246
188	0.7209
415	0.7132
490	0.6472
493	0.7125
510	0.5907
598	0.6697
631	0.6318
728	0.5908
803	0.5744
813	0.6369
876	0.5291
461	0.6933
517	0.7236
543	0.6050
726	0.7056
749	0.6284
913	0.6251
931	0.5877
289	0.6544
486	0.5801
565	0.7031
574	0.6629
588	0.6724
594	0.6637
627	0.6229
652	0.6570
704	0.6276
946	0.5297
252	0.7107
311	0.7019
350	0.6000
481	0.5323
514	0.6384
659	0.6202
750	0.6512
779	0.5462
70	0.8091
192	0.7690
212	0.8110
213	0.8170
282	0.5946
292	0.6411
324	0.7979
332	0.7150
444	0.6817
585	0.6846
600	0.6328
626	0.6339
658	0.6388
976	0.5591
69	0.7597
81	0.8593
110	0.8083
185	0.7419
231	0.6895
259	0.7815
357	0.7668
362	0.6406
446	0.6771
471	0.7073
572	0.6009
669	0.6786
848	0.5903
921	0.6116
986	0.6123
279	0.5977
494	0.6899
573	0.6507
682	0.6560
791	0.6326
987	0.6077
71	0.8392
303	0.5797
473	0.6100
561	0.6340
622	0.5806
671	0.6374
736	0.5653
129	0.6841
215	0.5775
766	0.5606
75	0.8488
184	0.7194
417	0.6598
592	0.7170
836	0.4794
933	0.4752
72	0.8773
91	0.8899
104	0.7743
172	0.7937
216	0.7533
345	0.6237
507	0.6355
512	0.6886
522	0.6390
566	0.6541
623	0.6497
651	0.6784
693	0.7269
732	0.6116
950	0.6649
154	0.6875
197	0.7204
233	0.7647
508	0.6397
545	0.6136
685	0.5907
795	0.5773
914	0.6183
924	0.5874
934	0.5782
96	0.8204
163	0.8192
780	0.6009
811	0.6173
860	0.5412
90	0.8033
105	0.8236
239	0.7957
263	0.7309
432	0.6677
467	0.6229
529	0.6180
719	0.6548
945	0.5390
702	0.6002
859	0.5199
891	0.5114
53	0.8902
92	0.8035
114	0.7898
196	0.7003
513	0.6538
536	0.6492
539	0.6191
706	0.6498
718	0.5706
722	0.5218
804	0.6407
901	0.5514
957	0.5814
310	0.6085
386	0.7349
502	0.6510
760	0.5702
155	0.6851
264	0.6320
277	0.7304
601	0.6136
834	0.7062
867	0.5588
960	0.6222
379	0.6726
396	0.6007
406	0.6955
478	0.5818
480	0.6249
782	0.6018
843	0.5357
195	0.7503
305	0.6990
581	0.5102
606	0.6295
715	0.6345
720	0.6024
765	0.6369
883	0.5499
243	0.7241
291	0.6448
452	0.6477
518	0.5779
218	0.6635
358	0.6364
635	0.5751
678	0.6229
690	0.5923
900	0.5968
182	0.6147
398	0.6379
425	0.6557
159	0.7306
535	0.5962
630	0.5492
210	0.7379
217	0.5822
270	0.7715
355	0.6707
563	0.6089
814	0.5886
842	0.6035
171	0.6521
178	0.7345
361	0.7535
479	0.6573
624	0.6159
646	0.5616
741	0.5263
208	0.6414
591	0.6570
638	0.6454
889	0.5749
98	0.7130
723	0.6494
778	0.5658
368	0.7277
771	0.6228
756	0.5185
552	0.5336
871	0.5619
937	0.5510
904	0.4965
87	0.7771
391	0.7432
465	0.6580
487	0.5941
555	0.5815
556	0.5774
906	0.4972
222	0.6807
306	0.7200
434	0.6311
666	0.5360
748	0.4983
421	0.6299
483	0.5787
650	0.5925
151	0.7786
389	0.5125
603	0.5024
743	0.5624
753	0.5939
124	0.7311
161	0.6502
559	0.5883
632	0.5692
808	0.5799
851	0.5979
433	0.7096
371	0.6224
403	0.6431
488	0.7048
853	0.5260
134	0.7813
220	0.6902
334	0.6361
548	0.6518
864	0.5680
525	0.6037
599	0.5839
642	0.5035
676	0.5684
763	0.6148
793	0.5770
893	0.5542
302	0.6162
544	0.6175
827	0.6181
164	0.7345
298	0.7356
800	0.5872
821	0.5934
176	0.6579
230	0.7319
810	0.5802
359	0.6303
533	0.6790
895	0.6044
261	0.6155
441	0.6119
274	0.6542
348	0.7021
435	0.6056
734	0.5767
284	0.6201
331	0.5844
439	0.6039
683	0.6132
725	0.5337
828	0.4951
214	0.7029
832	0.5482
943	0.5447
223	0.6885
256	0.5707
857	0.5166
262	0.6671
308	0.7525
363	0.6909
475	0.5625
698	0.5895
742	0.5392
805	0.5765
863	0.5804
103	0.8118
333	0.5819
613	0.5887
628	0.6196
643	0.5164
841	0.5204
902	0.5104
276	0.6764
395	0.6096
407	0.6183
470	0.6060
777	0.5475
530	0.6098
327	0.6485
809	0.5845
830	0.5114
977	0.5305
694	0.6163
183	0.6980
377	0.5946
378	0.5977
640	0.5513
909	0.5592
275	0.6858
504	0.6314
428	0.5105
145	0.7131
271	0.7320
297	0.7178
724	0.5863
962	0.6072
189	0.7167
896	0.4719
373	0.5681
905	0.5068
369	0.6200
772	0.5466
850	0.5706
531	0.4781
660	0.5466
955	0.4878
966	0.5040
397	0.6045
852	0.4875
673	0.5445
296	0.6808
304	0.7262
364	0.6949
489	0.6050
620	0.6222
819	0.5382
956	0.5070
285	0.6004
268	0.7163
703	0.5947
534	0.6487
609	0.6419
472	0.5074
697	0.5018
286	0.7679
912	0.4771
971	0.5539
336	0.5583
385	0.5451
847	0.5558
554	0.5334
686	0.5788
881	0.5537
399	0.5954
770	0.5290
888	0.5386
372	0.6566
234	0.6057
394	0.6801
861	0.4842
374	0.6937
328	0.5809
382	0.7282
351	0.5402
384	0.6005
457	0.5561
519	0.5396
170	0.7843
549	0.5544
577	0.5454
625	0.5420
969	0.4975
980	0.4977
701	0.5237
516	0.5570
699	0.4760
874	0.6197
942	0.4695
681	0.4962
181	0.7331
952	0.5478
825	0.4707
826	0.4996
564	0.6170
958	0.5588
344	0.5966
410	0.5432
767	0.5761
455	0.7003
477	0.5902
496	0.6044
759	0.4752
787	0.4874
817	0.4806
745	0.4972
295	0.7022
450	0.6510
812	0.5206
939	0.5290
884	0.4447
705	0.4262
583	0.5977
894	0.5664
500	0.5048
405	0.6926
260	0.7619
972	0.4427
634	0.5145
932	0.4599
949	0.4495
672	0.6075
776	0.6592
829	0.5103
460	0.5840
855	0.4768
319	0.4955
633	0.5169
919	0.4940
576	0.5402
738	0.4294
948	0.4024
975	0.5173
541	0.5790
938	0.5232
709	0.5217
833	0.4912
584	0.5513
618	0.5173
655	0.5223
664	0.5605
754	0.4801
953	0.4779
568	0.6424
899	0.4869
615	0.4972
453	0.5265
476	0.5769
402	0.5776
505	0.5774
400	0.5055
639	0.5089
973	0.4631
877	0.4666
978	0.4695
674	0.4055
796	0.5421
965	0.4647
979	0.4506
459	0.4758
388	0.6488
551	0.5733
710	0.5243
786	0.4923
907	0.4654
866	0.4997
740	0.4500
930	0.5146
739	0.4849
983	0.4757
614	0.4515
818	0.4808
858	0.5407
586	0.5224
940	0.5380
442	0.5645
528	0.4533
918	0.4838
908	0.5175
714	0.5276
712	0.5443
936	0.4159
890	0.4797
762	0.4747
553	0.5136
951	0.4856
985	0.4120
404	0.5954
593	0.4502
401	0.5531
879	0.4847
873	0.4317
903	0.3562
542	0.5780
984	0.4293
838	0.5378
608	0.4001
875	0.4560
844	0.4405
654	0.5186
807	0.4380
878	0.3688
675	0.4796
886	0.4781
935	0.4133
920	0.5023
707	0.4092
941	0.5129
974	0.4110
802	0.3971
944	0.4772
