0	17.160561052631607
1	17.88482315789474
2	17.74929684210528
3	17.723323157894754
5	18.548422105263167
7	18.22031894736845
8	18.45313684210531
23	18.241964210526337
29	17.911628421052644
61	17.275322105263154
97	18.093575789473658
119	18.073622105263155
125	18.412372631578947
130	16.917649473684214
173	17.63774947368421
175	17.545154736842143
198	17.60598421052633
201	17.825806315789496
270	17.053386315789496
402	17.1948768421053
418	17.185344210526313
566	17.753886315789455
663	16.8249968421053
720	17.222346315789487
785	16.678895789473714
788	17.00447368421057
834	16.930316842105288
842	17.1429263157895
879	16.992245263157916
4	19.123773684210533
12	18.446406315789478
14	18.40445684210528
18	18.261830526315823
21	18.190474736842106
35	17.43399368421055
44	17.99933578947369
56	18.506166315789503
112	17.848431578947373
129	17.820843157894735
131	18.088800000000006
181	17.822183157894766
186	18.112673684210545
197	17.14486000000004
269	17.09566105263161
289	16.999905263157913
353	17.1244852631579
379	17.758158947368436
389	17.074045263157892
396	17.92467684210526
413	17.49418631578949
428	17.130560000000006
537	17.204345263157904
576	17.11204315789475
678	16.768266315789496
719	16.80086631578951
722	17.118078947368442
724	16.97148842105267
823	17.01819578947367
878	16.84127894736848
911	16.82048631578951
6	18.99646842105264
24	18.80454842105265
25	18.329817894736852
28	18.004684210526353
58	18.463110526315802
63	17.75054631578948
72	18.32056210526315
75	18.359854736842117
105	18.35368315789475
116	18.04022947368423
189	17.666573684210523
232	17.673431578947387
398	17.14938947368421
509	16.658712631578975
616	16.42387789473686
660	16.7234168421053
853	16.672127368421084
13	18.682613684210523
41	18.446106315789457
49	18.286830526315793
73	17.344008421052635
108	17.377897894736847
149	17.431295789473694
150	17.86118105263156
163	17.658029473684238
172	17.058681052631613
178	17.81368421052634
204	17.623954736842112
304	18.260594736842126
351	17.06873894736844
383	16.60426842105266
401	16.82930000000002
482	16.92700000000002
514	16.64072105263159
552	17.145323157894794
586	16.851916842105283
594	17.349568421052634
816	17.159882105263172
855	16.464615789473708
9	18.58856631578947
10	18.860247368421053
11	18.59767578947367
15	18.563150526315795
16	18.774244210526298
26	18.546903157894725
27	18.33312210526317
33	18.775054736842126
34	18.15597263157896
36	18.496322105263147
37	17.996233684210523
39	18.333471578947375
45	18.201046315789487
48	17.807122105263158
50	18.08633789473686
51	18.22299894736842
52	18.25776421052633
53	18.28833578947368
67	18.35044526315789
68	17.916950526315805
77	18.340923157894718
79	18.155006315789468
81	18.00953894736844
84	18.596832631578952
89	18.125238947368416
94	18.472537894736867
96	17.64766210526316
101	17.830829473684208
117	17.891183157894744
135	17.042773684210534
136	17.801831578947372
141	18.269135789473697
147	17.016707368421066
153	18.00418526315786
177	18.32982526315788
180	17.565666315789496
188	17.5216652631579
194	17.61446210526321
208	17.615823157894727
209	16.91657894736844
212	17.672328421052658
225	18.206713684210516
228	17.59335473684211
229	17.267950526315815
231	18.084682105263184
233	17.59531368421054
242	17.217076842105257
247	17.80960210526317
262	18.19587052631578
293	17.707474736842116
311	16.863813684210566
313	17.64219789473684
314	17.26392210526317
317	17.685200000000005
323	17.23236210526317
331	17.954912631578946
333	16.82317473684213
339	17.977931578947356
341	17.642306315789497
344	17.504543157894744
346	16.859470526315803
359	18.19159263157894
360	17.334229473684204
362	17.872364210526307
365	16.7404810526316
380	16.91978105263162
382	17.83862736842104
385	17.186237894736852
392	17.6889694736842
393	16.68144210526319
399	17.17545684210527
406	17.44629263157895
407	17.352420000000013
412	17.86459578947369
420	17.77925894736841
425	17.823307368421048
439	17.886022105263166
477	16.702738947368445
480	17.815384210526332
486	17.030350526315793
490	18.197069473684202
495	16.935463157894763
502	17.34351684210531
508	17.75185789473685
527	17.750654736842115
547	17.38580526315793
556	17.49195368421053
559	17.4025705263158
612	16.714493684210538
639	16.898748421052662
683	17.109071578947393
697	17.150413684210548
744	16.458491578947417
755	17.409404210526308
769	17.760961052631586
782	17.63770947368423
796	17.006064210526326
812	16.815077894736866
820	17.392303157894755
826	18.03753789473687
852	17.59089263157897
860	17.691375789473703
915	17.323628421052653
917	18.005869473684232
918	16.78538210526317
925	17.67269789473687
939	17.348697894736866
20	18.41937789473687
31	18.408532631578957
64	18.599248421052618
69	17.833173684210518
74	18.2950484210526
86	17.769398947368423
98	18.188387368421058
192	17.88271368421051
213	17.649775789473722
274	18.145485263157898
297	17.97109999999999
437	18.085159999999995
455	17.843549473684245
548	17.434864210526346
569	16.747661052631592
606	16.831168421052702
617	17.22796210526318
632	16.517863157894762
651	17.231206315789507
680	17.617103157894768
707	17.336054736842122
748	17.235552631578955
778	17.67533473684212
807	17.782912631578952
837	17.250547368421056
896	17.293424210526354
22	18.466036842105254
85	17.95219368421054
91	18.19401052631579
92	18.16798
99	18.187948421052635
106	16.77028210526316
113	17.56177578947371
134	17.95161157894734
137	18.02862631578948
160	17.556268421052657
179	16.74018105263159
196	17.970171578947404
219	17.35856105263158
220	16.850604210526335
240	17.51013368421052
252	17.18942
256	17.65546736842109
281	17.300527368421076
325	17.39907263157894
366	17.908923157894748
403	17.68224947368421
411	17.224469473684213
419	17.417275789473713
456	16.392817894736865
469	17.53670421052634
496	17.509058947368423
507	16.607653684210565
516	17.85940631578947
523	16.66308315789476
536	16.580233684210558
581	16.44443157894739
597	17.03154842105268
600	16.975536842105285
623	17.24256736842105
646	17.39032736842106
665	17.280926315789472
667	17.666356842105312
747	17.226764210526333
772	16.46312736842107
800	16.549914736842144
819	16.99933578947372
836	16.52446000000003
849	17.90746736842106
877	17.756611578947375
889	16.959155789473698
924	16.43249157894741
948	17.48053578947369
46	17.886212631578964
109	17.967550526315772
139	18.045905263157902
190	17.471014736842122
237	17.365156842105286
512	18.09217894736845
546	17.885439999999992
584	16.707853684210544
712	16.472640000000023
742	16.64806947368425
802	17.742594736842104
866	17.895141052631597
871	17.210138947368428
903	17.13970105263162
32	18.368015789473684
42	18.119583157894755
43	18.355422105263155
103	17.762656842105255
162	17.528691578947402
230	17.636105263157926
254	16.477018947368443
283	16.549490526315832
291	17.49574736842108
301	17.402811578947375
316	17.72942842105265
318	17.204801052631602
329	17.66034315789475
358	17.383193684210525
391	17.652369473684235
466	18.015615789473678
471	17.4719705263158
513	17.709535789473712
670	16.824876842105287
681	16.745937894736848
729	17.51585473684209
857	17.11259157894738
862	16.483773684210558
55	18.349092631578948
95	17.88506842105261
104	17.81567684210527
263	17.45496315789475
542	17.55548736842104
636	16.244734736842144
662	16.82776105263159
685	17.285915789473705
740	17.11796526315793
17	18.5043063157895
19	17.89950736842106
102	17.286789473684216
128	18.15456947368422
138	17.974672631578976
146	18.224035789473678
205	17.791185263157935
210	17.900581052631594
253	17.35805368421053
308	17.61411684210531
364	17.772404210526314
367	17.51236000000003
444	16.905618947368442
447	17.123450526315825
582	16.46378105263161
613	17.851251578947387
832	16.37331894736845
859	17.138900000000017
30	18.158445263157923
82	18.138415789473676
148	17.769792631578987
273	17.32642947368421
310	17.111729473684218
436	16.908444210526334
446	17.175211578947362
478	16.36886
596	16.028472631578953
703	17.408224210526328
847	16.57190315789478
869	17.248301052631604
880	16.1667978947369
286	17.657990526315782
928	16.92171263157898
70	17.863301052631574
71	18.008456842105268
114	17.255372631578965
158	17.826514736842114
226	17.56263157894737
235	17.735980000000016
294	17.77656631578947
322	17.594957894736858
408	17.65551578947369
483	16.07041368421056
549	16.526885263157922
595	16.677787368421065
759	17.750573684210543
760	16.03085894736843
768	16.814588421052655
793	16.971190526315795
892	16.877003157894755
38	18.348216842105295
59	18.492225263157877
62	18.09451157894738
65	17.99805684210526
123	18.13671789473684
202	18.067789473684204
203	17.861543157894722
214	17.711350526315794
234	17.693185263157897
243	17.309690526315812
249	17.312484210526332
288	17.83982000000001
295	17.70666631578946
342	17.30280421052634
349	17.24068421052633
404	17.209161052631593
423	17.1848810526316
427	17.771032631578933
438	17.895861052631556
458	17.251667368421057
474	17.547213684210572
510	17.493805263157917
554	16.55126526315791
561	17.595120000000005
583	17.063960000000016
648	17.5478957894737
731	17.536283157894726
824	17.26265578947369
827	17.06428315789476
926	17.3527010526316
942	17.686071578947363
47	18.323307368421073
88	17.568744210526322
152	17.689580000000017
176	17.409
347	17.742647368421036
395	17.282842105263196
506	17.387162105263148
515	17.715016842105275
601	17.22953473684211
635	16.96345157894736
694	17.492148421052647
695	17.4721010526316
706	17.23320631578948
854	17.024213684210547
884	17.24974421052633
40	17.632794736842115
93	17.814249473684228
111	18.250741052631568
161	18.084830526315816
168	17.811380000000003
222	16.899944210526357
238	17.611709473684222
251	17.181371578947356
312	17.594235789473686
335	17.02142210526318
338	17.799037894736827
431	17.28476210526319
457	17.08863263157899
504	17.04028526315791
585	17.162886315789518
664	17.171092631578944
671	17.080934736842124
728	16.817855789473672
746	16.38731578947371
777	17.224473684210526
792	17.437547368421054
898	17.216061052631595
107	17.942146315789483
110	17.869935789473665
122	18.155162105263145
305	17.574823157894755
363	17.927608421052632
376	17.50780210526318
520	16.702187368421068
534	17.36191157894735
604	15.846229473684234
615	17.13214210526317
687	17.15968736842104
691	17.16695894736845
754	16.421708421052653
794	17.09693684210525
927	15.739464210526366
143	18.08962947368422
182	17.98946315789472
384	17.23926736842104
460	16.92815789473686
672	17.237813684210547
718	17.257386315789475
937	17.32034421052634
151	17.768630526315803
215	17.634012631578944
218	17.483212631578972
568	16.65586631578951
120	18.08830736842106
280	17.924765263157887
334	17.784705263157893
435	16.808730526315795
804	16.311488421052662
57	18.299913684210527
60	18.441779999999998
121	17.714771578947374
127	17.699790526315777
145	18.2534705263158
164	18.282911578947356
184	18.214833684210493
187	18.057314736842102
199	17.77440947368423
207	17.34474947368422
298	18.096695789473706
319	17.887866315789484
337	17.538768421052666
350	17.307889473684213
354	17.720514736842105
472	17.079710526315797
500	17.277495789473697
570	17.691820000000007
602	17.585532631578932
611	17.58583473684213
657	17.190897894736864
675	17.72181157894739
690	17.670009473684225
699	17.45544105263157
741	16.90624
752	17.017631578947395
763	16.173901052631642
894	17.429084210526327
913	17.42490315789475
920	17.196071578947368
933	17.01648000000001
246	17.601542105263157
459	16.937248421052658
511	17.06857789473687
575	17.50539789473685
76	18.414730526315775
115	18.096563157894753
133	17.959446315789492
166	17.562111578947373
211	17.83060000000002
216	17.841801052631595
265	17.048916842105275
266	17.811783157894766
268	17.819156842105258
271	17.803016842105276
309	17.022465263157898
485	17.66361789473682
640	17.51918947368423
767	17.3615042105263
867	17.363430526315796
895	17.452536842105282
932	16.849585263157916
941	17.01016421052632
946	17.321603157894753
100	18.019527368421045
275	17.293203157894766
348	17.326635789473702
488	17.47375684210529
521	17.252786315789468
550	16.952281052631584
607	17.208732631578922
882	16.499615789473694
936	16.902938947368423
154	17.85299684210527
378	17.452292631578953
528	17.987480000000033
558	17.55641894736843
647	15.904115789473696
715	16.860225263157915
872	17.007463157894744
87	18.120261052631577
352	17.289073684210532
381	17.075888421052607
475	16.677975789473724
484	17.25495368421056
677	17.36389368421054
727	16.539946315789493
797	17.355725263157908
80	18.028348421052613
159	17.868230526315806
236	17.561423157894744
503	17.14683157894739
642	16.690730526315825
765	17.06323894736845
223	17.436635789473726
700	17.29745368421052
405	17.613203157894702
544	16.626577894736872
155	17.854482105263198
372	17.126242105263184
633	16.75701894736844
679	16.713545263157915
543	16.63484526315791
300	16.880073684210522
306	17.77145578947366
370	17.1252557894737
375	17.25614421052632
518	17.00817789473688
605	17.761536842105265
674	17.290963157894744
890	17.096618947368434
54	18.06600421052631
224	17.352181052631586
279	17.74607263157894
386	17.681863157894746
422	17.53078736842105
449	18.025786315789492
463	17.35818
529	16.587394736842143
721	17.021492631578944
738	16.635789473684248
750	16.89559157894738
761	17.078342105263165
775	16.582314736842104
922	16.540834736842115
183	17.0021557894737
156	17.233553684210527
245	17.70387473684211
276	17.673933684210535
287	17.434545263157904
390	17.927189473684205
498	17.31315894736844
517	17.609217894736855
545	17.422796842105278
589	17.64561684210527
735	16.4630463157895
90	17.960739999999983
264	17.96444947368419
292	17.343773684210515
410	17.46963789473683
426	17.17034947368422
494	16.799971578947403
620	16.49663684210529
661	17.511642105263174
717	17.480923157894733
726	17.432595789473684
758	16.807332631578962
835	16.68003157894737
843	16.908368421052668
221	17.821352631578964
369	17.49816736842106
387	17.32882105263158
829	16.549849473684223
840	17.067345263157897
921	17.07904105263158
949	16.664465263157897
170	17.3266189473684
171	17.575635789473694
259	17.457876842105268
525	17.38059157894737
923	16.876514736842104
78	18.040500000000005
124	18.03208736842105
434	16.977512631578954
505	17.067421052631577
629	16.92818000000004
704	17.080433684210547
830	16.803387368421056
886	16.607117894736863
943	17.326773684210515
540	17.202177894736863
821	17.03325789473685
206	17.93115157894737
267	16.924452631578944
278	17.577324210526342
441	17.120123157894756
557	16.475683157894778
650	17.279199999999996
789	16.416183157894746
450	17.006244210526308
676	16.9881715789474
930	16.24976000000002
140	17.679928421052654
296	17.313437894736857
599	16.939292631578944
813	16.730823157894775
461	16.643976842105253
497	17.243782105263175
634	17.30515684210529
909	16.605290526315795
200	17.262300000000007
258	17.37505368421054
326	17.08408105263158
345	16.836154736842122
875	16.48647684210526
904	16.620276842105294
66	17.629649473684204
83	17.81497157894737
191	17.880783157894736
330	17.442124210526334
499	17.4206705263158
574	17.26396210526317
805	16.639801052631615
906	16.241356842105287
193	17.569012631578953
415	17.19240842105265
433	16.672143157894737
282	17.0834768421053
756	16.96698842105267
126	17.831146315789482
142	18.085646315789496
324	17.627718947368443
327	16.988647368421073
468	17.41917052631578
567	17.00053368421054
801	16.822687368421068
118	17.461530526315816
533	17.057615789473694
572	16.846487368421037
668	16.592608421052635
732	17.35706315789475
736	16.966638947368434
757	17.331462105263146
825	16.489588421052638
828	16.700017894736863
893	17.23598842105265
132	17.74062842105264
260	17.33754315789475
157	17.709389473684205
535	16.91484736842104
831	16.738942105263185
874	15.934165263157924
332	17.473211578947385
563	16.760973684210537
733	16.37764315789476
739	16.82711052631582
947	17.238275789473693
618	16.796385263157887
169	17.683865263157884
195	17.374623157894717
394	17.252688421052618
539	16.333869473684228
686	17.204196842105276
839	16.833886315789485
424	15.612400000000026
630	16.624380000000023
815	16.80218736842107
227	17.6201747368421
465	17.74502526315789
693	16.548815789473675
899	17.287221052631583
315	17.687833684210535
445	17.463086315789457
764	16.78770315789475
870	16.43846315789476
919	16.360071578947398
462	17.537914736842094
144	17.469282105263137
421	17.46617894736843
470	17.392315789473695
795	16.84106000000001
865	17.2672863157895
343	16.524090526315813
580	16.82654947368422
931	16.669530526315793
451	17.188434736842098
652	17.0304947368421
861	16.88295368421053
897	16.894933684210542
914	16.580248421052666
257	17.709983157894758
261	17.199822105263184
307	17.756878947368435
590	17.23102315789474
912	16.79550947368421
716	17.13093157894736
863	17.045083157894737
302	17.45394421052633
409	17.072114736842103
416	16.895536842105262
440	17.403555789473682
217	17.12541684210527
858	16.874104210526344
551	16.691793684210538
673	17.03771789473684
682	16.212725263157903
290	17.582154736842092
303	17.162873684210545
579	16.87344842105264
783	16.496524210526342
174	17.741782105263166
619	16.965266315789496
798	16.794407368421062
638	17.259377894736843
185	17.432046315789474
371	17.354057894736837
565	17.007009473684228
614	16.387040000000027
702	16.66128421052633
766	15.93882210526316
167	16.849446315789475
241	17.168176842105275
255	17.532285263157885
373	17.438292631578946
487	17.59004631578949
743	16.7461547368421
774	16.685507368421046
374	16.6593157894737
443	16.650075789473668
864	16.83480421052633
684	16.650142105263164
649	17.598048421052656
666	17.27837263157898
907	17.15214421052633
593	16.427651578947376
285	17.510630526315808
779	16.680656842105282
481	17.203755789473707
698	16.555637894736854
272	16.96520105263159
522	16.87223368421053
808	16.528318947368426
453	17.35569789473685
799	17.031762105263176
818	17.14362526315789
713	16.196624210526334
641	17.604098947368406
803	16.814769473684205
239	16.658841052631608
244	17.75458631578946
357	16.922594736842115
368	16.82701999999999
432	17.118943157894737
532	16.987843157894737
708	16.219713684210564
770	16.79347368421058
624	17.41896631578949
643	17.099436842105284
781	17.147929473684254
817	16.75510000000004
538	17.42385473684211
564	16.82770421052631
838	16.784423157894754
555	16.698522105263173
626	16.8773515789474
773	16.39891894736844
938	16.616100000000003
250	17.33874421052634
397	16.776818947368415
165	17.83659473684211
531	17.003432631578935
751	17.02068
885	16.8948452631579
656	16.68859263157897
705	17.29604421052632
908	16.704569473684227
388	16.824786315789467
814	17.05012210526315
464	17.000996842105287
841	16.970082105263153
851	16.62216315789474
588	17.19758842105263
787	16.90570526315788
356	17.353798947368436
891	16.63874315789475
654	16.892442105263175
414	17.061906315789503
476	16.98192315789472
591	16.74608842105264
734	16.46706315789474
321	16.791681052631578
493	17.189457894736837
571	16.99186947368422
745	16.629140000000017
573	17.03079684210526
645	17.551095789473713
696	16.72235684210529
340	17.0647305263158
377	17.52253789473686
429	16.793871578947364
492	17.35459684210527
598	16.630129473684224
501	17.189576842105293
609	17.080133684210548
621	16.255720000000018
479	17.1522547368421
848	16.888093684210528
669	16.934307368421077
723	16.723409473684242
771	16.838613684210536
653	17.504418947368418
299	16.919113684210526
328	16.709050526315792
530	16.399588421052655
603	17.10911473684211
901	16.942707368421054
658	16.958817894736836
790	17.215672631578954
762	16.30628526315794
887	16.620445263157897
881	16.790712631578938
417	17.167452631578957
822	16.48738736842108
940	16.744395789473653
355	17.060827368421066
448	16.939585263157916
473	17.188822105263174
587	17.06463052631581
284	17.111158947368434
489	16.98934105263158
277	17.595027368421057
430	17.26302210526316
888	16.683885263157915
336	16.714789473684206
361	16.769552631578943
627	17.04333368421053
622	16.798993684210544
454	17.414521052631603
659	17.09853894736841
725	16.901774736842118
491	16.528746315789483
562	16.879426315789484
780	16.70668315789475
628	17.31510210526316
248	16.875664210526306
944	16.507058947368442
856	16.755608421052667
806	16.891236842105272
929	16.407330526315807
524	16.842382105263162
608	16.922214736842125
637	16.81804736842106
644	17.132023157894746
442	16.468284210526335
320	17.0014705263158
692	16.834977894736816
809	16.71034947368421
560	16.59785157894738
791	16.96689263157897
833	16.35581894736844
846	16.6594905263158
710	17.202203157894754
737	16.79489789473685
467	16.578375789473707
753	17.280558947368423
900	16.24800421052636
730	16.971574736842136
810	16.8456305263158
935	16.494003157894767
610	16.799636842105254
714	16.363982105263158
883	15.88466210526315
541	16.910641052631544
850	16.828693684210524
786	16.089434736842122
910	16.449294736842106
400	17.139049473684228
749	16.825203157894723
578	16.491004210526327
625	16.442541052631608
689	16.13817894736842
776	16.979114736842092
553	16.47215473684212
526	16.70655684210528
784	16.468509473684225
934	16.423484210526336
902	16.743624210526313
876	16.713770526315788
845	16.145330526315806
844	16.698941052631604
592	16.835764210526342
452	17.070413684210546
873	16.564192631578972
709	16.78027684210528
905	16.271177894736873
577	16.901510526315786
916	16.28642947368423
711	16.628922105263165
519	16.534754736842107
631	16.828157894736854
655	16.777212631578962
701	16.409461052631602
688	16.156006315789476
811	16.64432947368422
868	16.45584736842106
945	16.604166315789477
