0	0.9645
1	0.9314
2	0.9187
3	0.9567
4	0.9516
5	0.9580
6	0.9220
9	0.9340
10	0.8764
11	0.9411
13	0.9407
14	0.9401
15	0.8816
16	0.9000
19	0.9364
21	0.9152
22	0.9246
24	0.8701
25	0.8574
26	0.9236
27	0.9305
29	0.9178
30	0.8924
33	0.9034
35	0.9231
41	0.9099
44	0.9009
47	0.9169
49	0.7908
55	0.8986
59	0.8345
60	0.9025
62	0.9060
71	0.9019
72	0.9072
73	0.8923
75	0.8846
83	0.8775
85	0.8679
88	0.7906
92	0.7932
93	0.8309
100	0.8621
110	0.9091
113	0.8248
115	0.8663
116	0.8380
119	0.8360
121	0.8704
140	0.8536
156	0.8454
159	0.7060
173	0.7984
174	0.8180
176	0.8410
179	0.7481
182	0.8342
185	0.7954
190	0.7384
192	0.8294
194	0.8289
203	0.7821
206	0.8093
209	0.7831
217	0.8538
221	0.8094
238	0.7371
249	0.7793
255	0.8086
274	0.8438
294	0.7690
307	0.7907
311	0.8244
312	0.6852
325	0.7890
334	0.7468
367	0.7916
377	0.7839
380	0.7770
383	0.7099
385	0.7497
387	0.7467
391	0.7329
395	0.7357
416	0.6781
423	0.7515
448	0.7151
452	0.7871
464	0.7422
503	0.7833
522	0.7472
553	0.7509
567	0.7351
576	0.8071
581	0.7052
583	0.7472
590	0.7928
591	0.7568
605	0.7526
607	0.7385
617	0.7622
629	0.7968
630	0.6919
645	0.7919
653	0.7495
676	0.7161
693	0.7497
711	0.7785
723	0.7425
730	0.6794
745	0.7438
751	0.7675
767	0.6816
775	0.6584
786	0.7435
791	0.7232
824	0.6847
849	0.6458
865	0.7133
873	0.7210
891	0.7423
915	0.7206
7	0.9443
51	0.8875
79	0.8649
99	0.7962
102	0.8115
120	0.8475
124	0.8289
225	0.8229
240	0.7377
252	0.8093
323	0.7394
337	0.8119
353	0.6018
421	0.7178
424	0.7083
427	0.6932
537	0.6451
554	0.6848
592	0.6712
596	0.6624
615	0.6041
643	0.6715
744	0.6937
855	0.7195
871	0.6819
926	0.6745
20	0.8870
42	0.7313
52	0.8882
123	0.7763
129	0.7535
150	0.7404
158	0.8698
220	0.7537
248	0.7668
384	0.6711
462	0.6390
546	0.7753
549	0.7620
572	0.7327
647	0.6793
720	0.6180
721	0.6353
770	0.6343
841	0.6144
908	0.6477
917	0.5830
924	0.6326
18	0.9156
34	0.9275
36	0.8768
46	0.9067
63	0.8530
64	0.8427
66	0.8414
86	0.8617
98	0.8227
103	0.8670
106	0.8623
107	0.8230
118	0.8473
126	0.7875
144	0.8250
152	0.7722
155	0.7890
161	0.7422
175	0.7706
178	0.7849
202	0.8440
210	0.7493
215	0.8010
216	0.8539
218	0.8646
222	0.7627
258	0.7339
264	0.7511
267	0.7563
270	0.7596
276	0.8103
302	0.8014
319	0.7441
330	0.6911
332	0.7310
342	0.7830
350	0.7923
393	0.7407
409	0.7887
415	0.7961
438	0.7106
451	0.7199
474	0.7728
478	0.7537
481	0.7451
482	0.8098
491	0.6990
510	0.7155
531	0.7789
619	0.7636
646	0.7351
656	0.7103
687	0.6718
695	0.6878
712	0.7465
714	0.7235
739	0.7407
761	0.7094
832	0.6535
868	0.6990
880	0.6907
930	0.6079
8	0.9401
12	0.8839
32	0.9266
40	0.8622
68	0.8181
76	0.7547
90	0.8504
94	0.8695
122	0.7721
128	0.8401
132	0.8641
135	0.8594
183	0.8496
226	0.7911
231	0.7546
256	0.7440
260	0.7727
261	0.7829
273	0.7492
305	0.7506
339	0.7339
351	0.7775
360	0.7269
426	0.7617
458	0.7196
463	0.7695
467	0.6948
476	0.7351
485	0.7847
516	0.7059
562	0.6807
613	0.6617
621	0.6694
800	0.6277
806	0.6508
812	0.7420
872	0.6406
922	0.6586
927	0.6453
932	0.6734
954	0.6733
28	0.9298
37	0.8974
48	0.8741
53	0.8853
69	0.8769
77	0.8106
95	0.7924
101	0.8364
109	0.8179
112	0.7551
117	0.7992
130	0.7516
165	0.8202
166	0.7937
169	0.8231
191	0.7962
193	0.8262
230	0.8384
251	0.7956
257	0.7780
275	0.7314
304	0.7733
306	0.7354
324	0.7660
327	0.7356
338	0.7720
346	0.7410
378	0.7748
401	0.7567
407	0.7289
439	0.6948
454	0.7483
499	0.6907
508	0.7601
517	0.7531
652	0.6653
658	0.6685
663	0.7516
677	0.7370
685	0.6675
707	0.7415
736	0.6983
766	0.6987
768	0.7399
787	0.6856
805	0.7076
814	0.6651
860	0.6737
884	0.6181
45	0.8988
188	0.8242
212	0.6988
253	0.8005
297	0.7423
314	0.7089
471	0.6863
632	0.6762
17	0.9161
61	0.8295
80	0.8171
205	0.8188
247	0.7426
280	0.7099
282	0.7920
331	0.7193
373	0.7239
394	0.6917
405	0.7140
495	0.6307
634	0.7032
655	0.7377
669	0.6470
704	0.7338
706	0.6588
734	0.6266
750	0.7253
828	0.7410
842	0.6771
923	0.6197
925	0.6633
945	0.6621
38	0.8194
39	0.8986
54	0.8453
141	0.7785
146	0.6693
167	0.8142
168	0.7800
197	0.7358
201	0.7702
207	0.7243
250	0.7724
283	0.8208
290	0.7363
292	0.7023
343	0.7512
356	0.7190
376	0.6703
382	0.6540
437	0.6733
443	0.7712
446	0.6974
496	0.7238
561	0.7324
773	0.6753
846	0.6507
902	0.6260
941	0.6694
50	0.8473
65	0.8465
89	0.7884
105	0.7953
108	0.7837
180	0.8281
239	0.7111
244	0.6667
372	0.7410
374	0.7041
402	0.6733
404	0.7325
514	0.7104
535	0.6948
577	0.6808
665	0.6997
696	0.6777
708	0.6864
731	0.6774
822	0.7053
826	0.6523
836	0.7202
320	0.7600
375	0.6864
23	0.9432
82	0.8607
91	0.8268
97	0.8408
111	0.8467
164	0.8587
184	0.7953
299	0.7707
315	0.7234
348	0.7067
364	0.7291
411	0.7612
431	0.7240
468	0.7106
506	0.7189
507	0.6849
512	0.6835
521	0.6755
556	0.7128
673	0.7173
675	0.7538
689	0.7392
777	0.6547
830	0.7192
848	0.6858
905	0.6375
938	0.6968
224	0.6812
419	0.7531
528	0.7036
588	0.6086
874	0.6939
936	0.6169
57	0.8753
96	0.7976
234	0.6817
259	0.8672
303	0.7890
398	0.6538
444	0.7069
445	0.7616
565	0.6497
597	0.6563
614	0.7340
636	0.7240
719	0.6822
757	0.6338
778	0.6886
56	0.8446
125	0.8504
127	0.8069
145	0.7601
162	0.8145
181	0.8269
211	0.6647
271	0.8229
279	0.7559
301	0.7304
369	0.8155
525	0.6301
542	0.7218
573	0.6945
701	0.6986
762	0.6828
833	0.6015
838	0.6532
850	0.6618
867	0.6555
929	0.6875
358	0.7093
783	0.6318
935	0.6574
84	0.7911
143	0.8607
196	0.7842
399	0.6729
513	0.6514
524	0.7290
534	0.7312
756	0.5715
879	0.6855
43	0.8814
136	0.8616
199	0.6413
229	0.7613
265	0.7108
277	0.7671
295	0.7525
326	0.6482
396	0.6570
504	0.6215
538	0.6242
618	0.6732
627	0.7143
681	0.6258
758	0.6884
785	0.7093
839	0.5617
138	0.7637
142	0.7634
195	0.7776
263	0.8289
285	0.7102
296	0.7216
432	0.7502
479	0.6555
616	0.7122
668	0.6765
682	0.6033
835	0.6947
858	0.5724
862	0.6574
887	0.6670
31	0.8785
131	0.7095
154	0.7249
242	0.7163
388	0.7088
475	0.7575
500	0.6887
511	0.7442
569	0.6707
626	0.6725
642	0.6251
743	0.6580
794	0.7275
813	0.7195
843	0.6367
866	0.7154
937	0.7096
232	0.7533
413	0.7912
601	0.5894
608	0.6037
741	0.6505
821	0.5615
67	0.8051
515	0.6226
574	0.6526
602	0.6237
606	0.6609
678	0.6226
688	0.6154
740	0.6691
771	0.6614
878	0.6580
147	0.7494
171	0.8114
236	0.7865
246	0.6994
309	0.7264
316	0.7022
585	0.6612
640	0.6526
755	0.6086
886	0.6088
898	0.5710
114	0.7856
137	0.8070
148	0.6948
153	0.8490
160	0.7494
189	0.7233
228	0.7709
254	0.8258
300	0.7956
310	0.7962
340	0.7002
341	0.7437
397	0.7614
410	0.6919
420	0.6635
429	0.6920
440	0.7498
447	0.7111
498	0.7598
586	0.6690
609	0.7140
638	0.6622
709	0.6440
769	0.6504
825	0.6989
882	0.7103
914	0.7031
950	0.6167
961	0.6567
965	0.7097
268	0.6967
699	0.6683
749	0.5730
949	0.4783
262	0.6727
390	0.6972
460	0.7258
465	0.6741
501	0.6458
746	0.7245
912	0.6473
81	0.8390
200	0.8596
505	0.6934
599	0.6549
612	0.6572
819	0.5854
74	0.7766
149	0.7326
213	0.7173
355	0.7189
361	0.8175
370	0.7583
381	0.6774
469	0.7045
527	0.6458
717	0.6609
759	0.6440
881	0.5933
940	0.6627
70	0.8864
456	0.6676
622	0.6277
650	0.6457
804	0.6335
854	0.6602
335	0.6695
633	0.6617
639	0.6790
661	0.5932
851	0.6332
910	0.6094
920	0.6012
308	0.6410
389	0.6147
414	0.7571
459	0.6578
488	0.6269
551	0.5899
552	0.5404
747	0.6325
802	0.6170
939	0.6060
58	0.7458
172	0.7837
233	0.7592
333	0.7239
352	0.7071
386	0.7627
430	0.6959
489	0.7262
718	0.7011
733	0.6048
765	0.6690
177	0.7943
198	0.7403
284	0.6499
435	0.6688
933	0.5918
139	0.7461
366	0.7415
442	0.6999
520	0.8018
566	0.6104
892	0.6453
953	0.6512
133	0.7220
322	0.6491
365	0.8311
470	0.6969
530	0.7076
559	0.7051
571	0.5800
644	0.6571
729	0.6470
897	0.6274
659	0.5948
684	0.7068
134	0.7629
151	0.7732
208	0.8015
466	0.6782
856	0.5657
170	0.6916
400	0.7132
533	0.5837
764	0.5783
844	0.5497
187	0.7605
664	0.6459
321	0.6833
441	0.6211
453	0.6396
497	0.6226
916	0.5937
78	0.7674
269	0.6272
347	0.7309
484	0.6637
578	0.6728
620	0.5717
728	0.6677
737	0.6663
779	0.5109
781	0.4819
782	0.6371
889	0.6084
359	0.6216
666	0.5752
816	0.5915
837	0.5669
918	0.6247
357	0.7383
428	0.6744
472	0.6414
594	0.6527
654	0.5539
803	0.5253
809	0.6191
857	0.5972
877	0.6055
948	0.5906
963	0.6418
368	0.7145
412	0.7426
433	0.6387
631	0.6315
694	0.6226
780	0.6535
403	0.6880
494	0.6384
450	0.6458
241	0.6634
544	0.5883
726	0.6239
564	0.6934
944	0.5776
313	0.6075
543	0.5784
558	0.5672
204	0.6549
455	0.5859
899	0.6112
186	0.7169
287	0.7592
547	0.5921
570	0.5755
934	0.6400
541	0.6365
219	0.6822
362	0.6986
784	0.5996
298	0.6446
87	0.8828
519	0.6862
831	0.5926
885	0.5951
371	0.6527
408	0.6211
625	0.6023
901	0.5199
523	0.6619
683	0.6881
697	0.5441
752	0.5453
859	0.5929
864	0.5519
895	0.5714
281	0.6660
582	0.6286
487	0.5446
725	0.5437
649	0.6096
660	0.5706
702	0.5150
834	0.5083
272	0.7773
223	0.7575
563	0.6189
490	0.7392
540	0.6961
580	0.5832
692	0.5657
823	0.5552
876	0.5359
959	0.5594
964	0.4960
157	0.7706
227	0.6590
349	0.7504
392	0.6082
593	0.5738
245	0.6821
536	0.6795
611	0.6183
641	0.5824
691	0.5290
852	0.5998
163	0.8216
328	0.6301
928	0.6193
957	0.5374
425	0.7454
568	0.5750
214	0.7692
483	0.6993
532	0.6739
266	0.6751
417	0.6186
672	0.5130
235	0.7107
237	0.7380
772	0.6129
796	0.5197
840	0.5498
956	0.5420
674	0.5820
710	0.5876
818	0.6279
344	0.5856
801	0.5877
624	0.5491
686	0.6072
700	0.6533
893	0.6602
942	0.5044
293	0.7244
657	0.6497
104	0.7124
449	0.5723
869	0.5542
379	0.6772
595	0.4989
742	0.6231
808	0.5867
598	0.6170
789	0.5855
354	0.5384
289	0.6525
587	0.7112
888	0.5466
243	0.7034
406	0.6570
703	0.6285
713	0.5425
288	0.7456
883	0.5620
817	0.5933
820	0.7129
903	0.5762
680	0.6462
502	0.5790
896	0.5925
890	0.5323
947	0.5671
788	0.5986
919	0.5632
286	0.6430
847	0.5770
473	0.6423
555	0.5694
648	0.5803
329	0.6117
760	0.5638
811	0.5566
906	0.5373
861	0.4670
904	0.5016
637	0.5893
732	0.5481
748	0.5440
807	0.4784
829	0.5826
911	0.4992
943	0.5026
278	0.6682
318	0.5250
557	0.5966
863	0.5109
952	0.5139
436	0.6676
690	0.5695
951	0.5318
827	0.5456
575	0.5601
610	0.5579
955	0.5130
363	0.7605
795	0.5893
550	0.5876
477	0.5714
603	0.6499
317	0.5890
461	0.5809
698	0.5373
291	0.6377
931	0.5601
336	0.5404
604	0.4834
345	0.7004
810	0.5839
853	0.5521
958	0.5454
418	0.6497
727	0.4927
671	0.5995
434	0.6885
579	0.5710
600	0.5563
545	0.5641
548	0.4965
679	0.5467
635	0.5438
480	0.5485
486	0.5509
792	0.5705
560	0.6622
529	0.5586
815	0.4988
670	0.6126
921	0.5313
493	0.6018
526	0.6304
798	0.5163
754	0.4669
900	0.4070
790	0.5828
875	0.4590
913	0.4857
715	0.5262
589	0.5144
793	0.4914
518	0.5634
539	0.5003
724	0.4696
845	0.4392
422	0.5358
509	0.7515
651	0.5001
457	0.5981
894	0.5181
716	0.5235
774	0.5405
492	0.6660
738	0.5071
584	0.6940
799	0.5384
722	0.5011
705	0.5204
623	0.5830
909	0.5141
776	0.4699
735	0.5388
628	0.4763
667	0.5172
907	0.5190
763	0.5681
662	0.5042
962	0.4999
797	0.3915
870	0.5203
753	0.5606
960	0.4639
946	0.5510
