0	0.83156855
1	0.82792945
2	0.83117683
3	0.83139644
4	0.83134245
5	0.83152484
6	0.83135314
7	0.83136352
8	0.83139046
9	0.83129843
12	0.83047453
13	0.83122893
15	0.83167945
17	0.83138899
20	0.78123082
22	0.83144738
26	0.82837159
27	0.83031143
35	0.82691541
38	0.82936488
41	0.81865681
42	0.82444644
46	0.79688658
52	0.82562883
54	0.83067872
56	0.83123847
57	0.83020461
58	0.81096069
61	0.82991488
77	0.83125681
80	0.80261897
87	0.82993480
88	0.79628753
106	0.80025545
109	0.82633208
123	0.66834843
136	0.74888249
141	0.81951457
153	0.79343868
155	0.81141048
161	0.81258973
166	0.75216268
173	0.80670514
195	0.67422662
197	0.74858595
201	0.73676488
219	0.76109392
226	0.74221300
241	0.72752851
246	0.69339864
252	0.78901279
261	0.78591897
264	0.74381740
295	0.73451824
299	0.75150052
305	0.71462830
330	0.66665419
338	0.66011447
346	0.75718229
376	0.75134287
379	0.80245933
391	0.68093627
399	0.66277767
402	0.70499507
410	0.62273931
425	0.68685556
427	0.69000189
458	0.70478700
493	0.70572579
513	0.66019277
523	0.66268239
553	0.65884958
587	0.64536426
599	0.61793375
605	0.67865943
614	0.64002642
674	0.66290556
677	0.67888658
695	0.66376614
705	0.64963145
741	0.65478721
763	0.60731667
794	0.65489140
809	0.63053931
810	0.62574203
821	0.60438501
827	0.62842579
829	0.61449612
856	0.63680681
870	0.61406530
895	0.58050975
907	0.60416216
909	0.60164109
915	0.58490828
948	0.62352264
10	0.83134319
11	0.83153071
28	0.83063082
82	0.83087495
83	0.82980210
262	0.73281384
312	0.66788344
386	0.65992107
464	0.68857820
519	0.62609822
585	0.66683270
602	0.63339025
617	0.67134088
660	0.67527055
754	0.60481342
947	0.64417537
14	0.83149130
24	0.83137306
36	0.82863166
39	0.83136614
55	0.82403983
63	0.80557358
71	0.79635535
95	0.82800524
114	0.82303019
115	0.76141373
169	0.75680891
176	0.79100524
191	0.78972180
209	0.69434046
307	0.71585597
323	0.62433763
349	0.71478952
363	0.71878008
394	0.69070618
396	0.77700503
409	0.78262432
411	0.70619298
430	0.69777201
463	0.73163396
494	0.68005283
518	0.60368354
542	0.62202128
562	0.60921698
630	0.60098218
651	0.65485597
670	0.70463962
680	0.61776059
692	0.60324969
704	0.64967495
717	0.67035713
766	0.67679423
805	0.61162180
838	0.64463899
886	0.59867285
933	0.57193889
16	0.82902862
19	0.83157212
32	0.81304623
53	0.81640419
59	0.83023836
62	0.82993061
65	0.83091509
79	0.82140461
84	0.83056226
98	0.80928312
146	0.75817096
154	0.70034885
177	0.78130807
179	0.78062390
211	0.80706279
213	0.81516950
231	0.74884015
239	0.75813176
244	0.66109780
255	0.76858983
271	0.76176782
281	0.68325325
283	0.67189340
297	0.73209078
298	0.74864790
306	0.77775912
335	0.66591803
337	0.72941247
344	0.75108050
401	0.66450115
403	0.74194581
408	0.67892474
439	0.72340566
501	0.73845776
503	0.62053805
512	0.61823050
521	0.61836122
540	0.67707065
575	0.65899507
581	0.63159465
596	0.63627683
601	0.60859361
621	0.65643920
637	0.65548239
646	0.62191258
669	0.61807296
711	0.66486499
718	0.71382128
724	0.60749088
733	0.63228721
751	0.70418040
826	0.58660273
836	0.64265702
866	0.59160744
922	0.61237411
935	0.57270776
938	0.61314602
943	0.59412317
18	0.83138176
21	0.83153050
23	0.83141572
30	0.83151216
33	0.83180901
40	0.81762327
44	0.82482830
45	0.77997474
50	0.79835482
92	0.77260210
103	0.82548145
116	0.81320294
117	0.82702096
147	0.73220922
151	0.76201604
267	0.66733365
280	0.70257631
301	0.73616625
304	0.63156205
327	0.71761300
328	0.71246551
350	0.75362128
404	0.66953732
415	0.73337956
448	0.75382484
471	0.71423155
514	0.72433679
554	0.61088973
556	0.61130503
557	0.69631604
560	0.69328616
574	0.64894864
593	0.65934361
632	0.62240105
634	0.69276677
654	0.64859099
687	0.66318994
729	0.66349245
775	0.61181646
855	0.62502075
864	0.63302348
880	0.64022977
908	0.60078145
949	0.59085325
67	0.82351342
74	0.82217746
81	0.76863176
90	0.70590451
99	0.81852369
101	0.82679109
134	0.80193260
145	0.69141174
158	0.80910283
163	0.81517998
184	0.76292526
187	0.79522925
218	0.78137683
257	0.76976656
259	0.69958648
275	0.61989790
278	0.75066394
288	0.69746006
311	0.76805922
336	0.70917893
393	0.62619801
397	0.66604444
407	0.76491247
417	0.65787128
436	0.68884916
450	0.63976614
481	0.75316488
486	0.72766342
507	0.74894277
569	0.59758669
629	0.61347767
673	0.71782212
675	0.68035231
776	0.62190776
910	0.56541226
931	0.61048239
950	0.59409203
31	0.83086834
34	0.83068375
48	0.83114067
51	0.74729874
66	0.78571855
69	0.81247767
85	0.79514350
89	0.82132484
96	0.75306310
122	0.66053407
125	0.68664099
128	0.70142715
130	0.79178019
135	0.80966562
142	0.76391289
157	0.81966090
159	0.79810409
162	0.82903333
165	0.80278449
168	0.82224140
170	0.76238585
190	0.82389748
205	0.77086992
208	0.75037945
210	0.78408166
222	0.66871426
235	0.74882841
236	0.77417925
242	0.69377673
243	0.74409874
253	0.69427222
270	0.66628690
274	0.71680556
293	0.73192725
302	0.79385524
303	0.72191006
318	0.77552264
321	0.75830954
322	0.79099633
339	0.68698711
357	0.76760210
358	0.64308637
372	0.70261992
375	0.72157002
382	0.69342013
387	0.69939612
388	0.71658019
419	0.68952600
433	0.78379790
435	0.71912453
475	0.65063522
480	0.68121698
491	0.74907002
510	0.62896258
524	0.62242715
530	0.67956038
533	0.65346436
561	0.64851164
570	0.62851258
572	0.71365860
608	0.60938532
609	0.60281897
645	0.68553082
681	0.69129004
699	0.66493753
706	0.61918428
712	0.64671101
713	0.61629969
725	0.68525147
734	0.62726300
739	0.62606153
743	0.65061855
745	0.62168082
755	0.63026310
783	0.62718994
791	0.64636688
800	0.62691992
834	0.63202442
850	0.62084822
863	0.61219214
867	0.58304948
872	0.64898847
876	0.60302809
897	0.59013711
903	0.59260807
929	0.59066971
936	0.57569308
941	0.60740231
944	0.61002411
37	0.81241782
91	0.82453836
108	0.79122107
119	0.72162925
138	0.82675629
160	0.82352820
183	0.76826719
200	0.72797579
214	0.69123197
217	0.73877883
256	0.69197013
260	0.73511950
282	0.81281845
289	0.71432484
373	0.71229853
385	0.70487180
434	0.67353889
437	0.61666373
460	0.69286761
498	0.72785262
499	0.65315440
618	0.62562683
715	0.62175618
720	0.61315681
807	0.65497673
817	0.65380786
875	0.59119161
918	0.59616111
25	0.83140010
76	0.72826604
120	0.80143491
139	0.82299591
172	0.79092966
192	0.73000597
221	0.80101405
232	0.73141803
233	0.71721069
291	0.71123920
308	0.76982715
309	0.77379906
426	0.71895671
447	0.68501960
517	0.65102212
597	0.64786950
622	0.60600692
623	0.68503249
625	0.68634769
631	0.63599444
647	0.62117138
668	0.64979015
726	0.62226247
738	0.65145042
750	0.64989109
806	0.66628543
812	0.63989266
847	0.66515660
898	0.62472369
932	0.60808061
93	0.67662746
97	0.73454948
100	0.78633082
112	0.74743962
189	0.80097358
294	0.69929298
334	0.77430367
348	0.75836656
381	0.72124748
440	0.68371226
445	0.64203700
568	0.58908679
589	0.64856541
690	0.64979885
714	0.66827809
747	0.66825105
771	0.60645514
857	0.60804465
877	0.62722998
60	0.81667956
118	0.76136813
124	0.81841247
132	0.81626017
143	0.82909371
164	0.79110870
203	0.73159570
216	0.78583836
237	0.80669738
240	0.76597484
245	0.69286237
250	0.74984371
258	0.80321101
263	0.69499549
326	0.75938690
340	0.64181048
366	0.73463155
370	0.71892432
378	0.64725524
438	0.76784298
459	0.60231730
487	0.76409235
502	0.70153711
604	0.69170430
642	0.60262526
649	0.62404895
698	0.60719350
708	0.60797159
716	0.68217264
904	0.61543040
921	0.59501080
925	0.58351352
928	0.60469203
939	0.59494591
946	0.61948008
43	0.83101897
47	0.82909319
102	0.72957369
107	0.82421237
121	0.81821960
133	0.80119214
152	0.80035681
174	0.74479486
181	0.79020335
268	0.74474392
273	0.70532778
319	0.74201562
333	0.65620818
374	0.61569025
377	0.64668480
384	0.61190147
421	0.73393847
431	0.65610776
442	0.69239256
455	0.69631310
473	0.68527537
474	0.68784885
525	0.62350136
527	0.64404287
537	0.65525776
538	0.70885660
611	0.71773721
628	0.71259864
693	0.61661153
761	0.65125231
773	0.64003711
789	0.61303491
799	0.64276258
802	0.64132652
825	0.67116027
841	0.60751646
843	0.59152600
896	0.60361111
951	0.62399392
131	0.81751478
461	0.77367558
832	0.61957809
890	0.62718040
29	0.83130776
140	0.68749738
148	0.66719843
228	0.79341792
269	0.70312107
343	0.75958187
354	0.73779403
390	0.65669916
453	0.61739015
483	0.61682086
496	0.66866876
626	0.67708071
655	0.59216698
759	0.62260765
795	0.62014172
813	0.61260734
851	0.65619696
75	0.82309612
113	0.82741205
194	0.77785157
324	0.79300964
356	0.74819906
398	0.65257159
467	0.66408166
612	0.70120367
613	0.64774665
624	0.61201992
701	0.60393260
782	0.59429937
837	0.60631646
923	0.59444727
70	0.82213774
72	0.82175566
129	0.80980052
178	0.71920294
188	0.82714832
331	0.65983784
367	0.66466719
482	0.69596520
541	0.71842694
590	0.71753166
600	0.70745126
652	0.65536090
689	0.64311834
804	0.65045147
844	0.63584874
869	0.62382117
882	0.59987338
68	0.79492526
320	0.71679790
351	0.75417851
429	0.72009560
563	0.65297547
580	0.61907390
633	0.59267107
778	0.65102851
49	0.83071918
110	0.78893784
126	0.74405273
215	0.73915147
353	0.71602673
371	0.76593092
428	0.67864790
488	0.65724298
552	0.67461111
588	0.59881992
627	0.65017317
737	0.59997317
796	0.67703973
797	0.60015692
803	0.61258648
824	0.60009361
911	0.65269182
913	0.58998501
86	0.75151373
149	0.79342998
206	0.76776279
227	0.65200839
248	0.68279361
347	0.61489937
515	0.70787411
535	0.72704591
546	0.73326164
548	0.60630314
551	0.68029602
607	0.61429119
643	0.65832117
727	0.60231027
746	0.64533784
753	0.69017987
757	0.58090147
785	0.64343805
831	0.68630252
853	0.62829130
220	0.77170985
225	0.79920094
287	0.70739633
400	0.65222725
418	0.72942170
543	0.68693302
567	0.61696143
573	0.70237463
667	0.60950723
688	0.60145681
694	0.60242453
703	0.60609465
732	0.60167180
862	0.61778637
885	0.61354969
545	0.58946509
171	0.80324245
180	0.80899046
368	0.65994633
406	0.73982055
465	0.69284455
468	0.71936866
665	0.70027788
683	0.59755702
748	0.59142055
777	0.65625922
784	0.58294927
865	0.63890577
196	0.80536426
290	0.76957893
392	0.68261761
495	0.69177778
536	0.71667149
544	0.66150031
566	0.67821782
764	0.60473365
772	0.58595608
781	0.61358732
792	0.60078365
808	0.61047107
840	0.59312023
868	0.59615797
892	0.59619528
905	0.62263333
916	0.59937589
111	0.77439633
137	0.80970388
156	0.77253103
223	0.73724266
230	0.70208889
276	0.80143931
389	0.73731604
449	0.60785828
526	0.66274581
564	0.68148019
578	0.65069885
659	0.68858606
752	0.61623323
801	0.61467956
73	0.77683124
78	0.82754308
105	0.71865964
127	0.82648816
286	0.73504193
325	0.68200273
576	0.63803459
598	0.69804329
619	0.64417956
788	0.63302610
167	0.77542013
355	0.69443480
603	0.62011971
664	0.67621562
728	0.59536971
790	0.59530325
828	0.58410073
920	0.60091038
927	0.60865943
479	0.75020346
508	0.67395189
571	0.69200325
586	0.60143029
709	0.61016478
891	0.60122191
316	0.64939864
364	0.77499759
638	0.64825335
656	0.64324350
721	0.63245409
207	0.78483008
362	0.75417642
516	0.58227254
539	0.68573428
672	0.64588983
730	0.62005660
835	0.60304476
894	0.60502013
182	0.76379193
266	0.68740755
277	0.69819266
345	0.70613145
454	0.71419088
509	0.70353690
558	0.65880964
583	0.62055063
606	0.67673312
644	0.69842945
666	0.60649444
671	0.59524790
723	0.70685556
786	0.65022715
830	0.59907201
871	0.61604979
193	0.78126488
212	0.77180210
247	0.69785744
254	0.73614874
405	0.71099560
478	0.64597642
591	0.73633417
685	0.63308249
104	0.78380199
292	0.71069570
296	0.77302830
451	0.68621730
793	0.61367180
472	0.67618176
822	0.66518952
198	0.82731824
199	0.75703071
285	0.79313753
661	0.65857034
686	0.57867233
780	0.64487201
787	0.69047862
798	0.60650398
811	0.63149350
820	0.59438270
852	0.61342096
422	0.67395262
443	0.68335262
700	0.63552673
175	0.82896321
310	0.66500985
762	0.65328470
816	0.59497400
94	0.82223134
251	0.69416656
452	0.71886457
497	0.66253249
648	0.64914916
854	0.67272044
383	0.68570807
594	0.72209088
64	0.83045765
414	0.71008721
582	0.64972474
731	0.69480440
341	0.80875493
365	0.73264434
549	0.60987170
635	0.64228197
412	0.67987505
485	0.68468994
531	0.58902579
229	0.71149224
238	0.61107610
359	0.77391006
424	0.74373795
484	0.76883050
577	0.63843197
879	0.57561164
329	0.70814235
300	0.60345996
584	0.74614633
878	0.64097746
420	0.64457736
423	0.71116866
520	0.68816205
550	0.63390136
636	0.62060419
663	0.69726971
858	0.58297809
186	0.77761384
456	0.65856017
224	0.75965776
500	0.68370482
595	0.72715042
735	0.60732945
930	0.58291038
265	0.65300608
284	0.80099591
317	0.70468029
641	0.70723564
849	0.63865451
279	0.75883553
823	0.59921310
842	0.58038669
234	0.77460535
555	0.67865671
579	0.66908574
615	0.60362348
881	0.61011887
940	0.59678763
332	0.71651195
466	0.72086719
504	0.64237096
249	0.66531331
314	0.65693438
342	0.75158763
441	0.61005325
489	0.72858816
887	0.61608365
476	0.67956447
653	0.63910587
767	0.64788889
779	0.60122442
818	0.57835000
900	0.63099340
506	0.63090000
736	0.58033050
144	0.80417956
315	0.70280985
522	0.60800377
559	0.66796478
640	0.61637128
917	0.58365860
150	0.76235398
744	0.59726321
768	0.60224172
528	0.59845440
272	0.74939885
529	0.66069958
839	0.65381373
511	0.65941656
444	0.66612809
742	0.66181226
884	0.58088732
883	0.58546300
432	0.69043061
592	0.64874895
888	0.58721101
185	0.74216027
361	0.68539623
749	0.59935870
765	0.58748396
416	0.61022075
756	0.62548375
906	0.58483323
532	0.72494654
547	0.65216069
696	0.57824403
848	0.58539937
945	0.59266698
919	0.58765692
678	0.61406688
770	0.55763690
819	0.59021834
937	0.57758417
953	0.61516069
722	0.66286792
845	0.59623040
710	0.61200692
833	0.61756394
505	0.61238229
534	0.74960210
679	0.60348774
380	0.68684706
914	0.57646426
934	0.62190922
470	0.63498176
707	0.60188103
815	0.60168637
462	0.60979172
740	0.57904916
873	0.56477830
658	0.60850828
874	0.58453218
313	0.79550503
477	0.60692023
657	0.60275681
457	0.76285367
860	0.59513344
490	0.60348648
889	0.61938606
413	0.67477296
446	0.63895084
697	0.67262757
893	0.58939916
926	0.58328648
352	0.71246824
691	0.60780178
924	0.58725535
684	0.59600314
899	0.62551834
650	0.59244361
610	0.59962075
952	0.60655199
369	0.73335356
682	0.62696530
469	0.66666813
814	0.58352925
639	0.65157400
662	0.59978344
202	0.74622746
204	0.79830398
758	0.60756321
760	0.63506824
719	0.64116792
902	0.58245839
846	0.58420922
395	0.70137285
620	0.60502442
360	0.67972547
492	0.63443512
912	0.57169277
769	0.56860356
702	0.60112191
859	0.58052914
616	0.69190933
861	0.61130419
901	0.58395650
565	0.58318428
676	0.66232600
774	0.58934906
942	0.56513050
