0	0.83310509
1	0.83320020
2	0.83238403
3	0.83333034
4	0.83303483
5	0.83332625
6	0.83324441
7	0.83284651
8	0.83341517
10	0.83322874
13	0.83340788
18	0.83338972
20	0.83188263
23	0.81977275
24	0.83325030
30	0.83293244
34	0.83252006
40	0.71616108
41	0.80701208
44	0.82484192
48	0.83128224
50	0.83285020
51	0.80566627
56	0.82938094
67	0.83250479
68	0.80971018
71	0.77637774
83	0.80857585
89	0.80527725
106	0.81247425
111	0.82738563
115	0.81292355
125	0.80268413
133	0.81418463
136	0.83129182
137	0.82294601
139	0.81302745
142	0.83012665
143	0.80203533
151	0.81302246
154	0.72412884
157	0.79390140
160	0.70280230
173	0.81105629
174	0.78704820
181	0.76434631
197	0.66335768
205	0.82751108
215	0.74519661
219	0.72199770
229	0.77102495
232	0.80227186
237	0.76376168
242	0.62915599
245	0.66005978
250	0.73987365
251	0.76004830
267	0.75974850
269	0.74560419
276	0.75126377
278	0.81253902
304	0.73527335
318	0.74084232
319	0.67131287
324	0.71695419
341	0.77370230
342	0.66034850
344	0.67513812
345	0.69539571
347	0.69492066
355	0.75072964
357	0.78269661
371	0.77625289
394	0.65849750
402	0.78456068
436	0.79161607
440	0.62070259
442	0.66964541
480	0.62406866
501	0.65227984
502	0.72231028
503	0.65981557
504	0.61269920
516	0.65812974
518	0.65984970
525	0.62510130
529	0.69984890
533	0.65341846
539	0.65960040
545	0.65588583
548	0.65334930
572	0.68580539
576	0.64858453
614	0.61062236
628	0.61632405
646	0.65720958
665	0.67447655
673	0.60690669
677	0.66806387
694	0.75566347
715	0.61894780
731	0.65270289
739	0.60477595
764	0.63560479
828	0.60914341
862	0.58430808
870	0.60955928
887	0.60865679
911	0.62749102
936	0.63323723
948	0.60359750
950	0.61190659
969	0.63570699
9	0.83341926
12	0.83320160
16	0.83293363
22	0.83240309
46	0.83292914
54	0.82749212
64	0.80761756
72	0.83116477
74	0.83304401
86	0.83225220
93	0.81795529
94	0.67077016
180	0.74661008
186	0.74509741
187	0.82548044
188	0.83046058
216	0.79703224
227	0.80167595
253	0.63958383
264	0.72473144
288	0.80666327
301	0.69748313
327	0.76330519
399	0.76870699
413	0.71579940
421	0.70885080
453	0.66037445
486	0.66786856
524	0.71466597
547	0.69165559
675	0.64807026
745	0.61300409
844	0.63959271
859	0.61613044
889	0.61332196
947	0.59385000
11	0.83305339
21	0.83280978
25	0.83296367
29	0.83314621
47	0.82587814
70	0.80576068
91	0.81343154
96	0.82990878
102	0.83099371
103	0.83091826
135	0.79743643
138	0.79947335
293	0.79590489
337	0.66474621
517	0.69221218
561	0.71697206
569	0.64660778
717	0.65342525
730	0.66729371
765	0.66209182
14	0.83310040
35	0.83203593
39	0.83004990
62	0.81130140
73	0.83195948
95	0.81340479
105	0.82532525
130	0.82443473
163	0.81494072
165	0.72632056
196	0.79659242
200	0.81857894
208	0.69648543
225	0.69668752
254	0.71645609
280	0.77957774
313	0.77241547
322	0.62033164
373	0.70053054
418	0.61920469
424	0.75719840
434	0.71388134
473	0.69146707
477	0.67271677
494	0.71541966
497	0.73467106
650	0.68769072
668	0.60430719
693	0.69597804
699	0.62371188
713	0.69190210
721	0.66738204
774	0.61051437
842	0.62704042
871	0.62990110
929	0.61289501
989	0.61353782
32	0.81558972
36	0.80065898
84	0.82766866
100	0.77503693
101	0.82440589
114	0.79193403
127	0.82764970
131	0.77824920
141	0.81221517
217	0.81615749
235	0.74945928
244	0.77719052
263	0.79866537
292	0.75243563
353	0.71947096
365	0.75109990
376	0.74276228
389	0.77889391
414	0.73828952
427	0.60959790
435	0.65951886
438	0.69788523
457	0.68684960
581	0.64782864
596	0.67526667
606	0.66945739
662	0.65466477
681	0.60594501
683	0.60254661
704	0.62961697
744	0.59088643
770	0.70671427
788	0.61398513
800	0.61360050
813	0.62569291
847	0.63164192
856	0.58261607
920	0.59514471
17	0.83317455
19	0.83303613
43	0.82990569
52	0.83208273
57	0.82695768
59	0.81477894
69	0.83126287
81	0.82018952
90	0.82506836
92	0.82257964
109	0.80458373
121	0.82532315
132	0.83283583
140	0.76545788
145	0.81657585
166	0.81289661
168	0.81269172
193	0.74848782
195	0.75062405
210	0.75308952
211	0.75329790
212	0.77695269
220	0.77745090
234	0.77099341
247	0.80167136
266	0.75309471
320	0.75932166
323	0.78238224
352	0.67012096
400	0.69453293
403	0.69117485
419	0.72406457
439	0.71587295
495	0.75103573
499	0.62802435
535	0.70184711
544	0.66091257
549	0.62797715
553	0.61022864
564	0.68149641
565	0.67602655
568	0.65430509
593	0.67194202
626	0.61470968
631	0.61131996
637	0.70408623
656	0.69160160
719	0.67228882
741	0.63792625
808	0.63401896
810	0.62238503
826	0.59834042
903	0.61601527
952	0.60594271
960	0.61502764
981	0.61994052
990	0.59108812
15	0.83326417
27	0.83309890
28	0.83120978
33	0.83305339
58	0.81151467
98	0.76115150
117	0.73944691
124	0.81329381
148	0.79143972
150	0.70779691
153	0.76979551
182	0.69672695
199	0.69770070
202	0.74110988
209	0.82755240
274	0.78333393
283	0.71837505
285	0.72946128
307	0.72226128
308	0.77159531
317	0.74421048
329	0.77918812
367	0.77982774
370	0.76115589
407	0.68611038
417	0.78177076
430	0.66932735
483	0.74291228
491	0.62251637
511	0.66103812
520	0.69366407
579	0.68905329
588	0.74020000
595	0.62310679
599	0.67058313
601	0.62376836
611	0.64732814
629	0.69626667
664	0.63254461
685	0.72166796
714	0.70134032
720	0.64640918
759	0.63545070
767	0.68632695
793	0.64836617
814	0.61088443
834	0.61445958
845	0.60482006
846	0.65501687
855	0.58880659
864	0.59957934
978	0.62196577
79	0.80177236
110	0.83129311
170	0.76290240
183	0.74309311
204	0.73875140
299	0.71917086
303	0.71303214
351	0.71740838
443	0.74212455
542	0.61883024
567	0.68052954
651	0.58963293
680	0.68839331
698	0.60030579
734	0.66697834
928	0.60705100
930	0.62762156
37	0.80958663
38	0.80232705
63	0.77939122
99	0.81386108
120	0.78647605
122	0.80051737
155	0.75555419
158	0.63510719
201	0.80664770
240	0.70397066
259	0.75036806
282	0.73082974
298	0.80473932
335	0.79365519
350	0.68740679
411	0.76903383
416	0.65802305
450	0.77818224
454	0.76010110
458	0.69648643
464	0.71874082
556	0.71053513
610	0.66735160
654	0.65279341
733	0.70464521
735	0.59548114
875	0.64600110
877	0.61352745
918	0.59886796
946	0.63489062
955	0.58237505
975	0.57930509
45	0.74951467
53	0.83321527
55	0.82802914
60	0.81103513
61	0.74323453
65	0.83055289
97	0.78228673
108	0.73525399
146	0.80218343
156	0.78526487
172	0.74453832
176	0.79004261
179	0.79838194
213	0.77243653
230	0.73504162
231	0.78990399
233	0.77009900
261	0.66901796
294	0.65109910
310	0.72092186
326	0.71759491
336	0.71405449
343	0.71914291
388	0.69575479
397	0.73234261
404	0.74640639
406	0.73622515
415	0.73890080
459	0.71239411
461	0.65828972
479	0.61539122
505	0.66009960
578	0.68212974
602	0.73284810
641	0.62262255
644	0.67955758
660	0.71392016
663	0.65769721
674	0.60760619
689	0.67245758
691	0.66802944
702	0.67182655
722	0.58899232
755	0.64967236
787	0.70217545
792	0.58423952
794	0.60843603
798	0.62333024
843	0.64092056
853	0.63501587
891	0.60465709
915	0.65643952
972	0.63008044
977	0.59123283
31	0.83110928
66	0.81203972
75	0.82041836
116	0.81372904
126	0.79364920
144	0.82042435
149	0.78661846
161	0.82298214
169	0.73719002
184	0.77694531
190	0.72849890
262	0.80439291
275	0.80993962
279	0.70095090
286	0.79111647
314	0.71175928
384	0.76033064
386	0.70815030
428	0.75402904
492	0.66567725
617	0.68559641
622	0.60542974
633	0.68431996
701	0.65108623
760	0.68361727
763	0.65643972
784	0.65156068
809	0.63844820
836	0.65263114
838	0.60120319
971	0.61097565
991	0.62172315
77	0.83096377
113	0.78458383
118	0.68087944
152	0.79117565
167	0.75819521
175	0.75270339
192	0.81329521
222	0.80459311
265	0.68961717
281	0.69665569
312	0.76353573
346	0.72398293
356	0.61522794
431	0.69303663
448	0.63549591
451	0.72896297
470	0.73958573
482	0.68863832
493	0.73650329
552	0.71187365
562	0.75854651
604	0.62352216
608	0.67457485
645	0.67834461
658	0.66032944
678	0.66871477
686	0.64779950
695	0.70358014
706	0.59033952
738	0.59856098
790	0.61611806
816	0.61079850
857	0.58394930
882	0.58778942
900	0.60584162
938	0.61175828
943	0.62918014
26	0.83019242
76	0.83070479
85	0.81685499
87	0.81448333
171	0.81226756
191	0.79619002
194	0.77608932
203	0.82690130
218	0.73654271
363	0.71292565
366	0.62745429
380	0.76010679
396	0.71142206
401	0.78027685
410	0.64086277
445	0.74278503
462	0.68681527
469	0.69031547
506	0.66166826
537	0.65770958
555	0.69979212
583	0.68597575
603	0.72395459
620	0.63535110
638	0.63145749
648	0.73965399
726	0.66993044
729	0.62328713
749	0.68515958
761	0.67202265
818	0.65079511
820	0.60735050
827	0.69802655
876	0.59314321
883	0.68055130
902	0.60860778
906	0.60448972
923	0.61291467
78	0.81406128
164	0.76455758
487	0.74960729
557	0.61449042
563	0.69192565
639	0.61566856
807	0.63090000
888	0.59788503
962	0.63123114
107	0.80945878
178	0.80736048
221	0.72002445
273	0.68248573
309	0.67147595
374	0.67085868
379	0.72657325
423	0.75061367
570	0.64504331
655	0.69300848
659	0.60569561
754	0.59955739
769	0.63010639
812	0.70331667
815	0.60937904
890	0.62834002
893	0.60414601
998	0.60006587
82	0.79435798
104	0.81145609
123	0.81067355
129	0.80795060
257	0.71434581
297	0.68905998
302	0.72680848
306	0.74600259
311	0.74014142
321	0.74557255
349	0.73717086
359	0.75715589
383	0.72276327
412	0.73427874
465	0.74664042
514	0.69115978
566	0.60686038
737	0.66313024
753	0.64854561
824	0.59491926
860	0.67853932
42	0.83078962
147	0.76192794
224	0.70131926
260	0.77065908
333	0.74905888
338	0.72499990
385	0.74232455
405	0.74690639
444	0.76719990
446	0.69296926
452	0.66170529
485	0.67969142
526	0.68989770
532	0.61947385
587	0.62080689
742	0.68498024
756	0.64090529
757	0.65914990
839	0.63876966
881	0.60403224
897	0.59551218
933	0.60391657
966	0.59601078
968	0.61757764
987	0.61850379
119	0.82055609
159	0.62504960
177	0.70643293
185	0.73560719
189	0.70998693
339	0.66938802
433	0.64871337
609	0.63665319
643	0.66782645
708	0.68677565
768	0.62629960
780	0.70020798
831	0.61105569
872	0.60894012
916	0.61086267
959	0.60373383
1000	0.60368283
316	0.65646357
360	0.77648144
375	0.70076747
390	0.76019920
429	0.70640369
437	0.67380489
478	0.70023423
522	0.71095349
541	0.68691088
543	0.62832046
575	0.68321287
652	0.61374301
682	0.68911986
687	0.73608802
697	0.61528812
805	0.59881208
849	0.66728583
885	0.64963253
909	0.59940050
922	0.60503463
927	0.58114311
932	0.59504511
954	0.60381248
976	0.58995000
49	0.82253743
80	0.82875758
466	0.65096038
467	0.65675269
521	0.74239391
530	0.61731527
783	0.59286906
992	0.61323214
207	0.74620439
226	0.77459880
348	0.71758613
512	0.72891597
577	0.61902116
667	0.58510269
852	0.61213144
228	0.73196876
422	0.72104441
472	0.71327146
475	0.62767395
590	0.68352994
642	0.68096567
926	0.60055110
358	0.68162206
381	0.74805868
456	0.73599441
582	0.61217196
666	0.66271297
679	0.69314291
904	0.61990150
258	0.73902435
296	0.66355120
315	0.73532475
692	0.62184012
775	0.60447415
949	0.61099291
964	0.57314142
112	0.82931976
248	0.77464900
300	0.76645050
382	0.63156377
393	0.64887435
508	0.61778144
550	0.71638014
554	0.66571677
586	0.71542106
589	0.68730349
718	0.61336926
869	0.68193343
884	0.67696427
931	0.59268204
957	0.62746178
206	0.78221387
290	0.69761667
325	0.76779770
441	0.76286776
507	0.66005170
513	0.66471287
536	0.72098922
671	0.64028463
710	0.64563253
331	0.65955619
657	0.59041327
711	0.58007385
766	0.66685309
786	0.58792605
252	0.72440818
271	0.72278792
291	0.76722615
378	0.67908273
534	0.72691527
598	0.65886996
750	0.65032136
772	0.61211357
892	0.64065729
899	0.63731537
940	0.60430569
1001	0.58728074
214	0.78564022
616	0.65500269
624	0.68337116
803	0.63811697
945	0.60673293
236	0.78670729
239	0.82119741
449	0.72574491
951	0.61150319
607	0.65929242
993	0.61150948
198	0.80603054
332	0.70310359
391	0.74125569
409	0.77294960
649	0.65639990
736	0.67525988
795	0.68730419
368	0.62693373
484	0.69983693
560	0.64637525
619	0.70292375
747	0.57897834
967	0.59311667
973	0.57185010
162	0.81919870
463	0.70574062
488	0.68692864
636	0.60341038
804	0.60261846
873	0.61055140
913	0.60444920
223	0.74655699
287	0.67497255
289	0.81045010
592	0.68419601
707	0.59564092
896	0.61410838
907	0.68190589
128	0.78980928
270	0.71840709
647	0.66527535
725	0.65872515
912	0.60942834
460	0.73828024
743	0.60308573
528	0.72825928
791	0.59527814
901	0.60695399
272	0.73116257
362	0.79111337
246	0.71615459
328	0.66323074
372	0.68209311
88	0.82298094
573	0.63173623
591	0.66852844
621	0.60150200
623	0.67443533
661	0.59612894
640	0.67480150
700	0.59508503
471	0.64807964
688	0.63543713
942	0.60510579
241	0.74971707
284	0.79147515
500	0.70351417
594	0.70910609
723	0.63535519
305	0.77160200
523	0.68241996
851	0.64353503
574	0.66099741
740	0.59382824
832	0.67897265
874	0.64310060
988	0.61970429
268	0.73066128
395	0.72058303
398	0.62846487
510	0.63901647
840	0.59649172
894	0.64920699
986	0.61469750
330	0.62263752
672	0.66624491
684	0.64347096
797	0.64436287
878	0.58198812
924	0.63460210
941	0.63530948
994	0.58660838
432	0.71337794
584	0.61431058
627	0.70151876
880	0.59960649
935	0.60992375
255	0.74109840
277	0.77417315
716	0.59614800
983	0.60472525
822	0.59947156
361	0.72845359
387	0.71020529
551	0.61240888
752	0.65102824
956	0.59730898
961	0.59295938
238	0.75275020
612	0.66315220
837	0.60587964
919	0.58568224
515	0.61093713
540	0.61454631
696	0.62058563
898	0.60333912
496	0.67943992
558	0.68593493
863	0.58571846
420	0.68509760
474	0.72318483
519	0.65936487
895	0.60675589
455	0.71725210
829	0.58286437
134	0.78994601
408	0.65798513
571	0.73643703
771	0.61722126
995	0.56308154
256	0.68703343
531	0.65293144
748	0.65442695
830	0.62293673
585	0.72768253
724	0.66001996
762	0.62362355
801	0.61295299
802	0.58511048
821	0.59534910
886	0.60821926
958	0.61996697
476	0.68661816
613	0.65514930
825	0.62457934
999	0.59899910
392	0.73807984
841	0.60256796
953	0.62587166
985	0.59519860
868	0.61988034
970	0.58487395
979	0.60309970
779	0.63049341
835	0.60804022
669	0.67419770
546	0.67574042
364	0.75289222
597	0.67733044
489	0.68334251
705	0.66067086
249	0.65762275
917	0.64201866
676	0.64106517
866	0.59812176
758	0.63483024
773	0.60416836
934	0.60214182
295	0.64727774
858	0.65142924
982	0.58831088
937	0.62012116
527	0.68308962
782	0.59018802
727	0.59460519
632	0.59590449
996	0.59457774
468	0.61618114
908	0.64921866
751	0.60984202
559	0.64453962
861	0.56822824
984	0.61429012
997	0.58885758
796	0.69054162
709	0.60382106
799	0.62953463
925	0.60700449
939	0.61606537
377	0.71385629
447	0.73689571
354	0.78838812
963	0.61969890
778	0.61011447
340	0.65180998
498	0.61051806
653	0.64523174
910	0.60290519
369	0.67714232
823	0.62468333
425	0.60595599
974	0.60596756
789	0.57972305
785	0.58165559
905	0.58624661
243	0.74866118
690	0.66496557
635	0.67131098
867	0.63203772
634	0.64072006
600	0.63248054
580	0.62942545
776	0.60428303
921	0.64714152
819	0.57297136
334	0.70961248
426	0.65628164
848	0.65471158
728	0.58252076
781	0.57344441
850	0.59508842
670	0.73454900
490	0.68314381
980	0.57201098
509	0.61807495
732	0.59418293
965	0.61545739
777	0.62912126
605	0.59286277
914	0.57987315
817	0.62828693
854	0.55872874
618	0.58501737
538	0.59366447
630	0.65555579
703	0.58555808
481	0.74613543
865	0.61711926
746	0.62255090
806	0.59116287
625	0.57890599
615	0.66891747
833	0.57451597
712	0.62890319
944	0.55872335
811	0.56809341
879	0.56973772
