0	0.83046318
1	0.83070677
2	0.83094020
3	0.83083861
4	0.83093075
5	0.82469353
6	0.83064985
7	0.83103353
8	0.83082557
9	0.83072617
10	0.83076458
11	0.83076627
12	0.83066786
13	0.83060119
14	0.83089831
15	0.83058050
17	0.83075284
19	0.83081622
22	0.82543940
25	0.83095055
31	0.83056985
35	0.82906338
36	0.82895502
38	0.83044955
41	0.82976786
44	0.82567990
46	0.83119980
47	0.83068627
59	0.82862896
64	0.83014687
73	0.81863502
75	0.82500378
76	0.76763950
82	0.81868796
83	0.74751065
90	0.79743383
92	0.81941463
103	0.82773502
104	0.82887423
108	0.80139920
111	0.82280358
117	0.68986776
121	0.82306010
127	0.81807632
134	0.78904408
138	0.69232010
141	0.81843005
142	0.70388836
147	0.81843582
148	0.67061612
153	0.80042328
164	0.72243612
166	0.78290000
172	0.73292677
178	0.81894836
181	0.74591582
201	0.76745433
206	0.78772746
207	0.76060607
216	0.71445960
220	0.80086507
221	0.70838856
246	0.77380955
257	0.70080677
259	0.75080348
271	0.71964229
272	0.77886786
278	0.70064726
280	0.79272129
285	0.72286706
295	0.69059065
303	0.66345373
309	0.76755035
312	0.69444836
322	0.69645592
331	0.76461811
339	0.78494289
340	0.62980896
343	0.61717134
350	0.71185483
356	0.78050149
391	0.69603751
393	0.68986856
404	0.65846080
410	0.65726517
418	0.67991055
423	0.78584985
450	0.64668119
463	0.72977194
467	0.66705871
475	0.73335274
484	0.67205532
505	0.64563831
509	0.71043781
511	0.66595154
514	0.67684090
526	0.72017980
527	0.69290577
538	0.62417532
547	0.70997085
558	0.74518876
571	0.68780040
575	0.70175373
577	0.64784000
609	0.69106706
616	0.68367045
654	0.63448060
664	0.63837393
669	0.62102567
675	0.63822985
696	0.65327612
711	0.65215244
717	0.62970328
736	0.70844697
737	0.70086726
740	0.68522557
746	0.67790627
754	0.68427930
770	0.62579552
781	0.63201682
784	0.59393393
797	0.62857950
798	0.58611502
823	0.68068488
825	0.62704378
827	0.59886687
840	0.63071393
841	0.60312547
844	0.60171015
847	0.68436955
851	0.64682577
856	0.60596428
888	0.56798886
892	0.62413343
903	0.62908905
916	0.57583612
939	0.61563851
940	0.59051900
953	0.62233055
956	0.66017811
960	0.60868577
977	0.60577383
986	0.59587811
988	0.59968458
37	0.82956438
43	0.82269343
53	0.82056229
54	0.76636468
57	0.82430647
63	0.79025075
72	0.83058279
101	0.81604507
115	0.82305721
160	0.77357801
225	0.74813960
347	0.63541453
348	0.77165632
366	0.71889373
370	0.73403483
371	0.69385771
379	0.73175333
385	0.69633711
429	0.61513303
442	0.79645363
452	0.70612517
465	0.69608597
554	0.63053284
655	0.68620219
673	0.62367861
684	0.66087284
713	0.61480896
830	0.59776229
889	0.60103433
914	0.64730746
958	0.61532965
985	0.62483861
987	0.61910478
997	0.59865741
16	0.83060637
24	0.82940527
27	0.83042627
28	0.83032010
29	0.82872279
30	0.82887861
42	0.83065244
45	0.79058338
70	0.77035104
77	0.83031323
106	0.74209781
109	0.80081771
114	0.82596299
136	0.82155602
140	0.75797353
143	0.82215085
149	0.78867612
150	0.80897642
151	0.79290925
156	0.79238677
157	0.76269851
171	0.78206408
173	0.79582219
177	0.77803741
183	0.78995393
192	0.77452219
194	0.77405323
199	0.79053104
215	0.74063662
226	0.78846149
231	0.77777990
283	0.65786378
284	0.70021264
286	0.77052995
294	0.71615214
316	0.74071990
345	0.77420348
351	0.66096149
368	0.69344338
392	0.66489652
395	0.62465433
402	0.67754308
403	0.67292796
409	0.66649294
411	0.71563303
415	0.78821642
422	0.60976308
428	0.71834647
432	0.61461721
436	0.71368149
440	0.68700378
444	0.72507711
446	0.64716547
488	0.66370527
491	0.68833532
507	0.65779711
515	0.68299254
528	0.64793274
540	0.59472338
555	0.66450935
562	0.70032736
564	0.62689682
568	0.67775552
569	0.64990806
572	0.61056806
580	0.61736299
602	0.67566617
604	0.61489692
619	0.69481015
634	0.69137990
638	0.62850060
639	0.64532726
665	0.65520537
677	0.60683045
683	0.64592368
702	0.62171512
705	0.68632418
722	0.63084368
783	0.60838736
785	0.60764239
811	0.62446328
820	0.61625124
833	0.59438299
839	0.66322537
864	0.67291920
891	0.59080308
902	0.59427224
918	0.61322358
934	0.61136567
949	0.60528677
950	0.61073851
963	0.59924010
18	0.83075035
32	0.82549323
51	0.81750886
56	0.79343134
60	0.81580945
80	0.83080100
119	0.81315721
131	0.81564279
209	0.80267950
247	0.76842637
288	0.75542826
310	0.67993821
375	0.69195204
544	0.64908448
548	0.71091025
553	0.67507313
574	0.61214517
598	0.70760925
637	0.65549602
692	0.63959881
716	0.64062289
812	0.70057811
901	0.65008348
945	0.63131662
39	0.78223741
40	0.79860129
52	0.82154438
65	0.83099960
68	0.80456706
85	0.82712338
88	0.77358070
91	0.82274697
113	0.78562806
118	0.83021403
165	0.82601811
175	0.81402647
191	0.76131632
217	0.76858726
218	0.75338697
263	0.70035562
419	0.73022388
427	0.65825124
437	0.69760000
485	0.68667134
532	0.68655502
590	0.74951980
608	0.66938836
709	0.60602090
805	0.61905234
813	0.62619164
909	0.60524995
179	0.77169821
250	0.68994567
359	0.71255950
378	0.66438935
506	0.72537264
605	0.67967831
641	0.65247015
862	0.62411244
877	0.61118279
948	0.62517473
955	0.59341522
992	0.62706527
20	0.83073363
23	0.81978786
48	0.83075572
49	0.81865632
81	0.81558716
99	0.81392517
105	0.73091512
129	0.72484010
130	0.82340139
135	0.82374100
137	0.79081731
139	0.77228567
152	0.67294338
169	0.81806697
176	0.69263542
195	0.74307114
211	0.75912259
232	0.79352806
237	0.72475214
255	0.78822040
264	0.75383642
265	0.69452368
269	0.74908139
302	0.73614080
313	0.71549114
318	0.75061791
324	0.68661393
357	0.71366299
407	0.66394677
430	0.66262915
474	0.65001015
492	0.64120915
557	0.71171990
581	0.62441522
612	0.61123204
674	0.61102507
708	0.60523950
730	0.62141313
768	0.61103731
786	0.61899383
794	0.64989871
849	0.61811244
870	0.61467075
871	0.59074408
872	0.59697393
880	0.66107353
904	0.61073761
917	0.61198299
1001	0.60543831
21	0.82489672
26	0.82852567
33	0.83013662
50	0.83104955
61	0.80441174
69	0.82928617
93	0.82022368
110	0.81186527
116	0.75344687
124	0.80171592
125	0.75132567
144	0.77324557
161	0.73487453
184	0.79437851
186	0.75746567
187	0.69202706
196	0.75422756
200	0.72238687
205	0.74117741
214	0.71841085
229	0.76069552
230	0.73092816
233	0.66928438
236	0.80607771
239	0.72268756
252	0.69678050
275	0.70288398
297	0.63044388
319	0.74446209
329	0.73189403
337	0.75910836
358	0.66577274
365	0.80223821
416	0.68941662
455	0.68501861
456	0.71313930
457	0.71006468
560	0.66037433
570	0.66617572
597	0.60449930
615	0.62702756
618	0.71340428
640	0.68719005
650	0.67092169
657	0.62732438
670	0.61771861
678	0.69933005
688	0.59328030
718	0.62211632
725	0.64249960
726	0.61944517
745	0.59220826
747	0.67092289
779	0.61114507
793	0.59851045
807	0.68037343
809	0.64106716
824	0.61455453
881	0.61030746
922	0.64698050
930	0.61407154
933	0.61717423
944	0.60416358
973	0.58077701
62	0.82764368
96	0.81731522
97	0.82593294
203	0.71587950
243	0.79483035
261	0.75392378
298	0.78654905
354	0.66236836
399	0.64803423
439	0.78502995
441	0.68501234
449	0.72338637
460	0.74113751
462	0.68949274
476	0.65501144
482	0.61946010
501	0.70066149
518	0.64274348
529	0.71201363
585	0.61280070
633	0.68251622
636	0.62011234
659	0.67728368
803	0.68932965
910	0.61952060
926	0.64770000
972	0.60244756
34	0.81444498
78	0.81460229
87	0.77532945
95	0.80056557
98	0.78073144
107	0.77986448
120	0.77656557
128	0.78225900
168	0.82548050
170	0.81765622
185	0.73099284
222	0.72998488
242	0.79042896
251	0.74268169
277	0.75981244
320	0.77802159
326	0.73791085
335	0.67149244
398	0.67218259
412	0.75768358
425	0.75940597
431	0.76510925
472	0.66393642
487	0.78784010
502	0.80709075
503	0.71581095
543	0.69830109
550	0.63136219
556	0.63274597
566	0.72857781
625	0.60975005
632	0.67402856
658	0.66891453
668	0.60354478
689	0.66088846
774	0.68098169
791	0.59714975
800	0.61976428
826	0.64619274
843	0.62074070
899	0.63932169
915	0.59381463
936	0.62323930
946	0.60424149
961	0.58392468
980	0.60222637
984	0.60753672
1004	0.58255303
58	0.83072239
74	0.81277502
79	0.78859632
102	0.76414338
122	0.81885104
154	0.82206209
204	0.77798816
210	0.80004806
267	0.65586129
292	0.73484517
424	0.71228289
426	0.71399075
483	0.73165313
508	0.65609413
517	0.64895433
521	0.75668587
536	0.64786756
549	0.67957940
621	0.70363373
695	0.68329960
735	0.70618905
772	0.61063284
777	0.62374318
792	0.60372517
829	0.66391065
845	0.61302348
865	0.60149811
947	0.59416935
67	0.76415532
84	0.82057841
86	0.82566716
94	0.82242129
188	0.72642328
208	0.74122468
212	0.78013144
266	0.68860468
276	0.78034557
281	0.74894935
282	0.75637085
289	0.66581721
301	0.75108159
338	0.67041095
383	0.71415433
401	0.70078697
405	0.72565164
408	0.73480697
413	0.71188736
414	0.69766199
435	0.73062030
464	0.65843930
466	0.71297005
477	0.70621075
480	0.78329522
481	0.66677194
493	0.64792080
513	0.77526617
603	0.59589134
620	0.61070030
631	0.70448627
720	0.67120925
760	0.60429721
819	0.64567493
832	0.64326239
878	0.63382289
884	0.59757453
894	0.59472627
968	0.61666637
66	0.82053284
158	0.70599234
162	0.78095881
202	0.80597522
224	0.61673841
228	0.70132408
307	0.65963095
417	0.68932985
496	0.70493552
552	0.72013423
645	0.64811811
660	0.64137353
905	0.61571383
908	0.59478498
989	0.61568826
155	0.75864229
198	0.75510896
273	0.75388129
344	0.75171871
473	0.61021313
666	0.64440866
748	0.63801373
759	0.60953891
790	0.64704667
848	0.60804637
863	0.58635721
900	0.62609393
931	0.61517841
55	0.77536935
112	0.82708418
180	0.79384488
262	0.78961095
279	0.80965045
328	0.64938279
420	0.69198209
471	0.69016239
495	0.72306617
498	0.62633204
551	0.64384159
643	0.64045552
741	0.67577900
782	0.61370985
814	0.61421811
852	0.63094677
928	0.60504985
995	0.57431114
123	0.78242826
126	0.81333363
193	0.75058318
249	0.72647313
256	0.75366517
270	0.73586438
290	0.71486617
325	0.75741572
332	0.73679512
333	0.62427055
369	0.69184617
396	0.69356448
451	0.65165801
504	0.73992896
525	0.66874945
542	0.60685323
586	0.63706488
644	0.61761443
728	0.63506637
762	0.61894030
831	0.60507761
967	0.60810328
197	0.67042139
268	0.80746418
299	0.80631930
342	0.75486468
390	0.73094189
448	0.73845642
567	0.60572776
592	0.68182945
594	0.63098527
599	0.64292527
611	0.72061572
712	0.67904428
766	0.62282259
876	0.60719741
923	0.59154806
167	0.81558597
253	0.69672517
330	0.80950100
380	0.73642388
384	0.66075672
438	0.62744279
591	0.67316587
753	0.61089741
850	0.60840756
855	0.65599164
954	0.66614876
962	0.62619831
991	0.62629333
1000	0.59252488
100	0.82434786
227	0.76100766
235	0.74588299
241	0.79086756
244	0.76849313
254	0.69993095
293	0.77908249
372	0.75813035
382	0.65136985
454	0.72488468
469	0.68118776
559	0.61234458
624	0.64520000
629	0.66074577
630	0.60007891
635	0.63045980
647	0.61679662
693	0.64986716
806	0.62121085
859	0.61989274
875	0.60410159
957	0.59850139
994	0.59488846
174	0.74278955
182	0.77348995
317	0.65167005
376	0.67924726
434	0.65925811
494	0.64550796
698	0.60810468
750	0.61555512
771	0.56442488
780	0.62345652
810	0.65239692
846	0.59942279
896	0.61174905
929	0.65870766
938	0.58452169
315	0.72026308
327	0.71495940
364	0.66282438
394	0.67624706
537	0.62452070
694	0.73511572
802	0.60737831
937	0.57868438
978	0.60892577
999	0.63209881
287	0.61735682
421	0.73129144
651	0.67556736
700	0.60483055
998	0.62365582
388	0.71634667
453	0.76165303
565	0.73007025
578	0.66873900
817	0.58987652
71	0.80009642
361	0.75396935
561	0.65681403
606	0.59193025
386	0.73642687
478	0.64831423
671	0.64432438
706	0.66164627
821	0.64649692
925	0.60062189
189	0.80439204
306	0.78539413
353	0.73844199
373	0.74035791
459	0.62701582
600	0.61198418
617	0.61758328
834	0.60254557
898	0.60466547
974	0.60846109
334	0.68399622
346	0.67527542
584	0.64597711
601	0.62196408
982	0.56364279
213	0.82345085
355	0.66192617
533	0.62681303
582	0.67948090
704	0.65834328
941	0.61368905
942	0.61161791
219	0.71537831
223	0.74848119
291	0.72485333
336	0.61159960
539	0.68502975
573	0.60872567
593	0.60538985
773	0.67338905
913	0.59232100
190	0.81241920
234	0.78874667
489	0.71463771
607	0.65525373
710	0.72653512
731	0.63986279
743	0.60906995
927	0.59512766
932	0.61090677
238	0.78006796
304	0.69083353
305	0.77109373
534	0.70291483
757	0.59942627
835	0.60209244
885	0.62433443
979	0.60051433
145	0.80124418
500	0.71509851
522	0.64182577
682	0.63731662
853	0.65280040
886	0.64530796
883	0.60614129
461	0.70600458
535	0.61296567
756	0.61814129
352	0.75115632
363	0.75627214
523	0.62802418
727	0.65249950
775	0.64285930
836	0.62189592
321	0.66316338
686	0.68695323
744	0.58017174
764	0.65545453
808	0.61180478
912	0.60599920
486	0.60573871
546	0.68751721
628	0.71407254
868	0.58741811
89	0.82291174
132	0.81129075
274	0.74378647
323	0.71321761
596	0.70494706
648	0.66329771
799	0.66551851
1003	0.56189075
260	0.79899204
406	0.60631493
470	0.63187095
516	0.64633144
579	0.69890796
742	0.58855622
842	0.60365612
858	0.66067801
887	0.59973622
458	0.68135075
499	0.69065134
545	0.71525373
587	0.64473194
595	0.64977005
667	0.60872388
734	0.59365383
739	0.60827701
837	0.67814318
867	0.59421900
920	0.60252229
308	0.74138428
622	0.59020876
690	0.64051423
906	0.60997791
341	0.69131512
649	0.61033990
697	0.59287562
921	0.61172030
240	0.77992378
433	0.71161164
576	0.74017483
623	0.66198975
642	0.60118109
828	0.57945174
133	0.82737632
163	0.78419672
445	0.64731184
531	0.67090318
663	0.65588199
510	0.64707433
512	0.63561950
719	0.60655632
879	0.62768478
952	0.57636945
983	0.60945224
245	0.65604886
588	0.64435512
976	0.60436239
367	0.75365781
816	0.69766279
882	0.58027274
981	0.56936557
676	0.65536697
966	0.60334199
387	0.67646438
468	0.69236985
723	0.59034687
721	0.65582876
541	0.65614637
661	0.64367562
715	0.68818667
752	0.61925512
778	0.56632000
672	0.58715144
681	0.65136378
749	0.67443234
613	0.64749124
971	0.61932995
687	0.61800826
822	0.62244229
258	0.76967303
146	0.79874547
626	0.67264945
159	0.75095711
314	0.65417751
397	0.74413612
519	0.72869910
776	0.57773303
861	0.60953881
975	0.59083174
990	0.59857990
374	0.69333741
993	0.61621731
761	0.59675831
300	0.69615224
679	0.59419881
311	0.67020736
389	0.70148020
479	0.69069672
729	0.66034915
443	0.61215920
520	0.61430030
724	0.60286199
964	0.59335771
874	0.57510726
699	0.63920219
490	0.71165502
497	0.68206617
801	0.63382428
924	0.59563413
701	0.59174398
248	0.74135184
381	0.61362199
563	0.71002189
911	0.59440010
703	0.64188706
733	0.63087801
765	0.57610159
789	0.59543662
362	0.72986667
377	0.61338726
959	0.59754826
400	0.68780527
818	0.63054129
447	0.64502945
685	0.64638109
583	0.60289095
869	0.65063950
656	0.66717075
873	0.58393323
360	0.74108259
767	0.63240020
935	0.60034687
646	0.58655512
796	0.58846736
866	0.64760139
951	0.57457910
296	0.73079940
627	0.73502517
758	0.67908886
680	0.70576905
751	0.61930060
349	0.68446488
804	0.62766617
788	0.61933891
732	0.63129045
838	0.63649930
890	0.59113254
691	0.60403333
769	0.65727950
815	0.65612129
738	0.59731960
795	0.58261582
860	0.59647244
787	0.60792139
965	0.59033443
530	0.59692428
714	0.59832965
969	0.59891632
589	0.63825672
755	0.59763005
614	0.63505930
895	0.57476179
707	0.62647343
854	0.62534756
943	0.60227990
763	0.60174328
907	0.61168109
893	0.56936607
857	0.61735532
1002	0.57575612
610	0.77590090
662	0.64211065
897	0.57578866
919	0.59219980
524	0.71897512
970	0.60323234
652	0.57065692
996	0.60158866
653	0.62384189
