0	0.83289978
1	0.83277391
2	0.83264326
3	0.83290891
4	0.82942446
5	0.83210750
6	0.83283283
7	0.83269924
9	0.83287370
10	0.83290315
11	0.83295620
12	0.83280663
13	0.82435435
14	0.83282783
15	0.83270750
20	0.83288717
21	0.83115207
23	0.82631391
25	0.82926522
26	0.83266707
28	0.83264065
31	0.82932891
34	0.82857120
35	0.83234837
39	0.83253609
40	0.83265185
43	0.83205087
44	0.81237946
46	0.82130967
48	0.82529739
49	0.82871935
51	0.79740935
55	0.83269467
63	0.83197022
66	0.83238315
74	0.82972707
77	0.82855380
78	0.81081185
82	0.77615609
85	0.80182870
94	0.82115663
95	0.79079217
104	0.81511054
109	0.82726076
115	0.80546674
116	0.73997185
121	0.74817424
124	0.79374870
132	0.74310239
133	0.75901457
138	0.79794815
149	0.77345533
157	0.80544761
162	0.77301924
165	0.65825609
166	0.79122815
171	0.69646924
172	0.76214315
183	0.79824750
185	0.78134370
186	0.75498022
188	0.73292989
194	0.81976457
197	0.80269076
199	0.71356641
211	0.75698446
216	0.78936946
251	0.71130174
255	0.80084533
257	0.71740022
258	0.71426815
259	0.76384652
272	0.66933707
289	0.76937783
291	0.72107696
301	0.76084022
307	0.68328174
326	0.68312500
343	0.71088880
352	0.63009761
354	0.69664522
356	0.74914022
371	0.71801402
381	0.73983163
382	0.72915913
386	0.62169380
403	0.71975043
411	0.67432598
412	0.61877717
425	0.66246522
450	0.66799793
493	0.71621707
517	0.66203924
527	0.68127500
529	0.61913250
536	0.71440804
542	0.68283043
554	0.65563728
569	0.63048185
578	0.65376630
588	0.67368783
589	0.60056761
593	0.65575174
598	0.67405652
635	0.60766380
661	0.68342739
665	0.60076141
708	0.67649424
719	0.60417435
722	0.66823576
730	0.70648250
735	0.61811402
781	0.58644946
785	0.60986554
791	0.62188957
792	0.60564630
801	0.60112696
812	0.56335696
819	0.64316250
826	0.68431098
828	0.65513913
829	0.61199978
838	0.61480511
840	0.60941446
843	0.64941402
848	0.61611163
849	0.59054087
850	0.60457870
871	0.60889435
877	0.60284804
881	0.59507783
888	0.60050217
890	0.64468685
894	0.60933130
901	0.60276913
907	0.58787924
8	0.83278380
27	0.83271848
38	0.80626804
56	0.82045130
57	0.82853685
62	0.79710793
65	0.81808891
93	0.81934435
97	0.80966413
107	0.77913326
128	0.81971815
147	0.80397587
159	0.73216826
189	0.77919402
192	0.79772859
195	0.77849946
229	0.82208033
246	0.78510772
261	0.74792261
281	0.65969272
283	0.79703913
284	0.72025076
285	0.72732391
293	0.68348554
300	0.72075370
334	0.63714424
338	0.74724880
339	0.66383261
357	0.65347804
370	0.71984326
446	0.72633163
451	0.62510870
454	0.71620630
485	0.74173826
512	0.63240728
552	0.61894859
566	0.60205239
587	0.69045935
597	0.65671761
601	0.62373663
641	0.61444337
645	0.61374815
651	0.65630435
699	0.63910054
707	0.60528696
714	0.60515946
726	0.61305109
762	0.62519815
16	0.83270109
17	0.83272674
19	0.83057587
33	0.83269750
71	0.78213652
80	0.82591978
92	0.78076674
99	0.83213533
105	0.82625370
139	0.79470761
168	0.82322446
208	0.69270663
217	0.73716859
225	0.75060446
231	0.81186446
239	0.78373804
244	0.72064228
360	0.78374761
419	0.63497641
528	0.66276848
548	0.63262196
608	0.70546902
724	0.66404130
740	0.67217283
755	0.61056272
756	0.66855011
872	0.60084554
914	0.60516891
22	0.78514717
41	0.83307413
52	0.83266848
103	0.82630130
125	0.80558076
148	0.74410283
164	0.81146228
174	0.75074457
191	0.78326391
218	0.77664696
297	0.72861957
315	0.77184707
322	0.69524033
359	0.70033826
373	0.74361239
375	0.73215957
402	0.62791554
407	0.68480207
420	0.60622772
440	0.60767957
473	0.67670293
511	0.63091478
583	0.64966076
625	0.66017022
644	0.65115293
650	0.61431185
656	0.61942924
684	0.70165239
698	0.61157337
706	0.60960511
768	0.58006467
827	0.63447478
863	0.57167761
887	0.59835891
69	0.83182891
176	0.79329565
312	0.66029370
432	0.69807859
538	0.60525500
619	0.65262337
853	0.58997717
885	0.60849533
889	0.60635304
917	0.61925348
18	0.83271022
29	0.82881446
30	0.83225533
64	0.83166489
113	0.82380793
126	0.79293304
136	0.81999859
184	0.80562185
200	0.69456739
224	0.69485522
333	0.72361250
437	0.65748533
484	0.69114283
492	0.65687467
559	0.62512109
612	0.65330815
654	0.71138913
809	0.64614804
835	0.60929967
844	0.59536957
24	0.83281283
32	0.83268087
37	0.83227261
50	0.80059826
59	0.82515359
61	0.74608120
67	0.83094207
68	0.81004522
70	0.82831652
73	0.78481880
75	0.82832739
84	0.81477967
87	0.80171783
96	0.80983696
98	0.79293109
101	0.81821989
108	0.81333402
120	0.81506250
127	0.81774000
129	0.77492076
131	0.81772000
152	0.77987554
154	0.76786641
156	0.71425022
160	0.80028098
175	0.80868380
196	0.76113087
201	0.77851152
210	0.77705967
213	0.77423250
221	0.71922761
226	0.75580337
243	0.72550750
248	0.70092598
260	0.73547663
263	0.80770402
287	0.65782315
328	0.71933065
341	0.74541467
367	0.68124826
369	0.76970837
396	0.65669348
408	0.65229304
410	0.60471152
423	0.69096065
430	0.69559098
461	0.66319750
470	0.71196261
474	0.69228337
483	0.73910565
490	0.64428696
496	0.66288109
505	0.70128185
531	0.75298761
534	0.66589370
568	0.64974717
574	0.67566848
604	0.65866207
605	0.65373446
634	0.60766413
659	0.65419120
663	0.58650576
725	0.66298989
737	0.68363174
802	0.61911685
806	0.62201935
839	0.62613141
905	0.59670652
53	0.77978663
54	0.82406576
60	0.82444696
76	0.82256304
89	0.82805359
122	0.81968228
140	0.76888467
158	0.67255174
193	0.71112022
198	0.76125630
209	0.80232228
214	0.78894196
222	0.62260413
227	0.74080804
235	0.79662152
241	0.78319293
249	0.66144207
268	0.78796696
269	0.72060587
282	0.79657207
296	0.73710478
304	0.66137522
323	0.68273228
336	0.78336478
368	0.63310185
384	0.75809641
393	0.66229152
417	0.73141315
478	0.64849859
507	0.65505261
543	0.59843946
557	0.61796250
563	0.64029446
581	0.63308902
595	0.68369239
643	0.64260174
675	0.68852598
712	0.61527891
734	0.62132141
736	0.62909489
743	0.63236924
745	0.65908859
822	0.61723565
846	0.62015457
860	0.60828837
861	0.63645130
866	0.60649891
891	0.61032663
42	0.82443228
45	0.83234652
47	0.80612054
72	0.82755163
111	0.80951152
130	0.80718957
134	0.82260185
142	0.74495402
150	0.76295685
177	0.75060533
190	0.75914141
228	0.73871761
242	0.80128685
273	0.73011000
278	0.68798391
332	0.62046978
344	0.74718609
345	0.76995272
347	0.67509728
362	0.60303163
379	0.80780228
388	0.73529315
400	0.71457989
422	0.65845957
438	0.61016087
455	0.69177772
460	0.65884022
504	0.71110228
513	0.65578217
518	0.61311120
525	0.72747380
547	0.74310065
591	0.69533543
599	0.68488239
638	0.67891054
649	0.66883685
657	0.72354043
674	0.65437815
680	0.62804870
687	0.65162870
691	0.66616804
700	0.65469848
711	0.62167076
741	0.60084413
742	0.68757435
749	0.61588598
771	0.62482239
854	0.59598989
862	0.67284761
898	0.57496783
908	0.64892957
912	0.61797304
58	0.80664348
135	0.75864772
180	0.69164598
182	0.81204489
206	0.70331457
236	0.73903489
374	0.74323511
387	0.77167283
414	0.78301837
441	0.68759228
487	0.63377739
495	0.65177402
535	0.68345391
621	0.61346489
720	0.61670217
775	0.59695913
818	0.64688326
841	0.56726761
858	0.60809250
900	0.60079793
902	0.59463065
36	0.82383467
79	0.80135109
100	0.82724435
118	0.75610880
146	0.78655587
151	0.75625098
178	0.79682239
203	0.73717815
204	0.78189109
234	0.80647217
286	0.69992141
290	0.74830446
310	0.70251924
314	0.78268098
324	0.78738913
325	0.76106000
394	0.64762413
421	0.70348152
497	0.69563435
546	0.72661011
655	0.62365652
668	0.65917402
696	0.67216478
757	0.62720609
780	0.61476641
868	0.61916304
83	0.80277043
102	0.80401533
117	0.74697967
155	0.78498207
170	0.71149533
205	0.77717652
223	0.80852076
305	0.69269826
309	0.72434859
413	0.74274174
453	0.72937478
463	0.71973435
508	0.63989533
532	0.72018522
533	0.67502533
550	0.74127207
594	0.61091185
618	0.65829391
632	0.61542087
646	0.63746250
723	0.63623435
751	0.58753022
803	0.61896467
804	0.65872370
831	0.63574000
875	0.59044489
884	0.66336543
86	0.83195022
238	0.73931859
256	0.79294087
275	0.69583739
294	0.66726565
342	0.68319924
355	0.67829793
443	0.61555033
467	0.72868641
477	0.65721380
510	0.65550859
572	0.63406467
610	0.63054261
613	0.65902391
679	0.61921467
91	0.77496304
385	0.71496098
683	0.68915870
786	0.60300207
81	0.80531598
90	0.81953630
137	0.82780630
167	0.74532946
181	0.79292043
264	0.76262250
266	0.80358750
317	0.75250967
365	0.75679250
372	0.75816870
380	0.69595696
401	0.62101217
418	0.70305859
476	0.75337587
489	0.66469957
498	0.65438239
689	0.59822815
692	0.64071522
718	0.60652239
727	0.64861554
805	0.64418761
837	0.60550728
897	0.56783022
88	0.82631804
112	0.80630859
254	0.76285250
391	0.68340293
405	0.65535641
424	0.71381826
436	0.67270500
448	0.63550359
468	0.71608793
502	0.70650152
519	0.68048239
704	0.64968902
715	0.67455739
143	0.80411826
145	0.73674587
153	0.76063565
202	0.75745130
212	0.75631500
220	0.61895565
253	0.72102815
351	0.73328011
383	0.71466293
399	0.60846478
416	0.75381043
435	0.74037239
439	0.61790435
465	0.68344587
469	0.62384707
479	0.64027924
541	0.66263652
617	0.64019413
626	0.65800652
628	0.69114446
631	0.61215793
664	0.67553413
694	0.60244902
697	0.61867250
729	0.60444283
761	0.63986587
851	0.65053663
909	0.59808413
110	0.82938609
311	0.65941370
363	0.78180207
398	0.61837859
434	0.67511391
565	0.68834250
622	0.60754402
764	0.60567011
788	0.63852967
869	0.59644870
874	0.57814022
141	0.79701793
161	0.81283587
173	0.81675283
179	0.80798870
252	0.76237174
292	0.73097261
303	0.75693109
433	0.65145185
459	0.69399130
481	0.69260859
491	0.72690261
549	0.62481065
577	0.72366435
620	0.65466489
627	0.61934109
690	0.69733217
731	0.61831098
732	0.62309391
760	0.61469000
778	0.61246793
787	0.63847707
830	0.64915478
346	0.65955489
471	0.71503587
544	0.67621500
551	0.70990902
629	0.61188717
695	0.63482500
904	0.61101739
267	0.63142076
306	0.66427413
337	0.69289848
390	0.79766554
514	0.64518261
624	0.70872500
660	0.59569130
703	0.61479511
790	0.62507391
817	0.59948870
883	0.62846446
215	0.82203783
280	0.72599761
523	0.70095783
640	0.60743630
658	0.66860533
279	0.69896087
915	0.57558663
271	0.70376902
299	0.73902543
472	0.73013902
709	0.62521609
123	0.80301163
442	0.67102076
553	0.74142967
653	0.61057435
677	0.60140902
693	0.59216293
758	0.63674185
765	0.61451598
795	0.65700815
857	0.61467543
494	0.65308543
602	0.65613815
163	0.68630348
427	0.69296739
444	0.71827717
526	0.65410924
580	0.62596924
670	0.71037717
673	0.59068174
701	0.64622000
728	0.64177598
774	0.60070902
144	0.79152217
187	0.81907163
308	0.73454011
361	0.68246043
376	0.74376924
395	0.65721207
449	0.73436489
509	0.67881207
575	0.62816793
606	0.65071620
672	0.60961370
705	0.68493598
752	0.59659054
852	0.59796228
880	0.65682478
910	0.61004174
119	0.74291348
318	0.72749489
350	0.74999239
406	0.72065565
466	0.61505207
865	0.61521337
274	0.65360772
366	0.77566652
409	0.65895337
521	0.68647717
567	0.63357424
609	0.61792391
637	0.61303033
639	0.67976543
247	0.71783250
783	0.63589728
824	0.65171913
262	0.74107533
270	0.78268141
545	0.59398174
648	0.68034402
769	0.66355696
893	0.61471185
895	0.58301533
918	0.59837783
169	0.72644446
562	0.64436902
573	0.71552163
582	0.61416652
721	0.68488163
816	0.60571120
906	0.59670402
114	0.80787446
331	0.73741076
335	0.69307533
754	0.65633793
295	0.75473435
320	0.72058283
784	0.60222054
820	0.61133489
845	0.57998935
856	0.60072337
389	0.73277750
475	0.70320761
782	0.60393337
106	0.82928826
429	0.62947000
499	0.75595989
666	0.60048685
713	0.60782707
750	0.64165967
669	0.60710761
456	0.66669870
555	0.71233022
633	0.60164087
733	0.62662293
759	0.67168141
276	0.68818511
302	0.73879783
445	0.68769228
482	0.73246065
777	0.59586239
799	0.64036304
867	0.59609576
233	0.66006924
240	0.74892554
515	0.73953674
667	0.63108793
767	0.59770380
793	0.63944283
832	0.64436826
607	0.65010152
678	0.60579033
348	0.73742913
431	0.67935880
600	0.64380728
237	0.61517163
277	0.78714196
623	0.65062957
219	0.81296065
230	0.80208750
556	0.68104565
797	0.59478478
500	0.63413152
886	0.60825935
349	0.64807500
584	0.60968783
426	0.73976663
560	0.60293870
207	0.76517630
250	0.79932109
298	0.68172163
321	0.77785848
404	0.73112783
447	0.67684739
579	0.60155391
586	0.66321163
772	0.64924370
807	0.61574272
911	0.61434076
537	0.60009043
652	0.63883641
766	0.60294315
313	0.72905587
636	0.63790967
794	0.57245011
796	0.61113674
821	0.58428576
842	0.59416228
847	0.64508315
903	0.58479152
358	0.67596011
540	0.64153337
616	0.61861391
864	0.59373467
330	0.65191489
524	0.70481359
614	0.62273707
516	0.65373772
319	0.64959446
329	0.76979674
462	0.65864022
506	0.62610554
522	0.70244880
671	0.61814891
702	0.59436935
747	0.60578598
377	0.65333446
558	0.60336880
811	0.57832109
823	0.61979304
716	0.59264783
688	0.62031076
564	0.70774326
682	0.62501228
919	0.60916239
428	0.64935326
486	0.61588793
265	0.80867196
340	0.69133565
753	0.60695576
245	0.66202641
415	0.65893489
859	0.61056696
501	0.65158011
681	0.62878717
327	0.79697859
530	0.64744511
685	0.63524967
814	0.58148522
397	0.69159565
458	0.61230011
896	0.59517424
378	0.71458174
561	0.64303435
870	0.58350609
879	0.60767174
539	0.63699880
364	0.58481293
316	0.68830098
520	0.59512424
746	0.62711337
615	0.58492783
873	0.59296098
288	0.69533228
892	0.57324967
770	0.57763457
232	0.79573457
457	0.69390293
876	0.59424076
710	0.59813739
717	0.62678163
825	0.58740261
392	0.76146141
813	0.58950685
808	0.62042207
603	0.62765728
686	0.63060685
810	0.59093924
590	0.62795000
744	0.60235120
452	0.63107533
576	0.62399000
630	0.74099478
647	0.66448804
662	0.60659609
353	0.71536717
592	0.62321391
503	0.70259837
585	0.59892022
878	0.61228543
882	0.59906293
464	0.67652620
855	0.60305837
815	0.57367620
916	0.59007467
738	0.64178348
642	0.59882261
779	0.60396826
798	0.59192359
833	0.57128511
571	0.60213641
739	0.59601348
611	0.71891130
776	0.63313739
773	0.61626946
913	0.55549141
800	0.57089033
676	0.68430348
570	0.74223674
488	0.59777587
480	0.67361467
596	0.58927543
899	0.61573326
748	0.57925717
834	0.58299076
789	0.57462011
836	0.55947750
763	0.54585913
