0	0.83299991
1	0.83279459
2	0.83260706
3	0.83247367
4	0.83277743
5	0.82599018
6	0.83266706
7	0.83280220
8	0.83270890
9	0.83292394
10	0.83269165
12	0.83271936
13	0.83270028
14	0.83252055
15	0.83251358
17	0.83269174
18	0.83286018
19	0.83239651
20	0.83241991
21	0.83270183
24	0.83283477
30	0.83192890
33	0.82801587
40	0.83240972
43	0.83230697
45	0.78394578
53	0.79993615
56	0.82615578
63	0.83056312
64	0.82599128
65	0.83248771
67	0.82100266
70	0.81961651
77	0.83225706
88	0.81673927
89	0.82816688
102	0.80457037
104	0.81214000
106	0.81151826
108	0.80621339
113	0.76600358
117	0.78557862
118	0.72777697
130	0.83166055
143	0.82294376
149	0.80771294
158	0.77533991
160	0.82576128
169	0.79942009
174	0.79252440
178	0.79016945
184	0.73768174
187	0.69526917
193	0.77196514
199	0.77012596
203	0.81757917
204	0.81218890
205	0.78562275
217	0.70569532
241	0.80432220
242	0.73949147
244	0.78276532
253	0.82762541
258	0.72925798
267	0.63355697
273	0.79277578
275	0.76037734
283	0.72193037
284	0.69467578
291	0.76801239
297	0.75717908
307	0.77640963
312	0.74089826
317	0.70503422
319	0.66817927
327	0.70359523
339	0.74969202
346	0.62273174
372	0.73218147
379	0.68927706
396	0.73547734
424	0.74626844
435	0.74610523
445	0.62710431
459	0.65933899
463	0.71514284
470	0.75113119
472	0.63806349
475	0.71664780
502	0.68657028
509	0.75384000
511	0.65843275
518	0.76417495
524	0.67961771
533	0.74301156
534	0.65811789
549	0.74117495
566	0.69286459
576	0.66936046
582	0.61297257
597	0.66779358
636	0.68981780
650	0.62311495
662	0.61410615
675	0.68105936
689	0.67955495
708	0.64260413
723	0.65231220
733	0.61188174
740	0.62473982
742	0.67216642
765	0.68433633
788	0.60017165
839	0.61415193
850	0.69328945
852	0.60288284
869	0.66135450
874	0.65917468
878	0.60335138
892	0.63148752
906	0.67263257
939	0.60998706
946	0.67120982
964	0.61144394
1004	0.62791156
1025	0.63408761
1055	0.59176844
16	0.83265954
31	0.80341541
32	0.83268688
42	0.82893303
44	0.83227385
46	0.82900394
52	0.82980560
74	0.82814688
82	0.81596064
84	0.82808899
98	0.80158385
100	0.83054550
111	0.82178248
112	0.76752239
121	0.81353156
123	0.83059183
125	0.79354358
132	0.83036083
137	0.83228651
150	0.73424330
200	0.66090615
206	0.72166853
214	0.70679083
246	0.80424009
248	0.66340661
292	0.79882229
314	0.67066349
324	0.72769394
325	0.69065477
369	0.71742495
380	0.77258550
403	0.72798725
426	0.69951541
442	0.70056560
455	0.68726202
507	0.65351248
514	0.65221220
530	0.69701835
539	0.68935303
558	0.68270872
588	0.73322550
592	0.73110000
615	0.62091156
624	0.62033706
639	0.62373202
692	0.68494844
718	0.63473009
781	0.72913147
784	0.59902413
826	0.61955092
832	0.65686477
833	0.65748826
834	0.65296440
835	0.61808083
864	0.61927991
879	0.59787991
888	0.69429037
899	0.66519339
909	0.60191523
941	0.61739321
969	0.60680193
970	0.59661872
26	0.83261514
28	0.83267844
58	0.82923229
62	0.79510633
72	0.79718046
78	0.82408697
79	0.82980615
91	0.80846385
129	0.80028670
189	0.76196037
260	0.74792963
295	0.72216239
439	0.78255413
444	0.72062147
506	0.70836321
516	0.66722128
628	0.59830523
683	0.61555431
786	0.65648798
853	0.65281734
863	0.65016587
894	0.60025009
925	0.66468890
1019	0.59440550
48	0.80287862
54	0.83238046
61	0.79992119
236	0.70930239
240	0.76575881
249	0.78852523
251	0.74923275
268	0.81618890
432	0.64478798
434	0.77349725
437	0.75886083
474	0.69246037
515	0.73487248
531	0.64136092
544	0.64723193
550	0.77314642
556	0.69673972
645	0.63094321
656	0.69570450
685	0.62668890
738	0.59913138
744	0.65112110
762	0.66255917
924	0.59045055
993	0.61133092
1083	0.60809367
11	0.83264972
25	0.83018844
35	0.82536092
47	0.81827523
49	0.83010055
60	0.82930945
66	0.72472248
75	0.73740908
87	0.70627083
90	0.83102009
96	0.76259183
107	0.82728220
110	0.79891312
133	0.79628046
147	0.81315028
166	0.67283183
175	0.78500633
179	0.78641138
210	0.80787229
221	0.72834606
227	0.80445523
304	0.65134330
311	0.76961321
322	0.69033844
340	0.77635991
349	0.67954514
361	0.75000743
367	0.73324339
375	0.80729028
383	0.75364330
386	0.69213550
413	0.65096248
415	0.76893303
462	0.74865569
468	0.75377431
479	0.68552890
499	0.65696532
563	0.66761358
606	0.73143156
612	0.62058972
621	0.67980119
659	0.59903083
665	0.64017477
704	0.62098459
766	0.60442275
767	0.67416844
818	0.61167440
846	0.62901000
847	0.70372486
848	0.66597330
901	0.60172761
944	0.60194706
947	0.60798578
954	0.59686303
968	0.63294908
1034	0.61186092
1045	0.66673431
1068	0.60156908
1075	0.62826908
122	0.80367936
303	0.76016679
308	0.75197761
310	0.74743092
622	0.67776239
623	0.76506468
633	0.62769450
698	0.72095266
771	0.63065817
807	0.61494761
962	0.64581780
23	0.83240055
29	0.82143064
34	0.83266220
38	0.83017495
39	0.82188459
41	0.76639147
71	0.83036294
80	0.77551569
85	0.82716101
86	0.79931917
93	0.80924211
94	0.78408633
119	0.83144486
156	0.74092358
161	0.71274202
171	0.83118101
195	0.82399220
211	0.69841275
215	0.75720541
224	0.78810991
239	0.79887138
245	0.67013651
247	0.75062881
285	0.73969899
287	0.79927349
288	0.78635495
290	0.78231440
294	0.75573596
316	0.68914165
321	0.80085349
332	0.71050312
335	0.75313560
345	0.63298394
348	0.70283679
352	0.63253339
370	0.69882211
382	0.74170642
392	0.74337661
395	0.69536688
407	0.69232844
428	0.66536009
433	0.75093817
467	0.68998798
478	0.72702431
481	0.68635156
492	0.65309046
493	0.60734193
504	0.66103642
510	0.73310661
512	0.69499486
536	0.64064275
553	0.62339303
580	0.64556110
583	0.72457266
590	0.63394569
591	0.66500018
605	0.64062523
614	0.71410560
644	0.68399972
677	0.59104624
705	0.62621330
739	0.63809780
746	0.67724716
747	0.65817257
756	0.63771404
768	0.66240450
782	0.73009853
792	0.65879110
813	0.62072835
849	0.68013596
923	0.61036679
930	0.65539817
1010	0.58975394
1012	0.61880560
1013	0.62235000
1017	0.62391009
1040	0.60883046
1043	0.63017376
1058	0.61025202
27	0.81455936
50	0.82889028
115	0.82599431
167	0.81332752
168	0.76985349
207	0.77644917
222	0.79158945
231	0.79583046
237	0.69947156
263	0.75711587
306	0.69196376
318	0.82375193
350	0.80010936
351	0.63027128
358	0.76792917
359	0.63044495
404	0.69154716
408	0.61297835
443	0.72960716
453	0.75753367
483	0.79388037
562	0.71940642
567	0.70398578
574	0.68921211
634	0.65669817
682	0.68577248
686	0.60175248
702	0.65203844
709	0.64630927
729	0.70650321
743	0.68958697
794	0.61102743
810	0.64617055
884	0.62097156
922	0.60132872
942	0.73410761
972	0.66304174
994	0.61284037
1003	0.60248505
22	0.83275495
57	0.80700073
59	0.82874642
69	0.82715321
73	0.83133339
81	0.82218743
92	0.82570413
105	0.81926835
114	0.82146532
124	0.82323046
127	0.82670743
138	0.76729450
157	0.80545899
183	0.77112083
220	0.75371349
228	0.80829963
286	0.71378789
299	0.67013615
309	0.72509239
326	0.79407789
337	0.72274541
354	0.77094615
360	0.70980431
401	0.75440578
402	0.65229798
441	0.68295771
449	0.69353468
508	0.71270248
528	0.73657606
540	0.64340633
585	0.63288826
587	0.68814835
599	0.66939037
604	0.68870743
632	0.67338009
641	0.64844385
676	0.65355101
701	0.68512239
745	0.69137138
778	0.65529505
793	0.66555872
796	0.62879688
854	0.64103486
862	0.59722404
865	0.62182183
877	0.60583899
885	0.61696220
931	0.60982679
949	0.64961670
979	0.60677385
989	0.60177651
998	0.63044817
999	0.58186092
1033	0.57911156
1050	0.63283110
1062	0.60601743
1076	0.61555266
37	0.82787413
103	0.82963945
148	0.71170807
153	0.81941119
159	0.79494440
165	0.78066211
238	0.74276679
256	0.78475330
296	0.62797541
333	0.70498624
390	0.72203413
399	0.68897193
405	0.81641349
430	0.69028110
517	0.65882083
541	0.63186101
619	0.64746385
642	0.77327495
661	0.62234917
728	0.63519404
735	0.70950495
754	0.61384881
772	0.64580780
823	0.68429330
893	0.60917486
965	0.62308156
976	0.63144239
1008	0.60845046
1035	0.61764972
51	0.82994569
83	0.81155101
155	0.80418936
164	0.81424954
196	0.78757697
197	0.81136991
212	0.80257661
216	0.79010477
257	0.67545771
270	0.71348844
341	0.75494945
344	0.62732450
355	0.73252193
450	0.73343954
519	0.65655284
801	0.62085578
802	0.64952440
825	0.62824284
836	0.58935615
856	0.67021982
995	0.59265982
1007	0.59614844
1021	0.65861367
95	0.81529495
162	0.80412183
177	0.81242596
218	0.71742468
223	0.79382670
254	0.73311477
280	0.79433303
323	0.76887945
363	0.74653000
387	0.68038899
391	0.74865817
406	0.63114817
495	0.70575917
542	0.60477651
545	0.68878541
581	0.64948587
668	0.61761486
710	0.68439404
721	0.68096055
750	0.65154807
761	0.61536642
780	0.60031037
797	0.59890330
806	0.61594945
828	0.62928651
838	0.62825376
875	0.60429321
919	0.59248550
960	0.59994009
1069	0.58054872
1081	0.60276376
68	0.82119468
99	0.83272422
139	0.71772229
151	0.80423000
154	0.80852523
172	0.74919431
230	0.78147752
272	0.80559431
397	0.65597349
429	0.72078248
477	0.61229486
491	0.70063771
543	0.67516092
570	0.68562486
602	0.73576110
655	0.73362569
667	0.73942606
680	0.70924321
684	0.65213578
753	0.70959174
783	0.61621890
814	0.60862440
871	0.65204514
876	0.62187138
936	0.62282028
943	0.59177706
109	0.82093257
142	0.79414064
173	0.74358771
185	0.79093000
202	0.69405009
298	0.78684037
376	0.77468303
440	0.66921578
447	0.76020624
480	0.74439661
584	0.61800257
707	0.65945220
831	0.71272174
913	0.60540505
1036	0.60090927
1060	0.60342404
97	0.78066211
116	0.80729174
126	0.79487706
128	0.81712101
144	0.79288321
176	0.72945495
180	0.80382193
188	0.82213000
192	0.82990211
209	0.80622917
229	0.77883495
232	0.77949119
234	0.72986633
276	0.70320257
289	0.66969761
330	0.74263459
331	0.79917789
374	0.77284853
377	0.77014523
412	0.81012569
420	0.73170073
422	0.68113165
423	0.69762532
466	0.68949789
487	0.69393688
554	0.61935459
565	0.58894248
568	0.63602046
630	0.66197532
631	0.67968789
643	0.59403936
646	0.61111725
663	0.69334835
694	0.59307064
697	0.72106991
713	0.68567550
760	0.60511174
769	0.67659615
776	0.61259872
817	0.61907706
830	0.66551706
870	0.68090734
935	0.63037083
948	0.64345927
1023	0.61693101
1026	0.65696908
1028	0.61394046
1039	0.63720826
1082	0.62869899
1087	0.61507037
170	0.72555477
182	0.79630211
281	0.75338064
371	0.69612670
452	0.75641037
535	0.64509936
618	0.66389183
714	0.61751147
803	0.63468716
812	0.65242083
1002	0.59706587
36	0.81833835
120	0.78897569
190	0.78748128
198	0.82552706
271	0.74266844
301	0.71506752
368	0.78311514
417	0.76305083
610	0.68028000
613	0.64363404
755	0.66443661
861	0.61572147
872	0.62016092
1015	0.60060624
135	0.79038037
163	0.80528376
213	0.76823174
250	0.70405651
252	0.75181532
366	0.70598615
425	0.72894119
427	0.62121596
460	0.62398853
464	0.66262716
537	0.71133239
548	0.70436651
617	0.70821505
866	0.61678624
886	0.63745817
908	0.59228009
1016	0.61769312
1022	0.60082303
1027	0.59603000
152	0.81079890
293	0.66597064
497	0.73530239
703	0.63816780
719	0.65699954
741	0.60982413
758	0.62562156
790	0.58603734
811	0.64809578
829	0.65045468
140	0.80265037
191	0.71866376
362	0.72952138
364	0.61868055
385	0.69694110
438	0.65974486
454	0.65262624
560	0.66811606
635	0.64316798
670	0.66693376
712	0.71635055
770	0.68780138
858	0.59870468
891	0.65906073
1009	0.61669780
1018	0.67118174
1037	0.60363312
1046	0.61664174
1084	0.59061202
101	0.66770560
261	0.67307945
302	0.75703000
313	0.76886761
320	0.79056009
410	0.75375055
419	0.68063706
469	0.75659899
484	0.74421028
551	0.70871459
717	0.59859303
730	0.69028798
903	0.68333679
986	0.61294183
1080	0.61363367
76	0.82097284
208	0.81063468
305	0.73708578
334	0.61252927
393	0.62281642
416	0.65265771
561	0.68552202
626	0.70752798
857	0.61179679
929	0.62143147
959	0.58984064
1085	0.59253018
265	0.77010615
500	0.76009853
501	0.70767404
520	0.71493798
532	0.64563596
736	0.62305321
737	0.67812642
882	0.64645312
887	0.57172294
945	0.60770211
1042	0.61224394
1072	0.63817688
141	0.74221789
146	0.82395615
338	0.65528688
365	0.70275128
489	0.66834725
616	0.68133450
751	0.60116018
774	0.61427101
799	0.59199917
225	0.78947633
586	0.74982459
589	0.67554899
658	0.61645083
691	0.62281954
715	0.67200541
777	0.62371358
785	0.62782835
926	0.60178716
934	0.58463817
937	0.58031018
1063	0.58439780
347	0.78977560
353	0.71172468
431	0.69109367
573	0.70791532
749	0.62664092
757	0.63884422
916	0.58410651
1049	0.61101872
131	0.82576780
503	0.73245266
595	0.71008000
938	0.64354927
980	0.59736532
329	0.70659211
381	0.71652294
547	0.72973174
611	0.67648239
55	0.82631376
201	0.82134826
233	0.76261440
243	0.81472413
485	0.61803633
496	0.68433156
603	0.60870688
647	0.71459073
649	0.67650890
652	0.65541982
731	0.65417734
759	0.59840009
821	0.64411220
1032	0.59172743
1041	0.60433128
1067	0.62244486
787	0.61589587
277	0.74089642
343	0.80090431
446	0.68712138
529	0.65902624
657	0.62228624
696	0.69035725
775	0.67901798
815	0.63096229
966	0.63110138
1029	0.59282495
1051	0.59304009
763	0.64968266
226	0.78361789
274	0.75432009
451	0.69148046
476	0.76855716
569	0.75808459
648	0.63647211
700	0.67536110
816	0.62388422
897	0.58781633
985	0.60287963
269	0.75592688
398	0.72117972
456	0.64083908
601	0.71266394
672	0.74846560
827	0.62610028
898	0.65145972
235	0.79049596
910	0.61946312
1078	0.59005899
538	0.78627459
638	0.63508670
932	0.58973835
136	0.81608651
181	0.75558110
915	0.67558385
927	0.58869789
958	0.59202358
653	0.65516743
881	0.60298092
895	0.57693110
145	0.80396073
436	0.67956679
678	0.59046165
726	0.60960211
981	0.59040560
134	0.80664248
448	0.75870670
552	0.67779018
579	0.63238303
679	0.63198807
800	0.60165661
1073	0.60793450
526	0.60816404
411	0.75795890
564	0.70201560
798	0.61939000
219	0.79409468
336	0.72265982
494	0.68406404
525	0.67223073
577	0.65705853
609	0.61897982
640	0.68198009
912	0.65916349
951	0.60330110
262	0.69608743
282	0.79599761
465	0.64356752
513	0.65129422
911	0.63081890
918	0.61651294
940	0.60787532
900	0.65872064
1061	0.58836560
328	0.70117321
471	0.61295064
666	0.60148266
880	0.60453275
1048	0.60195367
1079	0.59018330
505	0.69927853
928	0.69991092
1074	0.57477945
418	0.60940394
629	0.69549128
693	0.60512037
1071	0.60546193
1088	0.61127991
356	0.77631156
557	0.65769688
598	0.70259761
388	0.71549615
620	0.66151174
264	0.78806927
279	0.78538459
357	0.70990413
409	0.61251385
868	0.60753092
1031	0.63006835
596	0.61922853
394	0.70718826
546	0.69722541
724	0.68801385
808	0.60875991
498	0.60221789
1056	0.59773284
664	0.61657514
859	0.64716569
957	0.59193147
996	0.58909037
522	0.76430862
819	0.61614596
974	0.59362220
389	0.74316128
711	0.73563000
373	0.69522688
873	0.57625376
482	0.68991743
789	0.66755844
843	0.64586550
1001	0.58570596
1077	0.59880954
300	0.75010339
527	0.74901376
625	0.71066339
840	0.65189927
890	0.64110661
982	0.58562303
1053	0.60230394
904	0.61394505
315	0.69972156
654	0.62329183
855	0.63442541
523	0.71826817
732	0.64396459
905	0.61496440
384	0.69158220
400	0.69561193
795	0.58856294
1038	0.58039009
1070	0.59672615
688	0.63413505
805	0.59442560
1011	0.61105202
255	0.79710275
804	0.67466028
914	0.59545743
992	0.61363000
278	0.76664872
593	0.60308055
748	0.69069266
266	0.73474789
421	0.70558716
572	0.70782688
1047	0.59781560
1052	0.59940037
1044	0.61005394
902	0.61844725
955	0.61689789
571	0.65308156
607	0.64750358
627	0.60486817
907	0.66804633
953	0.59593651
991	0.63615339
1066	0.60930312
1089	0.58346092
1020	0.55977752
722	0.68182606
600	0.59879174
608	0.65129761
984	0.60322789
1006	0.59545761
473	0.69927404
773	0.59426890
486	0.71294890
1059	0.58084578
791	0.62166367
990	0.59473936
578	0.59182514
681	0.65569587
699	0.61386936
921	0.70255872
414	0.66812899
841	0.59631936
967	0.60482211
674	0.61016798
973	0.58920349
752	0.65066514
987	0.61684073
342	0.71594000
669	0.60007459
963	0.60389009
1014	0.60763899
695	0.66824376
555	0.61193220
186	0.75451394
671	0.74276037
820	0.64284367
734	0.78120239
461	0.66481991
977	0.59937257
1057	0.58040018
194	0.69816138
457	0.74390963
490	0.67950523
1005	0.60273110
860	0.68107890
637	0.76026817
259	0.76893211
842	0.64436505
660	0.61191174
720	0.57880569
983	0.62803147
690	0.72445817
727	0.66829037
997	0.59747174
809	0.62490982
764	0.64949349
594	0.75141523
687	0.60288376
706	0.67609716
933	0.58884239
1024	0.57601248
1064	0.58530789
378	0.65247220
716	0.66442633
824	0.60984532
971	0.58309147
845	0.60097908
1065	0.60261174
651	0.58413193
920	0.60183844
975	0.58924862
458	0.70098697
844	0.59980862
952	0.56517330
488	0.61605376
851	0.58345633
978	0.63686761
1054	0.59639110
896	0.62888018
961	0.60332294
1086	0.58451991
559	0.59850083
822	0.63900128
867	0.59069835
950	0.58648440
575	0.69275046
883	0.60310174
725	0.59033807
917	0.59424541
956	0.60829376
889	0.56036495
837	0.70076890
1000	0.60532945
1030	0.55534413
521	0.70946321
779	0.60351367
673	0.64759789
988	0.55513752
