0	0.83244433
1	0.82751452
2	0.83241342
3	0.83208339
4	0.82943157
5	0.83178295
6	0.83242893
7	0.83244488
8	0.83233905
11	0.83231089
14	0.83205149
18	0.83219384
19	0.83215446
20	0.83233806
22	0.83072442
23	0.83124675
24	0.83114466
25	0.83215611
26	0.83168185
29	0.83211991
30	0.83249714
31	0.82097899
32	0.83232453
33	0.80365897
39	0.83231947
40	0.82750726
47	0.82872299
70	0.82326678
76	0.82486700
77	0.82093795
84	0.82925787
93	0.81550000
97	0.80429945
112	0.76389538
116	0.78028702
121	0.83049725
149	0.76477140
165	0.78180121
166	0.76302332
170	0.81123421
173	0.75823003
180	0.75631793
193	0.78658471
200	0.82111342
227	0.79514972
232	0.66485963
236	0.70283388
237	0.73683729
252	0.76513696
275	0.68952937
280	0.78693597
284	0.66890484
306	0.71503498
311	0.71494400
322	0.77030770
323	0.72269307
324	0.72927800
357	0.70278405
361	0.68376414
362	0.69123685
370	0.72402354
375	0.75286337
384	0.70921111
402	0.68117877
407	0.62924840
417	0.71687140
421	0.62345193
430	0.72204059
431	0.60730858
438	0.76796161
452	0.61863872
458	0.62710121
481	0.66219054
483	0.69208031
488	0.68907041
493	0.66179505
499	0.71730715
540	0.60601243
554	0.67624818
577	0.60271793
588	0.58595457
594	0.63176381
612	0.63231749
619	0.65426689
639	0.68016799
646	0.67901804
647	0.66045589
677	0.61496799
726	0.60322233
760	0.60795721
816	0.61538339
824	0.59402805
828	0.61924983
880	0.62842464
903	0.60671914
9	0.83252948
42	0.81163784
67	0.83023190
89	0.77399901
132	0.79908053
137	0.76704488
229	0.71440495
262	0.72491925
287	0.76758691
297	0.68238680
312	0.79506117
520	0.62337008
608	0.70518064
654	0.62131408
725	0.57792728
785	0.60695468
10	0.83224356
12	0.83231870
13	0.83208130
21	0.83224719
34	0.83220440
36	0.82923553
48	0.83238504
51	0.83213003
58	0.83089879
63	0.81626557
88	0.77361958
102	0.80126546
117	0.78737646
128	0.72807030
130	0.80721144
136	0.76325930
138	0.82746381
139	0.79001441
158	0.82506513
167	0.81403718
171	0.78634015
182	0.74032409
210	0.71889516
223	0.79031243
238	0.67219164
268	0.77026612
273	0.77310385
285	0.75682937
295	0.73223883
296	0.76129989
302	0.72351716
309	0.73886227
310	0.73988548
337	0.71721430
342	0.66771298
367	0.73291826
371	0.70370242
385	0.66034367
389	0.76603289
395	0.81164411
399	0.72479527
410	0.67837052
419	0.69392387
420	0.74047580
522	0.65977646
563	0.76724180
566	0.66926337
572	0.71569472
595	0.64771947
607	0.65075314
627	0.72624598
641	0.70612321
666	0.61064840
708	0.66929395
744	0.60610396
746	0.61196942
776	0.60026931
804	0.66868537
815	0.60948603
840	0.64074092
871	0.61477206
15	0.83236810
16	0.83054477
37	0.83234136
41	0.82335666
43	0.82238581
45	0.83203421
54	0.83224389
61	0.83189626
73	0.80711980
74	0.81087272
75	0.81996788
87	0.82476051
107	0.71034510
122	0.81350099
141	0.82950880
146	0.70729318
168	0.78388702
190	0.82621771
219	0.72409802
221	0.78969956
233	0.76660913
258	0.72640660
277	0.73919164
299	0.73176271
411	0.65558834
425	0.68973157
604	0.61803135
610	0.59176568
621	0.67361705
636	0.64559956
716	0.61995402
722	0.67951529
738	0.60108394
774	0.61345259
790	0.65441485
867	0.57519747
895	0.61848636
46	0.83231650
82	0.78900473
261	0.66584950
348	0.68471309
365	0.72779120
403	0.62153938
471	0.65295380
515	0.65404598
534	0.64092409
631	0.61112563
700	0.59783861
712	0.68248152
721	0.57373366
798	0.64805655
808	0.58977756
814	0.62281056
860	0.63606733
877	0.60111628
17	0.83213916
86	0.81981287
106	0.81800429
152	0.72320275
160	0.75107096
195	0.76716634
239	0.71190341
251	0.63981089
257	0.78106931
293	0.74847107
330	0.68014499
415	0.65763168
487	0.61109230
513	0.61930385
600	0.59606293
629	0.66016568
731	0.63346216
737	0.62416007
800	0.59974224
27	0.83206755
38	0.83091661
53	0.82471496
60	0.77551474
65	0.78217129
78	0.77795622
81	0.82822255
92	0.80792167
95	0.82266436
113	0.74880913
131	0.79367756
156	0.81201144
163	0.69373564
174	0.77946667
202	0.72744433
207	0.75553520
220	0.74668779
226	0.76647129
228	0.62685336
241	0.78021342
246	0.77455875
263	0.74201034
272	0.71693135
292	0.66290473
351	0.71439043
352	0.76711353
406	0.65653960
413	0.78040099
416	0.60516744
418	0.60570990
423	0.68774774
433	0.71631188
439	0.61329747
448	0.77048460
449	0.71640396
476	0.68972244
492	0.74944873
542	0.60271738
597	0.69439934
599	0.66219087
616	0.60781210
634	0.68222101
656	0.66253498
657	0.60970143
706	0.61308405
761	0.65704906
764	0.59801562
772	0.61670803
825	0.66184609
827	0.60293784
839	0.61714367
901	0.60618702
28	0.80663850
44	0.82097943
66	0.81661782
68	0.81603762
157	0.77399274
254	0.75851529
269	0.69411782
301	0.77621067
305	0.70486227
364	0.79065028
400	0.75455182
426	0.60317305
432	0.64263751
437	0.67863696
447	0.73851144
462	0.68429175
514	0.75024609
517	0.62956381
527	0.60691936
538	0.60874301
553	0.67423663
560	0.67445017
591	0.60410902
626	0.68514532
680	0.65271210
694	0.62300374
745	0.68329714
762	0.62614312
779	0.63293245
830	0.61196029
905	0.61450308
35	0.82282992
50	0.79961903
55	0.82736733
72	0.77142365
91	0.79654070
108	0.77632310
114	0.82625435
115	0.82149813
150	0.77047393
177	0.76715567
186	0.78273036
192	0.71706150
204	0.75315534
208	0.72896425
209	0.62756348
217	0.80792805
222	0.71880979
253	0.73393443
298	0.66289065
314	0.77793542
333	0.77714147
354	0.66156480
381	0.68682376
386	0.70631166
394	0.62162024
404	0.73193487
441	0.63155666
469	0.66380572
494	0.68975325
528	0.66900495
530	0.62516546
556	0.74563311
562	0.66724983
580	0.64493069
581	0.64649351
609	0.65464752
624	0.65309516
652	0.64512981
653	0.65886997
692	0.59374840
697	0.60488581
699	0.61391474
720	0.64784730
734	0.66148163
742	0.63491496
773	0.62301991
833	0.65054763
865	0.62905600
56	0.79428878
80	0.82657646
96	0.81656788
100	0.75549516
101	0.81352112
120	0.77081078
129	0.82831254
142	0.80395028
260	0.65838482
279	0.70678108
326	0.72143256
345	0.65748042
358	0.71498515
435	0.79210737
446	0.71883564
461	0.73313718
474	0.76724268
526	0.69022640
623	0.62557558
658	0.65388515
660	0.64313410
662	0.61881936
676	0.65242915
752	0.60968207
792	0.59268141
793	0.60176975
806	0.59495314
49	0.83108383
52	0.81220253
64	0.81917184
69	0.80849472
71	0.77885149
83	0.82644004
85	0.81316128
109	0.82952431
110	0.82369516
125	0.82951936
148	0.80512035
162	0.78872453
172	0.77360902
178	0.74849131
191	0.79881430
205	0.75624664
212	0.69644334
214	0.73567965
259	0.79236018
266	0.77985512
313	0.71590979
320	0.76837349
356	0.79401848
372	0.68274345
376	0.61767965
382	0.61405105
390	0.68976645
398	0.69140814
442	0.75154092
444	0.65099725
477	0.64880418
495	0.62040451
532	0.62767536
546	0.64505798
547	0.64487030
559	0.65549351
603	0.75163531
644	0.65221155
661	0.65189714
670	0.66788845
678	0.70339109
693	0.64573366
709	0.60457844
717	0.64300627
758	0.56802673
771	0.62992431
849	0.61095710
57	0.83146491
105	0.79391441
123	0.71597778
135	0.78948229
164	0.76392167
185	0.74484301
215	0.77835996
250	0.66846326
276	0.79653685
286	0.75907294
325	0.69597679
339	0.61396832
341	0.76815446
366	0.68775193
378	0.70403894
478	0.78666095
498	0.69045182
500	0.75945908
505	0.70685963
533	0.60334114
568	0.70507063
570	0.70639527
590	0.68276216
622	0.63924213
674	0.64491155
681	0.61982871
684	0.63426722
695	0.64336425
805	0.59364466
842	0.61794642
908	0.59675314
90	0.82593190
126	0.80232266
133	0.81239978
145	0.79049120
151	0.77781287
155	0.77746920
194	0.76087052
203	0.74379043
211	0.67055545
243	0.74598086
290	0.75879945
331	0.71596381
340	0.61803542
424	0.66284323
466	0.64716238
516	0.68389868
524	0.71453465
558	0.68100121
565	0.64476194
589	0.61306062
663	0.62937052
665	0.65307965
668	0.59816018
691	0.64731122
781	0.60067613
887	0.58349890
144	0.79070561
169	0.70335589
264	0.78249494
270	0.71424807
472	0.68647195
518	0.60881518
596	0.63620561
643	0.72422992
664	0.64513135
673	0.61834752
811	0.62000693
153	0.78014059
181	0.77238493
184	0.80851892
201	0.72263630
230	0.63416612
392	0.69907943
401	0.76383696
543	0.63512233
544	0.61089241
649	0.68730902
767	0.59514642
787	0.60469274
831	0.59447415
843	0.58209527
852	0.62487921
868	0.59065446
885	0.58688867
288	0.69642442
317	0.69974499
387	0.64957690
408	0.73062937
451	0.72669604
470	0.70862211
506	0.61931925
788	0.57552981
801	0.58501529
857	0.61259736
902	0.60076535
111	0.74418812
429	0.68252970
457	0.64426491
688	0.63071474
769	0.62053025
864	0.65284059
127	0.75327877
143	0.78897173
147	0.82340737
206	0.76663124
213	0.65875380
231	0.73711540
486	0.76113179
521	0.67690044
698	0.63968647
732	0.60195534
845	0.57632321
282	0.69991111
360	0.65300880
436	0.70615886
454	0.62347162
455	0.65651166
467	0.64646106
473	0.59968691
537	0.60908460
555	0.61919890
630	0.61058790
682	0.68720143
727	0.69752167
728	0.65247712
770	0.63773487
812	0.59399076
826	0.61549428
834	0.61356084
850	0.59266216
59	0.82892640
62	0.82911298
245	0.78595699
346	0.69614389
414	0.70445963
459	0.77567668
497	0.68042321
508	0.61809351
541	0.64926260
602	0.64664906
701	0.63456524
743	0.59203069
796	0.61578515
858	0.63083597
878	0.60981309
124	0.77916942
218	0.80840957
234	0.72482739
240	0.76402904
489	0.65115512
496	0.60292508
539	0.80329450
567	0.68064807
576	0.61400858
618	0.62322156
759	0.61853531
802	0.62221364
874	0.59122475
189	0.78597646
274	0.76765072
281	0.70190682
300	0.78197855
304	0.66383168
315	0.78762662
479	0.66872035
480	0.68548075
519	0.72418064
633	0.65792530
134	0.79636095
175	0.71226656
271	0.74065204
504	0.64854477
601	0.60302123
615	0.65922332
862	0.58444994
188	0.66104246
242	0.68543817
350	0.67907756
445	0.72401639
463	0.70568988
503	0.64547910
511	0.62367943
535	0.62963949
103	0.82887767
377	0.67130319
468	0.68469593
635	0.68014235
718	0.60424576
780	0.61470957
794	0.61011397
848	0.59150176
870	0.59765006
99	0.83242827
224	0.76290671
638	0.64456447
671	0.64598317
685	0.64391705
690	0.62783091
784	0.57542200
876	0.60163190
613	0.64131826
632	0.68878152
265	0.76200737
368	0.66933630
373	0.69479890
443	0.66165974
548	0.67533762
614	0.64121320
187	0.82166513
335	0.66023795
343	0.77589604
440	0.62447602
140	0.78120198
197	0.76180308
355	0.65931122
412	0.69515556
453	0.69881507
482	0.65130869
529	0.63032739
561	0.67476194
648	0.66108427
672	0.65926348
729	0.57540253
898	0.62112145
79	0.78622783
94	0.80319604
159	0.80477844
244	0.74866414
319	0.73685193
428	0.62232288
456	0.61702816
655	0.68218801
724	0.58933839
336	0.75128801
740	0.60500759
154	0.80520209
379	0.69627393
766	0.68229604
869	0.64494994
892	0.61684972
334	0.65767294
383	0.62043344
409	0.73257470
640	0.67916832
741	0.57831265
754	0.60733003
836	0.58834059
853	0.65256733
118	0.80620484
490	0.63691375
510	0.69841078
702	0.69278240
888	0.61471034
303	0.65279703
374	0.68984048
611	0.69546876
735	0.62278603
795	0.59875061
891	0.61669307
294	0.75077206
369	0.68451771
397	0.72865644
723	0.71012277
820	0.69825974
179	0.69769516
235	0.73891452
434	0.77343080
552	0.63363377
617	0.67747085
736	0.65525149
889	0.58742354
104	0.80683619
119	0.74256337
748	0.64505270
765	0.60442365
777	0.59702134
832	0.60602431
332	0.80748889
450	0.63147338
578	0.69692321
98	0.82030473
460	0.69608537
686	0.62617679
846	0.65923806
628	0.62165589
875	0.58972882
598	0.71912112
882	0.61142629
196	0.77259582
847	0.59193322
316	0.65709164
338	0.73345105
344	0.73586271
391	0.69111804
422	0.69156821
587	0.59374730
829	0.59742354
199	0.71899604
225	0.65822013
256	0.67870572
291	0.80205050
318	0.74959263
328	0.70085633
349	0.71524807
363	0.74249758
388	0.74085006
427	0.67697272
525	0.65793784
531	0.64916788
606	0.65397019
763	0.64226931
797	0.62103421
844	0.60191474
886	0.59965963
329	0.64484807
359	0.73984015
733	0.59124598
750	0.64528647
753	0.59924554
176	0.81599923
651	0.60020451
755	0.59176766
775	0.67087569
307	0.65716436
669	0.66864191
327	0.68922277
859	0.56852431
289	0.68339560
485	0.70614433
550	0.60065765
571	0.66104037
863	0.62554906
894	0.59943751
216	0.73528229
893	0.60388438
872	0.60901353
896	0.58270407
380	0.64576106
509	0.69754774
585	0.69431980
659	0.68350253
861	0.57892893
711	0.65115028
161	0.80147206
183	0.75341276
347	0.75321584
249	0.76951903
714	0.65429593
803	0.60934631
551	0.64807503
789	0.59145039
823	0.63557613
879	0.60710660
198	0.69986293
507	0.71554015
512	0.61321859
573	0.61825589
405	0.71991331
586	0.66095611
707	0.59950033
501	0.63481507
393	0.68624631
675	0.64143586
579	0.63212959
278	0.73796227
283	0.71769120
854	0.57549615
557	0.70033905
730	0.62458119
484	0.61103773
255	0.71306348
906	0.58149934
267	0.65363806
321	0.74761760
689	0.65993003
704	0.64634510
756	0.59169241
536	0.64411375
883	0.60857778
248	0.77728647
464	0.70094961
822	0.62360638
475	0.70925831
620	0.66219032
713	0.59351738
809	0.66086040
491	0.60268933
564	0.70776293
650	0.59205215
782	0.59858339
856	0.57924290
353	0.77175930
396	0.68017734
247	0.71591738
645	0.62414642
819	0.64235622
308	0.74937921
747	0.62166480
855	0.59598680
683	0.65452750
465	0.60250231
679	0.64256986
813	0.60766282
818	0.59586128
778	0.56523564
575	0.61599252
881	0.57276370
502	0.68076645
783	0.60544829
810	0.59919879
523	0.60269142
593	0.61195820
837	0.60183377
642	0.64391474
791	0.56256546
637	0.61737217
907	0.60673300
739	0.65938768
592	0.67557932
582	0.60825787
545	0.61072728
786	0.59189043
584	0.65514169
705	0.66916414
751	0.58598515
749	0.56561749
835	0.59229692
799	0.58561650
605	0.58765600
821	0.60395215
817	0.62955083
807	0.58330704
703	0.64074928
851	0.58908790
710	0.60722827
884	0.59501331
719	0.69976425
873	0.59085875
841	0.58796777
574	0.57354532
715	0.58531089
757	0.63532321
667	0.64191232
696	0.57615963
890	0.55278845
866	0.56150935
897	0.56220770
569	0.67232068
583	0.62487965
900	0.57753223
687	0.58253927
768	0.56751903
549	0.62772530
838	0.57533344
899	0.54714917
904	0.55635765
625	0.69195369
