0	0.83142451
1	0.83147310
2	0.83124490
3	0.83130271
4	0.83111659
5	0.83055184
6	0.83139610
7	0.83150510
8	0.83113330
9	0.83125000
10	0.83158677
11	0.83131909
12	0.83118232
14	0.83123905
16	0.83138872
18	0.82679425
19	0.83144729
23	0.83137787
24	0.83075781
27	0.82670662
31	0.82301399
37	0.82887646
40	0.82747495
41	0.83075195
43	0.82497050
46	0.82736518
47	0.83097961
70	0.72887928
82	0.76506920
87	0.81366443
90	0.82896670
100	0.68079241
101	0.75592972
109	0.82152289
114	0.79150369
123	0.78997343
148	0.82619664
155	0.74179393
158	0.82123861
163	0.75547256
164	0.76562408
185	0.73925770
214	0.70286074
220	0.79346475
225	0.66995108
243	0.64996312
250	0.76593427
275	0.73560336
286	0.63491464
290	0.76923601
326	0.74191410
346	0.73787234
352	0.78624675
357	0.79314848
360	0.73058091
375	0.70241421
380	0.76566573
395	0.62667831
398	0.66383265
400	0.62946790
404	0.71301681
425	0.68443319
447	0.65580944
457	0.67443742
470	0.71141562
485	0.68729328
520	0.66772918
531	0.62403297
539	0.75381421
583	0.62342972
589	0.64099740
592	0.66111562
602	0.66475987
644	0.61400325
667	0.60890456
685	0.62630315
729	0.64928384
737	0.62587722
749	0.59506356
788	0.60666822
789	0.64750521
792	0.60814664
814	0.61104252
824	0.62248959
25	0.83094946
32	0.83138102
56	0.81968167
127	0.74427538
129	0.71877440
165	0.72743330
169	0.78431074
183	0.80553850
202	0.71682831
215	0.72011302
227	0.69406095
264	0.71433384
267	0.66614067
285	0.65977711
349	0.71602419
355	0.67482939
381	0.69112180
385	0.71507061
419	0.66566453
432	0.68560108
478	0.68056399
488	0.61086811
507	0.65519523
522	0.68936757
565	0.68481833
587	0.67161236
657	0.62614425
778	0.60458482
833	0.60222560
858	0.62762484
870	0.61862050
886	0.61273438
918	0.60754588
21	0.82621594
39	0.83114306
68	0.83013872
69	0.81113980
73	0.80829631
96	0.81748839
105	0.81340358
172	0.80807874
201	0.82129317
210	0.63140022
238	0.76891909
239	0.77846280
268	0.72500575
294	0.65352928
316	0.80012950
321	0.72395824
418	0.65964013
426	0.64950987
440	0.64631009
462	0.61713243
517	0.73807527
530	0.68159967
564	0.61054751
614	0.60803677
627	0.69656670
692	0.65807050
708	0.68654393
745	0.60251171
784	0.60365759
786	0.70787939
825	0.61743232
835	0.64322863
840	0.63358482
856	0.65086258
871	0.61345456
898	0.60561334
13	0.83142744
20	0.82927701
26	0.82827158
30	0.82972451
45	0.81842451
51	0.82483210
55	0.77310976
58	0.82467766
63	0.82989165
64	0.79791052
66	0.83109512
75	0.82491128
85	0.80672126
93	0.79299479
107	0.81738330
128	0.82019610
154	0.77483959
171	0.75446866
177	0.80123319
193	0.73945705
257	0.74882202
260	0.74446887
261	0.72642614
262	0.79917473
276	0.76520239
292	0.73531681
364	0.66018980
394	0.70949523
412	0.68747234
413	0.68243839
460	0.63236703
493	0.62369046
515	0.62327560
516	0.67339696
525	0.69601486
529	0.63779414
537	0.59696193
538	0.73009197
594	0.61685759
599	0.61830456
610	0.71139414
634	0.63472191
639	0.70958688
664	0.61271182
736	0.63737397
763	0.61765358
832	0.62670466
844	0.58935239
29	0.83121551
35	0.83112408
54	0.82444946
65	0.82182321
86	0.82331920
94	0.82981388
108	0.76176833
140	0.82642538
255	0.78501475
302	0.73389078
309	0.74285119
317	0.69477256
322	0.78118850
351	0.72932907
397	0.71176768
422	0.65011464
480	0.61664848
534	0.69568015
557	0.65341985
619	0.60496334
691	0.70339859
695	0.65810510
696	0.59759620
724	0.61004121
816	0.61302072
819	0.63426323
873	0.67127798
890	0.60571605
28	0.83138785
36	0.83091236
60	0.75847863
83	0.80277852
117	0.82967701
251	0.67025282
337	0.77093460
339	0.68807646
415	0.70042972
454	0.74303232
526	0.67797939
551	0.62717939
617	0.62240998
852	0.61283145
15	0.83157234
17	0.82895293
38	0.83130792
62	0.82675206
67	0.82706746
78	0.82723764
79	0.74145705
116	0.78104111
126	0.76716681
133	0.76331215
134	0.77127354
166	0.79850770
167	0.80020098
179	0.75838970
189	0.69342614
190	0.81225184
192	0.77401269
196	0.75400889
197	0.81032375
203	0.67375564
221	0.71268818
230	0.66663460
231	0.75700434
237	0.71882505
253	0.74151876
295	0.62497722
298	0.75888406
306	0.74235575
310	0.68373937
315	0.68234935
329	0.78067440
341	0.65208861
344	0.78485108
353	0.66784393
367	0.71886898
374	0.66387158
376	0.73082907
406	0.65571518
424	0.72451139
429	0.73176746
483	0.71679013
484	0.66616020
487	0.72804371
543	0.62732972
550	0.68482993
552	0.64803178
572	0.65368471
596	0.67689371
628	0.69415954
629	0.59815998
633	0.66250249
650	0.62174230
653	0.67332603
655	0.69207278
677	0.61943167
699	0.70779176
711	0.62167636
747	0.61924197
752	0.60133384
764	0.60466855
793	0.61085315
813	0.61166215
817	0.60523590
838	0.60230727
845	0.64858341
861	0.60170510
909	0.62527440
22	0.83121345
33	0.82826649
44	0.77068525
59	0.82184317
71	0.83012278
74	0.83008059
88	0.76988395
97	0.83134653
99	0.77637256
118	0.80883351
121	0.77521204
124	0.79244805
144	0.80497722
152	0.62918134
153	0.74134805
162	0.74573037
182	0.78605770
187	0.80560325
188	0.81296996
233	0.72179718
236	0.75104913
240	0.81064881
242	0.74117332
258	0.69744620
274	0.69324425
278	0.69390542
289	0.77275065
313	0.75047093
340	0.69134599
371	0.74480477
388	0.65737668
396	0.71175900
414	0.65158633
443	0.79751117
491	0.68095781
528	0.62025315
545	0.61018764
584	0.62812148
622	0.65596822
623	0.61873015
698	0.58276334
721	0.64492375
725	0.71480933
799	0.66346898
829	0.66877907
864	0.60934262
883	0.60005174
49	0.83060445
50	0.82964707
53	0.82168048
89	0.81374165
98	0.79833308
103	0.82848254
111	0.82662354
115	0.69473384
119	0.80268015
131	0.62697874
139	0.71137516
146	0.81355401
149	0.65960824
160	0.67020293
161	0.75202679
175	0.77131616
176	0.81574403
205	0.77455000
223	0.77986790
228	0.77994816
234	0.62508991
247	0.68361725
248	0.72389111
273	0.62895672
300	0.67011649
324	0.71320336
334	0.69291822
338	0.74185738
389	0.62365727
407	0.65513948
408	0.72142321
461	0.65929479
471	0.66182072
476	0.66711551
492	0.72829306
533	0.66648688
586	0.63476367
600	0.67267744
630	0.63327223
637	0.67531573
659	0.63220434
669	0.67269187
683	0.61204230
686	0.64905705
700	0.61686193
705	0.60358959
710	0.65384024
730	0.62809035
773	0.56816616
794	0.62812972
822	0.57968850
854	0.59718872
888	0.57274837
895	0.57370456
910	0.61867148
92	0.81316605
102	0.76891421
106	0.74112354
135	0.67984620
141	0.77285195
157	0.80902256
246	0.77031573
280	0.73200618
283	0.75948384
296	0.74089111
304	0.65704425
383	0.73488698
402	0.69331171
452	0.72121020
458	0.61243308
467	0.69975835
582	0.61878915
649	0.65244436
651	0.58899056
678	0.62602343
688	0.64564143
703	0.69583406
787	0.67803319
797	0.62488926
798	0.65802354
866	0.61635087
72	0.81579111
76	0.81449794
77	0.82871432
110	0.80955412
125	0.81090933
130	0.79261399
137	0.77092104
147	0.78026757
159	0.80618113
178	0.72219436
181	0.80488557
198	0.73591009
211	0.78281410
244	0.70765239
249	0.74071410
301	0.69716171
335	0.66480000
336	0.69251410
390	0.62581247
427	0.65288113
448	0.72851551
456	0.67755445
459	0.72473644
469	0.69516562
474	0.65000651
479	0.62049328
502	0.73168243
523	0.74922202
561	0.64276150
616	0.72992625
646	0.72938818
663	0.66550954
673	0.62985672
679	0.64157755
735	0.62005672
775	0.62707473
782	0.61613666
810	0.61443232
820	0.55681725
853	0.59567679
882	0.60751974
893	0.60340976
920	0.59928980
52	0.83111898
156	0.76868829
174	0.79680011
186	0.80382798
194	0.82454501
299	0.71299208
386	0.67659208
393	0.62364165
466	0.62416312
482	0.60913416
704	0.65283655
897	0.61890987
180	0.77485477
206	0.80712842
219	0.74099599
232	0.74692983
235	0.77032668
277	0.76365304
287	0.68091855
328	0.73931551
401	0.71967202
468	0.72914111
501	0.64033004
536	0.72279924
547	0.71758937
590	0.71974002
606	0.68446573
803	0.64051193
839	0.58941931
843	0.65515434
847	0.59333937
857	0.62099555
862	0.62949490
875	0.58984902
877	0.59930987
887	0.55959349
894	0.59447950
903	0.58276594
921	0.60273883
80	0.83071768
104	0.79239414
122	0.81363753
145	0.71833048
224	0.74258601
270	0.78535965
282	0.65939534
368	0.66682137
438	0.79112581
489	0.65001811
510	0.70687820
563	0.67980076
591	0.65274284
636	0.72303341
638	0.64411497
641	0.60152017
656	0.65699870
723	0.65879490
769	0.61652451
785	0.61985803
809	0.63285889
827	0.59833275
34	0.79891020
91	0.80653026
191	0.75654599
218	0.77099273
254	0.73383633
363	0.66200575
366	0.69283080
377	0.74321030
387	0.77503796
434	0.61252863
518	0.65932863
581	0.61732082
682	0.61732104
738	0.63370130
848	0.62861226
865	0.58757777
889	0.60949620
905	0.57035803
48	0.80479794
81	0.81648579
95	0.82610325
150	0.78673850
199	0.73838601
269	0.76613514
303	0.75991529
354	0.71071757
365	0.66493308
442	0.61843915
449	0.68969121
465	0.67357928
496	0.63643275
527	0.61222278
549	0.60378015
571	0.60681009
588	0.67871529
604	0.71273297
643	0.64347777
746	0.65642592
811	0.62551594
818	0.60317983
821	0.62315976
841	0.60293069
878	0.58068189
904	0.57867928
907	0.59938210
229	0.80299599
259	0.75697419
279	0.73616139
506	0.62884056
554	0.65381714
577	0.60821291
625	0.65789848
626	0.68123362
654	0.58877321
779	0.57800694
846	0.63903579
855	0.61703753
891	0.63388959
896	0.60039707
204	0.68911345
521	0.62414490
681	0.64960597
849	0.60122234
226	0.78134892
252	0.76333243
548	0.64573991
665	0.60960499
713	0.58194902
906	0.61359436
84	0.81076562
120	0.80148048
200	0.78303113
320	0.71722690
431	0.75435412
444	0.62128004
451	0.68096291
463	0.67467440
490	0.70773178
687	0.65273818
715	0.60833471
874	0.63909675
112	0.82579783
241	0.78902918
441	0.72781204
542	0.61136247
802	0.66165347
436	0.75472017
567	0.71674328
826	0.59306876
831	0.61592115
42	0.81459653
142	0.72560553
319	0.74352918
372	0.74222505
433	0.64616497
500	0.60639729
573	0.70643341
598	0.63171985
620	0.60976095
621	0.66565184
697	0.64600900
756	0.64743319
806	0.62533427
57	0.80537028
61	0.82342896
132	0.81420249
263	0.80253948
318	0.73933514
327	0.75391399
331	0.78599328
348	0.69314469
359	0.71336866
391	0.71863774
410	0.70310672
421	0.66364718
446	0.74020184
514	0.61888015
556	0.64212863
575	0.62655803
601	0.64198612
611	0.61512570
762	0.68401757
834	0.58540705
842	0.61745390
209	0.72271312
216	0.77238514
343	0.76067505
472	0.70695239
544	0.60687918
574	0.70241421
670	0.61636779
701	0.63828568
706	0.61005087
726	0.65051421
771	0.63054056
314	0.77199349
464	0.66497148
473	0.67737516
727	0.61633351
823	0.65057505
860	0.61660065
868	0.59506725
311	0.79032256
423	0.65416985
475	0.64644360
541	0.72698460
694	0.68274067
486	0.70105987
499	0.67852939
642	0.64463221
859	0.58486367
168	0.74892267
569	0.72044447
580	0.60406757
609	0.61146334
661	0.61501497
744	0.60313568
768	0.67767831
207	0.69699078
256	0.77014187
293	0.70066649
323	0.73339957
546	0.70056627
579	0.59638991
640	0.67978937
702	0.60669718
720	0.59451800
830	0.61871150
867	0.61810846
884	0.58732256
912	0.61058905
265	0.76058460
281	0.69415727
291	0.66439566
361	0.65793286
373	0.68522928
558	0.60229382
742	0.63642733
170	0.72565477
453	0.61902701
284	0.81616323
308	0.73738764
345	0.71775531
356	0.71067213
437	0.67672787
439	0.73275672
635	0.66118221
690	0.59367408
213	0.66521551
305	0.69424512
333	0.75617516
350	0.72840260
562	0.70769577
863	0.60158698
173	0.78207755
297	0.72592495
524	0.61654078
662	0.59753514
138	0.80705347
143	0.80148970
184	0.79947636
342	0.79474957
676	0.64611638
399	0.61204208
405	0.67592299
417	0.77125098
420	0.68739653
739	0.61221399
212	0.77083590
477	0.65938579
560	0.71744252
757	0.59509230
113	0.80772267
378	0.70446649
495	0.64647299
631	0.65733200
632	0.63937928
652	0.61431616
770	0.58429089
428	0.75474252
513	0.59467755
576	0.62665868
693	0.63527527
755	0.58020803
790	0.59325445
151	0.79836453
718	0.64618948
719	0.66582202
748	0.63231497
222	0.79296030
271	0.75907950
307	0.75883113
772	0.61462028
740	0.60988460
217	0.74230586
709	0.59603883
712	0.62126269
369	0.79289219
409	0.64203189
511	0.70617842
540	0.65269501
208	0.69754837
266	0.75912245
707	0.59818666
885	0.58596670
900	0.58745206
913	0.59331063
618	0.60467462
796	0.59939067
807	0.60051941
379	0.62547581
384	0.64846725
674	0.66366215
245	0.68900401
272	0.77916497
714	0.59843026
578	0.69414306
758	0.63375108
880	0.58667364
753	0.63158937
776	0.59574002
791	0.62187646
743	0.60262733
519	0.64079371
716	0.66702343
330	0.70622234
722	0.61151161
732	0.68329555
553	0.71208460
717	0.64398406
312	0.77175152
595	0.59349913
358	0.64455738
597	0.59747072
498	0.70354328
902	0.62169219
195	0.65500380
503	0.66175835
570	0.65045607
593	0.67687820
612	0.60297733
624	0.61483275
332	0.72720466
800	0.61802787
430	0.72160813
555	0.65260705
780	0.59574783
382	0.68144685
450	0.64665423
647	0.64972050
666	0.70978189
728	0.65345965
751	0.60468709
805	0.59257831
908	0.57967278
777	0.60527158
876	0.59319729
347	0.66281182
403	0.70873970
750	0.63069176
607	0.69750759
872	0.59877863
881	0.59036334
288	0.69510607
741	0.58433948
836	0.59629121
445	0.61739512
603	0.61128731
416	0.74837918
585	0.62100184
892	0.57623688
509	0.58544664
759	0.60915879
136	0.81260249
615	0.61004675
837	0.63418915
535	0.57818796
566	0.63184924
325	0.81826540
680	0.65361844
783	0.59132809
668	0.64978915
795	0.58186117
675	0.67091931
684	0.60454653
754	0.59199262
812	0.64316551
804	0.58417983
915	0.58454610
532	0.64196996
608	0.62282386
733	0.58118145
801	0.59460466
919	0.56916518
645	0.69892755
568	0.62429469
505	0.72214967
660	0.61142061
828	0.64571041
613	0.63711887
512	0.61399848
435	0.66637668
766	0.57652701
494	0.72407842
899	0.59799696
916	0.58353351
481	0.64374078
362	0.67740325
411	0.59607690
455	0.69069078
648	0.63083774
815	0.62315195
761	0.59312842
504	0.58327289
808	0.58978048
781	0.58982061
731	0.62848492
760	0.62073764
765	0.62251106
869	0.61313189
605	0.66137093
689	0.63636779
370	0.76830759
508	0.69834685
392	0.70926280
559	0.63129262
672	0.60972950
911	0.58117885
879	0.61637527
774	0.64770803
497	0.59621725
917	0.55550271
914	0.58028872
658	0.63786475
850	0.55446443
851	0.56877972
901	0.58953905
671	0.57725390
734	0.55717570
767	0.56028536
