0	0.83231450
1	0.83225507
2	0.48023682
3	0.83215122
4	0.83225740
5	0.83198590
6	0.83227647
7	0.83189260
8	0.83211450
11	0.83182586
12	0.83206501
16	0.83183854
20	0.83068418
26	0.83232363
39	0.83056734
53	0.83137059
57	0.81343225
62	0.81672444
71	0.80090761
90	0.79560730
92	0.80592890
93	0.76505396
94	0.76203327
101	0.78917394
107	0.82869168
130	0.82516491
134	0.76109513
135	0.79178215
144	0.75095284
158	0.75069513
167	0.81782110
171	0.82350903
173	0.72988479
180	0.77151278
197	0.76699726
203	0.76164219
210	0.77339665
211	0.72696359
212	0.76628479
220	0.62741359
231	0.80048215
250	0.80420416
252	0.66274990
260	0.82197505
262	0.72626694
288	0.75422657
296	0.73723641
305	0.71869584
309	0.74977373
321	0.76626440
349	0.69757637
378	0.69730497
420	0.61798215
438	0.65163073
450	0.71496805
478	0.62333103
501	0.72166673
517	0.64203428
545	0.68671846
560	0.69020710
573	0.61595680
604	0.68749888
706	0.71748418
712	0.64305152
724	0.63499746
801	0.58548357
837	0.62173884
843	0.60677769
903	0.65225487
913	0.60656775
924	0.63945669
18	0.83017343
23	0.82910761
25	0.81258509
41	0.81739899
42	0.83210913
48	0.82693905
59	0.82834209
60	0.81415791
77	0.82780740
80	0.80548540
86	0.80521663
99	0.82511836
122	0.82857454
136	0.79877880
148	0.76607789
169	0.79112961
172	0.77245548
178	0.69142627
188	0.76889006
246	0.76831815
257	0.74024787
266	0.72562860
283	0.74101034
285	0.69183489
295	0.73858205
327	0.76571653
342	0.74011826
344	0.71241795
388	0.62203276
410	0.71629949
453	0.74748387
631	0.60601582
646	0.66273479
685	0.63971136
690	0.63978732
713	0.68474797
731	0.64107901
749	0.65209290
789	0.59244371
929	0.61044533
939	0.63321126
17	0.83216978
91	0.83042850
9	0.83212972
10	0.83223408
15	0.82152262
19	0.83168854
21	0.83230203
29	0.82476105
31	0.83204229
35	0.83205183
37	0.83066207
40	0.83222262
44	0.83072748
45	0.83063550
61	0.81562282
67	0.80338671
75	0.82128337
78	0.82397546
87	0.82754077
100	0.81711785
128	0.73727566
140	0.82089848
142	0.79822099
150	0.69082414
174	0.69126095
189	0.82220791
205	0.82058022
207	0.81059270
217	0.73426075
254	0.78442383
277	0.73898732
338	0.74326633
359	0.77720314
365	0.66806389
382	0.77300730
393	0.68590680
400	0.69123002
408	0.77014249
416	0.65409523
459	0.68919351
474	0.69671288
511	0.64951247
521	0.65307394
534	0.71422465
567	0.69599615
586	0.69420375
613	0.65548266
617	0.61554168
624	0.64727901
642	0.66137657
669	0.65588479
683	0.64899523
714	0.64171308
735	0.61626755
756	0.58475233
772	0.62998611
795	0.63480649
813	0.61052799
858	0.60742992
875	0.60553631
926	0.60261684
950	0.60994280
957	0.61538296
961	0.60061308
962	0.61017272
984	0.62127353
13	0.83206065
33	0.83189899
36	0.83161714
70	0.77960416
73	0.80060882
84	0.81851643
98	0.82325619
102	0.82342292
114	0.80883002
154	0.78698134
162	0.80231937
196	0.80408884
200	0.78665233
201	0.79154452
226	0.70650233
232	0.74597525
238	0.80229148
267	0.62415822
334	0.70132211
354	0.75778489
401	0.71440892
465	0.69263022
528	0.61905122
572	0.61614260
638	0.68006775
659	0.60329057
661	0.64103266
668	0.65668337
780	0.60622353
782	0.60351034
805	0.60208651
878	0.62399138
905	0.60196217
921	0.62086187
977	0.58727140
14	0.83218986
28	0.83226897
32	0.83206187
34	0.83178256
46	0.83234858
68	0.77869655
112	0.76806663
117	0.80772972
119	0.83067972
216	0.81544980
218	0.73839209
261	0.78524483
270	0.70631471
355	0.72031876
446	0.67986826
526	0.61509716
672	0.64726004
682	0.65180619
821	0.65947099
959	0.59884604
22	0.83201410
27	0.83163316
30	0.82930274
38	0.83005923
43	0.83186856
47	0.78279270
50	0.80434249
51	0.80445061
52	0.83190649
55	0.83182343
64	0.82586957
72	0.82622627
81	0.81730456
82	0.67455051
88	0.74381978
89	0.81776815
97	0.80274858
104	0.76133377
115	0.77908012
116	0.83131582
125	0.74819544
129	0.79192647
138	0.75271217
143	0.75827221
145	0.76298884
152	0.81443955
157	0.81265152
164	0.81056369
181	0.73409746
184	0.78075162
208	0.75593935
233	0.81412850
251	0.70289848
253	0.78155497
297	0.77579260
303	0.72534939
304	0.76718367
306	0.73621349
307	0.79297596
313	0.76936146
317	0.66090730
320	0.71932698
326	0.67967647
366	0.70770406
381	0.63265487
412	0.66325963
419	0.78038722
425	0.62569037
439	0.67902373
441	0.69892759
460	0.63761623
463	0.62797191
473	0.70023560
475	0.69323570
493	0.70058235
497	0.74053185
498	0.68915020
512	0.67654990
540	0.63303600
546	0.66787333
610	0.64718722
629	0.66470183
639	0.65994828
645	0.68496633
649	0.64757231
658	0.63721288
705	0.60962120
718	0.61675953
734	0.67774980
740	0.59333621
762	0.60071836
769	0.68145568
773	0.64717830
794	0.59222150
830	0.64755710
839	0.60709331
847	0.59092485
859	0.61086460
863	0.63333611
866	0.60606724
883	0.60288306
890	0.59893073
914	0.62885517
937	0.61722840
938	0.59987262
941	0.59700172
947	0.60786359
65	0.78563387
66	0.81817454
69	0.81686521
76	0.82135223
106	0.81613570
111	0.81829665
126	0.82060467
187	0.81003763
202	0.63149016
204	0.79917738
222	0.70171988
237	0.72002272
255	0.66569888
268	0.69854118
275	0.78418844
278	0.81240416
350	0.79904919
373	0.75777333
409	0.65309980
414	0.79065903
415	0.64073682
429	0.67875385
449	0.64855274
476	0.65995913
477	0.65182424
499	0.69405203
510	0.61321014
532	0.63397049
544	0.66232130
550	0.64869919
580	0.72957495
667	0.68232282
721	0.65383266
729	0.62621521
732	0.69086471
797	0.59685822
845	0.58834006
856	0.65841197
885	0.59056379
949	0.60569442
952	0.61096207
979	0.59800385
79	0.83001227
110	0.76768519
153	0.78853215
163	0.76712698
165	0.80373529
191	0.79205903
193	0.75148144
206	0.79766176
234	0.79358266
235	0.74158306
240	0.75574128
265	0.80301957
292	0.63052779
294	0.76980446
308	0.77221978
319	0.80559483
371	0.74509584
372	0.66017850
379	0.70943692
380	0.72461359
383	0.61745436
403	0.62052089
417	0.73681258
423	0.61170162
424	0.75877454
435	0.74111613
461	0.71560041
467	0.76609493
471	0.61312728
487	0.65091562
491	0.71619980
503	0.72840467
505	0.62575649
547	0.66214381
549	0.66762728
561	0.65846653
565	0.61069838
569	0.68835923
574	0.62349178
590	0.65348966
628	0.67035406
654	0.64607383
670	0.62200629
680	0.62758367
691	0.64787728
704	0.61004452
720	0.65972008
743	0.63711318
745	0.64575872
751	0.65504239
759	0.64084523
777	0.62398519
800	0.66090761
834	0.61676947
888	0.60404483
908	0.61316400
934	0.64234899
946	0.61063357
24	0.83134402
56	0.80234899
74	0.69228955
149	0.81186968
156	0.82661988
176	0.80414797
221	0.77211805
229	0.78271308
241	0.80510872
242	0.71972941
244	0.69646045
282	0.77890984
318	0.78004716
324	0.76789959
329	0.68722546
357	0.71898225
407	0.71717698
448	0.62605974
458	0.75720953
523	0.69091359
614	0.70871511
644	0.62128996
684	0.71798083
755	0.64570365
771	0.65625649
787	0.62112211
819	0.65926836
820	0.60466907
828	0.61290649
900	0.63491978
925	0.61021775
944	0.62067921
971	0.60851471
974	0.59646430
54	0.83174148
83	0.82258357
95	0.80451592
103	0.81781988
113	0.82836217
123	0.78926116
166	0.79450375
175	0.81732333
236	0.80672272
248	0.75052282
274	0.78740862
276	0.74149919
280	0.70413611
325	0.76247028
341	0.75555619
363	0.74136085
376	0.69641572
390	0.65606471
405	0.68079016
406	0.77382819
456	0.75386146
472	0.69235913
483	0.75709452
489	0.68190112
495	0.76869412
525	0.66308600
539	0.61320923
553	0.66701876
609	0.59672272
633	0.61789108
640	0.65391643
641	0.70982748
647	0.66088469
656	0.70941247
673	0.74341116
689	0.64720578
698	0.65752546
699	0.61325041
733	0.66344361
742	0.59766268
753	0.62406744
760	0.61905254
776	0.64321886
796	0.62534665
833	0.58448529
842	0.61832921
850	0.61546329
862	0.57953032
906	0.60219990
916	0.58662323
919	0.62644381
976	0.60429158
980	0.58888499
132	0.79078174
146	0.68643793
168	0.81867830
345	0.61946471
347	0.69849016
353	0.71853144
361	0.75618073
504	0.68725588
542	0.64995375
562	0.68534878
612	0.73305811
635	0.65992181
674	0.66164625
761	0.61081095
806	0.59876176
841	0.69194594
872	0.62819178
58	0.83184341
108	0.72944645
120	0.76115426
127	0.82358195
286	0.78721247
333	0.76333469
387	0.70832495
444	0.73085274
480	0.70097921
515	0.61738682
538	0.68594412
563	0.65682606
598	0.72614513
603	0.65394686
630	0.65458966
686	0.68872728
700	0.64078266
741	0.64368043
757	0.67718692
779	0.64675132
817	0.62041237
826	0.58553702
889	0.59422343
909	0.57509310
915	0.60048651
956	0.59958499
982	0.59027931
124	0.80031156
182	0.71780355
227	0.82612343
271	0.75359290
291	0.62732373
300	0.74665183
397	0.75006957
443	0.66508448
619	0.61015761
620	0.67965862
662	0.61803945
727	0.58507373
792	0.66387485
891	0.61340000
930	0.59751166
96	0.83027262
186	0.75877373
195	0.81927028
239	0.69574422
290	0.66023002
298	0.66760751
299	0.71961491
368	0.76744026
374	0.69303215
427	0.68209148
466	0.70975000
584	0.62261876
650	0.61115649
663	0.63163286
702	0.59315446
707	0.65797759
711	0.65345284
785	0.58503763
848	0.60742647
855	0.59746602
864	0.65734057
884	0.60048205
893	0.64288742
895	0.58199290
907	0.59547870
351	0.76285578
579	0.57502353
964	0.61776927
279	0.72442150
364	0.73399320
434	0.62599452
447	0.71168093
548	0.65160172
582	0.65392262
592	0.61610385
676	0.74891268
708	0.67555041
767	0.57960680
49	0.82600994
131	0.80901653
151	0.83047769
155	0.80024442
185	0.70365791
225	0.72007049
284	0.75142272
336	0.70464026
343	0.75334584
369	0.72530426
421	0.74811836
422	0.63326633
431	0.75067688
541	0.76844564
555	0.75341937
585	0.66939939
651	0.66015406
657	0.67856927
660	0.69420101
754	0.60018540
781	0.61394625
894	0.61343103
917	0.58328215
147	0.80232931
179	0.78961704
249	0.76669452
315	0.71710375
395	0.73742262
411	0.60725081
418	0.66801379
953	0.62267495
198	0.69226582
323	0.62057688
494	0.70491866
506	0.65656237
519	0.64003976
552	0.68343966
632	0.71021024
675	0.70266440
717	0.60636410
775	0.62751826
840	0.61630659
849	0.63401258
876	0.60623692
881	0.61850761
967	0.62056298
85	0.77549686
289	0.71476917
454	0.76638215
537	0.68553793
578	0.65100000
871	0.61971937
263	0.68876836
360	0.74682333
404	0.79201298
485	0.69621521
486	0.66730284
518	0.64318712
529	0.61933458
589	0.65699402
607	0.74511105
758	0.71774108
778	0.62562414
786	0.64422961
870	0.68416359
896	0.62571126
897	0.59629391
942	0.62603590
105	0.72587779
137	0.82216095
213	0.75919158
348	0.66402414
551	0.59341836
692	0.61721917
799	0.59237505
803	0.65391897
844	0.59917181
874	0.60780193
882	0.63964909
955	0.60778905
118	0.72524320
259	0.79310903
352	0.79887586
160	0.75812860
161	0.72317637
192	0.80746866
392	0.65209939
457	0.66340467
535	0.70615872
815	0.61645771
816	0.60769554
375	0.71259320
530	0.62368793
109	0.82935507
293	0.78777495
433	0.73945426
770	0.58264351
824	0.60323012
933	0.58680467
141	0.66236379
228	0.73648438
389	0.77848398
436	0.62396582
462	0.68055852
536	0.67262434
600	0.69703276
605	0.61092373
725	0.65398905
730	0.59256197
736	0.60554229
854	0.60827982
121	0.75493884
223	0.78286978
224	0.79492475
302	0.66262140
367	0.66268631
451	0.66807972
593	0.63695943
625	0.63302708
737	0.65709047
139	0.82361805
194	0.79013053
314	0.78850963
581	0.61863225
768	0.68509686
790	0.59138884
825	0.61924037
918	0.61208286
932	0.61567404
63	0.83201298
655	0.75808093
750	0.59518083
133	0.80024209
183	0.74923043
256	0.70614483
287	0.69816886
337	0.77647556
442	0.72466004
490	0.61355314
788	0.60094473
190	0.76320822
219	0.78359493
301	0.74734361
437	0.67165892
440	0.73541755
492	0.68644564
594	0.58940406
748	0.63505162
783	0.67595832
861	0.60964828
869	0.59772556
973	0.60336765
269	0.74808519
273	0.69220233
335	0.74037394
362	0.72485345
557	0.64724777
575	0.61663398
583	0.67489848
703	0.66536653
728	0.64119249
784	0.63725142
808	0.57669848
868	0.63720832
892	0.62877312
899	0.61352809
177	0.78525801
247	0.77342688
322	0.71332201
328	0.68331805
508	0.72392414
602	0.64487039
616	0.62143316
618	0.69711268
643	0.61591511
969	0.58694604
245	0.75778114
272	0.71315507
396	0.75031521
500	0.66192333
243	0.77519757
766	0.68718164
954	0.58685963
963	0.60361055
385	0.74056369
522	0.68711602
681	0.67023590
835	0.70775548
199	0.72280629
975	0.59475609
230	0.73660325
695	0.64295396
970	0.60410325
413	0.74269645
426	0.75973022
488	0.72406339
340	0.62184432
356	0.70408479
527	0.70639828
570	0.66334199
807	0.61026968
860	0.63494138
968	0.62111805
281	0.78790933
316	0.62775953
445	0.60729158
481	0.72568692
484	0.72693925
533	0.69508327
588	0.72165609
665	0.67991988
719	0.65498012
802	0.59382515
832	0.61258398
922	0.61674757
470	0.72028286
507	0.68723276
966	0.57715751
258	0.72806602
606	0.59998469
679	0.63962049
215	0.75468783
311	0.77034888
330	0.73225882
468	0.75258347
531	0.69879848
599	0.60476176
709	0.62235842
710	0.66169118
765	0.62630629
958	0.61507201
496	0.63784858
793	0.57742150
214	0.69995649
310	0.71204645
358	0.72924594
170	0.82496724
985	0.56496024
595	0.67808590
627	0.62915142
652	0.60833560
701	0.60826897
722	0.60054310
867	0.61953428
370	0.71230517
384	0.73252718
626	0.68419158
559	0.72528489
159	0.81756744
464	0.76046450
764	0.64296795
886	0.58981349
902	0.59008245
394	0.67920842
509	0.68014057
601	0.65205629
664	0.65140233
951	0.60465254
596	0.67291410
597	0.69300903
677	0.63365284
312	0.76354473
774	0.60474858
798	0.58656278
898	0.58931694
936	0.62259270
558	0.63474280
209	0.65742992
814	0.63989026
587	0.62993438
637	0.60710740
823	0.60200091
853	0.58996724
608	0.60945781
611	0.60477789
687	0.61620020
723	0.60457211
945	0.58398803
430	0.61199371
346	0.68848945
804	0.64330558
836	0.61613499
846	0.57248945
264	0.75152870
331	0.80210365
852	0.60349452
857	0.60827049
386	0.74435943
524	0.73139645
927	0.58259239
399	0.64885294
694	0.69795842
391	0.68788661
715	0.61492992
726	0.65452465
873	0.61314219
972	0.57537637
621	0.60278266
943	0.60328114
591	0.65502150
556	0.64549270
744	0.60516613
516	0.69692312
377	0.62310122
469	0.73933144
479	0.64643032
851	0.63582566
671	0.57362241
904	0.61368661
935	0.60390730
752	0.60702617
623	0.60738316
634	0.64030882
332	0.68086592
697	0.70831460
912	0.59084442
514	0.65908408
577	0.64888327
809	0.57930122
827	0.59593053
452	0.69542921
482	0.65083621
948	0.59637606
960	0.58146045
455	0.73838742
653	0.67500892
983	0.58793702
693	0.65276613
831	0.59694574
879	0.60440487
636	0.60356704
428	0.64414787
554	0.70028154
622	0.67742383
940	0.60402323
615	0.68025882
502	0.60168306
763	0.61207647
901	0.59571024
791	0.59005680
513	0.66836531
564	0.68052312
566	0.58819554
811	0.64347819
398	0.71387718
812	0.59974371
978	0.61514108
739	0.60588174
738	0.60015243
880	0.58227465
402	0.64077353
810	0.60804219
965	0.57567596
432	0.77948874
339	0.77229473
746	0.60869097
543	0.67196024
688	0.63078225
928	0.58644746
696	0.65743945
822	0.57580061
865	0.60261978
716	0.61458600
887	0.59155781
520	0.60127870
568	0.62170832
911	0.58471207
571	0.61801582
818	0.63096197
648	0.64511917
920	0.56831014
838	0.61237353
576	0.62156826
678	0.58833276
910	0.56363124
747	0.65150081
666	0.59857089
931	0.58757860
829	0.55773245
923	0.58087150
981	0.55019990
877	0.55822028
