0 1
0 2
0 3
0 4
0 7
0 8
0 10
0 15
0 16
0 17
0 18
0 19
0 20
0 28
0 29
0 33
0 36
0 37
0 43
0 56
0 57
0 60
0 64
0 66
0 68
0 69
0 76
0 78
0 83
0 87
0 92
0 105
0 110
0 115
0 123
0 128
0 140
0 147
0 157
0 162
0 171
0 179
0 182
0 197
0 213
0 227
0 238
0 240
0 242
0 264
0 267
0 269
0 270
0 278
0 281
0 283
0 286
0 297
0 302
0 309
0 314
0 322
0 324
0 326
0 330
0 342
0 351
0 359
0 364
0 370
0 382
0 390
0 401
0 408
0 420
0 425
0 428
0 443
0 446
0 450
0 459
0 465
0 468
0 485
0 524
0 564
0 567
0 578
0 645
0 666
0 706
0 709
0 749
0 768
0 771
0 787
0 809
0 839
0 855
0 889
0 900
0 935
0 957
0 964
0 984
0 992
0 999
0 1013
0 1022
0 1032
0 1069
0 1176
0 1189
0 1192
0 1220
0 1244
0 1255
0 1270
0 1323
0 1353
0 1378
0 1425
0 1444
0 1448
0 1475
0 1480
0 1496
0 1504
0 1563
0 1573
0 1591
0 1593
0 1613
0 1665
0 1667
0 1668
0 1679
0 1680
0 1750
0 1800
0 1868
0 1881
0 1918
0 1923
1 4
1 5
1 6
1 8
1 9
1 11
1 12
1 13
1 14
1 16
1 20
1 22
1 24
1 30
1 31
1 39
1 48
1 49
1 52
1 59
1 75
1 80
1 85
1 95
1 112
1 116
1 122
1 126
1 128
1 132
1 137
1 147
1 148
1 149
1 150
1 161
1 164
1 166
1 169
1 178
1 181
1 184
1 185
1 194
1 195
1 202
1 209
1 221
1 223
1 246
1 250
1 254
1 258
1 260
1 262
1 266
1 281
1 289
1 295
1 297
1 306
1 316
1 326
1 340
1 343
1 367
1 369
1 374
1 375
1 424
1 452
1 454
1 457
1 461
1 477
1 487
1 504
1 507
1 515
1 522
1 540
1 557
1 582
1 624
1 635
1 637
1 680
1 686
1 817
1 830
1 870
1 883
1 951
1 953
1 973
1 983
1 991
1 1018
1 1020
1 1104
1 1124
1 1209
1 1256
1 1303
1 1304
1 1325
1 1330
1 1349
1 1351
1 1368
1 1424
1 1429
1 1432
1 1449
1 1452
1 1463
1 1476
1 1504
1 1521
1 1543
1 1587
1 1597
1 1625
1 1677
1 1679
1 1683
1 1692
1 1694
1 1725
1 1728
1 1729
1 1734
1 1760
1 1775
1 1779
1 1789
1 1818
1 1819
1 1821
1 1850
1 1861
1 1900
1 1925
1 1932
2 5
2 6
2 7
2 9
2 10
2 12
2 20
2 30
2 38
2 41
2 44
2 51
2 54
2 83
2 91
2 98
2 116
2 122
2 147
2 159
2 161
2 172
2 181
2 245
2 314
2 336
2 359
2 396
2 397
2 518
2 533
2 620
2 656
2 802
2 815
2 848
2 961
2 1044
2 1054
2 1094
2 1114
2 1116
2 1117
2 1197
2 1207
2 1264
2 1333
2 1423
2 1478
2 1731
2 1778
2 1804
2 1864
2 1875
3 4
3 13
3 15
3 16
3 67
3 77
3 885
3 995
3 1203
3 1507
3 1535
3 1758
3 1924
4 5
4 7
4 11
4 13
4 14
4 21
4 32
4 38
4 42
4 43
4 52
4 60
4 65
4 87
4 90
4 91
4 104
4 119
4 120
4 127
4 130
4 132
4 142
4 202
4 207
4 213
4 221
4 238
4 253
4 264
4 265
4 277
4 282
4 308
4 312
4 313
4 353
4 368
4 388
4 405
4 408
4 409
4 411
4 415
4 434
4 467
4 469
4 470
4 511
4 558
4 582
4 588
4 598
4 713
4 726
4 742
4 778
4 785
4 867
4 882
4 890
4 929
4 943
4 1016
4 1041
4 1065
4 1073
4 1122
4 1135
4 1150
4 1162
4 1201
4 1203
4 1206
4 1247
4 1277
4 1284
4 1400
4 1431
4 1437
4 1461
4 1482
4 1488
4 1522
4 1536
4 1541
4 1557
4 1572
4 1612
4 1617
4 1662
4 1751
4 1774
4 1890
5 6
5 19
5 161
5 227
5 296
5 499
5 730
5 797
5 800
5 840
5 849
5 999
5 1210
5 1246
5 1248
5 1900
6 8
6 9
6 11
6 15
6 17
6 18
6 23
6 25
6 29
6 30
6 34
6 36
6 37
6 40
6 45
6 46
6 47
6 58
6 59
6 61
6 66
6 77
6 80
6 85
6 90
6 92
6 112
6 118
6 126
6 137
6 141
6 151
6 167
6 175
6 184
6 187
6 189
6 204
6 219
6 222
6 233
6 262
6 270
6 275
6 276
6 307
6 348
6 381
6 405
6 409
6 435
6 497
6 501
6 521
6 540
6 575
6 605
6 617
6 642
6 662
6 683
6 692
6 709
6 728
6 735
6 738
6 763
6 768
6 797
6 798
6 799
6 822
6 856
6 859
6 868
6 885
6 938
6 942
6 970
6 986
6 987
6 1001
6 1035
6 1041
6 1042
6 1074
6 1099
6 1111
6 1125
6 1153
6 1231
6 1253
6 1281
6 1318
6 1341
6 1395
6 1413
6 1436
6 1440
6 1562
6 1641
6 1675
6 1836
6 1907
7 120
7 198
7 219
7 290
7 488
7 1234
7 1615
7 1768
7 1795
8 18
8 21
8 28
8 35
8 47
8 49
8 58
8 72
8 79
8 84
8 88
8 96
8 154
8 164
8 169
8 205
8 221
8 239
8 244
8 279
8 285
8 339
8 340
8 355
8 362
8 401
8 476
8 504
8 554
8 571
8 580
8 599
8 645
8 648
8 672
8 777
8 847
8 890
8 917
8 961
8 965
8 1021
8 1080
8 1083
8 1107
8 1238
8 1391
8 1392
8 1650
8 1763
8 1859
8 1897
9 10
9 12
9 14
9 22
9 26
9 36
9 37
9 40
9 44
9 47
9 53
9 63
9 72
9 91
9 93
9 94
9 97
9 129
9 136
9 150
9 152
9 163
9 191
9 196
9 205
9 210
9 234
9 242
9 253
9 265
9 277
9 318
9 330
9 353
9 413
9 439
9 469
9 472
9 535
9 541
9 569
9 594
9 616
9 636
9 653
9 661
9 697
9 733
9 751
9 809
9 846
9 933
9 968
9 981
9 993
9 1048
9 1049
9 1196
9 1244
9 1292
9 1342
9 1347
9 1542
9 1659
9 1688
9 1707
9 1709
9 1775
9 1781
9 1926
9 1927
10 19
10 26
10 29
10 45
10 58
10 100
10 105
10 114
10 122
10 214
10 217
10 267
10 272
10 342
10 379
10 511
10 579
10 790
10 892
10 903
10 987
10 1033
10 1274
10 1492
10 1499
10 1658
10 1860
10 1912
11 17
11 25
11 42
11 67
11 73
11 103
11 129
11 186
11 263
11 265
11 348
11 431
11 581
11 583
11 660
11 671
11 684
11 758
11 763
11 810
11 969
11 1030
11 1063
11 1076
11 1448
11 1567
11 1580
11 1805
11 1876
11 1896
12 46
12 84
12 113
12 419
12 559
12 1059
12 1169
12 1842
13 27
13 31
13 62
13 72
13 78
13 79
13 81
13 119
13 140
13 171
13 201
13 220
13 253
13 385
13 422
13 459
13 862
13 873
13 906
13 966
13 1350
13 1515
13 1663
13 1756
13 1842
13 1885
13 1907
13 1934
14 32
14 33
14 48
14 54
14 66
14 70
14 84
14 86
14 121
14 136
14 146
14 178
14 199
14 203
14 241
14 243
14 249
14 291
14 295
14 348
14 390
14 400
14 436
14 460
14 466
14 479
14 502
14 519
14 521
14 618
14 622
14 629
14 685
14 707
14 717
14 739
14 743
14 792
14 793
14 800
14 818
14 837
14 843
14 869
14 962
14 971
14 1046
14 1143
14 1165
14 1200
14 1303
14 1382
14 1551
14 1605
14 1827
14 1838
14 1875
14 1887
14 1951
15 92
15 165
15 778
15 977
15 1510
16 23
16 31
16 38
16 55
16 94
16 114
16 134
16 151
16 158
16 276
16 324
16 339
16 371
16 406
16 454
16 551
16 558
16 583
16 584
16 611
16 656
16 702
16 786
16 805
16 928
16 948
16 1018
16 1024
16 1028
16 1099
16 1155
16 1295
16 1296
16 1313
16 1351
16 1354
16 1451
16 1473
16 1506
16 1521
16 1530
16 1584
16 1618
16 1904
17 24
17 25
17 106
17 194
17 200
17 232
17 318
17 378
17 541
17 667
17 958
17 1035
17 1184
17 1342
18 22
18 27
18 39
18 69
18 76
18 98
18 117
18 259
18 487
18 535
18 693
18 814
18 914
18 955
18 1054
18 1414
18 1688
18 1703
19 21
19 23
19 24
19 44
19 80
19 98
19 114
19 121
19 135
19 208
19 268
19 353
19 391
19 445
19 453
19 628
19 661
19 663
19 769
19 868
19 879
19 950
19 989
19 1001
19 1092
19 1095
19 1243
19 1299
19 1333
19 1389
19 1445
19 1544
19 1545
19 1713
19 1723
19 1728
19 1948
20 50
20 78
20 86
20 107
20 174
20 199
20 211
20 349
20 392
20 431
20 525
20 559
20 694
20 757
20 769
20 785
20 984
20 994
20 1112
20 1169
20 1253
20 1276
20 1331
20 1356
20 1373
20 1377
20 1617
20 1714
20 1825
21 1134
22 26
22 35
22 74
22 112
22 167
22 216
22 218
22 254
22 261
22 263
22 267
22 274
22 275
22 330
22 443
22 452
22 496
22 499
22 550
22 596
22 649
22 704
22 713
22 736
22 863
22 957
22 1205
22 1253
22 1331
22 1343
22 1353
22 1407
22 1556
22 1576
22 1582
22 1593
22 1656
22 1729
22 1822
23 27
23 34
23 41
23 51
23 116
23 133
23 167
23 172
23 179
23 188
23 218
23 226
23 283
23 323
23 364
23 367
23 375
23 529
23 534
23 544
23 686
23 712
23 891
23 895
23 963
23 1029
23 1165
23 1177
23 1192
23 1422
23 1580
23 1718
23 1785
23 1867
23 1913
24 39
24 68
24 76
24 81
24 111
24 138
24 153
24 162
24 190
24 193
24 210
24 257
24 396
24 432
24 517
24 529
24 600
24 720
24 995
24 1021
24 1100
24 1230
24 1322
24 1455
24 1487
24 1490
24 1510
24 1589
24 1711
24 1897
24 1928
24 1957
25 32
25 63
25 75
25 87
25 141
25 373
25 442
25 552
25 669
25 720
25 727
25 850
25 860
25 940
25 982
25 1360
26 28
26 34
26 40
26 56
26 57
26 89
26 117
26 137
26 158
26 160
26 166
26 190
26 250
26 429
26 432
26 787
26 908
26 1375
26 1438
26 1550
26 1927
27 41
27 42
27 73
27 82
27 94
27 125
27 145
27 180
27 195
27 224
27 235
27 285
27 287
27 295
27 341
27 386
27 481
27 699
27 965
27 1004
27 1051
27 1059
27 1183
27 1195
27 1266
27 1294
27 1411
27 1493
27 1525
27 1556
27 1682
27 1709
27 1726
27 1864
27 1950
28 43
28 82
28 102
28 104
28 110
28 262
28 263
28 352
28 358
28 522
28 721
28 725
28 754
28 964
28 1059
28 1164
28 1175
28 1312
28 1315
28 1408
28 1613
28 1706
28 1729
28 1808
28 1811
28 1827
29 33
29 57
29 97
29 107
29 108
29 125
29 140
29 272
29 307
29 362
29 377
29 525
29 527
29 549
29 635
29 864
29 1045
29 1237
29 1261
29 1358
29 1515
29 1532
29 1601
29 1721
29 1768
29 1836
29 1938
30 35
30 113
30 118
30 149
30 158
30 237
30 240
30 284
30 288
30 315
30 346
30 528
30 585
30 587
30 672
30 701
30 708
30 816
30 1054
30 1391
30 1450
30 1547
30 1815
30 1857
30 1896
31 138
31 231
31 278
31 543
31 711
31 739
31 1220
31 1346
31 1499
32 503
32 687
32 1206
32 1306
33 71
33 74
33 89
33 103
33 173
33 196
33 241
33 270
33 277
33 294
33 451
33 460
33 463
33 745
33 946
33 1958
34 53
34 70
34 74
34 81
34 124
34 170
34 294
34 382
34 383
34 403
34 408
34 430
34 483
34 521
34 656
34 715
34 757
34 981
34 997
34 1017
34 1027
34 1032
34 1085
34 1088
34 1128
34 1251
34 1287
34 1308
34 1310
34 1390
34 1486
34 1544
34 1571
34 1778
34 1814
34 1871
35 45
35 48
35 55
35 154
35 229
35 261
35 326
35 369
35 371
35 378
35 954
35 1141
35 1197
35 1511
35 1538
35 1721
35 1743
35 1773
36 49
36 77
36 333
36 904
36 1220
36 1265
36 1381
36 1820
36 1911
37 130
37 187
37 282
37 459
37 470
37 517
37 910
37 979
37 1011
37 1017
37 1153
37 1308
37 1574
37 1636
38 50
38 64
38 148
38 385
38 796
38 1125
38 1129
38 1139
38 1376
38 1451
39 252
39 1050
39 1233
40 214
40 234
40 689
40 764
40 1472
40 1914
41 772
41 1146
41 1427
41 1659
41 1693
41 1715
41 1727
41 1731
42 71
42 133
42 144
42 213
42 448
42 451
42 544
42 748
42 982
42 1005
42 1487
43 46
43 54
43 75
43 108
43 178
43 286
43 352
43 506
43 581
43 827
43 1181
43 1193
43 1208
43 1217
43 1430
43 1761
43 1853
44 61
44 193
44 206
44 238
44 390
44 616
44 947
44 1008
45 59
45 62
45 65
45 70
45 82
45 99
45 101
45 155
45 165
45 174
45 248
45 310
45 316
45 366
45 375
45 395
45 438
45 531
45 564
45 566
45 606
45 737
45 773
45 828
45 1084
45 1133
45 1187
45 1292
45 1330
45 1367
45 1432
45 1518
45 1730
45 1941
45 1952
46 67
46 86
46 93
46 100
46 124
46 133
46 139
46 144
46 211
46 249
46 260
46 392
46 402
46 527
46 726
46 978
46 983
46 992
46 993
46 1037
46 1572
46 1774
47 209
47 222
47 228
47 245
47 393
47 407
47 440
47 772
47 849
47 916
47 930
47 980
47 1338
47 1347
47 1420
47 1597
47 1668
47 1699
47 1799
47 1888
47 1953
48 50
48 51
48 52
48 53
48 61
48 62
48 101
48 124
48 203
48 228
48 248
48 273
48 291
48 360
48 365
48 379
48 420
48 445
48 480
48 512
48 586
48 775
48 783
48 859
48 955
48 957
48 968
48 1067
48 1105
48 1340
48 1430
48 1502
48 1528
48 1594
48 1703
48 1724
48 1743
48 1816
48 1825
48 1931
48 1933
49 99
49 129
49 131
49 135
49 143
49 509
49 860
49 1043
50 69
50 168
50 180
50 201
50 246
50 257
50 332
50 394
50 430
50 538
50 618
50 752
50 767
50 919
50 1497
50 1846
50 1866
51 126
51 183
51 204
51 205
51 449
51 470
51 674
51 712
51 736
51 953
51 1246
51 1264
51 1417
51 1468
51 1621
51 1696
52 63
52 170
52 204
52 323
52 544
52 689
52 759
52 944
52 1267
52 1278
52 1396
52 1528
52 1676
52 1678
53 206
53 311
53 462
53 528
53 773
53 877
53 914
53 917
53 1106
53 1402
53 1794
54 55
54 105
54 106
54 614
54 629
54 682
54 743
54 777
54 1467
54 1473
55 56
55 71
55 95
55 128
55 142
55 180
55 230
55 255
55 274
55 467
55 500
55 555
55 640
55 688
55 748
55 799
55 807
55 960
55 989
55 1037
55 1065
55 1148
55 1158
55 1202
55 1500
56 96
56 173
56 177
56 207
56 230
56 246
56 256
56 299
56 310
56 478
56 490
56 518
56 573
56 578
56 592
56 613
56 709
56 766
56 781
56 858
56 894
56 933
56 1011
56 1106
56 1390
56 1575
56 1594
56 1820
56 1929
57 60
57 64
57 79
57 88
57 155
57 186
57 214
57 271
57 273
57 279
57 301
57 370
57 482
57 491
57 508
57 511
57 523
57 531
57 810
57 858
57 881
57 1237
57 1540
58 65
58 106
58 190
58 208
58 212
58 418
58 419
58 494
58 502
58 597
58 718
58 845
58 1446
58 1527
58 1715
58 1737
58 1810
58 1938
59 73
59 131
59 135
59 228
59 233
59 322
59 361
59 386
59 442
59 474
59 575
59 589
59 620
59 812
59 814
59 949
59 1025
59 1583
59 1758
59 1853
60 68
60 349
60 530
60 614
60 930
60 1141
60 1669
60 1724
60 1811
61 119
61 146
61 332
61 579
61 630
61 631
61 762
61 775
61 789
61 793
61 837
61 1272
61 1282
61 1572
62 188
62 345
62 1423
63 160
63 164
63 302
63 474
63 725
63 744
63 911
63 1129
64 96
64 231
64 893
64 1104
64 1635
64 1777
65 113
65 252
65 391
65 1875
66 127
66 182
66 234
66 329
66 426
66 1101
66 1539
66 1762
66 1906
67 95
67 109
67 127
67 172
67 553
67 925
67 941
67 1164
67 1187
67 1233
67 1520
67 1595
67 1901
67 1939
68 245
68 261
68 305
68 343
68 406
68 491
68 695
68 741
68 744
68 823
68 873
68 1695
69 97
69 174
69 319
69 398
69 475
69 483
69 554
69 565
69 577
69 1182
69 1420
69 1581
70 110
70 111
70 406
70 593
70 621
70 715
70 723
70 753
70 911
70 1028
70 1151
70 1628
70 1645
70 1707
70 1792
70 1943
71 132
71 143
71 166
71 200
71 284
71 305
71 363
71 394
71 612
71 622
71 638
71 855
71 917
71 1214
71 1258
71 1540
71 1644
71 1689
71 1766
72 591
72 874
72 997
72 1122
72 1218
72 1358
73 154
73 156
73 208
73 215
73 216
73 258
73 278
73 334
73 335
73 686
73 692
73 722
73 745
73 1279
73 1665
74 88
74 269
74 369
74 486
74 514
74 560
74 587
74 666
74 744
74 880
74 986
74 1056
74 1386
75 159
75 328
75 571
75 740
75 1513
75 1750
76 85
76 191
76 236
76 510
76 621
76 627
76 659
76 711
76 1289
76 1631
76 1835
77 120
77 217
77 237
77 240
77 462
77 471
77 1226
77 1261
77 1334
77 1428
77 1787
77 1792
77 1884
78 356
78 415
78 851
78 926
78 932
78 1244
78 1372
78 1762
78 1953
79 427
79 429
79 478
79 699
79 776
79 784
79 915
79 1144
79 1530
79 1597
79 1749
79 1799
80 83
80 102
80 123
80 224
80 427
80 436
80 447
80 634
80 675
80 979
80 1020
80 1138
80 1334
80 1336
80 1484
80 1658
80 1730
80 1773
80 1849
80 1877
80 1905
81 90
81 99
81 109
81 165
81 176
81 179
81 231
81 290
81 309
81 320
81 331
81 342
81 352
81 458
81 499
81 586
81 603
81 701
81 710
81 713
81 787
81 996
81 1136
81 1257
81 1280
81 1311
82 103
82 109
82 134
82 241
82 708
82 1002
82 1055
82 1159
82 1573
83 243
83 410
83 498
83 555
83 598
83 633
83 1239
83 1270
83 1595
83 1800
83 1929
84 89
84 107
84 157
84 473
84 546
84 563
84 611
84 662
84 694
84 765
84 990
84 1022
84 1023
84 1079
84 1322
84 1417
84 1418
84 1867
85 383
86 123
86 290
86 327
86 703
86 738
86 829
86 887
86 1008
86 1132
86 1149
86 1402
86 1429
86 1480
86 1830
86 1854
87 101
87 115
87 168
87 171
87 216
87 223
87 280
87 354
87 412
87 453
87 519
87 774
87 909
87 927
87 998
87 1021
87 1251
87 1277
87 1381
87 1478
87 1569
87 1632
87 1717
87 1730
87 1894
87 1897
88 111
88 146
88 152
88 189
88 292
88 547
88 766
88 874
88 1090
88 1202
88 1268
88 1324
88 1664
89 779
89 890
89 901
89 1012
89 1272
90 93
90 148
90 197
90 199
90 298
90 321
90 341
90 412
90 547
90 623
90 636
90 789
90 881
90 915
90 976
90 1367
90 1468
90 1541
90 1764
90 1826
90 1859
90 1942
91 192
91 289
91 351
91 377
91 453
91 779
91 1157
91 1406
91 1482
92 334
92 732
92 878
92 1590
93 100
93 264
93 436
93 437
93 947
93 1757
94 188
94 294
94 337
94 376
94 435
94 1188
94 1767
95 145
95 411
95 434
95 443
95 583
95 584
95 599
95 642
95 673
95 760
95 991
95 993
95 1036
95 1232
95 1316
95 1807
96 108
96 220
96 501
96 1427
97 144
97 175
97 325
97 389
97 463
97 562
97 724
97 764
97 1120
97 1748
98 104
98 219
98 232
98 337
98 374
98 388
98 464
98 533
98 731
98 884
98 985
98 1080
98 1115
98 1155
98 1159
98 1245
98 1296
98 1575
98 1698
98 1839
99 118
99 121
99 125
99 206
99 244
99 266
99 281
99 312
99 363
99 399
99 413
99 458
99 468
99 498
99 514
99 530
99 606
99 718
99 756
99 901
99 1161
99 1409
99 1683
99 1715
99 1927
100 102
100 462
100 1173
101 321
101 585
101 657
101 851
101 1902
102 136
102 404
102 647
102 808
102 1263
102 1523
102 1786
103 220
103 404
104 159
104 256
104 351
104 405
104 524
104 1178
104 1747
104 1918
105 141
105 155
105 156
105 328
105 338
105 514
105 614
105 729
105 753
105 1094
105 1138
105 1283
105 1348
105 1751
106 115
106 212
106 243
106 289
106 332
106 520
106 562
106 581
106 663
106 679
106 710
106 985
106 1063
106 1068
106 1139
106 1297
106 1344
106 1448
106 1457
106 1505
106 1740
106 1746
106 1801
106 1824
107 212
107 388
107 549
107 1005
107 1570
107 1604
107 1609
107 1710
107 1791
107 1812
108 160
108 292
108 825
108 912
108 918
108 1539
108 1605
108 1805
108 1958
109 461
109 474
109 508
109 526
109 574
109 596
109 721
109 909
109 1259
109 1260
109 1785
110 117
110 427
110 612
110 677
110 886
110 1234
112 236
112 268
112 355
112 465
112 580
112 1945
113 130
113 131
113 176
113 195
113 197
113 218
113 311
113 545
113 565
113 749
113 788
113 815
113 859
113 1083
113 1346
113 1457
114 247
114 841
114 897
114 1183
114 1365
114 1399
114 1713
115 139
115 183
115 532
115 703
115 1735
115 1842
116 274
116 1090
116 1377
117 313
117 414
117 432
117 1681
117 1759
117 1791
118 285
118 740
118 918
118 1019
119 621
119 1549
120 186
120 189
120 192
120 306
120 489
120 540
120 590
120 698
120 780
120 872
120 891
120 897
120 1050
120 1053
120 1066
120 1105
120 1118
120 1199
120 1328
120 1347
120 1508
120 1685
120 1704
121 233
121 1052
122 152
122 198
122 398
122 484
122 486
122 791
122 1158
123 299
123 857
123 1227
123 1882
124 715
124 903
125 150
125 157
125 169
125 293
125 875
125 906
125 1040
125 1061
125 1072
125 1338
125 1503
125 1852
126 203
126 232
126 248
126 251
126 425
126 437
126 444
126 455
126 478
126 692
126 962
126 1009
126 1014
126 1469
126 1585
126 1834
127 139
127 333
127 688
127 840
127 1084
127 1122
127 1190
127 1207
127 1230
127 1569
127 1701
128 134
128 145
128 194
128 644
128 1090
128 1722
129 196
129 296
129 350
129 360
129 551
129 641
129 802
129 820
129 833
129 938
129 1643
129 1674
130 182
130 293
130 296
130 344
130 440
130 666
130 907
130 988
130 1000
130 1014
130 1128
130 1140
130 1168
130 1568
130 1761
130 1772
131 227
131 251
131 538
131 996
131 1118
132 143
132 149
132 153
132 191
132 489
132 528
132 604
132 690
132 734
132 937
132 1033
132 1254
132 1861
133 209
133 225
133 615
133 837
133 1093
133 1651
133 1722
134 142
134 170
134 192
134 558
134 728
134 995
134 1476
135 138
135 319
135 358
135 371
135 426
135 629
135 670
135 671
135 978
135 1259
135 1287
135 1547
136 376
136 422
136 718
136 738
136 1848
137 321
137 607
137 783
137 1126
137 1289
137 1469
137 1607
138 956
138 1232
138 1395
139 177
139 626
139 1017
139 1142
139 1168
139 1182
139 1380
139 1444
139 1873
140 317
140 320
140 517
140 601
140 737
140 1186
140 1384
141 163
141 177
141 187
141 223
141 284
141 366
141 372
141 381
141 531
141 750
141 813
141 905
141 1115
141 1238
141 1422
141 1455
141 1763
141 1946
142 151
142 215
142 325
142 328
142 386
142 604
142 1177
142 1219
142 1294
142 1428
142 1438
142 1567
142 1645
142 1679
142 1954
143 201
143 255
143 329
143 560
143 1325
144 286
144 322
144 327
144 357
144 417
144 480
144 724
144 838
144 1096
144 1240
144 1643
144 1680
144 1719
145 156
145 163
145 366
145 393
145 416
145 579
145 641
145 653
145 931
145 1269
145 1398
145 1623
145 1629
145 1749
146 173
146 380
146 444
146 633
146 677
146 855
146 871
146 919
146 935
146 964
146 1023
146 1581
146 1760
146 1889
147 153
147 162
147 175
147 237
147 239
147 247
147 381
147 389
147 577
147 644
147 831
147 1889
147 1908
148 280
148 304
148 552
148 746
148 928
148 930
148 932
148 1771
149 298
149 537
150 168
150 526
150 640
150 892
150 902
150 1012
151 235
151 301
151 372
151 483
151 607
151 622
151 655
151 974
151 1047
151 1152
151 1233
151 1771
151 1780
151 1898
151 1900
152 193
152 275
152 338
152 479
152 492
152 504
152 664
152 741
152 865
152 1086
152 1172
152 1190
152 1196
152 1256
152 1290
152 1344
152 1471
152 1515
152 1610
152 1630
152 1807
152 1849
152 1932
153 184
153 316
153 428
153 852
153 1038
153 1091
153 1484
153 1590
153 1755
153 1822
154 185
154 358
154 448
154 481
154 527
154 623
154 1035
154 1229
154 1726
155 339
156 819
156 1032
156 1453
157 407
157 550
157 660
157 1030
157 1134
157 1219
157 1390
157 1483
158 650
158 677
158 784
158 811
158 910
158 1071
158 1579
159 548
159 931
159 1240
159 1443
159 1755
160 700
160 1210
160 1400
161 211
161 229
161 392
161 813
161 1001
162 257
162 658
162 841
162 1125
162 1781
162 1871
163 1912
164 222
164 304
164 308
164 347
164 803
164 820
164 956
164 989
164 1429
165 380
165 467
165 654
165 845
166 985
167 226
167 509
168 181
168 183
168 198
168 255
168 301
168 363
168 428
168 441
168 446
168 532
168 638
168 791
168 831
168 850
168 967
168 974
168 1053
168 1097
168 1123
168 1557
168 1670
168 1682
169 207
169 308
169 556
169 618
169 658
169 754
169 786
169 883
169 925
169 1324
170 273
170 315
170 1843
170 1954
171 225
171 417
171 542
171 570
171 599
171 628
171 669
171 723
171 746
171 756
171 981
171 1234
171 1364
171 1393
171 1490
171 1684
171 1816
172 486
172 1179
172 1394
173 460
173 698
173 1077
173 1363
173 1374
173 1559
174 176
174 425
174 553
174 1002
174 1782
174 1925
175 215
175 347
175 409
175 573
175 605
175 704
175 784
175 816
175 863
175 1087
175 1329
175 1517
175 1714
175 1883
176 426
176 643
176 976
176 1302
176 1610
176 1873
176 1948
177 335
177 441
177 455
177 525
177 536
177 1113
177 1151
177 1269
177 1281
177 1369
177 1923
178 185
178 224
178 236
178 498
178 522
178 790
178 844
178 920
178 1458
178 1735
179 350
179 403
179 509
179 765
179 999
179 1302
179 1308
179 1316
180 260
180 335
180 344
180 410
180 647
180 667
180 1477
180 1534
180 1612
180 1631
180 1636
180 1829
181 239
181 1478
182 679
182 1011
183 1565
184 225
184 323
184 416
184 475
184 642
184 707
184 735
184 767
184 872
184 962
184 1305
184 1354
184 1667
184 1734
185 365
185 374
185 1128
185 1179
186 272
186 292
186 421
186 526
186 603
186 625
186 651
186 958
186 1111
186 1131
186 1271
186 1373
186 1452
186 1652
186 1756
187 398
187 1441
188 276
188 298
188 349
188 382
188 546
188 615
188 678
188 689
188 754
188 760
188 780
188 826
188 893
188 951
188 1103
188 1133
188 1301
188 1500
190 493
190 668
190 740
190 795
190 986
190 1439
191 200
191 202
191 210
191 242
191 402
191 456
191 476
191 490
191 639
191 805
191 923
191 1089
191 1832
192 235
192 266
192 307
192 400
192 568
192 803
192 1056
192 1093
192 1288
192 1340
192 1911
192 1946
193 360
193 466
193 909
194 500
194 512
194 805
194 1278
194 1486
194 1614
194 1712
195 529
195 556
195 836
195 1135
196 259
196 302
196 337
196 357
196 365
196 584
196 653
196 676
196 734
196 751
196 840
196 938
196 1235
196 1408
196 1765
196 1906
197 897
197 1055
197 1205
197 1879
198 226
198 249
198 423
198 433
198 449
198 611
198 863
198 1006
198 1064
198 1157
198 1456
198 1523
198 1630
198 1647
198 1788
198 1800
199 808
199 1692
200 423
200 503
200 1150
200 1845
201 939
201 1617
201 1792
201 1878
202 635
202 792
202 1365
203 244
203 534
203 647
203 1117
203 1119
203 1425
203 1496
203 1520
203 1935
205 545
205 547
205 564
205 684
205 1238
205 1418
205 1485
205 1561
206 305
206 320
206 364
206 694
206 1081
206 1354
206 1650
207 639
207 719
207 1172
207 1585
208 271
208 293
208 338
208 926
208 1211
208 1283
208 1341
208 1736
209 300
209 383
209 671
209 1098
209 1367
209 1447
209 1453
209 1744
209 1835
209 1864
210 217
210 397
210 545
210 834
210 884
210 1057
210 1058
210 1335
211 752
211 1096
211 1565
212 379
212 1622
213 280
213 496
213 538
213 587
213 812
213 929
213 1638
213 1924
213 1956
214 229
214 230
214 250
214 251
214 345
214 356
214 439
214 495
214 510
214 605
214 1028
214 1411
214 1500
214 1676
214 1793
214 1890
215 397
215 1329
215 1620
216 325
216 494
216 747
216 827
216 853
216 881
216 898
216 1036
216 1405
216 1566
216 1603
217 354
217 456
217 1160
217 1348
217 1822
218 268
218 283
218 311
218 344
218 439
218 539
218 716
218 1087
218 1484
218 1759
219 314
219 550
219 975
219 1162
220 310
220 446
221 594
221 977
221 1016
221 1466
221 1876
222 712
222 848
223 442
223 450
223 493
223 497
223 515
223 1229
223 1363
223 1646
223 1667
223 1801
225 269
225 318
225 457
225 641
225 648
225 954
225 968
226 400
226 670
226 1174
226 1255
226 1415
227 566
227 572
227 626
227 1105
227 1949
227 1951
228 419
228 434
228 477
228 664
228 676
228 794
228 1156
228 1275
228 1419
228 1447
228 1656
229 297
229 714
230 282
230 372
230 756
230 858
230 943
230 959
230 1020
230 1110
230 1274
230 1446
230 1616
230 1690
230 1857
230 1930
231 343
231 609
231 1024
231 1289
231 1695
231 1751
232 385
232 421
232 608
232 1114
232 1523
233 287
233 604
233 1215
233 1247
233 1409
233 1583
233 1702
235 333
235 465
235 760
235 848
235 904
235 1049
235 1075
235 1678
235 1712
236 279
236 410
236 857
236 1030
236 1108
236 1195
236 1946
237 303
237 367
237 396
237 600
237 1013
237 1690
237 1753
238 291
238 313
238 373
238 387
238 403
238 576
238 652
238 1053
238 1313
238 1784
238 1808
238 1921
239 317
239 377
239 440
239 646
239 652
239 1010
239 1706
240 1462
241 259
241 613
241 691
241 1216
241 1870
241 1937
242 247
242 705
242 783
242 983
242 1434
242 1862
243 256
243 746
243 876
243 1097
244 258
244 435
244 1143
244 1221
244 1260
244 1318
244 1652
245 317
245 370
245 451
245 482
245 513
245 659
245 662
245 673
245 705
245 770
245 1170
245 1414
246 254
246 299
246 696
246 801
246 924
246 960
246 980
246 984
246 1073
246 1226
246 1301
246 1513
246 1529
246 1553
246 1798
246 1863
247 445
247 1027
248 252
248 271
248 300
248 304
248 346
248 399
248 473
248 518
248 556
248 567
248 615
248 646
248 762
248 822
248 880
248 896
248 1157
248 1364
248 1386
248 1430
248 1477
248 1509
248 1662
249 380
249 389
249 825
249 832
249 1745
250 387
250 601
250 1653
251 433
251 530
251 675
251 830
251 836
251 1031
251 1180
251 1465
252 447
252 1132
252 1495
252 1541
254 303
254 636
254 764
254 774
254 1919
254 1949
255 691
255 1564
255 1741
257 315
257 891
257 922
257 1503
257 1884
259 430
259 536
259 1564
260 480
260 557
260 833
261 300
261 331
261 417
261 506
261 706
261 1254
261 1259
262 334
262 742
262 937
262 1137
262 1641
262 1644
262 1831
263 1467
264 312
264 448
264 543
264 1699
264 1960
265 495
265 542
265 923
265 939
265 1062
265 1092
265 1335
265 1588
266 331
266 340
266 595
266 665
266 1069
266 1175
266 1232
266 1350
266 1588
267 655
267 808
267 894
267 898
267 936
267 1068
267 1345
267 1401
267 1445
267 1483
267 1662
268 543
268 1391
268 1661
268 1776
269 681
270 1814
270 1815
271 707
272 306
272 324
272 782
273 345
273 395
273 792
273 856
273 1296
273 1551
274 395
274 477
274 770
274 971
274 1224
275 319
275 387
275 702
275 736
275 822
275 866
275 1031
275 1793
276 288
276 433
276 683
277 288
277 355
277 685
277 796
277 893
277 1003
277 1359
277 1534
278 731
278 1168
278 1501
278 1782
279 516
279 919
279 1441
279 1538
279 1622
280 468
280 759
280 780
280 1623
282 424
282 955
282 1083
282 1133
282 1337
282 1700
283 287
283 384
284 643
284 1192
284 1340
284 1506
285 582
285 679
285 806
285 1140
285 1141
285 1148
285 1261
285 1339
285 1608
285 1637
285 1674
285 1675
285 1742
286 423
286 617
286 806
286 832
286 1224
286 1625
287 368
287 431
287 513
287 926
287 1385
287 1723
288 341
288 357
288 401
288 438
288 471
288 701
288 850
288 862
288 889
288 910
288 992
288 1235
288 1333
288 1435
288 1439
288 1467
288 1473
288 1485
288 1786
289 555
290 303
290 429
290 798
290 1687
290 1848
290 1944
291 309
291 346
291 827
291 1118
291 1275
291 1293
291 1638
292 475
292 637
292 1320
292 1771
293 421
293 552
293 681
293 742
293 1288
293 1352
295 327
295 492
295 691
295 842
295 959
295 1003
295 1184
295 1882
296 733
296 1014
296 1940
297 1082
297 1670
297 1891
298 1415
299 651
299 1621
300 497
300 646
300 1126
300 1458
301 350
301 391
301 472
301 1096
301 1648
302 414
302 437
302 449
302 494
302 520
302 533
302 574
302 585
302 592
302 716
302 725
302 920
302 1070
302 1249
302 1511
302 1799
302 1915
302 1922
303 466
303 491
303 1056
303 1446
303 1471
304 620
304 776
305 416
305 515
305 871
305 1050
305 1356
305 1431
305 1442
306 894
306 1658
306 1854
307 573
308 613
308 828
308 936
308 974
308 1290
308 1472
308 1700
309 336
309 414
309 1029
309 1138
309 1195
309 1307
309 1394
310 336
310 496
310 755
310 759
310 960
310 1180
310 1505
310 1508
310 1613
310 1881
311 356
311 627
311 963
311 1189
311 1274
311 1433
311 1442
312 628
312 1491
312 1524
313 438
313 1023
313 1688
314 329
314 354
314 359
314 454
314 505
314 567
314 596
314 626
314 708
314 1499
314 1709
314 1835
314 1841
314 1921
315 394
315 516
315 814
315 817
315 1042
315 1741
316 568
316 1203
316 1317
317 946
318 598
318 941
318 1797
319 361
319 424
319 447
319 737
319 793
319 1093
319 1277
319 1309
319 1318
319 1593
319 1693
320 362
320 376
320 469
320 778
320 970
320 1256
320 1282
320 1341
321 399
321 456
321 815
321 854
321 1620
321 1793
322 719
323 972
323 1717
324 1057
324 1064
325 441
325 603
325 804
325 842
325 1121
325 1144
325 1382
325 1586
325 1684
325 1725
325 1789
325 1810
325 1898
326 347
326 609
326 633
327 1160
327 1570
327 1642
328 601
328 649
328 687
328 812
328 820
328 1158
328 1201
328 1681
329 700
329 807
329 1607
330 378
330 464
330 913
330 1319
331 373
331 450
331 788
331 967
331 1276
331 1380
332 495
332 853
333 728
333 1091
334 461
334 503
334 548
334 730
334 1625
334 1840
335 384
335 1378
336 418
336 791
336 1327
337 1002
337 1004
337 1440
337 1739
338 630
339 1539
340 463
340 879
340 1068
340 1298
340 1470
341 563
341 847
341 916
341 1200
342 726
343 1633
345 361
345 612
345 1345
346 570
346 681
346 1216
346 1268
346 1336
346 1794
347 717
347 1412
347 1803
348 493
348 523
348 624
348 678
348 750
348 836
348 1236
348 1661
348 1761
348 1766
348 1943
349 1142
350 411
350 546
350 1305
350 1657
350 1740
350 1844
351 1370
352 464
352 594
352 1171
352 1198
352 1321
352 1342
352 1913
353 418
353 505
353 617
353 665
353 835
353 899
353 1286
353 1437
353 1603
353 1654
353 1675
354 444
354 507
354 1353
356 368
356 699
356 878
356 1079
356 1421
356 1443
356 1726
358 384
358 569
358 874
358 948
358 1393
358 1542
358 1885
359 695
359 1170
359 1276
360 412
360 452
360 589
360 624
360 829
360 846
360 1185
360 1198
360 1739
361 407
361 476
361 512
361 593
361 697
361 915
361 1193
361 1211
361 1258
361 1300
361 1494
361 1599
361 1608
362 590
362 719
362 866
362 1194
362 1635
363 458
363 908
363 1309
363 1851
365 413
365 667
365 907
365 966
365 1077
365 1175
365 1181
366 902
366 1174
367 404
367 632
367 1154
368 732
368 816
368 1498
368 1833
369 700
369 804
369 906
369 1107
369 1166
369 1205
369 1639
369 1921
371 743
372 541
372 861
372 980
373 487
373 675
373 750
373 1379
373 1388
373 1526
374 1170
374 1242
374 1819
375 988
376 588
376 696
376 1069
376 1317
376 1717
376 1955
377 513
377 561
377 619
377 862
377 1870
378 539
380 402
380 519
380 1131
381 762
381 1060
381 1794
382 575
382 942
383 485
383 610
383 674
383 990
383 1863
384 510
384 554
384 751
384 1067
384 1512
384 1690
385 393
385 520
385 536
385 576
385 586
385 588
385 900
385 1044
385 1250
385 1530
385 1543
385 1575
386 505
387 420
387 572
387 717
387 745
387 1171
387 1297
387 1370
387 1649
387 1812
388 580
388 716
388 927
388 1891
389 747
389 1332
390 722
390 733
390 971
390 1602
391 471
391 1267
393 415
393 913
393 1066
393 1358
393 1465
394 654
394 824
395 1369
396 489
396 690
396 1029
396 1663
397 706
397 952
397 1322
397 1355
398 508
398 623
398 1063
398 1337
398 1754
398 1908
399 568
399 644
399 1058
399 1287
399 1303
399 1465
399 1824
399 1940
400 574
401 668
402 619
403 1624
404 563
405 570
405 1165
406 875
406 1130
407 1211
409 1319
409 1525
410 1221
410 1741
411 455
411 1055
413 954
414 571
414 576
414 661
414 854
414 878
414 975
414 976
414 1010
414 1230
414 1719
414 1769
415 1433
416 484
416 752
416 864
416 945
416 946
416 1024
416 1025
416 1127
417 590
417 674
417 693
417 799
417 1000
417 1112
417 1649
417 1767
417 1812
418 561
418 591
418 655
418 761
418 1088
418 1396
418 1699
418 1874
419 422
420 506
420 560
420 680
420 769
420 1246
420 1352
420 1534
420 1865
421 697
421 1077
421 1315
421 1571
421 1638
421 1814
421 1848
423 479
423 597
423 824
423 832
424 1146
424 1598
424 1698
424 1874
425 472
425 524
425 1041
425 1801
426 492
427 631
427 861
427 1019
427 1619
427 1655
429 482
429 500
429 595
429 869
429 1368
429 1621
430 1922
431 627
431 826
431 1669
432 481
432 887
432 1231
432 1844
433 569
433 637
433 1103
433 1479
433 1493
433 1548
434 887
434 982
434 1064
434 1742
434 1915
435 669
435 921
435 1048
435 1182
436 488
436 1503
436 1626
436 1883
436 1937
437 904
437 931
437 1226
438 1505
438 1924
439 1552
439 1624
440 735
440 1879
441 484
441 625
441 825
441 1451
441 1498
442 473
442 537
442 616
442 632
443 457
443 537
443 578
443 684
443 1275
443 1339
443 1394
443 1592
444 589
444 705
444 991
444 1039
444 1066
444 1085
444 1567
445 771
445 1633
446 1432
447 535
447 833
447 1878
448 1254
448 1919
449 1614
450 610
450 1533
451 1052
452 532
452 539
452 1369
452 1592
453 853
453 1917
454 602
454 732
454 1109
454 1931
455 559
455 1094
455 1173
455 1425
455 1531
456 488
457 1841
458 542
459 673
459 973
459 1738
460 485
460 572
460 781
460 800
460 1414
460 1449
460 1858
461 1502
461 1592
461 1626
462 501
462 549
462 609
462 1653
463 1421
463 1551
463 1711
464 1013
464 1375
464 1639
464 1640
465 502
465 925
465 1152
465 1167
465 1649
465 1655
466 507
466 776
466 1608
468 714
468 921
468 1213
468 1279
468 1285
468 1464
469 879
469 1173
469 1646
469 1941
471 947
471 1214
472 1009
472 1047
472 1100
472 1596
473 888
473 1569
474 595
475 516
475 631
475 849
475 1025
475 1058
475 1060
475 1147
476 766
476 801
476 1034
476 1272
476 1772
477 823
477 876
477 1009
477 1191
477 1218
477 1223
478 1264
478 1504
478 1622
479 1146
479 1310
480 557
480 949
480 1252
480 1535
481 819
481 870
481 895
481 1116
481 1404
481 1707
482 1549
483 1135
484 650
485 607
485 801
485 1130
485 1770
486 657
486 1775
487 693
487 1616
488 490
488 561
488 602
488 625
488 804
488 997
488 1314
488 1437
488 1545
488 1585
488 1855
488 1935
489 562
489 721
489 1010
489 1196
489 1228
489 1403
489 1568
490 768
490 802
490 914
490 1769
490 1933
491 1516
492 600
492 774
492 834
492 943
492 1149
492 1327
492 1337
492 1524
492 1558
493 632
493 727
493 1142
493 1262
493 1384
493 1402
493 1517
493 1784
494 1040
494 1109
494 1518
495 566
495 643
495 1553
495 1554
496 645
496 1376
497 1102
497 1549
498 1076
498 1154
498 1420
499 1332
500 687
500 818
500 844
500 888
500 1016
500 1560
500 1574
500 1708
501 1134
501 1315
501 1691
502 523
502 1268
502 1840
503 676
503 729
503 1770
504 1104
504 1217
504 1561
505 682
506 592
506 789
506 1880
507 670
508 1015
508 1385
508 1947
509 551
509 634
510 795
510 1830
511 1507
512 680
512 1202
512 1383
512 1747
515 786
515 1129
515 1219
515 1760
516 654
516 1407
517 949
517 1000
517 1078
517 1084
517 1269
517 1398
517 1680
517 1733
518 864
518 1519
518 1777
519 577
519 950
519 1213
520 553
520 1208
520 1218
520 1371
520 1548
520 1728
521 619
521 1071
522 734
523 873
523 1095
523 1248
524 884
525 606
525 952
525 1176
525 1355
525 1856
526 841
526 1081
526 1102
526 1413
526 1560
527 608
527 1070
528 593
528 602
528 720
528 1174
528 1334
528 1363
528 1533
529 941
529 1127
529 1252
529 1376
529 1856
530 648
530 803
530 1101
532 534
532 664
532 672
532 1120
532 1137
532 1147
532 1159
532 1297
532 1415
533 770
533 1263
534 1606
534 1895
535 731
535 818
535 886
535 1326
535 1371
535 1546
536 923
536 933
536 1108
536 1273
536 1344
536 1383
536 1627
537 951
537 1311
538 548
538 597
538 865
538 1795
539 875
539 1559
539 1837
540 1185
540 1311
540 1385
540 1899
541 1651
542 660
542 703
542 1215
543 1693
544 1267
544 1314
545 867
545 1073
545 1139
545 1306
545 1537
546 659
546 811
546 1300
547 1188
548 591
548 668
548 794
548 1031
548 1209
548 1454
549 819
549 1092
549 1278
550 565
550 830
550 902
550 998
550 1892
551 1006
553 747
554 1748
554 1773
554 1790
555 795
555 1033
555 1321
555 1423
555 1959
556 798
556 877
557 651
557 1361
558 739
558 1130
558 1199
558 1398
558 1450
561 916
562 758
563 1204
563 1901
566 782
566 811
566 854
566 927
566 1601
566 1632
566 1895
567 683
567 996
567 1326
568 831
568 835
568 1102
568 1243
568 1739
569 1604
570 1086
570 1939
571 1459
571 1787
573 649
573 1362
573 1490
573 1795
574 797
574 896
574 1003
574 1619
574 1782
575 685
575 782
575 809
575 994
575 1191
575 1258
575 1361
575 1577
576 1952
577 695
577 773
577 1327
577 1580
578 678
578 682
578 1019
578 1336
578 1555
579 710
579 1007
582 1148
582 1576
583 1189
583 1860
584 1509
584 1903
585 755
586 1546
587 1673
588 1865
589 888
589 1387
589 1845
590 880
590 883
590 1464
590 1926
591 1224
591 1460
592 630
592 1657
593 608
593 711
593 790
593 1210
593 1326
593 1384
593 1410
593 1953
594 1151
594 1190
595 688
596 843
596 1304
596 1439
596 1884
597 1006
597 1188
598 610
598 846
600 1176
600 1248
600 1653
601 1471
601 1917
602 834
602 1874
603 977
603 1444
604 1837
605 852
605 1026
605 1081
605 1905
606 1222
606 1497
606 1806
607 965
607 1796
608 1306
608 1636
609 640
610 1611
611 1678
611 1723
612 821
612 1298
612 1461
613 772
613 1305
613 1441
613 1904
613 1935
614 638
614 1242
614 1300
615 1042
615 1227
616 763
616 1470
616 1708
616 1749
616 1867
617 650
617 1317
617 1758
617 1809
619 867
619 1215
619 1832
619 1856
620 634
620 1123
620 1519
620 1677
620 1722
620 1877
621 889
621 935
621 978
621 1169
622 899
623 652
624 727
624 1166
624 1481
624 1640
624 1813
625 842
625 1101
625 1163
625 1179
625 1263
625 1486
625 1710
625 1918
625 1929
626 868
626 1110
626 1397
626 1917
627 823
627 1479
628 1109
628 1733
630 1236
630 1431
632 892
632 998
632 1088
632 1348
632 1676
633 639
633 698
633 835
633 956
633 1061
634 1797
635 959
635 1610
635 1647
636 1121
636 1126
636 1615
636 1827
637 657
637 1548
637 1869
638 1902
639 665
639 924
639 1115
640 1320
640 1475
640 1586
641 807
641 861
641 1509
641 1512
641 1535
642 912
642 1360
643 796
644 658
644 785
644 1039
644 1307
645 1837
647 856
649 1889
650 1085
651 663
651 1097
652 1116
653 843
653 1338
653 1861
654 1217
655 724
655 1235
655 1330
656 729
656 749
656 945
656 1012
656 1177
656 1323
656 1482
656 1936
657 958
658 722
658 748
658 810
658 860
658 866
658 940
658 1137
658 1476
658 1491
658 1934
659 852
660 821
660 966
660 1127
661 702
661 869
663 761
665 781
665 920
665 1416
665 1689
666 1271
666 1866
667 767
667 1643
668 765
669 753
669 1242
670 839
670 865
670 1823
671 704
671 1266
673 696
673 714
673 1401
673 1686
674 924
676 1286
676 1623
679 838
679 1411
679 1640
679 1706
680 779
680 821
682 1291
683 788
683 871
683 934
683 1015
683 1533
683 1697
684 723
686 690
686 1279
686 1283
686 1434
686 1877
686 1948
688 1124
688 1299
688 1357
688 1377
688 1753
689 1733
690 839
690 1600
691 1508
691 1553
693 1119
695 758
695 847
695 872
695 944
695 1163
695 1412
695 1550
695 1809
695 1932
697 771
697 1067
697 1185
697 1566
698 730
698 901
700 838
700 953
700 1201
701 922
702 1642
703 1898
704 973
704 1095
704 1578
705 1227
706 741
706 945
706 1037
706 1436
706 1839
706 1849
707 1038
707 1079
707 1405
707 1427
709 775
709 1098
709 1634
710 777
710 857
710 1051
711 1839
712 1167
712 1382
715 1669
715 1803
715 1832
715 1902
715 1944
717 1034
717 1780
718 1048
719 1501
719 1540
719 1633
719 1791
720 824
722 1186
724 1212
725 755
725 844
725 1538
725 1911
726 922
726 1646
728 828
728 939
730 1281
731 900
731 1481
732 1057
733 1043
733 1345
737 1595
737 1930
738 905
738 913
739 1194
740 929
740 1494
740 1807
741 987
741 1501
742 761
742 1298
743 886
743 1039
743 1052
743 1111
743 1586
743 1698
744 1944
745 912
745 1070
745 1554
746 1204
750 1919
752 813
752 988
752 1018
752 1191
752 1442
752 1483
752 1759
753 757
753 1099
753 1370
755 1154
755 1251
755 1454
755 1796
756 1923
757 1241
757 1913
758 1153
758 1245
758 1672
760 1562
761 877
761 1343
761 1495
761 1522
763 1243
763 1502
763 1873
764 794
766 1145
766 1631
766 1736
767 908
767 1818
768 1216
769 911
773 1424
773 1602
774 1136
774 1361
774 1574
775 1887
778 972
778 1007
779 1556
779 1681
779 1831
780 826
780 1060
780 1513
781 899
781 1564
782 1577
783 1221
783 1372
783 1769
784 979
784 1087
784 1464
785 905
785 942
785 1143
785 1198
785 1265
786 1372
787 952
787 1671
788 1046
789 1160
790 928
790 948
790 1072
790 1247
790 1718
792 1280
792 1664
794 1047
794 1089
794 1401
794 1470
794 1525
795 885
795 1335
795 1498
797 1859
798 1833
799 895
799 1166
799 1724
800 806
800 1510
800 1609
801 845
801 994
801 1228
801 1753
802 870
803 1015
803 1301
804 1027
805 882
805 918
806 1412
807 1357
807 1821
807 1928
808 1426
808 1720
810 1197
811 817
811 829
811 1245
811 1273
811 1399
811 1641
812 1304
812 1710
813 1604
815 1193
815 1959
816 1514
817 851
817 903
817 1082
817 1489
817 1672
817 1757
820 937
820 1167
820 1282
821 907
821 1225
821 1364
822 1156
822 1689
823 975
823 1132
824 970
824 1140
824 1531
824 1602
826 898
826 1424
826 1836
828 1171
830 1200
830 1518
832 1074
832 1241
834 1907
835 1222
835 1731
836 1417
836 1745
836 1943
838 1036
840 1208
840 1612
841 1480
843 1886
845 896
846 944
846 1696
846 1705
846 1910
847 1405
849 1075
853 1316
853 1435
853 1629
855 1598
856 1113
856 1368
856 1428
856 1620
857 1419
857 1570
857 1804
858 1114
858 1288
858 1522
858 1579
858 1661
859 936
859 1356
859 1395
859 1779
860 1076
860 1089
860 1113
860 1851
862 1086
863 1383
863 1619
863 1909
866 932
866 1034
866 1408
867 1080
867 1830
867 1930
868 876
868 1239
868 1466
868 1777
870 882
870 1156
870 1186
871 1615
873 1100
873 1404
873 1492
875 1091
875 1108
875 1365
875 1740
876 1207
876 1241
877 1310
878 1223
878 1903
879 1472
880 1954
881 921
881 1328
881 1685
881 1701
882 1628
882 1713
882 1950
883 1212
884 1462
885 1265
885 1642
887 1426
887 1594
888 1145
889 1045
889 1065
889 1673
890 1762
893 1124
894 1249
895 1119
895 1285
895 1359
895 1596
895 1670
895 1788
896 1325
896 1388
896 1906
898 1696
901 1850
902 1529
902 1558
904 1164
904 1488
904 1536
905 1381
905 1488
905 1858
906 1463
907 1071
907 1587
907 1603
907 1744
908 1399
911 1378
913 1051
914 1648
916 1005
919 1078
919 1237
919 1743
920 1628
921 934
921 1387
921 1648
922 969
922 1284
922 1409
922 1778
923 940
923 950
924 1352
925 1026
925 1061
926 1349
927 934
927 1222
927 1770
928 1829
929 990
929 1546
930 1302
931 963
931 1294
931 1418
931 1847
932 1007
932 1591
932 1599
935 1082
935 1231
935 1413
936 1887
938 961
938 967
938 1022
938 1181
938 1512
938 1712
938 1920
939 1117
942 1666
944 1844
945 1026
945 1074
945 1225
946 972
946 1314
947 1199
947 1591
948 1351
949 1046
949 1270
951 1045
951 1519
951 1866
952 1293
952 1416
952 1582
952 1888
953 1659
955 1752
955 1826
956 1704
956 1851
957 1150
957 1634
958 969
958 1262
958 1644
959 1008
959 1213
959 1576
959 1852
960 1328
960 1329
961 1044
961 1229
961 1456
961 1855
962 1611
964 1673
964 1687
964 1764
966 1542
966 1738
969 1178
969 1357
969 1547
970 1183
970 1601
971 1563
971 1672
972 1668
974 1403
975 1103
975 1403
978 1107
978 1462
981 1389
984 1557
985 1098
989 1250
989 1426
990 1410
990 1435
990 1776
991 1362
992 1249
992 1732
993 1492
993 1860
994 1040
994 1225
994 1313
994 1407
995 1459
995 1957
996 1004
997 1120
1000 1763
1001 1823
1002 1583
1003 1257
1004 1162
1004 1293
1005 1307
1005 1371
1005 1400
1005 1744
1005 1798
1006 1380
1006 1578
1006 1702
1008 1606
1009 1309
1010 1078
1013 1916
1014 1914
1017 1110
1017 1447
1019 1577
1019 1716
1020 1131
1020 1479
1021 1683
1021 1947
1023 1554
1024 1285
1026 1038
1026 1072
1026 1578
1028 1291
1028 1694
1030 1112
1030 1507
1031 1062
1033 1062
1033 1692
1034 1454
1037 1204
1037 1389
1037 1475
1039 1236
1040 1493
1040 1798
1041 1687
1041 1865
1041 1892
1042 1043
1042 1355
1042 1910
1043 1494
1043 1682
1045 1049
1045 1262
1046 1295
1046 1469
1046 1627
1047 1496
1047 1934
1048 1436
1049 1834
1051 1719
1052 1273
1052 1458
1053 1520
1054 1562
1054 1573
1055 1147
1056 1106
1056 1764
1056 1909
1057 1194
1057 1588
1060 1163
1060 1228
1060 1833
1062 1075
1065 1550
1067 1821
1068 1161
1069 1155
1069 1239
1069 1456
1069 1516
1070 1945
1071 1847
1073 1240
1077 1321
1077 1561
1078 1925
1079 1892
1081 1178
1082 1526
1087 1149
1087 1506
1088 1284
1088 1349
1088 1459
1089 1387
1089 1443
1091 1152
1091 1665
1092 1915
1097 1824
1099 1651
1100 1121
1100 1180
1100 1885
1104 1650
1105 1647
1106 1871
1106 1931
1108 1393
1108 1618
1108 1742
1109 1123
1109 1255
1110 1789
1111 1144
1111 1700
1115 1868
1115 1879
1116 1271
1118 1491
1118 1784
1119 1392
1121 1136
1121 1184
1121 1373
1122 1214
1122 1834
1123 1607
1125 1375
1125 1600
1125 1772
1126 1359
1127 1565
1129 1558
1129 1757
1132 1332
1133 1445
1134 1869
1135 1145
1137 1685
1139 1161
1140 1392
1141 1732
1144 1286
1144 1434
1144 1660
1144 1704
1146 1343
1146 1379
1147 1397
1148 1904
1149 1516
1150 1360
1151 1209
1152 1212
1152 1457
1152 1735
1155 1223
1155 1312
1160 1206
1160 1366
1164 1172
1164 1252
1166 1419
1174 1187
1176 1606
1177 1433
1177 1806
1180 1487
1182 1257
1182 1555
1182 1656
1183 1362
1183 1768
1186 1396
1187 1292
1187 1783
1188 1280
1188 1756
1189 1477
1190 1652
1190 1677
1191 1422
1192 1694
1193 1416
1193 1674
1193 1745
1193 1750
1194 1738
1197 1634
1198 1374
1198 1666
1198 1752
1198 1838
1199 1654
1204 1406
1205 1260
1205 1780
1205 1869
1206 1339
1206 1765
1207 1686
1208 1529
1210 1250
1212 1599
1212 1632
1213 1346
1217 1614
1217 1702
1218 1802
1220 1521
1221 1324
1222 1894
1225 1737
1225 1909
1228 1453
1229 1828
1232 1410
1234 1489
1234 1815
1236 1933
1237 1660
1237 1691
1238 1755
1241 1388
1241 1886
1242 1386
1242 1716
1243 1805
1244 1581
1247 1450
1248 1819
1249 1266
1249 1312
1249 1460
1250 1366
1250 1485
1250 1811
1252 1783
1254 1589
1255 1736
1257 1366
1258 1908
1259 1421
1259 1624
1260 1291
1260 1331
1260 1350
1260 1655
1265 1299
1266 1691
1269 1560
1272 1290
1273 1397
1276 1526
1276 1823
1279 1894
1281 1880
1283 1536
1283 1671
1284 1474
1284 1695
1285 1295
1285 1532
1289 1828
1290 1319
1290 1323
1291 1589
1291 1926
1294 1406
1295 1776
1296 1440
1298 1876
1299 1820
1303 1816
1310 1870
1310 1872
1310 1928
1313 1474
1313 1495
1313 1543
1313 1660
1313 1952
1314 1790
1316 1463
1316 1920
1318 1481
1318 1532
1319 1320
1319 1514
1320 1806
1324 1626
1325 1727
1326 1460
1327 1474
1328 1466
1328 1721
1333 1697
1333 1945
1335 1903
1338 1404
1338 1850
1341 1563
1342 1552
1343 1748
1345 1817
1349 1845
1350 1559
1354 1552
1356 1379
1357 1531
1361 1374
1363 1468
1367 1455
1367 1605
1369 1746
1370 1616
1370 1846
1371 1896
1375 1571
1378 1544
1380 1853
1385 1847
1391 1438
1391 1528
1393 1511
1397 1893
1398 1725
1400 1566
1400 1829
1404 1449
1404 1452
1404 1857
1405 1517
1407 1895
1412 1537
1412 1957
1414 1461
1415 1568
1415 1809
1418 1600
1419 1582
1420 1905
1421 1767
1432 1737
1434 1635
1437 1826
1440 1527
1440 1878
1441 1630
1441 1734
1444 1611
1444 1637
1451 1664
1452 1645
1452 1788
1454 1579
1457 1584
1460 1810
1461 1956
1462 1489
1462 1701
1463 1916
1467 1497
1467 1545
1468 1705
1474 1686
1474 1941
1476 1654
1478 1936
1479 1627
1479 1872
1479 1886
1480 1514
1483 1942
1484 1596
1486 1537
1487 1609
1488 1705
1494 1803
1494 1942
1497 1888
1498 1590
1500 1555
1506 1766
1507 1732
1509 1720
1512 1524
1513 1527
1519 1711
1520 1786
1521 1639
1526 1868
1532 1584
1534 1684
1534 1947
1535 1838
1536 1746
1540 1893
1544 1598
1555 1841
1565 1855
1567 1797
1568 1587
1573 1752
1575 1813
1576 1703
1577 1916
1579 1956
1582 1802
1587 1718
1588 1862
1592 1663
1594 1754
1597 1960
1598 1852
1598 1914
1599 1629
1601 1747
1604 1637
1606 1883
1607 1671
1609 1666
1612 1657
1612 1790
1613 1618
1613 1959
1619 1901
1621 1783
1626 1697
1628 1720
1635 1843
1635 1949
1638 1787
1639 1779
1642 1813
1647 1727
1647 1899
1651 1846
1652 1708
1654 1804
1655 1936
1657 1817
1662 1825
1675 1754
1675 1862
1685 1796
1692 1714
1692 1955
1695 1716
1697 1872
1705 1817
1711 1958
1714 1881
1718 1831
1734 1781
1737 1765
1737 1882
1739 1808
1739 1840
1741 1890
1744 1938
1755 1774
1773 1785
1784 1802
1799 1880
1799 1951
1802 1828
1806 1939
1815 1818
1815 1922
1819 1843
1825 1912
1827 1899
1833 1893
1837 1937
1840 1955
1848 1863
1849 1854
1852 1858
1853 1920
1879 1891
1885 1940
1899 1910
1899 1950
1953 1960
