0	0.83208307
1	0.83205062
2	0.83233426
3	0.83070770
4	0.83201366
5	0.83194929
6	0.83204510
7	0.83202354
8	0.83193091
10	0.83207787
11	0.83210181
13	0.83208295
14	0.83198073
15	0.83209798
17	0.83174905
19	0.83182846
20	0.83191459
24	0.83211068
26	0.83180270
32	0.83188605
34	0.83203285
42	0.83196320
47	0.83194619
48	0.83182297
58	0.83205836
59	0.83206324
64	0.82188900
65	0.83213075
66	0.83185941
78	0.83147900
90	0.82652551
125	0.83196913
130	0.82074986
150	0.83205828
153	0.82596598
158	0.83146917
178	0.83203857
182	0.82418581
184	0.83202285
212	0.81900226
215	0.83046119
228	0.83182112
240	0.83036207
244	0.83069456
249	0.80333204
253	0.79604079
262	0.81054526
266	0.77551338
288	0.82063688
310	0.79544373
315	0.82543245
331	0.81630439
356	0.83082676
382	0.82677304
400	0.83119303
403	0.77802688
405	0.81464341
432	0.82885002
455	0.83056622
485	0.83199170
501	0.72977187
506	0.83001072
551	0.78652507
552	0.81093027
557	0.82691068
561	0.82411358
572	0.81839605
585	0.75478871
597	0.82187529
611	0.75981491
633	0.82816816
642	0.81767142
658	0.78176211
671	0.81475304
742	0.81788843
750	0.81931894
754	0.79256816
785	0.77918065
787	0.78522825
845	0.71718299
947	0.82577694
961	0.71253720
1029	0.66518678
1035	0.82602213
1038	0.79882068
1072	0.80715836
1092	0.71742430
1121	0.76049339
1132	0.80722044
1154	0.66053466
1160	0.70679714
1192	0.75773950
1212	0.75861121
1288	0.68549956
1305	0.77279585
1441	0.77453906
1471	0.75093402
1489	0.74659734
1502	0.77012773
1675	0.75021705
1712	0.73503805
1714	0.72883422
1759	0.66008839
1788	0.63036816
1826	0.74940814
1949	0.76245441
1965	0.73770077
1974	0.68694152
1990	0.73600786
2094	0.67054268
2159	0.77697449
2180	0.62652926
2183	0.69810476
2217	0.66544293
2229	0.69682588
2241	0.66005002
2251	0.72682330
2349	0.65397856
2355	0.67424240
2378	0.70594333
2392	0.69213087
2396	0.68309065
2401	0.62203039
2569	0.61829686
2638	0.73403853
2703	0.72322124
2811	0.68351370
2864	0.69834591
2868	0.62458158
2882	0.62960411
2930	0.71307521
2943	0.72923511
3076	0.61761044
3105	0.62840415
3157	0.65758126
3177	0.69194736
3208	0.66782160
3229	0.64525365
3257	0.59354075
3360	0.63362906
3470	0.67263128
3502	0.60273624
3518	0.65029162
3595	0.66154732
3659	0.63292515
3667	0.66104160
3771	0.65273918
3786	0.64432322
3847	0.65018593
3854	0.65865558
3880	0.61705437
3991	0.63986078
4015	0.60106651
4045	0.65808968
4208	0.65313716
4269	0.63647759
4280	0.63337344
4315	0.62083301
4342	0.61966949
4429	0.58293116
4471	0.59506239
4473	0.61915111
4498	0.62454502
4680	0.62017844
4715	0.61278259
4771	0.60836800
4892	0.58813861
4936	0.61499500
9	0.83192301
29	0.83211967
31	0.83186312
38	0.83176260
40	0.83206538
41	0.83205095
69	0.83206618
112	0.82717868
144	0.82949504
147	0.83177106
165	0.83001407
172	0.83214264
193	0.81126332
232	0.81189246
281	0.82814748
338	0.83095998
390	0.81096602
431	0.82683321
444	0.82732894
479	0.83181282
487	0.81776078
518	0.83167529
554	0.82153970
573	0.80481121
588	0.72209956
665	0.80321000
741	0.82311100
789	0.76935365
884	0.71147134
911	0.81702576
922	0.65658851
944	0.79418855
1027	0.72014938
1169	0.74648831
1187	0.75001878
1234	0.74578271
1531	0.77032394
1568	0.72196647
1632	0.66602644
1929	0.69648984
2006	0.71850899
2045	0.68726183
2208	0.76091560
2263	0.70837211
2279	0.70719170
2451	0.67176090
2565	0.75528613
2573	0.65345760
2744	0.71562620
2874	0.75807473
2875	0.67668573
2900	0.63216187
2914	0.69723333
2993	0.69692297
3594	0.60268376
3611	0.62488835
3661	0.62856659
3806	0.59816626
3839	0.66147166
3866	0.64784143
3976	0.63673499
4111	0.63157227
4467	0.60153148
4610	0.59668884
4798	0.56524015
4847	0.61930113
4888	0.61224039
4897	0.60876163
22	0.83191858
23	0.83205776
25	0.83203317
36	0.83209569
50	0.83205006
52	0.83192910
53	0.83203100
77	0.83216054
81	0.82233390
91	0.83209633
136	0.83181757
140	0.83196332
161	0.83066522
163	0.83193543
168	0.83125877
177	0.82965389
186	0.83200314
220	0.81664611
223	0.83179895
237	0.82326139
272	0.82826594
278	0.83112318
282	0.80055695
286	0.82048045
297	0.83071786
322	0.82996022
327	0.80120480
348	0.81424728
417	0.80596800
429	0.81899230
471	0.80493853
482	0.83066449
508	0.83047803
558	0.82372559
574	0.82761560
577	0.82087900
609	0.81244067
610	0.82409589
630	0.79813801
641	0.72525111
649	0.77240580
674	0.81467940
729	0.76180681
788	0.78206953
793	0.79851012
827	0.78131157
895	0.82604478
913	0.78414635
916	0.80475800
921	0.76518694
923	0.76878166
924	0.67186759
973	0.82532156
989	0.74715377
1013	0.70486550
1033	0.78868879
1043	0.76266239
1053	0.77988198
1058	0.72165748
1112	0.77366030
1115	0.70586284
1164	0.80662692
1182	0.73659948
1214	0.77375292
1291	0.69929081
1299	0.80889682
1306	0.71890060
1371	0.70970258
1384	0.72244482
1398	0.62016175
1418	0.71632358
1427	0.71746167
1445	0.71360959
1446	0.66707694
1461	0.78355389
1468	0.69506679
1470	0.75931520
1591	0.63444454
1597	0.69826816
1610	0.74118871
1620	0.65905857
1631	0.65170129
1652	0.65410621
1661	0.76154438
1755	0.73652769
1793	0.70477408
1806	0.62753922
1814	0.75362370
1864	0.66746364
1866	0.75230226
1881	0.67284990
1889	0.78579545
1903	0.68556098
1944	0.69472757
1962	0.70487489
1980	0.62846497
1986	0.70506977
2021	0.73322846
2025	0.71057956
2070	0.76301620
2348	0.66227694
2370	0.75717997
2464	0.64710036
2465	0.62099911
2482	0.60580399
2540	0.66887058
2568	0.62845191
2631	0.68429407
2750	0.68900423
2812	0.72467614
2838	0.64974615
2843	0.68431133
2887	0.60603051
2938	0.66115865
3011	0.62568654
3145	0.64847811
3153	0.69095333
3381	0.66582414
3475	0.76314010
3717	0.61806888
3720	0.68639069
3790	0.65421004
3799	0.58129653
3836	0.61853744
3936	0.68151729
3943	0.62781636
3967	0.58197235
3994	0.61904031
4036	0.61437267
4130	0.63790431
4222	0.61172261
4272	0.60677565
4587	0.61304397
4624	0.62117682
4742	0.59458142
4773	0.62376320
95	0.82210185
113	0.83115611
116	0.82901012
192	0.82694522
325	0.81467477
539	0.80006183
566	0.82707763
1116	0.79691092
1148	0.72248888
1308	0.69911697
1496	0.76640689
1556	0.72535087
1665	0.78438493
1906	0.66135631
1928	0.77902648
2399	0.78910407
2650	0.67512745
3143	0.65522463
3400	0.65713257
3607	0.71061221
3960	0.61307670
4159	0.63662834
35	0.83207122
57	0.83231447
60	0.83195607
61	0.83194990
62	0.82856098
80	0.83214373
83	0.83164559
85	0.83215901
114	0.77945232
145	0.82781189
221	0.83062330
222	0.81735558
224	0.81489553
234	0.83063515
245	0.83035449
301	0.81300367
316	0.83154974
329	0.82554176
389	0.82999678
418	0.80974692
453	0.82834921
503	0.75467485
567	0.82009424
596	0.79434821
646	0.78769432
681	0.80610133
692	0.69033321
724	0.72613317
739	0.75561451
751	0.81429258
784	0.76697118
824	0.73419948
901	0.72935776
907	0.69552596
920	0.75707650
995	0.76617614
1039	0.78819573
1077	0.72240242
1209	0.72377340
1224	0.75470677
1275	0.77033450
1292	0.69160270
1296	0.76152136
1395	0.65321262
1462	0.71346191
1486	0.72180528
1562	0.69891342
1770	0.66148190
1815	0.69184272
1896	0.74470459
1947	0.78872451
2106	0.65848742
2150	0.66217239
2152	0.61290218
2187	0.74612386
2261	0.65360967
2299	0.76338799
2338	0.73803620
2407	0.72522225
2528	0.74937626
2636	0.64856247
2693	0.67790903
2893	0.61664913
2904	0.66723245
2919	0.72599827
3079	0.66539686
3107	0.69104244
3146	0.62088376
3234	0.61906848
3310	0.63125288
3435	0.68470036
3463	0.61416888
3516	0.68528267
3750	0.61188351
3796	0.68202205
3810	0.68824655
3897	0.63196759
3939	0.66074482
4064	0.64549573
4100	0.61843176
4406	0.62342394
4421	0.62098597
4502	0.59580322
4567	0.61451294
4605	0.63310129
4671	0.57979206
4733	0.62553934
4766	0.60647767
4792	0.64261125
4831	0.57652761
4916	0.61349706
12	0.83209948
21	0.83218803
44	0.83186747
70	0.83196816
79	0.83112414
94	0.83158339
101	0.83185200
104	0.83163470
123	0.83231882
196	0.83197989
250	0.82120298
309	0.83001818
333	0.83120113
335	0.80962725
345	0.83119250
350	0.80499194
369	0.81388843
423	0.81440782
435	0.82325038
443	0.77754486
512	0.81714716
616	0.79888222
659	0.80081149
757	0.81930846
763	0.80821004
831	0.79069500
847	0.78419154
887	0.79925518
915	0.76476320
934	0.75317844
1069	0.79536094
1078	0.77921483
1089	0.71559452
1149	0.72675998
1178	0.81484006
1184	0.78130717
1223	0.76459162
1528	0.79513410
1533	0.72250399
1730	0.68741358
1747	0.66271520
1777	0.76737130
1874	0.66063994
2037	0.71912503
2075	0.69130516
2090	0.65757658
2197	0.71128815
2231	0.65043212
2288	0.62325590
2315	0.76560077
2356	0.69400709
2398	0.65773386
2411	0.61419460
2448	0.64675224
2533	0.77807739
2567	0.71519004
2610	0.69530875
2667	0.74968888
2671	0.59482386
2845	0.65930971
3160	0.61395421
3176	0.68284627
3254	0.72879694
3358	0.62581378
3363	0.59689541
3388	0.66698710
3445	0.61322382
3675	0.63796163
3677	0.59399758
3821	0.64420915
3996	0.66405083
4004	0.63577094
4009	0.65027505
4084	0.60346860
4326	0.62163297
4358	0.63214530
4416	0.60370089
4426	0.64381826
4454	0.69177574
4462	0.62939980
4598	0.59878339
4676	0.59695308
4872	0.59626957
4907	0.59365357
18	0.83215014
27	0.83208307
37	0.83018307
46	0.83036562
67	0.83146856
72	0.83213454
82	0.83207090
84	0.83186356
89	0.83158843
99	0.83081108
108	0.82536324
109	0.83182031
121	0.82011548
131	0.83196102
133	0.83197384
146	0.82725018
149	0.78452459
151	0.78011959
167	0.81288783
174	0.82590335
183	0.82719025
195	0.77871145
199	0.82238400
201	0.82762076
208	0.81537622
211	0.82969665
233	0.77903648
251	0.82832314
260	0.82301499
277	0.81421705
284	0.81114897
294	0.81863809
295	0.82648585
304	0.71137416
306	0.82985014
323	0.82469283
334	0.82333474
367	0.78114897
388	0.81465139
397	0.76753446
436	0.82390750
466	0.82923059
467	0.82622729
495	0.81055869
510	0.81345389
526	0.81341713
570	0.78130721
575	0.80076445
602	0.81348509
607	0.71750105
651	0.74168126
657	0.81363571
703	0.79595071
708	0.80916763
726	0.82015808
736	0.77562185
767	0.81961568
812	0.78222249
819	0.79028388
841	0.72382273
866	0.75248198
914	0.81112886
918	0.70389944
935	0.72272676
940	0.78172511
945	0.72476659
951	0.65688928
1025	0.71807247
1067	0.74398513
1075	0.76873499
1083	0.79668174
1091	0.76235232
1108	0.76002890
1114	0.80482435
1117	0.74403426
1153	0.79236143
1185	0.77879855
1190	0.73723353
1195	0.71676256
1210	0.73049742
1213	0.75750524
1242	0.68537320
1243	0.77605224
1244	0.71472249
1310	0.79193321
1325	0.70440983
1377	0.80981068
1410	0.65789017
1444	0.80058541
1483	0.68526203
1514	0.75294704
1543	0.71918380
1611	0.72401100
1613	0.61504023
1624	0.77346642
1630	0.71094002
1638	0.70498718
1662	0.81340492
1719	0.68205510
1732	0.70214857
1785	0.69338896
1807	0.73945768
1821	0.66097565
1852	0.77986119
1867	0.72215917
1871	0.72673285
1893	0.70933180
1935	0.62782370
1942	0.73812439
1957	0.68484925
1988	0.61287570
2030	0.71484728
2043	0.65501322
2096	0.73689210
2107	0.70959883
2113	0.76596139
2252	0.75430931
2259	0.79694813
2282	0.69090673
2317	0.67796558
2363	0.76011644
2366	0.63620746
2379	0.65589778
2421	0.70616989
2505	0.70005163
2574	0.70673398
2591	0.74761181
2607	0.71100625
2699	0.61588235
2705	0.67408863
2759	0.73426546
2775	0.69111620
2808	0.73554442
2822	0.62945768
2826	0.61183857
2834	0.60032834
2881	0.75126030
2960	0.74982503
3004	0.74902600
3026	0.60766155
3084	0.66801826
3197	0.59698142
3215	0.60809125
3242	0.68798331
3270	0.65142624
3294	0.65461298
3308	0.71218166
3413	0.66856977
3430	0.61663225
3443	0.61303438
3450	0.72711741
3517	0.61919968
3576	0.60782975
3579	0.63715453
3588	0.62346219
3596	0.65061125
3631	0.62383668
3666	0.58143059
3674	0.62555522
3687	0.62564502
3776	0.62789270
3819	0.59131104
3855	0.66150206
3904	0.61150246
3947	0.66154305
3954	0.65879762
3984	0.61321233
3985	0.68788751
4019	0.65967956
4051	0.61050830
4104	0.59927037
4225	0.60140605
4245	0.61750222
4369	0.60185623
4370	0.60076050
4439	0.59849121
4442	0.62686123
4522	0.62009936
4596	0.63434792
4627	0.62209895
4686	0.60841826
4703	0.56870520
4748	0.59464337
4768	0.60030939
4830	0.61020472
4843	0.61798549
4850	0.58154655
4950	0.59251915
16	0.83221568
28	0.83113120
30	0.83210697
33	0.83211439
45	0.83207807
55	0.83007836
56	0.83174293
68	0.82342701
73	0.83173047
100	0.83209041
102	0.83195437
103	0.82440782
105	0.80076413
120	0.83202072
139	0.81676477
142	0.83117940
143	0.83019597
159	0.82862648
173	0.83122527
204	0.82071455
209	0.83057219
229	0.83207348
239	0.80136127
243	0.81681491
246	0.78104236
261	0.83170713
271	0.83160516
318	0.81595542
337	0.82489299
339	0.82077517
341	0.79077694
365	0.79747948
372	0.81605957
412	0.82998755
424	0.80692483
447	0.82976094
450	0.80628892
461	0.79768884
556	0.79097924
583	0.81962040
598	0.80845861
600	0.83134518
608	0.76719702
613	0.71622854
635	0.79268102
690	0.73874067
697	0.75637586
698	0.74223414
699	0.76531189
720	0.80356759
722	0.80099311
756	0.80385171
762	0.81902733
765	0.81618134
766	0.81042297
776	0.81729899
817	0.82283071
822	0.79166945
836	0.69887840
837	0.78024978
856	0.71388186
868	0.77070020
869	0.73620073
902	0.74169524
937	0.78423607
938	0.76714357
962	0.81856985
981	0.66163482
985	0.63733865
1055	0.79427400
1105	0.80656731
1113	0.81404760
1143	0.74705316
1152	0.79202713
1180	0.70133140
1249	0.79137815
1259	0.66744216
1267	0.66137320
1294	0.67124917
1317	0.78117449
1331	0.71544474
1343	0.69269222
1403	0.81314470
1413	0.76429105
1498	0.77329528
1513	0.67347965
1534	0.68372455
1540	0.76661342
1558	0.75893503
1580	0.73344603
1599	0.67850423
1615	0.69665441
1628	0.69058791
1660	0.77679109
1728	0.72263906
1737	0.69530468
1744	0.68325873
1746	0.66864454
1764	0.73014950
1765	0.68422168
1767	0.69209125
1790	0.67426207
1836	0.73198658
1848	0.82013164
1943	0.72758650
2011	0.68361911
2035	0.70678601
2055	0.74687537
2057	0.76153595
2085	0.72056526
2119	0.62892733
2143	0.78433728
2181	0.77132846
2225	0.69242906
2311	0.62942644
2419	0.73678525
2461	0.72967122
2519	0.68488875
2525	0.68635252
2552	0.66756723
2621	0.63092471
2633	0.64937138
2655	0.68924692
2689	0.61303337
2789	0.61318702
2813	0.70260742
2829	0.63605308
2899	0.72760863
2921	0.61139403
2967	0.67581036
2977	0.65588549
3007	0.66007243
3038	0.68401467
3046	0.67643700
3185	0.62349391
3207	0.69367025
3221	0.61530891
3231	0.66329065
3301	0.67442733
3322	0.68547638
3350	0.62299698
3529	0.61651963
3567	0.65188235
3635	0.62576397
3637	0.66411330
3643	0.65866429
3665	0.61330657
3686	0.59987509
3697	0.62992479
3751	0.65189089
3759	0.60452531
3849	0.66677932
3909	0.61747763
3919	0.61170734
3928	0.65782870
3940	0.70273708
3961	0.64471669
4001	0.61444172
4010	0.68838436
4011	0.59291507
4113	0.61527227
4244	0.62824978
4259	0.63467759
4295	0.65895534
4304	0.59474450
4308	0.61561483
4432	0.66427332
4524	0.56602406
4575	0.61134551
4608	0.59753333
4654	0.61656941
4688	0.59138646
4720	0.62734522
4759	0.64481326
4793	0.61384321
4794	0.62123708
4930	0.62280721
43	0.83199690
49	0.83195933
51	0.83195651
54	0.80996848
63	0.83198247
88	0.83206336
96	0.83191209
117	0.79106606
132	0.83187852
138	0.83172753
170	0.83093410
176	0.82964123
188	0.83129198
191	0.83053640
197	0.82978368
203	0.81291794
213	0.83054256
219	0.83214720
227	0.82760653
252	0.82553212
255	0.78235272
258	0.82508372
270	0.82076348
289	0.78954244
292	0.82762555
293	0.81748674
305	0.77100242
320	0.82792124
324	0.81156679
340	0.81443394
346	0.81327388
351	0.76401516
353	0.81324450
359	0.82949424
374	0.82287255
386	0.80854490
406	0.81212467
459	0.74765776
468	0.77940850
474	0.76881266
502	0.77050226
516	0.78948102
520	0.73964897
525	0.71029121
545	0.82125836
549	0.80420193
553	0.82625925
565	0.81793353
568	0.82069682
586	0.74932967
644	0.82921443
653	0.70852398
661	0.82062475
668	0.82087021
684	0.82909625
695	0.80446022
696	0.69322600
701	0.81235768
705	0.75555590
723	0.78414716
803	0.74398468
825	0.76373736
839	0.80437308
842	0.68950863
873	0.62817215
932	0.75675784
946	0.80109585
960	0.78142572
987	0.79320689
988	0.68825857
992	0.76030669
1005	0.68989258
1012	0.66795941
1014	0.80620274
1018	0.66969452
1023	0.72578509
1031	0.73110713
1036	0.79043966
1090	0.77229355
1096	0.73656977
1098	0.73767570
1103	0.79364704
1107	0.81580472
1135	0.77107924
1138	0.75476913
1177	0.70600863
1220	0.66606090
1226	0.69864800
1233	0.78663337
1309	0.74682261
1321	0.81038122
1330	0.73736119
1378	0.78009964
1401	0.75957050
1434	0.79734498
1436	0.75648331
1448	0.67502011
1450	0.77177304
1454	0.75440161
1465	0.71778154
1492	0.76352551
1497	0.73700431
1501	0.65868364
1553	0.71374893
1554	0.74510927
1560	0.65728936
1581	0.75963922
1622	0.71892531
1672	0.69331499
1684	0.69117404
1718	0.70273140
1734	0.66466260
1763	0.68628847
1768	0.69223825
1840	0.77510089
1846	0.74176457
1865	0.76369041
1899	0.73949343
1930	0.71365324
1937	0.71192281
2052	0.61189980
2061	0.65196312
2082	0.68409605
2084	0.62993398
2137	0.77332551
2168	0.73495103
2193	0.74379004
2204	0.72964583
2213	0.67156586
2234	0.60448356
2280	0.69339927
2316	0.74412322
2319	0.68602040
2320	0.65415280
2357	0.70323672
2368	0.72702596
2382	0.63053644
2428	0.66564260
2475	0.64314260
2502	0.67518497
2512	0.60824434
2541	0.60014728
2548	0.74770218
2619	0.71904184
2660	0.60486852
2672	0.73976719
2680	0.62204006
2685	0.62750584
2695	0.65783422
2710	0.71212527
2714	0.61508811
2724	0.62523539
2776	0.65739734
2793	0.64203124
2795	0.65084490
2847	0.72460391
2897	0.61279839
2903	0.68954115
2924	0.68496304
2969	0.71972874
2975	0.62276417
2992	0.68323881
2999	0.59598585
3037	0.67382435
3075	0.68912148
3134	0.66816896
3378	0.64473503
3408	0.65942592
3420	0.58802177
3451	0.63517868
3466	0.62254462
3468	0.65591278
3515	0.63715433
3542	0.65950838
3548	0.69176018
3564	0.67660443
3619	0.60026449
3638	0.65699226
3647	0.58348158
3684	0.59214103
3694	0.62717308
3727	0.66574559
3744	0.63591395
3773	0.60448049
3818	0.68367187
3933	0.59840177
3949	0.66958714
3968	0.62622725
4058	0.71127719
4063	0.62969746
4214	0.62345083
4238	0.64147211
4247	0.60126574
4294	0.58187610
4316	0.60704301
4344	0.61034853
4349	0.59546792
4355	0.59783188
4364	0.59849645
4380	0.68147344
4386	0.62938835
4408	0.58852205
4452	0.63317775
4460	0.61333341
4481	0.60672963
4492	0.60353998
4505	0.60050794
4512	0.60259327
4515	0.61458577
4559	0.57726993
4583	0.60532797
4586	0.59152459
4618	0.61189101
4643	0.63949919
4662	0.60341116
4666	0.60166864
4723	0.59933120
4743	0.62972934
4757	0.64984172
4855	0.62474164
4914	0.61062120
4928	0.60843559
4961	0.58067227
247	0.83089794
445	0.83026336
456	0.67933281
521	0.82187126
707	0.78008666
772	0.77227703
890	0.80552459
1009	0.78562455
1329	0.69765389
1360	0.72389012
1601	0.72225159
1776	0.66632443
1817	0.67130593
2223	0.69454772
2270	0.65891628
2476	0.69544148
2496	0.62400060
2563	0.71719194
2871	0.60857521
3232	0.68354023
3461	0.67061350
3841	0.64946582
4204	0.59872422
4478	0.62109968
4739	0.60979891
71	0.82830645
86	0.83200218
92	0.81895123
93	0.82615466
122	0.83181741
156	0.82931943
162	0.83191886
202	0.82905953
205	0.82766743
264	0.83188553
276	0.78980713
298	0.83187420
312	0.77224115
354	0.82899113
408	0.82907997
409	0.79712745
419	0.82787102
440	0.83118029
476	0.83126114
489	0.81359226
497	0.72270286
505	0.80833325
532	0.73710838
536	0.82283136
550	0.79305844
563	0.77154551
581	0.82844712
713	0.80823378
731	0.77634607
745	0.81963309
759	0.78838714
844	0.71832487
893	0.77410959
912	0.79551137
958	0.81788613
979	0.81884260
993	0.79838227
1066	0.80482277
1139	0.76480173
1197	0.71051282
1198	0.80981028
1204	0.80365131
1298	0.77481765
1313	0.78941108
1333	0.71973414
1478	0.69317787
1557	0.74795409
1598	0.71381020
1647	0.71825897
1721	0.73715788
1782	0.69365187
1791	0.65567304
1804	0.67361995
1828	0.76765212
1860	0.70038384
1878	0.73377896
1879	0.78676675
1913	0.69596518
1953	0.76337699
1982	0.74181878
1994	0.72165135
1995	0.69575365
2005	0.62303229
2054	0.70955990
2127	0.64489113
2129	0.77692668
2148	0.77600673
2171	0.73404232
2177	0.66642938
2230	0.65365732
2374	0.66077553
2556	0.70820617
2688	0.63302870
2768	0.60222543
2807	0.73495728
2839	0.68881395
2840	0.65886489
2932	0.63207989
2935	0.71867082
2979	0.65920157
3006	0.71180218
3053	0.62365312
3106	0.64634772
3121	0.66395675
3189	0.64413748
3263	0.71494285
3284	0.65434639
3287	0.65525345
3339	0.66960677
3357	0.72959403
3407	0.66138275
3415	0.60304458
3449	0.70676425
3465	0.65712975
3714	0.61547638
3746	0.59939121
3793	0.65106691
3838	0.61720927
3899	0.61428295
4065	0.57562140
4105	0.67226348
4115	0.60599500
4161	0.62439383
4187	0.59675772
4263	0.63353104
4274	0.59950427
4284	0.61937122
4409	0.62908654
4611	0.61647150
4616	0.64184768
4630	0.61741902
4640	0.60930983
4682	0.61056647
4707	0.63809807
4726	0.59774381
4756	0.63917630
4796	0.60094877
4841	0.62441979
4846	0.61772531
4903	0.58561898
4919	0.59462426
39	0.83206211
87	0.82933079
110	0.83060931
127	0.83216167
164	0.83058984
217	0.83205083
275	0.83200955
398	0.79937445
464	0.79936163
559	0.82208360
582	0.80856610
675	0.74996888
687	0.79755320
801	0.76317622
964	0.68243833
1001	0.71756808
1073	0.77105647
1238	0.76728194
1268	0.72332906
1269	0.61717848
1293	0.80377162
1338	0.66770468
1352	0.80127582
1399	0.69938372
1762	0.76174530
1853	0.73681221
1952	0.72213781
2029	0.77767070
2101	0.71928360
2141	0.65648077
2324	0.71690097
2332	0.65933144
2347	0.62929847
2372	0.68332398
2384	0.67068073
2385	0.65824853
2386	0.76282209
2508	0.63374942
2612	0.67165514
2664	0.60060645
2715	0.65636945
3094	0.63014514
3235	0.62627952
3237	0.63010069
3387	0.60773930
3423	0.63987400
3544	0.61226848
3690	0.67370008
3885	0.68275627
4491	0.59633869
4782	0.60424470
124	0.82306638
180	0.82700230
189	0.83138988
210	0.83084688
268	0.78686582
287	0.80149653
299	0.82132499
313	0.82654482
330	0.83153333
355	0.77350588
357	0.82997836
377	0.72436328
394	0.81876219
422	0.82303615
427	0.70928714
484	0.70466626
486	0.81569182
496	0.76282773
498	0.81983305
534	0.78203571
606	0.80544756
614	0.82300955
743	0.72419641
746	0.82715691
768	0.69882620
779	0.81030016
795	0.69963208
818	0.73770532
820	0.81279004
829	0.79540548
848	0.79054696
865	0.70796332
872	0.76283144
891	0.78755530
959	0.77852132
965	0.66585691
976	0.70273720
1019	0.63473684
1128	0.78043583
1171	0.81198460
1172	0.74725877
1188	0.78656296
1279	0.68588190
1295	0.81421391
1364	0.73912572
1421	0.74060488
1438	0.80497888
1727	0.69196292
1882	0.71829633
1914	0.72162455
1922	0.73754244
1978	0.74084809
2056	0.67326900
2059	0.68888690
2133	0.74702979
2138	0.66951786
2165	0.73748287
2235	0.78118114
2284	0.72003636
2285	0.66730085
2296	0.68960242
2313	0.68362559
2367	0.76305574
2405	0.65849407
2410	0.68124079
2445	0.61718626
2492	0.66437050
2520	0.65845413
2550	0.67437118
2564	0.65767021
2707	0.76153402
2738	0.63757880
2809	0.61164204
2835	0.68268206
2837	0.62497223
2907	0.65123438
2908	0.74169363
2917	0.62504031
2964	0.64208041
2980	0.70260141
3133	0.61728388
3138	0.66088879
3203	0.65957424
3209	0.64006719
3265	0.62143845
3402	0.71464196
3424	0.65068557
3715	0.62496945
3761	0.63220814
4012	0.64413672
4121	0.68940564
4129	0.66023430
4133	0.68809919
4139	0.59665550
4234	0.63011487
4332	0.67876933
4395	0.64999851
4403	0.61056296
4495	0.57569984
4500	0.60756385
4503	0.58705925
4570	0.62134039
4572	0.61723216
4708	0.60704248
4822	0.60039641
4836	0.64960048
4882	0.57750298
4889	0.62572805
126	0.83137046
128	0.83191749
285	0.75443313
326	0.83088686
352	0.82855163
364	0.82515175
370	0.82904547
376	0.82878879
392	0.81169456
393	0.78290347
407	0.79634555
488	0.82418710
500	0.81717098
517	0.82904853
522	0.81790339
524	0.83136888
542	0.82486731
578	0.79498952
612	0.82804696
634	0.68772245
664	0.79527267
734	0.81715155
782	0.74963079
816	0.78211628
877	0.76414131
888	0.78143474
978	0.77496534
1022	0.79372547
1057	0.74111471
1070	0.81792201
1082	0.74326195
1208	0.81158658
1282	0.75013091
1328	0.80973067
1340	0.76934555
1407	0.76717912
1433	0.78781915
1458	0.68346082
1495	0.63869234
1517	0.62842293
1563	0.77994168
1567	0.74387884
1676	0.70359641
1688	0.71475058
1697	0.69499222
1703	0.67616308
1740	0.76620528
1833	0.74716066
1862	0.68506106
1968	0.65730887
1999	0.73412056
2003	0.68711773
2014	0.65376223
2076	0.73993817
2093	0.70320681
2109	0.73197755
2179	0.76830762
2207	0.60393873
2226	0.68576586
2248	0.63589710
2329	0.69134127
2361	0.70364917
2481	0.69287533
2506	0.75489436
2510	0.62411935
2521	0.67408956
2527	0.64037102
2530	0.61824998
2561	0.62035744
2562	0.69139742
2613	0.66953229
2659	0.62559254
2760	0.69708468
2856	0.70273744
3034	0.71309081
3058	0.61809750
3113	0.68329714
3131	0.58789069
3319	0.70771620
3338	0.68040310
3373	0.68302156
3397	0.60002277
3469	0.71030210
3554	0.61057755
3603	0.62070250
3814	0.63990149
3868	0.60117565
3888	0.59831471
3903	0.62696582
3927	0.59301108
4136	0.62628146
4175	0.65142664
4365	0.59265929
4517	0.61581898
4541	0.58640359
4690	0.65023837
4825	0.58668424
4845	0.58929440
4861	0.63653458
97	0.78539069
107	0.83209017
137	0.82727211
160	0.83036727
181	0.83177703
263	0.83170637
274	0.81521560
342	0.79232443
379	0.82909524
404	0.73936614
470	0.82875462
867	0.79965784
933	0.78541564
1215	0.77576409
1300	0.76055740
1304	0.75374067
1318	0.69748114
1323	0.72652334
1336	0.75212886
1386	0.71469178
1430	0.69745345
1431	0.77252318
1442	0.77332648
1523	0.71777166
1596	0.71811439
1625	0.72388775
1772	0.74903942
1887	0.77468884
1926	0.65299561
2010	0.76127388
2013	0.73461749
2033	0.71071878
2402	0.67974333
2418	0.66968944
2579	0.75376667
2588	0.71025377
2618	0.69107428
2692	0.69760387
2755	0.61660802
2855	0.65023120
2916	0.65958646
2946	0.65392217
2948	0.61130169
3005	0.70606743
3031	0.60792846
3045	0.62113091
3069	0.61555913
3416	0.59310911
3417	0.59654534
3510	0.62116651
3563	0.68897247
3636	0.63381576
3809	0.59396433
3864	0.63458839
3924	0.61568714
3998	0.60751278
4003	0.59488299
4006	0.70780105
4008	0.63095538
4197	0.61527299
4298	0.57124228
4375	0.60138609
4427	0.61683446
4448	0.63528162
4494	0.59336022
4591	0.62638642
4803	0.61402580
4805	0.60158553
4913	0.61964091
119	0.83192938
265	0.82806453
317	0.82995550
343	0.72787686
344	0.83019674
387	0.82901358
416	0.79689992
437	0.80944841
473	0.81342035
541	0.76394277
652	0.75849444
686	0.76256264
694	0.82388783
704	0.82556687
712	0.81644091
725	0.81132249
807	0.75280363
810	0.81800798
834	0.77786578
862	0.81558988
880	0.74376445
919	0.71486304
941	0.65945179
970	0.78910347
990	0.68898106
994	0.77484353
1086	0.77362854
1118	0.75695707
1124	0.82133873
1145	0.74340798
1241	0.79934015
1246	0.81304506
1278	0.77756042
1311	0.76330891
1420	0.65020109
1695	0.68581048
1735	0.71995300
1963	0.75848049
1973	0.76956268
2265	0.74929319
2271	0.70005998
2301	0.68391544
2408	0.69862737
2473	0.65760822
2651	0.65605937
2678	0.68208871
2947	0.61380641
2956	0.65162221
2986	0.65146429
3009	0.61693100
3096	0.64090548
3345	0.68863865
3377	0.61080544
3431	0.60574619
3591	0.62117320
3592	0.68287037
3719	0.59157525
3729	0.66093849
3875	0.63196050
4088	0.59169037
4641	0.62974123
4810	0.58568670
4828	0.62311898
4870	0.60414494
4933	0.59379718
4941	0.60229363
198	0.83060717
235	0.73975445
454	0.82858803
555	0.82789097
603	0.81424865
631	0.81944676
677	0.79075365
838	0.77423938
879	0.75864087
899	0.74859077
982	0.74970298
986	0.77902455
1020	0.63532229
1047	0.77487844
1081	0.80762362
1133	0.75390137
1219	0.76517247
1277	0.74610121
1283	0.77394127
1370	0.79907005
1412	0.74058622
1425	0.78819960
1464	0.78065582
1485	0.78162987
1524	0.72133358
1594	0.69515530
1706	0.68748694
1798	0.69831524
1800	0.72000762
1829	0.73620048
1932	0.69373297
2068	0.69624817
2163	0.69449391
2205	0.64018259
2206	0.75191129
2221	0.70266953
2273	0.74454946
2543	0.75226880
2647	0.68728368
2852	0.63060730
2883	0.71103744
2913	0.64831604
2944	0.57828976
2984	0.61345655
3019	0.67817416
3098	0.64002414
3191	0.61687441
3309	0.62334446
3695	0.62250210
3708	0.62386187
3755	0.61856127
3804	0.73248436
3812	0.65444385
3824	0.60721020
3873	0.66301229
3914	0.60615441
3958	0.62231709
4336	0.61143926
4374	0.62823184
4383	0.66589416
4392	0.62524841
4400	0.58628751
4461	0.59460875
4470	0.60611906
4506	0.59970419
4601	0.62006219
4852	0.60062406
74	0.83204720
98	0.83199258
118	0.83200645
141	0.83127759
187	0.83104236
194	0.83142608
383	0.80558130
463	0.80278682
475	0.79737997
493	0.82663474
592	0.82893096
615	0.78768287
623	0.82689936
639	0.75568476
859	0.81307203
897	0.80220875
931	0.78824107
967	0.78906038
1028	0.80298440
1079	0.73223873
1168	0.75903071
1341	0.72883458
1494	0.71743007
1516	0.70299807
1654	0.62097316
1682	0.62511141
1725	0.71515748
1905	0.78200419
2169	0.72955075
2227	0.68005220
2233	0.63674942
2376	0.67016272
2457	0.65662285
2662	0.70566775
2691	0.66497686
2721	0.66555034
2828	0.65688686
2830	0.72351673
2931	0.62048364
2996	0.69635885
3042	0.63942124
3141	0.66475893
3374	0.60169887
3623	0.66479758
3693	0.62838372
3732	0.64046078
3816	0.62552987
4198	0.60690742
4253	0.62171447
4341	0.65715445
4396	0.62061407
4531	0.62257142
4683	0.63315550
4725	0.61549129
4772	0.62409581
4912	0.57879855
303	0.82954651
349	0.81318311
363	0.81988968
451	0.80775740
477	0.82338214
490	0.80392173
758	0.82033285
861	0.76212559
1063	0.82307932
1102	0.72456804
1286	0.79391350
1383	0.75863805
1447	0.63967134
1583	0.72096767
1584	0.69024289
1634	0.74614555
1884	0.77518085
2140	0.70243853
2203	0.73575957
2212	0.69486409
2439	0.69401020
2594	0.71071177
2757	0.70016106
2953	0.66035268
3013	0.61465498
3324	0.65908388
3578	0.64389254
3789	0.64016187
4267	0.58570971
4333	0.60272064
4523	0.61591076
4530	0.62304019
4746	0.61560105
4770	0.60936163
4895	0.61044510
152	0.83113857
200	0.82950790
216	0.83179101
238	0.82975719
280	0.74476953
300	0.81593781
385	0.81959109
410	0.79825844
452	0.75032692
472	0.82709234
491	0.76282914
519	0.81826445
593	0.78002987
667	0.81887848
680	0.82685603
702	0.66729964
714	0.82591016
747	0.79830125
755	0.81328831
811	0.80724353
963	0.72281447
1068	0.64886106
1227	0.79255490
1289	0.76457308
1358	0.69931600
1382	0.69081624
1397	0.76060633
1449	0.65326050
1507	0.66518622
1592	0.74985393
1645	0.78990988
1897	0.62250971
1964	0.75442491
1998	0.61479839
2099	0.75570447
2149	0.70250177
2196	0.65679222
2440	0.60837328
2547	0.61972588
2597	0.65186393
2627	0.60542688
2640	0.62382531
2748	0.71571705
2796	0.65899581
2957	0.62248960
2985	0.69662064
2987	0.67857457
3032	0.62163124
3281	0.62806264
3549	0.64017940
3654	0.63331435
3955	0.62968896
4081	0.61142539
4132	0.60961330
4148	0.65494087
4206	0.59776308
4233	0.62271221
4330	0.66208537
4372	0.57409621
4536	0.62547227
4578	0.59422580
4626	0.63502600
4710	0.62834627
4760	0.60221995
4906	0.58328009
106	0.83178327
115	0.83217098
166	0.81762140
218	0.82168416
225	0.82337541
230	0.82575026
328	0.73301794
336	0.82761886
395	0.81867485
543	0.75892471
645	0.82684216
717	0.81820701
802	0.80613732
815	0.74700161
898	0.72416977
956	0.76565792
999	0.82227565
1052	0.72152358
1111	0.78933216
1228	0.74587791
1314	0.80674954
1435	0.73229146
1456	0.76809452
1466	0.78957852
1612	0.71869339
1644	0.68051310
1961	0.71924938
2305	0.69937384
2425	0.71985917
2614	0.67314047
2754	0.61124776
2815	0.65442971
2885	0.71324611
2989	0.67399871
3073	0.65031193
3089	0.68365816
3362	0.61535873
3625	0.59133519
3777	0.60700012
4047	0.61131576
4192	0.69319589
4271	0.60269899
4542	0.60300387
134	0.83017574
135	0.76665115
185	0.82663684
269	0.80751274
302	0.83174494
332	0.83070480
446	0.78913507
530	0.75112217
538	0.82394414
594	0.82551475
685	0.79811898
796	0.82984389
904	0.81437356
929	0.79224180
983	0.78442555
984	0.69503704
1099	0.77704228
1122	0.77210778
1396	0.76927255
1476	0.76825965
1552	0.79784377
1574	0.72655776
1673	0.76719589
1716	0.75400609
1789	0.68613579
1831	0.62345490
1902	0.65186896
2238	0.70902664
2294	0.69131294
2460	0.67083962
2560	0.71590782
2572	0.68619089
2641	0.68260798
2876	0.62450060
3021	0.73702862
3228	0.62519012
3251	0.65696695
3533	0.69008686
3587	0.63359472
3608	0.68857445
3669	0.61544563
3670	0.60335728
3711	0.62228863
3728	0.64267106
3921	0.61391911
3969	0.65550085
4016	0.63726268
4049	0.61295050
4093	0.68782132
4095	0.67414111
4158	0.60876981
4282	0.62513934
4297	0.56664176
4419	0.61859472
4472	0.58103829
4520	0.61722310
4674	0.59491233
4745	0.59947662
4779	0.59261302
4811	0.60102374
242	0.83157138
396	0.75924067
560	0.78106018
850	0.81598605
860	0.77562499
1097	0.77486465
1297	0.78603849
1417	0.77070597
1518	0.70436892
1811	0.66292737
1869	0.71151834
3144	0.61173289
4071	0.64766925
4241	0.59838307
4276	0.62555433
4281	0.61608356
4602	0.58597884
321	0.82770391
529	0.82437352
663	0.76459702
710	0.78914611
809	0.70788932
927	0.79818360
1042	0.69580423
1157	0.68512386
1473	0.71861286
1739	0.75456594
1754	0.72818916
2256	0.68591173
2842	0.69547348
3016	0.71052148
3151	0.67102660
3202	0.60644256
3830	0.59894430
4033	0.64333495
4155	0.60927380
4213	0.57754196
4216	0.61988904
4343	0.62723547
4595	0.63209553
4839	0.59527549
4858	0.61032967
296	0.83037541
462	0.76896917
601	0.74901520
605	0.82737215
621	0.79680794
806	0.76503918
828	0.80301806
870	0.76968783
905	0.80913732
910	0.77129798
1046	0.81206538
1056	0.81713180
1254	0.73233104
1274	0.62799246
1365	0.76633136
1429	0.72862648
1504	0.62320770
1639	0.78170685
1818	0.67640758
1843	0.78718674
1857	0.72922257
1981	0.73209936
2034	0.67819613
2219	0.74875740
2504	0.64300064
2742	0.66810971
2762	0.66800556
2770	0.68977876
2783	0.64061874
2800	0.65923519
2922	0.65785006
2934	0.70954301
3213	0.70723793
3236	0.70928279
3298	0.68233813
3316	0.62730992
3403	0.64764514
3509	0.60335957
3552	0.61689690
3722	0.64706159
3739	0.69472439
3829	0.64906429
3858	0.65608742
3865	0.60044152
3931	0.66907021
4034	0.58985736
4210	0.59713805
4306	0.60605792
4377	0.60333720
4378	0.62244240
4443	0.60960544
4910	0.58501745
4931	0.55996239
76	0.82959923
154	0.83193031
248	0.83011661
494	0.81150613
511	0.78561624
562	0.81592374
813	0.77043898
1076	0.82265889
1253	0.78737795
1484	0.73314139
1743	0.69303942
1797	0.66255264
1956	0.67990967
2083	0.67052402
2115	0.65424434
2468	0.79142805
2643	0.61696997
2879	0.60675969
2886	0.70472306
2918	0.64289137
3064	0.66775268
3116	0.59834756
3163	0.62498227
3295	0.58784780
3698	0.62334962
3730	0.63173438
4194	0.63550391
4203	0.62200069
4270	0.62481008
4329	0.58467811
4366	0.58667775
4464	0.64085308
4508	0.61075296
4658	0.61096018
4761	0.60487993
4809	0.60864522
257	0.81279021
290	0.83196090
480	0.82717283
523	0.82128827
728	0.75714228
858	0.79353462
948	0.69809960
1032	0.68386699
1404	0.65298335
2080	0.68835570
2092	0.70885578
2176	0.70733656
2209	0.70931681
2400	0.74109653
2555	0.69232023
2626	0.74637493
2723	0.62467602
2818	0.71513696
2926	0.69038432
3152	0.65901503
3253	0.67958444
3293	0.65727481
3379	0.63323583
3602	0.59796844
3634	0.61951431
3644	0.62869573
4073	0.61041894
4137	0.61600407
4150	0.59267767
4418	0.60051225
4445	0.66203043
4780	0.59517868
4785	0.56770597
111	0.82843184
155	0.83153728
375	0.83026336
414	0.82238956
478	0.83125603
499	0.80802447
515	0.82862672
564	0.81628541
656	0.82714462
683	0.77577150
997	0.81261221
1123	0.76388259
1191	0.75164929
1216	0.74231636
1235	0.79016272
1416	0.74424260
1453	0.74255921
1510	0.70600395
1683	0.76488263
1700	0.73213386
1808	0.77148154
1813	0.66931217
1912	0.60494772
1971	0.77353003
2142	0.72996235
2328	0.69369049
2586	0.66459948
2602	0.62876792
2639	0.60931882
2761	0.67544913
2794	0.63038360
2873	0.70693869
3070	0.70133805
3364	0.69092011
3369	0.74055357
3718	0.66292350
3851	0.65083426
3988	0.61774732
4367	0.65480073
4412	0.59274897
4425	0.63641399
4750	0.62591399
366	0.82196558
909	0.82326880
1500	0.68715558
2950	0.65273321
2983	0.65703624
3010	0.71022467
3097	0.62105228
3275	0.64260331
3764	0.66967614
3923	0.63410979
4435	0.59810762
4681	0.62222044
256	0.78316385
267	0.80591475
307	0.80445437
625	0.77141032
666	0.82472213
733	0.79292608
1595	0.66105393
1636	0.80223511
1687	0.74894784
1698	0.73294285
1823	0.69581217
1985	0.68302124
2020	0.69607807
2578	0.64737888
2605	0.69658827
2630	0.61608823
2709	0.70780532
2756	0.61682954
3201	0.70819589
3212	0.60419952
3342	0.67174293
3436	0.63279008
3642	0.64558102
3688	0.61814805
3689	0.63927400
3802	0.63864603
3857	0.62179004
3916	0.60853188
4099	0.60772455
4116	0.58075119
4165	0.67172455
4167	0.57924119
4173	0.65816324
4209	0.68994252
4402	0.60888738
4480	0.61590568
4636	0.60911258
4918	0.59915062
4926	0.57652471
4947	0.62101193
373	0.80424329
438	0.82977920
738	0.79463176
749	0.80418448
830	0.71877304
1000	0.75854156
1093	0.69711064
1423	0.72252213
1586	0.74275163
1657	0.78342934
2004	0.62141435
2308	0.77256304
2339	0.66358045
2453	0.65310133
2493	0.72520451
2670	0.64805647
2823	0.68175316
2951	0.71053954
3091	0.62180846
3162	0.61642753
3180	0.65768138
3385	0.66088541
3474	0.60323660
3532	0.68895917
3950	0.58827674
4878	0.62073462
207	0.78514547
401	0.81144643
413	0.82988408
638	0.76902902
640	0.82401000
669	0.83010455
1054	0.75224164
1245	0.69219166
1332	0.62965034
1419	0.75272023
2000	0.68956514
2008	0.72084103
2028	0.62028771
2067	0.72585300
2128	0.73527199
2145	0.62649311
2375	0.68505776
2437	0.65923527
2601	0.73274365
2928	0.64523406
2954	0.61985937
3003	0.68404353
3041	0.67977054
3205	0.61464571
3511	0.60305570
3541	0.65584264
3848	0.60139891
3999	0.62913628
4264	0.55923982
4862	0.61925151
311	0.76363273
358	0.80281898
439	0.82768968
537	0.77835183
622	0.79128424
718	0.82848549
727	0.73361439
846	0.72106848
851	0.81498549
864	0.79841241
906	0.81236647
1016	0.79263075
1041	0.79538468
1062	0.79563817
1140	0.65536038
1194	0.80547606
1229	0.73645022
1260	0.79195530
1337	0.76497807
1388	0.70175474
1400	0.70996441
1402	0.69253426
1566	0.64925324
1578	0.80421923
1671	0.75684599
1694	0.76542040
1701	0.72136143
1717	0.76308952
1830	0.65629936
1880	0.72448658
1886	0.78290629
2051	0.73924430
2122	0.72126856
2195	0.67986804
2335	0.60379323
2409	0.69367150
2450	0.68977868
2644	0.64508231
2712	0.62268029
2717	0.61008194
2939	0.71461753
3078	0.65457183
3206	0.68616260
3240	0.62813761
3325	0.65861391
3490	0.63601709
3629	0.63962793
3709	0.70179577
3826	0.66234188
3944	0.67199113
4092	0.61129456
4096	0.61946227
4117	0.63578275
4149	0.66414643
4193	0.60101624
4257	0.59529545
4351	0.58467803
4459	0.61989379
4469	0.64935599
4518	0.60452721
4581	0.63949960
4753	0.61711225
4808	0.60788541
148	0.81918347
273	0.83145546
283	0.81503507
514	0.80269202
580	0.81909577
590	0.78551326
624	0.82960447
650	0.79686937
896	0.81982249
1071	0.68473877
1200	0.78165361
1276	0.78392128
1307	0.76454043
1362	0.68102680
1372	0.78006380
1375	0.78573785
1481	0.70731596
1559	0.79511669
1565	0.74127751
1621	0.74584152
1656	0.77876223
1711	0.71579577
1773	0.66736405
2104	0.71860282
2245	0.70561902
2318	0.66362519
2526	0.70884160
2853	0.61975881
3120	0.60337763
3156	0.60973055
3166	0.68514881
3259	0.63309887
3307	0.61209718
3323	0.62592056
3375	0.63132310
3555	0.62617170
3704	0.60447404
3946	0.60850677
4110	0.61329831
4219	0.63233934
4305	0.61548807
4617	0.60998315
4623	0.62382809
4664	0.59981326
4693	0.58202842
4695	0.63532443
4699	0.58746453
4700	0.60091064
4719	0.61900399
4875	0.59187989
469	0.77705522
548	0.82800371
584	0.78362592
591	0.77705651
672	0.81641673
775	0.71270979
826	0.72018315
840	0.80343877
894	0.76580730
900	0.72610343
975	0.71288948
1004	0.77375857
1037	0.74568859
1085	0.75874559
1181	0.74704418
1354	0.69008472
1391	0.63670105
1522	0.78094889
1623	0.72138247
1920	0.75947832
2044	0.69584478
2062	0.74925574
2144	0.72368819
2244	0.65561713
2344	0.75342563
2537	0.69194978
2545	0.66647541
2718	0.66094938
3217	0.70765756
3276	0.59813402
3393	0.70305562
3483	0.70484228
3534	0.61413378
3551	0.59124567
3593	0.60184156
3616	0.60645683
3626	0.60533720
3765	0.62151028
3870	0.60872181
3937	0.64578521
3977	0.67549686
3986	0.62916634
4031	0.60755546
4120	0.66280480
4156	0.63791608
4164	0.61230758
4169	0.65524272
4178	0.64808912
4196	0.61768202
4291	0.61031048
4397	0.64688247
4576	0.62487404
4607	0.61706119
4899	0.56619649
175	0.83213007
190	0.83199101
236	0.73277082
279	0.83101911
411	0.77223075
428	0.79367295
449	0.73026465
507	0.81969121
604	0.81735736
769	0.76858513
823	0.75440459
1166	0.78197799
1264	0.81103692
1356	0.74495046
1426	0.67286344
1756	0.72400794
1851	0.69054760
1873	0.66416481
2017	0.72651088
2111	0.73819581
2191	0.70909794
2677	0.61418501
2700	0.70616421
2799	0.72325486
2968	0.61057046
3056	0.68723986
3080	0.62452306
3112	0.66667703
3273	0.62961741
3383	0.65190939
3547	0.63613958
3691	0.65266522
3884	0.58886308
4028	0.60832874
4171	0.69072854
4289	0.64699395
4434	0.60375877
805	0.80354966
953	0.74558549
1034	0.74205224
1263	0.74695703
1745	0.79326058
2474	0.67408662
2511	0.62151628
2832	0.70514696
3425	0.64766465
3453	0.68925570
4250	0.59817936
4325	0.60251249
4422	0.66028714
4549	0.57314111
4704	0.60372435
4775	0.61107102
2628	0.67165212
2797	0.61946868
3192	0.61480613
3462	0.61025619
3508	0.60708593
4943	0.58868658
314	0.82113539
735	0.76207481
753	0.77158646
991	0.81701931
1120	0.77829274
2164	0.62429246
2194	0.73941362
2417	0.75051773
2422	0.76778682
2463	0.66862858
2860	0.66586864
3256	0.63001991
3682	0.63303535
3752	0.67406792
3834	0.62450395
3869	0.65346195
4456	0.64642007
4625	0.59589512
391	0.82342245
492	0.73977384
760	0.77041145
1017	0.78255534
1251	0.78459391
1575	0.72832023
1666	0.71686014
2118	0.59915719
2255	0.62045474
2373	0.65695703
2730	0.67685635
2836	0.66330375
3027	0.66248678
3859	0.67588335
4279	0.63365345
4499	0.65614921
4585	0.60204893
4960	0.58389198
291	0.83207428
442	0.82349274
460	0.82359214
547	0.73280274
1010	0.78547896
1109	0.77988432
1119	0.73155526
1281	0.80949033
1702	0.69231677
1820	0.71186663
1822	0.70961334
1827	0.70244240
1888	0.79742306
2022	0.65220121
2346	0.65092084
2389	0.71628771
2397	0.64575635
2522	0.62273531
2589	0.69748017
2598	0.62559258
2653	0.67815502
2841	0.74949109
2927	0.68422737
2952	0.62027070
3059	0.59950371
3346	0.64211016
3500	0.69465981
3504	0.67140020
3539	0.59905510
3540	0.60698089
3605	0.63980431
3668	0.64878001
3887	0.67070625
3945	0.61875675
4410	0.61578368
4501	0.59794127
4737	0.60424095
4784	0.56568565
4909	0.60788037
4929	0.63150947
75	0.83147219
214	0.81482015
378	0.78550447
533	0.79670214
637	0.75821451
682	0.80102604
716	0.82223325
748	0.82078235
777	0.82722701
797	0.77295905
903	0.69989734
1104	0.80055659
1141	0.77671185
1170	0.68734817
1211	0.67961520
1451	0.70118783
1460	0.76362297
1532	0.77137404
1604	0.72982132
1824	0.69251830
1832	0.62989081
2065	0.76427614
2162	0.66203418
2478	0.68049456
2609	0.64909770
3291	0.68556546
3589	0.67862253
3780	0.62954272
3893	0.58581782
4201	0.65088493
4691	0.62557287
4939	0.63384776
535	0.78574833
595	0.82958767
599	0.82274083
619	0.80754111
627	0.80021064
1101	0.71775586
1252	0.67447586
1406	0.78298339
1440	0.76741979
1477	0.73460459
1491	0.69310173
1670	0.71975691
1723	0.68534075
1984	0.71067275
2224	0.61720322
2334	0.68322322
2470	0.70779117
2690	0.68815816
2877	0.70231818
2963	0.67748053
3181	0.64898718
3439	0.61458710
3498	0.67470548
3656	0.64677263
3784	0.61657227
4126	0.58855228
4140	0.59583200
4224	0.59761254
4543	0.57511846
368	0.79010383
433	0.78040818
513	0.82641846
647	0.80141048
843	0.76240500
936	0.79610540
1100	0.76836550
1142	0.77707896
1176	0.75660641
1186	0.71956296
1390	0.80814696
1685	0.72969923
1919	0.77533055
1969	0.69818307
2026	0.69958412
2174	0.64415470
2438	0.70689581
2844	0.61879508
3671	0.59051459
3957	0.65569553
4037	0.64174176
4189	0.61237283
4401	0.62234958
4458	0.62337827
157	0.83022600
319	0.81315715
774	0.78322483
1087	0.81322173
1256	0.74110359
2063	0.69020637
2186	0.65856989
2600	0.62995179
2696	0.65004075
2819	0.71584825
2902	0.63955167
4025	0.58543091
360	0.82988956
876	0.71829782
1257	0.74900653
1303	0.77402979
1918	0.72273474
2072	0.65444043
2200	0.62016235
2290	0.71367545
2583	0.65422680
2617	0.61837489
2623	0.68733164
3756	0.61121443
3766	0.60013954
4385	0.60872495
780	0.79676191
1642	0.62599226
2343	0.72928529
2725	0.72797384
3456	0.64416590
4579	0.60946949
206	0.83211919
371	0.82305933
700	0.79101745
783	0.81540641
882	0.81956844
1217	0.79461959
1351	0.70763071
1577	0.69419234
1589	0.68969843
1602	0.72682934
1605	0.81988585
1606	0.69352882
1960	0.77119121
1972	0.76445711
2046	0.70894603
2123	0.78726098
2134	0.71521383
2452	0.72174599
2657	0.65367791
2716	0.67567606
2733	0.67039258
3124	0.62933438
3167	0.73323108
3222	0.69746239
3409	0.62603378
3495	0.68125232
3506	0.60428972
3568	0.68905103
3574	0.65176348
3703	0.62644341
3768	0.60471608
3892	0.65038928
3990	0.63615667
4551	0.61915554
4573	0.61061270
4590	0.68344764
4665	0.60344119
4911	0.60429811
1199	0.67637618
1271	0.77580802
2077	0.70656260
2559	0.71542402
3817	0.61716288
4431	0.58435925
4833	0.57404216
421	0.79344164
1324	0.72801818
1775	0.71735042
1803	0.62206634
1987	0.78939528
2066	0.72911245
2369	0.68876320
2786	0.68329109
2925	0.69157195
3497	0.70913208
3813	0.60649460
3973	0.60495965
4312	0.63369363
4345	0.61321737
4387	0.59653660
4874	0.60946836
308	0.82787054
381	0.82030258
778	0.80997420
998	0.79966465
1048	0.77201374
1161	0.77662713
1236	0.73768686
1487	0.69559146
1539	0.77354821
2009	0.76071431
2469	0.64638533
2906	0.69156723
2995	0.73526360
3267	0.69458360
3337	0.62000738
3441	0.70660464
3575	0.68956542
3627	0.60578061
4094	0.61795723
4180	0.67996385
4182	0.62605949
4243	0.60027815
129	0.83168017
226	0.82717904
254	0.78737247
259	0.82065546
531	0.82901455
618	0.79389170
629	0.69815663
954	0.81130379
1007	0.73601383
1024	0.67090427
1147	0.79065232
1247	0.79026989
1270	0.71566026
1345	0.77272825
1369	0.78333873
1374	0.72175957
1439	0.62646796
1459	0.68829379
1521	0.71824091
1537	0.70675046
1541	0.80184680
1546	0.70896514
1607	0.74897122
1633	0.70465155
1748	0.64724244
1837	0.62531653
2032	0.73937166
2103	0.66003974
2172	0.78197699
2250	0.61145788
2278	0.66429468
2340	0.67326509
2342	0.76317521
2467	0.71197811
2501	0.70781649
2509	0.63464248
2599	0.62176058
2684	0.61731862
2737	0.70563551
3099	0.62217376
3127	0.60958879
3239	0.70080326
3312	0.60841334
3367	0.67915280
3368	0.68068186
3422	0.63218005
3527	0.62651983
3543	0.60696622
3569	0.63674800
3580	0.65434651
3618	0.60712346
3676	0.64831008
3828	0.61008726
3905	0.61989351
4021	0.59352858
4032	0.59437074
4202	0.59147932
4266	0.61382072
4398	0.58728335
4635	0.61470669
4741	0.60782975
4925	0.61643285
171	0.83187227
458	0.82257977
620	0.79219887
740	0.79394728
761	0.73239254
852	0.79868662
871	0.69259033
1044	0.74943914
1060	0.82252040
1163	0.65673748
1250	0.70025857
1488	0.62913341
1651	0.79159730
2432	0.71132668
2577	0.62713954
2649	0.65252281
2679	0.68181225
2772	0.67152168
2923	0.74989899
3054	0.64669416
3321	0.61631906
3492	0.70633563
3561	0.67011370
3570	0.67701669
3740	0.64803785
3800	0.60229214
4220	0.61200109
4705	0.65055538
853	0.74793624
886	0.83145010
908	0.78732777
1261	0.80240488
1262	0.79924381
1287	0.81884849
1472	0.69573777
1519	0.78773204
1847	0.77466393
2854	0.66098299
2991	0.66052696
3087	0.70192967
3119	0.64927864
3140	0.69134551
3244	0.65505079
3311	0.61727364
3850	0.64256183
4251	0.64284994
4634	0.63364385
4786	0.58365566
2824	0.61253067
4871	0.60604877
2121	0.72860915
2515	0.76657670
2945	0.67215264
3438	0.64952140
4154	0.61801778
4866	0.61514998
1344	0.75054474
1379	0.73676163
1469	0.76704555
1758	0.74187126
1799	0.78445038
2365	0.62760343
2629	0.66529355
3361	0.62290044
3428	0.65896143
4724	0.60153918
402	0.76780306
1002	0.77132967
1136	0.63293301
1422	0.76028069
1548	0.66526864
1649	0.74492946
2019	0.68910250
2403	0.73596566
2442	0.68873724
2459	0.67667924
2661	0.59841415
2821	0.64995840
3199	0.62548706
3248	0.64992471
3371	0.64380431
3473	0.63546070
3772	0.62546397
3894	0.59415437
4128	0.64741790
4717	0.61531886
425	0.82141927
688	0.79275079
744	0.80431669
791	0.70130024
1225	0.66978863
1380	0.78057199
2089	0.68976280
2189	0.62157565
2237	0.59692422
2426	0.76397767
2491	0.68222890
2498	0.69366034
2587	0.67448960
2988	0.71707328
2994	0.59567304
3071	0.67881532
3130	0.71652914
3763	0.62944002
3783	0.60041354
3794	0.65427811
3867	0.59355671
4229	0.62442870
4424	0.60198182
4548	0.62906759
4569	0.62901955
4901	0.59822854
441	0.78046300
821	0.80326272
1408	0.75776308
1894	0.66015143
2042	0.65491205
2216	0.76688521
2254	0.68339137
2336	0.70949524
2436	0.72116945
3184	0.67210766
3840	0.65340774
715	0.80525409
799	0.81534256
972	0.72734853
1130	0.77868202
1203	0.75291060
1509	0.66682620
1784	0.69279137
1892	0.67963104
1931	0.66016058
2232	0.72043809
2358	0.73431048
2395	0.73153736
2488	0.67905474
2625	0.73877807
2673	0.63696707
2784	0.75226969
3052	0.62267525
3158	0.64217489
3286	0.65768251
3662	0.65777332
3679	0.64379694
3900	0.59899266
4468	0.59771399
4490	0.65073636
4628	0.60928775
544	0.78731584
1629	0.75533990
2087	0.63865316
2153	0.69264603
2154	0.64093136
2247	0.71480016
2798	0.68772834
3391	0.67675143
3557	0.64102185
4162	0.60870193
4413	0.61157956
483	0.71876002
1883	0.62574946
2390	0.68199375
2804	0.64969520
3336	0.61321217
231	0.83181794
1536	0.72453611
1637	0.80347009
2178	0.71672100
2955	0.65192813
3012	0.68146723
3478	0.60148734
4615	0.57812289
4790	0.61457670
4823	0.59348480
1334	0.78305639
1361	0.62176630
1428	0.64986884
1720	0.80058948
1761	0.74110641
1825	0.73856780
1917	0.70216223
2175	0.65921459
2185	0.69747505
2246	0.67386409
2394	0.74344970
2531	0.69759395
2747	0.60168581
3018	0.70644800
3036	0.66317344
3211	0.70238960
3313	0.61163426
3437	0.68339746
3452	0.64723204
3650	0.63219520
3758	0.71250447
3882	0.65049964
3895	0.69565413
4002	0.59073108
4278	0.63867803
4318	0.60315171
4639	0.60052898
4735	0.59364277
4813	0.61298920
4837	0.59796175
4838	0.59396385
4953	0.57892551
241	0.83191669
347	0.81181911
527	0.77669025
679	0.79053124
1021	0.67223571
1760	0.75648601
1816	0.75536320
2435	0.73899202
2645	0.64454164
2767	0.68523648
2998	0.70516606
3405	0.60248331
3459	0.68200927
3769	0.62011757
3801	0.67823462
4509	0.61580641
4834	0.58706876
509	0.74531528
654	0.82623208
1302	0.79504659
1452	0.61221205
1710	0.70914071
1997	0.65678045
2215	0.67095478
2364	0.69796078
3095	0.63332003
3104	0.64876630
4242	0.60159363
4246	0.61154913
4864	0.60594450
689	0.80487356
1366	0.76885328
1796	0.78782213
3825	0.60108081
3992	0.63062233
4678	0.60252862
854	0.80255171
928	0.74454502
942	0.79511826
2534	0.70088509
2544	0.76193204
3173	0.65903353
3410	0.59153180
3494	0.59465554
3803	0.66535796
3822	0.66245292
3951	0.65337908
3981	0.60929694
4529	0.61294321
4650	0.61510089
546	0.77241471
1327	0.72801556
1549	0.77732906
1691	0.77905316
2023	0.66307199
2126	0.60273648
2190	0.73776562
2341	0.64505981
2345	0.63095300
2524	0.74972181
2652	0.76151991
2778	0.66339125
3216	0.63034881
3442	0.64831096
4018	0.64184361
4108	0.62624156
4552	0.62039367
4714	0.61537739
855	0.70790073
1065	0.74619077
1812	0.68556953
3132	0.72664704
3723	0.60071778
4482	0.65666316
4849	0.59079786
1201	0.69809843
1272	0.78116985
2039	0.61368795
2416	0.68989891
2739	0.68244623
3023	0.60897703
3334	0.69720290
3406	0.67213414
3974	0.60665417
4044	0.64491233
4183	0.64758464
4453	0.61072737
4571	0.62876909
457	0.78633108
540	0.82158759
878	0.80046401
1003	0.70706945
1106	0.80935167
1608	0.73122136
1614	0.74946828
1653	0.73698214
1681	0.72513797
2031	0.59666957
2253	0.73858235
2434	0.67025957
2523	0.71201334
3002	0.65003728
3085	0.60906086
3193	0.59217223
4283	0.60076135
721	0.77538396
881	0.78158730
1045	0.77016683
1535	0.74499178
1925	0.74252963
1967	0.70690738
2074	0.64409133
2110	0.71738924
2310	0.73808557
2360	0.62994168
2486	0.70775994
2507	0.64375703
2558	0.75892878
2615	0.68189657
3454	0.60556771
3622	0.67837618
3910	0.66139674
3948	0.60869597
4497	0.60073632
1094	0.78699412
1482	0.77026050
1724	0.78133583
1951	0.62247295
3657	0.63604490
4176	0.65640593
3743	0.72627158
4820	0.60421576
800	0.80851769
1335	0.73531024
1525	0.72791391
1561	0.61957940
2002	0.73060101
2102	0.76329641
3982	0.65730532
4055	0.61767993
4433	0.58698130
4959	0.58468460
169	0.83195542
362	0.76537364
384	0.79412414
448	0.82418094
883	0.70132934
1230	0.74610097
2292	0.65833281
2682	0.65535361
3572	0.56940435
4732	0.59125929
4783	0.63880226
1240	0.78513966
1393	0.71155760
2557	0.65695365
2769	0.67301850
3155	0.69621096
3297	0.68113527
4134	0.61941112
4902	0.61022688
589	0.80122052
648	0.81792967
737	0.78012946
804	0.75831923
1193	0.77860048
1301	0.73984236
1551	0.78894760
1643	0.71886691
1699	0.80089843
1904	0.72073676
1911	0.63941314
2201	0.67157602
2321	0.65841427
3137	0.72884281
3354	0.64981209
3507	0.65658372
3566	0.62317525
4309	0.60303229
4807	0.59345006
1876	0.72379661
3382	0.63658686
415	0.81304639
426	0.81085546
465	0.82831919
719	0.75101028
771	0.82615357
857	0.65836566
968	0.69266066
1480	0.71622922
1924	0.64561064
1948	0.68267997
2936	0.68609367
3126	0.74407787
3292	0.61792031
3320	0.65713672
3597	0.64916663
4322	0.63347227
4436	0.60642209
4450	0.59389238
764	0.78953349
1189	0.77305139
1479	0.68447388
1515	0.78628098
1959	0.65693688
2283	0.62856203
2312	0.75560214
2937	0.61919379
3925	0.63722225
925	0.81733164
1207	0.76822261
1221	0.79989012
1810	0.72925147
1923	0.73252644
2454	0.70139778
2606	0.64630931
3008	0.70581644
3738	0.59923841
3782	0.61048077
863	0.80341874
930	0.62793563
1088	0.78620016
1616	0.70173277
1726	0.65889436
1996	0.67310000
2049	0.68511165
3067	0.68367529
3480	0.57530713
3898	0.71163559
4082	0.61954530
4277	0.64004027
4287	0.64264877
4692	0.58012398
4835	0.60488593
4881	0.64390286
179	0.82640451
361	0.76826667
655	0.81001919
781	0.74244470
1175	0.78890145
1499	0.68970464
1545	0.72394631
1781	0.64588892
1835	0.69553877
1936	0.68782781
2024	0.69005998
2287	0.62236671
2393	0.68237170
2542	0.72149972
2566	0.69157316
2570	0.64821834
3182	0.72511387
3183	0.62155123
3724	0.60453539
3778	0.61476961
3907	0.61262769
4684	0.62085659
1074	0.73673007
1127	0.75767650
1674	0.69819452
587	0.78296123
636	0.81209674
2483	0.63494817
2732	0.70258916
3049	0.65504510
3194	0.65455300
3343	0.68367940
3426	0.63413305
3565	0.63010621
3896	0.63222052
1819	0.61795655
2472	0.64769661
3136	0.63171084
3460	0.66122910
3932	0.62396892
4087	0.62560822
4593	0.58060185
980	0.78484458
2218	0.68297348
792	0.70008315
971	0.80761644
1026	0.80011270
1030	0.81800818
1457	0.74384168
1795	0.70474575
1938	0.62103442
1979	0.68865804
2236	0.60123527
2654	0.65984248
3129	0.64780951
3149	0.64381995
3353	0.65831463
3390	0.59517997
3519	0.62143172
3745	0.67458525
4146	0.61496260
4313	0.62345623
4667	0.62481588
4696	0.60385393
1167	0.79401806
2091	0.67045611
3376	0.64959988
1266	0.79823849
2458	0.74228351
670	0.74554929
1285	0.72658936
2027	0.72952692
2161	0.68332660
2825	0.69562326
3017	0.65105994
3128	0.63784559
3226	0.61279041
3628	0.65095405
3678	0.69854091
4185	0.61026586
4301	0.59143680
4381	0.59544103
430	0.78032628
3033	0.60203261
3862	0.66367295
1834	0.65743059
3787	0.69738263
4554	0.59797876
4844	0.59280746
4869	0.58550395
3639	0.60217449
943	0.68528069
1585	0.73645619
1977	0.72588077
2060	0.70051693
2404	0.68046457
2484	0.69333051
3093	0.65274796
3195	0.65887574
3467	0.67559907
3599	0.66325010
3952	0.64856002
4273	0.58069133
4441	0.60137848
2120	0.77417025
3057	0.64949811
3741	0.68412346
4057	0.59577731
4352	0.60318795
4954	0.61886368
673	0.79705397
2330	0.75043966
3653	0.58344736
4565	0.56757565
1690	0.76210355
1844	0.66788630
2105	0.60895429
2456	0.66263108
2764	0.63672584
3314	0.61597779
4288	0.60712737
4446	0.60034393
4612	0.60734704
662	0.81635981
770	0.79260512
1349	0.73059790
1503	0.77540012
1680	0.76199798
1741	0.65212971
1805	0.74229129
2018	0.75179186
2125	0.65235014
3172	0.68333212
3332	0.61460528
3386	0.57282394
3748	0.67556933
4420	0.62997122
4510	0.59835232
4580	0.61276675
4818	0.58594208
4958	0.60835570
706	0.81999875
3241	0.64143761
4371	0.62502152
4653	0.59437751
832	0.76000069
1392	0.76516119
1635	0.71632692
2581	0.75909452
2785	0.61530721
3238	0.74770593
3979	0.63685760
4417	0.59641709
4948	0.61504764
2040	0.71187707
2184	0.73596397
2698	0.65184950
4561	0.60015151
380	0.81530069
1736	0.71173535
1779	0.68526913
2069	0.71746852
2260	0.59837545
2802	0.60693345
3225	0.63467699
3550	0.65927453
794	0.71982519
950	0.75753499
1155	0.73884337
1312	0.71889146
1415	0.75789343
2114	0.69433914
2415	0.62667150
2634	0.68566993
2961	0.64385703
3421	0.73580318
3455	0.62924756
3556	0.69574942
4077	0.62542773
4302	0.60400520
4791	0.59035341
1467	0.72061681
2116	0.72690685
2763	0.70727779
3877	0.61997803
3959	0.60884740
617	0.78501157
996	0.75376844
1131	0.69586340
1569	0.65864248
1787	0.78259839
2151	0.71085885
2362	0.73130633
2728	0.70631362
3920	0.61637392
4293	0.57966570
974	0.77251451
3640	0.66884293
3692	0.63209855
4255	0.58312011
4900	0.60188017
4944	0.62873523
2156	0.71299440
4407	0.59888347
1061	0.77986610
1315	0.75159835
4275	0.62953112
730	0.75647529
2327	0.64259972
3065	0.65731584
3663	0.58758255
4603	0.60241890
4873	0.59643196
434	0.80432451
4463	0.59578855
1156	0.79526114
1179	0.78456505
1290	0.73483124
1850	0.69414091
2041	0.66978738
3971	0.67102757
4127	0.60319407
4751	0.59128005
4762	0.62820274
1550	0.77147646
2446	0.68099774
3260	0.67036804
3731	0.66099117
4956	0.58811725
4125	0.61309012
481	0.80851995
1273	0.75604760
1538	0.79868452
1659	0.68534768
1855	0.64786534
2124	0.67768098
2326	0.68307815
3285	0.65222588
3464	0.68813277
3726	0.59627400
3734	0.64793946
3797	0.64079549
4119	0.62483841
4466	0.64887231
4484	0.60602874
4754	0.58020738
4879	0.60987578
1258	0.70643970
1842	0.71176703
2243	0.62286828
2637	0.62689694
2746	0.69656788
3524	0.63828045
3632	0.68169029
4335	0.56639137
4382	0.59455728
4679	0.60250915
1603	0.78610520
2849	0.66967275
3114	0.65266332
3434	0.66456328
4101	0.61203337
4256	0.64891249
4474	0.64158102
4713	0.58752205
4832	0.62715171
732	0.78041133
1646	0.70782314
2071	0.72299250
3164	0.65212535
4321	0.62225615
504	0.82259089
1373	0.76673773
1927	0.67664385
2735	0.68071640
3000	0.62243632
3169	0.73608706
3617	0.68142805
3649	0.58911104
4038	0.63287078
4052	0.60696171
1367	0.68933285
1424	0.73432809
1590	0.71085977
1895	0.71937557
1945	0.70124861
1983	0.68280734
1993	0.68598722
2239	0.64958742
2443	0.75505824
3252	0.60588420
4029	0.59623285
4177	0.65152168
4718	0.63769012
4860	0.59243628
1165	0.74528601
1316	0.72198569
1564	0.80688327
4388	0.61499750
691	0.69060520
1347	0.80217916
2289	0.69221765
2551	0.62346993
2713	0.62480520
3015	0.71183321
3245	0.61617412
3315	0.63933317
3832	0.60537223
3915	0.70423579
4053	0.61973527
4211	0.60005457
4815	0.57687948
4922	0.62236546
4934	0.60525852
926	0.78694196
1174	0.79315808
1339	0.67998968
2088	0.64519311
2277	0.66154575
2387	0.78022144
2529	0.68535462
4728	0.60941503
1626	0.77859823
1627	0.78421919
1916	0.71075699
2007	0.67090762
2131	0.69540431
2297	0.65465679
2325	0.69062942
2788	0.72965328
2894	0.67376614
3683	0.66893861
3712	0.66107267
3808	0.62193930
4024	0.65017158
4300	0.60651560
4673	0.61206006
4923	0.60244780
628	0.66849113
1573	0.78484063
1600	0.66811786
1877	0.69890133
2582	0.64751483
2675	0.75955869
3159	0.65496312
3980	0.62321532
4097	0.59482310
4106	0.64021294
4475	0.61968557
1750	0.78237114
2704	0.76046933
4067	0.60286570
4476	0.68743063
4644	0.64861576
1040	0.79006526
2972	0.61375466
3220	0.60195715
4043	0.64043757
678	0.81748517
1650	0.77815401
2064	0.68164954
2158	0.72748343
2188	0.73930064
2539	0.65147973
2648	0.65659541
2734	0.74193277
2814	0.69205296
3066	0.61306324
3101	0.66280044
3196	0.64103007
3335	0.66310778
3673	0.65231080
3930	0.59257255
4600	0.63983446
4927	0.58645542
1205	0.74766264
1715	0.61681596
3043	0.74009424
3278	0.68486328
4020	0.62239690
4652	0.63077146
4915	0.58681439
1868	0.70001794
1909	0.79225453
2112	0.70052495
2891	0.66862769
3227	0.59363736
3264	0.61409222
3271	0.62181016
3807	0.65961810
4086	0.58325470
2211	0.68147126
2381	0.61713881
2896	0.60391403
4670	0.59752281
4736	0.60336522
892	0.82208432
1555	0.71706409
1809	0.72333865
1970	0.62375844
2117	0.70390552
2497	0.68476110
2806	0.62228642
2942	0.70046602
4391	0.60364208
4544	0.61658988
1443	0.74134196
1511	0.63539137
2590	0.65291419
2729	0.64702003
2771	0.66863100
1151	0.80002112
2001	0.73118888
2371	0.72966808
2686	0.67993966
3491	0.67925413
3630	0.67944430
4226	0.60652193
4555	0.61497457
4880	0.58472168
1162	0.67660859
3269	0.71549303
3288	0.62836836
420	0.78061366
955	0.79974474
1802	0.70729565
1859	0.66511032
2711	0.73836026
2722	0.59556671
2884	0.66628884
3154	0.61113938
3512	0.64889855
3845	0.60489609
4056	0.60446904
4142	0.60050802
4260	0.67119811
4538	0.60248158
4560	0.56822511
1527	0.73544087
1849	0.71637940
2719	0.72992483
2905	0.64514982
3505	0.58368231
3685	0.60455200
4877	0.58878295
4955	0.60290431
528	0.77369919
632	0.76310153
1146	0.81243664
2701	0.66016030
835	0.81817803
1051	0.72107545
2423	0.64646380
2766	0.65247904
2962	0.60646868
4339	0.63601568
4781	0.59748170
1707	0.72502572
2333	0.60721467
2912	0.66318791
3521	0.66050867
4758	0.59525441
833	0.78924817
2466	0.73245171
1376	0.76886473
2295	0.67421395
3699	0.70643164
4135	0.60829464
4200	0.58703817
4353	0.59547900
4801	0.63104768
1064	0.79277408
1463	0.69222233
1593	0.68682950
1863	0.77487025
2155	0.60895014
3394	0.60133160
3672	0.61320387
3811	0.60046352
4030	0.60052817
4075	0.60080141
4550	0.61148912
969	0.79437848
2751	0.73710951
3389	0.63424164
3938	0.59658734
2593	0.65525550
875	0.77038859
1150	0.79313922
2449	0.62667199
2485	0.71451487
3083	0.69402898
3827	0.61165216
4138	0.60787662
4231	0.64992100
4513	0.60403426
4894	0.63337074
4379	0.63842281
4455	0.59105981
1059	0.66636219
1976	0.60993624
3090	0.65472193
3612	0.61421294
3833	0.59892572
4048	0.68832886
786	0.79909855
1841	0.70613620
1946	0.71686763
2549	0.65809049
4577	0.62702221
1080	0.75269017
1910	0.70101334
2166	0.75258662
2517	0.72110234
3040	0.62246163
3302	0.59399222
1992	0.76201673
2199	0.75992221
2929	0.68011552
3024	0.65790621
3911	0.61344805
4191	0.61896421
4946	0.61532922
569	0.79750367
2173	0.70606449
4123	0.60434663
4661	0.56738879
3283	0.62077646
3414	0.69857062
4622	0.60036840
939	0.77099915
1125	0.64376139
1774	0.69136622
1915	0.74324760
4050	0.59479226
4060	0.63228609
4457	0.67363994
4827	0.59086953
1008	0.78102394
3655	0.64133426
3962	0.64155111
643	0.74096497
1322	0.73617928
1677	0.76006606
1678	0.69051459
1708	0.76232237
2266	0.62696981
3014	0.72427783
3861	0.65399883
3970	0.57968279
1394	0.69100012
1900	0.69213019
2214	0.65067279
3762	0.65364365
4114	0.59895707
4938	0.60083724
966	0.80092963
1648	0.73952543
1753	0.68960254
2272	0.76657432
2303	0.63492225
3680	0.64235981
4160	0.65787993
579	0.82714796
1159	0.73882277
2016	0.76379496
3279	0.62760597
4564	0.60210310
576	0.81856796
1284	0.76633297
1757	0.67277586
2220	0.66119613
2383	0.66540935
4483	0.64450290
4802	0.58613446
977	0.74761072
2081	0.71507005
2603	0.65370395
2708	0.66508009
3068	0.60183898
3609	0.73178444
3902	0.61855099
2073	0.69670871
2580	0.60317586
3476	0.62377924
4151	0.57706590
1359	0.70707199
2867	0.65670754
3735	0.60252608
3872	0.64919113
3963	0.67366131
4059	0.66394393
4066	0.64830282
4292	0.59559798
4528	0.59746256
660	0.82453015
773	0.79126207
1232	0.80617247
2135	0.66358271
2427	0.67681262
3198	0.64432568
3340	0.60266921
3942	0.61952011
4223	0.60354208
4324	0.61902350
2890	0.60410161
3860	0.60865715
4346	0.58546586
4821	0.61676336
709	0.66701838
1206	0.75045570
1875	0.67202370
1907	0.60903390
2192	0.66555099
2391	0.73496260
3150	0.65079887
3327	0.61049625
3805	0.67805925
3964	0.61046393
3989	0.61739653
1381	0.76764563
3781	0.59039899
3929	0.59555820
4227	0.60820528
2240	0.65524966
2865	0.70822487
2965	0.60110242
3344	0.59340842
3820	0.62618783
3856	0.63274349
4905	0.59139811
1742	0.64835312
2130	0.68715054
3304	0.69468061
4062	0.63527819
4451	0.60507747
4898	0.60968565
693	0.74652688
711	0.79529871
1570	0.66620496
2479	0.68394522
2933	0.67487106
3613	0.64169105
4286	0.63859004
4361	0.59353708
4525	0.67500145
4568	0.60457247
4631	0.66860524
4651	0.61320540
4729	0.60689996
1618	0.66766884
1771	0.76698170
2635	0.65526651
3488	0.62761463
4168	0.60730278
399	0.74855401
1908	0.66585228
2281	0.69474075
790	0.82318408
952	0.75508916
1049	0.78811016
1709	0.68794595
2307	0.63203055
4013	0.63341915
4399	0.61234567
2500	0.66572217
2702	0.70998400
3274	0.61845748
3328	0.65202430
3528	0.64957719
3606	0.65262773
3792	0.68440387
1158	0.74784365
1385	0.78598065
1705	0.75425756
2300	0.62305107
4303	0.60769492
4797	0.58592696
2170	0.70016389
4540	0.65276816
3062	0.68053527
3204	0.62976594
4307	0.62405973
4609	0.58660887
571	0.79831298
957	0.72642781
3349	0.64617586
3934	0.63475679
4254	0.63746223
4393	0.58913757
4935	0.57807759
2146	0.70334482
2872	0.70843430
752	0.76841757
1749	0.68541137
2846	0.69228759
3448	0.65089891
3486	0.60768005
3582	0.64340371
4755	0.59867965
4932	0.60511064
1011	0.72346417
2136	0.68630290
3108	0.61465155
1248	0.73266477
2480	0.65979500
2694	0.68912144
3997	0.59662592
4027	0.63748742
814	0.82685208
1858	0.71047553
3290	0.60684748
4089	0.61546651
4143	0.63328182
4205	0.61885457
1363	0.77014297
1609	0.71938307
1941	0.70052636
3020	0.63257328
3906	0.65225046
874	0.82422547
1939	0.70853676
1222	0.77043108
2863	0.64724784
4496	0.66238976
2622	0.67277263
1129	0.82541560
1183	0.74293910
1571	0.71890846
2079	0.65653720
2487	0.72343309
2553	0.71031334
2782	0.60702789
3219	0.63436042
3713	0.68496848
4649	0.63749674
1255	0.78782789
1713	0.74643450
2058	0.69554514
4061	0.59615707
917	0.79045534
1738	0.81263632
2095	0.75811225
3479	0.62935345
3598	0.60751407
3837	0.63312209
4239	0.57362056
1786	0.74517364
3174	0.64042390
4689	0.61516106
2380	0.70862769
2898	0.69744131
3493	0.67209492
4795	0.61978920
3102	0.62050024
3277	0.67951088
4334	0.64634438
3351	0.61686856
1409	0.75465345
3545	0.60035175
2774	0.70725921
3110	0.65375824
3710	0.64116389
1794	0.62644196
1095	0.76122620
1520	0.70616965
1792	0.73749742
2535	0.63869516
2889	0.70794724
3742	0.58735885
4039	0.63982568
3111	0.61628593
1006	0.76626163
1506	0.69291661
1655	0.72259311
1934	0.69105252
3243	0.64755586
3296	0.67853845
2495	0.67939033
3526	0.59259089
4629	0.59535345
4814	0.58961701
4465	0.58870210
2982	0.59235038
1733	0.71267570
2430	0.60820774
3022	0.57884454
3370	0.59921193
2012	0.78057944
2293	0.67271939
2429	0.64302301
2477	0.70239125
2773	0.71058557
4285	0.60266207
885	0.82596098
2940	0.65715385
4172	0.62744474
4663	0.62250838
1854	0.71953353
2490	0.60160899
2726	0.71363873
4405	0.60922418
4659	0.59704809
3100	0.67048662
2167	0.59881282
2668	0.65576288
2978	0.67812644
3514	0.60876070
808	0.62956264
3280	0.60626211
2242	0.74127807
3077	0.62272253
3147	0.71228605
4647	0.64870520
4840	0.59516288
2424	0.65524446
2915	0.71181149
3109	0.60293672
3392	0.61931854
4842	0.58499778
4921	0.58803736
676	0.79770988
1989	0.68898392
3471	0.63520875
2274	0.69184696
3029	0.67995631
4657	0.61462306
626	0.81246509
3063	0.61434236
3366	0.58680097
4648	0.60335748
4694	0.60653458
849	0.82563176
1505	0.77722580
2286	0.66753418
2706	0.71327892
3355	0.62040705
3701	0.58504454
3774	0.67153172
4940	0.57483781
798	0.76253450
1137	0.79430198
1437	0.61978783
2554	0.62806441
2736	0.62472237
3148	0.66459686
3356	0.60236175
3641	0.64560778
4546	0.59336518
1348	0.68092491
1955	0.75546723
2740	0.73351935
3404	0.65063237
4268	0.59586679
4516	0.60567348
1530	0.65415494
2337	0.76718122
3318	0.63095897
3975	0.63090588
4819	0.59991520
1872	0.68857094
2306	0.64883418
2787	0.63903285
3779	0.59805167
2833	0.72141749
2888	0.70496324
4752	0.59099295
3573	0.63662576
1239	0.67996376
1783	0.69466445
1921	0.67976626
3072	0.65390331
4356	0.63127445
1319	0.71703785
1890	0.69467791
4547	0.59877779
1954	0.65438553
2198	0.64892721
2810	0.68816550
4645	0.58496872
4812	0.56545985
1870	0.69191761
2857	0.66938299
3050	0.62507489
1173	0.77974317
3060	0.61802894
3604	0.61931245
3633	0.60994639
3646	0.61461846
4764	0.61375832
889	0.65672213
2611	0.61590290
3044	0.65310206
3585	0.63066227
4687	0.58783470
2309	0.65263869
2777	0.69874208
2859	0.60645707
4041	0.60054958
4778	0.61065228
1144	0.77897481
1838	0.66046574
3559	0.65677574
2441	0.61058263
4553	0.58046969
4354	0.62509847
4390	0.58549722
3883	0.63684309
1126	0.78106316
4521	0.61766223
4701	0.62378098
2036	0.73430576
1414	0.75970226
1015	0.80299621
1196	0.74564377
1455	0.66289403
1588	0.73679303
3233	0.70083656
4574	0.58953164
3757	0.67292019
1432	0.77372455
2792	0.71010742
3122	0.67251374
3535	0.59712676
2741	0.59972668
3103	0.68631475
3702	0.69905836
3736	0.61146767
4668	0.56820677
2098	0.63998565
4079	0.60579879
3326	0.62748694
4597	0.61056389
4697	0.59792076
1704	0.68862257
3484	0.65050540
3562	0.62363035
4952	0.57987832
4184	0.64563869
1576	0.76775816
2494	0.77145603
3175	0.68439585
3218	0.60586123
3341	0.58982056
1368	0.77662882
1689	0.65032850
3874	0.59769944
1320	0.82514212
1493	0.76933865
2433	0.61650331
2909	0.71454063
3614	0.67360738
3879	0.63602825
3890	0.67874583
4005	0.59279887
2532	0.68500846
4414	0.62598303
4896	0.59380766
1050	0.76437868
2878	0.63971959
4883	0.58704015
2108	0.64744672
3188	0.74661149
3384	0.68126900
4186	0.64855965
4102	0.66756703
2222	0.58896945
4026	0.69252672
4068	0.57786300
1778	0.75679319
1667	0.70277654
3721	0.67367235
1346	0.76103152
1353	0.76973426
1801	0.78500645
3190	0.67752954
3737	0.60686219
3815	0.60007795
4711	0.57904244
1769	0.70955889
4712	0.60794115
2911	0.63725272
3230	0.63937477
3411	0.60119299
3419	0.66693753
1587	0.78110359
1664	0.68388057
2160	0.71770693
2276	0.65052374
3074	0.60345558
4022	0.62069250
2604	0.72575998
3135	0.60736284
4323	0.65093527
4411	0.64092559
2646	0.68379694
1641	0.77539669
2489	0.70001753
4098	0.60391665
4207	0.56012314
2666	0.69374228
4212	0.64782975
4867	0.61387694
2669	0.73838356
3446	0.71198718
2817	0.59435945
3871	0.70296925
1490	0.78188730
2268	0.67898235
2546	0.69112044
3501	0.59864901
3956	0.61113233
4166	0.57550939
4217	0.59189831
4320	0.63738650
1901	0.74768283
1950	0.64890459
1357	0.79569246
2816	0.67053245
3303	0.72319456
4749	0.61566312
1542	0.75921822
2078	0.69322168
2258	0.65446921
2350	0.63923615
4920	0.58006328
1692	0.71701745
2157	0.77927767
2388	0.68328545
4261	0.59931233
2575	0.64527904
2683	0.66812902
4103	0.63929903
2895	0.62044196
1669	0.65315482
2595	0.61791870
3487	0.67387352
4777	0.62573664
3457	0.62347211
4806	0.58251890
4566	0.63229674
4856	0.57592850
3503	0.68007154
4557	0.59751898
1856	0.65322938
2269	0.64425788
3522	0.64495921
4851	0.61685296
4240	0.59821733
4868	0.60576763
1389	0.71568130
3645	0.62121334
4221	0.61606929
4362	0.60974946
3258	0.64460262
3788	0.63618803
1474	0.74541169
3660	0.61478670
3844	0.59840762
4188	0.59508976
1350	0.79821737
4069	0.61652777
4787	0.59978968
1572	0.75053245
4228	0.62984587
2749	0.69590101
3272	0.63809875
4776	0.59109323
3117	0.58743684
4046	0.61829379
4237	0.66754510
4945	0.60155195
2406	0.64130282
1640	0.80123853
4389	0.68239698
4655	0.59564466
1722	0.80838662
4054	0.61485852
4363	0.56374446
4479	0.63485470
2147	0.67178759
4000	0.65335498
4163	0.59474821
4423	0.59306598
3433	0.59017352
4633	0.59783325
4526	0.60729988
4534	0.64562189
1619	0.66960004
3028	0.76744414
3161	0.63253289
3299	0.65094599
3525	0.64201165
2981	0.63829234
3785	0.58586264
1729	0.74447102
2848	0.63338553
3770	0.68301016
4190	0.59125010
4258	0.62389960
4893	0.61565401
4917	0.58108255
2624	0.68163954
2745	0.66019162
3035	0.66149964
4035	0.60656743
3001	0.67109331
3978	0.59550629
1342	0.76451689
1326	0.74675901
3648	0.63645195
3652	0.64789532
2536	0.62617437
3186	0.62415413
4589	0.60206304
2632	0.59462761
1966	0.71443817
3664	0.68136751
4638	0.58797029
3581	0.60897211
4804	0.60866590
3142	0.57670040
3266	0.70759621
4290	0.58797537
4706	0.57377183
3624	0.62268626
2620	0.71211407
3429	0.63300762
2050	0.72577050
4727	0.60891455
2827	0.64630415
2920	0.69406917
4145	0.64622479
3329	0.70117755
3396	0.67819315
4563	0.60011149
1686	0.75949351
2656	0.64495639
3863	0.64979960
1405	0.72721628
4080	0.61559412
2753	0.71035320
3398	0.61230693
2781	0.70423680
3247	0.61287767
1411	0.74392503
2516	0.69742261
3700	0.65182527
4440	0.59421286
3178	0.67465558
2291	0.66305171
2351	0.67423587
3995	0.62700770
4493	0.60294676
4606	0.58868912
3472	0.63072971
3395	0.62486441
4558	0.60496514
4702	0.59775977
1731	0.66639750
2687	0.72375857
4023	0.57452523
1110	0.80585518
2870	0.60187993
4675	0.60106018
4957	0.58536614
1231	0.71888964
3348	0.69789770
2053	0.76644426
4040	0.61519553
4859	0.57447312
3485	0.62638698
2471	0.63801790
1940	0.62877388
4394	0.63703168
949	0.80640560
2658	0.62822717
4252	0.59119952
1547	0.76539577
2202	0.70552088
3047	0.59905723
3499	0.60369593
3530	0.67952451
4698	0.62129581
3901	0.63070169
4588	0.62347888
3030	0.68036026
1475	0.75295889
1387	0.74263994
3823	0.61197819
1280	0.72797457
3852	0.59876022
3224	0.61383994
1975	0.60548484
2518	0.63356578
4942	0.57590036
1582	0.77301878
3118	0.60856054
3365	0.69067219
2608	0.68100895
2727	0.67423491
3558	0.63190734
2420	0.61451987
3983	0.59102902
2866	0.68254361
4078	0.59732402
3048	0.65047021
4545	0.60005183
4740	0.59292136
1355	0.75689524
2850	0.70928489
4535	0.61763023
2262	0.61187694
2249	0.63900214
4621	0.63316945
3255	0.64388162
4109	0.64677130
1658	0.75103083
2462	0.70180093
3842	0.61108182
3171	0.67597481
3262	0.59698049
2298	0.65654055
2752	0.65492156
3536	0.61626038
4447	0.58790766
2323	0.72508408
3489	0.60008134
3513	0.70390427
4890	0.59789375
2743	0.64422737
3696	0.66560157
3913	0.60988537
2959	0.74357864
4107	0.62937719
4826	0.62143825
2805	0.59073482
3881	0.63006949
2974	0.60010415
3482	0.56554200
1693	0.64843503
4677	0.59852910
4765	0.62094998
1218	0.80355981
2790	0.62401624
3926	0.63899250
3444	0.64818746
1265	0.78106022
4338	0.58637175
4734	0.59324301
1780	0.75299464
1668	0.64900645
2086	0.61476949
2731	0.70535183
3317	0.61445510
3520	0.66423861
3891	0.59255953
2801	0.68338190
3523	0.58731370
1617	0.71385711
4236	0.58770455
4070	0.67232092
3571	0.70032975
2976	0.65828335
4357	0.57247811
4886	0.58110282
2413	0.65373071
2571	0.65974410
2584	0.71310790
4449	0.60754942
2973	0.67016981
3170	0.65518102
3401	0.58758734
3835	0.58886888
3115	0.66668247
2869	0.62749109
4537	0.58517715
3092	0.65028400
3798	0.64366292
1202	0.72833345
3061	0.60954051
4592	0.59992487
4632	0.64021894
2892	0.59427537
3168	0.67496119
3754	0.64433624
4444	0.59303176
1526	0.66409033
3300	0.60979827
3372	0.67903108
4299	0.59358295
4485	0.59706586
4685	0.59690383
2585	0.68652471
4072	0.64965208
2616	0.61985183
3082	0.72159823
3352	0.63751334
3577	0.58820705
4709	0.59488875
4799	0.59240137
4131	0.60164478
4853	0.60039734
2971	0.66611411
1898	0.71646598
3615	0.58776461
3586	0.67313797
4157	0.59263845
4174	0.66850693
4660	0.65672555
3412	0.62991016
2674	0.72982366
2758	0.68585881
2949	0.58142426
3831	0.62015586
2353	0.70171487
4347	0.57619250
1751	0.75102031
3537	0.60439859
3705	0.63815973
2862	0.61710407
2851	0.68504692
3590	0.62030109
4296	0.56514756
4310	0.59850701
2663	0.67672543
2228	0.61226296
4195	0.62690504
4562	0.59022640
1885	0.73311326
3846	0.58477727
4722	0.59236739
1512	0.76662559
4642	0.59622265
2257	0.73373096
2997	0.64704115
1544	0.66153345
2412	0.66870153
2665	0.68162281
1663	0.59387344
4091	0.57947227
2966	0.68324204
3876	0.60389069
3917	0.59554164
2038	0.73128356
4582	0.64140113
3716	0.59110705
2331	0.73322483
3261	0.65293873
2444	0.68165578
4637	0.59454015
3620	0.62851229
3651	0.65190443
3853	0.57903805
1696	0.74191540
2264	0.65255445
4368	0.64483229
1991	0.71538819
3481	0.59151991
4619	0.60569266
3179	0.66814393
3993	0.60851330
2352	0.70988094
2275	0.62673035
1084	0.81454615
1839	0.77617541
2047	0.63568182
2910	0.60838271
1134	0.82748855
2720	0.63122209
3039	0.67030044
4428	0.57507920
3139	0.62271790
3210	0.71342789
4489	0.59101121
3922	0.65427642
1861	0.71879355
3246	0.66527682
3908	0.60563865
2697	0.68740754
4235	0.59504555
3706	0.59529355
3941	0.58361209
3380	0.62903950
2941	0.69637549
3965	0.58733789
4817	0.56766985
3767	0.64154865
1933	0.76872072
3447	0.63770774
4731	0.63244272
4539	0.62110262
2414	0.66982338
3725	0.58102741
2015	0.69882237
3878	0.62954712
4340	0.60330943
4613	0.57997574
2780	0.73248239
2314	0.58777832
3330	0.62676280
2139	0.67845877
3583	0.61577960
2048	0.65523938
1752	0.68526796
2901	0.63035530
4319	0.66579698
4865	0.60357316
3775	0.60555022
1237	0.68941322
4744	0.58470387
3658	0.62180157
3987	0.57735067
3051	0.64500105
3282	0.63740693
4730	0.61880367
1766	0.73274893
4620	0.58617050
3223	0.58245776
3359	0.65861028
2592	0.60709000
3399	0.57773184
3749	0.61034667
1891	0.65682535
3760	0.57342676
4112	0.60252338
3843	0.62695719
4876	0.62414103
4085	0.57121112
2858	0.72110326
3747	0.60326993
4007	0.60324817
4937	0.59957892
2210	0.76557775
2267	0.65905570
4124	0.61223761
4669	0.57253277
3889	0.63342096
4317	0.63141532
4477	0.57829762
2455	0.75516739
4017	0.60500177
2359	0.72584776
4218	0.66354869
4527	0.57947654
4672	0.61606018
1958	0.70128380
3681	0.63644369
4532	0.58305216
2642	0.70194563
2377	0.65050903
1679	0.67078214
3250	0.67388819
4373	0.55839883
2958	0.61237783
1508	0.79422289
3440	0.64567336
3165	0.62821923
4152	0.67406300
4181	0.61198827
4951	0.57386364
4337	0.57938094
3918	0.64617694
1579	0.68358775
3249	0.64180359
3347	0.61000363
4144	0.57897719
2596	0.70283886
1529	0.72937747
4083	0.60345486
4179	0.56810504
3427	0.67657416
4556	0.59158420
4646	0.59240250
3531	0.67878384
4829	0.59845840
2304	0.73374248
2513	0.64833599
2100	0.64366090
4514	0.58724692
4769	0.60284119
3972	0.59561689
2681	0.69681378
2431	0.64528436
4854	0.58909274
3886	0.62466961
3935	0.58038827
3538	0.63220963
4170	0.63727670
2779	0.64774079
3600	0.59412088
3560	0.58459782
4656	0.57109347
2538	0.67466316
4614	0.57464921
4763	0.59586647
4767	0.58298767
2820	0.62272414
4800	0.58481415
2676	0.64446276
2499	0.64027275
3432	0.59029996
3584	0.64071225
4350	0.59384575
4437	0.58395312
3953	0.60906417
2970	0.59082559
4924	0.58636586
4887	0.55468783
2182	0.71627054
2831	0.66193083
4884	0.58783390
2861	0.69822035
4594	0.60222555
3621	0.67060850
3331	0.61378396
4327	0.58652830
2514	0.58727187
4721	0.60168372
4215	0.56637062
2302	0.58663482
3791	0.58208247
4328	0.58685050
2803	0.60605103
4949	0.59997541
2322	0.67999375
3707	0.63066127
4816	0.59239359
1845	0.67543321
3187	0.62527739
4230	0.59516417
2132	0.66369311
4716	0.59602334
3477	0.57867727
4487	0.60382064
2990	0.64014514
3125	0.64359250
4519	0.57741471
3553	0.61509065
3088	0.58899694
4788	0.62096723
3086	0.62704861
4848	0.55781814
4147	0.57851846
4249	0.61352858
4599	0.56133212
4141	0.63188859
4118	0.62265462
2354	0.73645200
4359	0.61659589
3912	0.62820326
3546	0.61401786
4584	0.57444164
3610	0.61610927
4891	0.58473325
3081	0.59509464
4404	0.58311511
2576	0.59890988
4232	0.66190613
4438	0.55849807
4430	0.61291439
2447	0.67069843
2880	0.63253753
4488	0.57651366
3123	0.66706941
4262	0.58255401
4863	0.57643938
4199	0.62894252
4604	0.57589661
2097	0.75937126
4348	0.59413865
2503	0.75036852
3305	0.61922447
4486	0.55758617
3306	0.66298098
3333	0.56024897
4153	0.59246215
4311	0.62687570
4511	0.57843615
4904	0.58960012
3214	0.59446413
4265	0.61130089
4885	0.58371237
4074	0.57872426
3200	0.58269678
4360	0.58646707
3289	0.58380818
3268	0.61199017
4122	0.61815889
3025	0.61403906
3496	0.67687106
4076	0.58743680
2765	0.67154341
4738	0.58829605
3055	0.64057690
4331	0.57709311
3733	0.56525857
4507	0.57779545
3795	0.61974333
4533	0.60935244
2791	0.65817948
4314	0.64709561
4014	0.58849585
4376	0.56581919
3753	0.62154861
3601	0.55242680
3966	0.63872019
4248	0.56907199
4824	0.57480593
4384	0.55996961
4504	0.56654740
4774	0.56925780
4090	0.55949460
4857	0.56214180
4042	0.62117723
3418	0.57209589
4415	0.58115276
4789	0.57157090
4747	0.55296074
3458	0.65511443
4908	0.55609407
