0	0.69110727
1	0.68679470
2	0.69082083
3	0.66387859
4	0.69077053
5	0.69045540
6	0.69092377
7	0.69063379
8	0.69037171
10	0.67938055
15	0.66357073
19	0.60666699
24	0.55111022
25	0.67203458
28	0.49056582
30	0.59843929
35	0.58780923
37	0.66168684
41	0.64880530
43	0.54923360
45	0.60758664
47	0.59327603
52	0.56807151
54	0.54318566
55	0.61959116
57	0.44045639
61	0.53633556
67	0.52054185
70	0.63719882
75	0.65445305
83	0.56999804
88	0.56000138
94	0.62135422
95	0.49886287
100	0.46753418
101	0.45369548
115	0.51321552
118	0.52430904
132	0.54665403
136	0.51074204
138	0.58998094
140	0.47621631
141	0.52584971
148	0.53063615
163	0.45570570
168	0.56232397
171	0.46138546
181	0.53309705
184	0.43842495
192	0.49613360
204	0.48644578
205	0.47094656
225	0.47189961
237	0.47794106
273	0.53653910
275	0.41512750
282	0.51260668
290	0.44722711
295	0.41561591
320	0.44682534
327	0.42192338
333	0.48682908
339	0.42707623
341	0.40840963
352	0.51161631
375	0.43178703
377	0.46216817
415	0.43600354
455	0.36674145
34	0.48459921
36	0.64876562
40	0.61420432
50	0.64220845
92	0.53380354
99	0.57004244
103	0.65266326
107	0.58144420
161	0.48318743
208	0.41678173
234	0.44693595
296	0.51757367
319	0.45540530
376	0.38821513
420	0.43859784
431	0.39716857
473	0.40189686
12	0.65887073
13	0.67778369
16	0.67555717
17	0.68340747
22	0.63025363
32	0.61453418
39	0.65730039
53	0.67435010
60	0.48444558
62	0.60132986
64	0.63733301
65	0.47469980
76	0.56287151
77	0.61092259
87	0.48690864
104	0.65870000
106	0.63821572
126	0.60729548
130	0.52386405
144	0.57683595
152	0.61578723
159	0.41291513
174	0.56359548
177	0.44366385
189	0.52270904
198	0.43909941
200	0.51338821
202	0.51657564
215	0.45801847
223	0.52265187
229	0.48067662
230	0.43938880
231	0.46502750
239	0.58651356
240	0.54853320
245	0.46228310
276	0.50382436
298	0.55706739
307	0.48317151
314	0.42071434
317	0.38920039
326	0.48320943
346	0.45332475
353	0.40026542
354	0.40332731
363	0.43939057
364	0.43326621
399	0.45118487
412	0.38327976
429	0.45442672
436	0.40241415
474	0.42690236
478	0.41215462
492	0.39957662
505	0.39847957
26	0.65835108
129	0.44405285
137	0.52738585
150	0.60533890
255	0.41409705
9	0.68279155
11	0.69115756
20	0.68438900
23	0.68250688
31	0.64635697
42	0.66442436
49	0.67736542
59	0.66259037
71	0.60158939
86	0.60003851
97	0.48697701
98	0.57826582
109	0.60793713
135	0.48936110
176	0.57493497
206	0.40171297
214	0.48763752
265	0.57584951
277	0.44462790
323	0.42955285
324	0.43723261
383	0.46602417
14	0.67740314
18	0.69023281
44	0.67756640
46	0.65617839
51	0.58429234
56	0.61907839
73	0.65536955
84	0.54253674
209	0.49126090
213	0.48746051
248	0.52525972
306	0.38642318
337	0.44698546
343	0.42800059
357	0.39478703
443	0.40601375
446	0.41081866
468	0.37721965
489	0.41874971
29	0.69056110
38	0.65582888
80	0.63889823
81	0.51887348
91	0.48788173
121	0.53099489
134	0.46791866
160	0.59373536
162	0.41379764
169	0.50611022
195	0.45568055
203	0.44328684
218	0.48288978
228	0.46598919
233	0.48084342
299	0.41535422
304	0.44972868
340	0.42925108
355	0.46624028
394	0.47906798
402	0.37558684
404	0.41170157
423	0.47275226
21	0.63928703
27	0.55383988
63	0.56402122
66	0.45046110
96	0.53541473
113	0.47787053
191	0.45041984
201	0.49157367
226	0.48202986
250	0.45662456
261	0.47983084
310	0.52909509
342	0.41259902
361	0.42240098
388	0.38589175
425	0.40686601
461	0.42462633
475	0.40148075
482	0.37437583
487	0.36196837
33	0.65149843
72	0.54848193
78	0.59101454
93	0.66303399
127	0.54673929
154	0.47676149
186	0.46636778
258	0.44609528
272	0.39486916
335	0.47989804
358	0.44032927
422	0.39679332
498	0.44491356
69	0.67319646
244	0.54053477
267	0.48198075
332	0.47070570
382	0.40456660
411	0.36124754
507	0.39244086
48	0.45344735
58	0.47543281
247	0.40519646
256	0.35790216
293	0.46245049
297	0.40080786
303	0.41236817
457	0.42792417
508	0.39031611
68	0.54339116
74	0.64394008
82	0.44362397
85	0.66315835
139	0.42147662
179	0.50804401
207	0.49501513
224	0.46573851
232	0.37901690
243	0.53619862
281	0.45613006
321	0.44483517
336	0.45819509
348	0.43034971
351	0.41834224
392	0.41312908
398	0.37136876
424	0.44367682
479	0.39035147
89	0.64383615
116	0.50116896
170	0.47484460
246	0.53480589
278	0.40798409
334	0.41888448
185	0.49918310
437	0.44545344
460	0.36095305
486	0.40118409
268	0.47161473
302	0.45591100
409	0.44125894
484	0.37287171
79	0.56466169
119	0.38714440
120	0.63207191
124	0.50816464
270	0.46834067
372	0.41150354
374	0.40428664
440	0.40843320
117	0.61039705
156	0.46849293
187	0.50778841
301	0.49370629
401	0.45609057
406	0.42502318
465	0.40284931
494	0.39213222
143	0.58739077
173	0.53771022
178	0.42195953
180	0.46781984
217	0.54144499
222	0.47304695
285	0.42517387
308	0.42979312
338	0.43328055
367	0.46384420
426	0.39356189
427	0.43890491
112	0.54790295
153	0.53042200
167	0.43894951
188	0.41524853
266	0.47763360
283	0.42842318
284	0.41737505
288	0.49858743
359	0.43481218
381	0.36707092
408	0.43286680
452	0.36639312
463	0.47030314
471	0.41027073
493	0.37724165
330	0.38100452
393	0.40663242
122	0.52937132
157	0.50872927
175	0.54533831
199	0.43833104
254	0.41922318
274	0.46388330
316	0.45584145
362	0.45165855
433	0.36605206
442	0.36406464
469	0.38613202
151	0.48200452
445	0.41805265
90	0.51468291
111	0.60748134
155	0.45649961
216	0.47146365
259	0.45969253
329	0.45614361
360	0.36322083
128	0.51843418
145	0.55725560
220	0.44142574
260	0.41764931
269	0.41282338
378	0.41310668
384	0.49110138
386	0.45621611
391	0.43884145
506	0.42269234
105	0.55627957
211	0.55275992
221	0.47561002
331	0.40596326
315	0.39916640
114	0.58084558
125	0.57594578
142	0.58209450
149	0.51317741
182	0.46938998
291	0.44383831
349	0.40479155
421	0.45659077
271	0.46033929
311	0.39234185
410	0.42659921
438	0.45881041
481	0.38837151
366	0.42750609
419	0.40557014
497	0.40825246
464	0.35107485
210	0.45073635
212	0.48920177
108	0.61864597
236	0.42899214
390	0.40874558
428	0.40343654
102	0.56853065
289	0.45003497
400	0.43967367
491	0.39420648
158	0.48223222
279	0.39730334
480	0.41756405
287	0.41010943
397	0.44504479
235	0.39021002
257	0.42166935
373	0.38264381
467	0.34804361
219	0.51697485
312	0.41885658
434	0.42661611
448	0.34591159
356	0.42422318
500	0.41061591
504	0.35969057
488	0.37555933
131	0.55148448
172	0.50953360
146	0.49460314
496	0.38637917
110	0.55078212
196	0.56997269
405	0.42096955
318	0.46003752
350	0.36831375
133	0.52918978
385	0.42964813
251	0.42437151
407	0.32138527
456	0.36114735
193	0.58106051
197	0.53233772
280	0.39027917
345	0.46698389
447	0.34744578
451	0.41338527
249	0.37945305
165	0.53916149
286	0.44451611
387	0.34293006
190	0.41755678
262	0.43285697
147	0.45016758
164	0.46213006
369	0.37928605
389	0.40070511
294	0.37298644
194	0.45018251
253	0.41684853
418	0.39853870
450	0.40885088
435	0.42550354
413	0.38844185
227	0.45755914
432	0.41481591
263	0.51799332
403	0.35956365
123	0.49059587
370	0.37012122
416	0.42345678
439	0.44696699
365	0.39460884
322	0.39615187
328	0.38435363
396	0.37433006
414	0.39678959
379	0.36904853
368	0.46198585
309	0.35513379
449	0.43554126
459	0.33236621
242	0.43627859
453	0.44248723
292	0.43456385
502	0.37917328
462	0.36006680
476	0.36139528
166	0.42939980
380	0.35197191
490	0.36262475
238	0.45090864
183	0.58332515
325	0.45009234
252	0.39591493
499	0.37457937
241	0.49713890
264	0.46043281
417	0.40465972
454	0.32623694
485	0.35285933
503	0.33504676
458	0.41389411
472	0.40518271
347	0.38070943
395	0.38339705
313	0.38875678
300	0.39998193
501	0.35289941
495	0.37619312
305	0.38756306
441	0.36847780
344	0.42880334
483	0.31728369
444	0.34534244
371	0.31242397
466	0.32236523
470	0.32734656
430	0.37288251
477	0.31344951
