0	0.69163720
1	0.67973863
2	0.69041540
3	0.68067583
4	0.69135664
6	0.68967180
7	0.68975142
8	0.69083744
10	0.69107583
11	0.68976185
13	0.65538673
15	0.63739834
16	0.68415521
20	0.65375118
21	0.64904028
24	0.58171066
26	0.58232393
27	0.64518246
28	0.66074455
29	0.60888886
30	0.57206540
31	0.55846114
33	0.61548673
34	0.62855190
36	0.60943602
38	0.64157038
39	0.56921066
40	0.64985616
42	0.68114336
44	0.64668602
46	0.67327393
48	0.56956848
49	0.54428436
55	0.66402251
59	0.68147962
63	0.63215829
65	0.65671540
66	0.66883602
68	0.48724905
71	0.59172085
72	0.45514621
75	0.43293815
76	0.48288294
77	0.61518389
78	0.43249265
79	0.53750972
81	0.54036540
83	0.58832464
84	0.56183389
88	0.45471967
89	0.51603223
90	0.58598365
104	0.45802488
106	0.43958531
107	0.52262891
108	0.54835640
109	0.54478175
110	0.60444502
112	0.46396801
124	0.60440521
125	0.55741185
130	0.42275095
139	0.50355521
140	0.52472962
141	0.57534929
158	0.45172299
161	0.47393199
163	0.45540664
180	0.51814360
184	0.51478199
203	0.41020190
206	0.45705521
207	0.48331540
214	0.43158673
226	0.55982062
232	0.47190616
239	0.44630640
242	0.39116659
248	0.43693246
249	0.46528365
255	0.47537204
256	0.44109905
257	0.46470592
274	0.44780284
276	0.45017441
281	0.38482512
300	0.48425095
301	0.37932536
308	0.43898791
332	0.42155521
340	0.47315118
344	0.42785995
345	0.44473294
361	0.42520853
362	0.39233199
371	0.46082701
373	0.41663863
379	0.40518460
383	0.42965877
394	0.41886256
399	0.44883626
417	0.42218981
420	0.42477441
19	0.59422109
41	0.67526754
149	0.49991517
222	0.45650190
250	0.47961161
260	0.44413673
288	0.46274028
312	0.38164502
339	0.41198934
357	0.45339668
5	0.67702962
9	0.67697085
12	0.67995782
51	0.59117488
97	0.58640735
103	0.46708673
111	0.55838839
114	0.44048081
128	0.57817630
165	0.41916540
192	0.53561825
194	0.45634336
212	0.48640569
271	0.41463057
296	0.44951114
316	0.41626161
359	0.42611611
367	0.40557251
381	0.36223839
398	0.40772796
35	0.59218318
57	0.58584787
171	0.42338152
241	0.42883246
245	0.56295545
272	0.42786422
298	0.42668318
400	0.44637488
14	0.68333270
56	0.67084336
60	0.66936185
67	0.49108768
70	0.65395166
95	0.59641991
101	0.54903175
119	0.52110829
133	0.55410000
137	0.61384265
157	0.44523910
216	0.45522630
240	0.49643460
265	0.44859763
320	0.41377678
326	0.41508697
341	0.44345924
354	0.43769905
376	0.43259621
405	0.39512133
17	0.68791872
23	0.68315332
117	0.46233389
150	0.56634123
278	0.40936114
416	0.41506398
45	0.47727630
47	0.51527915
53	0.64561682
62	0.65136493
73	0.61086754
91	0.55887891
92	0.43032109
131	0.52861919
143	0.55941872
169	0.42670474
173	0.42826588
174	0.48299645
224	0.46061896
227	0.44643720
284	0.45246351
305	0.45097938
375	0.40294431
25	0.63326777
37	0.59265427
43	0.53442891
80	0.50077109
96	0.59648744
127	0.47886801
156	0.55318152
217	0.44442488
279	0.38866185
291	0.46218104
58	0.61620758
61	0.61283270
87	0.52417867
129	0.48167725
135	0.51070948
246	0.48538957
259	0.46212915
282	0.39306351
295	0.43425355
310	0.43014834
319	0.46527417
334	0.42213294
350	0.50372536
384	0.39758412
391	0.42646896
407	0.35528128
18	0.62272820
93	0.62595758
167	0.40926588
176	0.44259194
219	0.40158791
412	0.40770427
22	0.59805545
69	0.51766777
74	0.59157725
99	0.41647536
102	0.60883199
120	0.51969573
122	0.46522512
138	0.56920071
152	0.42481588
159	0.48014265
162	0.55236659
164	0.58876825
172	0.48672607
181	0.42192370
185	0.41752867
197	0.44337204
253	0.48198791
270	0.46307299
277	0.40161327
290	0.41312844
299	0.49833389
304	0.40555427
327	0.43912251
330	0.48978531
346	0.46228626
348	0.40239076
358	0.43475403
369	0.39058460
382	0.42741114
387	0.46498412
410	0.40445735
94	0.53900829
115	0.52261777
146	0.49522583
170	0.57402227
183	0.43838175
228	0.42572583
54	0.54546232
113	0.54508365
144	0.42947251
85	0.59597488
166	0.43400142
182	0.41908839
202	0.39718246
360	0.37841374
86	0.51784526
134	0.62246611
151	0.43242867
154	0.60431848
238	0.43381635
247	0.50731991
285	0.40295877
309	0.44955569
388	0.43180095
50	0.56288981
294	0.42914526
356	0.38046825
418	0.38974100
82	0.56482867
195	0.47137630
218	0.55666043
311	0.49317915
374	0.38664787
409	0.40874289
168	0.37908602
213	0.47012346
244	0.42303483
251	0.46694787
262	0.38510024
297	0.42658531
337	0.42579953
385	0.40719123
52	0.63913815
178	0.48955782
220	0.42013673
268	0.42783957
335	0.40214100
365	0.40051209
100	0.55072678
209	0.45379929
404	0.39064360
132	0.47976493
230	0.42064289
105	0.50038365
235	0.36774336
329	0.34743744
116	0.52908033
126	0.41476896
231	0.45500806
32	0.57690616
280	0.36016469
287	0.40629882
397	0.39629550
264	0.46292227
313	0.39070521
408	0.40401825
187	0.42162370
263	0.36827962
303	0.39343720
98	0.59359171
286	0.44480592
372	0.39960213
211	0.48308389
395	0.31240616
421	0.40063720
64	0.63776114
411	0.36683673
160	0.45146635
215	0.42173412
254	0.37849123
196	0.51914645
406	0.37371611
414	0.37545427
198	0.42572962
266	0.39536090
349	0.38699573
229	0.48523602
261	0.38859550
269	0.44770427
221	0.40527180
318	0.40544100
123	0.46691517
204	0.51300142
252	0.45993578
121	0.51222701
210	0.42324028
351	0.37922725
148	0.48900687
193	0.46019502
289	0.43005190
307	0.48097322
333	0.44669265
336	0.44665403
355	0.41548697
177	0.46094716
323	0.36956754
402	0.41854384
225	0.52436090
325	0.40986303
328	0.40175284
389	0.37212156
155	0.46730450
190	0.44753626
237	0.39923270
136	0.50778981
186	0.45413294
200	0.44409147
208	0.43945284
380	0.35985616
324	0.42721280
352	0.37838697
258	0.44333412
175	0.52333507
179	0.44114597
292	0.46912844
322	0.39454194
377	0.39697275
363	0.44876588
142	0.55359455
188	0.43333412
321	0.41361777
191	0.45217109
118	0.50465450
205	0.39144882
236	0.38591517
273	0.40949005
353	0.42040924
386	0.34072370
153	0.43292536
302	0.42579100
267	0.45021635
419	0.37315853
199	0.44849242
364	0.47181232
390	0.33712938
415	0.33995758
147	0.48282109
201	0.41641066
243	0.47804479
275	0.37902820
343	0.39536825
145	0.44546540
223	0.50949360
189	0.38157583
317	0.39034905
293	0.36611588
315	0.44968294
403	0.38726469
347	0.35234052
393	0.37246564
314	0.34895948
342	0.38228768
413	0.31925640
234	0.39918175
366	0.34606943
396	0.33878270
331	0.34527227
370	0.37270498
233	0.38427512
368	0.31664194
378	0.35065261
306	0.36772607
392	0.31750545
283	0.39801327
338	0.34018199
401	0.32018981
