0	0.69230795
1	0.45188409
2	0.69259045
3	0.69120545
4	0.69225114
5	0.69246136
6	0.68883136
8	0.69267659
9	0.68685000
11	0.67976795
15	0.66941727
24	0.60997250
26	0.69051500
38	0.54968409
39	0.67720295
42	0.66471250
43	0.61581568
49	0.61401409
53	0.64145455
60	0.63388750
66	0.48859841
72	0.48800659
74	0.45062841
75	0.52912409
76	0.64592932
87	0.63416750
93	0.62832409
95	0.53923841
104	0.57419273
105	0.54567455
114	0.54327591
132	0.53041114
136	0.60494500
150	0.47015023
154	0.48074705
155	0.54801409
172	0.43318227
177	0.39783318
198	0.56414136
218	0.45553818
220	0.50218705
235	0.56040250
251	0.45202091
279	0.42818250
304	0.39703114
313	0.42073159
323	0.40821136
332	0.44980227
344	0.44380659
383	0.41492909
431	0.44092568
14	0.67990182
229	0.47540818
247	0.37626614
10	0.67918909
12	0.59316318
13	0.68146227
16	0.65622523
17	0.63327864
18	0.69172432
19	0.57762295
20	0.61595977
22	0.62939636
25	0.66855614
27	0.69234295
28	0.67813068
29	0.62800545
30	0.66801136
45	0.62199795
47	0.57669886
52	0.61620977
57	0.55919955
61	0.62932386
63	0.67304864
64	0.54657773
65	0.52815318
67	0.63969591
78	0.50556909
81	0.60389227
85	0.48815523
88	0.52150341
89	0.49045000
96	0.57897205
103	0.45431068
111	0.41219795
112	0.52127318
118	0.47363205
152	0.56122841
163	0.51951909
166	0.47726545
178	0.55835159
179	0.59053636
181	0.43084409
191	0.44318136
222	0.43735659
226	0.48696250
238	0.42169545
301	0.50940432
303	0.43630318
310	0.43213341
363	0.42899000
366	0.39370250
376	0.42900841
397	0.44967523
419	0.43697205
7	0.68974318
50	0.63576932
56	0.52490795
59	0.48863000
101	0.63166500
115	0.56386136
195	0.49003636
280	0.45065045
316	0.44502136
317	0.44721068
348	0.42796682
351	0.41684182
399	0.40165682
406	0.41015727
427	0.41422409
430	0.37691000
31	0.66370023
34	0.62362318
36	0.68455727
44	0.51172659
98	0.48186955
100	0.67069909
139	0.43485182
148	0.47934114
173	0.54169205
187	0.48218909
206	0.47209932
207	0.49416068
216	0.50358636
234	0.48010250
240	0.40937114
248	0.47610795
265	0.47738159
267	0.50342932
288	0.44439318
318	0.41765500
335	0.45842705
349	0.41111886
371	0.43691614
373	0.40057477
417	0.41681841
439	0.38004545
23	0.66203773
33	0.58734500
41	0.67329159
69	0.59773568
70	0.60694045
71	0.52486750
73	0.64950886
82	0.47570136
92	0.47089205
99	0.54279386
127	0.47593568
168	0.47923205
273	0.47579273
286	0.45669909
297	0.37969545
298	0.46890909
299	0.41023955
306	0.42739182
308	0.40549318
356	0.45812614
392	0.40303591
418	0.46998841
37	0.65274273
77	0.51705023
144	0.46952114
194	0.50200636
266	0.45393545
282	0.41121659
321	0.44890727
425	0.42056500
48	0.61783159
84	0.53183750
117	0.65138977
151	0.49690273
180	0.48948114
190	0.50493500
225	0.46364136
231	0.45527136
249	0.40684659
258	0.45567500
262	0.43732386
386	0.42305205
435	0.40476591
32	0.60148136
35	0.66542205
54	0.63615750
68	0.57783750
97	0.59360386
120	0.43343864
122	0.57349136
142	0.41635659
147	0.42589455
149	0.42437432
153	0.47997227
160	0.46438250
164	0.47929795
185	0.48392114
189	0.47689886
208	0.45311091
227	0.49084159
264	0.45173705
314	0.43661977
319	0.52654591
325	0.43346909
328	0.39509432
336	0.42440705
341	0.41903773
361	0.43193455
380	0.45298500
402	0.45146727
408	0.40391682
433	0.38801114
437	0.40627614
21	0.66661409
83	0.53178409
102	0.61465159
121	0.46432364
241	0.43740386
244	0.39024409
293	0.37970750
322	0.51379000
327	0.50441182
354	0.36343932
405	0.43563909
46	0.51797727
62	0.68818432
80	0.66779295
134	0.43453909
137	0.53368682
239	0.49165068
302	0.44044932
420	0.37572909
424	0.44853182
90	0.54882068
202	0.46650182
237	0.42316955
272	0.46080705
338	0.44688114
370	0.42370227
389	0.41482114
429	0.41116591
162	0.49848273
161	0.47671773
182	0.57073750
250	0.48975318
324	0.48501477
391	0.38537386
398	0.42771318
165	0.47147409
271	0.44023977
284	0.49786750
289	0.41268045
125	0.50630432
171	0.58218159
174	0.38866000
212	0.46538205
342	0.42743795
353	0.46693159
245	0.48189909
259	0.46097295
40	0.65910523
184	0.47911114
330	0.39913977
434	0.39133886
55	0.58765727
119	0.45402091
126	0.51253023
141	0.56858477
176	0.43157977
196	0.50867659
205	0.46320795
257	0.48098500
263	0.40249136
269	0.41577068
285	0.42990477
287	0.41687136
296	0.46622023
305	0.43833750
311	0.44685705
329	0.44750841
169	0.44666568
374	0.41179591
197	0.41872250
421	0.41524659
79	0.54513614
158	0.46382386
167	0.47139068
170	0.42697273
200	0.42092318
410	0.39922886
183	0.40488500
352	0.37811977
384	0.42193250
387	0.43762773
401	0.42561659
109	0.56880409
131	0.45299864
415	0.35370364
91	0.42649568
123	0.49299114
246	0.39227682
359	0.42531159
422	0.40770045
58	0.46193841
128	0.57028955
140	0.44714818
270	0.45591273
307	0.46967977
320	0.40654273
355	0.42123614
411	0.41585386
135	0.46449273
188	0.41856000
217	0.41979409
291	0.45185023
337	0.36876932
350	0.43972250
394	0.39005864
86	0.49378455
116	0.62244250
192	0.46225477
409	0.36401023
428	0.40468886
381	0.38021432
138	0.54097159
312	0.45499659
390	0.38406705
393	0.39975523
395	0.39767727
295	0.46999682
107	0.56571750
94	0.52273364
175	0.45973182
215	0.40382955
228	0.36447364
133	0.50896932
211	0.44047636
277	0.44667955
292	0.45939909
340	0.38280795
388	0.36871591
416	0.35657250
51	0.64545545
108	0.46429227
113	0.60785682
252	0.39998591
256	0.44110409
362	0.39453659
367	0.38184455
130	0.46770591
156	0.43831659
199	0.39288977
224	0.38851091
236	0.50223636
396	0.45377227
404	0.48915273
145	0.62279364
213	0.41309932
110	0.41622705
159	0.47822182
186	0.59033659
201	0.55211182
203	0.45885591
365	0.39592455
223	0.48519455
339	0.43726023
219	0.46574250
345	0.40013909
382	0.36284705
143	0.41852727
124	0.60552727
242	0.47093364
385	0.40508250
426	0.35399864
204	0.53852591
438	0.37979409
106	0.40660659
233	0.38585909
407	0.38697545
193	0.38734045
209	0.38564386
129	0.51540295
254	0.49487795
278	0.46934409
414	0.37536455
423	0.40460795
333	0.38920682
400	0.38368045
268	0.46655955
157	0.57500432
214	0.46846045
260	0.39696477
276	0.48254705
309	0.44386568
346	0.40786159
253	0.43278455
281	0.39534295
403	0.38088364
300	0.40262295
364	0.35445295
232	0.46849318
294	0.40237455
378	0.39638114
326	0.46530455
275	0.33742705
221	0.50712159
413	0.36916932
210	0.38664091
432	0.32547500
146	0.52827409
261	0.38897705
357	0.46148841
412	0.40204841
343	0.36313932
283	0.38437273
334	0.34043818
274	0.40190409
230	0.49443841
255	0.39286932
290	0.40610227
243	0.38823205
315	0.35689159
379	0.31173932
372	0.36446477
377	0.32466682
369	0.33052182
436	0.34150045
331	0.31965614
347	0.32971841
375	0.34295591
360	0.32269909
358	0.32552682
368	0.32184864
