0	0.69052356
1	0.60995594
2	0.68268129
3	0.69025270
4	0.69019550
5	0.69068076
6	0.68617158
9	0.69013579
10	0.69045737
11	0.62560899
13	0.68805054
14	0.68604191
16	0.67434856
17	0.62847662
19	0.68549209
21	0.66359083
26	0.54363076
28	0.67564065
42	0.66235108
44	0.48847590
48	0.68096367
50	0.68917608
54	0.67845234
55	0.48652572
60	0.67081115
62	0.57351331
63	0.49479820
69	0.53277104
75	0.49517680
86	0.52301349
90	0.53670306
92	0.58129245
96	0.66908723
99	0.51188921
100	0.59786978
106	0.48277086
107	0.67987806
110	0.43501601
118	0.51512068
123	0.50285647
128	0.49802878
130	0.49579946
135	0.48028471
138	0.46478651
139	0.52260108
146	0.60056853
148	0.45149173
152	0.60047302
156	0.53672590
161	0.50970216
164	0.55670432
178	0.44262158
179	0.43322896
180	0.48510108
188	0.56508040
195	0.44117914
198	0.45852068
201	0.50136025
203	0.42893291
204	0.43329299
206	0.52162536
208	0.56811691
219	0.46276403
224	0.47684622
230	0.42694065
239	0.42235881
254	0.42370719
256	0.46497356
257	0.54215594
260	0.42567752
273	0.43730755
297	0.44629173
303	0.44795594
304	0.42805072
306	0.47563237
308	0.48583993
311	0.45659730
347	0.50057662
354	0.46571457
368	0.42751817
373	0.45394802
377	0.40281241
393	0.40834712
409	0.38914784
410	0.42831439
437	0.47284227
456	0.44021097
462	0.46127050
463	0.41473399
468	0.42914173
470	0.45585072
478	0.44905522
482	0.42566403
485	0.42215504
495	0.40375971
498	0.41689137
509	0.40125737
510	0.45096565
518	0.36447212
523	0.41703633
527	0.41800270
554	0.43329119
18	0.62511241
29	0.56765000
76	0.59034892
89	0.54187608
491	0.37704191
7	0.68859820
8	0.68013112
56	0.58079424
70	0.57688633
79	0.62541403
186	0.45807374
247	0.41020647
307	0.42397860
325	0.50254442
346	0.47969245
371	0.45529640
405	0.39044137
407	0.40264388
439	0.45863219
516	0.40167554
12	0.67519550
15	0.68970432
30	0.62418004
31	0.68708561
58	0.68743957
140	0.61395917
174	0.59410971
185	0.53727734
249	0.43491475
250	0.47994568
276	0.46873957
343	0.46786547
369	0.41966313
422	0.41587410
453	0.42566942
473	0.38974550
480	0.41054209
528	0.36144371
22	0.62994514
24	0.51996205
25	0.60386888
32	0.65840576
33	0.66844011
34	0.65048687
38	0.58500665
40	0.60759676
59	0.63729838
81	0.68061601
88	0.61458165
94	0.60396079
114	0.57721673
115	0.45424245
119	0.53712410
124	0.60283633
126	0.48838363
129	0.63703309
142	0.39145737
143	0.50611187
144	0.59149478
150	0.63227518
158	0.58655090
160	0.46469856
163	0.54420701
166	0.50715018
172	0.58888633
175	0.45758669
182	0.53809353
189	0.43080288
191	0.58800863
193	0.53804227
205	0.51159766
207	0.40977752
211	0.48757968
244	0.42272896
246	0.42940036
271	0.47576421
278	0.41525486
288	0.41316349
289	0.47727842
294	0.41923183
302	0.46952104
320	0.46176025
323	0.49815971
330	0.43982500
334	0.52282104
339	0.48348165
344	0.42466565
355	0.46353453
357	0.43472824
366	0.41293094
376	0.48265216
379	0.47779406
382	0.39383345
384	0.42995108
385	0.39419406
391	0.41530827
408	0.47624568
411	0.44533939
444	0.40369227
448	0.41371097
452	0.38750054
469	0.42314371
481	0.39491025
486	0.41936817
490	0.45254424
507	0.38547716
520	0.41660108
542	0.42893831
546	0.43957806
27	0.66239748
36	0.59125414
37	0.62650378
41	0.54780629
51	0.60876403
57	0.67967050
64	0.67963759
71	0.60349227
83	0.44870540
91	0.58130594
95	0.47914263
103	0.54806978
112	0.52891727
197	0.47499550
210	0.41294406
255	0.42072698
279	0.43184676
301	0.54283165
319	0.41796745
329	0.39174299
392	0.42188687
434	0.43980701
459	0.39790432
508	0.37931942
514	0.40244119
544	0.40153076
35	0.52352536
45	0.63895000
49	0.51077986
61	0.58351619
153	0.59162806
213	0.44859766
229	0.53125917
317	0.41882014
389	0.46462914
492	0.43324101
77	0.65683381
98	0.48117050
167	0.57604137
221	0.43795737
251	0.46479119
263	0.49733687
331	0.50006061
402	0.43637554
403	0.40392716
488	0.40129460
47	0.54176817
125	0.56678669
252	0.43256061
532	0.41227320
539	0.43484712
20	0.66595450
72	0.44511259
73	0.60091421
74	0.64788633
173	0.43577590
176	0.54647968
183	0.49485881
218	0.46441799
226	0.46633201
228	0.43134460
237	0.53318903
243	0.41083219
284	0.49631097
291	0.51973957
315	0.50963561
336	0.47469856
431	0.47236439
436	0.37993507
447	0.39633795
547	0.45016601
23	0.66190396
87	0.57854137
97	0.60930594
101	0.50126673
132	0.51011727
133	0.60353633
190	0.51304388
235	0.55551313
280	0.51570647
313	0.41374856
324	0.44238849
340	0.45382302
348	0.42387536
417	0.45230450
423	0.40727788
442	0.40029227
449	0.40910719
458	0.42189191
497	0.41616007
521	0.40123129
537	0.36760216
541	0.47488561
85	0.48667284
550	0.40174029
52	0.53104083
127	0.60437932
136	0.56353903
298	0.51564047
300	0.47838112
517	0.38118741
548	0.40528705
66	0.59736745
131	0.45538723
177	0.53284029
356	0.41951277
367	0.41284802
400	0.42998363
503	0.40474568
117	0.54890558
151	0.57113183
200	0.53457302
253	0.50124406
258	0.51412176
295	0.50147734
296	0.48560306
328	0.41174514
332	0.45026745
341	0.46873651
365	0.41117878
374	0.41024227
421	0.40463381
524	0.42608399
526	0.39439496
39	0.59912734
82	0.56056493
157	0.51463525
159	0.44648129
187	0.54385863
202	0.49498795
269	0.50304299
349	0.52746421
395	0.41577968
399	0.43742014
420	0.38555000
425	0.37717554
443	0.38228417
461	0.38641241
80	0.50425270
93	0.63308201
104	0.46493435
120	0.51685144
404	0.41961349
513	0.41905953
522	0.47793903
184	0.47944838
285	0.47713040
292	0.48533040
435	0.40068237
122	0.57533795
267	0.43996691
43	0.66731924
53	0.68819406
68	0.56668507
234	0.40662914
430	0.37496924
555	0.43513687
111	0.44656781
116	0.43243471
232	0.45979047
281	0.47587878
318	0.44426439
414	0.37926763
196	0.43474119
268	0.41921277
358	0.43221655
310	0.48078957
446	0.48837824
484	0.38979838
165	0.49549263
372	0.46672554
386	0.44140288
502	0.37699388
65	0.60895809
464	0.39361241
108	0.61641097
113	0.49766709
220	0.48399460
333	0.42151924
364	0.35449460
370	0.44230629
225	0.42045665
342	0.46872572
350	0.41134209
418	0.44364155
512	0.42344964
531	0.38171151
545	0.40082122
264	0.49635126
67	0.56192860
102	0.54572752
277	0.40706259
46	0.67672752
137	0.59794892
222	0.51247482
233	0.42345432
283	0.53816223
293	0.40762392
316	0.39381978
487	0.38930917
489	0.40379083
84	0.58887734
162	0.60032482
299	0.47641043
305	0.39357770
549	0.41157572
274	0.49420665
309	0.42913004
78	0.53196115
290	0.37933561
432	0.40236817
238	0.50915198
149	0.47096709
141	0.46082500
245	0.45629083
445	0.41239892
170	0.44744946
312	0.41951906
287	0.39619532
413	0.43196115
519	0.42122572
533	0.38939892
169	0.49545432
265	0.47908399
272	0.42733363
363	0.43931619
121	0.46084388
505	0.36864424
181	0.52442248
266	0.54433453
147	0.53568309
474	0.34101079
261	0.40585180
282	0.48493507
476	0.38545989
534	0.37111601
109	0.58475809
134	0.59554892
168	0.56687914
286	0.44616493
335	0.45846475
359	0.51275953
145	0.54995935
199	0.49247104
241	0.41350809
321	0.43538957
451	0.40253813
454	0.43451133
536	0.39347518
215	0.42906637
223	0.58466691
529	0.39494424
361	0.40755486
397	0.38218849
401	0.40708813
433	0.41042230
553	0.36364281
155	0.42903417
171	0.50818507
242	0.49772068
270	0.41447896
326	0.41821619
390	0.38361709
543	0.43485144
327	0.44141421
479	0.40031403
154	0.54884586
438	0.44696655
416	0.38436439
194	0.50908597
236	0.50382104
419	0.38207734
338	0.39276853
499	0.40562284
394	0.44730036
466	0.42753489
496	0.40129155
351	0.51353957
406	0.37952212
337	0.38171133
471	0.37712392
231	0.44761277
248	0.40557590
360	0.44125629
378	0.41272752
398	0.40419029
380	0.37560396
428	0.42918219
506	0.35283507
227	0.42543399
314	0.45250324
424	0.38290288
500	0.40200576
551	0.35703040
105	0.57879353
209	0.45375827
540	0.37700737
465	0.31023651
426	0.35690180
275	0.40490845
450	0.37141619
240	0.35596691
216	0.51850809
353	0.37995180
511	0.39106781
535	0.42139910
440	0.38461367
460	0.44034227
457	0.37442500
345	0.38990270
483	0.37424209
477	0.32401619
472	0.35404532
441	0.35466295
214	0.44646493
352	0.42452680
259	0.57623381
515	0.36783795
217	0.46595090
212	0.57666529
375	0.50817446
530	0.38335953
192	0.54814838
262	0.38639766
396	0.35864317
388	0.31925935
429	0.37544209
467	0.37797860
504	0.37258705
552	0.34964874
362	0.43177536
383	0.42733076
501	0.36318435
415	0.34422914
322	0.41834263
494	0.40878885
525	0.33400594
381	0.35533417
387	0.36405863
412	0.33062374
475	0.31556835
455	0.37481996
493	0.36672014
538	0.32479676
427	0.37899838
