0 1
0 2
0 3
0 4
0 5
0 6
0 8
0 16
0 22
0 26
0 38
0 54
0 55
0 64
0 66
0 72
0 73
0 79
0 93
0 108
0 142
0 146
0 147
0 150
0 152
0 153
0 176
0 217
0 223
0 230
0 231
0 235
0 252
0 286
0 302
0 317
0 323
0 334
0 336
0 348
0 361
0 378
0 391
0 396
0 418
1 4
1 6
1 13
1 24
1 26
1 29
1 33
1 191
1 235
1 299
2 4
2 7
2 8
2 9
2 11
2 14
2 18
2 23
2 37
2 39
2 42
2 51
2 67
2 71
2 76
2 97
2 111
2 135
2 149
2 186
2 199
2 264
2 268
2 273
2 299
2 331
2 342
2 349
2 367
2 376
2 392
2 449
3 5
3 6
3 9
3 13
3 18
3 20
3 27
3 28
3 32
3 34
3 38
3 41
3 42
3 48
3 55
3 60
3 65
3 76
3 89
3 101
3 115
3 119
3 122
3 135
3 143
3 147
3 157
3 164
3 165
3 168
3 177
3 179
3 190
3 206
3 209
3 214
3 215
3 222
3 226
3 244
3 249
3 253
3 271
3 275
3 287
3 292
3 295
3 335
3 337
3 356
3 359
3 362
3 366
3 383
3 388
3 390
3 394
3 417
3 419
3 428
3 431
3 439
3 443
4 5
4 7
4 12
4 15
4 25
4 43
4 61
4 72
4 77
4 92
4 99
4 102
4 120
4 124
4 126
4 151
4 186
4 205
4 211
4 224
4 239
4 241
4 244
4 262
4 264
4 274
4 281
4 315
4 341
4 353
4 372
4 376
4 387
4 388
4 416
4 420
4 435
4 440
4 452
5 8
5 10
5 20
5 107
5 121
5 131
5 142
5 154
5 174
5 255
5 306
5 330
6 7
6 9
6 10
6 12
6 13
6 15
6 17
6 18
6 19
6 29
6 30
6 31
6 51
6 54
6 61
6 62
6 74
6 77
6 80
6 84
6 87
6 93
6 95
6 105
6 107
6 112
6 121
6 141
6 163
6 164
6 193
6 219
6 233
6 234
6 242
6 256
6 263
6 291
6 324
6 336
6 374
6 391
6 409
6 410
6 422
6 448
7 17
7 36
7 57
7 70
7 102
7 138
7 165
7 172
7 173
7 183
7 195
7 221
7 339
7 432
7 439
8 10
8 12
8 37
8 42
8 46
8 47
8 78
8 129
8 137
8 178
8 182
8 194
8 237
8 245
8 288
8 316
8 340
9 11
9 16
9 19
9 20
9 31
9 36
9 53
9 58
9 62
9 75
9 80
9 95
9 100
9 139
9 147
9 173
9 254
9 266
9 306
9 308
9 404
10 11
10 15
10 21
10 24
10 39
10 45
10 49
10 52
10 56
10 98
10 118
10 196
10 197
10 203
10 242
10 296
10 346
10 347
10 366
10 373
10 392
11 25
11 29
11 63
11 69
11 79
11 91
11 97
11 106
11 121
11 134
11 150
11 155
11 198
11 263
11 277
11 387
11 450
12 14
12 16
12 23
12 31
12 40
12 44
12 57
12 58
12 65
12 74
12 87
12 170
12 187
12 199
12 285
12 288
12 289
13 14
13 21
13 22
13 27
13 32
13 41
13 43
13 48
13 50
13 70
13 72
13 83
13 96
13 133
13 142
13 143
13 157
13 179
13 185
13 216
13 218
13 229
13 230
13 249
13 284
13 290
13 301
13 303
13 304
13 313
13 321
13 327
13 380
13 388
13 415
13 436
14 17
14 23
14 33
14 35
14 36
14 60
14 70
14 78
14 81
14 82
14 84
14 89
14 90
14 98
14 120
14 148
14 241
14 258
14 307
14 390
14 434
15 19
15 114
15 192
15 217
15 261
15 268
15 302
15 377
16 21
16 34
16 69
16 149
16 202
16 205
16 288
16 315
17 44
17 79
17 194
17 317
18 84
18 90
18 124
18 141
18 170
18 408
19 24
19 30
19 34
19 43
19 57
19 59
19 86
19 133
19 149
19 151
19 162
19 204
19 230
19 246
19 322
19 411
19 421
20 22
20 28
20 103
20 110
20 120
20 126
20 204
20 321
21 25
21 37
21 46
21 88
21 127
21 136
21 144
21 182
21 184
21 212
21 216
21 223
21 274
21 306
21 323
21 365
21 375
21 395
21 401
21 413
21 440
21 447
22 28
22 49
22 73
22 74
22 93
22 98
22 123
22 134
22 139
22 158
22 187
22 237
22 285
22 308
22 317
22 354
22 365
22 381
22 395
22 409
22 430
23 27
23 35
23 40
23 45
23 50
23 66
23 75
23 143
23 212
23 227
23 267
23 269
23 282
23 347
23 412
23 445
24 35
24 39
24 45
24 46
24 47
24 59
24 65
24 67
24 85
24 88
24 131
24 148
24 189
24 193
24 220
24 246
24 293
24 338
24 364
24 375
24 405
24 408
24 428
25 26
25 48
25 82
25 91
25 110
25 140
25 156
25 183
25 188
25 219
25 354
26 86
26 116
26 127
26 173
26 191
26 213
26 238
27 30
27 32
27 33
27 38
27 50
27 69
27 75
27 102
27 117
27 129
27 171
27 209
27 240
27 249
27 293
27 300
27 318
27 346
27 370
27 404
27 418
28 236
28 452
28 453
29 90
29 238
29 258
29 355
30 345
30 453
31 40
31 44
31 59
31 81
31 85
31 92
31 137
31 158
31 180
31 209
31 224
31 226
31 233
31 246
31 273
31 324
31 355
31 370
31 377
31 381
32 41
32 49
32 52
32 60
32 68
32 154
32 162
32 166
32 176
32 182
32 185
32 200
32 284
32 313
32 330
32 399
32 408
33 132
33 156
33 357
33 397
34 63
34 91
34 104
34 114
34 125
34 162
34 228
34 372
35 71
35 171
35 263
35 312
36 63
36 80
36 129
36 188
36 261
36 295
36 319
36 328
36 337
36 370
36 426
37 52
37 67
37 108
37 111
37 122
37 138
37 146
37 155
37 178
37 196
37 217
37 250
37 403
38 56
38 68
38 71
38 108
38 281
38 417
39 190
40 62
40 99
40 100
40 169
40 181
40 203
40 218
40 247
40 271
40 275
40 361
40 363
40 367
40 413
41 56
41 64
41 99
41 122
41 141
41 159
41 271
41 351
41 368
41 441
41 444
42 47
42 58
42 106
42 136
42 163
43 83
43 86
43 128
43 132
43 177
43 198
43 212
43 276
43 320
43 341
43 362
43 411
43 416
43 435
44 172
44 269
45 54
45 95
45 161
45 196
45 276
45 311
46 78
46 94
46 225
46 352
47 112
47 139
47 169
47 203
47 225
47 278
47 291
47 339
47 407
47 422
47 442
48 73
48 107
48 109
48 119
48 214
48 267
49 51
49 53
49 82
49 119
49 168
49 201
49 210
49 267
49 303
49 341
49 359
49 371
49 376
50 55
50 66
50 103
50 105
50 106
50 166
50 343
51 53
51 118
51 365
52 103
52 192
52 310
52 312
53 61
53 109
53 111
53 250
55 216
55 265
55 320
55 326
55 353
56 140
56 175
56 273
56 279
56 349
56 399
56 438
57 151
57 294
58 113
58 115
58 177
58 195
58 202
58 206
58 297
58 350
58 358
59 311
59 344
60 88
60 127
60 153
60 158
60 200
61 64
61 83
61 94
61 96
61 124
61 132
61 140
61 168
61 229
61 248
61 253
61 334
62 76
62 278
62 393
63 126
63 175
64 113
64 228
64 234
64 254
64 326
64 380
65 68
65 94
65 112
65 114
65 134
65 146
65 302
65 305
65 385
66 110
66 130
66 349
67 272
68 77
68 135
68 156
68 188
68 409
69 150
69 300
72 186
72 332
72 346
72 382
72 452
73 104
73 128
73 296
73 426
73 446
74 213
74 426
75 247
76 152
76 175
76 260
76 415
77 97
77 100
77 123
77 172
77 240
77 290
77 320
77 327
78 81
78 429
79 159
80 87
80 152
80 181
80 357
80 396
80 427
80 432
81 294
82 109
82 207
83 85
83 219
83 248
83 286
84 137
84 195
84 316
84 399
87 89
87 115
87 125
87 229
87 242
87 266
87 274
87 275
87 290
87 298
87 308
87 309
87 318
87 423
88 101
88 243
88 419
89 105
89 194
90 92
90 133
90 247
90 400
91 104
91 282
91 406
92 96
92 101
92 117
92 130
92 154
92 215
92 224
92 225
92 313
92 389
92 398
92 405
92 439
93 211
93 307
93 444
94 116
94 276
95 205
95 236
95 343
95 352
95 425
95 449
96 125
96 160
96 163
96 180
96 189
96 239
96 278
96 305
96 331
96 403
97 184
97 259
97 328
98 264
98 402
99 116
99 181
99 419
100 198
100 429
101 117
101 118
101 167
101 279
101 286
101 448
102 319
102 358
102 382
102 451
103 113
103 253
103 425
103 453
104 167
104 280
104 297
104 322
104 384
104 447
106 136
106 167
106 197
106 227
106 251
106 257
106 270
106 411
106 414
108 138
108 145
108 166
108 222
108 265
109 161
109 197
109 222
109 231
109 244
109 277
110 223
110 438
111 157
111 161
111 179
111 327
111 352
111 353
112 226
112 430
113 174
113 231
113 300
114 199
114 248
114 335
114 357
115 171
115 232
115 386
115 397
115 441
116 316
117 369
119 208
119 213
119 272
119 301
119 412
120 123
120 148
120 170
120 243
121 268
121 284
122 319
122 423
122 450
123 131
123 145
123 254
123 259
123 280
123 351
123 431
124 128
124 183
124 260
125 298
125 303
125 344
125 417
126 155
127 201
127 292
127 296
127 386
128 283
129 130
129 174
129 187
129 228
129 446
130 165
130 221
130 329
130 363
131 301
131 442
132 220
132 236
132 287
133 164
133 193
133 234
133 443
134 144
134 191
134 270
134 287
134 331
134 332
134 424
134 429
135 144
135 277
135 432
135 433
136 159
136 245
136 299
137 153
137 160
137 189
137 348
137 450
138 451
139 358
139 387
140 207
140 405
141 145
141 329
142 204
143 255
143 386
144 169
144 281
145 160
145 184
146 185
146 285
146 381
147 356
148 251
149 206
149 215
151 192
151 208
151 233
151 374
152 200
152 309
152 333
152 440
156 207
156 232
156 258
156 270
156 342
157 251
158 325
158 437
160 255
162 291
162 295
162 442
163 304
163 342
163 418
164 220
164 237
165 178
165 202
165 314
165 406
166 211
168 333
168 384
169 324
170 176
171 389
173 403
174 214
174 239
175 265
176 180
176 210
176 238
176 404
177 414
178 227
178 344
178 394
179 201
179 391
180 210
180 289
180 304
180 393
181 415
182 235
182 379
183 401
184 252
185 241
185 314
186 221
186 355
186 379
186 424
187 190
187 218
187 330
188 257
189 256
189 351
189 363
190 343
190 364
191 394
191 421
192 252
192 259
192 298
192 390
193 292
195 369
196 427
197 339
197 379
199 332
199 400
200 360
201 232
201 325
203 412
204 208
204 328
206 449
209 410
212 305
214 431
217 413
218 256
218 323
218 360
218 402
218 414
219 294
220 406
222 395
222 402
223 446
224 368
226 315
228 240
228 443
232 243
232 293
232 329
232 354
232 364
232 425
235 257
235 260
235 262
235 398
235 451
240 245
240 340
240 368
241 280
242 371
243 307
243 312
246 282
247 350
249 250
249 262
249 345
249 371
250 261
250 367
251 283
251 345
251 398
252 347
253 309
253 361
254 321
256 310
256 437
257 385
258 266
259 279
259 396
261 269
261 335
263 454
265 272
265 401
266 348
266 434
268 407
268 437
269 433
270 340
270 362
270 382
270 424
270 444
272 297
272 436
276 454
277 430
279 289
279 366
280 356
281 283
281 337
283 378
284 434
285 318
287 310
287 447
289 389
291 383
291 445
292 338
297 314
297 322
297 369
298 311
298 374
298 375
300 338
303 350
304 377
304 385
304 407
306 325
306 393
306 427
307 334
308 416
310 326
312 336
314 360
316 428
318 373
319 422
322 333
328 438
329 372
339 384
341 397
345 359
354 378
358 400
360 435
361 441
362 380
362 423
368 445
369 436
370 373
378 383
387 433
388 420
390 420
391 392
403 410
414 454
420 421
436 448
