0 1
0 2
0 3
0 4
0 5
0 6
0 8
0 9
0 10
0 11
0 15
0 18
0 23
0 25
0 27
0 35
0 37
0 46
0 54
0 63
0 69
0 70
0 73
0 78
0 80
0 108
0 109
0 118
0 138
0 143
0 153
0 167
0 192
0 199
0 200
0 207
0 211
0 230
0 250
0 251
0 252
0 256
0 295
0 304
0 313
0 338
0 348
0 368
0 376
0 380
0 383
0 391
0 394
0 406
0 416
0 421
0 428
0 437
1 4
1 6
1 7
1 15
1 46
1 48
1 50
1 52
1 68
1 71
1 99
1 111
1 137
1 143
1 170
1 189
1 191
1 210
1 212
1 237
1 275
1 284
1 330
1 352
1 398
1 429
2 5
2 17
2 18
2 21
2 39
2 50
2 76
2 87
2 89
2 97
2 119
2 122
2 124
2 167
2 200
2 293
2 298
2 335
2 356
3 4
3 5
3 7
3 10
3 12
3 14
3 19
3 24
3 36
3 74
3 76
3 85
3 98
3 113
3 118
3 137
3 156
3 172
3 173
3 211
3 216
3 220
3 275
3 297
3 375
4 6
4 7
4 8
4 25
4 28
4 44
4 49
4 60
4 62
4 64
4 75
4 85
4 95
4 98
4 103
4 145
4 229
4 242
4 267
4 282
4 283
4 285
4 322
4 332
4 354
4 380
4 389
4 391
4 415
5 11
5 13
5 14
5 21
5 26
5 29
5 31
5 32
5 33
5 34
5 37
5 41
5 44
5 45
5 48
5 67
5 70
5 77
5 82
5 86
5 91
5 93
5 100
5 108
5 127
5 135
5 138
5 146
5 150
5 153
5 154
5 155
5 173
5 194
5 199
5 203
5 206
5 209
5 226
5 247
5 260
5 261
5 264
5 266
5 283
5 287
5 303
5 330
5 339
5 343
5 360
5 367
5 375
5 389
5 407
5 431
6 8
6 9
6 16
6 20
6 26
6 30
6 34
6 35
6 42
6 44
6 47
6 58
6 63
6 88
6 99
6 120
6 135
6 161
6 201
6 215
6 229
6 271
6 308
6 312
6 326
6 336
6 387
6 432
7 12
7 15
7 35
7 92
7 112
7 123
7 154
7 168
7 175
7 182
7 201
7 235
7 244
7 270
7 275
7 315
7 317
7 366
7 422
8 9
8 13
8 16
8 21
8 23
8 24
8 28
8 29
8 36
8 43
8 45
8 51
8 56
8 57
8 61
8 78
8 83
8 102
8 119
8 125
8 136
8 139
8 161
8 166
8 180
8 190
8 196
8 209
8 213
8 227
8 236
8 250
8 267
8 268
8 278
8 291
8 307
8 327
8 350
8 393
8 418
8 425
9 10
9 18
9 27
9 33
9 61
9 65
9 71
9 87
9 107
9 121
9 151
9 239
9 271
9 279
9 288
9 344
10 11
10 13
10 14
10 80
10 101
10 133
10 139
10 162
10 207
10 273
10 278
10 352
10 359
10 405
10 414
11 12
11 19
11 52
11 82
11 126
11 158
11 199
11 241
11 254
11 340
11 369
11 382
11 412
12 17
12 37
12 76
12 90
12 116
12 149
12 164
12 178
12 220
12 235
12 247
12 372
12 380
13 16
13 17
13 19
13 20
13 22
13 24
13 32
13 33
13 41
13 47
13 53
13 66
13 72
13 73
13 84
13 90
13 99
13 104
13 106
13 114
13 123
13 124
13 130
13 135
13 136
13 141
13 143
13 148
13 173
13 174
13 231
13 237
13 240
13 256
13 286
13 295
13 369
13 392
13 412
14 22
14 27
14 40
14 45
14 49
14 53
14 54
14 80
14 134
14 140
14 171
14 186
14 195
14 209
14 228
14 238
14 264
14 282
14 289
14 290
14 319
14 324
14 340
14 387
15 22
15 31
15 42
15 51
15 58
15 203
16 25
16 31
16 142
16 185
16 224
16 233
16 262
16 269
16 303
16 320
16 351
16 398
17 36
17 167
17 174
17 276
17 347
17 353
17 359
17 366
17 374
17 406
17 414
17 426
18 20
18 23
18 48
18 81
18 87
18 94
18 218
18 302
18 331
19 29
19 30
19 32
19 38
19 49
19 51
19 64
19 81
19 106
19 180
19 191
19 204
19 269
19 297
19 341
19 360
19 388
19 403
19 416
20 120
20 142
20 349
20 361
21 131
21 165
21 205
21 223
21 430
22 43
22 77
22 140
22 145
22 168
22 226
22 292
22 319
22 409
23 26
23 28
23 46
23 63
23 95
23 110
23 223
23 241
23 262
23 276
23 314
23 338
23 345
23 384
24 56
24 59
24 69
24 195
24 216
24 292
24 396
24 400
25 38
25 83
25 86
25 132
25 192
25 236
25 278
25 292
25 305
25 364
26 39
26 75
26 129
26 257
26 294
26 437
27 30
27 39
27 54
27 60
27 62
27 91
27 100
27 131
27 164
27 185
27 197
27 230
27 233
27 304
27 306
28 40
28 50
28 52
28 72
28 75
28 122
28 126
28 129
28 183
28 190
28 398
29 62
29 73
29 109
29 130
29 174
29 251
29 293
29 400
29 415
29 424
30 43
30 60
30 79
30 159
30 197
30 276
30 354
30 358
31 34
31 41
31 57
31 68
31 103
31 188
31 218
31 222
31 234
31 272
31 357
31 360
31 371
31 405
32 61
32 105
32 152
32 176
32 198
32 233
32 282
32 372
32 395
33 55
33 71
33 74
33 86
33 94
33 113
33 115
33 142
33 145
33 212
33 258
33 281
33 334
33 374
33 378
33 436
34 134
34 159
34 195
34 196
34 200
35 42
35 157
35 196
35 283
35 294
35 416
36 155
36 382
36 393
37 38
37 40
37 59
37 90
37 119
37 128
37 169
37 172
37 183
37 219
37 232
37 243
37 390
37 403
37 420
38 65
38 184
38 308
38 346
38 362
39 47
39 117
39 118
39 165
39 188
39 389
40 102
40 115
40 122
40 126
40 215
40 239
40 242
41 57
41 109
41 129
41 182
41 214
41 252
42 152
43 170
43 194
43 205
43 225
43 281
43 429
44 55
44 72
44 78
44 141
44 149
44 179
44 421
45 286
45 377
46 55
46 192
46 198
46 243
46 426
47 120
47 163
47 249
48 65
48 67
48 104
48 137
48 146
48 220
48 234
48 279
48 280
48 321
49 68
49 93
49 117
49 163
49 346
49 379
50 53
50 56
50 58
50 66
50 88
50 97
50 105
50 114
50 175
50 179
50 187
50 207
50 247
50 350
50 355
50 368
50 370
51 301
51 332
52 79
52 123
52 138
52 162
52 228
52 323
52 403
53 98
53 149
53 151
53 155
53 224
53 230
53 367
54 70
54 144
54 229
54 323
55 74
55 77
55 92
55 96
55 101
55 105
55 121
55 181
55 203
55 217
55 311
55 326
55 330
55 408
55 434
56 67
56 127
56 157
56 160
56 175
56 223
56 369
56 375
56 422
57 116
57 158
57 339
58 59
58 66
58 239
58 270
58 314
58 399
59 88
59 193
59 232
60 194
60 197
60 259
60 307
60 342
60 419
61 96
62 89
62 94
62 111
62 116
62 240
62 281
63 64
63 81
63 93
64 69
64 181
64 219
64 404
65 79
65 104
65 254
65 312
65 316
65 351
66 193
67 107
67 108
67 163
67 313
67 318
69 89
69 103
69 177
69 210
69 355
69 423
70 110
70 112
70 114
70 431
71 97
71 169
71 257
71 265
71 266
71 274
71 285
71 328
71 386
72 298
73 82
73 202
73 214
73 343
74 300
75 240
75 246
75 258
75 404
76 102
76 113
76 136
76 268
76 353
76 420
77 83
77 205
77 217
77 243
77 362
78 112
79 184
79 310
80 84
80 85
80 134
80 245
80 353
80 384
80 427
81 128
81 150
81 178
81 345
82 84
82 162
82 191
82 227
82 302
82 318
82 337
82 395
82 428
83 125
83 132
83 146
83 181
83 341
83 352
84 133
84 259
84 333
85 198
86 115
86 158
86 165
86 430
87 91
87 92
87 96
87 144
87 260
87 286
87 300
87 397
89 128
89 159
89 251
89 385
91 100
91 125
91 141
91 148
91 202
91 226
91 311
91 331
91 365
91 386
94 95
94 351
94 423
95 213
95 297
95 373
97 377
97 393
98 101
98 169
98 172
99 211
99 296
99 316
99 334
99 401
100 157
100 160
100 187
100 206
100 294
100 310
100 339
101 111
101 179
101 221
101 225
101 379
101 414
102 204
102 401
103 396
104 187
104 188
104 299
105 106
105 107
105 132
105 154
105 170
105 262
105 315
105 367
106 213
107 264
107 289
108 110
108 121
109 117
109 144
109 171
109 255
109 289
110 160
110 261
111 166
111 263
111 296
112 334
113 183
113 201
114 344
115 124
115 131
115 161
115 318
115 332
115 357
117 218
117 382
118 130
118 219
118 245
118 277
118 327
118 364
118 387
118 392
119 127
119 150
119 284
119 288
120 260
120 273
121 168
121 176
121 190
121 329
122 291
124 176
126 139
126 140
126 148
126 186
126 214
126 290
127 153
127 156
127 186
127 305
128 152
128 202
128 309
128 384
129 164
129 210
129 337
129 349
129 402
130 133
130 189
130 208
132 151
132 359
132 386
132 425
132 437
134 185
134 261
134 341
135 206
135 301
135 336
135 394
135 431
137 177
137 279
137 316
137 368
137 379
139 147
139 224
139 335
140 147
141 156
141 298
141 344
141 433
142 147
143 221
143 370
145 310
145 320
145 365
146 357
147 328
148 215
148 241
148 333
148 402
149 248
149 388
150 238
150 407
151 166
151 373
152 326
153 180
153 258
153 272
153 277
153 313
153 324
153 348
153 390
154 385
155 212
157 305
157 319
158 237
158 256
158 280
158 372
158 408
158 432
159 189
160 171
160 244
160 284
160 401
166 271
167 177
167 217
167 269
168 182
168 350
168 377
168 420
169 381
169 410
169 419
169 436
170 325
173 348
174 204
174 228
174 435
175 234
175 315
176 405
177 178
177 227
177 363
177 397
179 193
179 266
179 331
180 208
181 184
181 263
181 291
183 385
183 426
184 270
184 427
185 287
188 411
190 418
191 285
194 238
194 249
194 274
194 290
195 257
196 235
196 265
196 293
196 302
196 388
199 222
199 236
199 259
199 378
200 222
200 277
200 347
200 362
201 208
201 221
201 245
201 252
203 263
204 248
204 342
206 265
207 254
208 232
208 374
209 242
209 280
209 381
209 424
210 216
210 249
211 268
215 244
215 246
215 255
215 323
215 325
215 329
219 301
219 356
219 371
220 225
220 400
222 396
223 272
223 299
223 309
224 274
224 317
225 231
226 246
226 253
226 321
226 327
228 417
228 428
229 231
229 273
229 307
230 253
230 309
230 311
230 317
230 324
230 376
231 361
232 422
233 329
236 322
236 340
236 371
237 373
238 325
239 421
240 395
241 338
241 358
243 381
243 383
246 248
246 255
248 250
250 253
250 287
250 306
250 430
251 288
251 376
251 399
254 358
257 295
260 391
260 413
262 363
262 370
265 267
266 394
267 320
268 299
268 356
269 378
270 296
270 303
271 328
271 434
273 424
278 306
279 304
279 308
279 423
283 436
284 349
286 435
287 412
289 417
289 432
290 314
293 433
295 434
296 409
296 413
298 300
301 406
302 342
303 361
304 322
304 333
304 335
304 343
304 345
305 312
306 321
306 392
307 413
315 336
315 347
316 346
318 337
319 354
324 402
327 407
327 408
327 425
328 415
329 363
329 366
332 419
333 411
333 433
342 409
348 410
351 355
351 383
353 365
353 427
354 364
368 429
369 390
373 404
376 411
376 417
379 435
382 397
385 399
386 410
407 418
