0 1
0 2
0 3
0 4
0 5
0 7
0 9
0 10
0 11
0 12
0 19
0 21
0 23
0 30
0 35
0 39
0 40
0 42
0 43
0 45
0 48
0 53
0 61
0 62
0 65
0 66
0 71
0 76
0 79
0 80
0 99
0 102
0 120
0 127
0 128
0 139
0 147
0 155
0 156
0 157
0 171
0 172
0 180
0 191
0 202
0 218
0 221
0 224
0 257
0 293
0 345
0 357
0 360
0 384
0 398
0 444
0 475
0 476
0 490
0 498
1 4
1 12
1 13
1 18
1 21
1 26
1 51
1 57
1 62
1 85
1 154
1 179
1 219
1 240
1 251
1 264
1 276
1 324
1 347
1 361
1 380
1 443
1 455
2 4
2 5
2 6
2 7
2 8
2 9
2 10
2 14
2 16
2 17
2 18
2 22
2 25
2 27
2 34
2 38
2 39
2 47
2 48
2 53
2 55
2 60
2 61
2 67
2 69
2 81
2 99
2 106
2 110
2 119
2 121
2 126
2 132
2 133
2 193
2 198
2 225
2 238
2 270
2 295
2 316
2 317
2 356
2 368
2 390
2 392
2 396
2 407
2 423
2 446
2 465
2 469
2 479
2 491
2 494
3 6
3 15
3 17
3 92
3 126
3 140
3 148
3 185
3 204
3 221
3 288
3 333
3 387
3 390
3 408
3 418
3 449
4 5
4 9
4 15
4 18
4 22
4 25
4 30
4 31
4 35
4 38
4 52
4 65
4 109
4 115
4 139
4 157
4 173
4 182
4 227
4 237
4 249
4 258
4 294
4 303
4 305
4 317
4 327
4 346
4 353
4 354
4 361
4 373
4 398
4 420
4 438
4 461
4 492
4 495
4 500
4 504
5 6
5 7
5 13
5 19
5 20
5 23
5 26
5 27
5 32
5 36
5 44
5 46
5 63
5 70
5 80
5 86
5 90
5 98
5 101
5 105
5 107
5 113
5 118
5 122
5 125
5 133
5 134
5 135
5 153
5 161
5 166
5 170
5 184
5 190
5 203
5 259
5 281
5 286
5 334
5 344
5 345
5 371
5 383
5 403
5 432
5 453
5 455
5 459
5 482
6 8
6 11
6 12
6 17
6 20
6 26
6 36
6 56
6 90
6 92
6 93
6 145
6 203
6 206
6 270
6 279
6 312
6 419
6 453
6 503
7 8
7 10
7 11
7 15
7 16
7 21
7 24
7 25
7 32
7 34
7 35
7 36
7 41
7 49
7 56
7 63
7 74
7 84
7 91
7 92
7 109
7 122
7 129
7 131
7 168
7 187
7 211
7 218
7 253
7 260
7 315
7 335
7 341
7 364
7 394
7 399
7 401
7 409
7 447
8 22
8 29
8 43
8 46
8 54
8 55
8 102
8 113
8 177
8 204
8 223
8 225
8 302
8 413
9 16
9 20
9 23
9 50
9 52
9 150
9 163
9 191
9 192
9 208
9 260
9 266
9 277
9 304
9 504
10 55
10 62
10 112
10 414
11 14
11 24
11 66
11 68
11 75
11 147
11 225
11 480
12 13
12 24
12 42
12 59
12 77
12 82
12 95
12 114
12 139
12 160
12 188
12 243
12 248
12 256
12 262
12 271
12 300
12 331
12 497
13 14
13 31
13 33
13 37
13 39
13 41
13 44
13 47
13 50
13 54
13 58
13 67
13 68
13 72
13 75
13 78
13 106
13 129
13 134
13 149
13 162
13 198
13 213
13 219
13 222
13 234
13 267
13 269
13 312
13 360
13 443
13 473
14 28
14 48
14 73
14 82
14 85
14 118
14 141
14 143
14 146
14 175
14 193
14 211
14 231
14 252
14 254
14 257
14 323
14 342
14 343
14 344
14 393
14 397
14 428
14 448
14 485
15 19
15 28
15 73
15 97
15 117
15 121
15 134
15 167
15 181
15 274
15 460
16 28
16 31
16 45
16 52
16 71
16 85
16 104
16 120
16 128
16 141
16 152
16 154
16 165
16 169
16 177
16 195
16 288
16 311
16 316
16 332
16 370
16 473
17 69
17 116
17 178
17 183
17 200
17 239
17 267
17 401
17 483
18 45
18 123
18 226
18 265
18 350
18 361
19 145
19 174
19 186
19 372
19 432
19 476
19 478
19 496
20 29
20 30
20 40
20 41
20 44
20 72
20 83
20 87
20 124
20 176
20 182
20 210
20 216
20 235
20 240
20 246
20 248
20 250
20 270
20 330
20 351
20 384
20 392
20 393
20 399
20 436
20 467
21 89
21 125
21 277
21 323
21 465
21 490
22 32
22 51
22 79
22 84
22 91
22 159
22 187
22 188
22 241
22 256
22 291
22 304
22 335
22 430
22 459
22 486
23 38
23 56
23 60
23 61
23 76
23 96
23 105
23 208
23 222
23 234
23 282
23 290
23 292
23 301
23 313
23 493
25 27
25 34
25 78
25 101
25 120
25 136
25 142
25 232
25 244
25 442
25 499
26 37
26 49
26 58
26 86
26 101
26 177
26 196
26 233
26 400
27 33
27 104
27 164
27 201
27 203
27 235
27 340
27 363
27 367
27 381
27 397
27 415
27 505
28 29
28 33
28 40
28 57
28 64
28 94
28 97
28 103
28 108
28 132
28 143
28 179
28 180
28 244
28 258
28 360
28 397
28 416
28 457
29 59
29 81
29 176
29 230
29 263
29 309
29 369
29 388
29 414
29 424
30 43
30 50
30 54
30 70
30 148
30 218
30 257
30 262
30 320
30 389
30 422
30 431
30 448
30 452
30 461
30 473
30 475
30 485
30 486
30 491
31 47
31 90
31 119
31 126
31 171
31 233
31 280
31 374
31 381
31 460
32 93
32 104
32 112
32 137
32 331
32 451
32 494
33 37
33 42
33 57
33 67
33 81
33 97
33 103
33 109
33 111
33 245
33 271
33 386
33 435
34 59
34 60
34 65
34 74
34 79
34 110
34 132
34 156
34 172
34 184
34 217
34 226
34 241
34 242
34 280
34 282
34 306
34 324
34 349
34 350
34 446
35 202
36 66
36 286
38 46
38 77
38 87
38 100
38 262
38 289
38 404
38 427
39 111
39 125
39 153
39 205
39 298
39 300
39 372
39 458
39 488
40 115
40 150
40 153
40 196
40 308
40 341
40 379
40 415
40 492
41 64
41 75
41 136
41 156
41 174
41 187
41 235
41 362
41 369
41 373
42 78
42 128
42 151
42 194
42 221
42 223
42 324
42 341
42 345
43 83
43 116
43 159
43 176
43 178
43 198
43 230
43 247
43 336
43 459
43 462
43 480
44 49
44 193
44 233
44 269
45 51
45 53
45 64
45 76
45 169
45 207
45 237
45 247
45 251
45 312
45 427
45 468
46 69
46 94
46 123
46 124
46 149
46 175
46 196
46 214
46 300
46 302
46 356
47 71
47 83
47 89
47 91
47 93
47 102
47 140
47 147
47 162
47 212
47 281
47 296
47 348
47 363
47 444
47 456
47 502
48 94
48 103
48 151
48 212
48 259
48 438
49 68
49 142
49 205
49 342
49 407
49 415
49 445
50 73
50 160
50 204
50 502
51 58
51 87
51 150
51 164
51 200
51 303
51 308
51 330
51 377
51 404
52 96
52 138
52 167
52 206
52 213
52 238
52 307
52 318
52 382
52 401
52 433
53 121
53 140
53 152
53 167
53 250
53 291
53 325
53 365
53 423
53 438
53 443
54 77
54 106
54 178
54 197
54 280
54 398
55 70
55 88
55 434
56 72
56 80
56 86
56 98
56 285
56 417
57 63
57 84
57 105
57 107
57 311
58 98
58 159
58 420
58 471
59 199
59 325
60 130
60 138
60 273
60 287
60 310
60 434
61 135
62 268
62 488
63 88
63 115
63 157
63 166
63 195
63 239
63 260
63 334
63 367
63 471
63 472
64 183
64 272
64 357
65 74
65 107
65 112
65 155
65 162
65 169
65 175
65 246
65 261
65 263
65 288
65 320
65 333
65 383
65 437
65 448
66 368
67 82
67 114
67 299
67 479
68 192
68 267
68 315
68 410
69 138
69 151
69 429
70 88
71 347
71 503
72 118
72 123
72 181
72 353
73 144
73 342
73 375
73 432
75 95
75 108
75 113
75 116
75 122
75 149
75 152
75 172
75 274
75 301
75 303
75 326
75 354
75 358
75 391
75 487
75 501
76 95
76 197
76 245
76 247
76 322
76 348
76 371
76 417
76 467
77 452
78 117
78 161
78 249
78 463
78 489
80 264
80 378
80 425
81 89
81 252
82 100
82 229
82 254
82 474
82 502
83 366
83 469
84 168
84 170
84 205
84 284
84 285
84 309
84 431
85 189
85 326
85 347
85 426
86 393
86 444
87 339
87 451
87 470
88 114
88 136
88 190
88 358
88 373
89 110
89 179
89 180
89 377
89 383
90 96
90 100
90 127
90 130
90 165
90 188
90 287
90 384
92 362
93 108
93 137
93 275
93 493
95 224
95 264
95 321
96 99
96 294
96 309
96 344
97 237
97 451
98 124
98 133
98 163
98 173
98 278
98 391
99 236
99 238
99 259
100 146
100 158
100 166
100 174
100 181
100 206
100 217
100 229
101 222
101 255
101 285
101 348
101 429
102 130
102 255
103 283
104 158
104 228
104 273
104 278
104 290
104 376
105 119
105 154
105 185
105 212
105 241
105 498
106 160
106 185
106 186
106 242
106 354
106 385
106 411
106 449
106 453
106 458
107 191
107 242
107 253
108 111
108 197
108 409
108 454
109 369
110 117
110 131
110 146
110 268
110 352
110 359
110 395
110 498
111 339
112 141
112 190
112 192
112 292
112 295
112 497
113 131
113 143
113 158
113 165
113 194
113 325
113 400
114 171
114 186
114 217
114 364
114 494
115 137
115 201
115 215
115 436
116 338
117 236
117 276
117 316
117 431
117 450
117 475
118 482
119 210
119 275
119 286
120 127
120 228
121 293
121 395
121 440
122 144
122 148
122 223
122 271
122 283
122 290
122 298
122 319
122 358
122 396
122 410
122 503
123 129
123 405
124 359
125 145
125 406
126 135
126 210
126 216
126 276
126 355
126 411
127 142
127 144
127 311
129 463
130 213
130 261
130 468
131 230
131 371
133 155
133 168
134 340
134 426
134 430
135 209
136 489
137 227
138 164
138 173
138 182
138 201
138 215
138 227
138 282
138 284
138 353
138 370
138 378
138 420
138 447
138 463
138 483
138 484
138 487
138 495
139 163
140 377
141 281
142 318
142 332
143 200
143 356
143 472
144 244
144 266
145 382
145 403
147 234
147 310
147 376
147 416
147 477
147 497
148 296
148 403
150 307
151 293
151 328
151 486
152 194
152 214
152 327
152 335
152 439
153 207
153 485
154 326
155 183
155 202
155 207
155 219
155 226
155 269
155 299
155 314
155 323
155 343
155 386
155 388
155 391
155 421
155 422
155 450
156 161
156 189
156 229
156 329
156 410
156 466
157 170
158 362
159 184
159 199
159 258
159 284
159 291
159 299
159 322
159 433
159 435
160 209
160 254
162 246
162 302
163 228
163 243
163 340
163 368
164 306
164 319
165 480
166 195
166 352
167 245
167 307
168 272
169 208
170 220
171 250
171 487
171 489
173 211
175 209
175 277
177 251
177 338
178 240
178 436
178 441
178 456
179 481
180 231
180 292
180 294
180 327
181 366
182 305
182 314
182 479
183 220
183 272
185 355
186 189
186 224
186 319
186 355
187 490
188 256
189 253
189 330
189 337
189 446
190 289
190 336
190 496
191 255
191 339
193 297
193 328
194 379
195 199
195 301
195 349
195 435
195 462
196 474
197 400
197 413
199 408
201 331
202 215
202 392
202 414
203 266
203 484
204 297
204 442
205 261
207 308
207 365
207 437
207 454
207 488
208 249
208 265
208 329
208 346
208 416
209 273
211 214
211 231
211 313
211 315
211 328
211 364
211 387
212 232
212 439
214 216
214 248
214 321
216 263
216 268
217 428
218 298
218 313
218 388
218 464
219 220
219 279
220 297
220 422
221 265
221 357
221 466
222 445
223 306
223 406
224 412
224 418
225 232
226 274
226 283
226 413
227 278
227 366
227 374
228 304
228 321
228 337
228 370
228 405
228 425
229 389
229 424
230 445
232 428
232 493
233 236
233 239
233 367
233 462
233 491
234 501
235 279
237 243
237 338
239 296
240 252
240 419
240 442
241 441
242 349
243 457
244 402
245 275
245 332
245 421
246 376
246 411
251 305
252 350
252 464
253 287
254 501
255 464
259 379
259 470
260 458
261 378
261 418
261 424
261 427
261 481
263 351
263 421
266 295
266 457
266 469
266 492
267 386
267 404
267 505
268 289
268 426
270 482
271 408
272 359
272 447
276 317
276 320
276 412
277 372
278 380
279 460
281 399
282 333
282 474
283 343
283 455
285 322
286 365
287 500
288 314
289 329
290 505
293 310
293 394
293 477
296 450
297 381
298 346
298 374
301 471
303 395
305 375
307 387
308 433
309 337
310 318
310 352
310 406
310 430
311 389
313 334
313 417
318 439
318 477
321 419
321 454
330 336
333 409
338 351
340 396
341 499
342 385
343 441
346 363
346 375
347 465
349 385
349 394
349 407
350 390
352 405
352 440
352 499
353 380
367 382
368 425
376 402
376 470
381 483
383 412
383 461
383 468
391 440
392 402
395 452
398 423
405 429
407 437
409 472
409 484
416 495
418 496
423 466
426 434
431 456
431 481
434 449
434 504
443 478
449 478
451 500
458 467
474 476
