0 1
0 2
0 3
0 4
0 5
0 6
0 7
0 8
0 9
0 11
0 12
0 13
0 16
0 17
0 18
0 21
0 24
0 25
0 27
0 28
0 39
0 41
0 45
0 48
0 49
0 50
0 51
0 58
0 62
0 66
0 74
0 75
0 92
0 93
0 100
0 103
0 114
0 130
0 138
0 140
0 141
0 147
0 150
0 171
0 189
0 200
0 202
0 217
0 218
0 230
0 236
0 253
0 257
0 258
0 263
0 280
0 281
0 284
0 286
0 289
0 310
0 313
0 342
0 367
0 380
0 396
0 413
0 423
0 428
0 436
0 450
0 461
0 468
0 487
0 488
0 503
0 563
1 4
1 10
1 16
1 23
1 26
1 29
1 31
1 32
1 40
1 45
1 53
1 56
1 75
1 91
1 95
1 169
1 173
1 230
1 234
1 267
1 277
1 282
1 286
1 290
1 296
1 306
1 326
1 435
1 499
1 541
1 557
2 5
2 8
2 11
2 15
2 18
2 22
2 23
2 24
2 32
2 37
2 53
2 60
2 61
2 88
2 108
2 135
2 162
2 207
2 210
2 242
2 247
2 265
2 381
2 398
2 438
2 453
2 454
2 519
2 559
3 4
3 5
3 9
3 63
3 77
3 82
3 88
3 91
3 98
3 113
3 144
3 196
3 205
3 218
3 258
3 272
3 273
3 301
3 312
3 330
3 344
3 390
3 418
3 525
4 6
4 29
4 51
4 71
4 104
4 137
4 176
4 179
4 284
4 293
4 492
4 525
4 585
5 6
5 7
5 8
5 14
5 16
5 19
5 24
5 30
5 33
5 35
5 38
5 39
5 43
5 44
5 47
5 49
5 50
5 53
5 57
5 65
5 72
5 81
5 89
5 109
5 114
5 127
5 150
5 152
5 163
5 177
5 182
5 187
5 190
5 192
5 204
5 235
5 246
5 251
5 260
5 288
5 307
5 314
5 321
5 322
5 325
5 347
5 349
5 355
5 368
5 375
5 377
5 382
5 384
5 402
5 407
5 424
5 442
5 466
5 480
5 491
5 493
5 499
5 517
5 518
5 532
5 549
5 569
6 7
6 10
6 11
6 12
6 13
6 14
6 15
6 17
6 21
6 42
6 68
6 73
6 87
6 93
6 102
6 115
6 130
6 131
6 132
6 145
6 148
6 149
6 172
6 175
6 192
6 198
6 221
6 233
6 238
6 239
6 241
6 248
6 261
6 278
6 311
6 368
6 390
6 401
6 426
6 428
6 433
6 446
6 458
6 475
6 488
6 490
6 504
6 506
6 520
6 523
6 541
7 9
7 13
7 18
7 22
7 33
7 36
7 44
7 68
7 76
7 92
7 112
7 131
7 135
7 148
7 153
7 198
7 201
7 209
7 212
7 315
7 348
7 355
7 383
7 462
8 12
8 22
8 41
8 43
8 65
8 67
8 90
8 115
8 157
8 161
8 162
8 174
8 177
8 178
8 183
8 204
8 237
8 257
8 271
8 307
8 327
8 329
8 383
8 389
8 406
8 491
8 564
8 589
9 10
9 41
9 46
9 49
9 103
9 387
9 542
10 27
10 29
10 34
10 35
10 42
10 48
10 52
10 64
10 67
10 70
10 77
10 89
10 90
10 110
10 125
10 158
10 159
10 180
10 193
10 223
10 227
10 230
10 232
10 311
10 334
10 350
10 367
10 399
10 444
10 445
10 449
10 504
10 533
10 537
11 19
11 20
11 26
11 36
11 38
11 55
11 63
11 72
11 84
11 85
11 97
11 118
11 141
11 208
11 212
11 320
11 413
11 419
11 501
12 14
12 15
12 20
12 30
12 31
12 36
12 71
12 84
12 141
12 145
12 229
12 292
12 306
12 327
12 371
12 420
12 427
12 431
12 435
12 452
12 456
12 526
12 556
12 567
13 19
13 120
13 122
13 196
13 381
13 383
13 412
13 470
13 510
13 587
14 78
14 80
14 81
14 208
14 220
14 345
14 365
14 473
14 548
14 586
15 17
15 161
15 340
15 341
15 374
15 392
15 397
15 528
16 25
16 39
16 82
16 91
16 96
16 117
16 159
16 169
16 249
16 275
16 290
16 316
16 334
16 335
16 389
16 395
16 440
16 459
16 496
16 512
16 568
17 20
17 31
17 40
17 42
17 108
17 132
17 151
17 166
17 186
17 208
17 286
17 295
17 319
17 357
17 392
17 416
17 426
17 429
17 470
17 478
17 522
17 530
17 546
17 564
18 23
18 26
18 28
18 60
18 61
18 69
18 136
18 189
18 193
18 231
18 234
18 357
18 409
18 415
18 553
18 566
19 21
19 25
19 34
19 35
19 46
19 57
19 63
19 66
19 74
19 106
19 116
19 137
19 143
19 156
19 170
19 199
19 222
19 273
19 306
19 308
19 354
19 375
19 378
19 381
19 382
19 412
19 478
19 494
19 502
19 533
19 579
20 38
20 150
20 271
20 296
20 324
20 454
20 479
20 492
20 509
20 542
21 52
21 73
21 119
21 124
21 126
21 129
21 174
21 181
21 293
21 313
21 480
21 532
21 588
22 55
22 56
22 59
22 62
22 65
22 84
22 133
22 145
22 193
22 225
22 226
22 227
22 245
22 269
22 281
22 304
22 317
22 324
22 331
22 373
22 392
22 414
22 468
22 485
22 488
22 489
23 28
23 32
23 54
23 79
23 93
23 95
23 261
23 264
23 335
23 352
23 375
23 462
24 33
24 77
24 105
24 118
24 175
24 178
24 242
24 270
24 272
24 274
24 294
24 302
24 316
24 342
24 388
24 441
24 490
24 515
24 530
24 557
25 37
25 70
25 80
25 155
25 173
25 176
25 357
25 439
25 483
26 27
26 69
26 129
26 139
26 146
26 160
26 180
26 181
26 216
26 223
26 227
26 298
26 411
26 550
27 46
27 48
27 57
27 60
27 95
27 121
27 126
27 187
27 200
27 203
27 222
27 249
27 252
27 260
27 266
27 321
27 458
27 467
27 473
27 481
27 526
27 533
28 30
28 34
28 45
28 79
28 86
28 99
28 107
28 123
28 132
28 154
28 233
28 246
28 288
28 308
28 437
28 541
28 555
28 559
29 54
29 87
29 271
29 447
30 83
30 97
30 165
30 213
31 40
31 47
31 182
31 429
31 576
32 99
32 116
32 121
32 220
32 244
32 358
32 411
32 486
32 565
32 568
33 37
33 51
33 59
33 70
33 94
33 112
33 124
33 194
33 224
33 294
33 307
33 370
33 422
33 466
33 497
33 524
33 538
33 545
33 547
33 552
33 573
33 582
34 74
34 83
34 168
34 291
34 293
34 300
34 318
34 330
34 486
34 514
34 578
35 43
35 59
35 182
35 237
35 263
35 267
35 314
35 369
35 489
35 583
36 71
36 78
36 79
36 101
36 143
36 225
36 436
36 475
36 500
36 508
36 554
37 55
37 76
37 137
37 168
37 259
37 283
37 311
37 323
37 337
37 400
37 494
37 566
37 573
38 289
38 390
38 409
38 476
38 551
39 98
39 120
39 181
39 190
39 209
39 215
39 366
39 435
40 82
40 113
40 167
40 323
40 434
40 443
40 530
40 577
41 44
41 64
41 67
41 109
41 401
42 75
42 101
42 127
42 270
42 305
42 315
42 353
42 460
42 544
43 179
45 47
45 96
45 97
45 104
45 164
45 167
45 214
45 219
45 220
45 239
45 277
45 313
45 374
45 410
45 528
45 557
46 102
46 156
46 396
46 505
46 551
47 50
47 121
47 153
47 583
48 52
48 58
48 68
48 139
48 166
48 251
48 270
48 339
48 341
48 404
48 547
48 577
48 585
49 54
49 122
49 134
49 148
49 231
49 244
49 280
49 298
49 333
49 334
49 391
49 414
50 56
50 96
50 111
50 285
50 538
51 173
51 248
51 273
51 437
51 463
52 58
52 62
52 80
52 94
52 99
52 112
52 186
52 195
52 262
52 351
52 389
52 434
53 276
53 346
53 362
53 391
54 104
54 128
54 229
54 316
54 325
54 341
54 347
54 385
54 469
54 475
55 111
55 168
55 197
55 216
55 348
55 415
55 522
55 543
56 119
56 149
56 197
56 362
56 417
56 420
56 434
56 463
56 535
57 86
57 106
57 176
57 275
57 518
57 553
58 61
58 73
58 117
58 171
58 240
58 507
58 588
59 206
59 277
59 431
59 575
60 66
60 85
60 90
60 103
60 128
60 149
60 154
60 158
60 163
60 236
60 332
60 407
60 444
60 451
60 465
60 478
60 497
60 575
60 589
61 64
61 83
61 479
62 85
62 87
62 111
62 153
62 179
62 297
62 348
62 354
62 405
62 527
62 540
63 184
63 251
63 404
63 513
64 136
64 232
64 238
64 332
64 440
64 487
65 78
65 172
65 232
65 247
65 275
66 69
66 146
66 152
66 155
66 393
66 419
66 497
66 510
67 123
67 268
68 72
68 100
68 243
68 547
69 106
69 358
69 401
70 98
70 129
70 243
70 464
71 81
71 128
71 169
71 171
71 184
71 310
71 421
71 451
71 492
72 92
72 260
72 415
72 430
73 211
74 76
74 86
74 274
74 380
74 466
74 471
75 89
75 542
76 114
76 366
77 136
77 183
77 201
77 248
78 429
79 151
79 302
79 337
79 379
79 402
80 116
80 200
80 245
80 521
81 511
82 186
82 207
82 544
83 100
83 113
83 127
83 242
83 246
83 254
83 255
83 264
83 295
83 359
83 369
83 376
83 379
83 393
83 398
83 400
83 403
83 422
83 432
83 439
83 549
84 228
84 239
84 240
85 88
85 194
85 224
85 233
85 256
85 278
85 312
85 359
85 378
85 546
86 147
86 432
86 481
87 125
87 134
87 147
87 162
87 206
87 278
87 350
88 110
88 115
88 130
88 228
88 377
88 447
89 254
90 94
90 107
90 110
90 120
90 250
90 266
90 300
90 452
91 119
91 160
91 219
91 309
91 331
91 511
91 521
91 549
92 118
92 192
92 237
93 102
93 279
93 474
94 109
94 123
94 209
94 283
94 352
95 122
95 131
95 425
96 101
96 105
96 140
96 146
96 178
96 188
96 247
96 253
96 282
96 283
96 324
96 349
96 363
96 416
96 480
96 535
97 287
97 395
97 421
97 469
97 470
97 563
98 105
98 142
98 195
98 213
98 297
98 367
98 443
98 567
100 177
100 204
100 245
100 250
100 256
100 289
100 358
100 388
100 450
101 107
101 135
101 180
101 185
101 197
101 212
101 472
101 509
101 562
102 228
102 238
102 340
103 194
103 222
103 473
103 484
103 560
104 108
104 188
105 165
105 213
105 264
105 520
106 201
107 225
107 269
107 477
107 512
107 522
108 158
108 502
109 279
109 292
109 550
110 323
111 117
111 144
111 157
111 159
111 199
111 265
111 281
111 318
111 370
111 403
111 537
111 556
112 143
112 211
112 317
112 508
112 578
113 134
113 139
113 291
114 170
114 362
114 408
114 427
114 439
115 351
115 418
115 455
116 203
116 249
116 279
116 322
116 374
116 386
117 133
117 187
117 263
117 359
117 427
117 430
117 484
117 495
118 133
118 191
118 326
119 164
119 218
119 254
121 206
121 432
122 126
122 174
122 339
122 349
122 354
122 393
122 474
122 567
122 586
123 124
123 125
123 138
123 191
123 202
123 312
123 581
124 138
124 214
124 259
125 140
125 196
125 210
125 252
125 409
126 142
126 156
126 384
126 479
126 531
127 508
128 142
128 280
130 268
130 387
130 515
131 290
131 534
131 538
132 184
132 190
132 300
132 456
132 561
133 144
133 235
133 329
133 396
134 183
134 481
135 441
136 157
136 175
136 326
136 350
136 572
137 154
137 155
137 501
140 160
140 185
140 240
140 241
140 325
141 299
141 578
141 588
142 202
142 268
142 364
142 437
142 477
142 496
143 217
144 198
144 250
144 515
144 562
145 356
146 327
146 456
146 537
146 570
146 579
147 152
147 165
147 167
147 172
147 215
147 302
147 335
147 410
147 558
148 163
148 224
149 214
149 314
149 337
150 151
150 308
150 320
151 503
151 507
151 531
152 191
152 333
153 241
153 428
154 205
154 253
154 562
155 189
155 287
155 342
155 345
155 369
156 166
156 221
156 418
157 164
158 185
158 195
158 255
158 301
158 320
159 317
159 321
160 161
160 170
160 235
160 411
161 274
161 446
161 469
161 568
167 458
168 288
168 364
168 438
169 205
170 219
170 413
173 203
174 211
174 262
175 207
175 287
175 376
175 512
175 554
175 558
175 580
176 217
176 377
176 382
176 395
176 560
176 573
177 299
177 548
178 361
178 400
178 417
178 422
178 457
178 493
179 352
179 360
179 385
179 464
179 527
179 534
181 215
181 384
181 467
182 255
182 284
184 216
184 291
184 309
184 361
184 513
185 188
185 328
185 347
185 485
185 514
186 322
187 210
187 330
187 536
188 303
188 523
189 221
189 223
189 318
189 424
189 510
190 467
191 363
191 403
193 226
193 319
193 499
194 331
194 406
196 199
196 385
196 584
197 363
199 265
199 345
200 229
200 338
200 398
200 405
201 297
201 353
201 397
201 421
202 304
202 461
202 495
203 336
206 243
206 472
206 528
206 548
207 309
207 340
207 410
207 442
207 465
207 484
207 526
208 344
208 364
208 417
208 498
209 301
209 338
209 343
209 416
210 256
211 483
212 455
212 539
213 226
213 258
213 397
215 305
216 315
216 338
216 373
216 442
217 572
218 244
218 419
218 503
219 231
219 236
220 454
221 266
223 234
223 294
223 296
223 376
224 298
224 574
225 472
226 451
227 386
229 368
229 387
229 402
229 486
231 295
231 521
234 353
235 476
235 529
236 305
236 462
237 252
237 571
238 261
238 502
239 394
239 463
240 424
240 430
241 449
241 517
242 257
242 460
242 584
244 425
245 269
245 489
246 450
246 563
247 276
247 282
247 405
249 404
250 336
250 461
252 372
253 457
253 571
254 259
254 272
254 365
254 487
256 426
256 440
257 262
257 366
259 285
261 267
263 423
264 285
264 516
265 299
265 569
265 571
266 420
266 529
268 276
269 328
269 380
269 408
269 505
270 555
270 576
272 378
272 453
272 516
272 531
272 539
273 292
273 552
274 445
275 332
275 507
276 490
276 577
279 464
281 319
281 388
284 550
285 343
285 498
290 386
291 523
292 304
292 343
294 361
295 346
295 496
295 553
296 303
296 310
297 336
299 303
299 372
300 370
300 399
300 491
300 552
301 344
301 477
301 498
301 527
302 346
302 445
302 483
303 394
305 356
307 525
308 493
312 371
313 339
313 431
314 423
315 360
315 546
315 565
315 566
315 580
316 535
318 371
318 476
318 543
319 351
319 494
321 329
322 328
322 333
323 579
325 459
326 485
327 391
328 448
330 365
331 433
331 500
331 506
334 519
335 468
336 355
337 589
341 394
345 582
346 356
346 379
347 360
348 583
351 543
352 519
353 448
353 453
353 569
353 570
354 373
354 414
354 471
355 406
355 455
356 425
357 516
358 372
358 545
361 459
361 565
361 572
361 581
362 433
363 555
366 408
367 545
374 582
376 399
380 518
381 465
381 574
384 441
384 460
384 524
385 536
387 447
387 471
389 474
391 407
393 438
396 482
397 561
398 495
399 412
401 504
402 444
408 500
412 540
412 556
413 505
413 544
415 529
419 482
420 446
422 532
424 452
425 558
429 448
430 436
431 443
431 482
431 509
431 534
432 570
432 580
434 520
435 559
443 540
444 449
447 539
451 457
459 554
462 560
464 506
467 576
468 575
476 586
480 514
481 511
483 551
483 585
484 561
485 501
493 587
500 574
501 513
507 517
509 536
517 524
530 581
545 564
561 587
582 584
