0 1
0 2
0 3
0 4
0 5
0 8
0 9
0 11
0 14
0 16
0 20
0 28
0 46
0 50
0 62
0 74
0 121
0 130
0 202
0 204
0 214
0 318
0 321
0 367
0 377
1 4
1 5
1 6
1 8
1 15
1 23
1 25
1 43
1 55
1 58
1 72
1 89
1 99
1 108
1 114
1 156
1 193
1 219
1 242
1 262
1 269
1 345
1 360
1 392
1 405
1 411
2 11
2 24
2 118
2 142
2 185
2 300
2 342
2 345
2 350
2 417
2 434
2 469
3 4
3 7
3 12
3 20
3 23
3 31
3 76
3 278
3 281
3 368
3 397
3 398
3 417
3 464
4 5
4 6
4 7
4 10
4 12
4 13
4 14
4 16
4 18
4 19
4 30
4 32
4 34
4 39
4 41
4 44
4 48
4 51
4 62
4 65
4 66
4 69
4 72
4 77
4 78
4 79
4 82
4 88
4 90
4 96
4 102
4 113
4 131
4 139
4 144
4 159
4 169
4 170
4 171
4 172
4 176
4 184
4 190
4 214
4 220
4 229
4 230
4 232
4 268
4 283
4 285
4 286
4 295
4 297
4 298
4 314
4 316
4 317
4 346
4 356
4 365
4 389
4 396
4 412
4 424
4 430
4 436
4 465
4 467
5 6
5 8
5 9
5 13
5 14
5 15
5 17
5 18
5 22
5 24
5 26
5 27
5 29
5 32
5 35
5 37
5 50
5 51
5 58
5 59
5 68
5 70
5 71
5 76
5 78
5 92
5 93
5 94
5 97
5 108
5 109
5 111
5 119
5 121
5 136
5 143
5 144
5 158
5 182
5 188
5 192
5 206
5 207
5 208
5 216
5 218
5 226
5 229
5 247
5 258
5 266
5 271
5 274
5 279
5 287
5 311
5 313
5 315
5 320
5 324
5 359
5 378
5 425
5 438
5 447
5 461
6 7
6 10
6 11
6 16
6 17
6 28
6 36
6 37
6 40
6 49
6 56
6 66
6 73
6 86
6 91
6 95
6 101
6 104
6 106
6 116
6 128
6 130
6 151
6 159
6 189
6 194
6 198
6 200
6 223
6 225
6 250
6 280
6 289
6 325
6 329
6 347
6 353
6 399
6 432
6 435
6 446
6 453
6 464
7 9
7 22
7 30
7 32
7 83
7 117
7 141
7 195
7 205
7 249
7 275
7 277
7 304
7 317
7 319
7 352
7 376
7 445
8 10
8 13
8 19
8 160
8 246
9 12
9 26
9 29
9 45
9 56
9 105
9 133
9 154
9 164
9 324
9 332
9 380
10 21
10 24
10 26
10 38
10 45
10 53
10 97
10 104
10 112
10 123
10 128
10 138
10 172
10 181
10 206
10 213
10 214
10 223
10 250
10 266
10 284
10 287
10 296
10 340
10 371
10 411
10 421
11 28
11 30
11 90
11 105
11 124
11 210
11 330
11 384
11 409
11 454
12 15
12 27
12 163
12 168
12 279
12 308
12 466
13 145
13 282
13 349
13 424
13 453
14 17
14 25
14 31
14 34
14 39
14 47
14 113
14 129
14 132
14 179
14 199
14 215
14 260
14 288
14 336
14 344
14 362
14 430
14 435
15 41
15 61
15 94
15 109
15 110
15 129
15 150
15 158
15 161
15 216
15 250
15 251
15 293
15 363
15 401
16 18
16 20
16 25
16 27
16 29
16 31
16 35
16 42
16 43
16 48
16 52
16 65
16 83
16 88
16 113
16 137
16 146
16 163
16 171
16 180
16 184
16 193
16 199
16 207
16 219
16 253
16 259
16 290
16 325
16 337
16 343
16 346
16 360
16 375
16 380
16 383
16 413
16 421
16 422
16 428
16 433
16 459
17 19
17 21
17 22
17 23
17 39
17 44
17 45
17 47
17 70
17 100
17 111
17 115
17 120
17 153
17 221
17 283
17 307
17 385
17 402
17 407
17 421
17 437
17 445
18 21
18 36
18 40
18 42
18 44
18 51
18 52
18 60
18 67
18 82
18 108
18 122
18 134
18 160
18 167
18 185
18 187
18 212
18 224
18 231
18 268
18 277
18 299
18 315
18 337
18 387
18 389
18 405
18 438
18 469
19 140
19 145
19 175
19 297
20 37
20 57
20 63
20 100
20 112
20 156
20 166
20 194
20 219
20 239
20 323
20 357
20 416
21 106
21 281
21 364
21 395
22 40
22 59
22 103
22 117
22 151
22 157
22 180
22 199
22 200
22 243
22 323
22 335
22 361
22 404
22 413
22 460
23 53
23 55
23 56
23 67
23 76
23 81
23 101
23 135
23 222
23 234
23 333
23 379
24 54
24 68
24 222
24 353
25 33
25 38
25 47
25 50
25 58
25 59
25 88
25 165
25 177
25 187
25 198
25 229
25 264
25 302
25 368
25 423
26 34
26 46
26 60
26 71
26 91
26 139
26 149
26 294
26 338
26 353
26 361
26 392
26 406
26 454
27 137
27 205
27 217
27 341
27 451
28 33
28 38
28 65
28 77
28 78
28 84
28 157
28 159
28 190
28 220
28 260
29 103
29 162
29 212
29 252
29 369
29 393
30 33
30 49
30 62
30 84
30 164
30 175
30 195
30 221
30 245
30 287
30 335
30 395
30 426
30 441
30 452
31 54
31 63
31 74
31 98
31 104
31 174
31 181
31 222
31 225
31 233
31 262
31 374
32 60
32 79
32 80
32 109
32 247
32 253
32 270
32 282
32 370
32 403
32 420
33 48
33 67
33 69
33 277
33 358
34 35
34 36
34 41
34 42
34 61
34 64
34 80
34 89
34 102
34 124
34 129
34 141
34 153
34 197
34 237
34 239
34 285
34 290
34 307
34 319
34 363
34 422
35 43
35 53
35 86
35 169
35 232
35 280
35 420
35 466
36 80
36 102
36 178
36 196
36 307
36 442
37 57
37 96
37 192
37 243
37 342
38 75
38 92
38 166
38 194
39 46
39 90
39 95
39 98
39 116
39 118
39 134
39 152
39 160
39 204
39 249
39 267
39 280
39 314
39 453
40 57
40 72
40 77
40 97
40 99
40 115
40 130
40 139
40 163
40 218
40 312
40 322
40 365
40 415
40 426
40 468
41 120
41 149
41 217
41 335
41 339
42 74
42 173
42 437
43 63
43 70
43 73
43 75
43 121
43 127
43 143
43 150
43 156
43 184
43 208
43 240
43 308
43 328
43 333
43 409
43 413
43 425
43 458
43 461
44 117
44 151
44 213
44 257
44 288
44 361
45 137
45 154
45 178
45 230
45 248
45 285
45 324
45 390
45 410
46 107
46 455
47 49
47 54
47 61
47 81
47 114
47 180
47 262
48 198
49 99
49 155
49 292
49 347
50 52
50 87
50 110
50 133
50 135
50 146
50 249
50 372
50 458
51 64
51 125
51 141
51 236
51 246
51 448
52 55
52 64
52 415
53 107
53 115
53 119
53 132
53 181
53 203
53 210
53 263
53 275
53 409
53 440
54 378
55 134
55 258
55 371
55 432
56 93
56 170
56 176
56 188
56 201
56 248
56 267
56 348
56 362
56 429
57 66
57 69
57 86
57 150
57 174
57 185
57 224
57 227
57 241
57 258
57 265
57 275
57 349
57 382
57 436
57 444
57 455
58 153
58 234
58 387
58 446
58 456
59 257
59 332
59 383
60 68
60 85
60 154
60 218
60 244
60 314
60 364
60 378
60 385
61 73
61 120
61 127
61 210
61 216
61 228
61 263
61 279
61 286
61 351
61 369
62 140
62 273
63 344
64 166
64 203
64 267
65 81
65 82
65 127
65 228
65 456
66 87
66 95
66 98
66 110
66 111
66 112
66 135
66 142
66 164
66 196
66 281
66 309
66 351
66 357
66 379
66 388
67 71
67 284
67 318
67 395
68 75
68 119
68 259
68 347
68 412
68 418
68 422
69 79
69 126
69 182
69 204
69 233
69 256
69 276
69 305
69 330
69 370
69 407
71 202
71 410
71 423
72 92
72 103
72 128
72 174
72 190
72 252
72 412
72 444
73 148
73 175
73 178
73 213
73 238
73 354
74 265
74 362
75 122
75 126
75 173
75 328
75 441
76 106
76 449
77 91
77 118
77 124
77 173
77 191
77 253
77 339
77 348
77 387
77 406
78 125
78 403
79 83
79 94
79 186
79 226
79 254
79 271
79 396
79 400
79 458
80 85
80 101
80 125
80 248
80 295
80 340
80 468
81 84
81 161
81 162
81 268
82 209
82 366
82 391
82 418
83 155
83 215
83 221
84 85
84 87
84 96
84 122
84 146
84 165
84 189
84 208
84 231
84 237
84 293
84 390
84 427
84 439
85 171
85 363
86 100
86 131
86 295
86 323
86 336
87 89
87 147
87 152
87 358
88 93
88 306
89 162
89 286
89 298
89 309
90 237
90 339
90 438
91 116
91 136
91 144
91 201
91 202
91 238
91 300
91 393
91 401
91 404
91 462
92 131
92 167
92 183
92 195
92 234
92 261
92 460
93 155
93 177
93 338
94 105
94 107
94 140
94 142
94 433
95 138
95 183
95 187
95 192
95 206
95 211
95 271
95 317
96 148
96 274
96 430
96 434
96 464
98 327
99 147
99 197
99 217
100 252
100 273
101 132
101 158
101 201
101 228
101 337
102 126
102 136
102 223
102 227
102 264
102 269
102 302
102 365
102 440
103 114
103 133
103 168
104 145
104 189
104 203
105 236
105 269
105 278
106 123
106 148
106 191
106 240
106 320
107 436
109 188
109 303
109 322
110 161
110 177
110 315
110 319
110 338
110 357
110 394
111 331
111 427
112 182
112 224
114 386
115 245
115 334
116 147
116 152
116 170
116 186
116 291
116 390
116 456
117 449
118 169
118 371
118 428
119 193
119 200
120 352
121 123
121 157
121 259
121 350
121 402
121 451
123 408
124 143
124 282
125 172
125 349
125 364
125 417
125 455
126 149
126 179
126 310
126 350
126 382
126 407
127 241
127 245
127 309
128 165
129 209
129 373
129 432
130 243
131 303
132 251
132 325
133 366
134 278
135 418
137 138
137 196
137 225
137 274
137 321
137 446
138 191
138 272
140 244
140 270
140 346
140 437
141 343
142 352
143 355
145 251
145 256
145 348
145 431
145 466
146 183
146 235
146 326
147 377
149 238
149 426
150 209
150 230
150 247
150 255
150 329
150 373
150 375
150 451
151 304
151 394
152 313
153 168
153 468
154 392
155 376
156 265
156 293
156 305
156 311
156 377
157 167
157 176
157 311
157 327
157 414
157 431
157 463
158 242
159 197
159 235
159 321
159 398
160 257
160 292
160 302
161 186
161 242
161 342
162 205
162 261
164 354
166 240
166 306
167 244
167 312
168 261
168 351
168 385
168 389
169 235
170 289
170 298
170 452
171 310
173 179
173 241
173 289
173 374
174 236
174 439
175 334
175 433
176 263
177 400
179 226
179 370
179 429
180 211
181 327
181 442
183 207
183 332
183 410
184 227
184 419
186 330
186 372
188 272
188 356
189 318
190 266
190 381
191 320
192 310
192 340
192 386
194 354
197 366
198 336
200 211
200 296
200 333
201 434
202 246
205 260
205 294
206 284
207 326
207 394
208 400
210 212
210 256
210 299
211 233
211 255
213 220
214 215
214 299
215 270
215 301
215 313
216 283
217 291
217 297
220 231
220 334
220 415
222 449
224 355
227 301
228 388
229 254
229 308
229 312
229 439
230 398
231 232
231 402
232 239
233 288
235 331
235 381
235 382
236 304
237 272
237 303
239 411
239 419
239 424
244 359
244 373
245 273
245 443
246 254
246 328
246 408
246 447
246 448
246 457
247 255
248 291
248 450
250 294
250 420
251 405
252 264
253 463
255 305
256 276
256 447
259 331
260 292
260 450
260 454
263 316
264 445
267 414
268 341
268 343
268 406
269 276
269 374
270 301
270 369
271 448
272 462
274 290
274 300
275 306
282 375
286 386
287 384
287 457
288 356
288 393
291 329
291 399
292 359
292 397
292 452
293 296
293 341
293 379
293 425
294 397
295 435
296 399
296 404
297 380
297 419
298 443
299 326
305 465
308 355
308 368
308 376
308 403
310 358
312 381
312 459
314 316
314 322
314 344
314 391
314 442
317 401
317 416
317 443
317 462
323 391
325 367
328 467
329 429
334 383
334 384
335 408
338 450
341 372
342 345
342 388
343 367
343 414
349 465
352 360
355 396
355 427
360 460
372 469
377 423
378 461
384 440
385 441
397 428
404 416
417 459
430 431
431 444
434 463
445 457
453 467
