0 1
0 2
0 3
0 4
0 5
0 7
0 11
0 12
0 17
0 28
0 38
0 52
0 66
0 79
0 81
0 109
0 123
0 138
0 156
0 159
0 263
0 266
0 268
0 282
0 294
0 301
0 313
0 354
0 356
0 362
1 4
1 6
1 9
1 11
1 15
1 16
1 22
1 27
1 28
1 31
1 34
1 50
1 59
1 68
1 73
1 91
1 110
1 115
1 142
1 151
1 157
1 188
1 211
1 245
1 269
1 281
1 309
1 327
1 376
1 400
1 401
1 407
2 6
2 13
2 14
2 18
2 21
2 25
2 46
2 61
2 89
2 101
2 112
2 118
2 140
2 150
2 158
2 163
2 189
2 191
2 207
2 214
2 242
2 258
2 289
2 312
2 324
2 334
2 336
2 372
2 388
2 396
3 4
3 5
3 7
3 8
3 9
3 10
3 13
3 17
3 20
3 21
3 23
3 26
3 33
3 35
3 48
3 53
3 73
3 75
3 83
3 84
3 85
3 92
3 105
3 107
3 110
3 113
3 114
3 137
3 150
3 172
3 187
3 193
3 279
3 285
3 296
3 317
3 335
3 337
3 363
3 383
3 390
3 409
4 5
4 6
4 7
4 8
4 9
4 12
4 15
4 18
4 21
4 23
4 24
4 25
4 40
4 43
4 47
4 55
4 56
4 58
4 61
4 64
4 66
4 67
4 86
4 94
4 95
4 116
4 122
4 130
4 134
4 136
4 143
4 147
4 158
4 175
4 186
4 222
4 244
4 262
4 273
4 305
4 306
4 307
4 313
4 319
4 381
4 385
5 8
5 20
5 23
5 24
5 26
5 28
5 49
5 64
5 72
5 84
5 87
5 96
5 114
5 145
5 167
5 180
5 228
5 244
5 248
5 315
5 325
5 329
5 358
6 17
6 47
6 59
6 148
6 155
6 295
6 344
6 417
7 10
7 14
7 30
7 41
7 63
7 105
7 109
7 127
7 146
7 154
7 180
7 196
7 199
7 201
7 203
7 207
7 227
7 232
7 251
7 259
7 261
7 281
7 312
7 315
7 358
7 388
7 405
7 420
8 16
8 34
8 40
8 45
8 115
8 117
8 132
8 166
8 168
8 193
8 224
8 258
8 350
8 379
8 391
8 421
9 10
9 11
9 12
9 14
9 15
9 19
9 22
9 38
9 41
9 60
9 64
9 65
9 81
9 83
9 88
9 89
9 93
9 94
9 101
9 106
9 109
9 114
9 119
9 120
9 133
9 143
9 156
9 161
9 171
9 216
9 218
9 219
9 229
9 247
9 323
9 333
9 399
10 24
10 36
10 54
10 58
10 69
10 72
10 76
10 80
10 89
10 110
10 116
10 218
10 238
10 255
10 269
10 369
11 13
11 18
11 20
11 26
11 27
11 33
11 34
11 40
11 43
11 44
11 46
11 60
11 93
11 97
11 98
11 108
11 113
11 126
11 162
11 197
11 198
11 202
11 205
11 206
11 209
11 232
11 256
11 276
11 304
11 349
11 358
11 374
11 389
11 421
12 33
12 42
12 48
12 51
12 52
12 63
12 77
12 82
12 86
12 88
12 91
12 96
12 125
12 142
12 152
12 174
12 176
12 183
12 190
12 202
12 225
12 229
12 234
12 334
12 402
12 407
12 418
13 16
13 31
13 38
13 51
13 57
13 95
13 97
13 140
13 223
13 351
13 361
14 19
14 49
14 55
14 71
14 95
14 105
14 111
14 130
14 139
14 263
14 271
14 302
14 331
14 338
14 340
14 344
14 349
14 406
14 415
14 417
15 35
15 47
15 63
15 170
15 206
15 297
16 22
16 25
16 29
16 30
16 37
16 56
16 57
16 103
16 121
16 131
16 132
16 183
16 189
16 219
16 236
16 286
16 316
16 349
16 391
16 411
17 37
17 42
17 56
17 65
17 135
17 180
17 189
17 294
18 19
18 32
18 39
18 62
18 87
18 133
18 141
18 184
18 186
18 216
18 233
18 235
18 254
18 262
18 322
18 327
18 360
18 370
18 374
19 27
19 29
19 31
19 36
19 41
19 80
19 102
19 134
19 181
19 211
19 237
19 309
19 324
19 375
19 394
20 67
20 101
21 75
21 85
21 161
21 178
21 305
21 319
22 76
22 124
22 260
22 381
22 387
23 57
23 93
23 96
23 139
23 153
23 185
23 285
23 290
23 343
23 357
24 30
24 39
24 81
24 84
24 90
24 115
24 192
24 221
24 239
24 253
24 266
24 278
24 297
24 345
24 347
24 366
25 36
25 50
25 53
25 74
25 87
25 94
25 99
25 127
25 148
25 171
25 177
25 207
25 225
25 265
25 284
25 364
25 372
25 385
25 412
26 49
26 140
26 181
26 215
26 249
26 288
27 154
27 246
27 408
27 410
28 29
28 32
28 73
28 79
28 194
28 247
28 355
28 368
28 412
29 32
29 48
29 116
29 129
29 131
29 135
29 267
29 288
29 330
30 35
30 54
30 77
30 100
30 102
30 144
30 231
30 298
31 90
31 104
31 213
31 214
31 390
32 72
32 166
32 176
32 269
33 37
33 44
33 45
33 54
33 75
33 90
33 144
33 191
33 308
33 320
33 321
33 329
33 340
33 398
34 45
34 79
34 117
34 127
34 134
34 179
34 283
34 396
34 420
35 103
35 144
35 172
35 329
35 407
36 70
36 146
36 237
37 39
37 42
37 53
37 74
37 82
37 106
37 147
37 161
37 173
37 199
37 274
37 295
37 300
38 51
38 62
38 68
38 74
38 277
38 284
38 404
38 421
39 55
39 60
39 107
39 112
39 123
39 193
39 194
39 225
39 230
39 239
39 355
39 383
39 415
40 103
40 118
40 235
41 43
41 44
41 66
41 69
41 125
41 371
41 378
42 50
42 61
42 69
42 76
42 164
42 182
42 201
42 285
42 290
42 301
43 91
43 119
43 174
43 213
43 229
43 292
43 360
43 384
44 273
45 46
45 52
45 59
45 78
45 131
45 137
45 151
45 152
45 186
45 230
45 243
45 270
45 275
45 296
45 351
45 380
45 386
46 58
46 97
46 200
46 287
46 306
46 363
46 408
46 414
47 160
47 187
47 205
47 272
47 364
47 393
47 405
48 65
48 68
48 88
48 99
48 122
48 156
48 182
48 188
48 255
48 257
48 296
48 375
49 80
49 119
49 173
49 314
50 67
50 100
50 123
50 152
50 153
50 192
50 204
50 215
50 248
50 303
50 339
50 351
50 356
50 398
51 77
51 208
51 276
52 393
53 71
53 78
53 199
53 345
53 379
53 400
54 71
54 86
54 112
54 149
54 172
54 243
54 291
54 311
54 342
54 373
55 108
55 113
55 218
55 246
56 70
56 85
56 220
56 250
56 402
56 413
57 107
57 184
57 198
57 200
57 221
57 250
58 210
59 177
59 209
60 106
61 62
61 70
61 82
61 145
61 155
61 158
61 164
61 165
61 197
61 284
61 397
62 168
62 178
62 397
63 83
63 98
63 154
63 188
63 271
63 399
64 155
64 203
64 277
65 99
65 104
65 208
65 414
67 128
67 159
67 170
67 249
67 253
67 267
67 344
67 389
68 157
69 78
69 149
69 190
69 195
70 117
70 136
70 201
70 277
70 315
70 330
70 367
70 413
71 145
72 327
73 149
75 111
75 328
76 210
76 260
77 178
77 406
79 92
79 147
79 174
79 210
79 212
79 332
79 334
79 392
79 415
80 283
81 104
81 318
81 328
81 341
82 102
82 141
82 146
82 153
82 209
82 213
82 322
82 420
83 92
83 121
83 126
83 160
83 162
83 244
83 312
84 236
84 237
84 241
84 321
85 125
85 128
85 211
85 295
85 367
86 138
86 175
86 241
87 126
88 163
88 175
88 352
88 395
89 108
89 212
90 142
90 238
92 165
92 205
93 111
93 121
93 194
93 220
93 266
93 390
94 221
94 275
95 183
96 98
96 100
96 124
96 130
96 195
96 212
96 228
96 230
96 242
96 326
96 391
97 128
97 133
97 168
97 202
97 208
97 215
97 217
97 325
97 380
97 409
98 231
98 262
98 406
99 222
99 365
99 414
100 159
101 118
101 187
101 226
102 419
103 129
103 248
103 353
104 120
104 234
104 346
104 347
105 141
105 190
105 192
105 228
105 368
105 403
106 203
106 259
106 275
107 182
107 206
107 243
108 139
108 278
109 120
109 162
109 181
109 233
109 256
109 273
109 286
109 341
109 343
109 353
109 382
109 389
110 164
110 196
110 336
111 135
111 223
111 241
111 292
111 314
111 366
111 395
113 185
113 219
113 245
113 270
113 272
114 302
115 132
115 150
115 238
115 261
115 357
116 122
116 137
116 143
116 177
116 279
116 402
116 413
117 317
118 124
118 136
118 217
119 240
119 260
119 317
120 170
120 320
122 257
123 169
123 265
123 297
123 305
123 348
123 404
124 129
124 163
124 267
125 169
126 233
126 280
127 257
127 377
128 382
128 416
129 167
129 386
131 227
131 236
131 370
132 235
132 352
132 365
132 418
133 160
134 138
134 197
134 272
135 157
135 173
135 361
135 376
136 184
137 151
137 261
137 282
137 376
138 166
138 254
139 310
139 409
139 410
141 148
141 310
141 392
145 171
145 204
145 222
145 276
145 293
147 313
149 280
149 354
150 200
150 326
150 380
151 185
152 247
152 268
152 333
152 371
152 375
153 292
153 377
154 379
155 176
155 354
155 361
155 367
156 304
157 165
158 167
158 330
159 179
159 263
159 280
159 378
160 366
161 290
163 169
163 179
163 256
163 384
164 214
164 307
166 321
167 274
167 326
168 306
169 216
169 223
169 232
169 268
169 352
169 399
170 360
170 411
171 220
171 255
171 357
173 278
173 373
174 308
175 191
175 195
175 231
175 240
175 404
176 217
176 299
176 369
178 274
179 279
179 348
180 196
180 395
180 401
181 250
181 343
182 311
182 341
183 224
184 363
186 245
186 251
187 289
188 309
188 411
190 335
191 254
191 289
191 339
191 416
192 336
192 340
193 198
193 374
194 252
194 264
194 291
194 293
194 298
194 419
195 249
195 394
196 323
198 226
199 204
199 311
200 242
203 252
203 301
205 300
206 227
207 239
207 288
208 259
208 339
209 408
212 322
214 234
214 316
215 320
219 246
219 373
220 224
220 419
221 226
222 387
223 252
224 291
227 403
230 316
230 405
233 240
233 265
233 294
235 310
236 325
236 384
238 264
238 299
238 304
238 331
238 353
238 362
239 258
240 364
243 356
244 271
244 283
244 331
245 264
245 287
245 371
246 253
246 302
246 397
249 251
249 383
253 359
254 270
254 307
259 293
259 372
260 337
261 345
262 368
265 346
266 377
267 314
269 287
269 335
271 300
271 308
271 347
272 286
272 298
272 328
272 337
274 281
274 324
274 332
276 318
277 282
277 359
277 392
279 348
281 338
283 299
283 410
285 362
285 388
289 318
293 319
295 342
297 303
301 303
301 386
302 359
302 378
309 332
311 333
311 365
312 396
312 398
313 323
313 403
314 350
318 350
318 416
328 338
329 355
331 382
335 385
337 342
338 346
341 370
341 387
343 394
346 393
349 401
361 369
374 381
374 417
381 400
406 412
416 418
