0 1
0 2
0 3
0 4
0 5
0 6
0 7
0 9
0 11
0 12
0 13
0 15
0 17
0 20
0 21
0 22
0 35
0 39
0 44
0 47
0 54
0 61
0 62
0 63
0 64
0 68
0 69
0 79
0 82
0 88
0 89
0 93
0 108
0 116
0 158
0 160
0 165
0 202
0 204
0 207
0 260
0 264
0 290
0 293
0 296
0 330
0 375
0 378
0 388
0 392
0 396
1 4
1 12
1 13
1 15
1 19
1 24
1 37
1 41
1 74
1 83
1 87
1 118
1 124
1 152
1 154
1 169
1 197
1 203
1 218
1 261
1 262
1 329
1 362
1 374
1 378
2 8
2 9
2 13
2 16
2 26
2 43
2 47
2 56
2 59
2 60
2 147
2 153
2 170
2 257
2 269
2 285
2 295
2 350
3 4
3 5
3 8
3 10
3 17
3 18
3 19
3 33
3 34
3 39
3 51
3 54
3 61
3 64
3 71
3 87
3 89
3 90
3 113
3 140
3 141
3 143
3 152
3 154
3 156
3 157
3 178
3 189
3 195
3 197
3 210
3 223
3 225
3 228
3 230
3 233
3 256
3 274
3 277
3 310
3 318
3 329
3 345
3 355
3 356
3 371
3 384
4 5
4 6
4 7
4 11
4 14
4 16
4 23
4 24
4 25
4 26
4 27
4 28
4 32
4 36
4 42
4 68
4 70
4 79
4 82
4 83
4 98
4 111
4 122
4 125
4 134
4 142
4 150
4 169
4 219
4 229
4 244
4 252
4 265
4 273
4 306
4 326
4 331
4 361
4 380
4 402
4 405
5 6
5 7
5 8
5 9
5 10
5 16
5 20
5 21
5 23
5 30
5 33
5 45
5 46
5 70
5 98
5 101
5 103
5 118
5 147
5 153
5 171
5 190
5 212
5 221
5 222
5 259
5 265
5 270
5 284
5 301
5 349
5 385
5 389
5 396
6 17
6 26
6 29
6 62
6 100
6 117
6 119
6 121
6 165
6 188
6 215
6 228
6 234
6 258
6 267
6 279
7 12
7 19
7 20
7 34
7 61
7 66
7 72
7 77
7 88
7 99
7 130
7 143
7 156
7 172
7 173
7 250
7 277
7 282
7 300
7 334
7 351
7 383
7 389
8 11
8 18
8 22
8 55
8 60
8 81
8 90
8 94
8 122
8 132
8 161
8 167
8 183
8 194
8 207
8 210
8 240
8 265
8 266
8 303
8 312
8 342
8 354
8 359
8 360
8 363
8 368
9 10
9 14
9 30
9 32
9 38
9 40
9 43
9 49
9 58
9 69
9 76
9 79
9 96
9 125
9 196
9 260
9 309
9 314
9 357
9 390
10 28
10 73
10 77
10 212
10 216
10 229
10 279
10 291
10 333
11 29
11 30
11 51
11 65
11 73
11 75
11 86
11 93
11 145
11 182
11 192
11 201
11 304
11 321
11 397
12 114
12 129
12 144
12 192
12 384
13 14
13 25
13 39
13 47
13 56
13 78
13 80
13 84
13 137
13 145
13 161
13 164
13 188
13 251
13 272
13 301
13 302
13 305
13 315
13 317
13 338
13 394
13 400
14 15
14 55
14 58
14 64
14 68
14 91
14 94
14 110
14 127
14 130
14 139
14 148
14 242
14 254
14 273
14 299
14 334
14 399
14 407
15 29
15 33
15 52
15 63
15 236
15 294
15 295
15 344
15 389
16 18
16 27
16 31
16 34
16 42
16 44
16 49
16 50
16 65
16 66
16 69
16 71
16 74
16 101
16 102
16 109
16 110
16 117
16 126
16 128
16 130
16 138
16 155
16 187
16 191
16 209
16 215
16 232
16 239
16 247
16 304
16 316
16 338
16 346
16 353
16 357
16 373
17 22
17 28
17 31
17 46
17 48
17 49
17 53
17 99
17 102
17 123
17 189
17 227
17 287
18 23
18 155
18 174
18 209
18 210
18 230
19 21
19 37
19 59
19 73
19 85
19 91
19 111
19 126
19 146
19 209
19 227
19 349
19 352
20 24
20 25
20 45
20 55
20 98
20 139
20 153
20 181
20 183
20 184
20 197
20 231
20 238
20 250
20 365
20 403
21 42
21 84
21 86
21 88
21 115
21 214
21 221
21 243
21 253
21 258
21 287
21 307
21 315
21 405
22 31
22 36
22 57
22 92
22 289
22 332
22 344
22 386
23 40
23 44
23 45
23 169
23 171
23 174
23 217
23 232
23 273
23 293
23 294
23 299
24 35
24 36
24 40
24 43
24 52
24 53
24 57
24 60
24 116
24 133
24 158
24 199
24 268
24 306
24 320
24 348
24 364
24 392
25 35
25 155
25 181
25 192
25 281
25 333
26 27
26 32
26 103
26 106
26 109
26 119
26 135
26 145
26 166
26 283
26 335
27 41
27 65
27 175
27 184
27 198
27 224
27 400
28 46
28 142
28 226
28 238
29 38
29 97
29 120
29 133
29 137
29 232
29 323
29 342
29 362
29 375
30 38
30 48
30 85
30 104
30 127
30 132
30 136
30 152
30 184
30 204
30 266
30 280
30 292
30 317
30 347
31 37
31 41
31 176
31 179
31 281
31 308
31 380
32 62
32 221
32 313
32 400
33 118
33 121
33 168
33 217
33 297
34 63
34 107
34 128
34 136
35 67
35 71
35 76
35 80
35 103
35 120
35 136
35 140
35 158
35 175
35 187
35 198
35 270
35 387
36 56
36 87
36 96
36 102
36 120
36 200
36 246
36 271
36 297
36 305
36 312
37 149
37 162
37 202
37 307
37 343
38 54
38 78
38 213
38 237
39 48
39 52
39 81
39 82
39 94
39 125
39 146
39 159
39 196
39 216
39 260
39 341
40 72
40 106
40 140
40 163
40 170
40 190
40 219
40 374
41 50
41 67
41 110
41 233
41 246
41 379
42 233
42 321
42 364
43 81
43 83
43 86
43 95
43 177
43 191
43 206
43 226
43 261
43 278
43 333
43 340
43 408
44 51
44 92
44 95
44 104
44 160
44 168
44 224
44 230
44 259
44 276
45 70
45 179
45 251
45 275
45 345
45 346
46 57
46 75
46 114
46 124
46 134
46 226
46 252
46 263
46 295
46 329
46 343
46 375
46 388
47 50
47 105
48 99
48 204
49 220
49 407
50 112
50 124
50 236
51 75
51 144
51 159
51 286
51 299
51 321
52 53
52 58
52 67
52 84
52 105
52 160
52 161
52 170
52 185
52 216
52 286
52 328
52 341
52 393
53 112
53 138
53 176
53 331
53 345
54 93
54 113
54 162
54 167
54 208
54 256
54 280
54 288
55 241
56 80
56 369
57 72
57 131
57 177
57 264
57 325
57 328
57 355
58 59
58 89
58 227
58 240
59 129
59 306
60 106
60 179
60 243
60 331
60 363
61 85
61 173
61 220
61 381
62 117
62 119
62 186
62 199
62 268
62 335
62 340
63 92
63 245
63 248
63 272
63 355
64 66
64 78
64 134
64 143
64 188
64 220
64 231
64 308
64 328
64 338
65 96
65 180
65 235
66 107
66 173
66 175
66 205
66 223
66 237
66 302
66 311
67 91
67 126
67 151
67 185
67 193
67 208
67 242
67 318
67 326
67 327
67 352
67 391
67 393
68 97
70 339
71 142
72 74
73 138
73 218
73 257
73 353
73 408
74 76
74 100
74 104
74 112
74 165
74 199
74 235
74 269
74 339
75 181
75 206
75 234
75 318
76 77
76 90
76 100
76 109
76 131
76 261
76 262
76 278
76 296
76 374
77 105
77 144
77 214
77 266
77 305
77 326
78 107
79 95
79 156
79 186
79 213
81 113
81 121
81 139
81 212
82 222
83 128
84 167
84 238
84 241
84 276
84 319
84 341
84 360
84 407
86 111
86 115
86 132
86 277
87 115
87 131
87 157
87 162
87 203
87 215
87 298
88 148
89 180
90 327
91 135
91 382
92 108
92 133
92 205
92 211
92 352
93 150
94 123
94 275
94 285
94 310
94 339
95 114
95 166
95 190
95 322
96 97
96 122
96 137
96 150
96 191
96 194
96 195
96 201
96 249
96 251
96 269
96 282
96 334
96 351
96 394
97 177
97 200
97 336
97 367
98 101
98 141
98 241
98 319
98 362
98 392
99 108
99 176
99 186
99 223
99 255
99 278
99 314
99 385
100 127
100 193
100 229
100 259
101 286
101 358
101 383
102 149
102 224
102 249
102 271
102 353
103 123
103 174
104 180
104 211
104 298
104 391
105 149
106 129
106 231
106 245
108 340
109 228
109 244
109 324
109 369
110 163
110 264
110 358
110 387
110 395
111 164
111 237
111 274
111 276
111 310
112 135
112 235
113 116
113 148
113 323
115 365
115 386
116 157
116 217
116 406
117 141
117 166
117 189
117 202
117 323
117 324
117 405
118 178
118 271
118 370
119 373
120 205
121 207
121 248
121 255
121 279
121 391
122 164
122 253
122 366
123 368
123 377
125 315
125 380
125 381
126 250
127 151
127 198
127 343
128 159
128 225
129 213
131 242
131 243
131 246
131 263
131 360
131 364
132 194
132 347
133 344
133 390
134 222
134 236
134 317
135 262
135 282
135 291
135 297
136 172
136 408
137 146
137 384
138 163
138 200
138 298
139 154
139 234
139 249
139 378
141 147
141 288
141 300
144 151
144 172
144 178
144 206
144 254
144 272
144 398
145 314
145 404
149 284
149 367
151 171
153 337
153 386
153 395
155 168
155 182
156 322
157 195
157 240
157 324
158 270
159 301
160 201
160 330
160 369
160 372
162 239
162 294
162 403
163 248
165 185
168 183
168 193
168 257
169 325
171 214
171 361
171 368
174 313
175 359
176 399
177 291
179 187
179 208
179 304
179 320
179 327
180 182
180 289
181 300
183 336
184 371
185 247
189 196
191 247
191 292
192 203
192 267
194 267
195 342
196 302
198 401
199 218
199 363
200 332
201 280
201 284
201 311
202 244
204 370
205 245
206 402
207 263
207 296
207 372
210 211
210 219
211 303
211 348
212 225
212 316
213 283
213 366
215 401
216 254
220 283
221 377
224 325
225 256
225 258
225 268
225 287
226 253
227 239
229 255
229 356
229 395
229 399
231 398
232 393
233 377
235 394
237 275
237 316
239 281
242 312
243 290
244 322
244 370
245 307
247 373
249 252
250 379
252 303
252 346
253 390
254 350
255 337
255 348
255 385
258 382
259 288
259 337
265 350
265 356
265 379
266 351
267 289
267 308
267 357
269 293
271 274
271 366
271 383
272 285
272 365
273 361
274 371
275 311
281 309
282 290
283 347
283 397
285 330
290 292
290 335
294 367
299 354
299 381
302 309
302 376
304 332
308 401
312 313
314 376
317 319
317 320
317 406
318 359
322 336
332 388
343 354
343 404
347 349
348 406
352 387
353 398
357 358
362 396
365 376
365 402
366 372
374 382
380 403
392 397
394 404
