0 1
0 2
0 3
0 4
0 5
0 7
0 33
0 38
0 45
0 68
0 69
0 92
0 93
0 99
0 103
0 111
0 132
0 139
0 158
0 212
0 236
0 247
0 256
0 269
0 320
0 331
0 332
1 4
1 5
1 6
1 8
1 9
1 10
1 11
1 16
1 18
1 19
1 20
1 23
1 28
1 29
1 32
1 37
1 65
1 66
1 69
1 70
1 74
1 76
1 81
1 84
1 95
1 102
1 103
1 108
1 111
1 113
1 118
1 131
1 134
1 135
1 142
1 151
1 160
1 171
1 174
1 183
1 185
1 190
1 193
1 196
1 199
1 212
1 214
1 234
1 237
1 243
1 247
1 248
1 255
1 265
1 285
1 292
1 312
1 317
1 341
1 346
1 406
1 415
1 422
2 5
2 9
2 11
2 17
2 26
2 39
2 55
2 56
2 126
2 127
2 142
2 165
2 177
2 225
2 229
2 244
2 250
2 251
2 254
2 268
2 271
2 342
2 357
2 391
3 4
3 6
3 26
3 28
3 44
3 57
3 78
3 87
3 116
3 137
3 213
3 288
3 301
3 328
3 340
3 375
3 388
4 6
4 7
4 8
4 11
4 12
4 13
4 14
4 15
4 21
4 22
4 25
4 27
4 29
4 30
4 31
4 35
4 42
4 43
4 45
4 46
4 54
4 59
4 60
4 61
4 62
4 65
4 67
4 70
4 79
4 84
4 86
4 91
4 95
4 97
4 100
4 105
4 111
4 112
4 132
4 135
4 139
4 143
4 164
4 190
4 200
4 207
4 248
4 254
4 269
4 278
4 281
4 288
4 310
4 313
4 319
4 320
4 325
4 334
4 344
4 348
4 354
4 374
4 376
4 378
4 395
4 397
4 413
4 417
4 419
5 14
5 19
5 43
5 47
5 58
5 82
5 115
5 139
5 145
5 181
5 203
5 217
5 234
5 285
5 355
5 360
5 405
5 419
6 7
6 8
6 9
6 10
6 12
6 18
6 29
6 30
6 38
6 41
6 50
6 53
6 59
6 66
6 72
6 75
6 80
6 88
6 89
6 91
6 94
6 106
6 108
6 122
6 136
6 138
6 155
6 227
6 239
6 256
6 266
6 280
6 281
6 291
6 309
6 315
6 360
6 389
6 402
6 409
6 423
7 10
7 15
7 249
8 12
8 14
8 20
8 23
8 24
8 27
8 52
8 90
8 153
8 165
8 192
8 209
8 216
8 219
8 238
8 262
8 271
8 282
8 314
8 399
9 13
9 16
9 27
9 32
9 49
9 76
9 138
9 161
9 253
9 301
9 392
10 15
10 20
10 22
10 24
10 37
10 70
10 71
10 96
10 101
10 112
10 117
10 127
10 148
10 154
10 162
10 231
10 236
10 251
10 255
10 270
10 290
10 294
10 303
10 309
10 338
10 362
10 371
10 396
10 404
11 17
11 18
11 41
11 44
11 55
11 57
11 59
11 63
11 78
11 122
11 133
11 149
11 152
11 173
11 190
11 194
11 204
11 220
11 234
11 240
11 283
11 303
11 338
11 342
11 386
11 390
12 13
12 16
12 23
12 30
12 44
12 47
12 48
12 94
12 109
12 110
12 162
12 176
12 201
12 208
12 209
12 230
12 253
12 260
12 276
12 307
12 328
12 357
12 365
12 380
13 17
13 46
13 53
13 68
13 73
13 77
13 97
13 125
13 141
13 149
13 151
13 226
13 240
13 262
13 291
13 337
13 421
14 21
14 34
14 46
14 51
14 77
14 83
14 246
14 252
14 266
14 296
14 324
14 356
14 373
14 401
15 90
15 123
15 159
15 233
15 407
16 19
16 21
16 22
16 26
16 33
16 43
16 51
16 84
16 92
16 107
16 120
16 148
16 157
16 188
16 193
16 218
16 277
16 305
16 355
16 372
17 50
17 54
17 86
17 130
17 175
17 183
17 202
17 326
17 385
18 187
18 269
18 282
18 286
19 24
19 25
19 28
19 34
19 64
19 69
19 72
19 87
19 113
19 146
19 150
19 164
19 166
19 195
19 219
19 221
19 231
19 265
19 267
19 291
19 311
19 315
19 385
19 402
20 32
20 36
20 37
20 38
20 42
20 52
20 56
20 73
20 83
20 208
20 223
20 228
20 243
20 248
20 289
20 296
20 339
20 359
20 368
20 373
20 417
21 112
22 25
22 39
22 40
22 48
22 63
22 74
22 86
22 144
22 169
22 171
22 197
22 229
23 52
23 60
23 206
23 420
24 31
24 33
24 39
24 42
24 49
24 61
24 68
24 85
24 87
24 116
24 126
24 145
24 184
24 299
24 314
24 317
24 342
25 48
25 75
25 174
25 196
26 120
27 63
27 81
27 92
27 98
27 154
27 189
27 259
27 316
27 334
27 353
27 361
28 51
28 77
28 104
28 195
28 272
28 297
28 324
28 404
29 35
29 36
29 108
29 117
29 128
29 156
29 170
29 223
29 236
29 286
29 302
29 320
30 31
30 57
30 64
30 76
30 82
30 89
30 106
30 110
30 133
30 161
30 168
30 208
30 216
30 232
30 369
31 34
31 56
31 71
31 85
31 105
31 114
31 215
31 263
31 273
31 327
31 338
31 341
32 35
32 50
32 62
32 75
32 109
32 121
32 130
32 188
32 247
32 268
32 306
32 315
32 346
32 367
32 419
33 233
33 364
34 40
34 54
34 58
34 78
34 80
34 98
34 116
34 117
34 118
34 124
34 126
34 131
34 159
34 168
34 178
34 216
34 277
34 293
34 325
34 356
34 396
35 36
35 41
35 45
35 119
35 158
35 163
35 191
35 227
35 235
36 74
36 118
36 135
36 179
37 40
37 62
37 71
37 204
37 266
37 287
37 311
37 316
39 55
39 91
39 143
39 145
39 194
39 205
39 219
39 380
40 49
40 114
40 147
40 235
40 351
40 371
40 383
41 47
41 61
41 85
41 99
41 105
41 140
41 148
41 155
41 166
41 179
41 211
41 222
41 279
41 285
41 287
41 306
41 337
41 380
41 387
41 420
41 421
42 263
43 79
43 120
43 205
43 308
44 67
44 93
44 95
44 101
44 127
44 140
44 206
44 329
44 363
45 66
46 53
46 94
46 141
46 187
46 289
46 335
46 379
47 125
47 151
47 157
47 163
47 206
47 286
47 299
47 345
48 58
48 136
48 279
49 65
49 67
49 101
49 119
49 122
49 169
49 210
49 298
49 344
49 347
50 113
50 124
50 129
50 240
50 246
51 72
51 81
51 121
51 143
51 146
51 147
51 164
51 171
51 184
51 415
52 90
52 97
52 124
52 178
52 212
52 213
52 239
52 325
52 330
52 394
53 82
53 114
53 192
53 261
53 296
53 367
53 397
53 400
54 88
54 99
54 103
54 104
54 142
54 149
54 161
54 189
54 214
54 255
54 374
54 412
55 96
55 155
55 179
55 215
55 224
55 232
55 416
56 60
56 109
56 137
56 196
56 204
56 210
56 250
56 272
56 283
56 351
57 89
57 306
57 307
57 359
58 83
58 100
58 345
59 64
59 88
59 140
59 175
59 200
59 256
59 384
60 163
60 396
61 102
61 209
61 335
61 349
62 308
63 79
63 136
63 326
63 339
63 348
63 367
63 372
63 393
64 241
64 272
64 275
64 336
64 375
64 378
65 180
65 211
65 305
65 319
66 110
66 172
66 198
66 273
66 327
67 73
67 80
67 374
68 106
68 134
69 177
69 211
69 217
69 284
69 355
69 413
71 93
72 121
73 167
73 180
74 169
74 329
75 181
75 185
75 258
75 273
75 279
75 282
75 409
76 314
77 390
78 96
78 102
78 147
78 156
78 191
78 275
78 350
78 361
78 409
80 129
80 348
80 403
81 322
82 257
83 178
84 128
84 152
84 166
84 200
85 98
85 107
85 156
85 167
85 310
85 362
85 387
85 393
85 411
86 119
86 235
86 250
86 352
87 277
88 153
88 159
88 172
88 351
89 100
89 199
89 227
89 228
90 132
90 387
91 232
91 329
91 349
92 158
92 170
92 203
92 238
94 134
95 137
95 257
95 284
95 322
96 243
96 259
96 340
97 115
97 239
98 107
98 261
99 104
99 182
99 192
99 346
99 377
99 391
99 394
99 408
99 420
100 130
100 133
100 160
100 170
101 150
102 131
102 331
103 182
103 345
103 384
104 241
104 245
104 294
104 343
104 411
105 340
106 176
106 183
106 230
106 365
107 231
107 264
108 153
108 226
108 251
108 294
109 123
109 129
109 249
109 278
109 370
109 401
110 123
110 201
110 284
111 242
111 308
112 154
112 222
112 260
112 359
113 115
113 138
113 186
113 191
113 262
113 293
113 313
113 381
113 383
113 408
114 218
114 333
115 125
115 165
115 186
115 302
115 336
115 339
115 382
116 217
117 246
117 313
117 334
118 193
119 128
119 295
119 400
120 160
120 237
121 226
122 173
122 377
122 418
124 150
124 245
124 411
125 224
125 242
125 254
125 265
125 402
126 157
127 141
127 225
128 144
128 173
128 186
128 210
129 187
129 188
129 215
129 221
129 264
129 309
129 388
129 407
130 252
132 172
132 394
132 415
133 195
135 144
135 184
135 202
135 274
135 358
136 302
136 397
137 152
138 264
138 376
138 381
139 307
139 400
140 238
141 146
141 274
141 377
141 395
143 242
143 310
144 258
144 290
144 297
144 327
146 167
146 203
146 207
147 244
147 268
147 391
149 311
150 207
150 379
151 205
151 330
151 353
152 324
154 197
155 198
155 312
156 162
156 321
156 365
156 398
157 410
158 180
158 233
159 175
159 260
159 287
159 323
159 361
160 223
161 181
162 237
162 275
162 368
163 174
163 197
163 303
163 389
164 168
164 185
164 225
164 319
164 368
165 201
166 249
168 176
168 213
168 401
169 189
169 199
169 372
171 229
171 423
172 383
173 177
173 244
173 295
174 259
174 369
175 220
175 274
175 354
176 182
176 253
179 218
179 390
179 414
180 202
182 267
182 270
182 405
182 410
184 228
184 297
184 304
184 344
184 421
185 382
186 194
186 257
187 356
187 403
188 280
188 406
188 418
189 222
189 261
190 382
192 214
192 288
194 198
195 281
195 304
197 241
197 386
197 388
198 389
201 221
201 258
203 376
205 323
206 230
206 301
207 363
210 252
210 323
211 373
214 330
215 220
215 276
217 283
217 318
218 263
218 322
222 293
223 224
224 245
224 270
224 321
224 398
225 413
227 352
228 267
228 333
228 385
228 418
230 332
235 316
236 271
236 298
237 280
237 352
241 276
241 295
241 304
241 370
241 395
242 300
243 292
243 358
244 403
246 364
247 299
250 305
251 360
252 371
256 410
258 337
258 423
264 300
265 366
267 298
270 278
273 300
273 343
277 347
277 416
279 290
280 350
280 399
281 379
282 406
284 357
285 292
285 318
286 321
286 326
286 422
287 366
288 289
288 398
289 318
289 363
290 312
290 408
291 317
291 331
295 328
295 354
295 414
297 332
297 381
300 343
302 341
307 378
308 362
308 386
316 336
316 370
316 412
320 358
320 375
323 335
324 399
326 369
328 412
331 333
332 350
332 353
339 349
339 392
341 347
341 407
356 404
360 364
360 366
369 416
371 393
375 405
375 422
376 392
377 384
378 414
409 417
