0	0.68997857
1	0.69039923
2	0.68998964
3	0.40974209
4	0.69012391
5	0.68998779
6	0.69022586
7	0.69011685
8	0.68999660
9	0.69005518
13	0.69001654
16	0.68687264
22	0.69001257
30	0.69011370
61	0.59543977
66	0.68095786
78	0.60302087
87	0.68930953
108	0.61801473
109	0.66553055
114	0.68637980
147	0.61288243
183	0.63416528
201	0.59036023
207	0.51903514
284	0.63157275
290	0.54436409
303	0.59486100
310	0.63184930
313	0.59634245
352	0.55537975
412	0.46210814
446	0.57739804
477	0.44952298
511	0.46412571
535	0.44887743
553	0.43596311
556	0.56582736
574	0.53220443
722	0.45886188
795	0.45988970
798	0.45793709
942	0.43088717
962	0.49191015
1011	0.40001551
1213	0.40802267
1217	0.42816373
1302	0.39711947
1368	0.44150541
1410	0.45678310
1476	0.45053936
1549	0.44976857
1575	0.41376950
1589	0.43279325
1623	0.42554663
1648	0.45471458
1742	0.41312576
1901	0.38823838
10	0.68989021
12	0.69004256
14	0.64435585
20	0.69018290
27	0.67932998
28	0.68175657
32	0.68725173
35	0.64794230
43	0.68969954
48	0.68923694
52	0.63217166
56	0.50448485
60	0.67161566
62	0.61358995
76	0.67721412
100	0.61082782
110	0.62903596
120	0.62584152
122	0.65074436
129	0.63329521
140	0.67171880
152	0.68291638
162	0.58878573
168	0.54933045
174	0.60988423
177	0.61624410
204	0.64501288
254	0.59390459
282	0.59629717
291	0.49802540
299	0.48528228
337	0.54588650
351	0.63316883
432	0.52226806
437	0.48646332
443	0.47678856
537	0.57626945
554	0.52466363
573	0.47259799
589	0.53924632
626	0.44181061
678	0.51598053
689	0.55080994
714	0.52414673
739	0.52599423
767	0.46651577
774	0.52953952
792	0.45244415
812	0.46426188
877	0.39338480
912	0.41444420
918	0.45004652
922	0.57819835
933	0.47586409
946	0.41655714
975	0.45332622
1013	0.51021066
1027	0.47841144
1031	0.51863101
1033	0.47377388
1051	0.44222921
1122	0.45054848
1145	0.41980654
1201	0.40626636
1203	0.42291437
1221	0.47905806
1282	0.42399825
1292	0.40491777
1339	0.43255209
1443	0.43751432
1527	0.40386677
1592	0.42374189
1637	0.43722452
1641	0.43027450
1691	0.47837032
1693	0.42771386
1717	0.40552813
1728	0.37906852
1761	0.45534652
1806	0.41752792
1809	0.42694101
1854	0.41643617
1865	0.37928877
11	0.68735559
15	0.69020366
18	0.69026692
23	0.66900912
29	0.68285374
46	0.68977506
57	0.68996935
58	0.67553308
73	0.63831937
88	0.67074668
89	0.68476316
93	0.68049768
111	0.50177548
126	0.66671628
133	0.55856574
155	0.65742653
158	0.65115049
164	0.61390979
165	0.54953555
218	0.63857723
238	0.55477913
264	0.52723112
296	0.54439778
319	0.48455549
340	0.63573328
374	0.57603931
386	0.48137347
392	0.55656734
424	0.52963565
428	0.61805384
442	0.51013921
459	0.47381381
472	0.55591726
509	0.56980325
510	0.42914065
522	0.54337625
526	0.48908259
531	0.47595193
621	0.47925549
645	0.44206028
662	0.55366615
664	0.51740999
717	0.55761829
727	0.45255327
728	0.48720242
742	0.46364323
826	0.53356667
884	0.41954168
902	0.44644941
971	0.43809572
1057	0.51499845
1062	0.43124111
1076	0.49599912
1190	0.45139181
1199	0.46800685
1260	0.48276512
1301	0.47608207
1323	0.43764822
1334	0.42199603
1337	0.46646759
1406	0.44336105
1407	0.45393148
1417	0.50440979
1469	0.40073297
1484	0.42748934
1503	0.48851494
1512	0.44366996
1513	0.47376208
1518	0.41556213
1638	0.38463241
1663	0.41234936
1683	0.43674946
1684	0.45864544
1748	0.41291638
1768	0.40688357
1794	0.39608398
1821	0.44929171
1871	0.41317336
1931	0.41955286
271	0.57523849
1421	0.35119031
1432	0.33859650
17	0.68936728
26	0.66411726
40	0.68246538
54	0.68972143
59	0.67125976
64	0.68697532
77	0.68505379
79	0.67834194
80	0.65330804
83	0.67817372
101	0.63211108
105	0.62914905
124	0.58966378
127	0.66616074
153	0.59131236
160	0.49924554
167	0.44805296
176	0.62816358
194	0.60982818
216	0.57806491
222	0.60684529
242	0.52497743
252	0.62191520
255	0.49632262
268	0.64071293
283	0.68466517
295	0.49389882
304	0.49186569
311	0.60129675
339	0.52910742
345	0.52746919
373	0.45555863
391	0.48970216
398	0.51404956
421	0.54236976
440	0.50859660
456	0.52445028
462	0.48872741
463	0.59858207
503	0.43854127
536	0.58374008
586	0.57663194
599	0.44138939
605	0.56629474
611	0.49833153
614	0.63859186
656	0.49875173
661	0.44758697
680	0.54438073
697	0.45318331
702	0.50886641
703	0.50744699
705	0.53841077
706	0.42464802
719	0.47132597
763	0.50923447
797	0.52617733
855	0.52332684
900	0.55933509
916	0.57709444
934	0.50714158
970	0.45927743
994	0.51582040
1029	0.46996589
1034	0.42516651
1077	0.47204626
1090	0.40517501
1109	0.48222169
1116	0.41078666
1129	0.41873761
1135	0.47195956
1152	0.48864080
1174	0.43903519
1179	0.40912030
1195	0.50283993
1223	0.42654240
1231	0.40501427
1262	0.46630052
1279	0.41151504
1315	0.38156558
1341	0.49959392
1414	0.45701906
1418	0.38080371
1422	0.45532097
1451	0.39233261
1584	0.47811175
1587	0.45306193
1611	0.40810845
1631	0.44138506
1661	0.47719964
1665	0.41214240
1709	0.45375884
1714	0.43897290
1725	0.43684173
1734	0.40522828
1749	0.38468037
1756	0.42977249
1808	0.39791767
1846	0.42642870
1894	0.40196672
1895	0.41000866
19	0.66037944
21	0.68940232
24	0.62212890
41	0.69025842
45	0.62939979
69	0.58786909
94	0.68404632
123	0.61143035
131	0.64829459
144	0.68622179
146	0.59546795
166	0.67768805
169	0.61422128
217	0.66996981
265	0.65679897
315	0.54094467
388	0.55580953
401	0.53206455
405	0.52349423
407	0.57396126
422	0.61070345
476	0.53381819
478	0.43702061
566	0.53747223
582	0.42917089
601	0.57170515
604	0.51090206
655	0.47641242
677	0.46437434
679	0.43060711
724	0.45055404
734	0.46744549
757	0.52056471
759	0.63496770
828	0.59434663
843	0.45547094
990	0.45685415
1014	0.45747872
1040	0.39282287
1141	0.41878068
1322	0.38709310
1347	0.41629186
1354	0.40888243
1430	0.52558645
1506	0.44646311
1521	0.41342056
1656	0.41973957
1788	0.43060443
1811	0.41468934
1827	0.36587965
1886	0.40257913
1917	0.40746461
31	0.68811633
49	0.68501046
55	0.68521072
68	0.68310922
74	0.68699907
91	0.59027991
103	0.64119423
117	0.68830232
141	0.59528202
143	0.57629562
145	0.44663143
159	0.59802597
161	0.61311741
182	0.61556079
190	0.61533962
196	0.44988382
212	0.65536528
227	0.51134951
272	0.54500355
281	0.64334323
312	0.56138573
327	0.47611458
342	0.60820433
389	0.61866522
430	0.59337738
448	0.57242056
450	0.48470948
461	0.48384549
505	0.45907233
515	0.53976229
523	0.53324214
543	0.54803612
545	0.51216899
693	0.49572174
716	0.52967321
740	0.52502499
768	0.53861520
807	0.41539371
822	0.56694523
839	0.61066445
842	0.47277058
878	0.38625420
961	0.39609402
1167	0.49039140
1192	0.55307311
1245	0.42443040
1352	0.46352957
1470	0.44942030
1475	0.38520958
1829	0.43639299
1841	0.36795245
1887	0.41376553
1921	0.39624817
25	0.68983854
34	0.67289109
36	0.69008588
71	0.65187172
85	0.63002602
99	0.66962947
102	0.56481932
106	0.62138341
113	0.64715848
116	0.56695028
128	0.51491968
171	0.51938171
195	0.56919706
200	0.68227141
221	0.63188485
239	0.51705744
257	0.64461705
318	0.55310211
320	0.66139979
359	0.63234369
368	0.60482112
383	0.55964189
411	0.47615842
415	0.48886486
419	0.47759341
434	0.63892473
453	0.51300860
454	0.47746188
508	0.44985956
524	0.48206873
552	0.56497275
572	0.48650093
615	0.52731175
675	0.59384029
692	0.37478037
711	0.49433874
721	0.48974142
796	0.48419402
821	0.47625204
861	0.50070201
909	0.55735626
911	0.47254183
917	0.40906358
944	0.51511844
1054	0.38994637
1059	0.50183828
1101	0.45771726
1154	0.47925806
1168	0.48658135
1208	0.46053380
1220	0.43293993
1227	0.42254384
1294	0.40634781
1363	0.42052133
1573	0.47974863
1590	0.43835631
1649	0.43316255
1660	0.42791520
1720	0.38910958
1812	0.41680185
1909	0.41687398
39	0.69014822
51	0.64176167
107	0.59038810
188	0.67474230
208	0.59192004
220	0.63398001
232	0.58813261
269	0.61783807
280	0.60928872
301	0.57542447
323	0.58896352
326	0.50972566
353	0.58574302
372	0.53811170
382	0.44232035
451	0.55873045
460	0.64277223
500	0.57630299
501	0.59121973
624	0.48275384
646	0.52467543
736	0.46598650
744	0.55727640
789	0.41993024
801	0.56157439
806	0.43096703
851	0.46073864
863	0.49603679
883	0.46831226
897	0.43777630
1058	0.44611911
1073	0.47169212
1123	0.45498243
1187	0.49337682
1212	0.42559541
1215	0.48738320
1234	0.41674719
1283	0.41319073
1353	0.48867836
1385	0.43498964
1446	0.46288903
1489	0.43465466
1594	0.46398913
1614	0.41056095
1819	0.44281108
1933	0.42907960
72	0.57676677
81	0.65869408
90	0.68714750
92	0.65228135
98	0.66485554
118	0.63006878
121	0.63690711
132	0.67369521
136	0.56229129
149	0.60584163
156	0.58681144
244	0.63201710
248	0.47165033
251	0.58736388
288	0.52463514
292	0.63309624
333	0.50466610
348	0.60214827
367	0.64819511
420	0.52684869
423	0.50783277
429	0.59073864
445	0.52279979
480	0.46955198
493	0.57362679
514	0.51343797
541	0.63739212
577	0.50771834
588	0.44644111
622	0.40856718
633	0.43805811
642	0.58007378
672	0.49536224
699	0.43081030
732	0.50371092
737	0.47368053
746	0.55160948
778	0.49801886
809	0.46155590
834	0.50094163
894	0.48535492
930	0.44890706
943	0.40401525
958	0.43326873
959	0.50788511
993	0.47658408
1046	0.45381103
1093	0.43505796
1130	0.42176466
1143	0.43914441
1186	0.47447996
1266	0.43238532
1269	0.47375126
1278	0.42622916
1440	0.43002679
1515	0.41558717
1539	0.45132251
1562	0.47799320
1582	0.40827177
1585	0.47727362
1595	0.45538511
1657	0.42812612
1729	0.42195878
1765	0.42551767
1798	0.43728310
1824	0.43120222
1860	0.37834137
1864	0.42169567
44	0.68016723
82	0.66229789
84	0.66782411
151	0.57601922
173	0.63309876
191	0.60117774
243	0.50659464
276	0.66158872
293	0.58224688
343	0.65561659
369	0.53755379
444	0.46548016
525	0.59382004
659	0.46659598
720	0.59684812
766	0.45695234
786	0.49971051
791	0.42361504
808	0.44535750
825	0.42126605
929	0.47258217
992	0.43836728
1068	0.43864400
1243	0.47737563
1268	0.44513725
1285	0.43902530
1504	0.44760005
1624	0.40128140
1741	0.41204745
1754	0.39601607
1910	0.45508233
63	0.68790562
119	0.58395389
175	0.65095724
417	0.57644194
418	0.43692710
439	0.59458073
818	0.43741685
895	0.43458192
1074	0.48764297
1177	0.40993369
1458	0.41946976
1607	0.38695286
1644	0.40088434
42	0.68983663
53	0.68810258
112	0.65677816
139	0.67397372
237	0.56733411
247	0.67986780
286	0.57405853
316	0.52960021
331	0.66887862
403	0.56621726
404	0.57840278
506	0.50014869
551	0.57500165
560	0.54889088
613	0.54896615
670	0.54740747
735	0.42575997
751	0.53598068
793	0.45314266
997	0.40330907
1202	0.42623926
1233	0.45534317
1382	0.42951345
1616	0.36612432
1619	0.37731118
1621	0.44154323
1701	0.41118490
1804	0.43723246
185	0.66337743
209	0.55073524
226	0.50872318
278	0.50453921
360	0.65331128
481	0.43317532
482	0.49085482
516	0.58299361
519	0.51649964
578	0.48197924
629	0.43969799
764	0.58141685
800	0.46392339
896	0.47970026
1030	0.44730840
1110	0.47074750
1171	0.46088094
1249	0.43283570
1254	0.40934905
1658	0.38457316
1795	0.41126079
354	0.55678382
547	0.47227192
1151	0.53378310
1345	0.41284781
1431	0.37368341
33	0.67888537
38	0.67559104
50	0.68318212
250	0.63524328
263	0.63230953
314	0.66693318
321	0.54822607
341	0.63792457
378	0.60679413
414	0.46872040
490	0.42771211
559	0.45663478
730	0.48980855
749	0.49870196
783	0.51549098
963	0.43758496
1327	0.39295281
1424	0.43201999
413	0.55891401
492	0.49658722
608	0.42759820
658	0.41482272
673	0.57960747
836	0.48785471
1185	0.42796306
1491	0.38637609
1703	0.41084086
86	0.66079959
125	0.66062555
219	0.63051376
245	0.62733132
362	0.57186543
449	0.48185791
486	0.53886955
603	0.49755966
804	0.41811468
1238	0.42582380
1321	0.42787821
1390	0.42783864
1448	0.42799366
1507	0.46703035
1793	0.42143375
1902	0.40695317
95	0.68006177
138	0.51370773
214	0.53377326
358	0.41524745
408	0.58029583
427	0.60408109
475	0.51128779
544	0.64444642
571	0.51467537
587	0.53942911
616	0.50569614
627	0.51727326
676	0.51243689
832	0.43412808
859	0.41042586
874	0.47367996
965	0.51334209
1084	0.45793545
1236	0.43652576
1290	0.41362380
1425	0.44672597
1427	0.45164049
1435	0.35820711
1462	0.45252128
1502	0.40433782
1568	0.44422916
1569	0.36796538
1576	0.41087197
1636	0.44845219
1652	0.47441953
148	0.54905858
542	0.62922916
671	0.51261602
710	0.43056589
1357	0.47320062
1364	0.38068027
1540	0.44479485
1735	0.39666095
1807	0.41443035
97	0.62493653
134	0.64887012
163	0.48713601
228	0.66689377
240	0.52221556
262	0.67757414
297	0.60885049
306	0.55194106
390	0.47211880
400	0.47807414
436	0.46994292
484	0.57510144
650	0.53386574
748	0.46222705
927	0.42695657
1099	0.51736569
1230	0.45077872
1274	0.47192988
1286	0.39194111
1399	0.44817398
1497	0.45790185
1574	0.41295981
1599	0.50584328
47	0.68913493
70	0.67770665
115	0.59049804
202	0.59557311
538	0.51421798
787	0.48591515
803	0.41782478
904	0.44692030
988	0.48694235
1075	0.43553447
1218	0.40848686
1365	0.38398217
1627	0.44967182
1862	0.42536749
277	0.52840428
287	0.42346327
305	0.60180577
347	0.67185219
602	0.51020005
657	0.55640165
782	0.54345399
799	0.43768207
802	0.47939325
845	0.45192875
937	0.50272808
1132	0.49629320
1180	0.45837105
1244	0.45998846
1317	0.43114487
1329	0.45927295
1366	0.40129459
1442	0.39775667
1608	0.38671813
1676	0.44873648
1743	0.38775564
1900	0.36551561
1936	0.41389511
37	0.60437172
197	0.66234910
741	0.44488784
1664	0.44480665
193	0.59451978
1228	0.40214663
1450	0.40447002
67	0.66276868
135	0.67099258
225	0.51177197
270	0.57738423
274	0.52727295
300	0.57001886
562	0.54845626
565	0.46941041
636	0.45608351
853	0.42791937
1002	0.45906255
1004	0.41122504
1297	0.41943916
1464	0.43841865
1919	0.39654812
447	0.40056090
474	0.60088856
687	0.42984292
936	0.51624791
1019	0.39459603
1028	0.57087306
1078	0.41047357
1771	0.39928954
433	0.48539840
600	0.54915966
960	0.45835322
981	0.43791185
1108	0.49320314
1111	0.49191674
1441	0.49081860
1554	0.44035894
198	0.59642524
258	0.57052993
355	0.52362298
384	0.57784961
471	0.59915935
580	0.52726229
685	0.52997455
827	0.50074415
1156	0.41580860
1211	0.40120118
1403	0.44745992
142	0.58766394
213	0.62776280
376	0.45390840
491	0.54047965
708	0.45845662
747	0.47930505
1415	0.39569485
1873	0.44468295
1914	0.43145997
75	0.67359717
184	0.66536615
186	0.52379979
189	0.62181577
192	0.66878784
229	0.59978253
279	0.67585801
336	0.60315415
469	0.55738156
529	0.58230031
701	0.54600495
723	0.44499737
752	0.42050201
935	0.46159681
977	0.47865147
1137	0.45961211
1772	0.38354992
1782	0.43521556
1810	0.47233277
1898	0.34991705
1916	0.41191025
179	0.67093122
364	0.48690072
592	0.52006739
1088	0.43887120
1161	0.51338825
1178	0.40741226
1722	0.43384596
1903	0.40281803
65	0.63894147
546	0.49387244
581	0.51651149
857	0.59477919
979	0.47168594
1047	0.45251994
1098	0.47804951
1343	0.44648413
1555	0.45833648
1680	0.43399629
104	0.62585672
234	0.59796255
1367	0.42579593
1525	0.40546265
1834	0.44763946
211	0.53858114
231	0.67161530
696	0.53258532
715	0.52052839
1291	0.43957166
507	0.64129629
1214	0.45177635
1516	0.40860314
150	0.55159052
266	0.64482931
385	0.45820474
393	0.50541984
399	0.47728042
557	0.48055270
625	0.52753962
651	0.41859248
726	0.53625528
731	0.47826048
753	0.43798326
866	0.41522287
867	0.51280438
899	0.40784410
901	0.48187795
949	0.48541020
999	0.38099145
1080	0.49133194
1089	0.42422406
1125	0.47474261
1153	0.49186502
1209	0.43630072
1237	0.40413004
1258	0.41745209
1281	0.42983807
1284	0.49676342
1358	0.42984714
1371	0.43050835
1520	0.40855956
1546	0.41927120
1565	0.47586837
154	0.67187903
1196	0.43447032
1839	0.38716198
380	0.50754549
483	0.61899474
594	0.47233776
1453	0.43014008
1578	0.45663122
1613	0.42268238
1706	0.41938764
203	0.59416857
205	0.60136033
253	0.67158078
261	0.50166682
285	0.67208939
330	0.58746373
344	0.46849212
425	0.57066692
470	0.47068557
517	0.46415719
738	0.51693194
756	0.49451618
770	0.47264956
776	0.52060974
785	0.47255064
1006	0.52961170
1010	0.47534874
1069	0.46888985
1131	0.38963900
1134	0.44048990
1216	0.38062025
1276	0.43301777
1437	0.44552741
1466	0.43200608
1477	0.38182020
1550	0.42393349
1647	0.37402020
1655	0.48101659
1912	0.41754786
230	0.58012329
530	0.53436832
829	0.48276260
1553	0.43603699
1570	0.51845085
1842	0.38863926
157	0.65235981
172	0.68674760
322	0.53874930
375	0.53414178
387	0.49425971
479	0.59588032
518	0.54238588
755	0.44578918
880	0.49388001
908	0.49410371
940	0.46579495
973	0.49470716
1048	0.45191783
1055	0.47975188
1126	0.45183761
1272	0.46797264
1360	0.45018480
1372	0.42769268
1492	0.38579052
1498	0.49804843
1514	0.45901690
1586	0.39803308
170	0.64107048
308	0.56009310
485	0.46841829
528	0.45610629
743	0.47317403
790	0.41034338
840	0.43592643
1079	0.41903916
1112	0.48079758
1273	0.41177099
1316	0.39409093
1447	0.44681386
1524	0.44038372
1625	0.39455327
1797	0.46459073
1803	0.43081391
1843	0.47919083
1920	0.41885698
180	0.50918604
379	0.51621046
558	0.56333673
609	0.60284410
619	0.45061834
623	0.56751844
638	0.54822014
649	0.43564456
660	0.42615456
729	0.44957069
775	0.41146388
835	0.47338846
945	0.43861937
1035	0.44538830
1064	0.46486533
1139	0.45048681
1335	0.39992050
1376	0.37852246
1402	0.41075384
1547	0.41697290
1559	0.43499650
1579	0.40360788
1605	0.40719763
1700	0.41463782
1730	0.41803642
1775	0.41280886
1831	0.39371278
302	0.51056801
317	0.58401190
363	0.54890082
410	0.55973369
583	0.52104585
686	0.44746229
968	0.54382200
1225	0.42276064
1543	0.40995193
1750	0.36881747
1881	0.37055033
550	0.42176136
955	0.42811520
1138	0.40468830
1940	0.39223668
256	0.62160155
441	0.42806255
669	0.50826224
771	0.44514137
893	0.43334884
954	0.49504075
957	0.43175353
1008	0.39608913
1056	0.43407975
1338	0.50016713
1678	0.39239593
1858	0.41281139
137	0.53694621
465	0.47492643
466	0.50485106
498	0.56921623
631	0.47687965
1022	0.45502648
1355	0.38573431
1596	0.45888434
96	0.64553478
260	0.51452416
307	0.58633498
349	0.49571587
709	0.55468635
713	0.54515677
890	0.52107970
1036	0.44891577
1039	0.45600876
1419	0.38350489
1544	0.39552349
1566	0.43273879
1668	0.40750505
1800	0.42388377
1880	0.35615137
298	0.61259310
346	0.57712272
361	0.56196239
452	0.52520649
814	0.45566522
950	0.52153390
1687	0.38952962
335	0.55460690
370	0.48452437
455	0.43274106
458	0.55447079
496	0.54712561
683	0.49424987
817	0.49543416
976	0.48437558
1007	0.43759933
1495	0.43819438
1567	0.42047877
1769	0.43227728
236	0.62419150
394	0.51364663
635	0.54595003
241	0.52462545
527	0.49626115
549	0.58961618
948	0.43696734
978	0.43191623
1026	0.49769876
1050	0.40911602
1219	0.44561252
1420	0.40029067
224	0.66556337
468	0.55694699
473	0.48206976
561	0.59807275
769	0.54499083
907	0.42455167
1106	0.43254668
1183	0.42310196
1416	0.36534183
1635	0.41026461
1704	0.41166414
1789	0.39767800
596	0.52197501
811	0.46357573
903	0.50020762
1121	0.47201231
1163	0.42376280
1639	0.38508212
1783	0.40901705
1813	0.41894776
199	0.63220371
597	0.50726584
606	0.57601710
634	0.49023715
695	0.50974075
815	0.48758764
860	0.40656533
1149	0.42566883
1197	0.41182339
1295	0.42289382
1395	0.43339145
1449	0.41750649
1474	0.42761777
1538	0.39540871
1609	0.41750969
1629	0.40265368
1774	0.37190757
1937	0.41585708
178	0.65605379
495	0.59909876
563	0.53042942
1175	0.43865044
1226	0.45899866
1688	0.38922179
1760	0.42817192
1767	0.39250180
1770	0.44790556
1877	0.42914029
1934	0.37063282
223	0.56853354
395	0.53267434
513	0.54688980
617	0.42396162
700	0.49432581
762	0.41458176
1016	0.43582050
1324	0.44719861
1359	0.42202014
1601	0.45479191
688	0.47417661
882	0.48722179
1136	0.49113220
365	0.60184657
409	0.51186584
595	0.49192844
1542	0.42352457
1548	0.41174905
1718	0.38440170
1790	0.38777342
181	0.54584493
520	0.50237465
532	0.47989294
712	0.55292509
1158	0.48748764
1393	0.41171927
1452	0.45035059
1581	0.48070093
1918	0.36626234
426	0.42089408
1119	0.41724956
1307	0.37842463
1460	0.38792303
1874	0.40950680
396	0.56591994
499	0.50571360
1164	0.44183550
1737	0.39192179
438	0.44600587
750	0.45778001
1362	0.39648959
334	0.52978197
772	0.44260005
833	0.50624678
1118	0.48882298
1461	0.41854240
1591	0.38405167
1612	0.40967135
1685	0.44455167
187	0.64922550
628	0.40601144
467	0.52910402
618	0.51663679
640	0.45102561
858	0.39536533
938	0.50857517
966	0.44286126
1494	0.40642792
1690	0.40623679
309	0.51851262
489	0.53936656
820	0.48721432
1433	0.53359078
1758	0.37558923
784	0.46828032
816	0.51526347
1067	0.49017089
1205	0.45677955
1694	0.41655059
235	0.67591211
371	0.44320005
607	0.47163689
947	0.42494796
1170	0.51455806
1351	0.40213163
1535	0.48135853
1679	0.42436038
1697	0.47194111
1764	0.36620057
1801	0.40257182
1815	0.39774446
130	0.62885507
1081	0.41816883
1263	0.41135023
1287	0.42898949
1784	0.40948377
1816	0.42875544
259	0.57837089
707	0.50229851
871	0.49644348
1091	0.44442344
1456	0.41054178
1928	0.42966883
402	0.55106739
540	0.57879418
870	0.52128836
1017	0.51854560
1892	0.38136203
644	0.51184297
854	0.42361231
267	0.55410881
1240	0.41654930
1369	0.42143874
1602	0.38896383
1522	0.39955384
637	0.54807254
1204	0.40482669
1340	0.42336167
1681	0.36387027
289	0.42783112
691	0.51729789
1332	0.41211283
1429	0.41125652
1436	0.39099335
1671	0.39093514
1763	0.40337336
1837	0.41856543
1930	0.35634673
754	0.47736100
781	0.39750355
1045	0.42449361
1165	0.40600711
1773	0.38518836
233	0.56414173
397	0.48564003
914	0.46055095
1698	0.37585008
761	0.47447439
1312	0.44846388
850	0.38988135
987	0.41355683
1071	0.49584992
1082	0.42906512
1580	0.36002179
1588	0.40928959
356	0.56011613
497	0.51551334
1120	0.39867646
1133	0.45778712
1188	0.40363302
1305	0.41139212
1485	0.44276054
924	0.46452555
1463	0.40345131
1642	0.39329985
1710	0.35765276
338	0.48430129
568	0.61002998
666	0.58582684
1012	0.42964281
1189	0.44391453
1265	0.44000381
1374	0.39528120
1379	0.41442184
1552	0.37651932
1847	0.44073442
249	0.60919042
521	0.42688521
1653	0.42712483
1857	0.38986347
1288	0.41285363
1727	0.46371942
1052	0.49712875
1336	0.42430021
1373	0.45964338
1020	0.54839217
1224	0.45983756
1252	0.47620062
1715	0.41505229
1716	0.38852174
1817	0.39845708
215	0.60347094
357	0.46482107
575	0.62229897
1350	0.38958403
1526	0.47507038
1757	0.41247084
1787	0.38606543
350	0.56790582
1003	0.54919207
1095	0.47248923
873	0.43474678
1222	0.42069402
1583	0.34910814
1413	0.39139784
487	0.48036914
1689	0.39333792
862	0.41451149
1781	0.36368357
830	0.39210309
841	0.42160149
887	0.50563354
1899	0.38226388
576	0.50746991
1200	0.41566692
1426	0.38103483
1762	0.41580222
1488	0.39392215
898	0.46198027
996	0.45712756
1127	0.37864189
1184	0.36389387
1759	0.36923957
1935	0.37897903
612	0.59664472
639	0.54115507
1309	0.53675430
663	0.60128949
1303	0.38728418
377	0.40811695
1117	0.43631721
1193	0.53278145
1206	0.42331391
1398	0.43742998
1598	0.43783601
1675	0.40354894
1319	0.41969691
1692	0.41388980
1911	0.41839335
210	0.47597007
1326	0.40741690
1333	0.37563060
1472	0.45896074
773	0.49090041
953	0.47619418
1293	0.44288027
1328	0.46555276
1467	0.36421345
1531	0.46472411
1632	0.38465234
1640	0.41475137
1677	0.36589552
591	0.41726765
654	0.46093493
758	0.54911350
1194	0.43224086
1356	0.48494441
1389	0.44609212
1482	0.41683380
1670	0.39072066
1731	0.39246579
632	0.51961788
1247	0.42651850
972	0.46508836
1043	0.40110191
1791	0.39913447
431	0.54766419
974	0.43687769
913	0.38848099
964	0.39899619
567	0.40436960
1270	0.39687810
1142	0.43678362
1454	0.40451015
1923	0.38787342
777	0.52970675
837	0.41133905
1065	0.44490149
1128	0.39797955
1486	0.43507079
718	0.46045822
1072	0.41885811
1094	0.45944683
1304	0.41923019
1377	0.44192468
1868	0.35988897
502	0.60270644
879	0.47897676
928	0.49416378
1378	0.36510165
1523	0.45948156
682	0.56294029
886	0.37053931
925	0.35807661
533	0.47008326
647	0.52941273
823	0.59184822
1445	0.43627321
273	0.63074523
1471	0.39827063
1409	0.43873967
1889	0.43673029
1897	0.37571783
548	0.54459274
892	0.42221695
1146	0.47964869
1173	0.43984384
1239	0.42002138
1646	0.40412761
1823	0.42530433
1907	0.40524513
690	0.46788145
810	0.42134086
1571	0.39694740
585	0.35610196
1672	0.33410129
406	0.64421262
667	0.50355724
1102	0.49204740
1255	0.42088305
1915	0.37313024
665	0.45847908
788	0.45234379
986	0.37539675
1682	0.40924920
1015	0.38880623
931	0.45258877
206	0.60750706
275	0.64367785
805	0.46612957
848	0.46445358
1023	0.42020840
1242	0.39880062
1044	0.38304307
1066	0.56842957
1411	0.35576466
1519	0.37808490
1879	0.38259948
1500	0.43042658
847	0.45288733
1289	0.35299258
926	0.47381643
956	0.42667445
1308	0.47242782
1662	0.40002607
512	0.62350397
704	0.55781901
794	0.43241144
982	0.36606064
995	0.50403740
1342	0.37354760
1883	0.39890330
1667	0.37848269
1330	0.46612483
1745	0.37598439
1777	0.38939784
246	0.56344225
872	0.37660531
920	0.40423709
1115	0.38333745
1558	0.34968666
325	0.50471880
1387	0.36883132
1705	0.37881767
366	0.45935183
1922	0.34867883
1563	0.41474086
641	0.54818964
779	0.46246321
1018	0.45354946
648	0.52604796
1738	0.38009356
1401	0.41042952
1532	0.45910057
1926	0.38537141
1009	0.38559820
1510	0.37087465
1938	0.34727135
534	0.47439330
1103	0.37659083
1557	0.40273818
1878	0.34534250
579	0.39195358
733	0.58953292
1929	0.37638063
1517	0.35957254
381	0.57549047
652	0.53045554
435	0.54269284
984	0.45559140
1740	0.38103776
1724	0.36969171
1835	0.38559067
1876	0.39391958
324	0.56198697
869	0.39681937
1259	0.42584338
849	0.57662792
1551	0.40873076
1597	0.45354266
1713	0.37473694
1890	0.37931911
1114	0.38569737
1001	0.46015956
1634	0.39467975
643	0.39304039
698	0.51478588
1261	0.39598743
1673	0.40040984
332	0.58054307
1000	0.47536955
1207	0.45337089
464	0.44787398
1105	0.48934456
1603	0.39110999
1844	0.38292463
1560	0.40510567
865	0.50205832
598	0.39877244
1024	0.42662658
494	0.58759310
590	0.49637903
1869	0.39863199
1092	0.37704353
294	0.56712169
1511	0.41582756
875	0.42368197
1107	0.38355997
1155	0.42716770
1852	0.37576976
1148	0.40052200
1314	0.39072138
1396	0.41098985
1412	0.39684802
1733	0.39211602
1779	0.40677986
1478	0.35327197
1885	0.34388722
1198	0.42565425
1318	0.47050737
328	0.55642499
569	0.47861108
819	0.38988815
1927	0.37268640
504	0.48590860
1832	0.33044276
881	0.42440721
668	0.49680088
1814	0.34184204
1645	0.35660680
1651	0.35303910
952	0.43209335
1021	0.49041113
1277	0.46330933
1604	0.39581886
1699	0.37250361
620	0.42970041
1310	0.37775564
1696	0.38848727
1465	0.38080474
941	0.50675492
1884	0.42018212
1087	0.43621654
1606	0.36205574
1863	0.38789165
998	0.43473256
1041	0.44645337
1439	0.37856327
1861	0.35792798
915	0.36133148
1711	0.34479758
1785	0.35100422
910	0.45145600
1280	0.39896857
584	0.40659150
329	0.40941515
488	0.45653143
653	0.59053993
1241	0.37727331
1229	0.43275714
1850	0.32889990
1157	0.47047800
630	0.45492746
1005	0.38818037
1049	0.39861772
1296	0.36229820
1480	0.38287749
1038	0.44098449
1786	0.37209129
905	0.46277316
681	0.56184266
1509	0.35291819
1805	0.40112421
1124	0.43320752
1191	0.38742694
1162	0.40963462
1939	0.39978666
1097	0.41623668
1483	0.38911417
1487	0.35205028
1501	0.38337867
1669	0.40144302
1246	0.39142344
1659	0.47696193
1855	0.41448764
570	0.47461458
983	0.38989882
1061	0.43219196
1083	0.49857764
1383	0.37231406
1473	0.36996646
1908	0.38541072
1388	0.54906795
555	0.58804508
1924	0.35553333
831	0.52404189
1346	0.40287306
1438	0.42882416
1541	0.36310422
1747	0.40056883
1780	0.38960355
1306	0.38923364
1845	0.37779825
951	0.40020850
1405	0.38710922
1408	0.42255884
1712	0.40246224
1746	0.36620340
824	0.44081427
1537	0.38560814
1776	0.38527496
969	0.37648918
852	0.39593782
1796	0.40055075
1888	0.37406625
1248	0.37628078
1397	0.39941396
1906	0.41755394
1564	0.42803637
1723	0.38683045
564	0.45400989
932	0.47700742
1534	0.36360211
1060	0.44815837
1468	0.37861504
416	0.55201427
889	0.52103168
1686	0.44569552
1818	0.38132221
921	0.48596538
745	0.39000428
885	0.53631705
1025	0.47145404
1744	0.38341824
1633	0.36002591
1251	0.35455523
888	0.36075507
1650	0.38876208
539	0.51023967
1802	0.40019042
593	0.42343673
1394	0.45337738
725	0.37791082
1253	0.35598022
846	0.39877831
1853	0.36009655
760	0.38090572
1751	0.42218351
1859	0.38011937
923	0.39301334
1893	0.36923241
919	0.42250041
1925	0.34575966
1331	0.36931638
1444	0.39793148
1848	0.34682633
1344	0.41705353
1490	0.38051860
1721	0.38171355
1256	0.35846986
1617	0.33698063
1840	0.38155976
1391	0.35854822
1905	0.33068393
1085	0.39025832
1235	0.50587460
780	0.44489284
1370	0.44518413
1719	0.35479243
1423	0.37644441
1434	0.39125652
1666	0.34724766
813	0.39875389
1096	0.33778568
864	0.57362221
1626	0.40329567
1752	0.40243637
939	0.40763818
1381	0.41129207
1150	0.37452622
1300	0.42097908
1349	0.36131880
684	0.57030242
1556	0.32512566
1181	0.36801061
1826	0.37436265
838	0.50262061
1053	0.35453194
1528	0.39687182
457	0.63900402
1695	0.37445374
1828	0.35688939
868	0.45289057
856	0.48318542
1536	0.32112102
1250	0.40021896
1630	0.38025142
891	0.44299634
1755	0.39663210
876	0.43228130
1836	0.34331257
1529	0.33982633
1361	0.38979428
1618	0.41527331
1311	0.34928171
1572	0.38082705
1870	0.34373122
1654	0.38841154
674	0.38750319
1766	0.33621556
1159	0.39663648
991	0.39847754
610	0.42841741
1070	0.49497563
1739	0.39179882
1726	0.42316579
967	0.50132828
1620	0.37930799
1702	0.33967604
1530	0.38917249
1172	0.34934137
1298	0.34218320
1736	0.33526749
1615	0.34599423
1508	0.37380412
765	0.48152875
1210	0.46899052
1264	0.44118789
1169	0.38654307
1875	0.33179279
1271	0.34663096
1037	0.41164225
1820	0.32855075
1257	0.36919320
1505	0.35700639
1160	0.39938521
1457	0.38770258
1792	0.38955806
1600	0.38567980
1166	0.34542133
1428	0.41225126
1896	0.33555894
1267	0.32309171
1479	0.31901066
1533	0.42010371
980	0.37905724
1380	0.36666337
844	0.34091005
1384	0.43635348
1140	0.53687228
1232	0.41821772
1299	0.39142566
1872	0.36527151
694	0.42566383
1851	0.32578166
989	0.45284049
1799	0.31978058
1313	0.35798089
1778	0.35342643
1042	0.41852530
1275	0.41733916
1455	0.36300840
1674	0.36477687
985	0.41062411
1104	0.35332669
1113	0.50100793
1032	0.36624807
1904	0.32597759
1176	0.42187269
1375	0.31978367
1913	0.34410438
1561	0.43695507
1086	0.37294389
1348	0.32669480
1891	0.30897589
1707	0.31925131
1063	0.48636631
1481	0.34162952
1147	0.42695353
1643	0.38985621
1708	0.36135023
1593	0.36641005
906	0.50610330
1493	0.34729001
1628	0.35188635
1856	0.33255775
1610	0.39149155
1577	0.33599093
1182	0.43043385
1866	0.33104451
1404	0.33968882
1100	0.48967151
1849	0.33318305
1545	0.35676105
1325	0.40300082
1400	0.36222257
1867	0.33280665
1753	0.30911978
1386	0.32522921
1732	0.30615075
1822	0.31609315
1882	0.32945549
1499	0.36495379
1833	0.33896692
1320	0.40299815
1622	0.33663318
1825	0.31082174
1144	0.50165440
1392	0.31241401
1496	0.37743843
1932	0.31503658
1838	0.31300608
1459	0.39752298
1830	0.30300263
