0	0.83645258
1	0.83654292
2	0.83549227
3	0.79761631
4	0.83669871
5	0.82368412
6	0.83641609
7	0.83637833
8	0.83683176
9	0.83703562
10	0.83665451
11	0.83665708
12	0.83598670
13	0.83561352
15	0.83445365
16	0.83648369
18	0.83652082
19	0.83195386
20	0.82625451
23	0.83340837
24	0.83352876
25	0.82159807
31	0.82304871
32	0.81685730
33	0.81659721
34	0.79834721
36	0.83520815
37	0.83412318
45	0.83548734
48	0.77689871
51	0.83317425
54	0.77998391
60	0.81069399
67	0.79544142
70	0.79994421
73	0.75222597
77	0.81527039
83	0.70674657
87	0.76770086
91	0.70413970
114	0.75061159
120	0.67698004
131	0.78858326
136	0.78721459
140	0.79382811
141	0.74201996
154	0.73754828
157	0.74413219
187	0.74670064
196	0.77178305
208	0.68914292
213	0.63901459
216	0.75140000
219	0.62530944
232	0.71172060
240	0.60186953
249	0.65962017
252	0.64350000
253	0.65995858
282	0.68601695
287	0.71805215
290	0.70216760
296	0.70270687
297	0.73874528
319	0.64709614
328	0.65286931
332	0.62246824
335	0.63910794
338	0.67077854
350	0.66489206
354	0.66194635
356	0.62078004
369	0.61963133
379	0.61881953
385	0.60296459
400	0.60866588
402	0.65605622
408	0.67660172
409	0.59493391
415	0.65031009
429	0.66234077
449	0.61017897
17	0.83244034
22	0.83047275
30	0.77353820
38	0.77481416
44	0.83276760
46	0.83037275
52	0.80016996
53	0.79553433
55	0.75662983
62	0.75521438
68	0.83502403
74	0.82690472
86	0.76981674
92	0.80002639
93	0.72737060
98	0.76792768
106	0.81112039
107	0.73187210
111	0.76522618
118	0.70059785
125	0.78648004
161	0.71164850
167	0.78222318
170	0.73190494
192	0.65692167
193	0.77542210
197	0.65151266
200	0.63670043
226	0.72801416
230	0.68797253
245	0.64464850
247	0.69170258
248	0.67869077
263	0.68966631
275	0.65070021
289	0.68799764
314	0.62185923
321	0.69981438
326	0.70340215
339	0.64818069
348	0.62627060
352	0.66523305
355	0.68988197
367	0.59597532
383	0.62433841
395	0.62865794
426	0.57751567
431	0.62149657
434	0.59565622
455	0.60643369
14	0.83682554
71	0.78521674
121	0.72047146
139	0.67433605
145	0.74660601
148	0.70343004
164	0.75282210
165	0.80176588
206	0.73328712
217	0.70398348
243	0.71560794
259	0.70010021
260	0.67270601
330	0.69176631
422	0.65437210
448	0.62053498
56	0.81940365
66	0.82782897
101	0.74793584
191	0.68523026
204	0.69056288
241	0.78776094
258	0.60407854
311	0.63138691
397	0.61338283
21	0.83702704
26	0.83624013
35	0.83136094
40	0.82563670
42	0.83580429
81	0.80225215
95	0.77892811
96	0.77440300
155	0.77900880
178	0.68699635
198	0.62662146
218	0.70335322
225	0.73577639
238	0.75927618
308	0.61610579
361	0.61331330
398	0.64260622
403	0.68278970
407	0.59279893
421	0.63069442
433	0.61449807
436	0.58994378
437	0.60868798
461	0.60752468
72	0.80960773
84	0.82025751
124	0.82221931
146	0.78936803
190	0.66015215
231	0.74800429
279	0.66990451
390	0.70529292
414	0.57016180
27	0.82388777
58	0.79237682
69	0.82573047
90	0.71858562
94	0.83215429
108	0.71092103
123	0.74944163
173	0.69737296
177	0.66375386
180	0.69467339
201	0.73059464
224	0.69420837
246	0.70347275
267	0.63044893
268	0.65065901
276	0.69532918
277	0.66494099
286	0.66350043
288	0.63133305
294	0.71760172
320	0.69085815
404	0.58861588
452	0.62155944
462	0.61613176
28	0.82207811
110	0.81490472
133	0.79496824
135	0.73242554
138	0.78286073
149	0.72089056
211	0.76011974
271	0.61592253
274	0.69380086
337	0.61767532
391	0.59938455
399	0.68506545
29	0.82361481
39	0.79248691
85	0.82825837
89	0.80118412
97	0.81545966
116	0.75610858
119	0.80978262
129	0.76063112
151	0.77453326
152	0.67474871
160	0.73911052
188	0.71693927
210	0.68342339
229	0.74810644
280	0.64868927
302	0.62725322
310	0.69032403
313	0.61248820
364	0.65157854
366	0.61509785
372	0.60568455
373	0.64932082
382	0.62188090
394	0.62461609
456	0.59181009
43	0.79546717
49	0.83590279
65	0.78739957
80	0.80504077
88	0.75877339
122	0.77385730
127	0.74525794
132	0.71918047
144	0.70253069
147	0.78818670
158	0.66328605
162	0.62257575
168	0.76840300
175	0.75670172
205	0.64416245
234	0.62228305
250	0.69149464
262	0.65266931
292	0.72780773
293	0.66653391
309	0.61875880
349	0.62276459
362	0.61030644
370	0.62349592
416	0.58294914
424	0.60432017
435	0.60630536
454	0.60816609
104	0.74820622
128	0.68200021
143	0.78753391
244	0.76869721
254	0.65539850
265	0.68540665
266	0.75640129
272	0.65735794
327	0.60083133
384	0.61272296
392	0.60428841
428	0.65820923
61	0.82926974
76	0.80093262
79	0.67982532
169	0.73689378
255	0.61968305
291	0.69093584
359	0.59786674
432	0.61189421
440	0.60736073
446	0.59182532
47	0.83124571
64	0.82951373
109	0.76930536
183	0.77779378
251	0.69290451
281	0.65607532
393	0.60140966
78	0.73653948
102	0.74890730
174	0.73483498
239	0.68185429
284	0.78082403
303	0.61101373
413	0.61878670
63	0.83126223
99	0.72037275
100	0.79598906
184	0.75830451
214	0.78004592
220	0.66299893
228	0.66313519
283	0.59559635
315	0.62353734
396	0.64043948
405	0.59562253
458	0.62247597
57	0.81471588
112	0.75529464
142	0.65264056
163	0.76897811
182	0.76347511
189	0.77073648
233	0.67972918
322	0.59395622
427	0.61283820
126	0.68228519
156	0.81469335
176	0.66799571
221	0.64907060
236	0.66121609
343	0.60396352
346	0.68031631
357	0.64467918
386	0.63673562
423	0.62102768
439	0.57499614
463	0.63426009
134	0.72791288
137	0.76536223
113	0.78955794
181	0.78659528
185	0.69232468
202	0.66516052
212	0.69650815
227	0.71445687
299	0.74669742
304	0.64992682
305	0.72039828
323	0.63994185
324	0.71274571
329	0.65494442
374	0.59594099
450	0.61203734
103	0.74729421
270	0.60719120
82	0.81383176
153	0.75091524
307	0.62833906
363	0.65148519
50	0.81357661
75	0.72819356
171	0.76289313
306	0.61989635
333	0.63316137
347	0.64167876
420	0.61875193
430	0.60071996
417	0.63281481
242	0.65303283
317	0.61574142
412	0.65920687
203	0.74399399
377	0.65003798
150	0.78670536
438	0.61500472
41	0.82572017
194	0.62113369
207	0.75062918
222	0.71363863
261	0.71009914
378	0.68706674
459	0.60895258
179	0.66925215
443	0.58977339
130	0.78685773
117	0.72695901
256	0.61390386
316	0.62715987
371	0.64100708
59	0.82570773
300	0.61395000
465	0.57480236
388	0.57515515
406	0.58092124
301	0.60771996
410	0.60830064
186	0.70022940
278	0.70251888
401	0.60365494
336	0.70095236
365	0.64492747
376	0.62700021
418	0.64198562
115	0.75764335
269	0.61560408
444	0.59367983
199	0.77886953
464	0.57972961
195	0.70415730
105	0.78708155
325	0.64539313
387	0.61796373
445	0.59272039
411	0.61845558
172	0.72322403
209	0.73551845
353	0.62802146
389	0.67108176
451	0.59967790
341	0.58846395
375	0.68055815
342	0.65116202
344	0.59519635
345	0.60894313
447	0.60430064
215	0.69066009
358	0.64164914
235	0.64725901
441	0.58998348
223	0.67890536
453	0.59551223
425	0.60395901
264	0.61199807
312	0.67415322
360	0.59120880
368	0.62920000
166	0.68341481
351	0.61530236
442	0.58700472
318	0.65613627
237	0.68718348
460	0.59104356
298	0.59881910
380	0.63576845
273	0.69488948
159	0.71781116
257	0.68334313
295	0.66588133
331	0.63764270
285	0.59582511
340	0.61094464
381	0.61593240
419	0.58182940
334	0.59097682
457	0.56145730
