0	0.83167052
1	0.83166724
2	0.82682293
3	0.83186012
4	0.83154875
5	0.83010829
6	0.83186358
7	0.83181021
10	0.83159075
16	0.82556628
22	0.82837418
25	0.82882081
33	0.83203044
42	0.79015568
54	0.78917823
72	0.80320116
77	0.78781484
84	0.71039056
85	0.79908805
87	0.72645279
88	0.81099518
90	0.79176879
116	0.72690308
133	0.69090790
134	0.76908266
138	0.77052601
141	0.80868516
148	0.74177688
149	0.71022929
158	0.69520173
174	0.78507630
184	0.73231792
211	0.79336667
227	0.74007572
244	0.67295973
258	0.66131753
262	0.70550116
335	0.61677996
337	0.62230347
358	0.60622235
363	0.61754913
385	0.61420983
386	0.63211830
430	0.59787746
452	0.62584412
504	0.62448362
508	0.61987495
9	0.83113083
11	0.83161272
12	0.83151927
13	0.83150424
14	0.83148131
19	0.83169807
23	0.83079942
24	0.82417900
28	0.82003950
29	0.83095530
39	0.80655549
47	0.79544894
50	0.82319846
58	0.81643468
71	0.77516281
74	0.74084297
78	0.80692158
114	0.74505703
119	0.69709152
144	0.77403372
163	0.81125626
181	0.70202428
233	0.65475915
255	0.68998651
266	0.62090347
267	0.64625318
281	0.75250347
286	0.71275414
303	0.67332775
322	0.62316108
331	0.61832081
377	0.60772582
388	0.60563083
419	0.65283603
450	0.60344836
510	0.59186570
513	0.61515742
8	0.83195279
44	0.82409576
60	0.77346108
69	0.73652524
96	0.79646031
108	0.63500096
155	0.62551368
291	0.68563449
352	0.64983950
368	0.73236840
384	0.70174277
392	0.61862967
416	0.57277592
441	0.68302909
498	0.58030405
514	0.57810655
15	0.82997669
26	0.81079923
36	0.82161696
38	0.83049480
53	0.79407746
59	0.80471137
62	0.83003680
65	0.82830520
67	0.77648304
94	0.78599249
103	0.66649306
128	0.78029249
137	0.76751792
140	0.73436339
146	0.75693353
156	0.73243603
165	0.78492794
169	0.65496898
179	0.80164046
205	0.73863276
206	0.68984817
232	0.68915607
252	0.67352601
256	0.64014451
274	0.65116474
277	0.66802794
280	0.66791946
306	0.59981985
319	0.63147091
336	0.65192235
353	0.65965645
359	0.61738728
381	0.64044875
396	0.61414085
403	0.60706628
436	0.61713699
459	0.61398825
462	0.64522524
477	0.66582890
488	0.59369229
490	0.60117225
518	0.60192890
18	0.83040578
21	0.82755472
35	0.82842852
51	0.70181927
63	0.78013410
64	0.79306686
66	0.81486513
68	0.79745183
95	0.80196609
97	0.80714721
102	0.81323815
107	0.74590790
118	0.74600193
120	0.75708150
145	0.80444855
150	0.69668844
154	0.77782293
175	0.66879538
186	0.71184740
191	0.66547726
198	0.69408150
212	0.73895819
235	0.66415164
240	0.62308054
275	0.68833545
298	0.65589383
304	0.62783738
333	0.64729364
357	0.58520154
365	0.59393372
405	0.65246185
428	0.60267707
435	0.62970405
463	0.58163661
465	0.59450193
466	0.61678613
467	0.60417380
476	0.60218073
494	0.60270983
30	0.82883198
45	0.81932312
61	0.80814509
104	0.77674682
110	0.76040366
125	0.79481137
168	0.74517013
171	0.63025453
271	0.62500539
449	0.60216513
479	0.60251811
491	0.61107071
501	0.61516378
507	0.62234528
509	0.61019171
17	0.82990347
37	0.83117938
52	0.82330328
70	0.82498671
73	0.77799595
75	0.73172832
79	0.76552139
86	0.78900790
89	0.79695665
101	0.81913680
121	0.72372620
153	0.74439634
162	0.71111676
177	0.76174104
182	0.70979461
188	0.66347437
195	0.63479480
202	0.62902640
220	0.70768882
226	0.67281869
260	0.68191002
270	0.73353854
273	0.71272832
294	0.68111118
373	0.65693449
383	0.67803911
438	0.62163179
480	0.63856185
483	0.62133757
489	0.62293276
492	0.61630212
41	0.80428536
48	0.82022755
49	0.83093642
56	0.78873642
57	0.81973815
81	0.79891676
91	0.76413699
106	0.69697013
109	0.78085549
115	0.76838054
139	0.74482389
172	0.74230925
176	0.74009981
180	0.78692139
221	0.72475202
231	0.68997842
259	0.71710482
278	0.65980963
285	0.71287630
313	0.61190867
329	0.60852235
334	0.70821888
341	0.70818131
346	0.67900039
360	0.69624027
361	0.61890193
364	0.67928382
390	0.65913911
404	0.63941021
421	0.66179865
433	0.64668304
434	0.58394335
448	0.64372813
55	0.76237592
80	0.77518574
111	0.76577091
113	0.76794143
135	0.69583969
160	0.74075145
187	0.72103911
246	0.66508921
269	0.66815472
287	0.71289961
301	0.69507669
315	0.68640501
343	0.66101175
350	0.71545684
367	0.66197380
409	0.69755626
415	0.62813584
423	0.64860751
429	0.63489268
442	0.59075434
458	0.64002524
468	0.61882524
471	0.60918613
481	0.56326378
502	0.59792100
27	0.82877245
31	0.80279499
40	0.82937071
92	0.80616975
117	0.80228112
249	0.60707495
250	0.61964566
282	0.72552254
302	0.69996146
312	0.68080424
339	0.64080482
347	0.65384933
371	0.61376146
379	0.70161522
395	0.59408882
456	0.60035260
457	0.60438208
32	0.82419133
34	0.82998902
46	0.83052832
76	0.74883160
98	0.74311541
112	0.72167669
124	0.76166320
159	0.70809595
185	0.65648227
223	0.72596050
236	0.73782023
242	0.62937630
243	0.67056474
265	0.70408593
326	0.60832254
348	0.63409326
351	0.59910424
354	0.61869422
369	0.61313969
375	0.67490039
406	0.58825819
437	0.63822447
447	0.57808709
499	0.60780077
20	0.82756628
123	0.75726724
132	0.80792563
183	0.75625395
209	0.68057457
214	0.75936975
222	0.62004181
234	0.70913526
268	0.76276590
311	0.65426281
349	0.65560674
411	0.58793661
418	0.61961079
431	0.63242736
474	0.60465106
506	0.59654143
515	0.59682351
82	0.79732119
83	0.75850173
99	0.66325588
126	0.75904200
142	0.82149730
157	0.79721118
164	0.64691464
167	0.71721484
178	0.63038863
199	0.69494605
215	0.70988343
216	0.71929364
248	0.64931291
321	0.69053931
402	0.61964066
473	0.59903565
517	0.60889961
136	0.71575877
217	0.61390963
218	0.73478362
224	0.68785530
254	0.69352987
272	0.59905260
284	0.73195222
300	0.63015530
43	0.81160944
143	0.73700886
166	0.75558459
197	0.61466474
201	0.75779249
207	0.65060694
239	0.72272736
261	0.65302717
283	0.62353237
310	0.64922890
345	0.62870597
380	0.70104933
397	0.67253468
398	0.58699692
408	0.70160906
443	0.61369884
445	0.61447071
461	0.59567225
469	0.59523622
93	0.80405723
417	0.62689364
470	0.61284528
478	0.60792524
482	0.61431869
493	0.62413545
511	0.60568189
204	0.70723988
407	0.60885260
208	0.71851368
251	0.64549576
295	0.68142563
356	0.59701792
370	0.70431426
439	0.59989441
130	0.81856474
173	0.64699788
213	0.68285299
228	0.69145800
230	0.73021291
290	0.72157938
309	0.68038825
323	0.61940617
327	0.65397245
372	0.65250077
414	0.61206166
196	0.62615568
237	0.65159615
257	0.71498478
317	0.59788748
401	0.65550212
427	0.62512967
105	0.73715125
129	0.68657341
355	0.60321734
299	0.64097842
387	0.59776069
495	0.58882582
122	0.79311137
147	0.72623372
410	0.59120385
444	0.64298497
464	0.61224297
127	0.74709576
152	0.71803083
305	0.61620308
314	0.68891484
512	0.61604721
338	0.59173988
342	0.66015279
486	0.58174104
100	0.82768786
340	0.59426262
413	0.62442736
455	0.61565934
307	0.66323642
247	0.70165511
308	0.60783776
432	0.60231156
161	0.71394470
189	0.74651368
192	0.68764432
238	0.70968285
241	0.61478382
293	0.62673584
451	0.61609595
151	0.73144239
190	0.65608015
320	0.62040983
400	0.58407592
454	0.60737919
203	0.64579518
229	0.73132274
288	0.68958960
289	0.65307996
292	0.72409094
328	0.61531060
472	0.61452023
497	0.64190212
263	0.61893892
318	0.70663719
420	0.63445568
332	0.72912871
500	0.60622775
297	0.64661310
378	0.60912967
200	0.70775260
219	0.64069268
324	0.65168902
170	0.73128015
296	0.68840347
496	0.59307071
131	0.81052659
394	0.58590848
225	0.67883449
276	0.70525684
484	0.63670597
210	0.62981445
366	0.62980482
382	0.62120829
425	0.64376378
194	0.65234316
399	0.70301079
503	0.58266435
374	0.57532967
389	0.60674990
422	0.62086570
330	0.64549788
391	0.63208632
279	0.67431850
245	0.67905145
344	0.61652023
426	0.63344258
424	0.60760906
440	0.59326551
253	0.70023603
376	0.67082042
393	0.59749730
516	0.61035838
325	0.58816763
362	0.65570906
264	0.70072620
475	0.59777129
487	0.60211272
485	0.63582794
505	0.59471233
446	0.61588227
316	0.68825337
412	0.68359480
193	0.60064374
453	0.59702486
460	0.56713276
