0	0.83298447
1	0.83274175
2	0.83191383
3	0.80365121
4	0.83188495
5	0.83145049
6	0.83294126
7	0.83305825
8	0.83258131
10	0.83317063
13	0.83254782
14	0.83177160
15	0.83286772
18	0.82922767
22	0.81397039
23	0.83232549
32	0.80819563
36	0.75415777
38	0.83221529
43	0.77647403
46	0.82919854
50	0.81680097
54	0.83089005
56	0.82704976
96	0.73752573
97	0.62251845
101	0.82064854
103	0.80501117
110	0.80356068
112	0.80954951
114	0.79135267
118	0.72226602
128	0.77073714
159	0.69133228
187	0.69074879
200	0.70779272
212	0.60732354
215	0.66951869
216	0.61387864
218	0.68797476
221	0.65543665
241	0.64375267
242	0.64375364
259	0.61587233
261	0.61263641
308	0.63609102
318	0.70254053
330	0.58701723
348	0.62569369
349	0.64888471
373	0.61658301
402	0.61764782
9	0.83301408
11	0.83268083
20	0.82342864
21	0.83186044
30	0.81980437
40	0.72429296
42	0.82007015
58	0.77859223
62	0.79595874
68	0.72697015
74	0.69541286
78	0.76232306
82	0.63272354
88	0.79705947
91	0.76443277
94	0.74399102
98	0.80741845
109	0.74468835
117	0.74198058
122	0.71220777
134	0.75664296
145	0.73946117
147	0.76857913
155	0.71622379
160	0.75992087
162	0.76572476
174	0.64918228
222	0.68032816
233	0.69463422
246	0.59419587
248	0.71846286
263	0.65408010
266	0.69652597
271	0.75150534
276	0.62125728
283	0.62818155
284	0.73445340
285	0.61139102
287	0.63278155
288	0.62825971
298	0.71512160
307	0.60889369
327	0.63072330
383	0.61491383
391	0.60884587
397	0.58973544
34	0.82415898
57	0.81715194
61	0.79724587
105	0.78721262
107	0.75149345
119	0.74533180
143	0.61513277
153	0.65915097
157	0.66176505
177	0.69543010
219	0.70522621
234	0.70201917
295	0.62106044
300	0.64805922
310	0.66244272
322	0.71368811
31	0.83070777
85	0.80892694
89	0.69939248
131	0.69179927
189	0.75798859
251	0.64101019
265	0.61784417
273	0.75356311
329	0.64215316
347	0.60779345
27	0.79445413
37	0.74293034
39	0.83009733
44	0.79628398
75	0.80461869
111	0.76873641
120	0.76700194
121	0.77053762
142	0.73454393
176	0.70782694
179	0.69733010
228	0.65396650
249	0.65825995
294	0.65129515
351	0.58877670
354	0.62313034
12	0.83246917
19	0.82344223
47	0.81370995
70	0.78280121
77	0.79672209
99	0.69581796
140	0.73715340
152	0.69177961
154	0.71490218
165	0.65266432
191	0.66138544
220	0.63875097
312	0.61160437
320	0.64584442
335	0.62756675
389	0.63529320
393	0.64953859
16	0.82782597
25	0.81484854
26	0.83215437
28	0.82686165
33	0.76339587
49	0.79838228
63	0.82173665
71	0.76697840
80	0.80165995
116	0.70318252
138	0.72342961
144	0.62762354
146	0.76104126
169	0.79618083
184	0.69061311
202	0.61243932
206	0.71806602
224	0.63987694
239	0.63177015
258	0.61333641
274	0.61543714
299	0.61508689
304	0.66709587
319	0.62216189
362	0.59729296
363	0.56688058
364	0.68973301
371	0.60003932
379	0.61159005
24	0.81253058
35	0.69638058
53	0.83017767
59	0.70120291
60	0.78123180
66	0.74680146
83	0.72109272
92	0.79302888
115	0.71850316
124	0.79661456
126	0.69277961
129	0.62269442
130	0.77725024
133	0.67095995
141	0.77736942
164	0.72457451
172	0.68901408
195	0.61230825
203	0.65704515
214	0.70160049
267	0.61557524
323	0.68992160
325	0.67671602
339	0.64618325
344	0.60169078
369	0.59898058
376	0.62111990
403	0.62061141
41	0.79073811
52	0.80656942
55	0.74860437
67	0.75386019
72	0.69119393
76	0.74905680
185	0.71252354
199	0.69283544
209	0.70291578
229	0.60331286
253	0.66231796
280	0.61943374
289	0.67192767
290	0.66895340
296	0.60993859
334	0.58112500
342	0.62431990
343	0.60527937
366	0.63601286
368	0.61337063
411	0.60461626
29	0.82980825
48	0.82989102
73	0.81096942
84	0.80684393
106	0.71563544
171	0.77156723
186	0.68590243
192	0.63447718
193	0.68131262
217	0.68943277
223	0.67403277
236	0.62935097
250	0.69248617
297	0.67719636
338	0.61508180
365	0.59663495
372	0.65204005
398	0.59101990
400	0.59759757
17	0.83266723
64	0.80828350
79	0.75221044
81	0.74029782
93	0.66817063
95	0.77274733
108	0.76504684
125	0.75434078
132	0.64617063
161	0.72086966
207	0.64967500
208	0.69509248
210	0.69125485
254	0.63352743
292	0.72632136
303	0.67954733
392	0.60505607
45	0.82141966
51	0.81788786
65	0.80774078
69	0.82266092
90	0.76112694
113	0.79280049
127	0.78106456
135	0.77600777
148	0.76509733
149	0.65317112
173	0.76413034
183	0.70955510
188	0.62636141
196	0.61460291
204	0.60961675
256	0.61289126
279	0.61681359
305	0.65018155
313	0.58722694
324	0.63354296
377	0.58975995
378	0.59420777
406	0.57396019
410	0.60662063
86	0.80687039
123	0.75027985
170	0.75468738
244	0.61686068
269	0.66754806
309	0.67556990
315	0.64446529
336	0.62740146
346	0.62961529
350	0.64002282
367	0.60296117
104	0.72429879
158	0.68941117
166	0.74707257
178	0.75611262
180	0.68956165
182	0.73677282
201	0.64497403
225	0.65395000
237	0.72535728
252	0.64777694
301	0.68410850
326	0.60520024
390	0.60379709
181	0.64324417
240	0.65812476
331	0.60821092
355	0.62807888
396	0.59639320
156	0.74127184
227	0.68863325
230	0.72292330
231	0.66775000
243	0.61441068
264	0.64532913
272	0.66246602
281	0.62209951
361	0.61768981
87	0.82531699
407	0.60598350
102	0.81529466
136	0.71674393
137	0.79839782
150	0.79155922
245	0.73315971
359	0.61931650
370	0.61038034
211	0.76472549
235	0.64860437
358	0.59420291
395	0.60942573
408	0.57139782
321	0.60723835
139	0.75282354
332	0.58914684
337	0.62366068
375	0.59676286
328	0.68001990
352	0.65036141
387	0.62055850
151	0.71075777
277	0.63742743
286	0.60282937
213	0.64735485
238	0.64579927
385	0.63783689
168	0.65226772
226	0.68039296
302	0.60392306
404	0.59833932
205	0.69174053
293	0.60407743
278	0.63877087
260	0.68997087
311	0.64451311
356	0.63493277
374	0.61229102
255	0.60885510
384	0.60437573
306	0.63938932
386	0.59508010
100	0.82468689
232	0.73586238
275	0.63995898
190	0.65084539
380	0.58920437
163	0.68161602
167	0.64431796
194	0.64204345
314	0.59249466
340	0.61312500
401	0.59708592
268	0.58940024
345	0.61235777
381	0.56539709
357	0.57172063
270	0.59983301
382	0.58958956
197	0.65968228
247	0.60959466
333	0.65860121
175	0.72986189
405	0.59770340
257	0.57368714
198	0.72013956
317	0.60126505
282	0.58943519
360	0.56821917
316	0.63739199
353	0.63506189
291	0.68184903
394	0.58104539
262	0.59746311
341	0.60845170
399	0.60514830
409	0.58244757
388	0.59639806
