0	0.83228298
1	0.83182080
2	0.83271040
3	0.75515106
4	0.77113286
5	0.83244586
6	0.83195721
7	0.83201986
8	0.83235177
9	0.83201608
11	0.83252790
13	0.83204610
14	0.83160355
16	0.82135650
17	0.80752624
19	0.83224326
20	0.83061797
23	0.82442151
24	0.83185485
26	0.82522057
30	0.79946501
35	0.79475106
36	0.82056690
50	0.83146312
53	0.78312175
55	0.79543333
57	0.81079504
59	0.74683830
64	0.73394350
75	0.71967920
93	0.80690307
101	0.74384586
120	0.72738298
122	0.74604941
131	0.66212151
134	0.77173593
139	0.68582009
156	0.78378369
158	0.71526501
159	0.71914657
164	0.79260284
175	0.75949338
186	0.65890024
191	0.74572388
198	0.73716265
222	0.69259929
224	0.66305225
288	0.69293522
297	0.62641087
300	0.66510000
310	0.66149102
319	0.64188889
320	0.61520709
325	0.63511986
346	0.60226950
367	0.58437329
369	0.64295461
375	0.62526312
396	0.65211962
409	0.61041442
21	0.83224657
22	0.83206690
25	0.83126217
27	0.78450047
29	0.78854870
43	0.83050851
56	0.74891726
58	0.80223475
62	0.79558605
80	0.74832175
86	0.72355366
109	0.82804752
153	0.68103073
155	0.67284870
173	0.68782033
181	0.66000402
229	0.68889574
236	0.68038416
244	0.64796643
290	0.61981064
292	0.65562742
321	0.60835485
345	0.61986265
368	0.60976454
377	0.64070165
10	0.83241277
15	0.83158723
18	0.83208038
28	0.78209385
39	0.82918582
42	0.76496927
51	0.79839740
73	0.79901678
76	0.82685745
92	0.69164799
106	0.69204444
142	0.77864255
152	0.74682435
170	0.70992246
192	0.73106336
203	0.70869645
228	0.62579645
235	0.77020118
239	0.65636217
315	0.66166288
334	0.62374941
341	0.66953783
389	0.60861513
419	0.62289929
38	0.82340024
60	0.75982317
100	0.77130236
31	0.83190378
225	0.68258392
279	0.64433144
380	0.64734326
385	0.60337849
392	0.60074066
41	0.77450236
47	0.82025579
52	0.77152033
54	0.81741702
68	0.76314610
69	0.69990071
77	0.81412955
94	0.79443617
107	0.65930615
108	0.75776619
118	0.77751253
130	0.69870213
162	0.76271773
184	0.77535035
185	0.66526028
210	0.65214161
252	0.70501300
253	0.75780095
256	0.65263759
286	0.67037352
287	0.62573333
291	0.60678842
316	0.64519882
335	0.62712270
339	0.66257021
359	0.62506785
363	0.59913972
386	0.64493499
394	0.59690284
416	0.58396785
418	0.61998085
12	0.82713995
32	0.83030000
37	0.83008156
44	0.82359551
87	0.74484563
90	0.83085414
97	0.71071348
103	0.79107470
154	0.66015319
189	0.71735201
201	0.67230047
204	0.69560307
220	0.69336430
234	0.71223806
237	0.64194303
251	0.64808605
258	0.64432080
264	0.69880804
306	0.65980095
307	0.59723097
400	0.59094374
402	0.61285697
417	0.59960615
46	0.79784539
49	0.82525721
66	0.80374657
67	0.76248747
81	0.82012671
82	0.81025934
88	0.76738889
114	0.69759267
117	0.66497849
121	0.81657589
138	0.75660165
163	0.76941749
174	0.76972861
176	0.73055485
183	0.75332080
196	0.68251442
208	0.61750000
218	0.66393570
241	0.65510118
270	0.69070544
274	0.64349504
284	0.64940000
328	0.59575130
342	0.62693168
391	0.63008085
403	0.62272742
34	0.82315556
45	0.82964563
85	0.67377518
111	0.77770165
126	0.69256028
129	0.72111087
133	0.65916241
150	0.74287494
161	0.69808960
211	0.68891891
223	0.67246667
240	0.60625461
259	0.66420189
265	0.66385130
278	0.63380095
298	0.63911064
301	0.60993357
347	0.61980567
360	0.58695437
364	0.58599882
373	0.62699811
387	0.63980922
408	0.58685532
413	0.61962813
415	0.62953924
40	0.82107636
61	0.80597707
65	0.79151915
79	0.72129007
83	0.78461868
99	0.81765130
136	0.75787045
137	0.77965414
157	0.65906028
160	0.69106738
166	0.74250331
179	0.72155934
193	0.73280922
219	0.61000473
249	0.63770260
260	0.65113664
266	0.63636738
269	0.66920426
289	0.64675012
312	0.63872506
330	0.60718298
348	0.59345485
383	0.59586809
124	0.76140165
125	0.66083570
167	0.69108676
180	0.78607116
197	0.68175603
217	0.71191513
296	0.59167896
324	0.60747139
326	0.66693617
337	0.61455981
349	0.66195603
370	0.60669669
384	0.63328392
63	0.80421962
72	0.76573002
96	0.74829385
113	0.82574397
128	0.72292388
146	0.70293735
178	0.65276099
187	0.63210189
216	0.68233901
243	0.60444090
299	0.71672955
33	0.78428842
147	0.69443995
232	0.66513310
294	0.61436170
305	0.67883735
338	0.59422317
352	0.60361797
356	0.58877612
388	0.61256407
48	0.82712222
70	0.75527518
71	0.80190662
102	0.76721206
135	0.66387754
172	0.63603050
177	0.66097967
205	0.70322530
212	0.68065272
214	0.65671466
246	0.63119196
250	0.62576619
254	0.60950827
267	0.64989456
276	0.67706738
303	0.63144090
309	0.67170827
314	0.66851466
322	0.61321371
358	0.59679102
399	0.56609220
74	0.78040378
112	0.77935059
148	0.69357045
209	0.63121726
238	0.61153522
242	0.66139196
245	0.67004823
371	0.59105225
98	0.75862884
104	0.77152530
169	0.73260686
227	0.72802813
262	0.62690662
357	0.59809362
393	0.61005532
421	0.60050236
195	0.69077139
308	0.65922340
333	0.62200709
132	0.69491939
365	0.65197967
84	0.82021820
110	0.80558392
144	0.68760307
194	0.64561608
422	0.59724303
78	0.81444610
127	0.72802884
188	0.74925177
202	0.60176832
206	0.75644066
226	0.65929149
331	0.63491300
361	0.60390260
379	0.58447447
91	0.72145768
171	0.71400520
277	0.62155272
215	0.68024539
273	0.72870567
411	0.60881206
247	0.65542931
318	0.59102246
332	0.63958038
395	0.58479929
213	0.73431844
282	0.70141040
343	0.61160638
351	0.64894965
412	0.60158298
95	0.73814870
141	0.61794326
145	0.80666383
190	0.65557234
149	0.69971797
200	0.61865721
207	0.65889338
272	0.64565035
119	0.77328652
123	0.82565957
151	0.70829291
248	0.72714728
283	0.60700118
295	0.66117423
414	0.59388723
257	0.61326265
353	0.60588487
143	0.74030733
281	0.62832293
354	0.61831277
362	0.59080165
116	0.71895508
268	0.61904374
275	0.64568842
302	0.60118440
344	0.59941797
382	0.61403995
405	0.60440804
420	0.59607660
105	0.69799574
230	0.61776241
317	0.61744374
293	0.62153050
323	0.60113215
329	0.60453191
397	0.58588534
115	0.71624326
261	0.67995177
271	0.58767541
165	0.71682813
404	0.57331537
182	0.62292600
390	0.59982270
374	0.60964539
140	0.66349125
407	0.59561844
378	0.60934539
89	0.80213357
311	0.66919574
255	0.67655556
381	0.69592057
327	0.62143972
340	0.60024113
372	0.58639456
398	0.57390165
304	0.61652151
406	0.59610236
285	0.62901158
199	0.65283428
401	0.60061915
280	0.67607069
233	0.64181608
355	0.59510851
376	0.57745083
263	0.62866052
410	0.59902577
231	0.69858227
350	0.58899102
221	0.70313735
336	0.59422009
366	0.58643877
313	0.61891844
168	0.68056667
