0	0.83437876
1	0.83404646
2	0.83361372
3	0.83447080
4	0.21297810
5	0.83197478
6	0.83381659
7	0.83451084
8	0.83417522
9	0.83346394
12	0.83329071
14	0.83442456
15	0.83433606
16	0.83432920
18	0.83194535
19	0.83373009
20	0.83431836
21	0.83408650
22	0.83013739
24	0.83418850
27	0.81500907
28	0.83018451
40	0.81440111
47	0.80456836
48	0.80691991
49	0.75740509
50	0.82671217
51	0.80465929
55	0.81835796
60	0.81501128
61	0.73374270
65	0.71488960
68	0.82771128
74	0.82582920
80	0.73378363
87	0.82954712
88	0.77408429
91	0.78547279
92	0.81649314
99	0.73230752
103	0.75504668
104	0.75573606
108	0.78997124
114	0.81273186
117	0.67356681
118	0.71763119
119	0.75627721
126	0.74867058
131	0.76380465
143	0.77628650
145	0.77404779
147	0.68657965
149	0.68559027
152	0.77320686
159	0.77141150
164	0.71650221
169	0.72253451
172	0.66778009
174	0.65093805
175	0.71760310
176	0.62310199
180	0.76026903
182	0.73391836
184	0.73418850
191	0.68310398
197	0.70507102
202	0.73516593
208	0.62295664
209	0.65438606
217	0.65949336
228	0.68683562
231	0.67919403
236	0.66446394
242	0.74707389
246	0.72676903
254	0.67930575
255	0.64922235
263	0.64901394
279	0.62895199
281	0.67527301
284	0.71833783
334	0.71143650
347	0.60234181
361	0.65795221
366	0.62873938
413	0.61498783
432	0.61278606
446	0.61853673
10	0.83442389
23	0.81120155
30	0.83191394
35	0.83071327
37	0.83472743
58	0.83373252
64	0.81724690
113	0.74826195
125	0.72447058
207	0.72544779
230	0.64282190
232	0.75543717
235	0.65589823
240	0.67268827
258	0.70307080
264	0.71277434
297	0.64220420
324	0.59389137
326	0.66117257
374	0.60667832
387	0.59439270
394	0.62646770
405	0.60038872
11	0.83434646
17	0.83434447
66	0.78013850
67	0.80853805
71	0.79636615
76	0.82216858
109	0.71968650
170	0.71577544
177	0.66337942
194	0.62391394
196	0.63370288
201	0.68685199
222	0.69582522
247	0.69615177
249	0.75594535
259	0.68783429
271	0.61525509
288	0.64947677
293	0.59419115
357	0.64981681
13	0.83188916
26	0.79860354
34	0.83289358
38	0.77368982
39	0.81209978
42	0.82885199
45	0.75823540
52	0.82541903
54	0.76456150
72	0.80114624
81	0.66706659
84	0.81275951
86	0.76795642
93	0.80008960
95	0.81219403
115	0.75267500
142	0.73753009
171	0.80947633
215	0.74033562
225	0.70781283
265	0.68467013
319	0.69328473
333	0.68359535
352	0.68579248
375	0.65349823
383	0.60733805
408	0.61191704
418	0.60355044
433	0.58465730
447	0.59866681
59	0.78346571
130	0.79360088
224	0.71719137
243	0.65831681
325	0.69017478
349	0.66223075
356	0.63763673
365	0.64876416
370	0.62714757
451	0.62295841
25	0.83326549
36	0.83270752
78	0.76734513
83	0.79595288
111	0.82051659
116	0.68739602
127	0.78020863
128	0.66201881
151	0.72968938
158	0.68530177
161	0.74289027
200	0.66858053
205	0.65595243
287	0.68594867
294	0.64353009
301	0.65369115
304	0.73960863
320	0.62595553
337	0.64736283
344	0.67703075
388	0.62179381
390	0.59734270
419	0.59831903
434	0.60398385
41	0.81579027
53	0.80916947
62	0.81357257
77	0.61929204
82	0.76465177
85	0.82673717
89	0.80399912
90	0.75059425
94	0.80575310
97	0.78804270
121	0.74470288
178	0.69909071
183	0.72113407
212	0.69503451
214	0.71850332
239	0.61766350
250	0.62202190
290	0.65019093
307	0.71382898
323	0.63938296
367	0.62351482
386	0.59919358
407	0.59576991
437	0.59803009
449	0.60386173
31	0.83379867
32	0.82076615
46	0.83138850
56	0.78573429
70	0.82833783
73	0.79951615
96	0.78847677
110	0.78094801
120	0.77025155
135	0.81378916
138	0.68584779
146	0.73779934
154	0.70108650
157	0.66442633
165	0.65488650
167	0.66498341
173	0.62403894
189	0.71689956
204	0.73995841
216	0.72499513
248	0.61477013
256	0.66115509
308	0.67112478
312	0.59737080
317	0.60984447
321	0.66524801
331	0.65346792
389	0.65565575
438	0.60177235
29	0.81209447
69	0.74690243
156	0.73108429
181	0.75156239
193	0.67806527
253	0.60754690
306	0.69843385
316	0.63865996
335	0.60712013
354	0.58994757
397	0.63578473
402	0.60313518
430	0.60533119
33	0.82858717
44	0.83327500
63	0.79013142
101	0.77970376
105	0.71574823
160	0.62722942
179	0.74263252
185	0.68763540
260	0.64650730
270	0.73565885
289	0.61134646
371	0.60770553
445	0.61417323
106	0.75507876
112	0.74523606
261	0.60160265
302	0.61368031
396	0.65414469
435	0.63178496
439	0.59910398
75	0.80758053
122	0.76371173
233	0.63328673
267	0.63906173
338	0.62104248
431	0.60050310
443	0.59459447
98	0.76718982
213	0.66377544
219	0.66947058
221	0.71471239
269	0.69738208
311	0.62394358
336	0.61367832
380	0.61190841
415	0.60004779
417	0.66928982
43	0.80951394
57	0.74646106
124	0.78275177
134	0.76685907
136	0.76375487
153	0.75654845
163	0.72052876
313	0.62362699
322	0.65833053
330	0.59990022
340	0.65715841
353	0.62568562
382	0.62098053
414	0.66177588
429	0.62988053
102	0.78613695
132	0.73014779
140	0.77747965
148	0.77394004
188	0.76755332
238	0.67332633
423	0.62646814
79	0.76129071
100	0.75431770
107	0.77308739
166	0.70535133
241	0.66020553
266	0.62458053
272	0.64396571
343	0.73603805
393	0.60761969
406	0.61213407
129	0.69524093
403	0.59265619
133	0.70673562
199	0.73007522
203	0.72502345
282	0.65451858
327	0.73410708
346	0.63965686
358	0.61632611
364	0.61886991
141	0.77932854
305	0.60270929
318	0.63248827
341	0.64072611
360	0.60583363
401	0.60519071
404	0.60042478
441	0.59267168
450	0.60746150
123	0.80621637
150	0.66939956
211	0.72779004
220	0.66019115
229	0.79438872
381	0.61311615
391	0.61729513
399	0.60913562
400	0.62337412
421	0.58628075
444	0.62614491
187	0.75149712
223	0.69335398
137	0.78071128
237	0.68692345
257	0.64995243
424	0.61392633
234	0.68456770
245	0.70766704
273	0.65298584
392	0.60232500
398	0.60369204
426	0.62258075
348	0.66319602
373	0.61819181
195	0.63884469
206	0.74612257
376	0.59292124
377	0.57334779
440	0.60572212
278	0.74406770
448	0.58561792
144	0.71131637
139	0.69508540
168	0.67194137
309	0.62238916
315	0.65883208
342	0.61668584
363	0.64307035
369	0.59792611
155	0.75463075
162	0.76984558
210	0.71572235
351	0.64516969
359	0.63735752
385	0.59693894
422	0.61347898
285	0.63464735
295	0.61146615
276	0.67964934
425	0.58125465
328	0.69902124
332	0.61463540
345	0.60008850
190	0.70690310
268	0.68673208
303	0.59104381
355	0.63062566
362	0.64295730
296	0.67591504
411	0.58911858
420	0.58624580
186	0.69183827
262	0.74050111
275	0.67973982
198	0.66916173
192	0.61310398
298	0.63644889
442	0.59092500
251	0.66279624
299	0.64177389
292	0.61390730
368	0.58740619
395	0.63979558
300	0.60688097
244	0.77141327
329	0.72943319
277	0.70281726
286	0.61756593
378	0.58140022
384	0.62167898
412	0.61437279
252	0.67663429
283	0.57732279
372	0.59943850
310	0.59564779
379	0.59139558
427	0.63805420
280	0.64149270
410	0.60276150
291	0.64244314
226	0.72313407
436	0.55953695
350	0.57227102
274	0.69655907
227	0.72963164
339	0.61380841
218	0.72101726
314	0.59439425
416	0.59228761
428	0.61055642
409	0.58765841
