0	0.83257876
1	0.82544668
2	0.56644226
3	0.83265376
4	0.83271062
5	0.83282080
6	0.83295885
7	0.83294358
8	0.83240885
9	0.83290376
10	0.83254226
11	0.83278717
12	0.83275973
14	0.83226748
15	0.83280597
17	0.83090310
20	0.82936062
22	0.82089668
23	0.83239934
25	0.82131792
29	0.83263451
31	0.78489624
32	0.83030686
33	0.81584204
38	0.82698341
45	0.79207257
49	0.83232235
54	0.77639558
56	0.82059757
61	0.77912257
62	0.78044757
69	0.82772566
78	0.76705088
81	0.67009248
91	0.80307832
94	0.80662013
99	0.81849181
106	0.81615133
110	0.70138717
122	0.77906726
129	0.73898739
135	0.69885044
143	0.69907212
144	0.77431726
160	0.75789801
166	0.73702987
170	0.69112146
174	0.80019248
175	0.70015774
185	0.66514358
186	0.70006150
199	0.65519447
200	0.70961416
201	0.75286106
217	0.75081726
227	0.62461504
229	0.68818097
254	0.68905221
257	0.64767146
279	0.63226925
291	0.67136969
295	0.64468341
299	0.71552102
301	0.62019093
305	0.66529115
330	0.61469867
342	0.64590177
351	0.64746659
362	0.60175265
379	0.61346460
381	0.61785155
383	0.65433805
395	0.61733031
446	0.59567478
27	0.81664270
64	0.67045973
97	0.75583009
182	0.71609624
193	0.75093363
249	0.69636084
289	0.61611836
292	0.61976438
293	0.66091681
310	0.68564358
352	0.58975841
416	0.64632677
423	0.61909137
424	0.61847190
30	0.82841062
131	0.77885531
24	0.82442168
36	0.81898451
41	0.78770664
57	0.68886504
66	0.83030332
72	0.81171792
73	0.80480155
84	0.80364934
115	0.66417987
130	0.67100686
133	0.75964270
139	0.75048850
155	0.74358982
203	0.61533473
224	0.66340885
233	0.63155243
260	0.65284270
278	0.59994226
304	0.61574624
311	0.69934425
324	0.61806195
366	0.61401040
384	0.62409889
386	0.59934159
391	0.62526504
407	0.59356925
415	0.59872677
13	0.83246084
18	0.83256261
21	0.83163341
44	0.80416350
46	0.83287367
76	0.81321195
88	0.78237588
90	0.72281350
92	0.76855088
104	0.74488496
112	0.78618230
128	0.70690088
141	0.79710730
152	0.62170265
194	0.77780000
202	0.65730066
221	0.65178341
230	0.66480664
263	0.71479004
317	0.66902876
328	0.65798296
335	0.60582677
341	0.70847102
346	0.68529469
357	0.66441858
373	0.63033142
19	0.83015177
35	0.82453142
53	0.82774469
55	0.80197389
59	0.76893031
63	0.74584336
70	0.78506327
77	0.75970088
86	0.74941040
93	0.72715354
95	0.82002080
100	0.74298540
113	0.81997478
119	0.79057633
140	0.72695155
145	0.75394159
148	0.75130863
168	0.75033053
173	0.74508252
176	0.69227434
180	0.70449867
183	0.74007522
191	0.62379093
197	0.66102124
209	0.62137058
213	0.60814956
240	0.72055487
248	0.71186991
270	0.66129646
276	0.69055575
277	0.59895619
285	0.72477566
286	0.68758894
298	0.60084071
307	0.65455487
312	0.65157898
347	0.67800796
354	0.63066217
374	0.60075420
392	0.62076305
16	0.83235398
26	0.80627611
34	0.81042655
39	0.83144978
48	0.83052655
50	0.80259270
52	0.74499049
67	0.82557920
68	0.79698938
71	0.78881770
83	0.75833363
117	0.69601836
123	0.73760177
125	0.69999779
136	0.73620642
137	0.72465796
138	0.63843319
167	0.74433252
178	0.72599845
189	0.71205796
205	0.72666283
231	0.76716881
244	0.64956969
258	0.70862212
267	0.62036239
288	0.60091814
302	0.61708584
303	0.67923695
318	0.62606018
322	0.65149690
327	0.60959624
329	0.62915088
336	0.66560044
365	0.60685398
387	0.61531726
394	0.68800288
430	0.57926615
438	0.59507588
40	0.76194491
42	0.80847434
58	0.80299646
60	0.75145199
75	0.81447942
79	0.81813053
120	0.72073982
124	0.79633009
126	0.72313031
134	0.71741903
154	0.76751195
156	0.72242301
163	0.77057854
164	0.77692058
165	0.71345996
198	0.66063407
247	0.61251305
271	0.65236128
274	0.64926438
280	0.62022080
284	0.71090996
321	0.62013673
363	0.63158827
382	0.61179668
399	0.66698717
409	0.65357058
441	0.59539425
82	0.81840509
105	0.74944867
127	0.73968673
146	0.72726128
147	0.71459381
153	0.69617080
214	0.65391681
216	0.62749358
225	0.67596195
226	0.62940929
297	0.63870044
300	0.58773009
378	0.59642655
410	0.60957058
37	0.82814204
80	0.77998429
98	0.74633429
102	0.81394867
172	0.64518650
177	0.70018606
187	0.71270088
196	0.68391106
206	0.61940863
222	0.69414646
223	0.70532854
237	0.67808761
239	0.69392013
256	0.67489004
262	0.70602257
268	0.64900177
282	0.64450841
316	0.62701814
325	0.60239690
360	0.60081040
406	0.61489071
414	0.62904447
417	0.59893119
43	0.82373296
51	0.81525265
108	0.69182788
114	0.69700177
118	0.70148562
142	0.63294137
151	0.69197367
212	0.70306549
253	0.68446150
309	0.63342699
319	0.69449801
376	0.62580575
444	0.60488451
28	0.81238230
179	0.73898650
204	0.75012345
220	0.66965420
232	0.60894336
236	0.72848783
252	0.64882323
275	0.66678562
334	0.61462588
339	0.61150863
348	0.65143230
356	0.67730752
367	0.58066748
377	0.68774447
427	0.62210177
111	0.77618252
184	0.71648938
210	0.66847677
314	0.60271438
390	0.65876637
411	0.63369115
443	0.60644889
47	0.79169757
107	0.82007611
162	0.66584270
208	0.72809558
350	0.64214248
364	0.60862146
421	0.61079248
435	0.60434049
159	0.71336482
188	0.72766836
235	0.75839779
250	0.61073341
418	0.64365155
121	0.77354690
157	0.72486726
161	0.75148739
234	0.68122345
255	0.65026062
259	0.65568606
261	0.63010973
296	0.67826416
332	0.58284668
433	0.60575841
439	0.60073075
451	0.61624889
74	0.80246969
87	0.80598496
132	0.66654336
96	0.75465177
150	0.66968960
290	0.67385398
219	0.67613473
242	0.68884801
281	0.60856991
361	0.60653960
368	0.67931991
385	0.57863872
448	0.60700774
190	0.75861571
195	0.62450708
269	0.63804314
326	0.61280929
337	0.62408363
345	0.62991018
402	0.60460774
403	0.63769602
408	0.59677058
171	0.69125531
331	0.64609292
447	0.60486881
85	0.80258009
340	0.60668363
413	0.57697500
264	0.70792544
306	0.60471173
355	0.62800465
89	0.77678761
266	0.63733496
103	0.80092810
211	0.73605177
388	0.64747788
116	0.75334912
241	0.68719779
265	0.60397765
207	0.65022168
369	0.57964181
372	0.61773252
294	0.66389004
375	0.59727168
426	0.58534801
349	0.62859823
359	0.64276350
396	0.60077500
243	0.70743584
273	0.62093186
283	0.60278805
398	0.65304115
245	0.71416128
315	0.65202743
370	0.60780819
432	0.58237854
101	0.72982500
437	0.61730929
428	0.64560553
389	0.60379270
419	0.59366969
65	0.80240332
228	0.70124381
344	0.65090398
343	0.72836615
412	0.66951040
215	0.70287721
246	0.67366438
442	0.62991991
353	0.62251881
313	0.60367345
109	0.80089535
181	0.71555796
358	0.61087522
397	0.60064336
425	0.59107235
431	0.59690088
192	0.70474469
218	0.71054668
287	0.67917367
440	0.60940199
380	0.63031571
434	0.58611460
404	0.60463385
405	0.60558252
251	0.59816261
333	0.62760553
149	0.70517544
393	0.59491571
272	0.64477146
445	0.59570133
371	0.60303562
308	0.64842412
436	0.58250597
449	0.59261881
422	0.59283805
158	0.72553783
400	0.59976947
169	0.77037699
429	0.57975177
238	0.66841327
320	0.58407345
323	0.63329889
420	0.57558628
401	0.58566549
338	0.65093982
450	0.57461593
