0	0.83166538
1	0.83245714
2	0.83243874
3	0.83212421
4	0.83141889
5	0.83095133
6	0.83234600
7	0.83229588
8	0.83216804
9	0.83138910
10	0.83215424
11	0.83227651
12	0.83255424
13	0.83099056
15	0.82982324
16	0.82999540
17	0.81059903
19	0.83223148
23	0.82474504
24	0.82436029
25	0.82987046
27	0.71574262
28	0.83033317
36	0.83028184
37	0.81180702
39	0.81420872
40	0.82564213
45	0.80035642
48	0.72958232
51	0.80792542
53	0.82103680
59	0.75263753
63	0.76113535
66	0.78112712
71	0.78231768
72	0.82498547
73	0.82624649
80	0.74119516
90	0.72570775
94	0.75967361
100	0.72116223
103	0.75341864
107	0.78488015
110	0.79528232
114	0.73118910
116	0.82265569
117	0.67209346
124	0.71917651
125	0.75607022
128	0.77367191
129	0.73226755
130	0.75953438
137	0.68962954
140	0.70463850
144	0.67019613
153	0.68946683
154	0.78295593
160	0.62499927
168	0.66559588
170	0.66712324
171	0.71668184
172	0.66500847
176	0.72512421
180	0.72215763
181	0.65134213
186	0.61907966
190	0.67356392
197	0.61940048
204	0.71441259
212	0.69307458
227	0.70570242
235	0.72153559
245	0.67501283
246	0.71463462
271	0.68599128
273	0.60889734
283	0.62887143
288	0.62310630
296	0.60480823
303	0.60074552
308	0.60973123
309	0.67839080
319	0.61924044
326	0.64702470
327	0.61931816
328	0.62889952
329	0.60034189
333	0.60665932
356	0.61236877
358	0.60546174
383	0.70308039
392	0.60522082
411	0.58389370
29	0.82152785
30	0.81085763
31	0.82195956
44	0.67088354
47	0.76112615
55	0.81823729
56	0.80540726
61	0.80035278
79	0.80465690
86	0.69397022
109	0.66824407
141	0.62621719
142	0.67408596
145	0.62371162
146	0.67635690
156	0.65305424
188	0.62745690
206	0.73748087
244	0.60969007
249	0.71601646
259	0.69014891
260	0.64382518
277	0.64295860
294	0.62104019
302	0.65640533
331	0.60020073
335	0.62315642
354	0.58522663
357	0.61469201
362	0.61578184
393	0.60265157
14	0.83204673
18	0.81589637
22	0.81461816
32	0.83061090
35	0.82906828
42	0.82361598
50	0.82198354
54	0.79627530
58	0.76900291
96	0.74503123
99	0.80594746
111	0.80103438
113	0.75152058
133	0.71147942
143	0.62503027
147	0.70938523
148	0.73871840
155	0.69495400
158	0.77367240
175	0.70481186
220	0.64738547
256	0.66529782
263	0.61210194
266	0.63957821
281	0.68659370
286	0.63272688
290	0.62855400
336	0.60892179
360	0.63616828
366	0.62226416
370	0.61851065
374	0.61433511
377	0.60174673
380	0.61700412
395	0.59817724
406	0.58837215
20	0.83132639
26	0.82927772
38	0.81301114
64	0.77781211
76	0.77186707
106	0.66153729
108	0.81944286
122	0.66407627
149	0.75590605
151	0.74604213
161	0.76635981
164	0.62041356
184	0.71801840
218	0.68923148
231	0.68167361
236	0.61958886
238	0.71522034
247	0.68434116
274	0.65654479
276	0.64727288
301	0.66549952
330	0.61870896
341	0.62374891
355	0.60252203
365	0.61110218
371	0.60130751
379	0.59210024
385	0.61225496
62	0.83061332
97	0.73271840
98	0.79499734
105	0.73684286
112	0.75096295
167	0.66717797
173	0.73612567
179	0.72582324
185	0.70001186
228	0.67673801
237	0.61833898
250	0.67348959
297	0.60891162
320	0.60038160
345	0.60959492
33	0.82921816
46	0.80768111
60	0.79384237
127	0.73777869
287	0.61931889
407	0.59636828
41	0.79830169
43	0.81178499
49	0.77029516
57	0.80003947
65	0.81450799
75	0.77537772
77	0.81938644
81	0.72448668
91	0.77970823
126	0.79794770
131	0.78154479
134	0.72990169
135	0.75241574
166	0.70877143
178	0.61679879
182	0.62392906
187	0.68380387
195	0.69968935
205	0.71873559
207	0.70009952
208	0.76394504
209	0.70456489
210	0.71518620
229	0.70165182
234	0.71762542
243	0.65611598
252	0.61001429
253	0.70983632
262	0.62060702
269	0.69918426
282	0.59360969
285	0.60646150
289	0.60468741
292	0.64760194
300	0.60984310
307	0.61915763
348	0.64505884
351	0.61357337
369	0.60352736
378	0.58996780
382	0.59855206
391	0.61756877
398	0.61774600
400	0.61303923
403	0.62645061
52	0.82628935
69	0.77188814
74	0.73417094
84	0.72908838
89	0.80142785
93	0.80074722
104	0.77013511
115	0.81598499
123	0.76727433
163	0.76651961
169	0.70192397
194	0.66124455
199	0.74084867
215	0.68902155
219	0.66535036
268	0.63001138
306	0.67641574
317	0.59487676
325	0.67401913
389	0.61533729
409	0.61217094
34	0.79898281
132	0.76171453
177	0.75701404
311	0.58022712
340	0.65053487
346	0.68087022
405	0.62730944
68	0.80777215
88	0.74694625
95	0.76842736
119	0.66469031
198	0.73553051
203	0.71530847
334	0.66646005
361	0.60665884
402	0.58911259
21	0.77502276
92	0.78390315
101	0.67055666
120	0.75520581
138	0.65003559
192	0.68455109
242	0.67496828
265	0.59742058
280	0.65405811
293	0.70512954
299	0.65502373
322	0.61441017
83	0.76682809
152	0.66728620
174	0.72959056
196	0.73539758
233	0.58560121
241	0.72341889
254	0.65230218
270	0.65646392
279	0.61713366
310	0.64404818
313	0.70698862
316	0.66071501
337	0.59375787
375	0.61953123
136	0.68595860
226	0.68657433
284	0.71540363
312	0.64661695
318	0.62759370
353	0.63575424
396	0.60760121
225	0.66980024
338	0.63410702
364	0.60443705
157	0.68706053
191	0.73863608
202	0.65402470
211	0.65563535
368	0.61028015
410	0.59641550
159	0.69758378
232	0.68724988
304	0.61217918
323	0.60471186
349	0.63111235
162	0.74424068
230	0.65930630
240	0.64361259
267	0.70396562
213	0.77548063
70	0.72690387
85	0.78360242
121	0.70186562
183	0.68402082
248	0.68767700
272	0.64726077
278	0.72983196
321	0.62005424
350	0.61797772
352	0.59814213
87	0.71990145
239	0.61035448
255	0.65214286
324	0.59792397
387	0.59749831
258	0.57797821
342	0.60073317
367	0.66511259
305	0.58664479
408	0.60111743
78	0.80728789
200	0.65484697
388	0.57583123
390	0.59440436
82	0.66380920
165	0.61488838
401	0.58193777
67	0.81593801
102	0.71199927
372	0.59835860
139	0.77622252
201	0.71583826
216	0.71703148
332	0.60458402
363	0.64017385
264	0.70055981
118	0.66000000
150	0.66571453
298	0.69989080
347	0.61285351
394	0.61477748
251	0.68080218
343	0.59741913
404	0.61224988
399	0.58272494
261	0.67491186
291	0.64899201
189	0.70943123
224	0.63894068
193	0.68287191
257	0.63902906
217	0.68410339
221	0.69080508
222	0.64807554
214	0.70379879
314	0.61528354
344	0.64451186
339	0.64087215
381	0.59633923
223	0.75340969
412	0.58559370
373	0.57033535
397	0.56014189
275	0.57172857
295	0.64202542
384	0.58091477
315	0.58201646
359	0.57549177
386	0.56642639
376	0.56820920
