0 1
0 2
0 3
0 4
0 5
0 9
0 10
0 13
0 14
0 17
0 18
0 21
0 23
0 24
0 26
0 31
0 34
0 35
0 36
0 37
0 43
0 46
0 49
0 50
0 71
0 74
0 78
0 92
0 102
0 104
0 117
0 120
0 126
0 133
0 142
0 147
0 163
0 164
0 178
0 179
0 186
0 200
0 203
0 207
0 215
0 232
0 256
0 277
0 289
0 291
0 292
0 302
0 316
0 317
0 343
0 363
0 382
0 391
0 408
0 427
0 434
0 435
0 453
0 457
0 459
0 471
0 475
0 486
0 495
0 496
0 498
0 508
0 516
0 530
0 555
0 559
0 566
0 575
0 596
0 603
0 607
0 695
0 737
0 751
0 753
0 781
0 811
0 836
0 843
0 852
1 4
1 5
1 6
1 7
1 8
1 9
1 12
1 15
1 16
1 20
1 23
1 26
1 30
1 34
1 37
1 38
1 41
1 45
1 52
1 53
1 54
1 82
1 90
1 96
1 105
1 112
1 122
1 143
1 152
1 160
1 171
1 174
1 191
1 193
1 195
1 211
1 224
1 253
1 255
1 258
1 272
1 281
1 288
1 299
1 312
1 367
1 371
1 372
1 386
1 391
1 396
1 401
1 440
1 443
1 456
1 472
1 478
1 492
1 519
1 524
1 545
1 606
1 607
1 623
1 641
1 661
1 671
1 690
1 720
1 722
1 732
1 741
1 752
1 771
1 834
1 843
1 859
1 869
1 872
1 903
2 4
2 14
2 42
2 159
2 221
2 225
2 688
3 98
3 145
3 172
3 539
3 873
4 5
4 6
4 7
4 15
4 17
4 21
4 31
4 39
4 48
4 58
4 59
4 61
4 65
4 67
4 68
4 78
4 81
4 86
4 87
4 91
4 100
4 108
4 109
4 115
4 127
4 136
4 203
4 246
4 264
4 285
4 291
4 319
4 332
4 350
4 426
4 445
4 482
4 516
4 521
4 546
4 553
4 570
4 580
4 585
4 621
4 647
4 666
4 671
4 697
4 751
4 761
4 774
4 777
4 835
4 893
5 6
5 7
5 8
5 10
5 11
5 12
5 18
5 19
5 21
5 22
5 23
5 25
5 27
5 29
5 31
5 33
5 40
5 41
5 43
5 48
5 51
5 70
5 77
5 82
5 89
5 91
5 97
5 105
5 106
5 115
5 122
5 126
5 127
5 140
5 151
5 162
5 168
5 169
5 174
5 202
5 216
5 223
5 227
5 239
5 243
5 246
5 249
5 259
5 261
5 282
5 301
5 320
5 325
5 339
5 347
5 373
5 394
5 397
5 414
5 415
5 424
5 441
5 449
5 461
5 471
5 481
5 503
5 510
5 560
5 605
5 629
5 638
5 639
5 647
5 658
5 667
5 701
5 755
5 759
5 791
5 793
5 850
5 854
5 862
5 863
5 885
6 13
6 45
6 54
6 55
6 72
6 76
6 90
6 113
6 125
6 131
6 134
6 137
6 155
6 165
6 202
6 224
6 229
6 238
6 322
6 342
6 385
6 455
6 466
6 518
6 541
6 611
6 670
6 729
6 809
7 8
7 9
7 10
7 11
7 12
7 15
7 28
7 39
7 42
7 43
7 44
7 88
7 103
7 104
7 110
7 131
7 134
7 146
7 156
7 158
7 190
7 194
7 257
7 269
7 280
7 281
7 326
7 349
7 352
7 355
7 398
7 406
7 436
7 474
7 495
7 496
7 522
7 581
7 582
7 622
7 636
7 709
7 734
7 784
7 810
7 891
8 16
8 20
8 25
8 26
8 35
8 59
8 64
8 68
8 92
8 93
8 111
8 119
8 138
8 146
8 166
8 167
8 168
8 180
8 248
8 310
8 373
8 379
8 418
8 449
8 458
8 719
8 763
8 853
8 858
9 19
9 25
9 28
9 40
9 58
9 61
9 115
9 194
9 216
9 236
9 240
9 259
9 269
9 275
9 376
9 392
9 436
9 452
9 463
9 491
9 513
9 543
9 585
9 672
9 676
9 698
9 764
9 886
9 896
9 905
10 11
10 14
10 16
10 29
10 34
10 38
10 46
10 49
10 55
10 74
10 82
10 86
10 87
10 162
10 175
10 184
10 210
10 234
10 249
10 280
10 296
10 333
10 345
10 375
10 392
10 398
10 448
10 474
10 561
10 566
10 667
10 695
10 697
10 716
10 747
10 764
10 811
10 819
10 844
10 846
10 870
11 13
11 65
11 69
11 72
11 86
11 101
11 102
11 103
11 110
11 118
11 120
11 121
11 133
11 136
11 152
11 166
11 174
11 177
11 214
11 230
11 234
11 243
11 250
11 256
11 259
11 281
11 288
11 315
11 331
11 363
11 442
11 467
11 513
11 541
11 547
11 558
11 600
11 613
11 650
11 662
11 720
11 758
11 765
11 834
11 864
11 867
11 906
12 18
12 20
12 24
12 28
12 30
12 32
12 36
12 46
12 50
12 61
12 69
12 89
12 97
12 136
12 172
12 191
12 201
12 208
12 210
12 229
12 251
12 361
12 395
12 438
12 443
12 460
12 461
12 472
12 673
12 704
12 832
12 848
13 27
13 32
13 49
13 56
13 64
13 92
13 123
13 268
13 277
13 307
13 326
13 334
13 365
13 383
13 403
13 505
13 618
13 656
13 660
13 868
14 17
14 22
14 24
14 81
14 102
14 189
14 207
14 260
14 268
14 442
14 467
14 488
14 508
14 549
14 814
15 39
15 130
15 141
15 157
15 285
15 339
15 408
15 420
15 465
15 496
15 497
15 611
15 770
16 38
16 54
16 56
16 65
16 208
16 312
16 456
16 564
16 644
16 815
16 819
17 35
17 41
17 57
17 66
17 70
17 88
17 119
17 150
17 181
17 198
17 218
17 270
17 278
17 283
17 346
17 374
17 484
17 556
17 558
17 591
17 602
17 605
17 652
17 679
17 706
17 749
17 756
17 827
17 829
17 865
17 879
17 903
17 904
18 19
18 27
18 44
18 62
18 85
18 151
18 173
18 190
18 230
18 248
18 698
18 857
19 64
19 295
19 358
19 462
20 22
20 29
20 30
20 33
20 67
20 76
20 81
20 90
20 147
20 164
20 171
20 188
20 190
20 219
20 235
20 303
20 337
20 421
20 454
20 483
20 513
20 545
20 628
20 641
20 727
20 901
21 59
21 68
21 72
21 93
21 111
21 123
21 128
21 150
21 166
21 244
21 252
21 329
21 631
21 654
22 50
22 104
22 107
22 114
22 132
22 184
22 239
22 498
22 499
22 837
23 40
23 160
23 193
23 267
23 504
23 795
23 825
23 857
24 32
24 51
24 60
24 70
24 78
24 83
24 106
24 116
24 121
24 122
24 141
24 142
24 153
24 170
24 178
24 187
24 197
24 204
24 244
24 245
24 263
24 309
24 338
24 362
24 404
24 409
24 411
24 415
24 432
24 450
24 465
24 482
24 510
24 520
24 541
24 599
24 648
24 678
24 733
24 740
24 744
24 787
25 47
25 48
25 80
25 84
25 138
25 156
25 224
25 258
25 290
25 303
25 313
25 357
25 364
25 382
25 455
25 529
25 535
25 557
25 640
25 700
25 721
25 746
25 767
25 780
25 875
25 902
26 47
26 55
26 73
26 87
26 91
26 185
26 300
26 392
26 475
26 486
26 509
26 657
27 253
27 590
28 33
28 36
28 66
28 75
28 85
28 110
28 116
28 121
28 149
28 157
28 170
28 189
28 215
28 217
28 233
28 268
28 272
28 334
28 397
28 400
28 404
28 406
28 412
28 489
28 552
28 557
28 562
28 640
28 721
28 739
28 780
28 795
28 812
28 833
28 884
28 886
29 144
29 188
29 228
29 369
29 601
29 632
30 97
30 387
30 842
31 51
31 94
31 139
31 158
31 199
31 286
31 457
31 510
31 523
31 615
31 721
32 60
32 609
32 628
33 42
33 80
33 125
33 202
33 308
33 405
33 451
33 603
33 665
33 757
33 792
33 801
33 844
34 47
34 114
34 147
34 153
34 199
34 217
34 289
34 291
34 380
34 434
34 539
34 630
34 866
35 37
35 71
35 483
35 546
35 618
35 738
36 96
36 108
36 118
36 120
36 123
36 201
36 226
36 257
36 304
36 388
36 436
36 493
36 521
36 616
36 727
36 747
36 782
37 44
37 45
37 60
37 62
37 98
37 108
37 141
37 251
37 356
37 416
37 517
37 604
38 58
38 67
38 75
38 112
38 128
38 129
38 209
38 325
38 349
38 370
38 394
38 472
38 480
38 500
38 532
38 610
38 618
38 626
38 635
38 636
38 655
38 669
38 752
38 756
38 860
39 69
39 112
39 113
39 154
39 205
39 336
39 526
39 675
39 817
40 63
40 93
40 103
40 161
40 330
40 357
40 374
40 412
40 431
40 432
40 490
40 642
40 676
41 200
41 709
42 56
42 77
42 125
42 127
42 266
42 381
42 413
42 525
42 592
43 52
43 53
43 57
43 75
43 84
43 85
43 180
43 289
43 487
43 504
43 657
43 804
43 813
43 826
43 840
43 857
43 888
43 901
43 906
44 73
44 83
44 143
44 152
44 182
44 219
44 313
44 334
44 338
44 489
44 519
44 559
44 677
44 685
44 700
44 802
44 895
45 66
45 79
45 94
45 95
45 99
45 105
45 124
45 148
45 183
45 205
45 231
45 233
45 237
45 292
45 302
45 303
45 307
45 323
45 344
45 359
45 396
45 404
45 447
45 492
45 524
45 527
45 550
45 560
45 671
45 682
45 692
45 693
45 737
45 743
45 750
45 783
45 842
45 867
45 876
45 877
46 53
46 197
46 590
47 167
47 220
47 306
47 437
47 525
47 547
47 583
47 601
47 750
47 760
47 889
47 899
48 71
48 161
48 220
48 300
48 821
48 849
49 52
49 62
49 73
49 84
49 98
49 100
49 101
49 132
49 187
49 250
49 261
49 389
49 442
49 554
49 592
49 606
49 627
49 864
49 893
49 897
50 79
50 109
50 173
50 208
50 287
50 399
50 402
50 407
50 639
50 720
50 901
51 80
51 128
51 165
51 220
51 238
51 297
51 343
51 377
51 577
51 617
51 679
51 744
51 748
51 794
51 815
51 816
51 863
52 225
52 232
52 279
52 324
53 57
53 76
53 381
53 416
53 452
53 480
53 790
54 63
54 151
54 379
54 548
54 656
54 827
54 831
55 74
55 189
55 250
55 321
55 663
56 63
56 107
56 114
56 119
56 327
56 364
56 390
56 568
56 581
56 722
56 770
57 149
57 159
57 855
58 124
58 153
58 260
58 640
59 159
59 267
59 366
59 569
59 593
59 623
60 135
60 280
60 321
60 326
60 350
60 360
60 383
60 405
60 447
60 553
60 685
60 691
60 878
61 101
61 130
61 177
61 230
61 337
62 501
62 688
63 118
63 223
63 274
63 299
63 477
63 858
65 117
65 132
65 186
65 212
65 213
65 214
65 386
65 397
65 433
65 465
65 574
65 712
65 740
65 773
65 774
65 805
66 672
66 779
66 854
66 869
67 140
67 192
67 367
67 368
67 393
67 499
67 601
67 643
67 692
67 794
68 77
68 79
68 96
68 113
68 186
68 200
68 255
68 263
68 375
68 411
68 433
68 506
68 589
68 616
68 740
68 768
68 882
70 266
70 316
70 384
71 107
71 144
71 306
71 318
71 399
72 137
72 187
72 211
72 240
72 330
72 659
72 894
73 99
73 109
73 117
73 221
73 256
73 271
73 329
73 342
73 345
73 378
73 385
73 428
73 602
73 630
73 689
73 822
73 905
74 89
74 100
74 148
74 353
74 551
74 620
74 739
74 813
75 426
76 160
76 170
76 194
76 310
76 335
76 341
76 639
76 681
76 730
76 732
76 733
76 808
76 818
77 395
77 758
78 88
78 156
78 168
78 182
78 317
78 379
78 417
78 615
78 800
78 811
78 831
78 883
78 887
79 95
79 218
79 331
79 359
79 372
79 384
79 484
79 563
79 575
79 695
79 715
79 871
79 881
80 129
80 140
80 155
80 231
80 346
80 456
80 537
80 567
80 835
80 838
81 294
81 495
81 684
81 702
81 738
81 809
81 829
81 879
82 83
82 129
82 148
82 219
82 333
82 662
82 713
82 717
82 830
83 180
83 240
83 293
83 294
83 304
83 536
83 544
83 636
83 725
83 787
84 94
84 195
84 206
84 305
84 473
84 482
84 514
85 297
85 588
85 788
85 798
85 892
87 111
87 137
87 138
87 445
87 466
87 551
88 690
88 753
89 135
89 370
89 533
90 124
90 135
90 617
90 806
91 235
91 278
91 314
91 351
91 424
91 447
91 542
91 608
91 711
91 778
91 828
92 131
92 134
92 150
92 185
92 201
92 227
92 245
92 252
92 286
92 347
92 383
92 427
92 616
92 762
92 773
92 821
92 863
92 893
93 95
93 99
93 144
93 145
93 237
93 247
93 273
93 308
93 316
93 419
93 479
93 776
93 812
94 139
94 293
94 423
94 684
94 781
95 260
95 371
95 450
96 149
96 486
96 831
97 145
97 163
97 178
97 391
97 424
97 571
97 623
97 904
98 165
98 198
98 305
98 318
98 352
98 388
98 423
98 810
98 812
99 106
99 126
99 198
99 215
99 285
99 336
99 477
99 554
99 592
99 736
99 880
99 897
99 898
102 179
102 192
102 211
102 222
102 311
102 363
102 508
102 528
102 547
102 723
102 725
102 798
102 830
102 841
104 175
104 270
104 504
105 169
105 192
105 239
105 262
105 479
105 546
105 595
105 713
105 785
106 469
106 772
107 162
107 317
107 382
108 163
108 185
108 248
108 607
110 155
110 196
110 213
110 233
110 243
110 313
110 388
110 761
110 805
111 116
111 143
111 421
111 500
111 653
112 133
112 179
112 255
112 273
112 290
112 294
112 399
112 449
112 542
112 859
113 177
113 633
113 779
114 258
114 425
114 537
114 594
114 742
114 841
115 130
115 139
115 470
115 771
116 157
116 161
116 221
116 264
116 296
116 333
116 509
116 548
116 648
116 668
117 206
117 277
117 603
118 167
118 290
118 312
118 376
118 494
118 644
119 228
119 376
120 213
120 305
120 524
120 538
121 234
121 242
121 271
121 596
121 713
121 768
122 298
122 535
124 197
124 297
124 311
124 478
124 628
124 665
124 764
124 801
125 169
125 278
125 460
125 527
125 660
125 736
126 602
126 887
127 585
128 540
128 736
129 158
129 176
129 262
129 431
129 479
129 559
129 664
129 724
129 788
130 142
130 225
130 257
130 299
130 614
130 646
131 184
131 567
131 604
131 715
131 725
131 783
131 794
132 689
132 767
133 304
134 209
134 275
134 612
135 410
136 154
136 183
136 242
136 354
136 422
136 451
136 526
136 835
136 864
137 236
138 164
138 216
138 320
138 532
139 154
139 279
139 350
139 402
139 570
139 622
139 659
139 668
139 699
139 759
140 146
140 321
140 470
140 485
140 600
140 792
141 183
141 195
141 212
141 328
141 719
142 209
142 253
142 263
142 890
143 204
143 235
143 270
143 344
143 493
143 624
144 181
144 188
144 284
144 298
144 565
144 654
144 796
144 824
145 714
146 567
147 172
147 409
148 182
148 226
148 237
148 274
148 354
148 422
148 440
148 463
148 545
148 868
149 214
149 331
149 403
149 503
149 579
149 795
150 351
150 371
150 529
151 228
151 276
151 345
151 366
151 414
151 735
152 238
152 254
152 265
152 300
152 322
152 355
152 445
152 467
152 746
152 867
153 173
153 199
153 501
154 410
154 789
154 808
154 828
155 227
155 611
156 176
156 181
156 348
156 369
156 428
156 535
156 549
156 595
156 796
156 814
156 850
156 903
157 204
157 284
157 340
157 469
157 490
157 576
157 708
157 875
158 231
158 284
158 348
158 413
158 563
158 565
158 582
158 771
158 785
159 222
159 365
159 506
159 709
159 900
160 634
161 633
162 236
162 802
163 175
163 288
163 314
163 493
163 730
164 176
164 487
164 511
164 522
164 533
164 717
164 726
164 784
164 797
165 324
166 358
166 577
166 578
166 861
167 241
167 314
167 400
167 428
167 435
167 502
167 719
168 498
169 171
169 193
169 196
169 207
169 309
169 338
169 351
169 420
169 481
169 518
169 586
169 621
169 629
169 828
169 881
170 319
170 448
170 760
170 786
171 241
171 664
171 805
171 847
172 246
172 328
172 417
172 536
172 668
173 551
175 451
175 476
175 574
175 722
176 586
177 196
177 251
177 627
177 683
177 710
177 810
177 895
178 217
178 318
178 566
178 689
179 203
179 218
179 400
179 624
179 780
180 232
180 241
180 274
180 395
181 226
182 323
183 295
183 354
183 617
183 669
183 702
183 853
184 630
184 797
185 822
186 466
186 497
187 266
187 458
187 588
187 836
188 191
188 205
188 287
188 315
188 328
188 349
188 427
188 579
188 598
188 650
188 894
189 597
189 637
189 718
190 380
190 661
190 699
191 265
191 491
191 614
191 663
191 747
192 282
192 301
192 327
192 439
192 625
193 206
193 212
193 337
193 360
193 364
193 393
193 540
193 550
193 651
193 696
193 793
193 799
193 896
194 210
194 593
194 851
194 865
195 307
195 578
196 438
196 455
196 698
197 242
198 249
198 287
199 437
200 319
200 572
200 820
201 276
201 387
201 425
201 485
201 581
201 591
201 662
201 817
201 845
202 222
202 367
202 380
202 460
202 655
203 660
204 402
204 494
204 529
204 786
205 247
205 264
205 273
205 332
205 365
205 576
206 283
206 610
207 282
207 286
207 373
207 475
207 615
208 262
208 444
208 883
209 229
209 574
209 676
210 481
210 576
210 658
210 837
210 876
211 223
211 254
211 271
211 327
211 398
211 464
211 476
211 716
211 765
212 275
212 355
212 407
212 691
213 390
214 335
214 420
214 422
214 534
214 887
216 301
216 308
216 407
216 483
216 711
217 418
217 584
217 820
217 825
218 245
218 413
218 549
218 840
219 309
219 322
219 375
219 393
219 417
219 885
220 265
220 267
220 292
220 356
220 384
220 435
220 480
220 539
220 665
220 832
221 252
221 499
221 512
221 622
221 635
221 742
224 272
224 507
224 584
224 634
224 664
224 707
224 806
225 244
225 381
226 330
226 406
226 464
226 565
227 254
227 755
227 894
229 247
229 374
229 401
229 558
229 643
229 754
230 540
230 608
231 554
231 670
231 757
232 368
233 667
233 737
233 858
234 743
235 296
235 372
235 459
235 484
235 708
235 731
236 389
237 491
238 310
238 362
238 500
238 556
238 769
240 293
240 534
240 587
240 703
240 731
241 749
241 840
242 634
242 797
243 588
243 755
244 329
244 418
244 595
244 891
245 463
245 577
246 823
247 295
247 353
247 446
247 458
247 488
248 829
250 501
250 512
250 818
250 860
250 876
251 269
251 429
251 502
252 651
253 261
253 468
253 681
254 714
255 387
255 608
255 656
256 401
256 543
259 562
259 647
259 748
260 772
261 302
262 745
263 320
263 340
263 569
263 706
263 879
264 430
264 433
264 594
264 684
264 734
264 735
264 796
265 276
265 871
265 873
266 336
266 457
266 488
266 754
267 340
267 341
267 360
267 444
267 681
267 706
269 323
269 509
270 532
270 824
270 845
271 279
271 315
271 419
271 473
271 489
272 505
274 325
274 361
274 390
274 468
274 632
274 687
274 789
274 874
275 306
275 473
275 538
275 833
275 883
276 343
276 429
276 492
276 516
276 596
276 843
277 283
277 378
277 425
277 431
278 396
278 494
278 688
282 474
283 339
283 775
284 348
284 412
284 680
285 298
285 637
285 766
286 441
286 635
287 444
288 530
288 575
288 754
289 389
289 633
290 426
290 593
291 679
291 682
291 727
291 778
292 403
292 520
292 769
292 849
293 726
293 801
294 620
295 346
295 530
298 572
298 613
299 324
300 311
300 335
300 462
301 497
301 694
302 430
303 370
303 419
303 531
303 819
303 839
303 886
304 411
304 543
304 677
304 852
305 528
305 605
305 757
306 408
306 523
306 584
306 716
307 366
307 421
308 386
308 878
312 562
313 629
313 776
315 446
315 589
315 768
315 769
315 813
316 461
316 612
316 680
318 332
318 378
318 758
318 853
318 875
319 440
319 726
319 739
319 884
321 342
321 652
321 710
321 847
322 626
323 347
323 377
323 652
325 515
325 520
326 344
326 900
328 368
329 808
329 896
330 409
331 357
331 432
331 563
331 651
331 712
331 748
331 763
331 818
333 362
333 423
333 598
333 663
333 790
333 851
334 352
334 469
334 848
336 620
336 902
338 353
338 487
339 341
339 410
339 517
341 454
342 572
342 598
343 358
343 478
343 573
343 609
343 675
344 414
346 678
346 820
348 361
348 604
348 866
349 377
349 683
350 405
350 415
350 434
350 507
350 573
350 846
351 385
351 514
352 579
353 359
353 441
353 544
353 776
354 356
354 731
354 789
355 697
355 782
356 815
357 446
357 645
357 852
357 865
358 517
359 834
360 438
360 536
360 538
361 649
364 369
364 591
364 701
365 724
365 823
365 851
365 880
366 597
366 693
367 724
368 790
368 850
368 870
370 589
370 874
371 470
371 477
371 514
371 599
371 778
372 453
372 673
372 765
373 523
373 531
373 751
374 429
377 666
377 700
377 711
379 519
379 657
381 394
381 450
381 556
381 614
381 637
381 682
381 694
382 775
382 782
382 866
383 569
385 580
385 631
385 746
387 687
390 762
392 416
393 503
393 638
393 830
397 454
397 715
398 453
399 661
399 705
400 452
401 502
401 645
402 646
402 718
405 791
405 807
406 560
406 838
407 904
409 443
409 638
410 511
410 528
410 550
410 599
410 612
410 814
411 568
413 707
415 619
416 526
417 568
418 799
419 430
419 555
419 763
420 439
420 448
420 655
421 439
421 485
421 690
426 464
426 561
426 708
427 437
429 672
429 777
429 907
433 471
433 522
433 583
433 653
433 718
434 774
436 800
436 832
437 506
437 703
439 507
440 687
441 890
442 670
444 646
444 861
446 553
446 839
449 619
451 459
451 476
451 619
452 804
453 704
453 723
454 462
454 511
455 512
455 701
455 792
457 735
457 783
458 468
458 518
458 587
460 533
461 587
461 847
462 659
462 703
464 515
464 555
464 750
464 787
466 756
467 899
468 531
471 624
472 537
472 600
472 649
472 885
473 505
474 799
474 880
476 597
478 490
479 521
479 561
479 691
479 762
481 869
482 729
482 907
483 884
484 525
484 548
484 649
484 699
485 570
485 734
485 784
488 856
489 515
489 571
489 631
491 609
492 645
492 686
493 552
493 733
494 557
494 677
494 892
497 793
498 741
499 728
500 902
501 680
501 889
503 586
503 837
504 580
504 644
504 770
507 544
507 564
507 729
508 582
512 650
513 803
513 842
514 534
517 892
521 625
521 868
522 590
522 802
525 527
526 745
528 696
529 564
529 625
529 817
531 855
532 542
532 642
532 785
533 573
538 578
538 798
538 825
538 899
540 571
540 705
540 730
542 552
546 836
552 683
554 583
554 761
557 772
558 807
559 621
559 888
563 642
564 838
566 632
567 752
567 897
571 658
571 710
574 606
574 803
575 669
575 694
576 678
581 859
584 643
585 675
585 717
585 742
586 653
586 693
587 877
587 898
588 714
589 641
590 594
592 816
597 610
601 626
602 613
602 705
604 824
605 871
607 674
609 849
609 891
614 786
614 804
616 673
621 627
621 686
623 654
624 775
625 712
625 800
627 759
629 777
630 723
637 648
638 685
640 743
640 807
641 666
641 749
642 704
644 898
646 827
647 674
649 870
650 767
651 674
653 791
655 686
656 890
657 844
659 854
671 766
671 906
672 809
673 788
674 692
682 873
685 696
685 707
685 728
685 874
689 702
690 833
698 779
698 822
700 826
707 773
709 745
710 781
717 907
721 816
726 728
726 744
727 732
727 738
729 753
730 741
735 826
735 862
735 881
738 760
738 848
738 862
739 872
740 821
747 846
751 889
754 888
761 766
763 823
772 803
773 806
773 877
774 905
793 872
794 839
802 882
813 856
820 841
821 861
823 860
826 845
831 855
837 878
841 856
850 882
852 900
881 895
