0 1
0 2
0 3
0 4
0 5
0 6
0 7
0 8
0 9
0 11
0 13
0 14
0 15
0 16
0 20
0 21
0 24
0 25
0 31
0 34
0 36
0 39
0 42
0 44
0 49
0 55
0 57
0 60
0 109
0 130
0 144
0 152
0 158
0 160
0 163
0 167
0 170
0 171
0 189
0 194
0 200
0 205
0 206
0 207
0 209
0 214
0 222
0 245
0 252
0 281
0 298
0 311
0 320
0 330
0 339
0 369
0 373
0 386
0 393
0 398
0 436
0 491
0 499
0 533
0 534
0 539
0 629
0 630
0 657
0 690
0 716
0 743
0 748
0 756
0 770
0 775
0 777
0 779
0 814
0 833
0 856
0 905
0 913
0 971
1 4
1 6
1 19
1 36
1 67
1 88
1 91
1 97
1 103
1 182
1 238
1 320
1 378
1 445
1 488
1 494
1 553
1 589
1 613
1 919
1 923
1 932
2 9
2 10
2 12
2 20
2 27
2 29
2 40
2 45
2 55
2 69
2 76
2 96
2 149
2 182
2 220
2 221
2 241
2 262
2 271
2 285
2 334
2 376
2 502
2 515
2 547
2 596
2 630
2 683
2 706
2 708
2 761
2 772
2 808
2 918
3 4
3 5
3 10
3 15
3 20
3 26
3 32
3 38
3 78
3 115
3 119
3 150
3 178
3 199
3 203
3 209
3 226
3 234
3 265
3 292
3 295
3 305
3 342
3 357
3 381
3 472
3 567
3 622
3 721
3 722
3 797
3 808
3 869
3 910
3 924
3 928
3 967
4 5
4 7
4 9
4 11
4 17
4 25
4 27
4 40
4 41
4 47
4 50
4 52
4 59
4 61
4 64
4 80
4 84
4 98
4 114
4 128
4 129
4 150
4 233
4 246
4 276
4 279
4 289
4 307
4 310
4 331
4 367
4 396
4 432
4 467
4 495
4 541
4 558
4 649
4 742
4 852
4 871
4 910
4 957
5 6
5 8
5 10
5 11
5 12
5 13
5 17
5 18
5 22
5 23
5 26
5 29
5 30
5 33
5 70
5 71
5 74
5 81
5 88
5 89
5 92
5 102
5 107
5 121
5 138
5 159
5 174
5 176
5 190
5 195
5 256
5 315
5 316
5 324
5 339
5 358
5 421
5 423
5 434
5 449
5 465
5 476
5 489
5 522
5 530
5 544
5 545
5 549
5 576
5 591
5 601
5 604
5 609
5 628
5 660
5 667
5 744
5 818
5 827
5 908
5 952
5 953
5 957
5 959
5 989
6 7
6 8
6 14
6 17
6 21
6 23
6 25
6 30
6 33
6 36
6 47
6 57
6 65
6 72
6 85
6 91
6 106
6 110
6 113
6 116
6 118
6 149
6 153
6 181
6 183
6 184
6 186
6 258
6 260
6 263
6 277
6 281
6 283
6 298
6 333
6 339
6 346
6 347
6 350
6 351
6 363
6 375
6 379
6 380
6 397
6 426
6 450
6 456
6 504
6 509
6 516
6 519
6 528
6 529
6 542
6 571
6 575
6 582
6 588
6 753
6 759
6 764
6 841
6 857
6 868
6 870
6 871
6 887
6 897
6 898
6 899
6 931
6 941
6 1004
7 37
7 112
7 118
7 119
7 204
7 225
7 239
7 241
7 257
7 264
7 272
7 294
7 336
7 390
7 409
7 410
7 485
7 581
7 653
7 831
7 925
7 957
8 16
8 35
8 37
8 76
8 78
8 90
8 95
8 125
8 131
8 180
8 220
8 354
8 474
8 692
8 701
8 718
8 787
8 849
9 23
9 24
9 28
9 44
9 61
9 72
9 108
9 124
9 137
9 139
9 165
9 244
9 311
9 482
9 573
9 640
9 866
10 12
10 15
10 19
10 24
10 34
10 38
10 62
10 63
10 101
10 104
10 109
10 126
10 146
10 151
10 158
10 170
10 209
10 217
10 223
10 228
10 253
10 255
10 268
10 280
10 372
10 414
10 421
10 488
10 497
10 525
10 561
10 572
10 581
10 582
10 584
10 592
10 598
10 599
10 649
10 687
10 710
10 741
10 746
10 855
10 863
10 877
10 933
10 994
10 1019
11 13
11 53
11 66
11 83
11 90
11 94
11 146
11 161
11 172
11 190
11 193
11 198
11 273
11 285
11 298
11 396
11 421
11 433
11 446
11 531
11 544
11 545
11 549
11 554
11 585
11 644
11 680
11 748
11 756
11 840
11 976
11 979
11 1009
12 16
12 22
12 46
12 50
12 71
12 83
12 122
12 125
12 149
12 156
12 211
12 270
12 482
12 520
12 547
12 552
12 555
12 571
12 646
12 652
12 782
13 14
13 18
13 27
13 38
13 49
13 54
13 63
13 64
13 66
13 75
13 77
13 79
13 95
13 99
13 107
13 111
13 127
13 134
13 176
13 179
13 218
13 252
13 261
13 263
13 276
13 304
13 306
13 323
13 337
13 354
13 399
13 544
13 550
13 570
13 583
13 649
13 677
13 679
13 715
13 739
13 771
13 772
13 794
13 824
13 833
13 851
13 852
13 919
13 945
13 975
13 1014
14 22
14 28
14 41
14 42
14 52
14 56
14 60
14 83
14 87
14 100
14 150
14 189
14 213
14 220
14 230
14 239
14 244
14 278
14 322
14 348
14 368
14 395
14 397
14 414
14 449
14 566
14 583
14 585
14 603
14 611
14 781
14 783
14 816
14 820
14 875
14 892
14 917
14 997
15 18
15 19
15 28
15 34
15 39
15 41
15 46
15 53
15 58
15 59
15 62
15 79
15 84
15 93
15 95
15 101
15 143
15 151
15 170
15 171
15 186
15 207
15 217
15 222
15 225
15 242
15 271
15 293
15 309
15 325
15 328
15 342
15 354
15 403
15 427
15 428
15 430
15 458
15 467
15 471
15 476
15 509
15 584
15 642
15 655
15 743
15 794
15 889
15 904
15 937
16 195
16 380
16 660
16 687
16 689
16 703
17 21
17 33
17 92
17 97
17 100
17 148
17 206
17 229
17 245
17 255
17 303
17 327
17 338
17 355
17 504
17 574
17 588
17 612
17 671
17 684
17 688
17 722
17 844
17 955
17 972
17 996
18 460
18 908
19 31
19 85
19 151
19 215
19 366
19 543
19 601
19 666
19 808
19 824
19 855
19 888
20 39
20 69
20 74
20 80
20 113
20 165
20 178
20 227
20 235
20 240
20 242
20 251
20 279
20 376
20 457
20 472
20 513
20 575
20 639
20 702
20 796
20 952
20 1003
21 40
21 117
21 162
21 180
21 548
21 577
21 631
21 732
21 735
21 804
21 842
21 895
22 32
22 58
22 65
22 66
22 80
22 136
22 163
22 166
22 174
22 234
22 280
22 300
22 311
22 357
22 391
22 413
22 492
22 597
22 657
22 699
22 711
22 735
22 807
22 829
22 842
22 901
23 26
23 30
23 43
23 47
23 50
23 56
23 81
23 132
23 153
23 154
23 192
23 197
23 199
23 216
23 377
23 389
23 398
23 423
23 508
23 515
23 608
23 620
23 629
23 646
23 765
23 766
23 771
23 807
23 878
23 914
23 959
23 971
23 974
23 1006
24 48
24 104
24 105
24 131
24 263
24 278
24 286
24 335
24 520
24 527
24 555
24 605
24 669
24 679
24 798
24 877
24 915
24 935
24 983
24 987
25 31
25 51
25 54
25 58
25 69
25 75
25 122
25 138
25 155
25 160
25 219
25 231
25 236
25 317
25 492
25 613
25 683
25 697
25 698
25 711
25 847
25 859
25 869
25 1010
26 29
26 35
26 59
26 63
26 79
26 86
26 125
26 142
26 186
26 189
26 195
26 208
26 225
26 243
26 251
26 299
26 313
26 345
26 364
26 367
26 378
26 406
26 461
26 568
26 578
26 640
26 662
26 704
26 774
26 785
26 825
26 936
26 995
26 1012
27 32
27 143
27 389
27 396
27 546
27 624
27 625
28 45
28 48
28 164
28 168
28 171
28 306
28 643
28 662
29 56
29 65
29 115
29 120
29 173
29 191
29 308
29 326
29 404
29 413
29 507
29 556
29 596
30 91
30 174
30 224
30 249
30 295
30 344
30 360
30 405
30 420
30 452
30 537
30 560
30 628
31 44
31 46
31 103
31 204
31 278
31 416
31 610
31 638
31 639
31 872
31 936
32 42
32 43
32 67
32 68
32 136
32 201
32 316
32 331
32 365
32 388
32 415
32 418
32 451
32 453
32 458
32 806
32 813
32 822
32 900
32 942
33 130
33 144
33 214
33 224
33 307
33 334
33 338
33 352
33 424
33 434
33 574
33 580
33 627
33 634
33 805
33 866
33 943
33 984
34 35
34 73
34 926
35 37
35 76
35 88
35 138
35 168
35 439
36 51
36 99
36 106
36 146
36 167
36 181
36 191
36 208
36 285
36 288
36 325
36 347
36 400
36 417
36 712
37 67
37 70
37 117
37 226
37 367
37 374
37 975
38 49
38 99
38 104
38 111
38 140
38 147
38 157
38 266
38 274
38 282
38 387
38 508
38 635
38 636
38 639
38 663
38 698
38 737
38 813
38 829
39 45
39 60
39 124
39 172
39 177
39 188
39 250
39 450
39 503
39 538
39 720
39 894
39 987
40 82
40 96
40 267
40 269
40 582
40 672
40 714
41 84
41 134
41 201
41 257
41 676
41 890
41 904
42 43
42 55
42 70
42 97
42 98
42 166
42 207
42 210
42 221
42 377
42 757
42 944
42 974
42 1002
43 48
43 214
43 521
43 675
43 768
43 794
43 873
44 77
44 89
44 93
44 172
44 260
44 312
44 337
44 485
44 587
44 861
44 914
44 938
45 57
45 61
45 109
45 261
45 312
45 422
45 445
45 465
45 487
45 552
45 619
45 747
45 775
45 809
45 833
45 899
45 986
45 1021
46 53
46 68
46 145
46 213
46 307
46 430
46 432
46 696
46 962
47 52
47 94
47 120
47 129
47 147
47 148
47 155
47 211
47 312
47 343
47 358
47 370
47 419
47 462
48 72
48 154
48 284
48 376
48 595
48 878
48 890
48 961
49 51
49 74
49 86
49 107
49 126
49 237
49 244
49 288
49 299
49 333
49 340
49 583
49 918
49 926
50 148
50 764
50 996
51 73
51 139
51 166
51 185
51 199
51 273
51 409
51 446
51 541
51 543
51 621
51 719
51 936
52 123
52 226
52 230
52 248
52 293
52 388
52 444
52 497
52 518
52 601
52 630
52 826
53 54
53 108
53 178
53 306
53 762
53 902
53 953
54 101
54 112
54 136
54 212
54 240
54 248
54 253
54 387
54 594
54 596
54 645
54 853
55 427
55 897
55 921
56 133
56 156
56 238
56 436
56 513
56 519
56 628
56 1005
57 346
58 164
58 283
59 62
59 134
59 175
59 276
59 441
59 562
59 764
60 64
60 68
60 71
60 75
60 78
60 85
60 89
60 92
60 124
60 127
60 128
60 141
60 159
60 173
60 181
60 200
60 228
60 247
60 268
60 277
60 415
60 715
60 731
60 738
60 785
60 843
60 862
60 885
60 958
60 989
62 132
62 137
62 157
62 168
62 169
62 351
62 402
62 410
62 496
62 638
62 864
63 73
63 116
63 187
63 300
63 324
63 377
63 406
63 510
63 573
63 762
63 821
64 105
64 183
64 193
64 196
64 321
64 461
64 591
64 616
65 86
65 90
65 118
65 122
65 123
65 126
65 190
65 251
65 327
65 362
65 364
65 382
65 384
65 426
65 440
65 474
65 568
65 655
65 693
65 725
65 767
65 842
65 864
65 1013
66 130
66 212
66 412
66 499
66 513
66 560
66 586
66 595
66 618
66 638
66 690
66 729
66 776
67 517
67 532
67 537
67 545
67 635
67 662
67 729
67 750
67 908
67 1007
68 119
68 167
68 230
68 267
68 480
68 507
68 676
68 703
68 854
68 941
69 152
69 242
69 284
69 394
69 609
69 618
69 627
69 810
69 1014
69 1016
70 93
70 110
70 637
70 714
70 727
70 792
70 888
71 144
71 302
71 664
72 82
73 114
73 127
73 187
73 493
73 581
73 826
73 976
74 82
74 87
74 103
74 187
74 227
74 474
74 481
74 491
74 561
74 834
74 948
75 161
75 271
75 432
75 796
75 883
76 77
76 102
76 133
76 141
76 152
76 229
76 238
76 273
76 318
76 319
76 515
76 538
76 621
76 950
76 965
76 967
77 81
77 160
77 235
77 487
77 777
78 102
78 116
78 155
78 203
78 237
78 335
78 425
78 442
78 456
78 555
78 571
78 614
78 626
78 826
79 196
79 216
79 417
79 475
79 673
79 686
80 87
80 111
80 205
80 348
80 357
80 848
80 875
80 982
81 98
81 383
81 935
82 141
82 370
82 654
82 672
82 785
82 956
82 988
83 332
83 606
83 803
83 844
84 106
84 128
84 145
84 154
84 254
84 321
84 343
84 347
84 373
84 599
84 723
84 832
84 876
84 898
84 932
84 1012
85 264
85 453
85 664
86 249
86 259
86 523
87 192
87 294
87 342
87 349
87 407
87 434
87 500
87 658
87 772
87 789
87 1006
88 94
88 147
88 192
88 372
88 481
88 489
88 972
89 202
91 236
91 484
92 302
92 361
92 580
92 631
92 719
93 709
93 900
94 113
94 139
94 142
94 169
94 447
94 521
94 713
94 873
95 96
95 100
95 110
95 117
95 143
95 180
95 223
95 229
95 249
95 252
95 291
95 457
95 491
95 505
95 559
96 112
96 114
96 239
96 289
96 305
96 341
96 412
96 426
96 435
96 448
96 643
96 811
96 851
96 881
96 1009
97 179
97 368
97 402
97 467
97 858
97 930
97 948
98 215
98 372
98 451
98 512
98 861
99 156
99 161
99 165
99 185
99 459
99 475
99 625
99 744
99 789
99 809
99 906
100 121
100 183
100 274
101 329
101 518
101 523
101 563
101 786
102 120
102 135
102 142
102 481
102 567
102 626
102 725
102 754
102 769
102 845
102 951
103 235
103 264
103 470
103 659
103 710
104 105
104 237
104 241
104 479
105 157
105 198
105 343
105 350
105 490
105 516
105 648
105 990
106 108
106 378
106 629
107 202
107 352
107 439
108 123
108 137
108 197
108 215
108 221
108 297
108 473
108 484
108 498
108 845
108 939
109 368
109 405
109 569
109 739
109 747
109 862
110 140
110 164
110 269
110 346
110 415
110 506
110 556
110 597
110 727
110 752
111 131
111 135
111 224
111 457
111 525
111 536
111 924
112 313
112 389
112 437
112 726
113 255
113 295
113 382
113 392
113 891
114 115
114 321
114 706
114 964
115 300
115 315
115 361
115 530
115 818
115 837
115 897
116 479
116 668
116 796
118 135
118 250
118 288
118 363
118 413
118 440
119 121
119 162
119 176
119 184
119 272
119 275
119 483
119 505
119 546
119 557
119 567
119 652
119 679
119 695
119 721
119 734
119 799
119 863
119 916
119 933
119 977
120 275
120 341
120 736
121 712
122 140
122 173
122 446
122 511
122 854
123 153
123 344
123 402
123 745
124 194
124 266
124 373
124 543
124 578
124 619
124 633
124 753
124 847
124 905
125 290
125 392
125 454
125 572
126 198
126 791
128 129
128 202
128 287
128 740
128 846
128 910
129 182
130 133
130 250
130 293
130 330
130 600
130 828
130 1018
131 132
131 159
131 175
131 212
131 254
131 325
131 407
131 529
131 620
131 622
131 697
131 701
131 736
131 895
131 956
131 978
132 210
132 258
132 366
132 536
132 606
132 739
132 773
132 799
132 983
133 210
133 227
133 232
133 399
133 598
133 625
133 675
133 703
133 728
133 858
133 930
133 978
134 453
134 462
134 816
134 946
135 158
135 216
135 913
135 1013
136 196
136 232
136 647
137 326
137 502
137 664
137 677
137 892
137 906
138 272
138 538
138 642
138 780
138 984
139 303
139 470
139 598
139 829
139 883
139 924
140 145
140 254
140 284
140 313
140 379
140 464
140 622
140 699
140 754
140 788
140 875
141 533
141 661
141 784
141 980
142 179
142 231
142 247
142 262
142 304
142 331
142 394
142 553
142 725
142 813
142 856
143 231
143 558
143 623
143 705
144 302
144 430
144 616
144 666
144 831
146 286
146 315
146 729
146 810
146 822
146 929
146 1002
147 162
147 431
147 500
148 193
148 287
148 291
148 365
148 492
148 528
148 594
148 668
148 737
148 750
148 955
149 258
149 268
149 319
149 671
150 345
150 374
150 458
150 673
151 200
151 259
151 290
151 593
151 656
151 661
151 691
151 815
151 830
151 846
151 1005
152 262
152 330
152 355
152 715
154 769
154 900
155 257
155 265
155 269
155 328
155 417
155 419
155 461
155 539
155 592
155 634
155 747
155 767
155 930
155 944
155 983
156 188
156 384
156 632
156 641
156 682
156 755
156 778
157 163
157 486
157 742
157 892
157 901
158 233
158 256
158 259
158 336
158 476
158 488
158 519
158 665
158 727
158 945
158 964
159 204
159 275
159 286
159 296
159 369
159 416
159 644
159 665
159 723
159 907
159 952
159 985
160 169
160 323
160 681
161 175
161 353
161 939
162 184
162 208
162 536
162 576
162 603
163 245
163 438
163 943
164 177
164 741
164 776
164 956
165 191
165 213
165 323
165 574
165 607
165 667
165 853
166 211
166 282
166 362
166 394
166 531
166 710
166 713
166 773
168 188
168 232
168 267
168 341
168 443
168 500
168 866
168 914
169 194
169 460
169 497
170 266
170 326
170 463
171 246
171 314
171 329
171 405
171 439
171 442
172 299
172 308
172 322
172 340
172 438
172 468
172 535
172 602
172 728
172 740
172 783
172 881
173 243
173 370
173 408
173 472
173 510
173 540
173 766
173 788
174 292
175 177
175 185
175 383
175 411
175 444
175 733
175 887
175 954
175 1009
176 218
176 483
176 967
177 830
177 922
178 197
178 219
178 236
178 551
178 823
178 994
179 203
179 436
179 550
179 758
179 1010
180 549
180 848
181 469
181 724
181 923
182 336
182 349
182 403
182 657
182 681
182 825
183 222
183 369
183 381
183 408
183 521
183 890
183 991
184 217
184 274
184 404
184 505
184 642
185 301
185 328
185 333
185 387
185 407
185 411
185 422
185 438
185 471
185 790
185 860
185 873
185 998
186 201
186 495
187 296
187 382
187 393
187 759
190 385
190 388
190 422
190 590
190 889
190 994
191 205
191 206
191 363
191 477
191 524
191 570
191 643
191 734
191 782
191 843
191 880
192 424
192 448
192 653
192 759
193 234
193 358
193 392
193 448
193 605
193 607
193 655
193 801
193 806
193 911
194 223
194 327
194 623
194 800
194 911
195 260
195 419
195 992
196 218
196 466
197 489
198 322
198 846
198 991
199 304
199 379
199 420
199 589
200 308
200 420
200 554
200 566
200 819
201 896
201 915
202 233
202 546
202 561
202 590
202 990
203 535
203 579
204 261
204 803
204 1007
206 464
206 465
206 579
206 613
207 240
207 371
207 607
207 690
208 246
208 600
208 612
208 644
208 726
208 765
208 767
208 784
208 998
209 314
209 320
209 696
209 990
210 248
210 317
210 359
210 397
210 404
210 418
210 562
210 674
210 752
210 853
211 253
211 270
211 292
211 335
211 412
211 517
211 548
211 587
211 770
211 780
211 932
212 305
212 466
212 526
212 653
212 707
212 717
212 792
212 1011
213 366
213 399
213 682
213 689
214 609
214 749
214 760
214 791
215 219
216 297
216 539
216 697
217 704
217 939
217 965
218 247
218 294
218 348
218 352
219 478
220 277
220 783
220 797
221 427
221 535
221 696
222 228
222 314
222 359
222 401
222 537
222 541
222 554
222 560
222 654
222 709
222 865
222 1003
223 981
224 790
225 1005
226 283
226 486
227 280
227 736
228 355
228 512
228 576
228 606
228 979
229 281
229 282
229 301
229 337
229 553
229 604
229 674
229 768
229 836
229 929
230 395
230 411
230 428
230 880
231 817
232 356
232 365
232 475
232 675
233 510
234 460
234 940
235 375
235 677
235 787
236 243
236 416
236 540
236 730
236 743
236 986
237 647
237 713
237 755
237 777
238 310
238 471
238 631
238 669
240 518
241 804
241 838
241 963
241 969
242 520
243 733
244 303
244 524
244 534
244 663
244 934
244 961
245 435
245 557
245 827
245 840
246 309
246 317
246 334
246 408
246 441
246 478
246 693
246 869
246 898
247 290
247 573
247 624
247 884
248 265
248 883
248 998
249 371
250 809
251 711
251 789
252 256
252 463
252 527
252 695
252 839
252 880
253 442
253 522
253 577
253 978
254 670
254 953
255 291
256 270
256 297
257 511
257 586
259 287
259 437
259 720
259 806
260 455
260 487
260 681
261 386
261 676
261 836
261 884
262 349
262 362
263 279
263 872
264 344
264 564
264 614
264 684
265 310
265 610
266 356
266 443
266 514
266 551
266 589
266 594
266 656
266 730
266 775
266 837
267 319
267 359
267 444
267 577
267 1015
268 395
268 469
268 540
269 791
270 398
270 477
270 575
270 592
270 640
270 966
271 478
271 867
272 360
273 296
273 498
273 661
273 995
274 688
275 424
275 595
275 621
275 927
276 318
276 332
276 338
276 509
276 516
277 289
277 468
277 667
277 991
278 496
278 721
278 811
279 848
280 452
280 903
281 309
281 340
281 429
281 454
281 566
281 707
281 793
282 345
283 433
283 563
283 610
283 666
283 730
283 778
285 470
285 506
285 523
286 401
287 507
288 301
288 350
288 403
288 441
288 483
288 641
288 723
288 894
288 935
289 921
290 469
290 570
290 807
291 550
291 646
291 852
292 316
292 409
292 433
292 445
292 512
292 611
292 771
292 817
292 960
292 970
293 590
294 423
295 968
297 447
297 633
297 872
298 356
299 351
299 450
299 650
299 689
299 746
299 922
300 805
300 812
301 390
301 455
301 495
301 559
301 651
301 704
301 795
302 324
302 383
302 440
303 329
303 332
303 406
303 443
303 455
303 479
303 486
303 524
303 885
303 918
303 950
304 380
305 468
305 678
305 706
305 912
306 318
306 414
307 493
307 599
307 982
307 1014
308 375
310 849
310 885
311 425
311 632
311 650
311 651
311 895
312 353
312 752
312 761
312 762
312 891
313 593
313 1020
316 381
316 473
316 499
316 761
316 805
316 825
316 884
317 511
317 562
317 658
317 904
319 652
321 665
322 757
323 353
325 386
325 615
326 464
326 702
326 818
326 977
327 501
327 508
327 1021
329 364
329 493
329 687
329 763
330 802
330 943
331 385
332 393
332 528
333 360
333 798
333 800
333 803
334 671
334 886
334 976
335 686
335 1013
339 841
340 435
340 686
340 735
340 737
340 832
340 916
341 371
341 726
341 870
342 374
342 517
342 564
342 985
343 400
343 477
343 705
343 804
344 391
344 702
344 920
346 615
346 786
347 902
348 361
348 425
348 452
348 514
348 623
348 636
348 751
348 917
349 903
349 959
350 870
351 605
351 700
352 817
353 390
353 431
353 532
353 534
353 635
353 728
353 744
353 821
355 551
355 683
355 798
356 384
356 431
356 814
356 905
358 418
358 451
358 685
359 385
360 391
360 774
360 968
361 937
362 835
363 624
364 480
364 602
364 954
365 847
366 857
367 773
367 780
370 526
370 651
370 672
370 718
371 600
371 641
372 962
373 742
373 1008
374 506
374 779
374 849
377 637
378 691
380 400
381 547
381 718
381 719
383 797
383 916
383 949
385 714
385 748
385 973
385 999
387 692
387 973
388 498
389 410
389 459
389 611
389 812
389 966
390 617
390 756
390 877
391 401
391 612
392 557
393 466
393 645
393 750
393 951
393 963
395 615
395 965
396 529
396 558
396 626
396 828
396 868
396 1011
397 447
397 874
397 879
398 620
399 496
399 758
400 532
400 834
400 851
402 1000
403 822
404 530
404 934
405 428
405 449
406 917
407 754
407 820
407 1002
407 1007
409 618
410 831
412 656
413 931
415 556
415 973
415 1016
416 669
418 548
419 745
419 778
420 903
421 429
421 584
421 896
421 926
422 503
422 542
422 587
423 565
425 429
425 633
425 670
425 997
426 514
427 881
428 494
428 502
428 616
430 437
431 787
433 454
433 564
433 940
437 938
437 997
439 459
439 463
439 480
439 732
439 749
440 484
440 700
440 927
441 893
443 473
443 490
443 533
443 597
443 763
444 876
445 456
445 503
445 980
445 1001
446 722
447 482
449 634
450 731
450 977
451 717
451 865
452 707
454 882
456 912
457 462
457 760
457 815
457 819
457 946
458 501
458 674
459 746
459 909
460 879
461 485
461 670
461 709
461 769
461 795
463 542
463 753
464 678
464 712
466 654
467 832
467 923
471 531
472 501
473 588
473 933
475 617
475 928
477 490
477 608
478 688
479 941
480 886
480 887
480 993
481 565
481 920
482 724
484 751
485 494
485 906
487 963
488 659
488 749
489 525
490 972
490 988
491 810
491 1019
492 608
493 741
496 578
498 701
498 845
498 857
499 720
499 858
499 907
499 947
501 565
501 835
502 504
503 738
504 522
505 934
506 527
506 559
509 563
515 648
516 770
517 604
519 568
519 648
519 981
520 526
520 569
520 836
520 1021
522 694
523 1006
528 695
528 698
529 814
530 850
532 989
533 860
534 763
534 800
537 691
539 1003
540 738
540 782
542 863
543 632
543 781
543 888
546 552
546 658
546 823
547 673
548 614
549 569
549 647
549 699
549 970
554 921
556 572
556 593
558 693
559 682
560 876
560 893
561 899
563 645
564 580
564 942
565 603
565 828
566 821
567 663
568 931
571 788
572 954
573 617
573 716
573 812
574 591
575 579
575 732
577 585
577 949
578 694
578 774
578 958
578 1019
578 1020
579 602
580 586
581 768
583 945
584 969
587 766
590 838
590 920
590 925
591 660
591 781
591 844
591 854
593 1008
596 659
596 784
596 951
597 961
601 636
602 755
604 637
604 795
605 948
605 962
606 815
607 793
608 692
608 871
609 650
609 700
610 765
610 811
610 980
611 891
614 837
615 685
615 841
615 999
616 685
616 974
616 1016
617 619
617 902
618 716
618 867
619 627
623 856
625 668
625 708
625 717
625 824
625 1018
626 758
627 840
627 886
628 705
630 694
631 751
633 878
635 680
637 734
642 786
644 731
644 757
645 801
651 968
654 839
656 680
656 733
657 802
657 958
661 1010
663 745
668 708
669 760
670 724
672 850
672 855
672 874
675 882
675 955
676 678
676 684
676 993
677 882
679 802
681 838
681 912
682 950
685 1001
686 792
686 867
688 975
692 740
694 1000
696 793
696 830
697 827
697 894
699 938
700 874
704 1000
709 861
711 1011
715 862
717 776
718 839
723 823
728 949
731 779
731 940
734 790
735 909
739 843
739 1017
742 1015
743 929
746 1004
747 799
747 816
748 970
748 986
749 889
749 982
750 819
750 820
750 834
751 865
753 992
755 801
759 850
760 864
764 919
768 942
768 947
771 893
775 947
777 879
778 911
781 859
783 1001
785 907
790 860
795 1015
797 859
797 981
800 969
802 915
809 835
820 896
821 913
821 964
826 960
827 992
829 946
831 909
839 927
841 995
842 868
849 922
865 988
868 944
868 971
873 901
888 1018
905 928
905 1004
908 1012
916 993
920 937
921 925
921 966
925 979
926 1008
934 1017
938 984
938 987
940 999
945 960
946 985
968 1017
968 1020
991 996
