0 1
0 2
0 3
0 4
0 5
0 7
0 10
0 11
0 13
0 22
0 23
0 36
0 39
0 41
0 43
0 49
0 51
0 55
0 58
0 62
0 85
0 94
0 116
0 117
0 134
0 150
0 151
0 165
0 168
0 189
0 190
0 196
0 202
0 211
0 215
0 218
0 219
0 239
0 243
0 257
0 267
0 277
0 279
0 313
0 319
0 353
0 424
0 425
0 428
0 429
0 444
0 457
0 461
0 468
0 522
0 527
0 533
0 546
0 551
0 555
0 560
0 562
0 650
0 657
0 680
0 691
0 769
0 824
0 856
0 878
0 910
0 922
1 4
1 5
1 6
1 7
1 8
1 9
1 14
1 15
1 16
1 24
1 26
1 27
1 32
1 38
1 41
1 45
1 46
1 60
1 62
1 63
1 70
1 85
1 91
1 103
1 105
1 106
1 136
1 147
1 161
1 162
1 181
1 183
1 192
1 222
1 233
1 246
1 268
1 270
1 275
1 301
1 318
1 322
1 327
1 374
1 384
1 398
1 402
1 421
1 435
1 438
1 464
1 485
1 504
1 507
1 514
1 528
1 550
1 551
1 560
1 603
1 642
1 648
1 650
1 657
1 660
1 666
1 674
1 707
1 786
1 823
1 850
1 875
1 877
1 883
1 911
1 921
2 6
2 10
2 12
2 15
2 20
2 23
2 33
2 35
2 39
2 50
2 68
2 83
2 88
2 89
2 90
2 95
2 96
2 99
2 104
2 107
2 108
2 163
2 166
2 178
2 187
2 236
2 262
2 305
2 334
2 338
2 372
2 555
2 558
2 585
2 712
2 721
2 766
2 798
2 913
3 4
3 11
3 13
3 14
3 18
3 28
3 44
3 77
3 80
3 87
3 99
3 101
3 172
3 180
3 185
3 190
3 234
3 276
3 285
3 292
3 296
3 498
3 516
3 528
3 581
3 623
3 693
3 805
3 860
3 900
3 913
4 5
4 6
4 7
4 8
4 9
4 11
4 18
4 19
4 25
4 27
4 31
4 34
4 36
4 37
4 44
4 54
4 56
4 57
4 58
4 72
4 74
4 75
4 94
4 98
4 109
4 117
4 149
4 158
4 160
4 165
4 173
4 181
4 188
4 193
4 205
4 209
4 221
4 223
4 229
4 259
4 268
4 283
4 294
4 307
4 339
4 343
4 345
4 347
4 350
4 372
4 384
4 394
4 413
4 443
4 451
4 463
4 473
4 485
4 501
4 508
4 554
4 578
4 584
4 608
4 612
4 634
4 635
4 664
4 701
4 719
4 737
4 778
4 796
4 811
4 858
4 859
4 875
4 892
4 909
4 926
4 936
5 8
5 9
5 12
5 31
5 34
5 46
5 50
5 53
5 92
5 104
5 126
5 177
5 180
5 181
5 203
5 207
5 216
5 262
5 264
5 313
5 322
5 348
5 416
5 446
5 448
5 463
5 513
5 573
5 592
5 691
5 702
5 739
5 802
5 818
6 12
6 14
6 15
6 29
6 43
6 79
6 86
6 101
6 114
6 172
6 206
6 214
6 272
6 317
6 353
6 382
6 394
6 417
6 454
6 477
6 532
6 546
6 561
6 712
6 831
6 895
6 937
7 25
7 33
7 47
7 48
7 70
7 76
7 82
7 100
7 102
7 106
7 137
7 157
7 168
7 188
7 199
7 295
7 324
7 341
7 377
7 412
7 414
7 447
7 489
7 490
7 525
7 578
7 580
7 617
7 626
7 633
7 752
7 920
8 10
8 17
8 24
8 38
8 69
8 75
8 91
8 126
8 251
8 270
8 278
8 351
8 376
8 493
8 531
8 762
8 783
8 793
8 827
8 870
9 19
9 30
9 31
9 35
9 47
9 61
9 68
9 72
9 78
9 83
9 98
9 113
9 124
9 128
9 137
9 139
9 147
9 154
9 155
9 182
9 186
9 193
9 203
9 229
9 254
9 280
9 359
9 489
9 529
9 593
9 603
9 643
9 685
9 770
9 771
9 840
9 852
9 936
10 13
10 16
10 17
10 19
10 42
10 52
10 59
10 60
10 64
10 69
10 70
10 87
10 140
10 148
10 221
10 266
10 302
10 332
10 460
10 484
10 539
10 583
10 588
10 595
10 638
10 669
10 742
10 744
10 800
10 852
11 21
11 24
11 26
11 27
11 37
11 41
11 52
11 56
11 63
11 204
11 224
11 226
11 290
11 371
11 408
11 503
11 507
11 518
11 612
11 642
11 673
11 687
11 720
11 774
11 786
11 850
11 879
11 931
12 16
12 17
12 28
12 37
12 45
12 114
12 127
12 149
12 164
12 175
12 240
12 295
12 310
12 339
12 406
12 416
12 423
12 486
12 557
12 587
12 811
12 910
13 18
13 44
13 48
13 67
13 133
13 166
13 221
13 241
13 401
13 679
13 705
13 754
13 808
13 817
13 878
14 20
14 23
14 66
14 75
14 81
14 127
14 142
14 171
14 176
14 195
14 197
14 238
14 272
14 286
14 385
14 393
14 396
14 424
14 425
14 524
14 543
14 559
14 600
14 752
14 853
14 860
14 883
15 21
15 26
15 29
15 33
15 39
15 40
15 49
15 53
15 69
15 82
15 122
15 158
15 160
15 171
15 212
15 240
15 242
15 264
15 265
15 283
15 312
15 318
15 334
15 350
15 422
15 438
15 454
15 515
15 550
15 589
15 656
15 722
15 780
15 845
15 884
15 893
16 85
16 116
16 138
16 150
16 293
16 374
16 443
16 488
16 511
16 656
17 22
17 32
17 48
17 57
17 58
17 67
17 76
17 78
17 81
17 86
17 87
17 88
17 92
17 94
17 100
17 106
17 109
17 136
17 139
17 143
17 175
17 176
17 205
17 207
17 227
17 260
17 273
17 324
17 327
17 336
17 350
17 354
17 374
17 381
17 399
17 414
17 437
17 459
17 460
17 461
17 512
17 523
17 564
17 647
17 652
17 655
17 724
17 739
17 763
17 788
17 830
17 858
17 866
17 877
18 21
18 22
18 30
18 40
18 42
18 52
18 65
18 74
18 124
18 143
18 162
18 187
18 237
18 249
18 263
18 269
18 291
18 329
18 364
18 421
18 427
18 453
18 459
18 470
18 500
18 508
18 517
18 538
18 542
18 553
18 567
18 569
18 620
18 624
18 791
18 925
19 20
19 32
19 49
19 55
19 59
19 61
19 83
19 84
19 93
19 103
19 159
19 173
19 185
19 187
19 201
19 230
19 247
19 316
19 318
19 375
19 452
19 479
19 481
19 554
19 632
19 636
19 646
19 653
19 825
19 843
19 864
19 896
19 919
20 38
20 62
20 73
20 97
20 111
20 135
20 140
20 176
20 192
20 238
20 245
20 255
20 265
20 369
20 492
20 525
20 550
20 562
20 600
20 701
20 792
20 912
21 35
21 56
21 71
21 110
21 309
21 523
21 610
21 821
22 36
22 40
22 51
22 57
22 60
22 105
22 116
22 120
22 121
22 128
22 129
22 208
22 213
22 250
22 260
22 269
22 288
22 320
22 377
22 479
22 528
22 574
22 580
22 601
22 641
22 654
22 659
22 796
22 813
22 859
22 867
22 909
22 929
23 25
23 82
23 100
23 144
23 202
23 309
23 341
23 738
24 47
24 53
24 66
24 90
24 113
24 148
24 228
24 278
24 343
24 395
24 404
24 411
24 575
24 695
24 730
24 734
24 810
24 847
24 896
25 28
25 30
25 45
25 46
25 97
25 119
25 120
25 128
25 180
25 207
25 306
25 326
25 473
25 486
25 586
25 624
25 651
25 757
25 921
26 197
26 199
26 394
26 638
26 677
26 749
27 29
27 67
27 98
27 626
28 183
28 391
28 745
28 767
28 791
28 832
28 851
29 42
29 61
29 130
29 152
29 153
29 156
29 200
29 223
29 245
29 247
29 254
29 279
29 282
29 297
29 349
29 364
29 401
29 434
29 442
29 481
29 487
29 619
29 729
29 815
29 840
30 164
30 165
30 192
30 567
30 787
30 837
31 54
31 143
31 189
31 249
31 322
31 379
31 469
31 615
31 780
31 792
31 854
31 871
32 93
32 118
32 154
32 164
32 186
32 244
32 255
32 274
32 286
32 388
32 421
32 502
32 503
32 698
32 787
33 34
33 64
33 73
33 74
33 88
33 91
33 97
33 125
33 141
33 315
33 345
33 401
33 490
33 531
33 569
33 938
34 65
34 96
34 133
34 142
34 210
34 260
34 282
34 296
34 368
34 623
34 818
35 474
35 513
35 515
35 685
35 846
36 110
36 131
36 144
36 156
36 204
36 288
36 305
36 388
36 631
36 670
36 765
36 838
36 854
36 874
37 72
37 73
37 86
37 114
37 150
37 156
37 167
37 328
37 520
37 575
37 587
37 693
38 66
38 200
38 212
38 245
38 272
38 298
38 767
39 43
39 51
39 92
39 105
39 134
39 140
39 218
39 230
39 268
39 378
39 696
39 893
39 911
40 54
40 71
40 77
40 232
40 269
40 294
40 304
40 371
40 440
40 465
40 500
40 584
40 807
41 110
41 178
41 211
41 239
41 276
41 683
41 809
41 897
42 135
42 149
42 194
42 377
42 428
42 444
42 709
42 713
42 806
42 823
42 871
43 68
43 123
43 125
43 130
43 138
43 145
43 241
43 303
43 349
43 379
43 430
43 455
43 475
43 495
43 510
43 675
43 769
43 779
44 115
44 124
44 142
44 191
44 194
44 261
44 293
44 521
44 790
44 815
44 905
45 123
45 130
45 132
45 226
45 289
45 321
45 471
45 490
45 512
45 659
45 721
46 50
46 81
46 89
46 101
46 108
46 129
46 155
46 252
46 278
46 292
46 370
46 418
46 518
46 616
46 733
46 738
46 824
46 917
46 927
46 939
47 186
47 244
47 396
47 553
47 828
47 906
48 119
48 170
48 471
48 477
48 493
48 806
49 602
49 748
50 184
50 355
50 412
50 609
50 748
50 750
50 796
51 55
51 119
51 577
52 216
52 232
52 251
52 255
52 294
52 383
52 546
52 593
52 681
52 770
52 839
53 122
53 356
53 429
53 453
53 623
53 888
53 932
53 937
54 65
54 78
54 95
54 188
54 273
54 419
54 581
54 736
54 856
54 863
54 870
55 59
55 80
55 84
55 102
55 115
55 275
55 342
55 373
55 699
56 63
56 123
56 155
56 183
56 250
56 271
56 308
56 330
56 351
56 358
56 383
56 393
56 409
56 478
56 498
56 548
56 659
56 750
56 755
56 760
56 804
56 808
56 812
56 888
57 84
57 198
57 300
57 543
57 571
57 624
57 696
57 715
58 238
58 453
58 571
58 820
59 112
59 151
59 200
59 456
59 458
59 473
59 583
59 730
59 783
59 812
59 912
60 77
60 104
60 168
60 636
60 721
60 753
60 886
61 64
61 117
61 154
61 239
62 71
62 131
62 189
62 190
62 197
62 248
62 297
62 317
62 331
62 446
62 560
62 686
62 800
62 826
62 873
62 916
63 108
63 115
63 159
63 361
63 366
63 369
64 80
64 321
64 407
64 625
64 763
65 111
65 607
65 889
66 90
66 103
66 107
66 109
66 326
66 347
66 389
66 733
66 802
67 225
67 348
67 500
67 915
68 311
69 173
69 263
69 317
69 369
69 671
69 776
69 905
70 376
70 549
70 821
71 76
71 79
71 111
71 137
71 161
71 247
71 319
71 324
71 352
71 542
71 552
71 588
71 738
72 93
72 118
72 120
72 151
72 220
72 303
72 329
72 335
72 355
72 400
72 491
72 674
72 687
72 710
72 801
73 89
73 159
73 579
73 648
73 937
74 127
75 179
75 342
75 447
75 606
75 621
75 627
76 112
76 242
76 259
76 336
76 582
77 79
77 99
77 107
77 134
77 162
77 170
77 307
77 378
77 392
77 404
77 506
77 676
77 735
77 809
77 877
77 923
78 96
78 184
78 235
78 253
78 385
78 566
79 153
79 171
79 387
79 526
80 389
80 465
80 530
82 193
82 218
82 266
82 382
82 461
82 599
82 728
83 169
83 286
83 302
83 422
83 514
83 790
85 174
85 279
85 337
85 381
85 423
85 590
85 667
85 705
85 846
85 938
86 125
86 282
86 285
86 436
86 447
87 210
87 442
87 547
87 922
87 940
88 576
89 132
89 136
89 158
89 243
89 363
89 413
89 534
89 693
89 789
89 862
90 95
90 102
90 113
90 157
90 284
90 504
90 633
90 680
90 746
90 840
90 871
91 198
91 289
91 309
91 576
91 579
91 669
91 711
91 934
92 198
92 271
92 331
92 397
92 432
92 932
93 170
93 392
93 586
93 594
93 850
93 926
94 174
94 256
94 410
94 432
94 449
94 505
94 554
94 597
94 602
94 874
94 918
95 118
95 133
95 182
95 281
95 283
95 314
95 323
95 340
95 371
95 383
95 390
95 409
95 428
95 861
96 213
96 223
96 444
96 660
96 725
97 121
97 258
97 305
97 576
97 631
98 191
98 480
99 191
99 194
99 662
99 831
100 112
100 184
100 220
100 229
100 236
100 281
100 319
100 354
100 414
100 419
100 907
101 211
101 497
101 604
101 645
101 744
101 764
101 810
102 121
102 622
102 760
102 773
102 929
103 141
103 266
103 733
104 295
104 362
104 416
104 570
104 646
104 663
104 726
104 747
104 807
105 131
105 146
105 257
105 325
105 326
105 341
105 419
105 451
105 514
105 568
105 589
105 770
105 925
106 141
106 772
107 126
107 395
107 415
107 433
107 618
107 736
107 747
107 844
108 122
108 132
108 196
108 208
108 464
108 902
109 145
109 147
109 203
109 315
109 346
109 365
109 380
109 467
109 498
109 521
109 604
109 766
109 783
109 795
109 855
109 924
111 166
111 420
111 600
111 607
111 627
111 757
111 849
112 338
112 609
112 671
113 169
113 261
113 287
113 299
113 335
113 343
114 135
114 153
114 237
114 256
114 658
114 780
115 169
115 174
115 224
115 227
115 311
115 316
115 476
115 637
115 664
116 219
116 222
116 544
116 682
116 903
117 182
117 199
118 370
118 502
118 535
118 807
119 210
119 242
119 273
119 373
119 529
119 705
119 836
119 887
120 144
120 213
120 345
120 523
120 613
120 697
120 726
120 764
120 794
120 795
120 814
120 838
121 157
121 337
121 532
121 563
121 698
121 731
121 743
122 230
122 868
122 935
123 161
123 298
123 678
124 236
124 280
124 727
124 777
124 933
125 129
125 625
125 841
125 906
127 244
127 441
127 829
127 855
128 311
128 339
128 434
128 762
129 225
129 411
129 605
129 713
129 898
130 454
131 146
131 148
131 177
131 233
131 234
131 258
131 387
131 549
131 632
131 645
131 846
131 876
132 177
133 145
133 152
133 616
133 860
134 259
134 405
134 499
134 557
134 649
134 742
134 811
135 138
135 139
135 456
135 474
135 551
136 292
136 367
137 146
138 402
138 412
138 422
138 476
138 539
138 581
138 667
138 902
139 293
139 548
139 625
139 635
139 704
139 778
140 366
140 427
140 435
140 587
140 592
140 620
140 804
140 819
140 885
141 178
141 390
141 403
141 426
141 432
141 509
141 536
141 653
141 813
141 822
141 849
142 243
142 288
142 333
142 351
142 362
142 370
142 427
142 483
142 710
143 205
143 254
143 287
143 520
144 152
144 258
144 405
145 214
145 222
145 755
145 803
145 918
146 726
146 916
148 179
148 204
148 250
148 436
148 561
148 697
148 752
148 875
149 323
149 358
149 403
149 449
149 797
149 843
149 910
150 209
150 212
150 321
150 363
150 415
150 448
150 464
150 505
150 580
150 611
150 616
150 712
150 716
150 798
150 842
150 890
150 914
150 938
151 201
151 386
151 582
152 246
152 248
152 267
152 607
153 160
153 163
153 358
153 527
153 536
153 644
153 727
154 425
154 511
154 543
154 573
154 577
154 765
155 179
155 231
155 298
155 526
155 590
155 763
156 270
156 407
156 445
156 478
157 405
157 566
157 569
157 681
157 922
158 163
158 297
158 901
158 939
159 215
159 364
159 455
159 480
159 509
159 558
159 781
160 172
160 208
160 301
160 330
160 347
160 352
160 362
160 433
160 446
160 511
160 678
160 706
160 716
161 375
163 167
163 224
163 306
163 398
164 209
164 716
164 915
165 167
165 368
165 392
165 451
165 895
166 380
166 640
167 201
167 333
167 338
167 749
168 314
168 331
168 773
168 865
168 870
169 175
169 206
169 231
169 251
169 302
169 410
169 468
169 494
169 537
169 707
170 185
170 265
171 202
171 231
171 352
171 353
171 732
171 754
171 935
172 219
172 280
172 327
172 562
172 586
172 628
172 629
172 692
172 768
172 868
172 915
173 836
174 373
175 276
175 308
175 637
176 195
176 328
176 356
176 788
176 837
176 841
177 359
177 559
177 649
177 746
177 771
177 832
178 277
178 391
178 613
179 226
179 248
179 590
179 802
180 378
180 658
181 271
181 440
181 732
181 758
182 665
182 751
183 384
184 629
185 216
185 284
185 452
185 485
185 636
185 723
185 743
186 195
186 299
186 337
186 372
186 442
186 463
186 545
186 548
187 524
188 196
188 227
188 228
188 240
188 241
188 300
188 349
188 399
188 466
188 487
188 652
188 688
188 777
188 894
188 931
189 385
190 261
190 521
190 816
191 234
191 284
191 522
191 617
191 782
191 879
192 315
192 429
192 439
192 547
192 695
192 890
193 217
193 306
193 323
193 361
193 406
193 609
193 872
194 376
194 899
195 431
195 614
196 289
196 328
196 391
196 894
198 206
198 232
198 393
198 494
198 583
198 834
199 214
199 252
200 654
200 890
201 420
202 215
202 220
202 628
202 650
202 772
202 872
203 257
203 480
203 553
203 620
204 274
204 304
204 375
204 439
204 488
204 496
204 499
205 363
205 542
205 589
205 744
206 246
206 438
207 380
207 424
208 686
208 925
209 228
209 290
209 291
209 477
209 483
209 603
209 634
209 640
209 773
209 784
210 256
210 441
210 499
210 584
210 597
210 833
211 217
211 365
211 466
212 217
212 263
212 281
212 399
212 756
213 235
213 443
213 484
215 407
215 732
215 863
216 237
216 403
216 433
216 706
216 735
217 340
217 544
217 606
218 225
218 310
218 479
218 591
218 658
218 827
218 841
218 862
218 908
219 644
220 285
221 310
221 518
223 497
223 806
224 249
224 274
224 494
224 653
224 722
224 940
226 252
226 359
226 611
226 665
227 344
227 540
227 647
227 737
227 828
228 367
228 471
228 474
228 666
228 724
228 827
229 354
229 599
229 728
230 360
230 572
230 595
230 604
230 740
230 830
230 907
231 233
231 235
231 303
231 452
231 709
231 761
231 775
232 290
232 534
232 629
232 847
233 368
233 386
233 702
235 596
235 598
236 253
236 262
236 320
236 445
236 513
236 558
236 676
236 722
237 810
238 267
238 714
239 300
239 344
240 430
240 506
240 654
241 307
241 332
241 381
241 565
241 610
241 767
241 814
241 911
242 690
243 299
243 508
243 536
243 579
243 778
243 834
245 878
246 253
246 688
247 534
247 691
247 932
248 277
248 340
248 835
248 889
248 908
250 475
250 837
251 472
251 700
252 296
252 316
252 682
253 312
253 619
253 675
254 468
255 628
255 701
255 834
256 397
256 504
257 348
257 568
257 646
257 798
257 904
258 332
258 844
259 649
260 402
260 430
260 450
260 565
260 753
260 852
261 264
261 330
261 488
261 873
261 885
262 275
262 320
262 544
262 617
262 708
263 492
263 538
264 457
265 291
265 336
265 662
265 876
267 564
267 615
268 799
270 389
270 445
271 346
271 519
271 588
271 737
272 314
272 435
273 457
274 672
275 304
275 365
275 431
275 437
275 525
275 619
276 325
276 342
276 505
276 517
276 670
276 794
277 287
277 400
277 886
278 493
278 591
278 702
281 325
281 703
282 361
282 740
283 312
283 410
283 799
285 367
285 470
286 301
286 344
286 355
286 466
286 503
286 519
286 630
286 857
287 418
287 564
287 578
287 605
287 683
287 697
287 820
287 899
287 924
288 448
288 572
289 598
290 699
291 735
291 742
291 849
292 472
292 655
293 409
293 470
293 532
294 404
294 921
295 308
295 502
296 313
296 413
296 717
296 729
296 895
297 459
301 360
301 469
301 641
301 687
301 785
301 813
301 926
302 334
303 469
303 605
303 664
304 366
304 676
304 800
304 893
305 896
306 754
308 460
308 891
309 510
311 491
311 524
311 614
312 626
312 729
312 768
312 779
313 723
314 638
314 762
315 439
315 923
319 450
319 615
319 672
320 657
320 695
320 699
320 719
323 360
323 436
323 805
324 329
325 637
325 704
325 901
327 333
327 831
327 933
328 670
330 582
331 621
332 720
332 822
333 516
333 880
334 335
335 346
335 396
335 847
336 679
336 741
336 828
339 642
339 647
339 833
340 455
342 774
342 848
343 467
343 496
343 634
344 415
344 476
344 482
344 575
344 758
346 357
346 426
346 567
346 757
346 838
347 426
347 610
349 357
349 420
349 434
349 611
349 779
349 876
349 917
350 382
350 408
350 535
350 597
351 400
351 491
351 602
352 356
352 905
353 689
354 357
354 395
354 486
354 539
354 594
354 595
354 622
354 668
354 842
354 867
355 379
355 397
355 533
355 666
355 730
355 745
355 750
356 743
357 450
357 481
357 516
357 673
357 692
358 431
358 703
359 717
359 865
360 552
360 858
361 510
362 530
363 538
363 861
364 608
364 677
364 891
365 612
366 478
366 519
366 696
367 386
367 700
367 927
368 418
368 440
368 475
368 731
368 766
368 845
370 512
371 547
371 561
371 724
371 775
371 872
373 482
374 495
374 557
374 671
374 769
377 387
377 390
378 462
378 591
378 756
378 929
379 408
379 495
379 537
380 388
380 417
380 601
380 694
380 711
380 717
380 819
381 829
382 417
382 694
382 832
383 549
383 614
383 924
384 563
385 515
385 537
386 406
387 627
388 908
389 437
389 865
389 918
391 462
393 398
393 598
393 816
394 501
394 527
394 898
395 423
395 618
396 613
398 449
398 484
398 571
399 661
400 492
400 501
400 784
400 869
402 679
402 714
403 411
403 689
403 774
403 894
404 530
404 853
405 683
406 559
408 708
408 867
410 684
412 496
413 506
413 720
414 672
414 853
414 914
419 489
420 668
421 456
421 596
424 782
425 487
425 517
428 934
429 526
430 462
430 467
430 817
430 856
431 441
432 585
434 667
434 741
435 652
435 714
436 541
436 606
436 727
436 759
437 661
438 566
438 842
439 690
439 835
442 531
442 690
442 718
445 556
445 592
447 880
447 920
448 458
448 776
449 458
449 541
449 663
449 899
450 482
450 555
451 631
452 465
452 472
452 509
453 888
454 497
455 725
458 552
459 881
460 533
466 748
467 594
467 734
468 685
468 869
471 545
471 892
472 643
472 868
474 826
475 711
475 883
479 651
481 483
481 663
483 639
488 545
488 673
489 568
489 884
491 563
491 688
491 715
491 919
495 541
495 556
495 565
495 660
495 805
497 725
497 789
497 839
498 507
501 681
503 723
505 520
505 608
505 851
509 803
510 585
510 760
512 601
512 845
513 692
513 793
513 835
515 556
515 572
517 522
517 577
517 662
517 809
520 529
521 644
522 812
524 535
524 540
524 740
527 618
527 784
527 791
529 540
530 655
530 718
531 573
532 713
532 859
534 651
534 764
534 833
535 574
535 857
538 574
538 635
538 706
538 886
538 901
540 656
540 866
541 639
541 855
542 630
542 745
545 765
545 903
548 643
548 718
550 570
550 678
551 816
555 570
555 761
555 848
555 889
558 782
559 648
559 788
559 884
560 728
561 694
561 734
561 839
562 593
562 825
563 621
565 596
565 857
566 777
567 639
567 698
567 861
571 795
572 864
575 753
575 869
575 904
578 866
579 761
580 632
580 640
581 665
583 771
583 797
585 787
587 881
588 622
590 630
590 907
591 645
591 669
595 674
596 746
597 599
597 633
597 707
597 731
597 930
599 900
601 661
604 686
606 758
606 790
611 641
611 785
612 684
617 675
617 781
619 919
623 708
625 804
625 825
627 680
630 700
631 741
631 917
632 751
635 854
637 775
639 677
639 824
640 739
640 786
641 704
641 709
642 682
644 703
645 927
646 928
647 933
649 689
650 792
651 903
655 801
658 668
658 874
659 747
662 891
662 920
663 772
663 826
667 822
669 756
671 776
672 755
672 803
672 823
679 815
680 684
681 751
681 897
689 759
690 898
691 789
692 710
692 818
696 768
700 781
701 759
702 836
703 736
703 799
706 719
708 715
710 904
711 829
715 830
719 794
721 897
724 928
726 848
727 863
729 930
730 864
731 785
736 843
740 749
740 931
741 887
741 892
744 808
744 912
746 844
757 797
757 935
758 817
761 881
763 887
764 940
768 882
775 923
780 819
782 882
790 820
791 801
791 906
792 793
797 814
800 879
800 885
806 862
808 851
810 930
816 821
819 909
839 939
846 902
850 873
867 913
868 882
868 900
877 880
886 928
889 914
895 934
900 916
931 936
