0 1
0 2
0 3
0 4
0 6
0 7
0 8
0 11
0 14
0 15
0 18
0 19
0 21
0 26
0 28
0 36
0 42
0 43
0 46
0 48
0 51
0 52
0 54
0 56
0 57
0 65
0 69
0 70
0 73
0 78
0 92
0 104
0 108
0 109
0 112
0 114
0 125
0 126
0 138
0 139
0 141
0 147
0 154
0 157
0 180
0 181
0 183
0 184
0 185
0 197
0 203
0 210
0 213
0 227
0 258
0 268
0 269
0 271
0 282
0 289
0 294
0 306
0 309
0 317
0 325
0 326
0 327
0 336
0 338
0 364
0 397
0 430
0 447
0 448
0 459
0 472
0 504
0 506
0 512
0 542
0 553
0 555
0 558
0 561
0 571
0 598
0 627
0 630
0 641
0 656
0 657
0 672
0 673
0 690
0 701
0 707
0 712
0 733
0 781
0 806
0 858
0 896
0 911
0 925
0 930
0 946
0 953
0 968
0 970
0 974
1 4
1 5
1 8
1 9
1 10
1 16
1 19
1 23
1 24
1 28
1 31
1 32
1 35
1 47
1 50
1 56
1 58
1 60
1 62
1 66
1 81
1 93
1 115
1 121
1 123
1 131
1 142
1 157
1 164
1 180
1 188
1 189
1 199
1 200
1 213
1 220
1 222
1 243
1 249
1 256
1 261
1 266
1 268
1 308
1 340
1 391
1 407
1 413
1 427
1 436
1 446
1 462
1 479
1 480
1 581
1 591
1 612
1 615
1 662
1 679
1 712
1 735
1 738
1 742
1 766
1 802
1 865
1 866
1 944
1 971
2 4
2 5
2 9
2 10
2 14
2 18
2 28
2 32
2 48
2 91
2 225
2 228
2 278
2 529
2 570
2 714
2 767
2 821
2 853
3 5
3 11
3 14
3 15
3 23
3 34
3 36
3 39
3 41
3 43
3 47
3 48
3 64
3 72
3 77
3 86
3 88
3 101
3 105
3 127
3 143
3 144
3 161
3 184
3 192
3 195
3 214
3 221
3 255
3 275
3 282
3 316
3 330
3 358
3 360
3 398
3 405
3 419
3 450
3 464
3 465
3 509
3 546
3 560
3 624
3 625
3 638
3 644
3 669
3 763
3 770
3 825
3 901
3 915
3 941
4 6
4 7
4 8
4 9
4 11
4 12
4 13
4 17
4 19
4 21
4 22
4 23
4 24
4 25
4 40
4 41
4 51
4 53
4 55
4 58
4 65
4 85
4 104
4 138
4 139
4 142
4 143
4 151
4 189
4 193
4 216
4 225
4 233
4 240
4 279
4 280
4 286
4 287
4 297
4 318
4 321
4 342
4 366
4 413
4 415
4 425
4 438
4 456
4 491
4 500
4 512
4 573
4 581
4 607
4 610
4 629
4 634
4 651
4 667
4 692
4 713
4 723
4 766
4 772
4 801
4 819
4 971
5 6
5 7
5 15
5 16
5 27
5 30
5 35
5 36
5 38
5 39
5 43
5 65
5 67
5 68
5 70
5 84
5 87
5 96
5 106
5 110
5 116
5 123
5 127
5 135
5 177
5 189
5 190
5 193
5 216
5 249
5 257
5 259
5 324
5 327
5 371
5 406
5 434
5 451
5 493
5 518
5 562
5 617
5 637
5 665
5 713
5 745
5 761
5 797
5 806
5 813
5 814
5 848
5 864
5 883
5 884
5 968
5 969
6 13
6 45
6 95
6 134
6 154
6 162
6 179
6 185
6 212
6 222
6 231
6 237
6 239
6 260
6 290
6 362
6 408
6 433
6 459
6 586
6 609
6 681
6 825
6 836
6 867
6 914
6 917
6 960
7 29
7 33
7 52
7 81
7 85
7 106
7 111
7 136
7 218
7 229
7 248
7 253
7 302
7 541
7 567
7 569
7 643
7 663
7 775
7 783
7 794
7 844
7 946
7 952
7 957
8 10
8 12
8 18
8 27
8 30
8 31
8 34
8 38
8 40
8 46
8 49
8 58
8 64
8 66
8 69
8 74
8 79
8 80
8 82
8 84
8 92
8 94
8 98
8 102
8 108
8 110
8 134
8 139
8 156
8 160
8 165
8 175
8 195
8 204
8 270
8 277
8 285
8 290
8 299
8 317
8 319
8 383
8 399
8 401
8 412
8 415
8 417
8 421
8 433
8 441
8 442
8 453
8 457
8 495
8 496
8 521
8 551
8 577
8 581
8 589
8 595
8 666
8 696
8 702
8 725
8 815
8 830
8 921
8 926
8 981
9 13
9 17
9 25
9 29
9 59
9 79
9 128
9 132
9 133
9 153
9 195
9 298
9 331
9 333
9 375
9 400
9 410
9 425
9 445
9 450
9 475
9 672
9 704
9 787
9 877
9 904
9 920
10 16
10 17
10 20
10 21
10 39
10 54
10 100
10 124
10 125
10 149
10 152
10 178
10 179
10 196
10 199
10 220
10 262
10 264
10 301
10 334
10 354
10 380
10 381
10 390
10 396
10 441
10 471
10 513
10 525
10 594
10 624
10 636
10 680
10 726
10 768
10 853
11 12
11 53
11 55
11 56
11 60
11 63
11 67
11 73
11 79
11 86
11 121
11 161
11 219
11 222
11 236
11 285
11 295
11 310
11 315
11 342
11 351
11 353
11 363
11 373
11 378
11 404
11 405
11 419
11 428
11 446
11 494
11 498
11 502
11 514
11 516
11 570
11 576
11 586
11 598
11 614
11 665
11 690
11 697
11 771
11 775
11 791
11 823
11 878
11 925
11 939
11 947
12 26
12 96
12 146
12 172
12 183
12 188
12 203
12 421
12 605
12 787
12 836
12 847
12 855
13 22
13 33
13 37
13 52
13 61
13 66
13 76
13 93
13 109
13 112
13 120
13 132
13 136
13 151
13 211
13 217
13 244
13 292
13 297
13 329
13 350
13 387
13 540
13 658
13 681
13 891
13 951
13 976
14 75
14 201
14 228
14 381
14 422
14 717
14 788
15 20
15 26
15 44
15 74
15 208
15 239
15 244
15 261
15 273
15 406
15 414
15 457
15 465
15 504
15 608
15 693
15 719
15 751
15 845
15 890
15 981
16 24
16 31
16 60
16 85
16 124
16 155
16 168
16 171
16 176
16 263
16 279
16 304
16 343
16 374
16 414
16 761
16 815
16 872
16 964
16 986
17 22
17 35
17 42
17 44
17 47
17 57
17 67
17 71
17 75
17 86
17 89
17 103
17 117
17 146
17 154
17 194
17 219
17 245
17 271
17 287
17 309
17 465
17 482
17 511
17 522
17 527
17 632
17 672
17 743
17 755
17 760
17 785
17 796
17 822
17 904
17 922
17 940
17 946
17 962
17 970
17 985
18 20
18 25
18 32
18 205
18 277
18 299
18 303
18 393
18 412
18 415
18 429
18 434
18 448
18 470
18 491
18 493
18 532
18 537
18 574
18 584
18 602
18 626
18 631
18 638
18 722
18 823
18 930
18 935
18 950
19 370
19 396
19 639
19 706
20 37
20 44
20 68
20 72
20 95
20 137
20 370
20 560
20 573
20 651
20 664
20 675
20 697
20 727
20 760
20 934
21 351
21 508
21 578
21 768
21 937
22 83
22 89
22 162
22 190
22 272
22 373
22 422
22 466
22 532
22 553
22 780
22 834
23 29
23 41
23 55
23 57
23 97
23 233
23 304
23 382
23 395
23 514
23 550
23 587
23 594
23 601
23 809
23 826
24 188
24 308
24 678
24 840
24 890
25 27
25 42
25 83
25 226
25 337
25 555
25 627
25 724
25 749
25 845
27 34
27 46
27 69
27 76
27 101
27 105
27 121
27 164
27 172
27 187
27 257
27 324
27 488
27 613
27 642
27 813
27 861
27 902
28 321
28 547
28 577
28 650
29 30
29 153
29 255
29 322
29 493
29 537
29 846
29 916
30 45
30 50
30 157
30 166
30 168
30 242
30 258
30 330
30 381
30 454
30 508
30 577
30 617
30 628
30 668
30 728
30 735
30 803
30 808
30 880
31 33
31 99
31 100
31 118
31 158
31 230
31 272
31 437
31 456
31 511
31 741
31 925
32 83
32 87
32 113
32 130
32 263
32 403
32 795
33 54
33 62
33 92
33 144
33 150
33 176
33 233
33 264
33 278
33 284
33 294
33 390
33 458
33 484
33 513
33 533
33 539
33 574
33 613
33 649
33 658
33 745
33 789
33 800
33 906
34 89
34 214
34 616
34 725
35 37
35 49
35 76
35 128
35 173
35 251
35 260
35 324
35 333
35 455
35 502
35 515
35 901
36 38
36 45
36 106
36 133
36 170
36 256
36 295
36 355
36 364
36 368
36 392
36 444
36 636
36 849
36 882
36 896
37 127
37 140
37 149
37 155
37 241
37 265
37 544
37 954
38 62
38 97
38 158
38 215
38 365
38 372
38 438
38 530
38 580
38 585
38 719
38 776
38 817
38 820
38 875
39 40
39 68
39 318
39 525
39 636
40 78
40 104
40 107
40 111
40 137
40 140
40 169
40 174
40 227
40 264
40 333
40 394
40 483
40 487
40 560
40 600
40 727
40 750
40 888
40 980
41 82
41 230
41 231
41 276
41 534
41 693
41 713
41 765
41 924
42 84
42 88
42 97
42 205
42 293
42 667
42 682
43 63
43 98
43 163
43 240
44 80
44 307
44 375
44 397
45 50
45 113
45 114
45 142
45 192
45 234
45 288
45 554
45 668
45 721
45 791
45 938
46 77
46 90
46 91
46 93
46 107
46 110
46 113
46 128
46 148
46 152
46 167
46 177
46 186
46 191
46 194
46 221
46 257
46 284
46 316
46 402
46 505
46 520
46 561
46 586
46 611
46 657
46 887
46 893
46 942
46 972
47 311
47 386
47 469
47 478
47 516
47 582
47 720
47 729
47 943
48 49
48 94
48 125
48 486
48 634
49 53
49 61
49 118
49 236
49 360
49 378
49 447
49 773
50 51
50 73
50 88
50 90
50 107
50 198
50 248
50 250
50 313
50 354
50 394
50 831
50 968
51 105
51 114
51 163
51 167
51 185
51 208
51 224
51 230
51 245
51 280
51 283
51 315
51 317
51 323
51 334
51 376
51 443
51 458
51 470
51 476
51 491
51 501
51 541
51 624
51 700
51 709
51 736
51 818
51 839
51 862
52 183
52 190
52 315
52 618
52 686
52 832
52 874
52 928
53 59
53 77
53 87
53 344
53 385
53 474
53 585
53 662
53 703
53 723
53 800
53 831
53 850
54 108
54 126
54 135
54 136
54 138
54 145
54 175
54 223
54 232
54 302
54 329
54 348
54 384
54 427
54 432
54 449
54 452
54 467
54 509
54 513
54 534
54 556
54 680
54 685
54 708
54 877
55 63
55 74
55 124
55 141
55 149
55 153
55 160
55 221
55 259
55 334
55 356
55 398
55 700
55 788
55 803
55 981
56 64
56 70
56 80
56 320
57 210
57 717
57 853
58 59
58 61
58 72
58 143
58 238
58 262
58 266
58 335
58 401
58 464
58 523
58 546
58 715
58 750
58 760
58 830
59 71
59 75
59 111
59 122
59 146
59 173
59 191
59 194
59 251
59 302
59 409
59 506
59 606
59 655
59 660
59 702
59 784
59 799
59 808
59 876
60 120
60 129
60 166
60 208
60 349
60 363
60 569
60 640
60 736
60 827
61 196
61 501
61 543
61 628
61 752
61 792
62 98
62 103
62 217
62 549
62 593
62 604
62 620
62 659
62 711
63 119
63 224
63 343
63 445
63 454
63 600
63 667
63 714
64 117
64 145
64 159
64 182
64 219
64 306
64 329
64 377
64 388
64 412
64 453
64 538
64 572
64 580
64 596
64 597
64 669
64 683
64 684
64 741
64 841
64 931
64 972
65 150
65 202
65 293
65 516
65 538
66 90
66 99
66 116
66 328
66 393
66 599
66 734
66 842
66 873
67 82
67 352
67 399
67 428
68 71
68 81
68 109
68 291
68 304
68 352
68 359
68 401
68 519
68 523
68 551
68 591
68 837
69 96
69 150
69 770
70 99
70 119
70 156
70 202
70 251
70 316
70 384
70 478
70 489
70 637
70 816
71 95
71 167
71 179
71 209
71 299
71 433
71 575
71 619
71 675
71 835
72 91
72 116
72 148
72 159
72 212
72 279
72 409
72 526
72 662
73 103
73 122
73 123
73 137
73 174
73 207
73 326
73 635
73 643
73 686
73 722
73 823
73 878
74 609
74 782
75 207
75 220
75 311
75 342
75 494
75 809
76 78
76 115
76 166
76 349
76 428
76 503
76 544
76 556
76 590
76 694
76 835
76 857
77 202
77 400
77 558
77 812
77 868
78 94
78 165
78 169
78 196
78 411
78 576
79 474
79 916
79 958
80 101
80 122
80 133
80 156
80 159
80 161
80 200
80 213
80 241
80 254
80 290
80 339
80 340
80 367
80 408
80 423
80 496
80 500
80 504
80 599
80 622
80 810
81 152
81 165
81 265
81 716
81 825
81 842
81 973
82 120
82 130
82 454
82 460
82 880
83 144
83 162
83 178
83 243
83 252
83 435
83 569
83 742
83 939
84 164
84 241
84 249
84 320
84 463
84 980
85 182
85 255
85 908
85 961
85 969
85 979
86 102
86 238
86 379
86 397
86 426
86 527
86 539
86 565
86 588
86 621
86 728
86 783
87 119
87 263
87 326
87 350
87 366
87 373
87 511
87 617
87 699
87 868
87 890
87 910
87 928
88 459
88 468
88 941
89 100
89 131
89 204
89 246
89 393
89 540
89 682
89 688
90 247
90 543
90 811
91 115
91 134
91 527
91 637
91 800
91 908
91 933
91 963
91 984
92 126
92 163
92 217
92 272
92 308
92 411
92 568
92 801
92 895
92 986
93 793
94 300
94 708
94 942
94 949
95 155
95 592
95 642
95 737
96 250
96 298
96 310
96 336
96 341
96 350
96 409
96 490
96 616
96 675
96 977
97 117
97 118
97 204
97 209
97 303
97 479
97 573
97 583
97 607
97 935
97 976
98 376
98 603
98 706
99 160
99 552
99 607
99 965
100 102
100 135
100 158
100 180
100 200
100 314
100 371
100 438
100 555
100 590
100 595
100 759
100 778
100 959
101 372
101 380
102 112
102 140
102 309
102 519
102 533
102 895
103 147
103 168
103 297
103 327
103 375
103 461
103 481
103 508
103 580
103 661
103 745
103 832
103 908
103 945
104 130
104 206
104 209
104 657
104 881
105 254
105 471
105 597
105 619
105 758
105 762
105 861
105 910
107 131
107 170
107 275
107 874
108 141
108 147
108 148
108 227
108 408
108 494
108 521
108 625
109 182
109 224
109 242
109 372
109 469
109 550
109 645
109 671
110 250
110 648
111 274
111 385
111 389
111 503
111 639
111 668
111 953
113 231
113 744
113 764
113 833
114 129
114 170
114 234
114 235
114 269
114 367
114 432
114 638
114 726
114 752
115 171
115 303
115 458
115 809
115 859
115 966
116 176
116 256
116 343
116 507
116 653
116 665
116 698
117 198
117 418
117 479
117 587
117 986
118 484
118 769
119 129
119 151
119 276
120 358
120 674
120 814
120 944
121 228
121 252
121 331
121 646
122 337
122 341
122 502
122 531
123 330
123 463
123 517
123 550
123 564
123 690
123 795
123 839
124 338
124 495
124 875
125 169
125 192
125 212
125 214
125 364
125 610
125 620
125 658
125 790
125 796
125 888
125 912
126 237
127 177
127 187
127 211
127 328
127 358
127 439
127 455
127 559
127 609
127 721
127 754
127 772
127 867
128 132
128 173
128 186
128 229
128 247
128 307
128 319
128 352
128 440
128 462
128 463
128 487
128 557
128 563
128 659
128 817
128 894
129 432
129 477
129 518
130 171
130 174
130 346
130 413
130 449
130 585
130 720
132 184
132 186
132 191
132 223
132 314
132 359
132 496
132 526
132 545
132 567
132 656
132 780
132 869
132 886
132 897
132 913
132 938
133 145
133 289
133 786
135 253
135 699
137 218
137 266
137 323
137 520
137 571
137 666
138 436
138 561
138 579
138 792
140 359
140 368
140 417
140 847
140 900
141 282
141 537
141 614
141 715
141 743
141 851
142 175
142 314
142 355
142 444
142 572
142 583
142 705
143 291
143 320
143 362
143 414
143 451
143 499
143 572
143 654
143 798
143 907
143 911
145 206
145 210
145 374
145 497
145 592
145 603
145 857
146 234
147 181
147 269
147 274
147 403
147 472
147 748
147 757
147 821
147 949
148 294
148 346
148 464
148 485
148 605
148 610
148 792
148 863
149 313
149 755
149 785
149 903
150 207
150 215
150 383
150 417
150 647
151 579
152 467
153 205
153 237
153 267
153 832
153 897
154 198
154 244
154 292
155 181
155 199
155 357
155 403
155 645
156 193
156 201
156 345
156 566
156 898
157 178
157 296
157 753
158 238
158 733
158 921
159 211
159 274
159 584
159 676
159 691
159 918
160 242
160 354
161 391
161 404
161 618
161 932
162 276
162 353
162 431
162 857
162 865
165 296
165 546
165 942
166 423
166 565
166 568
166 582
167 172
167 187
167 288
167 670
167 695
167 749
168 286
168 378
168 410
168 676
168 860
169 369
169 379
169 430
169 434
169 483
169 774
169 870
170 201
170 287
170 300
170 335
170 355
170 367
170 530
170 578
170 689
170 731
170 759
170 764
170 778
170 817
170 973
170 978
171 339
171 402
171 664
172 300
172 846
172 944
174 332
174 480
174 733
174 810
174 824
174 899
175 261
175 292
175 523
175 598
175 684
175 702
176 254
176 440
176 475
176 528
176 748
177 245
178 647
179 223
179 281
180 371
180 828
181 802
181 923
182 917
183 226
183 492
184 288
185 232
185 509
185 539
185 922
186 374
187 983
188 206
188 450
188 578
188 648
188 714
189 235
189 340
189 671
189 767
189 774
189 834
189 856
189 958
189 975
190 197
190 226
190 239
190 267
190 273
190 332
190 429
190 456
190 460
190 466
190 886
191 197
191 229
191 253
191 293
191 361
191 473
191 612
191 655
192 387
192 419
195 301
195 839
196 236
196 252
196 695
196 826
196 943
197 203
197 351
197 567
197 916
198 232
198 248
198 280
198 386
198 443
198 449
198 892
199 773
200 360
200 575
200 777
200 849
201 277
201 370
201 384
201 462
201 741
201 781
201 784
202 225
202 407
202 552
202 691
203 619
203 871
204 216
204 281
204 307
204 357
204 420
204 497
204 536
204 735
204 924
204 928
205 452
205 655
205 781
206 271
206 474
206 641
206 952
207 247
207 281
207 310
207 418
209 246
209 260
209 289
209 291
209 416
209 520
209 699
209 709
211 889
211 983
212 286
212 366
212 725
212 799
213 215
213 218
213 312
213 461
213 721
213 742
213 766
214 603
214 621
214 704
214 755
214 758
215 259
215 854
215 920
216 341
216 356
216 543
216 660
216 704
216 866
216 936
217 240
217 262
217 283
217 556
217 793
218 369
218 653
218 710
219 298
219 301
220 467
220 740
220 775
221 339
222 265
222 349
222 424
222 435
223 445
223 505
223 740
223 828
223 919
224 584
225 347
225 369
226 273
226 631
226 688
226 709
226 788
226 893
228 258
228 444
228 483
228 909
228 955
229 312
229 961
231 243
231 295
231 346
231 377
231 843
232 235
232 305
232 548
232 744
233 344
233 420
233 531
233 852
234 306
234 383
234 426
234 548
234 563
234 765
234 827
234 864
234 954
235 313
235 365
235 420
235 439
235 643
235 807
236 246
236 270
236 285
236 347
236 362
236 588
236 977
237 753
237 970
238 305
238 471
239 319
239 957
241 631
241 883
242 325
242 889
243 894
244 332
244 472
244 544
245 424
246 482
246 712
247 275
247 392
247 794
247 806
248 485
248 535
248 612
248 757
248 787
248 791
249 348
249 769
249 811
250 498
250 591
250 647
250 652
251 563
253 392
253 426
253 768
254 322
254 595
255 270
255 305
255 312
255 363
255 820
255 862
255 872
255 978
256 824
257 630
257 689
257 835
258 268
258 357
258 794
259 267
259 507
259 593
259 640
259 724
260 284
260 875
260 952
261 526
261 654
263 708
263 836
265 468
265 670
265 687
265 945
265 967
266 278
266 533
266 850
267 538
267 553
267 782
268 395
269 871
270 541
270 583
270 812
270 837
271 457
272 492
273 386
274 283
274 338
274 344
274 389
274 451
274 606
274 695
274 748
274 765
274 902
274 929
275 318
275 345
275 387
275 554
275 734
275 851
275 924
276 528
276 934
276 985
277 311
277 379
277 382
277 531
277 545
277 566
277 731
277 757
277 762
278 353
278 425
278 692
279 328
279 331
279 368
279 446
279 641
279 728
279 783
279 870
280 679
280 955
281 549
281 669
281 824
281 858
282 345
282 391
282 615
282 796
282 927
283 323
283 468
283 727
283 813
284 321
284 337
284 389
284 489
284 649
284 663
284 700
284 729
284 856
284 882
286 510
286 535
286 737
287 480
287 790
288 443
290 807
291 767
291 860
292 431
292 524
292 790
293 746
294 421
294 846
295 296
295 696
295 841
295 878
297 406
297 677
297 758
298 648
300 529
301 335
301 398
302 407
302 582
302 737
303 361
303 751
303 877
303 972
304 784
304 804
304 881
305 718
305 729
306 410
306 635
308 322
309 325
309 739
310 377
310 522
310 956
311 486
312 418
312 517
312 814
313 376
313 388
313 575
313 663
313 730
315 427
315 752
315 782
316 689
317 499
317 774
318 795
318 953
319 547
319 593
319 906
320 395
321 405
321 620
321 623
321 759
322 411
322 860
323 400
323 590
324 388
324 431
324 549
324 701
324 716
325 447
325 475
325 678
326 951
327 515
327 596
327 935
328 439
328 739
328 819
329 336
329 521
330 347
330 435
330 536
330 604
330 686
330 779
330 818
330 840
330 864
330 926
331 632
332 506
332 601
333 399
333 623
333 718
333 964
334 576
335 402
335 442
335 514
336 380
336 500
338 356
338 361
338 422
338 844
339 348
339 423
339 478
339 717
339 941
340 390
340 736
341 482
341 564
341 920
342 525
343 473
343 604
344 517
345 608
345 683
346 430
346 473
346 524
346 894
347 798
347 854
349 797
349 884
349 898
349 906
349 975
350 382
351 488
351 490
352 602
352 904
353 833
354 838
355 460
355 510
355 973
356 365
356 507
356 652
356 933
356 977
357 385
357 436
357 455
357 501
357 562
357 588
357 711
357 982
358 666
360 441
360 490
360 664
360 764
363 396
363 515
363 557
363 601
363 751
363 967
365 893
365 918
365 932
367 485
368 747
369 469
369 785
369 861
370 536
370 679
370 822
371 698
372 773
372 880
373 522
374 633
375 484
376 691
377 628
377 705
378 394
378 530
378 642
379 442
379 470
379 673
379 682
379 683
381 913
382 448
382 486
384 654
384 879
386 481
386 547
387 558
387 650
388 437
388 540
388 805
388 854
390 961
392 416
392 452
392 481
392 611
392 645
392 676
392 822
393 819
394 404
396 487
396 905
398 528
400 416
400 554
400 770
401 929
405 936
407 499
407 896
408 437
408 579
409 495
410 687
410 779
410 929
411 424
411 461
411 476
412 616
412 913
413 477
413 552
413 710
414 884
414 975
415 626
416 542
417 503
417 505
417 881
419 879
420 518
420 519
420 606
420 869
421 694
421 734
421 873
423 429
423 440
423 673
423 933
424 867
425 771
426 965
427 570
427 613
427 623
427 651
428 898
428 899
428 921
429 600
429 685
429 772
429 778
430 701
430 943
431 698
432 477
432 488
432 602
432 646
432 739
432 838
432 887
432 980
433 492
433 661
433 756
433 940
434 931
435 524
438 649
438 744
438 939
440 594
440 862
440 959
440 966
442 650
442 674
443 738
444 559
444 618
444 756
444 869
445 532
445 562
445 879
446 466
447 719
447 843
447 919
448 914
449 476
450 740
450 909
451 718
451 901
451 960
452 453
452 743
452 811
453 692
454 568
455 489
456 821
457 512
460 892
460 938
461 497
461 627
461 974
463 498
463 611
463 635
463 677
464 535
464 829
465 820
465 845
465 883
468 529
468 771
469 542
471 731
473 949
473 965
474 688
474 858
475 746
476 559
477 534
477 545
477 919
479 816
480 840
480 985
481 803
482 564
482 847
483 703
483 882
485 656
485 804
485 915
486 571
486 979
487 597
489 793
491 633
491 640
492 926
493 608
493 948
494 808
495 551
495 625
495 805
496 587
496 589
496 626
500 761
501 629
505 510
505 732
508 615
509 633
509 804
509 818
510 807
510 826
512 871
514 693
515 614
515 891
515 900
516 548
516 629
518 724
518 866
521 557
521 810
524 940
525 589
525 632
527 605
527 747
528 592
528 955
531 723
531 746
532 646
532 909
534 566
534 685
534 915
535 574
535 670
537 838
539 622
540 747
540 982
544 565
550 912
551 891
552 850
556 621
556 644
556 706
558 634
558 937
561 716
561 962
562 707
563 923
563 976
564 720
565 874
566 661
566 833
567 801
567 937
570 639
570 829
571 599
571 776
571 797
571 897
571 931
574 622
575 653
575 789
575 805
576 950
577 887
578 769
579 711
579 905
581 644
581 907
585 596
585 956
588 837
589 951
592 844
593 694
595 652
595 705
595 730
601 948
601 967
602 779
603 848
604 868
607 914
608 630
608 681
608 855
610 715
610 754
610 777
610 870
611 763
612 677
612 947
613 738
613 750
614 660
616 696
617 812
622 732
625 659
625 851
625 903
627 841
628 816
629 697
629 978
634 756
635 726
636 671
637 957
638 789
638 905
638 932
640 732
643 674
649 703
649 852
649 917
649 927
651 815
651 848
652 684
655 936
656 678
658 722
658 903
659 876
660 950
665 762
666 974
669 753
672 900
673 888
673 934
674 687
675 930
676 680
676 754
677 889
678 707
679 958
682 927
686 799
694 876
695 948
697 710
705 749
705 786
708 863
709 855
713 922
716 780
717 763
717 842
722 730
724 830
724 962
725 885
729 910
731 776
731 859
731 873
739 829
740 786
740 834
740 872
746 777
746 827
749 863
752 912
758 907
760 895
762 798
764 899
765 960
787 984
788 802
792 892
793 923
793 969
801 831
801 843
801 856
806 828
819 849
821 945
827 885
829 865
832 852
833 963
835 886
838 963
840 983
851 859
855 982
862 918
868 902
869 885
881 911
886 966
895 984
896 956
906 954
913 971
935 959
938 947
943 964
943 979
