0 1
0 2
0 3
0 4
0 5
0 7
0 8
0 10
0 16
0 27
0 30
0 31
0 34
0 37
0 43
0 55
0 65
0 79
0 82
0 84
0 85
0 88
0 94
0 116
0 123
0 139
0 171
0 181
0 182
0 200
0 209
0 212
0 246
0 260
0 280
0 311
0 319
0 342
0 357
0 370
0 411
0 418
0 426
0 429
0 454
0 490
0 497
0 517
0 533
0 549
0 677
0 705
0 748
0 750
0 763
0 771
0 788
0 789
0 809
0 865
0 875
0 883
0 930
0 981
0 990
0 998
1 4
1 5
1 6
1 7
1 8
1 12
1 13
1 16
1 21
1 23
1 24
1 26
1 33
1 35
1 41
1 50
1 56
1 58
1 66
1 68
1 71
1 73
1 80
1 86
1 87
1 136
1 137
1 144
1 160
1 186
1 205
1 221
1 224
1 231
1 240
1 246
1 297
1 318
1 347
1 363
1 369
1 392
1 393
1 400
1 411
1 483
1 515
1 554
1 579
1 581
1 679
1 705
1 747
1 807
1 829
1 835
1 881
1 945
1 960
1 964
1 982
1 1012
2 4
2 6
2 12
2 15
2 23
2 24
2 25
2 36
2 45
2 46
2 56
2 62
2 70
2 104
2 106
2 115
2 117
2 119
2 143
2 145
2 151
2 181
2 201
2 240
2 262
2 264
2 286
2 295
2 296
2 306
2 321
2 382
2 393
2 439
2 467
2 479
2 492
2 497
2 553
2 560
2 567
2 577
2 662
2 776
2 798
2 815
2 818
2 890
2 931
3 5
3 8
3 15
3 21
3 25
3 29
3 35
3 49
3 60
3 63
3 65
3 109
3 114
3 147
3 228
3 272
3 278
3 298
3 310
3 318
3 326
3 390
3 445
3 447
3 452
3 478
3 507
3 578
3 635
3 647
3 652
3 697
3 710
3 759
3 813
3 832
3 888
3 922
3 936
3 973
4 6
4 9
4 10
4 11
4 12
4 13
4 14
4 17
4 29
4 33
4 37
4 39
4 43
4 44
4 46
4 58
4 68
4 76
4 78
4 87
4 106
4 113
4 132
4 141
4 217
4 224
4 245
4 252
4 279
4 289
4 340
4 367
4 421
4 427
4 442
4 448
4 457
4 511
4 521
4 522
4 526
4 555
4 569
4 613
4 620
4 627
4 629
4 655
4 679
4 739
4 741
4 786
4 846
4 880
4 977
4 987
4 1010
5 9
5 61
5 66
5 74
5 80
5 83
5 107
5 123
5 139
5 164
5 173
5 187
5 223
5 300
5 316
5 320
5 323
5 348
5 359
5 385
5 481
5 552
5 559
5 604
5 611
5 693
5 743
5 852
5 979
5 1016
6 7
6 9
6 14
6 15
6 20
6 24
6 30
6 31
6 32
6 40
6 47
6 58
6 61
6 71
6 80
6 83
6 99
6 101
6 107
6 144
6 174
6 176
6 189
6 215
6 263
6 265
6 267
6 285
6 299
6 344
6 346
6 360
6 369
6 371
6 388
6 404
6 488
6 494
6 525
6 534
6 548
6 595
6 615
6 617
6 623
6 633
6 636
6 661
6 663
6 690
6 703
6 704
6 739
6 742
6 779
6 787
6 792
6 817
6 840
6 849
6 852
6 891
6 896
6 914
6 920
6 956
6 969
6 1030
7 10
7 11
7 13
7 18
7 25
7 34
7 36
7 63
7 71
7 74
7 90
7 91
7 93
7 116
7 121
7 128
7 129
7 137
7 145
7 188
7 197
7 199
7 203
7 241
7 250
7 254
7 273
7 282
7 290
7 296
7 413
7 431
7 433
7 435
7 453
7 528
7 533
7 545
7 574
7 578
7 583
7 641
7 766
7 782
7 784
7 821
7 848
7 902
7 931
7 963
7 969
7 1033
7 1035
8 11
8 17
8 18
8 20
8 22
8 40
8 43
8 51
8 56
8 64
8 75
8 76
8 77
8 82
8 98
8 101
8 104
8 127
8 161
8 180
8 218
8 230
8 280
8 287
8 341
8 401
8 430
8 444
8 511
8 528
8 554
8 593
8 624
8 638
8 640
8 652
8 667
8 683
8 722
8 772
8 805
8 810
8 826
8 840
8 874
8 970
8 987
8 992
8 1019
9 134
9 166
9 207
9 262
9 349
9 504
9 673
9 681
9 774
9 880
9 926
10 14
10 17
10 19
10 21
10 23
10 29
10 37
10 45
10 46
10 48
10 53
10 59
10 72
10 98
10 99
10 101
10 103
10 105
10 107
10 118
10 145
10 165
10 180
10 195
10 209
10 216
10 222
10 232
10 238
10 281
10 292
10 339
10 341
10 358
10 361
10 381
10 480
10 513
10 546
10 550
10 560
10 563
10 624
10 632
10 650
10 654
10 667
10 712
10 766
10 772
10 794
10 795
10 845
10 861
10 889
10 903
10 927
10 933
10 938
10 947
10 948
10 1018
10 1031
10 1033
11 18
11 27
11 35
11 95
11 133
11 140
11 182
11 210
11 237
11 268
11 318
11 458
11 573
11 612
11 659
11 671
11 709
11 732
11 736
11 750
11 753
11 788
11 1013
12 27
12 38
12 41
12 44
12 68
12 76
12 102
12 104
12 184
12 187
12 215
12 219
12 271
12 305
12 342
12 396
12 517
12 625
12 719
12 744
12 777
12 813
12 858
12 874
12 958
13 19
13 22
13 41
13 111
13 174
13 210
13 246
13 286
13 292
13 293
13 302
13 303
13 324
13 388
13 451
13 509
13 529
13 588
13 608
13 609
13 751
13 772
13 785
13 850
13 876
13 1004
13 1024
13 1032
14 28
14 72
14 89
14 95
14 108
14 148
14 184
14 204
14 214
14 305
14 456
14 533
14 765
14 907
15 16
15 49
15 92
15 97
15 248
15 254
15 311
15 353
15 433
15 523
15 695
15 1008
15 1020
16 51
16 54
16 94
16 98
16 141
16 148
16 160
16 172
16 213
16 225
16 230
16 446
16 577
16 584
16 664
16 685
16 765
16 834
16 937
16 946
17 19
17 177
17 202
17 205
17 242
17 341
17 458
17 518
17 585
17 635
17 942
18 22
18 31
18 32
18 47
18 67
18 77
18 138
18 147
18 163
18 168
18 171
18 216
18 249
18 261
18 295
18 308
18 327
18 350
18 463
18 469
18 476
18 531
18 597
18 600
18 614
18 635
18 690
18 773
18 869
18 876
18 892
18 905
18 934
18 971
18 980
19 20
19 39
19 54
19 87
19 133
19 191
19 194
19 198
19 243
19 256
19 269
19 335
19 337
19 356
19 384
19 388
19 438
19 512
19 528
19 584
19 642
19 656
19 740
19 782
19 821
19 895
19 949
19 999
20 26
20 97
20 110
20 211
20 317
20 331
20 354
20 415
20 799
20 998
21 42
21 52
21 69
21 84
21 88
21 114
21 124
21 158
21 192
21 232
21 233
21 250
21 255
21 275
21 338
21 380
21 621
21 679
21 696
21 700
21 755
22 78
22 153
22 167
22 203
22 268
22 299
22 304
22 363
22 373
22 513
22 827
22 866
22 924
22 952
22 982
23 26
23 30
23 50
23 62
23 70
23 113
23 122
23 154
23 180
23 217
23 257
23 390
23 419
23 466
23 561
23 712
23 752
23 825
23 843
23 954
23 987
24 28
24 42
24 70
24 147
24 151
24 173
24 195
24 256
24 266
24 297
24 361
24 495
24 560
24 564
24 812
24 995
25 28
25 48
25 122
25 125
25 272
25 377
25 432
25 467
25 512
25 534
25 574
25 586
25 655
25 803
25 826
25 1013
25 1037
26 38
26 93
26 123
26 154
26 179
26 206
26 208
26 266
26 303
26 305
26 338
26 622
26 654
26 894
27 32
27 33
27 54
27 65
27 149
27 190
27 430
27 440
27 505
27 646
27 773
27 798
27 849
27 1024
28 78
28 86
28 228
28 251
28 412
28 637
28 671
28 797
28 952
28 1022
29 61
29 72
29 110
29 112
29 167
29 202
29 228
29 527
29 645
29 689
29 770
29 793
29 829
29 961
30 38
30 39
30 49
30 62
30 85
30 110
30 124
30 128
30 220
30 226
30 231
30 255
30 329
30 340
30 347
30 391
30 449
30 451
30 466
30 478
30 493
30 541
30 670
30 675
30 1036
31 52
31 59
31 84
31 155
31 156
31 158
31 178
31 190
31 203
31 220
31 233
31 237
31 245
31 264
31 297
31 326
31 344
31 360
31 389
31 398
31 425
31 476
31 519
31 536
31 567
31 576
31 612
31 653
31 715
31 841
31 864
31 891
31 1002
32 44
32 50
32 57
32 60
32 90
32 109
32 151
32 181
32 191
32 199
32 229
32 259
32 290
32 344
32 450
32 608
32 704
32 763
32 800
32 804
32 815
32 914
32 954
33 34
33 47
33 55
33 73
33 75
33 88
33 167
33 208
33 212
33 261
33 284
33 314
33 323
33 333
33 340
33 407
33 520
33 522
33 587
33 646
33 807
33 839
33 1017
33 1037
34 36
34 48
34 57
34 59
34 60
34 63
34 73
34 93
34 100
34 103
34 115
34 119
34 135
34 141
34 146
34 166
34 168
34 172
34 191
34 200
34 206
34 208
34 216
34 248
34 249
34 287
34 312
34 476
34 555
34 626
34 656
34 687
34 698
34 725
34 806
34 808
34 907
34 927
34 988
34 989
35 51
35 57
35 81
35 134
35 262
35 277
35 280
35 327
35 411
35 503
35 597
35 636
35 685
35 696
35 746
35 791
35 794
35 900
36 40
36 42
36 52
36 67
36 150
36 166
36 174
36 196
36 219
36 278
36 314
36 336
36 351
36 372
36 401
36 413
36 445
36 525
36 569
36 633
36 729
36 779
36 783
36 787
36 812
36 863
36 943
37 75
37 85
37 139
37 140
37 294
37 352
37 385
37 450
37 532
37 706
37 1025
38 64
38 118
38 131
38 153
38 202
38 387
38 434
38 482
38 567
38 592
38 872
38 968
39 100
39 113
39 170
39 204
39 314
39 363
39 482
39 534
39 557
39 714
39 732
39 810
39 893
39 895
40 96
40 105
40 125
40 165
40 204
40 253
40 472
40 498
40 542
40 587
40 600
40 601
40 687
40 784
40 809
40 879
40 882
40 933
40 1006
40 1039
41 45
41 257
42 64
42 130
42 142
42 162
42 187
42 247
42 345
42 361
42 377
42 413
42 446
42 480
42 583
42 611
42 672
43 183
43 380
43 391
43 470
43 524
43 547
44 53
44 55
44 295
44 627
44 764
44 1016
45 124
45 159
45 177
45 217
45 293
45 308
45 356
45 385
45 759
45 881
45 994
45 1007
46 258
46 436
46 520
46 589
46 674
46 819
47 146
47 288
47 328
47 421
47 498
47 602
48 312
48 360
48 440
48 511
48 582
48 588
48 616
48 628
48 730
48 766
48 824
48 870
49 106
49 111
49 234
49 243
49 352
49 547
49 644
49 664
49 1017
50 53
50 315
51 69
51 79
51 97
51 185
51 236
51 253
51 265
51 281
51 313
51 343
51 383
51 420
51 459
51 493
51 502
51 515
51 565
51 721
51 749
51 824
51 899
51 1000
52 90
52 120
52 477
52 655
52 878
53 66
53 112
53 120
53 128
53 129
53 229
53 366
53 368
53 376
53 397
53 463
53 518
53 537
53 701
53 725
54 222
54 423
54 459
54 581
54 667
54 814
54 923
54 1023
55 119
55 134
55 168
55 198
55 373
55 535
55 604
55 952
56 111
56 594
57 96
57 227
57 596
57 598
57 1018
58 105
58 149
58 505
58 557
58 794
59 67
59 89
59 198
59 326
59 351
59 370
59 395
59 438
59 559
59 795
60 92
60 154
60 316
60 570
61 235
61 543
61 859
62 92
62 161
62 282
62 321
62 371
62 414
62 449
62 543
62 680
62 885
63 74
63 91
63 99
63 117
63 121
63 126
63 131
63 137
63 160
63 209
63 260
63 325
63 329
63 343
63 348
63 373
63 375
63 391
63 432
63 441
63 464
63 468
63 475
63 478
63 485
63 486
63 539
63 565
63 605
63 639
63 653
63 722
63 769
63 797
63 868
64 243
64 468
64 509
64 620
64 716
64 810
64 828
65 79
65 127
65 138
65 205
65 331
65 394
65 417
65 771
66 69
66 244
66 333
66 337
66 376
66 401
66 423
66 730
66 805
66 824
66 1027
67 194
67 481
68 100
68 126
68 322
68 347
68 444
68 532
68 692
68 818
68 905
68 918
68 1003
69 333
69 457
70 86
70 231
70 288
70 353
70 538
70 541
70 638
70 725
70 884
70 904
70 1033
70 1034
71 857
71 935
72 82
72 118
72 142
72 152
72 182
72 398
72 448
72 512
72 553
72 589
72 591
72 610
72 686
72 700
72 751
73 121
73 132
73 211
73 268
73 289
73 466
73 664
73 833
74 103
74 122
74 143
74 259
74 502
74 586
74 845
74 1019
75 77
75 81
75 89
75 91
75 108
75 247
75 293
75 312
75 358
75 406
75 499
75 519
75 556
75 749
75 816
75 850
75 918
75 968
76 452
76 849
77 81
77 132
77 197
77 207
77 264
77 332
77 367
77 418
77 429
77 435
77 439
77 493
77 507
77 589
77 627
77 670
77 691
77 693
77 796
77 825
77 830
77 860
77 861
77 908
77 926
77 950
77 992
78 83
78 221
78 596
78 611
78 741
79 129
79 130
79 131
79 251
79 254
79 300
79 455
79 817
79 932
80 233
80 235
80 272
80 294
80 310
80 383
80 453
80 658
80 757
80 800
80 823
80 922
80 943
81 161
81 193
81 278
81 473
81 665
83 116
83 127
83 163
83 165
83 176
83 225
83 247
83 270
83 276
83 320
83 364
83 399
83 465
83 544
83 598
83 615
83 618
83 823
83 884
83 889
84 149
84 173
84 271
84 348
84 395
84 483
84 536
84 563
84 575
84 588
84 642
84 688
84 758
84 854
84 976
84 981
84 1034
85 133
85 135
85 144
85 150
85 186
85 201
85 210
85 420
85 422
85 569
85 575
85 651
85 1015
86 102
86 125
86 155
86 284
86 323
86 484
86 568
86 688
87 227
87 316
87 487
87 761
87 877
87 964
87 980
87 1032
88 94
88 95
88 412
88 619
88 663
88 817
88 915
88 959
88 1003
89 96
89 159
89 346
89 366
89 496
89 594
89 643
89 684
89 971
90 109
90 152
90 156
90 275
90 395
90 408
90 454
90 467
90 535
90 675
90 848
90 892
90 967
90 1036
91 164
91 179
91 186
91 215
91 362
91 417
91 487
91 539
91 558
91 561
91 692
91 706
91 801
91 902
91 925
92 349
93 115
93 153
93 176
93 229
93 250
93 375
93 409
93 435
93 665
93 820
93 943
93 966
93 978
94 989
95 225
95 479
95 494
95 614
95 737
95 808
96 148
97 102
97 108
97 117
97 171
97 178
97 416
97 572
97 676
97 737
97 832
97 1005
98 738
98 754
99 112
99 136
99 146
99 177
99 239
99 242
99 255
99 296
99 350
99 369
99 409
99 780
99 789
99 977
99 998
99 1028
100 248
100 299
100 310
100 357
100 618
100 675
100 733
100 746
101 130
101 136
101 200
101 365
101 374
101 485
101 552
101 702
101 910
102 150
102 306
102 415
102 682
102 724
102 855
103 114
103 159
103 265
103 306
103 315
103 384
103 426
103 474
103 860
103 896
104 120
104 183
104 220
104 343
104 410
104 441
104 504
104 765
104 789
105 152
105 196
105 410
106 184
106 288
106 530
106 735
108 138
108 140
108 396
108 561
108 762
109 157
109 185
109 241
109 289
109 315
109 330
109 389
109 460
109 471
109 510
109 536
109 537
109 579
109 654
109 659
109 691
109 720
109 747
109 830
109 935
109 1029
110 213
110 394
110 550
110 599
110 630
110 770
110 989
112 378
112 694
113 169
113 223
113 238
113 500
113 625
113 718
113 874
114 451
115 218
115 237
115 689
115 717
116 192
116 196
116 353
116 753
116 793
117 135
117 263
117 359
117 446
117 549
117 645
117 814
117 907
118 595
118 607
119 285
119 472
119 532
119 573
119 660
119 680
119 729
119 854
119 870
119 901
120 537
120 609
121 1006
122 142
122 222
123 158
123 291
123 749
123 916
123 938
123 959
124 163
124 189
124 461
124 991
125 126
125 405
125 578
125 776
125 844
126 283
126 437
126 683
126 867
127 170
127 175
127 197
127 235
127 238
127 431
127 443
127 490
127 842
128 169
128 223
128 273
128 356
128 489
128 504
128 550
128 603
128 619
128 894
130 873
131 207
131 754
132 214
132 251
132 284
132 443
132 730
134 799
135 143
135 156
135 211
135 459
135 819
135 1001
136 157
136 164
136 277
136 428
136 571
137 258
137 271
137 402
137 407
137 498
137 839
137 851
137 972
137 984
137 994
138 189
138 252
138 263
138 307
138 483
138 597
138 684
138 703
138 813
138 858
139 242
139 317
139 386
139 647
139 771
140 260
140 599
140 801
140 873
140 1021
140 1029
141 157
141 175
141 221
143 175
143 193
143 302
143 414
143 529
144 226
144 230
144 241
144 334
144 346
144 701
145 244
145 330
145 383
145 867
146 724
147 162
147 436
147 948
148 256
148 301
148 362
148 433
149 155
149 162
149 192
149 308
149 378
149 440
149 566
149 626
149 888
149 962
150 188
150 300
150 428
150 630
151 169
151 179
151 245
151 581
151 837
152 190
152 199
152 273
152 338
152 359
152 378
152 460
152 699
152 760
152 762
152 767
152 866
152 1024
154 185
154 516
154 523
154 545
154 681
154 717
155 461
155 900
155 917
156 172
156 337
156 424
156 456
156 553
156 628
156 887
158 178
158 219
158 227
158 322
158 328
158 345
158 462
158 479
158 669
158 893
158 934
158 1000
159 977
160 648
161 170
161 201
161 276
161 375
161 380
161 662
161 756
161 925
161 1007
162 330
162 501
162 600
162 688
162 1005
163 449
163 663
164 287
164 400
164 620
164 645
164 661
164 744
164 814
165 226
165 470
165 492
166 294
167 236
167 298
167 302
167 403
167 605
167 668
167 682
167 878
167 880
168 269
168 453
168 530
168 678
168 687
168 911
168 923
170 194
170 239
170 281
170 419
170 562
170 572
170 697
170 890
171 249
171 279
171 282
171 328
171 508
171 918
171 929
171 985
172 183
172 188
172 311
172 325
172 358
172 371
172 386
172 482
172 491
172 728
173 719
173 775
173 948
174 325
174 379
174 399
174 422
174 669
174 712
175 244
175 291
175 313
175 366
175 405
175 585
175 685
175 711
175 853
175 897
175 913
176 195
176 218
176 539
176 592
176 911
177 236
177 656
177 737
177 746
178 274
178 319
178 332
178 336
178 339
178 514
178 582
178 829
178 917
178 1020
179 266
179 710
179 777
179 921
180 619
181 332
181 430
181 587
181 637
182 374
182 397
182 507
182 630
182 707
183 259
184 193
184 269
184 426
184 503
184 793
184 908
184 999
185 321
185 421
186 432
186 571
187 761
188 212
188 494
189 275
189 357
189 503
189 546
189 833
190 258
190 474
190 516
190 758
190 862
191 374
191 684
191 767
191 778
192 364
192 672
192 837
192 942
192 951
192 1025
193 234
193 415
194 379
194 407
194 455
194 686
194 742
195 462
195 686
195 1004
196 677
196 816
196 959
199 214
199 471
199 649
199 666
199 787
199 990
200 313
200 991
201 252
201 339
202 213
202 379
202 387
202 728
202 861
202 906
202 974
203 206
204 555
204 634
204 896
205 239
205 292
205 399
206 705
207 290
207 434
207 681
207 898
208 639
209 276
209 410
209 659
209 774
209 884
209 898
211 643
212 224
212 277
212 372
212 381
212 847
212 878
213 324
213 404
213 808
213 1039
214 240
214 301
214 331
214 428
214 727
214 888
217 261
217 274
217 304
217 442
217 462
217 473
217 477
217 607
217 626
217 726
217 837
217 841
217 928
218 997
219 352
219 372
219 526
219 603
219 641
219 721
219 944
219 1007
220 572
220 803
221 232
221 234
221 967
221 975
222 678
222 708
222 767
222 982
223 941
224 613
224 615
224 847
224 1001
226 508
227 286
227 392
227 474
227 556
227 602
227 735
228 832
229 400
229 521
232 355
232 422
232 604
232 644
233 382
233 562
234 257
234 322
234 324
234 489
234 508
234 859
234 1021
235 403
235 487
235 698
236 454
236 936
237 514
238 274
238 538
240 270
240 283
240 425
240 469
240 492
240 576
240 1018
240 1026
241 439
241 590
241 592
241 621
241 661
241 754
241 871
241 1031
242 267
243 398
243 513
243 649
243 713
243 717
243 904
243 956
244 546
245 778
246 253
246 629
246 1039
248 309
248 329
249 419
249 475
251 362
252 270
252 464
252 651
252 961
253 497
253 631
253 651
254 606
254 741
254 745
254 932
254 984
255 945
256 307
256 387
256 802
257 303
257 751
259 298
259 317
259 334
259 556
260 678
260 738
260 761
260 764
260 949
261 408
261 434
261 500
261 1031
261 1032
264 334
264 405
265 267
265 854
266 490
266 993
266 1009
267 283
267 406
268 437
269 279
269 319
270 327
270 336
270 351
270 396
270 465
271 409
271 461
271 676
271 769
272 365
272 548
272 633
273 335
273 610
273 764
273 802
273 820
273 912
274 480
274 568
274 582
274 639
274 781
274 790
275 431
275 1021
276 285
276 437
276 470
276 486
276 499
276 519
276 526
276 583
276 680
276 801
276 941
277 304
277 851
279 367
279 544
279 718
280 640
280 706
280 934
281 368
281 984
282 903
283 648
284 491
284 568
285 291
285 320
285 522
285 558
285 618
285 709
285 790
285 831
286 412
287 496
287 530
287 543
287 833
288 309
288 452
288 594
289 785
290 345
290 414
290 882
291 966
292 711
292 970
293 381
293 427
293 759
294 666
294 924
295 301
295 309
295 484
297 734
298 652
298 864
301 355
301 477
301 704
303 307
303 402
303 403
303 540
303 665
303 673
303 707
303 757
303 933
306 486
311 714
311 950
312 376
312 599
313 700
313 877
314 408
314 429
314 865
315 416
316 368
316 475
316 650
316 919
316 981
317 447
318 342
318 703
319 510
319 554
319 783
319 971
320 389
320 390
320 420
320 444
320 456
320 806
321 355
321 471
321 531
321 676
321 718
321 902
321 988
322 335
323 418
323 460
323 838
323 919
324 491
324 521
324 524
324 538
324 897
324 923
326 566
326 672
327 404
327 632
327 768
327 858
328 509
328 564
329 606
329 731
330 427
331 365
331 394
331 786
331 955
331 964
331 1000
332 436
332 606
334 629
334 856
336 354
337 354
338 350
338 841
340 565
340 612
340 666
340 1011
341 785
341 886
342 566
342 646
343 752
343 799
343 988
344 364
344 441
344 570
344 905
345 750
346 382
346 384
346 455
346 524
346 632
346 733
348 349
348 617
348 996
349 370
349 392
349 397
349 506
349 563
349 585
349 590
349 745
349 774
349 993
350 966
353 469
353 927
355 551
356 657
358 781
359 386
359 393
359 520
359 802
359 901
360 424
361 682
362 671
363 416
363 727
363 740
363 903
364 853
364 862
364 868
365 727
366 580
366 660
367 424
367 438
367 516
367 692
367 698
367 973
367 1026
367 1028
368 377
368 402
368 551
368 809
368 842
368 864
369 886
371 496
371 506
371 720
372 642
372 726
372 762
373 784
373 816
374 495
374 763
376 728
376 796
377 551
378 723
378 726
378 768
378 909
380 423
381 593
381 939
382 549
384 815
385 695
385 983
386 445
386 591
387 869
388 406
388 541
388 542
388 558
388 601
388 922
388 956
391 417
391 472
392 574
392 647
392 723
393 714
394 570
396 447
396 448
396 657
396 795
396 836
396 915
396 986
398 719
399 835
399 897
399 910
400 484
400 527
400 637
400 887
403 544
405 548
405 940
406 805
406 890
406 983
407 775
408 425
408 609
408 857
409 443
409 501
409 702
410 957
411 547
411 740
412 598
413 481
414 882
415 804
415 889
415 929
417 743
418 458
418 958
419 616
420 715
420 732
420 781
420 915
420 932
421 640
422 465
422 716
424 442
424 965
426 463
426 564
427 562
427 644
428 924
430 540
430 631
430 731
431 744
431 827
431 920
432 457
432 489
432 495
432 573
432 690
432 702
432 850
432 940
433 464
433 634
433 648
434 510
435 488
437 628
438 473
442 622
442 909
442 920
444 450
444 601
444 720
444 939
446 505
446 776
446 786
447 622
448 517
448 1010
449 868
450 515
450 595
451 736
452 899
454 514
454 779
455 525
455 830
455 1004
456 1006
457 942
458 542
458 584
459 468
460 571
460 946
460 947
461 535
461 575
461 579
461 605
461 638
461 860
461 976
462 696
462 755
466 485
466 501
466 502
466 745
466 843
473 593
473 603
473 610
473 673
473 739
475 488
475 908
476 576
476 694
476 906
476 1029
477 500
477 641
477 735
477 790
480 863
481 658
481 993
483 798
484 499
484 1036
486 523
486 1002
487 636
487 669
487 715
487 859
487 931
487 1038
488 867
489 777
491 540
493 838
494 733
494 894
495 844
496 729
496 756
498 527
499 747
500 780
501 895
501 997
502 723
503 518
503 596
503 831
505 506
505 577
505 851
506 1011
507 877
508 529
509 557
509 973
510 748
511 937
511 940
513 531
513 743
514 545
514 818
515 840
516 853
516 1013
517 621
518 552
520 828
522 631
525 623
526 658
528 649
530 674
534 716
534 758
535 811
536 939
537 708
537 879
537 979
537 985
538 580
538 670
538 904
540 683
540 760
540 937
540 944
540 979
540 985
541 839
542 559
542 623
542 708
542 965
543 950
544 614
544 697
545 653
545 731
545 842
545 852
546 742
546 791
546 935
548 657
548 1034
548 1035
549 1020
550 710
550 871
551 845
554 591
554 662
554 921
554 957
554 991
554 995
557 580
557 875
558 875
561 668
562 616
562 892
564 926
565 803
567 1023
567 1030
568 699
570 811
572 624
572 695
573 617
574 913
576 586
576 820
578 965
579 827
580 608
580 634
580 953
581 769
582 602
582 709
583 792
584 590
584 625
584 713
584 797
584 857
584 1038
586 872
587 930
589 967
589 970
590 607
591 804
591 843
591 847
591 944
594 613
594 775
595 990
596 734
597 912
600 755
602 701
602 773
602 936
602 972
603 1027
606 668
606 913
606 917
610 963
612 1014
614 691
614 960
615 736
616 643
617 928
617 954
619 1019
620 713
620 855
621 1008
622 689
622 722
624 650
625 753
626 674
627 734
628 822
628 855
628 957
629 782
630 1025
633 693
634 873
637 906
641 876
641 901
643 946
643 1008
644 721
646 806
647 660
649 677
649 953
650 823
657 768
657 963
657 996
658 699
658 711
662 910
663 912
664 914
669 724
671 707
672 961
677 969
678 694
678 738
678 856
678 997
680 846
681 960
688 863
688 909
689 958
691 916
692 983
695 834
696 825
697 831
697 986
699 770
699 1009
700 925
700 938
707 921
712 819
712 879
713 783
714 756
715 1002
717 886
717 929
717 974
719 757
720 978
721 834
722 752
723 835
726 887
728 955
732 844
733 856
734 1012
735 898
739 883
741 791
742 916
745 748
745 792
745 828
749 885
751 928
752 826
752 836
752 869
753 778
753 870
753 975
755 780
755 951
756 760
760 821
763 893
767 788
768 1009
769 796
769 846
771 871
773 800
773 911
776 866
777 811
778 862
784 1027
788 1015
789 1022
791 872
792 974
796 807
796 975
797 812
802 1015
807 822
809 976
814 836
816 881
817 949
819 822
821 1001
822 883
829 848
832 1005
833 838
833 885
833 962
834 891
841 1003
848 930
852 865
852 995
854 1014
854 1035
854 1037
856 1010
861 900
861 951
862 953
871 941
879 992
882 986
883 1022
885 899
895 1016
904 1026
909 994
915 919
919 1028
927 1011
930 972
931 945
931 1014
931 1038
936 955
937 947
940 996
943 968
956 980
958 962
962 1023
964 978
979 1017
995 999
995 1012
1015 1030
