0 1
0 2
0 3
0 4
0 5
0 6
0 7
0 8
0 9
0 10
0 12
0 14
0 16
0 17
0 18
0 19
0 21
0 22
0 23
0 24
0 37
0 44
0 48
0 49
0 50
0 60
0 61
0 62
0 65
0 71
0 89
0 95
0 97
0 110
0 113
0 114
0 127
0 136
0 142
0 143
0 154
0 157
0 172
0 183
0 185
0 199
0 203
0 225
0 252
0 258
0 261
0 262
0 271
0 273
0 288
0 291
0 307
0 316
0 329
0 331
0 340
0 380
0 471
0 485
0 496
0 502
0 511
0 521
0 539
0 547
0 558
0 564
0 568
0 573
0 589
0 620
0 622
0 624
0 655
0 694
0 701
0 751
0 778
0 779
0 781
0 782
0 783
0 793
0 796
0 805
0 806
0 809
0 820
0 841
0 869
0 882
0 898
0 921
0 946
0 958
0 959
0 960
0 963
1 100
1 193
1 233
1 649
1 703
2 4
2 16
2 23
2 244
2 253
2 416
2 429
2 437
2 532
2 679
2 681
2 744
2 756
2 870
2 901
3 4
3 5
3 6
3 13
3 19
3 43
3 50
3 66
3 67
3 68
3 122
3 155
3 156
3 161
3 177
3 190
3 191
3 202
3 221
3 272
3 281
3 315
3 337
3 352
3 379
3 411
3 427
3 430
3 435
3 443
3 490
3 574
3 578
3 758
3 874
3 891
4 5
4 9
4 10
4 12
4 15
4 16
4 17
4 21
4 27
4 28
4 29
4 30
4 31
4 33
4 36
4 39
4 47
4 50
4 52
4 53
4 56
4 58
4 79
4 86
4 93
4 101
4 106
4 112
4 113
4 121
4 125
4 172
4 179
4 181
4 192
4 204
4 208
4 212
4 218
4 237
4 238
4 245
4 273
4 281
4 319
4 337
4 358
4 365
4 388
4 410
4 418
4 421
4 427
4 472
4 483
4 496
4 499
4 513
4 541
4 557
4 567
4 595
4 605
4 616
4 672
4 698
4 721
4 726
4 739
4 775
4 790
4 840
4 875
4 889
4 916
4 917
4 919
4 922
4 930
4 943
4 966
5 6
5 7
5 8
5 11
5 15
5 23
5 26
5 34
5 40
5 43
5 45
5 48
5 49
5 53
5 55
5 60
5 68
5 84
5 92
5 93
5 104
5 112
5 120
5 131
5 133
5 141
5 145
5 160
5 163
5 168
5 172
5 173
5 213
5 241
5 281
5 291
5 296
5 306
5 317
5 328
5 334
5 398
5 408
5 419
5 435
5 448
5 456
5 459
5 478
5 504
5 515
5 530
5 557
5 577
5 583
5 588
5 602
5 660
5 661
5 695
5 733
5 793
5 848
5 851
5 878
5 879
5 893
5 904
5 944
5 954
6 7
6 10
6 12
6 14
6 20
6 21
6 37
6 38
6 41
6 46
6 52
6 60
6 77
6 83
6 104
6 107
6 118
6 151
6 178
6 188
6 230
6 234
6 269
6 334
6 359
6 365
6 433
6 434
6 457
6 479
6 519
6 540
6 545
6 606
6 657
6 682
6 711
6 792
6 809
6 841
6 847
6 861
6 901
7 8
7 9
7 11
7 20
7 22
7 25
7 30
7 35
7 36
7 47
7 57
7 62
7 70
7 83
7 92
7 108
7 109
7 123
7 144
7 171
7 175
7 206
7 293
7 339
7 423
7 424
7 439
7 500
7 503
7 587
7 654
7 676
7 756
7 791
7 827
7 886
7 940
7 952
7 959
7 961
8 13
8 18
8 25
8 32
8 33
8 52
8 57
8 75
8 78
8 79
8 96
8 122
8 152
8 180
8 185
8 209
8 211
8 215
8 216
8 227
8 228
8 256
8 259
8 278
8 339
8 398
8 402
8 423
8 463
8 540
8 543
8 555
8 559
8 582
8 647
8 660
8 661
8 757
8 797
8 832
8 909
8 956
9 11
9 14
9 25
9 27
9 29
9 30
9 41
9 56
9 58
9 59
9 63
9 70
9 71
9 99
9 119
9 123
9 127
9 136
9 142
9 146
9 149
9 151
9 154
9 168
9 170
9 180
9 202
9 234
9 242
9 247
9 254
9 259
9 300
9 307
9 345
9 350
9 362
9 363
9 364
9 380
9 385
9 419
9 422
9 427
9 441
9 447
9 456
9 475
9 488
9 526
9 609
9 626
9 638
9 650
9 706
9 755
9 827
9 831
9 854
9 882
9 900
9 943
10 17
10 22
10 26
10 31
10 32
10 37
10 40
10 42
10 57
10 63
10 64
10 79
10 85
10 107
10 111
10 117
10 126
10 141
10 169
10 179
10 195
10 240
10 246
10 255
10 263
10 341
10 401
10 407
10 454
10 462
10 482
10 487
10 500
10 505
10 526
10 535
10 537
10 579
10 582
10 589
10 613
10 685
10 692
10 743
10 765
10 781
10 871
10 893
11 128
11 357
11 622
12 13
12 15
12 18
12 24
12 55
12 58
12 67
12 94
12 96
12 102
12 116
12 124
12 137
12 147
12 235
12 236
12 251
12 265
12 266
12 277
12 285
12 294
12 684
12 687
12 839
13 34
13 51
13 169
13 186
13 242
13 265
13 356
13 434
13 546
13 664
13 802
14 29
14 35
14 71
14 82
14 130
14 170
14 174
14 197
14 213
14 243
14 267
14 276
14 297
14 316
14 408
14 439
14 686
14 696
14 925
15 40
15 80
15 107
15 135
15 154
15 224
15 234
15 248
15 254
15 260
15 307
15 347
15 368
15 394
15 397
15 681
15 774
15 856
15 899
15 950
16 19
16 20
16 39
16 45
16 54
16 73
16 90
16 102
16 120
16 123
16 155
16 166
16 182
16 270
16 297
16 327
16 375
16 391
16 412
16 437
16 467
16 514
16 592
16 645
16 712
16 790
16 850
16 930
17 62
17 143
17 189
17 239
17 274
17 298
17 559
17 703
17 929
18 54
18 148
18 187
18 233
18 324
18 597
18 620
18 699
19 32
19 76
19 100
19 311
19 329
19 456
19 495
19 666
19 674
19 793
19 935
20 59
20 69
20 77
20 90
20 127
20 150
20 230
20 338
20 348
20 372
20 451
20 457
20 508
20 514
20 566
20 567
20 584
20 586
20 588
20 673
20 781
20 804
20 856
20 873
21 24
21 27
21 64
21 77
21 175
21 182
21 203
21 214
21 237
21 285
21 349
21 387
21 404
21 409
21 484
21 565
21 591
21 759
21 805
21 890
22 74
22 75
22 225
22 249
22 253
22 309
22 330
22 359
22 459
22 488
22 498
22 502
22 868
22 872
22 931
22 950
23 28
23 35
23 39
23 46
23 88
23 131
23 144
23 153
23 156
23 162
23 164
23 166
23 231
23 268
23 282
23 288
23 331
23 383
23 388
23 459
23 520
23 523
23 562
23 686
23 765
23 824
23 926
24 26
24 44
24 264
24 438
24 536
24 604
24 725
25 28
25 31
25 66
25 84
25 85
25 91
25 97
25 98
25 113
25 120
25 128
25 131
25 146
25 157
25 159
25 169
25 200
25 251
25 290
25 326
25 351
25 352
25 358
25 383
25 401
25 464
25 483
25 592
25 594
25 603
25 611
25 652
25 660
25 666
25 679
25 680
25 716
25 764
25 872
25 881
25 884
26 47
26 74
26 171
26 245
26 480
26 611
26 632
26 656
26 788
26 852
26 863
26 865
27 108
27 145
27 184
27 356
27 362
27 442
27 491
27 515
27 526
27 583
27 957
28 34
28 44
28 88
28 91
28 135
28 147
28 192
28 258
28 324
28 351
28 370
28 509
28 546
28 595
28 612
28 633
28 691
28 918
29 33
29 42
29 51
29 54
29 69
29 105
29 110
29 176
29 188
29 199
29 220
29 222
29 305
29 485
29 561
29 569
29 576
29 619
29 661
29 746
29 844
29 880
29 903
30 38
30 46
30 129
30 250
30 282
30 299
30 305
30 313
30 341
30 585
30 611
30 638
31 36
31 132
31 787
32 53
32 142
32 186
32 266
32 313
32 385
32 412
32 442
32 785
32 851
32 926
33 117
33 211
33 239
33 243
33 451
33 544
33 591
33 618
33 704
34 65
34 67
34 93
34 116
34 124
34 185
34 192
34 303
34 312
34 366
34 374
34 398
34 515
34 587
34 622
34 756
34 807
34 816
35 42
35 49
35 56
35 81
35 115
35 126
35 138
35 161
35 171
35 198
35 414
35 531
35 574
35 576
35 625
35 629
35 642
35 645
35 727
35 808
35 813
35 866
35 870
35 910
35 912
35 920
35 921
35 965
36 87
36 112
36 175
36 206
36 284
36 355
36 586
36 676
37 38
37 105
37 148
37 242
37 263
37 308
37 888
38 41
38 89
38 92
38 223
38 246
38 475
38 554
38 637
38 880
39 48
39 51
39 65
39 86
39 170
39 187
39 258
39 283
39 286
39 310
39 322
39 372
39 390
39 605
39 659
39 709
39 769
39 826
39 964
40 45
40 202
40 229
40 260
40 441
40 641
40 710
40 767
40 833
40 868
40 890
40 909
41 43
41 55
41 84
41 104
41 121
41 173
41 240
41 280
41 297
41 366
41 409
41 415
41 473
41 590
41 673
41 709
41 760
41 828
41 841
41 843
41 850
42 99
42 103
42 119
42 191
42 391
42 487
42 735
42 811
43 72
43 152
43 158
43 173
43 196
43 216
43 217
43 249
43 308
43 312
43 319
43 346
43 376
43 383
43 395
43 466
43 487
43 506
43 525
43 527
43 534
43 538
43 575
43 617
43 630
43 675
43 683
43 689
43 767
43 894
43 942
44 66
44 81
44 114
44 196
44 221
44 306
44 376
44 470
44 558
44 735
44 952
45 101
45 116
45 133
45 137
45 279
45 291
45 318
45 322
45 353
45 631
45 636
46 61
47 165
47 273
47 275
47 310
47 321
47 362
47 386
47 607
47 748
47 899
48 221
48 390
48 505
48 582
48 965
49 61
49 68
49 69
49 70
49 80
49 81
49 114
49 150
49 157
49 161
49 167
49 178
49 205
49 304
49 323
49 380
49 399
49 433
49 505
49 541
49 576
49 608
49 641
50 59
50 103
50 220
50 225
50 389
50 440
50 458
50 504
50 522
50 563
50 585
50 649
50 689
50 779
50 812
50 861
50 913
50 927
51 64
51 181
51 209
51 373
51 458
51 584
51 710
51 720
51 818
52 63
52 108
52 201
52 219
52 222
52 254
52 257
52 290
52 345
52 388
52 463
52 494
52 550
52 602
52 638
52 655
52 659
52 830
52 833
52 888
53 110
53 140
53 215
53 405
53 731
53 837
54 73
54 75
54 98
54 223
54 244
54 365
54 381
54 415
54 426
54 506
54 577
54 684
54 698
54 833
54 858
55 262
55 452
55 564
56 210
56 299
56 322
56 363
56 374
56 421
56 449
56 520
56 629
56 724
56 734
56 945
57 83
57 122
57 190
57 194
57 248
57 256
57 524
57 656
58 446
58 464
58 522
58 650
58 951
59 72
59 82
59 90
59 94
59 129
59 158
59 189
59 214
59 226
59 267
59 301
59 304
59 305
59 319
59 336
59 338
59 361
59 449
59 458
59 461
59 510
59 559
59 568
59 619
59 654
59 683
59 688
59 695
59 727
59 845
59 846
60 231
60 268
60 492
60 701
60 732
60 830
61 73
61 89
61 529
61 644
62 85
62 87
62 101
62 138
62 197
62 275
62 395
62 406
62 425
62 453
62 486
62 873
63 134
63 270
63 280
63 294
63 333
63 503
63 511
64 80
64 96
64 99
64 109
64 137
64 189
64 314
64 330
64 343
64 431
64 495
64 508
64 512
64 658
64 674
64 726
64 808
64 911
65 95
65 102
65 139
65 147
65 190
65 235
65 332
65 432
65 494
65 534
65 539
65 607
65 728
65 729
65 953
65 962
66 208
66 276
66 295
66 327
66 387
66 443
66 550
66 571
66 597
66 600
66 715
66 720
66 813
67 378
68 74
68 88
68 100
68 121
68 130
68 196
68 229
68 262
68 272
68 292
68 373
68 489
68 495
68 555
68 583
68 603
68 631
68 672
68 712
68 742
68 862
68 876
68 905
69 76
69 78
69 194
69 257
69 393
69 484
69 635
69 684
70 72
70 78
70 86
70 91
70 97
70 106
70 130
70 134
70 136
70 139
70 180
70 232
70 247
70 261
70 287
70 288
70 290
70 303
70 312
70 349
70 390
70 483
70 539
70 563
70 596
70 630
70 634
70 639
70 643
70 648
70 651
70 698
70 733
70 786
70 881
70 895
70 905
70 919
71 182
72 210
72 249
72 301
72 308
72 462
72 479
72 556
72 572
72 617
72 657
72 675
72 717
72 728
72 739
72 762
72 855
73 76
73 255
73 490
73 521
73 548
73 560
73 826
73 837
73 920
73 953
74 141
74 326
74 361
74 399
74 501
74 518
74 600
74 687
75 82
75 168
75 201
75 275
75 354
75 538
75 673
75 700
75 776
76 111
76 125
76 132
76 138
76 164
76 187
76 360
76 367
76 382
76 395
76 503
76 573
76 595
76 907
76 944
76 966
77 133
77 219
78 117
78 167
78 194
78 212
78 238
78 293
78 806
78 854
79 417
79 420
79 426
79 453
79 520
79 537
79 629
79 891
80 87
80 111
80 115
80 166
80 286
80 340
80 497
80 533
80 806
80 846
80 853
80 874
81 103
81 150
81 152
81 165
81 349
81 355
81 379
81 455
81 540
81 579
81 615
81 665
81 722
81 754
81 814
81 820
81 848
81 926
82 119
82 204
82 217
82 467
83 248
83 311
83 371
83 585
83 605
84 226
84 699
84 733
85 94
85 95
85 109
85 140
85 149
85 179
85 195
85 224
85 510
85 527
85 593
85 658
85 740
85 759
85 761
85 810
86 145
86 164
86 367
86 504
86 571
86 594
86 844
86 858
87 98
87 106
87 224
87 257
87 357
87 359
87 381
87 399
87 688
88 160
89 118
89 176
89 186
89 212
89 216
89 223
89 436
89 580
89 786
89 895
90 129
90 149
90 174
90 208
90 232
90 417
90 438
90 570
90 746
90 906
91 206
91 255
91 517
91 615
91 955
92 125
92 128
92 317
92 450
92 455
92 516
92 630
93 126
93 265
93 286
93 410
93 463
93 471
93 632
93 743
93 810
94 105
94 134
94 162
94 163
94 176
94 193
94 210
94 287
94 304
94 315
94 337
94 421
94 518
94 562
94 609
94 614
94 672
94 690
94 720
94 736
94 749
94 754
94 784
94 819
94 822
94 832
94 939
94 957
95 392
95 581
95 597
95 859
96 325
96 445
97 392
97 466
97 474
97 485
97 574
97 607
97 649
97 858
98 198
98 731
99 732
100 471
100 802
100 943
101 473
101 722
102 155
102 220
102 226
102 237
102 252
102 429
102 506
102 507
102 509
102 527
102 551
102 648
102 785
102 857
102 923
102 948
103 115
103 603
103 745
104 139
104 671
104 790
105 124
105 135
105 227
105 296
105 461
105 707
105 829
105 831
105 834
105 883
105 945
106 724
106 732
106 738
107 144
107 231
107 477
107 764
107 815
108 162
108 309
108 937
109 140
109 148
109 229
109 240
109 250
109 269
109 347
109 406
109 446
109 480
109 604
109 714
109 762
110 203
110 318
110 340
110 587
110 662
110 919
111 343
111 474
112 289
112 695
113 320
113 568
114 385
114 436
115 118
115 153
115 200
115 382
115 889
116 279
116 381
117 205
117 457
117 741
118 218
118 263
118 324
118 358
118 374
118 553
118 807
118 928
119 269
119 552
119 941
120 378
120 606
121 177
121 403
121 839
122 252
122 332
122 470
123 132
123 184
123 207
123 244
123 327
123 342
123 350
123 409
123 552
123 710
123 761
125 158
125 389
125 391
125 412
126 232
126 298
126 309
126 335
126 341
126 367
126 378
126 482
126 498
126 544
126 553
126 690
126 734
126 751
126 835
126 836
127 143
127 160
127 178
127 188
127 193
127 222
127 289
127 314
127 351
127 393
127 428
127 440
127 450
127 497
127 529
127 580
127 599
127 788
127 813
127 925
127 927
128 177
128 278
128 311
128 326
128 452
128 863
129 339
129 344
129 437
131 183
131 369
131 608
132 343
132 370
132 372
132 445
132 949
133 267
133 528
133 798
134 211
134 214
134 842
136 227
137 153
137 163
137 251
137 402
137 434
137 651
137 917
137 966
138 151
138 159
138 301
138 310
138 387
138 494
138 531
138 592
138 640
138 724
138 746
138 754
138 791
139 146
139 274
139 581
139 763
139 954
140 659
141 272
141 377
141 420
141 547
141 669
141 716
142 174
142 200
142 253
142 261
142 302
142 376
142 573
142 958
143 213
143 228
143 230
143 241
143 663
144 207
144 524
147 184
147 303
147 834
149 397
149 626
149 744
150 156
150 243
150 250
150 274
150 665
150 770
150 797
150 799
150 852
151 165
151 204
151 236
151 628
151 821
152 181
153 384
153 604
153 740
154 159
154 195
154 293
154 393
154 768
155 183
155 245
155 277
155 292
155 313
155 320
155 384
155 424
155 431
155 448
155 548
156 686
156 752
157 199
157 219
157 400
157 625
157 777
157 913
158 413
158 718
158 822
160 205
160 699
160 713
160 752
160 765
161 264
162 198
162 652
162 653
163 599
164 167
164 270
164 287
164 300
164 352
164 452
164 623
164 750
164 751
164 779
165 492
166 268
166 276
166 371
166 432
166 450
166 565
166 677
166 770
167 379
167 415
167 544
167 626
167 675
167 814
167 843
168 201
168 306
168 469
168 823
169 564
169 877
170 197
170 328
170 384
170 414
170 420
170 533
170 549
170 758
170 963
171 323
171 646
171 664
171 887
172 209
172 239
172 260
172 389
172 860
173 279
173 530
173 590
175 217
175 271
176 191
176 207
176 247
176 329
176 416
176 482
176 593
178 266
178 639
178 668
178 914
179 271
179 801
180 403
181 670
181 916
182 284
182 689
182 771
183 328
183 444
184 474
185 397
185 676
185 885
186 578
187 694
187 803
188 356
188 889
190 299
190 369
190 436
190 468
190 476
190 729
191 264
191 320
191 744
191 906
191 907
194 334
195 215
195 228
195 426
195 472
195 624
195 722
195 762
195 812
196 300
196 465
197 235
197 404
197 803
198 681
198 768
198 902
199 401
199 489
199 677
200 241
200 284
200 292
200 481
200 853
200 873
200 934
201 333
201 451
202 285
203 259
203 557
203 918
204 476
206 295
206 318
206 332
206 368
206 493
206 600
206 601
206 730
206 918
206 955
208 647
208 683
209 218
209 344
209 350
209 425
209 688
209 705
209 840
209 884
209 893
210 294
211 353
211 419
211 567
211 703
211 801
211 881
211 925
212 575
212 875
213 330
213 364
213 405
213 462
213 532
213 795
213 866
214 738
215 335
215 369
215 460
215 581
215 601
216 233
216 516
216 518
216 811
217 511
219 360
219 400
220 295
220 321
220 373
220 386
220 394
220 396
220 449
220 541
220 929
221 236
222 354
222 575
222 598
222 662
223 302
223 400
223 407
223 440
223 444
223 454
223 519
223 535
223 561
223 650
224 700
224 830
225 238
225 353
225 404
225 537
225 960
227 278
227 302
227 377
227 669
227 697
227 759
227 818
228 357
228 394
228 514
228 921
229 323
229 435
229 439
229 492
229 636
229 637
230 651
230 697
230 723
230 739
230 817
231 413
231 428
231 499
231 692
231 706
231 805
232 619
232 633
232 823
233 315
233 549
234 764
235 618
235 895
235 954
236 548
237 348
238 333
238 685
238 785
239 491
240 321
240 460
240 542
240 570
240 758
240 807
242 314
242 402
242 542
242 948
243 422
243 737
243 771
244 855
245 246
245 347
245 422
245 644
245 789
246 718
247 493
247 687
248 282
248 861
249 545
250 256
250 280
250 283
250 298
250 364
250 636
250 729
250 750
250 843
251 481
251 542
251 556
251 897
252 335
252 447
252 489
252 501
252 584
252 682
252 711
252 899
254 416
254 632
254 749
254 757
257 345
257 371
257 396
257 438
257 510
257 543
257 867
257 896
258 413
258 430
258 556
258 747
258 750
258 795
258 946
259 433
259 624
259 705
259 917
260 348
260 512
260 842
261 460
261 488
261 616
261 663
262 682
262 748
264 714
265 289
265 469
265 666
265 890
266 325
266 403
266 653
266 932
267 612
268 277
268 803
269 414
270 532
270 823
272 640
273 344
273 669
274 331
274 375
274 723
274 857
274 884
275 445
275 508
275 561
276 396
276 519
276 596
276 621
276 709
276 721
277 325
277 621
277 715
278 700
278 863
279 370
279 444
279 907
280 631
281 283
282 417
284 662
284 704
284 937
286 536
286 554
286 915
286 930
286 933
287 361
287 375
288 500
288 610
288 773
289 713
291 942
292 411
292 423
292 838
293 296
293 513
293 849
293 951
294 317
294 560
294 792
295 623
296 523
297 342
297 815
298 342
300 596
300 627
300 647
300 825
300 867
301 316
301 430
301 467
301 610
301 825
301 852
302 670
304 915
306 468
306 490
306 635
307 455
307 655
308 408
308 468
308 900
309 336
309 716
310 346
310 613
311 717
313 446
313 816
313 904
313 922
314 442
315 448
315 634
315 798
315 872
316 363
316 493
317 428
317 535
317 745
318 643
318 690
318 936
319 577
319 753
319 910
320 912
320 941
321 366
321 824
321 939
321 964
322 431
322 469
322 707
322 787
323 601
324 465
325 336
325 501
326 846
327 896
328 465
330 613
331 368
331 512
331 708
331 794
331 831
333 956
334 418
334 842
334 902
334 944
335 338
335 425
335 809
336 382
336 443
336 609
337 554
337 725
338 355
339 623
339 952
340 360
340 610
341 354
342 908
343 346
343 432
343 708
343 818
344 486
346 525
346 645
346 828
346 965
347 392
347 797
349 528
349 776
349 784
352 484
352 821
352 940
353 470
353 477
353 517
353 598
353 646
358 800
360 429
360 466
360 486
360 507
360 934
361 808
362 386
362 617
362 865
362 885
362 935
363 498
363 694
363 761
364 472
364 931
366 834
369 525
369 621
369 915
371 478
371 534
371 693
372 377
374 411
374 477
374 678
375 405
375 464
375 612
376 406
376 441
376 497
376 551
376 580
376 627
376 728
376 742
376 772
376 796
376 885
376 924
377 502
378 530
378 545
378 848
378 888
378 923
379 453
379 480
379 643
380 627
380 850
382 912
383 704
383 827
383 962
384 418
384 476
384 615
384 903
385 902
386 407
386 479
386 553
386 667
387 549
389 656
389 865
389 867
391 713
391 766
392 563
393 410
393 569
393 571
393 625
394 481
394 533
394 558
394 770
394 962
395 760
397 507
398 771
399 862
400 424
401 685
402 777
403 522
403 606
403 782
403 788
404 461
404 478
404 780
404 799
404 871
404 887
405 496
405 547
405 640
405 664
405 836
405 860
408 529
408 963
409 719
409 814
409 878
409 897
412 565
412 775
412 847
415 668
418 855
420 679
421 591
421 932
425 528
426 701
428 578
428 757
428 911
430 562
430 693
430 778
432 447
433 714
434 454
434 543
434 552
435 849
436 536
436 588
436 747
436 810
436 942
439 473
441 847
443 491
443 642
443 692
444 531
444 804
445 499
445 521
445 608
445 953
447 772
447 804
449 517
449 677
450 509
451 475
453 736
454 646
460 817
461 755
461 929
462 914
465 599
465 753
466 642
466 832
466 892
468 524
468 637
468 837
469 551
469 931
471 550
472 657
472 749
472 775
472 784
473 894
476 566
476 616
476 920
477 620
479 939
481 696
481 906
484 737
485 812
487 634
487 734
491 523
491 934
493 862
493 901
499 560
499 787
500 708
501 711
501 718
502 633
502 667
502 883
502 938
505 555
505 741
505 838
506 516
506 658
506 844
506 864
507 513
509 598
510 538
510 745
510 940
512 663
513 652
513 653
513 697
514 678
519 773
520 680
521 590
521 593
521 705
521 783
521 864
521 875
522 546
522 566
522 727
522 935
524 869
525 707
525 880
528 777
531 782
531 825
532 706
533 671
533 740
534 589
534 628
534 908
538 783
539 665
539 736
539 854
540 904
541 691
541 819
542 696
545 773
546 572
550 586
550 938
551 748
551 905
552 602
556 853
558 670
558 892
559 569
559 725
559 951
561 614
561 639
561 719
562 678
563 715
563 838
564 570
564 897
565 579
565 702
565 730
565 824
566 572
567 614
569 618
569 628
570 743
575 680
577 594
577 693
578 726
579 712
580 789
582 741
587 815
589 674
590 800
590 898
591 731
591 839
592 635
598 822
598 859
598 876
600 730
607 819
608 835
609 644
610 924
612 766
612 769
614 763
615 742
616 869
616 941
617 913
617 936
618 849
619 769
619 816
622 864
624 882
625 654
625 772
626 641
626 702
626 879
626 892
627 648
627 802
627 909
627 911
628 840
630 747
630 774
636 723
636 776
636 780
637 900
639 801
640 671
640 735
641 798
643 964
645 667
646 668
649 857
652 691
654 760
654 763
658 789
658 794
659 766
659 767
660 898
660 960
663 768
664 753
666 877
667 955
670 778
671 928
673 927
678 829
679 702
684 721
684 868
684 916
685 738
686 817
689 959
691 883
691 923
693 752
693 792
694 877
697 859
700 933
705 719
706 914
707 774
711 794
712 717
712 737
712 755
712 800
712 821
719 795
720 928
721 799
723 886
724 922
726 871
727 791
730 874
736 894
739 938
745 829
747 780
748 946
753 820
753 866
757 950
759 949
760 828
762 886
763 856
764 811
771 835
771 910
771 957
773 786
773 826
773 836
782 845
788 936
790 796
791 870
794 876
799 845
800 860
801 958
806 878
822 851
827 896
827 948
847 887
849 956
850 945
861 908
873 879
873 903
873 932
873 937
875 924
878 961
885 947
888 891
893 961
899 947
923 933
928 947
934 949
