0 1
0 2
0 3
0 4
0 5
0 6
0 7
0 8
0 9
0 10
0 11
0 14
0 15
0 16
0 18
0 19
0 20
0 23
0 25
0 27
0 29
0 35
0 39
0 40
0 63
0 65
0 66
0 69
0 74
0 80
0 83
0 86
0 87
0 94
0 96
0 99
0 101
0 105
0 110
0 118
0 121
0 130
0 131
0 155
0 160
0 161
0 163
0 167
0 171
0 181
0 190
0 211
0 214
0 218
0 219
0 242
0 243
0 244
0 253
0 270
0 301
0 304
0 308
0 320
0 347
0 359
0 371
0 382
0 386
0 400
0 414
0 420
0 421
0 430
0 444
0 448
0 462
0 464
0 471
0 473
0 476
0 505
0 511
0 528
0 533
0 545
0 566
0 578
0 598
0 606
0 621
0 642
0 647
0 668
0 669
0 673
0 681
0 686
0 690
0 698
0 714
0 768
0 804
0 822
0 829
0 860
0 898
0 947
0 948
0 949
0 986
1 24
1 41
1 58
1 73
1 85
1 120
1 130
1 175
1 177
1 257
1 312
1 329
1 405
1 448
1 522
1 820
1 908
1 946
2 4
2 9
2 13
2 37
2 38
2 63
2 65
2 103
2 105
2 136
2 271
2 420
2 456
2 548
2 628
2 737
2 749
2 874
2 878
2 903
3 4
3 5
3 6
3 8
3 10
3 14
3 20
3 21
3 26
3 27
3 32
3 34
3 40
3 52
3 55
3 56
3 62
3 76
3 106
3 111
3 121
3 124
3 138
3 156
3 185
3 188
3 194
3 207
3 221
3 223
3 248
3 262
3 298
3 303
3 317
3 327
3 334
3 345
3 358
3 374
3 394
3 403
3 406
3 414
3 424
3 436
3 463
3 480
3 494
3 500
3 527
3 532
3 552
3 555
3 569
3 583
3 590
3 592
3 595
3 609
3 617
3 643
3 648
3 671
3 692
3 719
3 735
3 738
3 740
3 757
3 779
3 789
3 815
3 820
3 843
3 851
3 871
3 876
3 892
3 923
3 930
4 5
4 6
4 7
4 14
4 15
4 16
4 18
4 31
4 35
4 42
4 56
4 60
4 66
4 68
4 84
4 105
4 119
4 126
4 132
4 135
4 140
4 143
4 166
4 234
4 239
4 252
4 263
4 330
4 331
4 341
4 369
4 379
4 398
4 438
4 454
4 608
4 614
4 638
4 659
4 693
4 695
4 708
4 732
4 755
4 758
4 769
4 791
4 870
4 919
4 936
4 979
4 990
5 16
5 17
5 34
5 42
5 63
5 70
5 78
5 81
5 93
5 101
5 124
5 140
5 219
5 236
5 263
5 288
5 328
5 430
5 468
5 481
5 517
5 524
5 737
5 831
5 890
5 910
6 7
6 8
6 10
6 11
6 12
6 13
6 15
6 21
6 22
6 23
6 26
6 28
6 29
6 33
6 36
6 42
6 46
6 47
6 54
6 64
6 72
6 75
6 83
6 84
6 85
6 87
6 92
6 95
6 107
6 113
6 116
6 117
6 119
6 120
6 132
6 133
6 135
6 143
6 145
6 146
6 175
6 191
6 215
6 233
6 235
6 239
6 244
6 253
6 274
6 277
6 283
6 288
6 295
6 297
6 310
6 318
6 320
6 337
6 345
6 353
6 356
6 368
6 375
6 381
6 395
6 404
6 422
6 426
6 447
6 455
6 491
6 509
6 519
6 523
6 539
6 552
6 590
6 618
6 622
6 661
6 687
6 693
6 700
6 705
6 706
6 710
6 713
6 717
6 723
6 743
6 748
6 750
6 752
6 765
6 771
6 785
6 787
6 801
6 852
6 888
6 899
6 901
6 922
6 952
6 964
6 966
6 985
7 11
7 12
7 54
7 82
7 89
7 128
7 158
7 174
7 183
7 307
7 350
7 478
7 509
7 557
7 592
7 731
8 9
8 17
8 30
8 36
8 38
8 39
8 44
8 48
8 56
8 97
8 100
8 136
8 224
8 279
8 304
8 378
8 423
8 460
8 577
8 672
8 692
8 793
8 833
8 936
8 960
9 108
9 115
9 134
9 147
9 235
9 326
9 398
9 600
9 630
9 888
10 12
10 13
10 17
10 19
10 22
10 24
10 25
10 27
10 50
10 55
10 57
10 61
10 90
10 101
10 102
10 107
10 127
10 137
10 144
10 167
10 222
10 287
10 289
10 335
10 434
10 474
10 523
10 535
10 541
10 559
10 581
10 602
10 621
10 643
10 811
10 989
11 18
11 19
11 25
11 26
11 28
11 30
11 47
11 100
11 113
11 123
11 187
11 233
11 235
11 249
11 268
11 292
11 325
11 340
11 388
11 397
11 416
11 490
11 535
11 573
11 585
11 654
11 689
11 691
11 702
11 719
11 826
11 964
12 32
12 58
12 103
12 112
12 156
12 220
12 360
12 369
12 493
12 542
12 639
12 687
12 849
13 29
13 43
13 48
13 68
13 77
13 143
13 162
13 251
13 258
13 351
13 522
13 653
13 704
13 718
13 754
14 74
14 293
14 582
14 866
15 46
15 64
15 132
15 186
15 309
15 363
15 551
15 601
15 731
15 786
15 821
15 928
15 969
16 38
16 62
16 141
16 247
16 303
16 306
16 307
16 342
16 397
16 404
16 487
16 496
16 780
16 872
16 910
16 928
17 20
17 24
17 43
17 45
17 51
17 53
17 54
17 57
17 71
17 74
17 80
17 109
17 122
17 141
17 148
17 231
17 234
17 275
17 276
17 279
17 297
17 303
17 327
17 348
17 407
17 424
17 451
17 453
17 530
17 583
17 615
17 689
17 722
17 735
17 753
17 810
17 817
17 859
17 862
17 916
17 985
18 22
18 31
18 49
18 61
18 129
18 137
18 148
18 149
18 150
18 192
18 203
18 204
18 209
18 241
18 255
18 256
18 265
18 312
18 393
18 409
18 422
18 430
18 518
18 525
18 631
18 633
18 645
18 672
18 680
18 683
18 702
18 715
18 819
18 896
18 983
19 46
19 174
19 180
19 182
19 189
19 274
19 285
19 290
19 339
19 642
19 663
19 725
19 934
20 21
20 67
20 77
20 80
20 81
20 86
20 142
20 198
20 206
20 292
20 324
20 390
20 443
20 473
20 495
20 509
20 520
20 620
20 644
20 676
20 715
20 821
20 822
20 950
20 989
21 23
21 30
21 34
21 79
21 90
21 171
21 359
21 383
21 447
21 603
21 614
21 737
21 753
21 967
22 33
22 35
22 37
22 39
22 49
22 50
22 59
22 60
22 67
22 81
22 82
22 94
22 102
22 151
22 166
22 186
22 195
22 208
22 219
22 237
22 251
22 262
22 284
22 375
22 385
22 389
22 396
22 433
22 441
22 464
22 508
22 520
22 557
22 572
22 593
22 620
22 653
22 695
22 779
22 854
22 871
22 909
22 916
23 52
23 172
23 194
23 228
23 287
23 305
23 384
23 412
23 521
23 631
23 763
24 37
24 43
24 51
24 97
24 114
24 122
24 152
24 154
24 170
24 178
24 201
24 209
24 213
24 220
24 277
24 310
24 315
24 414
24 437
24 447
24 483
24 553
24 558
24 567
24 606
24 644
24 679
24 750
24 759
24 945
25 28
25 33
25 53
25 70
25 374
25 540
25 579
25 657
25 662
25 746
26 182
26 236
26 265
26 363
26 908
27 32
27 40
27 72
27 431
27 566
27 871
28 44
28 60
28 71
28 93
28 155
28 203
28 266
28 292
28 376
28 432
28 449
28 723
28 756
28 764
28 798
28 850
28 905
29 31
29 36
29 102
29 180
29 266
29 510
29 586
29 920
30 41
30 73
30 77
30 164
30 172
30 245
30 270
30 355
30 489
30 914
30 935
31 41
31 50
31 122
31 133
31 160
31 260
31 283
31 417
31 434
31 445
31 454
31 465
31 514
31 740
31 752
31 840
32 120
32 144
32 185
32 278
32 286
32 425
32 544
32 639
32 654
32 676
32 683
32 723
32 869
32 982
33 47
33 96
33 202
33 244
33 252
33 288
33 474
33 484
33 492
33 732
33 857
33 955
33 964
34 59
34 65
34 87
34 114
34 133
34 138
34 148
34 154
34 173
34 191
34 206
34 246
34 272
34 296
34 301
34 319
34 368
34 376
34 383
34 463
34 465
34 531
34 533
34 574
34 655
34 724
34 749
34 781
34 804
34 828
34 856
34 902
34 933
35 71
35 289
35 362
36 52
36 88
36 123
36 144
36 217
36 312
36 370
36 429
36 713
36 830
37 55
37 69
37 104
37 204
37 246
37 305
37 316
37 318
37 344
37 378
37 392
37 599
37 608
37 730
37 804
37 818
37 861
37 965
37 975
37 986
38 44
38 45
38 88
38 111
38 115
38 150
38 302
38 325
38 349
38 370
38 570
38 606
38 660
38 865
38 893
38 906
38 945
38 954
38 967
39 49
39 67
39 116
39 157
39 469
39 539
39 569
39 663
39 675
39 785
39 884
39 932
39 959
40 345
40 439
40 455
41 130
41 153
41 193
41 213
41 309
41 325
41 440
41 633
41 783
42 57
42 95
42 427
42 581
42 690
42 767
42 867
43 76
43 99
43 128
43 171
43 197
43 228
43 290
43 401
43 483
43 575
43 591
43 604
43 661
44 45
44 84
44 118
44 134
44 152
44 217
44 261
44 326
44 365
44 617
44 798
45 48
45 126
45 131
45 139
45 216
45 276
45 317
45 340
45 546
46 51
46 89
46 226
46 237
46 352
46 361
46 389
46 476
46 491
46 658
46 668
47 86
47 127
47 145
47 151
47 175
47 177
47 212
47 285
47 322
47 494
47 563
47 638
47 684
47 739
47 772
47 808
47 931
47 958
48 497
48 519
48 697
48 764
49 69
49 75
49 104
49 221
49 280
49 444
49 537
49 547
49 581
49 836
50 64
50 73
50 129
50 165
50 360
50 592
50 894
51 66
51 110
51 131
51 172
51 301
51 311
51 315
51 344
51 384
51 418
51 467
51 502
51 522
51 526
51 561
51 597
51 676
51 744
51 807
51 863
51 869
52 53
52 279
52 387
52 446
52 482
53 70
53 79
53 129
53 187
53 261
53 506
53 518
53 594
53 624
53 816
53 926
53 981
54 117
54 183
54 259
54 324
54 755
54 828
55 62
55 72
55 108
55 149
55 291
55 527
55 622
55 800
55 943
55 978
56 58
56 76
56 90
56 98
56 112
56 147
56 153
56 293
56 391
56 533
56 539
57 59
57 91
57 92
57 127
57 164
57 207
57 226
57 282
57 337
57 353
57 612
57 625
57 709
57 733
57 838
57 895
58 61
58 98
58 100
58 157
58 343
58 364
58 470
58 699
58 870
58 911
59 79
59 135
59 184
60 88
60 119
60 126
60 280
60 323
60 407
60 495
60 564
60 878
61 85
61 215
61 284
61 349
61 466
62 75
62 82
62 111
62 125
62 147
62 154
62 216
62 264
62 339
62 381
62 543
62 744
62 873
62 895
62 897
63 78
63 91
63 99
63 113
63 165
63 176
63 382
63 408
63 504
63 571
63 651
63 794
63 821
63 881
64 167
64 170
64 200
64 211
64 321
64 330
64 337
64 404
64 473
64 548
64 778
64 842
64 976
65 68
65 78
65 83
65 106
65 121
65 183
65 269
65 272
65 612
65 624
65 800
66 193
66 232
66 297
66 416
66 670
66 770
66 859
67 146
67 197
67 227
67 415
67 538
67 650
67 662
67 790
67 816
67 894
67 918
68 92
68 153
68 169
68 275
68 849
68 968
69 103
69 109
69 125
69 161
69 163
69 218
69 231
69 245
69 248
69 254
69 273
69 328
69 352
69 371
69 375
69 491
69 837
69 912
70 202
70 249
70 411
70 479
70 554
70 701
70 762
70 806
70 898
71 96
71 187
71 284
71 286
71 373
71 410
71 513
71 616
71 631
71 818
72 114
72 145
72 159
72 196
72 348
72 355
72 461
72 561
72 596
72 720
72 734
72 740
72 863
72 940
73 93
73 502
74 109
74 700
75 91
75 95
75 142
75 181
75 225
75 264
75 295
75 314
75 329
75 391
75 399
75 597
75 763
75 794
75 867
76 160
76 185
76 208
76 243
76 335
76 746
77 599
77 628
77 780
78 166
78 192
78 240
78 379
78 410
78 500
78 781
79 98
79 108
79 110
79 162
79 190
79 215
79 265
79 293
79 416
80 151
80 155
80 168
80 188
80 200
80 615
80 650
81 94
81 152
81 163
81 199
81 218
81 767
81 827
82 89
82 386
82 455
82 467
82 475
82 724
82 908
83 118
83 182
83 196
83 248
83 439
83 466
83 497
83 705
83 805
84 241
84 260
84 604
84 656
85 402
85 450
85 635
85 858
86 136
86 306
86 422
86 649
86 695
86 872
86 919
87 213
87 376
87 377
87 948
87 961
88 115
88 138
88 452
88 678
88 767
88 913
89 117
89 161
89 190
89 338
89 502
89 627
89 706
90 104
90 139
90 230
90 352
90 714
90 735
90 837
91 173
91 377
91 470
91 548
91 641
91 660
91 661
92 176
92 178
92 204
92 566
92 632
92 718
92 884
92 990
93 97
93 262
93 979
94 134
94 137
94 140
94 280
94 405
94 559
94 562
94 607
94 685
94 983
95 106
95 340
95 410
95 452
95 493
95 578
95 757
96 255
96 627
96 813
96 970
97 249
97 368
97 623
97 706
97 711
97 815
98 124
98 195
98 230
98 338
98 367
98 428
98 435
98 506
98 591
98 608
99 159
99 374
99 388
99 483
99 914
100 201
100 247
100 379
100 490
100 585
100 703
100 941
101 123
101 196
101 286
101 323
101 342
101 351
101 361
101 452
101 497
101 814
101 896
101 946
102 162
102 216
102 264
102 302
102 363
102 619
102 781
102 950
103 236
103 370
103 551
103 772
103 923
104 107
104 116
104 313
104 607
104 626
104 666
105 385
105 399
105 442
105 627
105 646
106 159
106 168
106 444
106 593
106 700
106 861
107 200
107 229
107 254
107 276
107 354
107 361
107 366
107 387
107 399
107 435
107 453
107 570
107 640
107 644
107 776
107 778
107 816
107 831
107 836
109 149
109 357
109 409
109 475
109 588
109 760
109 775
109 795
109 928
109 960
110 112
110 225
110 516
110 743
110 956
111 727
112 139
113 168
113 178
113 184
113 203
113 300
113 313
113 385
113 423
113 678
113 748
113 788
114 179
114 191
114 201
114 232
114 253
114 333
114 392
114 403
114 459
114 555
114 727
114 809
114 880
114 954
115 528
115 825
115 866
116 128
116 180
116 189
116 230
116 266
116 271
116 310
116 320
116 453
116 567
116 579
116 632
116 672
116 674
116 675
116 759
116 877
116 965
117 511
117 721
118 170
118 211
118 222
118 282
118 354
118 395
118 462
118 472
118 476
118 496
118 762
119 195
119 277
119 559
119 594
120 246
120 322
120 328
120 551
120 654
120 663
120 978
121 315
121 571
122 278
122 425
123 158
123 291
123 339
123 577
123 889
124 125
124 240
124 270
124 485
124 563
125 199
125 245
125 383
125 384
125 389
125 511
125 590
125 973
126 210
126 401
126 480
126 492
126 687
126 900
127 156
127 238
127 239
127 311
127 344
127 793
127 926
128 142
128 179
128 206
128 210
128 222
128 229
128 241
128 347
128 402
128 535
128 580
128 635
128 636
128 671
129 197
129 342
129 458
130 193
130 534
130 584
130 817
131 258
131 609
132 212
132 469
134 272
135 146
135 228
135 419
136 179
136 285
136 338
136 554
136 605
136 728
137 214
137 327
137 468
137 779
137 901
138 157
138 169
138 259
138 290
138 336
138 469
138 507
138 846
138 856
138 907
138 963
139 141
139 412
139 420
139 446
139 517
139 906
140 165
140 202
140 332
140 556
140 640
140 726
140 791
140 939
141 296
141 333
141 364
141 467
141 544
141 552
141 618
141 648
141 660
141 679
141 761
141 777
141 788
141 861
141 924
143 169
143 242
143 419
143 459
144 188
144 319
144 494
144 576
144 931
144 944
144 948
145 356
145 426
145 667
146 158
146 177
146 772
146 835
146 926
147 346
147 462
147 614
147 725
147 855
148 207
148 485
148 507
148 508
148 510
148 537
148 646
148 656
148 738
148 868
148 937
148 962
149 150
149 189
149 275
149 350
149 459
149 664
149 953
150 273
150 580
150 751
150 832
151 209
151 232
151 299
151 523
151 532
151 567
151 582
151 769
151 796
151 865
151 891
151 947
152 260
152 267
152 300
152 341
152 356
152 421
152 431
152 437
152 438
152 485
152 506
152 741
154 212
154 223
154 281
154 359
154 436
154 488
154 565
154 655
155 174
155 268
155 298
155 348
155 362
155 464
155 557
155 774
155 864
156 173
156 184
156 198
156 231
156 296
156 558
156 969
157 176
157 192
157 407
157 782
157 803
157 855
158 247
158 299
158 542
158 935
159 214
159 267
159 440
159 751
160 488
160 561
160 634
160 696
161 326
161 413
161 478
161 613
161 826
162 181
162 186
162 227
162 584
163 164
163 400
163 524
163 564
163 844
163 953
163 988
164 199
164 378
164 432
164 481
164 508
164 682
165 589
165 625
165 915
166 268
166 314
166 487
166 560
166 811
166 823
166 824
167 224
167 242
167 380
167 550
167 564
167 765
167 899
167 932
169 205
169 226
169 445
169 495
169 607
169 677
169 721
169 974
170 205
170 879
171 314
171 333
171 610
171 630
171 637
171 682
171 743
172 208
172 474
173 237
173 465
173 587
173 808
173 873
173 925
174 205
174 499
175 257
175 542
175 605
175 666
175 771
175 830
176 256
176 281
176 294
176 595
176 625
176 638
176 665
176 697
176 968
177 234
177 238
177 331
177 460
177 759
177 824
178 294
178 424
178 628
178 846
178 929
178 930
178 973
179 365
179 515
181 319
181 528
181 771
182 194
182 198
182 261
182 273
182 329
182 421
182 770
182 844
182 896
182 907
182 917
183 457
183 756
183 986
184 221
184 282
184 512
184 573
184 712
185 651
186 302
186 806
187 313
187 402
187 408
187 586
187 703
188 223
188 390
188 419
188 859
189 257
189 298
189 350
189 496
189 525
189 888
189 974
189 977
190 525
190 758
191 981
192 224
192 355
192 673
192 693
192 826
192 958
193 259
193 372
193 556
194 250
194 434
194 450
194 486
194 489
194 571
194 686
195 263
195 529
195 639
195 909
196 251
196 308
196 335
196 406
196 451
197 400
197 412
199 406
200 884
201 217
202 220
202 254
202 258
202 373
202 442
202 471
202 891
203 521
203 583
203 812
203 847
204 678
204 710
205 210
205 530
205 601
205 634
205 791
205 805
205 938
207 233
207 828
207 877
207 941
209 321
209 334
209 381
209 499
209 597
209 858
209 879
210 271
210 836
211 304
211 498
211 845
211 848
211 850
211 937
211 977
212 427
213 299
213 353
213 680
213 775
213 802
213 817
213 876
214 225
214 605
214 812
214 941
215 587
216 267
216 300
216 471
216 616
216 662
217 229
217 435
217 441
217 917
218 336
218 343
219 227
219 358
219 984
220 250
220 437
220 441
221 425
222 252
222 857
223 255
223 289
223 332
223 394
223 449
223 773
223 904
225 481
226 724
226 863
227 334
227 351
227 549
227 600
227 643
227 679
227 899
228 698
228 757
229 269
229 311
231 238
231 243
231 366
231 369
231 807
232 675
233 240
233 709
234 250
234 283
234 538
234 549
234 659
234 683
234 705
234 786
235 357
235 602
236 883
236 909
236 923
238 294
238 346
238 354
238 401
238 423
238 428
238 442
238 445
238 477
238 492
238 501
238 541
238 576
238 760
238 761
238 837
238 880
238 913
238 925
238 927
240 287
240 699
240 854
241 867
242 269
242 367
242 519
242 677
242 879
244 418
245 782
246 869
247 515
247 839
247 934
248 746
249 291
249 655
249 730
249 872
250 396
251 357
251 599
252 256
252 417
252 515
252 903
253 849
254 281
254 411
254 417
254 669
254 729
254 913
255 317
255 603
255 652
255 845
255 973
256 366
256 393
256 513
256 526
257 393
257 572
257 668
257 704
257 713
257 873
259 274
259 429
259 609
259 893
259 938
260 336
260 504
260 703
260 744
260 823
261 529
262 448
264 534
266 477
266 503
266 612
266 738
266 755
267 321
268 409
268 818
268 897
269 387
269 398
269 555
269 673
270 346
270 367
270 546
270 686
270 889
270 952
272 343
272 390
273 278
273 308
273 433
273 622
274 330
274 493
274 498
274 540
274 629
274 640
274 795
275 307
275 408
275 657
276 443
276 929
277 436
278 697
279 305
279 543
280 429
280 694
280 834
281 604
281 648
281 710
281 712
282 364
282 711
282 881
282 902
283 358
283 848
283 855
284 371
286 415
286 432
286 438
286 889
287 971
288 394
288 560
289 765
290 589
291 392
292 341
292 472
292 647
292 907
293 739
293 912
294 295
294 323
294 809
294 944
295 446
296 886
297 322
297 347
297 403
297 456
297 484
297 666
297 718
297 790
297 853
297 892
297 974
298 316
299 413
299 793
300 428
300 596
300 747
301 306
301 617
301 943
302 461
302 613
302 956
304 309
304 316
304 318
304 560
304 568
304 587
304 698
304 981
306 380
307 324
307 349
307 440
307 487
307 546
307 748
307 762
307 906
308 439
308 463
308 503
308 637
308 653
309 649
311 531
311 868
312 741
314 332
314 372
314 480
315 731
316 586
318 331
318 433
318 618
318 728
318 852
318 924
318 927
319 682
320 427
321 623
321 651
322 739
322 832
323 458
323 461
323 475
323 513
323 577
323 664
323 842
323 850
323 868
323 945
324 360
324 532
324 610
324 980
325 405
325 572
325 848
326 362
326 537
326 665
326 783
327 633
327 742
328 921
329 541
330 784
331 501
332 365
332 482
332 517
332 987
334 377
334 449
334 526
334 615
334 885
337 458
337 507
337 565
338 846
338 881
340 598
340 766
341 386
341 937
342 382
343 373
343 411
343 520
343 754
343 822
344 658
345 574
345 883
345 939
346 707
346 716
348 380
348 395
348 466
348 500
348 534
348 814
348 967
348 978
349 600
349 636
349 776
349 949
350 514
350 887
351 714
351 820
353 479
353 657
353 819
353 911
354 413
355 391
355 418
355 426
355 472
355 498
355 619
355 769
357 798
358 372
358 734
360 874
361 685
362 905
363 880
364 457
364 734
365 776
366 388
366 397
366 499
366 685
366 701
366 875
366 919
367 922
368 431
370 580
371 415
371 766
371 808
372 962
373 589
373 954
374 777
375 562
376 575
377 529
377 578
378 540
380 396
380 569
380 721
382 845
382 851
382 885
383 832
383 854
384 568
384 930
385 443
385 725
385 732
385 785
386 510
386 536
386 893
387 558
388 554
388 674
388 768
388 932
390 518
390 890
391 489
391 565
393 553
393 690
394 479
394 524
394 876
395 553
395 717
396 501
396 516
396 547
397 983
398 468
398 470
398 536
398 543
398 549
398 708
398 942
399 745
400 935
403 598
403 747
403 882
404 456
404 591
404 752
405 957
406 883
407 670
407 707
407 792
407 951
409 488
409 716
410 641
411 514
411 726
411 799
412 486
412 957
413 852
415 933
416 477
417 450
418 603
418 650
419 482
419 645
420 585
421 588
422 951
423 750
423 902
424 761
425 844
426 521
426 704
426 875
427 454
427 504
427 797
427 946
428 484
428 634
428 829
428 839
431 527
431 833
431 851
432 490
434 460
434 865
434 938
435 621
435 963
436 457
437 819
439 807
441 684
441 814
441 887
444 691
445 486
445 636
447 451
451 730
451 862
453 864
455 575
455 971
456 611
456 792
456 870
459 787
460 545
460 550
462 754
466 536
466 774
467 505
467 611
467 751
467 795
467 829
467 838
467 841
467 892
469 789
469 942
471 719
471 921
472 512
473 478
474 656
474 810
474 942
475 667
475 780
476 547
476 563
476 630
477 857
477 949
478 699
479 694
480 530
482 768
484 838
486 796
487 756
488 594
488 717
489 505
489 545
489 613
489 729
489 809
489 843
489 886
490 635
490 915
492 503
492 936
494 516
494 570
495 805
496 637
496 927
498 602
498 616
498 842
499 584
503 556
505 659
505 856
507 538
507 777
507 812
510 512
511 802
513 684
514 574
514 773
519 531
522 841
524 544
526 582
527 901
528 670
529 623
530 802
531 550
531 701
533 568
534 801
535 669
536 688
537 588
537 629
537 641
537 658
537 722
537 792
537 835
538 562
538 681
538 745
540 596
541 667
542 632
543 652
543 885
544 646
544 647
544 853
545 707
545 925
545 934
546 610
546 665
546 788
549 595
549 716
549 839
549 911
551 758
555 619
555 736
555 760
558 576
558 797
559 649
559 898
560 579
560 784
562 664
562 696
562 702
563 593
563 601
563 940
564 629
565 835
565 933
570 573
570 692
573 742
574 965
576 834
577 745
581 711
582 652
583 645
584 626
584 677
585 920
586 843
587 728
589 783
590 624
590 688
590 729
593 642
593 720
593 921
595 709
597 770
598 626
598 712
599 858
605 694
606 681
606 787
610 611
610 620
611 680
611 815
611 890
614 875
616 810
618 917
619 972
620 866
623 727
623 929
623 980
626 688
626 733
627 708
628 696
628 778
630 882
633 715
635 674
640 671
641 691
643 774
644 825
649 775
650 749
651 764
651 940
655 853
656 720
656 736
658 962
659 742
659 894
660 960
661 689
663 794
663 931
665 763
666 943
667 797
667 823
669 900
670 722
670 977
671 803
675 803
676 841
679 969
680 924
681 726
682 799
686 827
686 910
687 914
687 955
688 955
689 784
689 824
693 733
695 747
696 972
697 753
697 887
697 968
700 741
708 922
708 990
709 827
713 860
718 736
720 982
721 813
722 956
724 916
727 789
727 878
729 773
729 966
730 959
730 989
736 988
739 766
744 831
745 796
746 834
750 982
752 860
752 979
757 800
757 811
760 786
760 961
763 790
763 801
764 963
765 799
765 847
771 813
773 782
776 840
777 988
784 833
785 959
786 957
786 971
800 806
802 891
807 912
812 877
812 976
816 825
817 830
817 840
822 976
825 947
827 915
827 961
843 904
845 950
846 847
846 864
846 874
846 952
848 985
860 862
860 984
861 987
864 886
865 920
873 897
873 944
874 904
874 975
875 882
876 903
878 900
880 905
881 970
882 958
888 953
888 984
889 939
891 895
898 918
899 918
906 980
916 972
916 987
918 970
920 951
920 966
937 975
