0 1
0 2
0 3
0 4
0 5
0 6
0 9
0 10
0 13
0 14
0 16
0 17
0 26
0 32
0 36
0 48
0 49
0 50
0 53
0 55
0 60
0 61
0 75
0 77
0 78
0 97
0 99
0 100
0 118
0 120
0 128
0 132
0 140
0 141
0 147
0 148
0 154
0 156
0 173
0 202
0 204
0 217
0 224
0 237
0 241
0 246
0 256
0 258
0 280
0 286
0 306
0 313
0 321
0 322
0 342
0 352
0 358
0 361
0 366
0 391
0 426
0 441
0 442
0 463
0 467
0 484
0 498
0 513
0 517
0 555
0 561
0 574
0 597
0 602
0 607
0 608
0 625
0 627
0 629
0 632
0 633
0 657
0 719
0 733
0 768
0 844
0 853
0 855
0 905
0 913
0 919
0 951
0 961
0 991
0 1002
0 1009
0 1023
0 1039
0 1045
0 1071
1 4
1 6
1 7
1 8
1 13
1 19
1 29
1 36
1 41
1 59
1 62
1 76
1 91
1 128
1 149
1 160
1 228
1 250
1 277
1 320
1 324
1 325
1 331
1 368
1 395
1 420
1 448
1 576
1 682
1 716
1 735
1 743
1 750
1 838
1 859
1 860
1 888
1 968
1 976
1 1048
2 5
2 9
2 10
2 33
2 37
2 39
2 42
2 46
2 47
2 75
2 77
2 79
2 80
2 85
2 87
2 93
2 109
2 155
2 163
2 192
2 194
2 243
2 268
2 317
2 348
2 350
2 354
2 367
2 407
2 484
2 489
2 517
2 533
2 541
2 553
2 638
2 659
2 708
2 720
2 722
2 732
2 735
2 797
2 806
2 891
2 926
2 950
2 977
2 1022
2 1027
2 1030
2 1067
2 1069
2 1095
3 4
3 6
3 7
3 8
3 17
3 18
3 19
3 20
3 21
3 24
3 26
3 27
3 37
3 38
3 39
3 42
3 45
3 53
3 65
3 68
3 89
3 99
3 101
3 103
3 122
3 138
3 146
3 159
3 170
3 189
3 210
3 264
3 267
3 272
3 273
3 331
3 365
3 373
3 386
3 392
3 423
3 455
3 478
3 485
3 510
3 512
3 554
3 557
3 626
3 647
3 690
3 694
3 829
3 841
3 902
3 916
3 936
3 955
3 968
3 978
4 5
4 9
4 10
4 11
4 23
4 25
4 31
4 33
4 38
4 40
4 43
4 47
4 48
4 57
4 110
4 119
4 125
4 138
4 143
4 144
4 146
4 166
4 169
4 182
4 196
4 200
4 205
4 208
4 211
4 212
4 217
4 226
4 244
4 256
4 262
4 267
4 297
4 308
4 325
4 327
4 337
4 338
4 347
4 352
4 363
4 375
4 376
4 410
4 449
4 451
4 469
4 483
4 543
4 564
4 580
4 630
4 648
4 706
4 708
4 716
4 795
4 813
4 854
4 883
4 888
4 895
4 898
4 946
4 985
4 996
4 1015
4 1040
4 1064
4 1076
4 1091
4 1093
5 7
5 15
5 21
5 47
5 92
5 408
5 450
5 569
5 629
5 687
5 993
6 57
6 58
6 76
6 165
6 174
6 190
6 210
6 216
6 231
6 372
6 397
6 400
6 425
6 439
6 528
6 572
6 631
6 691
6 694
6 761
6 910
6 915
6 954
7 8
7 11
7 19
7 21
7 25
7 39
7 51
7 83
7 84
7 105
7 155
7 173
7 199
7 204
7 207
7 283
7 287
7 310
7 380
7 395
7 399
7 439
7 554
7 681
7 825
7 862
7 863
7 961
7 982
7 990
7 1078
7 1087
8 12
8 18
8 22
8 23
8 28
8 32
8 35
8 38
8 43
8 44
8 51
8 55
8 56
8 63
8 66
8 113
8 117
8 128
8 137
8 138
8 171
8 209
8 221
8 224
8 233
8 247
8 339
8 378
8 389
8 402
8 423
8 443
8 480
8 482
8 487
8 511
8 522
8 570
8 600
8 606
8 634
8 651
8 669
8 671
8 707
8 734
8 746
8 747
8 792
8 797
8 812
8 823
8 836
8 991
8 994
9 12
9 14
9 16
9 24
9 27
9 28
9 37
9 45
9 48
9 54
9 101
9 124
9 151
9 198
9 215
9 232
9 239
9 251
9 273
9 279
9 381
9 396
9 421
9 477
9 509
9 520
9 613
9 623
9 628
9 801
9 806
9 847
9 891
9 929
9 975
10 11
10 13
10 15
10 18
10 59
10 60
10 62
10 127
10 145
10 157
10 159
10 178
10 187
10 213
10 219
10 225
10 260
10 296
10 345
10 357
10 362
10 394
10 403
10 433
10 509
10 528
10 529
10 587
10 613
10 633
10 864
10 1043
10 1065
11 12
11 17
11 29
11 64
11 78
11 97
11 102
11 115
11 122
11 124
11 165
11 193
11 201
11 223
11 232
11 281
11 308
11 322
11 359
11 374
11 379
11 403
11 420
11 436
11 449
11 481
11 510
11 512
11 543
11 576
11 596
11 604
11 631
11 679
11 717
11 719
11 728
11 773
11 783
11 831
11 1050
12 14
12 16
12 23
12 31
12 50
12 68
12 69
12 81
12 90
12 94
12 95
12 104
12 110
12 134
12 214
12 229
12 261
12 278
12 308
12 315
12 370
12 393
12 403
12 421
12 432
12 454
12 499
12 521
12 539
12 562
12 580
12 612
12 635
12 661
12 686
12 692
12 746
12 751
12 756
12 770
12 827
12 830
12 836
12 841
12 844
12 1016
12 1027
12 1070
13 44
13 66
13 125
13 156
13 288
13 374
13 430
13 451
13 641
13 647
13 740
14 15
14 20
14 29
14 49
14 50
14 52
14 80
14 94
14 118
14 123
14 125
14 139
14 143
14 148
14 223
14 242
14 252
14 258
14 277
14 280
14 281
14 313
14 367
14 369
14 390
14 409
14 414
14 469
14 507
14 535
14 560
14 565
14 579
14 603
14 639
14 643
14 661
14 707
14 760
14 807
14 808
14 824
14 828
14 871
14 885
14 896
14 914
14 948
14 978
14 993
14 1054
15 59
15 88
15 98
15 104
15 109
15 117
15 124
15 135
15 199
15 227
15 274
15 307
15 349
15 399
15 521
15 669
15 712
15 747
15 766
15 823
15 826
15 848
15 959
15 991
16 22
16 45
16 78
16 104
16 107
16 126
16 134
16 151
16 155
16 174
16 182
16 194
16 207
16 213
16 296
16 300
16 384
16 405
16 424
16 427
16 459
16 513
16 620
16 666
16 683
16 734
16 738
16 739
16 752
16 769
16 783
16 940
16 972
16 1005
16 1013
16 1073
16 1083
17 28
17 49
17 91
17 189
17 245
17 530
17 1067
18 20
18 43
18 53
18 56
18 74
18 106
18 116
18 131
18 222
18 274
18 363
18 470
18 529
18 534
18 564
18 724
18 766
19 25
19 71
19 122
19 231
19 384
19 492
19 563
19 668
19 721
19 852
19 1037
20 24
20 34
20 73
20 114
20 119
20 160
20 170
20 175
20 202
20 238
20 248
20 255
20 262
20 346
20 348
20 369
20 387
20 445
20 491
20 533
20 534
20 567
20 652
20 688
20 740
20 802
20 833
20 837
20 843
20 893
20 920
20 954
20 963
20 1036
20 1050
20 1066
21 22
21 26
21 31
21 34
21 81
21 132
21 166
21 167
21 181
21 187
21 221
21 251
21 328
21 335
21 462
21 465
21 466
21 478
21 491
21 602
21 605
21 625
21 626
21 639
21 674
21 676
21 703
21 791
21 806
21 817
21 846
21 872
21 926
21 933
21 957
21 1006
21 1034
22 27
22 30
22 36
22 74
22 82
22 91
22 177
22 205
22 254
22 289
22 539
22 882
22 944
22 1058
22 1094
23 34
23 44
23 139
23 235
23 250
23 427
23 445
23 494
23 725
23 903
23 925
24 30
24 35
24 41
24 72
24 79
24 88
24 123
24 372
24 485
24 570
24 617
24 666
24 676
24 779
24 785
25 57
25 161
25 691
26 40
26 120
26 134
26 135
26 154
26 157
26 168
26 180
26 191
26 269
26 364
26 382
26 581
26 595
26 683
26 744
26 774
26 775
26 859
26 918
26 980
27 40
27 42
27 276
27 647
27 765
27 849
28 30
28 54
28 58
28 82
28 98
28 103
28 132
28 188
28 190
28 232
28 303
28 394
28 408
28 410
28 526
28 629
28 706
28 865
28 885
28 917
28 955
28 967
28 969
29 32
29 35
29 41
29 65
29 67
29 69
29 73
29 95
29 100
29 103
29 106
29 112
29 116
29 121
29 152
29 184
29 253
29 294
29 298
29 320
29 328
29 334
29 358
29 400
29 422
29 431
29 546
29 570
29 571
29 638
29 673
29 702
29 756
29 795
29 802
29 809
29 886
29 894
29 935
29 1029
29 1077
30 80
30 84
30 99
30 147
30 179
30 197
30 254
30 281
30 306
30 318
30 345
30 354
30 473
30 503
30 556
30 573
30 575
30 578
30 729
30 759
30 768
30 802
30 908
30 934
30 936
30 1080
31 46
31 87
31 92
31 105
31 149
31 150
31 278
31 297
31 319
31 532
31 810
31 943
31 976
31 1011
31 1072
32 33
32 58
32 63
32 240
32 372
32 378
32 415
32 466
32 586
32 601
32 619
32 644
32 772
32 892
32 1013
32 1027
33 72
33 227
33 314
33 371
33 389
33 395
33 464
33 728
33 738
33 921
33 953
34 72
34 90
34 95
34 114
34 180
34 188
34 400
34 753
34 805
34 1033
34 1057
35 46
35 60
35 70
35 74
35 142
35 264
35 293
35 331
35 457
35 465
35 539
35 595
35 757
35 834
35 1072
36 54
36 64
36 82
36 111
36 309
36 321
36 502
36 611
36 685
36 801
36 970
37 55
37 67
37 107
37 164
37 185
37 192
37 203
37 323
37 359
37 413
37 459
37 474
37 492
37 496
37 530
37 541
37 644
37 659
37 743
37 773
37 798
37 839
37 1019
37 1062
37 1075
37 1090
38 61
38 115
38 149
38 186
38 189
38 217
38 220
38 316
38 327
38 344
38 363
38 371
38 550
38 591
38 702
38 723
38 876
38 1026
38 1091
39 51
39 89
39 102
39 136
39 158
39 167
39 258
39 335
39 634
39 785
39 794
39 807
39 820
39 832
39 920
39 964
40 52
40 85
40 131
40 161
40 228
40 267
40 381
40 414
40 518
40 588
40 594
40 628
40 640
40 755
40 757
40 952
40 1094
41 64
41 68
41 205
41 347
41 657
42 98
42 181
42 188
42 301
42 342
42 417
42 527
42 694
42 700
42 763
42 892
42 897
42 1045
42 1093
43 52
43 76
43 126
43 176
43 234
43 239
43 323
43 354
43 437
43 438
43 608
43 824
43 834
43 838
43 850
43 1078
44 61
44 71
44 133
44 144
44 164
44 187
44 214
44 353
44 407
44 519
44 538
44 615
44 619
44 823
44 829
44 908
44 911
44 966
44 971
44 1079
45 88
45 168
45 177
45 182
45 479
45 531
45 582
46 243
46 468
46 497
46 501
46 695
46 1064
47 96
47 145
47 161
47 172
47 176
47 203
47 204
47 215
47 343
47 404
47 440
47 606
47 812
47 898
47 989
48 62
48 75
48 153
48 200
48 350
48 515
48 726
48 945
48 949
48 1034
48 1038
49 73
49 83
49 133
49 191
49 234
49 240
49 296
49 310
49 311
49 318
49 357
49 496
49 504
49 589
49 818
49 1010
50 171
50 305
50 327
50 778
51 113
51 664
52 71
52 94
52 105
52 114
52 115
52 137
52 150
52 212
52 249
52 260
52 287
52 288
52 315
52 336
52 353
52 433
52 465
52 549
52 581
52 587
52 592
52 596
52 671
52 714
52 784
52 831
52 890
52 915
52 921
52 937
52 1000
52 1007
52 1053
53 127
53 179
53 191
53 195
53 329
53 335
53 561
53 803
53 849
53 962
54 56
54 81
54 97
54 158
54 237
54 276
54 304
54 312
54 314
54 325
54 329
54 340
54 377
54 387
54 410
54 424
54 427
54 835
54 884
54 918
54 924
54 1067
55 67
55 84
55 96
55 121
55 242
55 268
55 302
55 588
55 701
55 867
56 83
56 110
56 141
56 186
56 236
56 252
56 330
56 368
56 417
56 515
56 516
56 606
56 619
56 992
56 1044
57 257
57 383
57 805
57 850
58 63
58 321
58 322
58 338
58 355
58 470
59 573
60 65
60 66
60 93
60 146
60 168
60 169
60 214
60 263
60 316
60 341
60 370
60 396
60 446
60 463
60 523
60 550
60 636
60 737
60 774
60 932
60 941
60 960
61 69
61 92
61 106
61 250
61 304
61 456
61 577
61 1001
61 1055
62 693
62 943
62 952
62 988
62 1016
62 1084
63 136
63 153
63 376
63 384
63 392
63 890
63 994
64 101
64 240
64 365
64 419
64 455
64 529
64 881
65 77
65 192
65 207
65 401
65 505
65 515
65 545
65 584
65 627
65 741
66 89
66 173
66 290
66 346
66 456
66 527
66 682
66 1052
67 70
67 86
67 117
67 119
67 224
67 511
67 611
67 711
67 732
68 70
68 100
68 108
68 112
68 131
68 136
68 154
68 162
68 175
68 184
68 193
68 233
68 253
68 340
68 347
68 551
68 680
68 715
68 722
68 937
69 237
69 377
69 538
69 1032
70 266
70 540
70 820
71 79
71 86
71 165
71 167
71 292
71 311
71 394
71 454
71 555
71 609
71 915
72 109
72 197
72 374
72 508
72 597
72 601
72 751
72 850
72 870
72 933
73 87
73 248
73 259
73 551
73 620
73 833
73 981
73 1009
74 140
74 226
74 244
74 355
74 409
74 551
74 990
75 90
75 93
75 133
75 137
75 247
75 317
75 319
75 404
75 447
75 947
75 978
75 1079
76 129
76 206
76 254
76 293
76 316
76 475
76 725
76 784
76 914
76 1048
76 1081
76 1082
77 123
77 129
77 162
77 185
77 289
77 393
77 495
77 538
77 653
77 745
77 781
78 107
78 145
78 225
78 252
78 253
78 282
78 284
78 295
78 502
78 693
78 877
78 904
79 663
79 989
80 118
80 314
80 557
80 741
80 782
80 793
80 1017
81 206
81 601
81 855
81 866
81 953
81 1076
82 86
82 113
82 261
82 471
82 535
82 713
82 767
82 860
82 1072
83 85
83 216
83 244
83 263
83 337
83 361
83 379
83 383
83 775
83 877
84 147
84 271
84 364
84 690
84 697
84 933
84 1088
85 482
85 827
86 518
86 632
86 965
87 121
87 411
87 432
87 472
87 548
87 671
87 675
88 96
88 235
88 309
88 717
88 987
89 141
89 236
89 748
90 102
90 330
90 542
90 611
90 697
90 762
90 851
91 265
91 269
91 413
91 462
91 645
91 733
91 788
91 789
91 1060
92 246
92 434
92 490
92 1031
93 143
93 263
93 583
93 610
94 111
94 220
94 275
94 504
94 655
94 684
94 879
94 907
95 130
95 135
95 178
95 476
95 492
95 623
95 741
95 941
96 289
96 385
96 421
96 848
97 229
97 307
97 432
98 176
98 251
98 317
98 382
98 506
98 558
98 579
98 650
98 697
98 846
98 862
98 983
99 111
99 158
99 166
99 195
99 203
99 206
99 212
99 269
99 270
99 275
99 307
99 344
99 350
99 405
99 546
99 559
99 585
99 809
99 962
100 174
100 201
100 283
100 451
100 457
100 651
100 772
101 112
101 172
101 238
101 471
101 548
101 785
101 804
101 837
101 1021
101 1053
101 1080
102 906
103 198
103 412
103 494
103 585
103 658
103 851
103 878
103 942
104 440
104 653
104 974
105 127
105 367
105 532
106 108
106 183
106 298
107 108
107 197
107 208
107 486
107 583
107 944
107 994
108 126
108 218
108 349
108 1002
108 1066
109 218
111 157
111 299
111 343
111 401
111 546
111 924
111 966
111 999
112 200
112 249
112 391
112 398
112 428
112 444
112 487
112 644
112 772
112 1020
113 221
113 271
113 416
113 422
113 440
113 865
113 874
114 120
114 215
114 292
114 876
114 878
115 116
115 129
115 198
115 343
115 371
115 1053
116 160
116 362
116 366
116 416
116 756
116 903
117 162
117 222
117 239
117 544
117 638
117 662
117 930
119 150
119 220
119 397
119 401
119 516
119 703
119 873
120 130
120 291
120 458
120 591
120 815
121 163
121 181
121 241
121 242
121 301
121 420
121 488
121 780
121 923
121 1095
122 140
122 210
122 227
122 655
122 890
122 1010
123 139
123 153
123 164
123 190
123 219
123 261
123 326
123 332
123 396
123 448
123 560
123 577
123 617
123 658
123 786
123 790
123 861
123 962
123 993
123 1006
123 1090
124 219
124 332
124 604
124 620
124 769
124 818
125 130
125 211
125 556
125 940
125 1012
126 196
126 236
126 337
126 467
126 487
126 536
126 764
126 931
126 956
126 995
126 1018
127 208
127 231
127 310
127 622
127 764
127 777
127 1015
128 234
128 291
128 328
128 435
128 808
128 960
129 211
129 226
129 273
129 429
129 598
129 618
129 1041
129 1069
130 151
130 152
130 196
130 938
131 364
131 373
131 474
131 536
131 661
131 668
131 959
132 142
132 216
132 245
132 334
132 358
132 406
132 564
132 687
132 776
132 777
133 218
133 230
133 299
134 172
134 184
134 266
134 758
134 842
134 992
135 152
135 545
135 565
135 721
135 811
135 1089
136 144
136 163
136 179
136 272
136 370
136 375
136 468
136 699
136 895
136 913
137 681
137 917
138 142
138 169
138 243
138 268
138 1058
139 257
139 571
139 624
139 673
139 814
139 883
139 1084
140 209
140 230
140 290
141 771
142 148
142 183
142 330
142 614
142 973
143 443
143 689
145 170
145 238
145 286
145 920
146 194
146 650
146 853
146 871
147 305
147 362
147 460
147 578
147 712
147 984
147 1056
148 752
149 156
149 446
149 478
149 519
149 525
149 800
149 866
149 982
150 345
150 429
150 453
150 527
150 780
150 876
150 1062
151 300
151 313
151 351
151 377
151 618
151 664
151 681
151 749
151 770
151 800
151 826
151 869
151 947
151 1003
152 178
152 246
152 288
152 311
152 323
152 532
152 581
152 675
152 696
152 782
152 817
152 830
152 995
152 1011
152 1018
153 525
153 536
153 738
155 180
155 228
155 286
155 333
155 430
155 544
155 1077
156 278
157 159
157 304
157 722
157 1002
158 201
158 552
158 622
158 717
158 1061
159 171
159 193
159 402
159 560
159 593
159 688
159 861
160 312
160 324
160 428
160 759
161 202
162 284
162 287
162 339
162 341
162 378
162 383
162 444
162 479
162 495
162 497
162 506
162 567
162 774
162 1039
162 1052
163 303
163 467
163 588
163 592
164 259
164 282
164 353
164 468
164 523
164 562
164 749
165 175
165 633
165 645
165 646
165 659
166 431
166 445
166 618
166 1059
167 177
167 195
167 249
167 295
167 305
167 464
167 535
167 593
167 603
167 639
167 642
167 907
167 1008
168 899
168 953
169 558
169 563
169 598
169 927
170 290
170 336
170 679
171 199
171 247
171 248
171 389
171 407
171 526
171 593
171 1059
174 725
175 303
175 388
175 555
175 745
175 1023
176 477
177 185
177 272
177 299
177 433
177 507
177 552
177 1065
178 416
178 817
180 271
181 209
181 264
181 265
181 329
181 398
181 893
181 946
181 980
182 183
182 447
182 553
182 754
182 995
183 245
184 186
184 333
184 405
184 411
184 473
184 520
184 660
184 851
185 270
185 429
185 767
186 336
187 455
187 754
187 902
187 1063
188 469
188 652
188 816
188 925
190 1003
190 1085
191 222
191 845
192 295
192 462
192 1018
193 229
193 285
193 441
193 461
193 777
193 939
193 964
193 992
194 230
194 349
194 931
195 320
195 540
195 608
195 996
195 999
195 1004
196 213
196 257
196 274
196 318
196 366
196 418
196 493
196 495
196 637
196 917
196 1000
196 1036
196 1066
197 262
197 489
197 531
197 685
199 771
201 765
201 1011
202 225
202 667
202 1025
203 856
203 930
203 945
206 223
206 259
206 283
206 369
206 435
206 575
206 1032
207 235
207 293
207 302
207 326
207 446
207 481
207 548
207 695
207 866
207 926
207 930
208 260
208 356
208 452
208 456
208 589
208 616
208 759
208 965
208 1075
209 710
209 795
209 858
209 868
210 233
210 912
211 339
211 414
211 682
211 786
211 1087
212 348
214 677
214 942
215 356
215 413
215 505
215 684
215 721
216 518
216 695
216 778
216 843
217 490
219 393
220 266
220 334
220 342
220 847
221 338
221 357
221 376
221 431
221 636
221 812
221 989
222 255
222 346
222 459
222 470
222 673
223 279
223 387
224 382
224 442
224 672
224 835
226 294
226 415
226 439
226 1005
226 1071
227 426
227 582
227 641
227 680
227 822
227 969
227 979
228 415
229 928
230 241
230 351
230 386
230 657
230 660
230 684
230 730
230 909
231 598
232 298
232 379
232 811
232 852
233 301
233 452
233 610
234 559
234 662
234 701
235 306
236 375
236 408
236 409
236 444
236 511
236 524
236 634
236 668
236 1007
237 909
239 291
239 624
239 709
239 809
239 879
240 255
240 613
240 616
240 798
241 324
241 422
241 521
241 566
241 686
241 900
241 937
241 1063
242 628
242 784
242 885
243 309
243 683
243 743
243 799
243 950
243 952
244 472
244 480
244 493
244 517
244 556
244 610
244 845
244 865
244 985
245 502
245 1033
246 504
247 404
247 438
247 480
247 679
247 794
248 360
248 558
248 816
248 831
249 390
249 1035
250 256
250 282
250 450
250 568
250 609
250 623
250 680
250 815
250 911
250 976
250 1004
251 483
251 750
251 905
251 1086
253 380
253 547
253 597
253 804
254 386
254 406
254 614
254 692
254 779
255 275
256 312
256 967
257 406
257 747
257 789
258 516
258 931
259 265
259 270
259 359
259 501
259 541
260 279
260 340
260 501
260 566
260 574
260 596
260 642
260 655
260 701
260 727
260 803
260 944
260 966
261 294
261 302
261 452
261 643
261 654
261 711
261 748
261 951
261 1003
262 292
262 300
262 319
262 549
262 616
262 757
262 820
262 827
263 524
266 297
266 365
266 425
266 472
266 583
266 760
266 856
266 886
266 897
266 967
266 977
266 981
266 1049
267 522
267 584
267 590
268 355
268 425
268 449
269 479
269 525
270 486
270 554
271 643
272 770
273 1085
274 276
274 285
274 326
274 438
274 514
274 599
274 868
274 873
274 1083
275 277
275 280
275 285
275 436
275 540
275 863
275 887
275 1034
275 1052
277 315
277 391
277 852
278 685
278 807
278 1085
279 453
279 594
279 800
279 863
279 869
282 284
283 723
283 732
284 699
284 760
284 782
285 380
285 388
285 557
286 1049
287 670
287 880
288 716
288 739
288 923
288 1035
289 412
289 632
289 763
289 1040
290 392
290 500
290 520
290 522
290 869
290 887
290 928
290 1026
290 1047
291 332
291 547
291 569
291 630
291 789
291 919
292 333
292 360
292 612
292 840
292 901
292 929
293 1056
296 832
297 361
297 390
297 419
299 904
300 447
300 461
300 503
300 696
300 788
300 1042
301 453
301 481
301 875
302 351
302 448
302 949
304 482
305 399
305 430
306 663
307 373
308 418
308 750
310 434
310 987
310 1031
314 787
315 873
315 889
316 356
316 398
316 402
316 419
316 463
316 509
316 534
316 537
316 621
316 814
317 360
317 590
317 1095
318 435
318 1007
319 464
319 494
319 512
319 572
319 868
319 889
319 902
319 1013
319 1042
320 580
320 880
321 579
322 903
324 454
325 385
325 477
325 526
325 702
325 703
327 549
327 726
328 559
329 388
330 341
331 381
332 397
333 352
333 411
333 450
333 779
333 790
333 1037
334 474
334 665
334 892
335 418
336 705
337 706
338 1001
338 1047
339 458
339 704
340 344
340 484
340 486
341 704
342 368
342 458
343 510
343 621
343 656
345 434
345 734
345 835
346 385
346 500
346 705
346 790
346 1086
347 437
348 567
348 728
348 753
348 965
349 621
349 941
349 955
350 565
350 599
350 1055
351 571
352 437
352 698
353 645
353 656
353 974
354 473
354 604
354 700
354 860
355 436
355 710
355 846
356 793
357 428
357 658
357 675
357 719
357 935
358 485
358 514
358 821
358 912
358 922
358 1078
358 1089
359 561
359 569
359 735
359 813
359 972
360 595
362 733
362 778
363 1061
364 475
364 545
365 626
366 670
368 696
369 718
369 828
369 847
369 963
369 1029
370 488
372 460
373 586
374 625
375 457
375 874
375 1082
376 642
376 924
377 649
378 586
378 821
378 948
379 412
380 674
381 497
383 524
383 544
384 505
385 424
385 1051
386 1021
387 491
388 476
388 654
388 737
388 874
390 776
391 496
391 563
391 566
391 641
391 727
391 751
391 754
391 870
392 490
392 508
392 574
392 1047
393 665
395 533
395 844
396 592
396 1090
397 442
397 699
397 898
398 584
398 1001
398 1020
399 591
399 1017
400 573
400 662
401 648
404 417
404 635
405 615
405 742
405 935
407 636
407 674
407 710
407 881
407 981
408 503
408 678
409 599
409 797
409 1088
410 651
410 968
411 498
411 891
411 970
412 547
412 918
413 423
413 1022
413 1062
414 686
414 896
415 499
415 648
415 729
415 821
415 901
416 426
419 523
420 483
420 677
420 828
421 986
421 1079
422 624
423 654
423 983
424 1082
425 939
425 986
427 916
428 441
428 622
428 904
428 916
428 1074
429 649
429 943
430 605
430 826
431 476
431 578
431 1045
432 471
432 493
433 475
433 830
433 1025
435 537
435 660
435 731
436 631
436 1065
437 1081
438 443
438 906
438 923
438 998
440 460
440 838
441 488
441 499
441 712
441 843
442 771
442 848
442 957
443 576
443 635
443 740
444 730
445 896
445 922
446 589
446 650
446 942
447 568
447 934
448 670
448 693
449 973
454 575
454 998
455 1038
456 832
459 461
459 1075
460 466
460 489
460 707
461 498
461 864
461 1091
464 508
464 531
464 637
466 640
467 552
468 689
468 947
469 500
469 1024
470 934
474 906
475 590
476 698
477 528
478 605
479 553
480 723
481 803
481 959
482 761
482 839
483 665
485 519
485 910
485 1024
487 745
487 836
489 742
491 856
493 582
493 963
494 753
497 562
497 646
497 700
497 861
499 637
500 507
500 530
500 550
500 568
500 615
500 656
500 1074
501 514
501 824
501 996
502 506
502 609
502 870
503 513
503 731
503 900
505 653
505 755
505 1000
506 664
506 805
508 884
511 704
511 720
511 781
512 602
514 769
514 1015
515 537
515 603
515 742
515 889
516 1019
518 627
518 705
518 768
518 872
522 794
523 587
523 879
524 542
524 758
524 946
524 1046
525 1069
526 983
526 1092
527 894
527 932
527 1028
528 542
528 815
529 762
529 792
530 543
530 773
531 880
531 888
531 1070
532 841
533 688
534 796
537 964
539 585
540 736
540 833
540 840
541 877
542 793
542 887
543 781
543 816
543 997
545 630
545 713
545 730
545 810
545 986
546 857
547 690
547 882
547 1077
549 746
550 577
551 749
551 857
551 1019
552 572
552 857
552 909
553 864
555 858
556 600
556 899
558 708
558 714
558 763
558 1014
559 600
559 957
560 1014
561 640
561 646
561 1023
562 692
562 912
564 927
565 907
566 612
566 736
566 925
569 617
569 825
569 970
570 1008
571 663
571 666
571 726
572 594
573 607
573 652
573 748
573 919
573 1022
574 859
577 786
577 973
579 727
579 829
580 819
581 825
581 897
581 1092
582 713
582 729
582 945
584 881
586 614
587 979
589 811
590 715
590 814
590 914
591 669
591 810
592 796
592 801
594 764
594 765
594 787
594 1017
594 1088
596 884
596 980
598 776
600 687
600 752
600 792
600 1060
601 822
602 672
604 677
605 736
606 607
606 715
606 855
607 1073
610 840
611 767
612 755
614 709
614 1037
616 799
619 940
624 911
624 1021
624 1041
625 886
628 667
630 927
630 1031
631 1036
632 718
632 842
632 849
632 938
633 676
634 667
634 731
634 862
634 1012
634 1073
636 982
637 960
637 1046
639 649
640 788
643 724
643 762
643 819
643 837
644 854
645 678
645 818
649 893
650 678
652 798
654 1059
657 689
657 711
657 714
657 819
659 987
660 766
660 867
660 1057
661 672
661 1046
664 720
668 854
668 1074
669 709
669 958
670 1071
674 691
674 928
675 718
675 724
675 901
676 839
677 958
678 698
678 908
678 977
679 783
680 791
681 787
681 871
681 1014
681 1070
682 998
684 894
685 948
686 1044
686 1057
691 984
692 1051
692 1089
693 744
693 875
701 988
702 972
702 984
702 990
702 1038
704 1060
704 1080
705 1041
706 758
707 739
707 1068
713 1004
714 744
715 1043
715 1063
715 1081
717 1058
718 853
718 882
719 1093
720 804
724 761
726 808
732 737
737 939
740 791
744 1043
745 895
745 900
745 1076
747 775
748 1030
749 780
752 799
752 905
755 878
758 956
760 1086
761 954
765 813
765 822
768 796
770 969
772 951
775 1010
780 842
781 858
788 975
790 975
793 1006
794 1028
800 929
801 922
801 932
802 872
802 936
804 845
804 1032
804 1083
805 910
806 1030
807 1054
809 938
809 949
814 1050
817 956
823 834
825 1048
827 985
828 1026
831 875
836 979
836 1044
838 961
839 867
839 913
839 1035
839 1051
841 883
841 1056
853 1033
853 1061
857 958
858 1005
864 899
869 950
875 971
877 1068
878 971
880 1040
880 1092
881 997
882 1064
896 999
903 921
904 1028
914 974
915 1016
916 1042
917 1029
926 1055
931 1020
949 1024
951 1012
956 988
971 1054
974 1049
980 997
980 1025
995 1039
1000 1009
1002 1008
1011 1084
1020 1087
1024 1094
1032 1068
