0 1
0 2
0 3
0 4
0 5
0 6
0 11
0 14
0 18
0 20
0 32
0 43
0 48
0 50
0 56
0 60
0 64
0 67
0 73
0 76
0 87
0 92
0 93
0 104
0 112
0 113
0 133
0 170
0 176
0 200
0 206
0 209
0 242
0 283
0 291
0 345
0 431
0 448
0 490
0 498
0 516
0 541
0 562
0 580
0 591
0 599
0 601
0 629
0 755
0 770
0 795
0 801
0 815
0 823
0 857
0 941
0 949
0 1075
1 55
1 571
1 683
2 4
2 5
2 9
2 10
2 13
2 14
2 18
2 19
2 22
2 23
2 27
2 28
2 36
2 54
2 66
2 82
2 115
2 127
2 135
2 146
2 177
2 189
2 209
2 218
2 274
2 294
2 301
2 308
2 310
2 316
2 352
2 386
2 396
2 406
2 414
2 422
2 432
2 445
2 455
2 482
2 484
2 540
2 564
2 565
2 594
2 633
2 652
2 662
2 687
2 717
2 722
2 725
2 738
2 771
2 800
2 803
2 821
2 857
2 878
2 933
2 954
2 971
2 1026
2 1060
3 4
3 27
3 44
3 46
3 134
3 193
3 212
3 256
3 342
3 460
3 505
3 636
3 703
3 890
3 956
4 5
4 6
4 7
4 8
4 13
4 14
4 15
4 17
4 22
4 25
4 27
4 32
4 35
4 37
4 39
4 40
4 47
4 59
4 61
4 75
4 87
4 97
4 103
4 104
4 108
4 110
4 117
4 124
4 126
4 127
4 129
4 131
4 132
4 145
4 151
4 164
4 173
4 177
4 178
4 189
4 198
4 214
4 215
4 221
4 232
4 237
4 243
4 259
4 275
4 277
4 285
4 303
4 304
4 317
4 333
4 347
4 363
4 365
4 368
4 372
4 374
4 385
4 395
4 403
4 406
4 409
4 410
4 470
4 471
4 472
4 475
4 480
4 487
4 489
4 491
4 497
4 503
4 511
4 527
4 537
4 547
4 549
4 568
4 570
4 575
4 579
4 580
4 604
4 612
4 614
4 634
4 636
4 641
4 645
4 666
4 702
4 717
4 724
4 737
4 745
4 748
4 770
4 791
4 794
4 847
4 852
4 861
4 885
4 902
4 906
4 920
4 973
4 991
4 1009
4 1042
4 1052
4 1061
5 6
5 7
5 8
5 9
5 10
5 11
5 12
5 15
5 17
5 23
5 24
5 29
5 40
5 51
5 53
5 60
5 61
5 65
5 68
5 74
5 91
5 95
5 99
5 102
5 108
5 112
5 124
5 134
5 141
5 142
5 172
5 174
5 184
5 185
5 186
5 204
5 238
5 255
5 285
5 286
5 293
5 312
5 313
5 318
5 330
5 331
5 349
5 389
5 432
5 479
5 498
5 500
5 508
5 511
5 524
5 531
5 594
5 620
5 636
5 641
5 658
5 674
5 682
5 698
5 716
5 730
5 807
5 830
5 849
5 881
5 944
5 989
5 1029
5 1054
6 7
6 9
6 16
6 19
6 31
6 44
6 49
6 58
6 66
6 70
6 75
6 80
6 89
6 90
6 113
6 125
6 143
6 162
6 163
6 227
6 295
6 332
6 393
6 407
6 418
6 453
6 502
6 570
6 583
6 595
6 627
6 642
6 644
6 685
6 693
6 724
6 756
6 761
6 881
6 885
6 908
6 942
6 953
6 960
6 1064
7 8
7 10
7 11
7 26
7 63
7 69
7 119
7 140
7 190
7 208
7 284
7 415
7 504
7 527
7 613
7 668
7 680
7 683
7 699
7 700
7 834
7 883
7 894
7 925
7 995
8 20
8 41
8 73
8 78
8 175
8 202
8 243
8 254
8 477
8 513
8 515
8 541
8 832
8 971
8 1042
9 12
9 15
9 33
9 41
9 50
9 72
9 109
9 213
9 234
9 281
9 358
9 478
9 530
9 548
9 574
9 847
10 29
10 30
10 44
10 49
10 71
10 79
10 82
10 90
10 96
10 103
10 151
10 194
10 211
10 216
10 318
10 334
10 423
10 427
10 436
10 448
10 493
10 495
10 497
10 532
10 737
10 748
10 774
10 837
10 894
10 934
10 949
10 1030
11 12
11 13
11 16
11 21
11 25
11 31
11 37
11 39
11 42
11 47
11 49
11 52
11 54
11 85
11 110
11 117
11 120
11 121
11 125
11 160
11 165
11 179
11 181
11 187
11 196
11 206
11 224
11 231
11 252
11 311
11 353
11 354
11 362
11 370
11 400
11 407
11 437
11 444
11 458
11 473
11 478
11 495
11 521
11 522
11 557
11 576
11 610
11 630
11 638
11 704
11 729
11 840
11 855
11 870
11 888
11 938
11 955
11 958
11 970
11 999
11 1020
11 1028
11 1052
12 21
12 23
12 26
12 29
12 30
12 34
12 38
12 65
12 71
12 81
12 84
12 88
12 91
12 114
12 192
12 228
12 235
12 253
12 287
12 339
12 369
12 404
12 411
12 429
12 439
12 440
12 458
12 523
12 525
12 526
12 596
12 608
12 678
12 814
12 866
12 886
12 906
12 983
12 1043
13 16
13 17
13 19
13 38
13 46
13 51
13 62
13 87
13 130
13 141
13 146
13 179
13 200
13 218
13 240
13 341
13 359
13 369
13 451
13 476
13 525
13 589
13 662
13 715
13 750
13 790
13 810
13 841
13 842
13 977
13 1010
13 1015
13 1037
13 1046
14 38
14 48
14 65
14 109
14 126
14 138
14 180
14 408
14 414
14 522
14 629
14 728
14 812
14 836
15 21
15 37
15 56
15 77
15 90
15 116
15 120
15 136
15 156
15 172
15 234
15 255
15 343
15 423
15 426
15 435
15 455
15 705
15 786
15 809
15 825
15 1049
16 25
16 112
16 128
16 132
16 193
16 207
16 243
16 321
16 388
16 418
16 632
16 637
16 713
16 777
16 804
16 808
16 959
17 18
17 20
17 28
17 57
17 81
17 101
17 194
17 201
17 214
17 217
17 246
17 271
17 297
17 298
17 306
17 376
17 424
17 431
17 442
17 486
17 533
17 624
17 677
17 817
17 833
17 915
17 924
17 929
17 1027
17 1037
17 1056
18 35
18 40
18 46
18 52
18 58
18 190
18 206
18 1018
19 24
19 30
19 31
19 33
19 34
19 43
19 45
19 52
19 60
19 64
19 78
19 83
19 95
19 127
19 133
19 135
19 152
19 169
19 174
19 188
19 194
19 207
19 213
19 237
19 239
19 247
19 248
19 282
19 313
19 325
19 346
19 372
19 385
19 392
19 396
19 398
19 408
19 409
19 427
19 505
19 533
19 542
19 559
19 602
19 653
19 691
19 697
19 719
19 766
19 784
19 785
19 831
19 881
19 894
19 905
19 916
19 1019
19 1022
19 1035
19 1074
20 24
20 26
20 45
20 74
20 92
20 105
20 297
20 351
20 374
20 464
20 519
20 572
20 585
20 754
20 969
20 974
20 1002
21 22
21 33
21 36
21 54
21 68
21 85
21 94
21 97
21 100
21 238
21 340
21 372
21 526
21 558
21 590
21 597
21 707
21 721
21 783
21 814
21 872
22 168
22 171
22 420
22 485
22 754
22 1029
23 106
23 215
23 323
23 328
23 359
23 373
23 487
23 548
23 556
23 703
23 757
23 805
23 821
23 933
23 981
24 88
24 111
24 388
24 520
24 1041
25 48
25 82
25 143
25 167
25 211
25 219
25 257
25 274
25 371
25 405
25 443
25 446
25 647
25 660
25 816
25 892
25 904
25 941
25 983
26 28
26 57
26 210
26 226
26 241
26 258
26 387
26 438
26 441
26 515
26 552
26 641
26 767
26 862
26 963
26 971
26 991
26 1067
27 35
27 50
27 84
27 94
27 97
27 116
27 169
27 170
27 196
27 236
27 289
27 347
27 377
27 514
27 555
27 563
27 578
27 581
27 606
27 663
27 915
27 1004
28 39
28 45
28 68
28 69
28 76
28 140
28 144
28 151
28 187
28 198
28 224
28 250
28 258
28 553
28 663
28 773
28 788
28 909
28 935
28 1022
29 34
29 51
29 55
29 77
29 113
29 131
29 141
29 171
29 175
29 264
29 266
29 268
29 277
29 301
29 310
29 403
29 421
29 515
29 600
29 647
29 725
29 742
29 776
29 998
30 32
30 36
30 42
30 83
30 84
30 89
30 126
30 128
30 148
30 158
30 176
30 184
30 191
30 208
30 234
30 263
30 284
30 288
30 314
30 325
30 327
30 335
30 370
30 445
30 479
30 544
30 569
30 582
30 687
30 731
30 733
30 827
30 1014
30 1068
31 42
31 66
31 107
31 182
31 224
31 441
32 98
32 119
32 204
32 250
32 278
32 306
32 307
32 319
32 365
32 485
32 490
32 574
32 619
32 661
32 671
32 788
32 874
32 1013
33 67
33 138
33 145
33 150
33 153
33 222
33 254
33 399
33 440
33 442
33 454
33 561
33 656
33 785
33 867
33 928
33 962
33 969
34 257
34 504
34 954
35 153
35 203
35 442
35 618
35 722
35 810
35 818
35 910
35 963
35 973
35 996
35 1065
36 43
36 56
36 111
36 123
36 210
36 252
36 405
36 413
36 491
36 538
36 542
36 560
36 624
36 720
36 817
36 868
36 984
36 1032
37 41
37 53
37 118
37 138
37 462
37 813
37 823
38 353
38 410
38 879
39 47
39 53
39 57
39 58
39 59
39 62
39 67
39 76
39 86
39 88
39 130
39 139
39 153
39 158
39 163
39 173
39 201
39 205
39 208
39 209
39 215
39 222
39 241
39 244
39 253
39 257
39 269
39 273
39 312
39 349
39 375
39 391
39 417
39 419
39 426
39 450
39 496
39 503
39 530
39 545
39 562
39 567
39 593
39 606
39 609
39 654
39 659
39 708
39 727
39 735
39 739
39 765
39 771
39 782
39 797
39 844
39 864
39 910
39 968
39 973
39 1003
39 1011
39 1020
39 1023
39 1058
39 1063
39 1073
40 111
40 180
40 260
40 441
40 704
40 977
41 104
41 193
41 229
41 335
41 384
41 598
41 660
41 664
41 739
41 1057
42 99
42 107
42 146
42 147
42 166
42 172
42 197
42 202
42 227
42 279
42 287
42 297
42 338
42 346
42 389
42 410
42 456
42 542
42 576
42 731
42 802
42 975
43 55
43 63
43 70
43 96
43 152
43 192
43 340
43 439
43 765
43 846
43 851
43 981
44 69
44 154
44 199
44 214
44 289
44 290
44 358
44 627
44 712
44 820
44 848
45 321
46 106
46 135
46 160
46 173
46 185
46 331
46 454
46 605
46 794
46 854
46 1006
46 1045
47 63
47 93
47 98
47 100
47 105
47 129
47 147
47 174
47 212
47 231
47 245
47 263
47 264
47 279
47 384
47 401
47 416
47 449
47 453
47 483
47 535
47 537
47 571
47 584
47 615
47 772
47 777
47 899
47 921
47 924
47 943
47 953
47 981
48 159
48 296
48 348
48 560
49 79
49 85
49 315
49 350
49 470
49 566
49 587
49 682
50 62
50 118
50 154
50 158
50 197
50 202
50 231
50 395
50 430
50 521
50 622
50 764
50 980
50 1020
50 1028
50 1072
51 119
51 161
51 295
51 579
51 1038
52 122
52 157
52 195
52 261
52 324
52 510
53 77
53 183
53 199
53 225
53 228
53 306
53 484
53 488
53 491
53 568
53 598
53 672
53 710
53 752
53 760
53 767
53 833
53 843
53 852
53 953
54 72
54 148
54 233
54 420
54 544
54 763
54 787
55 198
55 289
55 290
55 320
55 552
55 676
55 778
55 1002
56 316
56 912
58 59
58 61
58 71
58 102
58 142
58 147
58 150
58 156
58 159
58 168
58 216
58 217
58 271
58 293
58 294
58 329
58 366
58 367
58 416
58 455
58 459
58 517
58 584
58 603
58 610
58 618
58 686
58 830
58 959
58 1008
58 1046
59 70
59 74
59 86
59 89
59 96
59 186
59 242
59 260
59 265
59 270
59 288
59 318
59 373
59 402
59 408
59 415
59 417
59 517
59 670
59 965
59 1009
59 1026
59 1066
60 64
60 161
60 184
60 233
60 305
60 368
60 401
60 536
60 1017
60 1071
61 72
61 80
61 321
61 475
61 619
61 857
61 1032
62 139
62 166
62 507
62 635
62 762
62 1039
63 239
63 474
63 995
64 155
64 276
64 308
64 363
64 465
64 534
64 561
64 791
64 1024
65 75
65 86
65 329
65 694
65 965
65 1037
65 1048
66 142
66 162
66 188
66 211
66 269
66 277
66 430
66 433
66 460
66 461
66 494
66 539
66 774
66 798
66 860
66 877
66 898
66 919
66 940
66 979
66 1045
67 592
67 694
68 73
68 137
68 149
68 216
68 344
68 360
68 425
68 691
68 724
68 790
68 828
68 889
68 988
68 1027
68 1075
69 79
69 102
69 179
69 195
69 333
69 628
69 717
69 867
69 1073
70 164
70 203
70 247
70 382
70 383
70 553
70 587
70 685
70 689
70 727
70 745
70 749
70 818
70 893
70 936
70 1021
71 81
71 94
71 115
71 117
71 336
71 360
71 383
71 742
71 1044
72 80
72 186
72 245
72 311
72 330
72 380
72 639
72 804
72 925
73 123
73 189
73 274
73 551
73 625
73 649
73 991
74 109
74 122
74 129
74 134
74 152
74 160
74 167
74 244
74 246
74 315
74 497
74 503
74 610
74 940
74 996
74 1062
75 78
75 92
75 108
75 381
75 412
75 466
75 473
75 821
75 950
76 83
76 99
76 464
76 673
76 694
77 101
77 220
77 267
77 342
77 590
77 622
77 655
77 728
77 792
78 106
78 438
78 1044
79 422
79 907
80 131
80 168
80 223
80 244
81 91
81 118
81 187
81 228
81 377
81 435
81 454
81 493
81 590
81 609
81 726
81 782
82 98
82 123
82 249
82 266
82 337
83 121
83 155
83 291
83 545
83 680
83 684
83 734
83 763
83 842
83 919
83 1059
84 93
84 136
84 180
84 199
84 242
84 280
84 456
84 654
84 849
84 1065
85 101
85 116
85 124
85 128
85 137
85 157
85 169
85 181
85 188
85 205
85 210
85 302
85 344
85 357
85 445
85 449
85 469
85 481
85 509
85 523
85 543
85 569
85 616
85 649
85 681
85 686
85 699
85 721
85 733
85 832
85 912
85 941
86 191
86 230
86 308
86 528
86 651
86 859
86 879
87 95
87 100
87 212
87 283
87 305
87 749
88 133
88 161
88 709
89 170
89 342
89 620
89 1067
90 137
90 301
90 317
90 437
90 520
90 663
90 692
90 705
90 768
90 932
90 967
91 519
91 609
91 626
92 252
92 534
93 204
93 326
93 509
93 911
93 913
94 103
94 405
94 412
94 768
94 992
94 1030
94 1070
95 875
95 947
96 225
97 561
97 884
98 143
98 911
99 105
99 144
99 150
99 262
99 275
99 293
99 300
99 425
99 496
99 956
99 1018
99 1031
99 1039
99 1041
100 107
100 246
100 446
100 824
101 145
101 159
101 185
101 221
101 336
101 447
101 479
101 523
101 667
101 723
101 838
101 861
101 868
102 110
102 115
102 205
102 236
102 251
102 339
102 355
102 371
102 387
102 463
102 501
102 575
102 637
102 643
102 702
102 775
102 856
102 1070
103 149
103 220
103 397
103 464
103 606
103 653
103 747
103 798
103 1013
103 1015
104 1023
105 181
105 355
105 588
105 604
105 652
105 746
105 779
106 125
106 253
106 270
106 701
106 740
106 1038
107 114
108 241
108 350
108 444
108 546
109 114
109 139
109 422
109 499
109 529
109 888
109 1075
110 136
110 213
110 500
110 569
110 835
110 938
111 314
111 378
111 459
111 489
111 513
111 557
111 782
111 823
111 827
111 903
112 121
112 171
112 191
112 196
112 240
112 248
112 482
112 774
112 967
112 1074
113 327
113 361
113 715
113 826
113 947
113 1051
114 162
114 235
114 307
114 536
114 771
115 120
115 164
115 347
115 631
115 643
115 682
115 700
115 863
116 182
116 421
116 443
116 572
117 178
117 261
117 265
117 304
117 337
117 511
117 545
117 656
117 897
118 453
118 630
118 778
119 238
119 502
119 518
119 551
119 875
119 975
119 980
120 451
120 510
121 122
121 226
121 433
121 624
123 397
123 495
124 272
124 565
124 1047
125 513
125 692
125 814
125 1061
126 822
126 1053
127 132
127 166
127 379
127 419
127 457
127 472
127 572
127 654
127 679
127 702
127 711
127 792
127 828
128 283
128 396
128 398
128 411
128 526
128 608
128 749
128 826
128 1063
129 130
129 149
129 400
129 457
129 525
129 528
129 668
129 850
129 937
130 144
130 200
130 229
130 332
130 384
130 409
130 437
130 597
130 718
130 979
131 156
131 157
131 356
131 434
131 452
131 753
131 997
132 579
132 994
133 233
133 378
133 426
133 845
134 884
135 167
135 178
135 354
135 390
135 764
135 829
135 851
136 140
136 165
136 175
136 177
136 183
136 268
136 302
136 355
136 362
136 402
136 428
136 451
136 522
136 538
136 554
136 558
136 566
136 585
136 652
136 763
136 785
136 796
136 862
136 892
136 893
136 939
136 1003
137 190
137 476
137 506
137 512
137 595
137 780
137 839
137 878
138 593
138 594
138 640
138 986
139 311
139 531
140 248
140 279
140 492
140 889
140 947
140 982
141 192
141 232
141 290
141 322
141 436
141 667
141 890
141 908
142 256
142 584
143 148
143 324
143 343
144 155
144 203
144 605
144 891
145 229
145 236
145 373
145 429
145 440
145 647
146 262
146 462
146 1008
147 380
147 459
147 534
148 163
148 232
148 259
148 300
148 335
148 356
148 462
148 505
148 617
148 660
148 698
148 732
148 778
148 873
148 969
149 349
149 416
149 424
149 501
149 691
149 730
149 901
150 154
150 428
150 529
150 550
150 619
150 744
150 945
151 176
152 225
152 611
152 936
153 415
153 892
153 932
153 994
154 650
154 712
154 983
155 218
155 296
155 299
155 537
155 573
155 689
155 788
155 850
155 874
156 182
156 331
156 467
156 550
157 295
157 846
157 859
158 379
158 452
158 633
159 593
159 954
159 955
160 688
160 743
161 183
161 472
161 869
162 592
163 307
163 320
163 645
164 165
164 223
164 251
164 394
165 222
166 266
166 666
166 1069
167 418
167 429
167 481
167 946
169 374
170 256
170 309
170 343
170 413
170 465
170 477
170 486
170 539
170 651
170 781
170 808
170 926
170 999
170 1016
170 1042
171 255
171 337
171 430
171 719
171 1055
172 237
172 394
172 514
172 721
172 853
172 1040
173 278
173 348
173 377
173 487
173 613
173 757
173 779
174 787
174 1062
174 1072
175 325
175 507
176 207
176 431
176 796
176 918
176 1059
176 1062
177 322
178 284
178 376
178 507
178 692
179 296
179 398
179 485
179 753
179 813
180 414
180 735
181 221
181 353
181 535
181 578
181 750
181 1007
182 262
182 796
182 802
183 370
183 1010
184 268
184 317
184 381
184 474
184 607
184 651
184 1012
184 1036
185 709
185 720
185 736
185 829
186 217
186 567
186 585
186 666
187 362
188 195
188 220
188 269
188 273
188 392
188 478
188 500
188 506
188 557
188 742
188 752
188 831
188 900
188 1010
189 226
189 799
189 961
190 292
190 640
190 695
190 716
190 723
190 884
190 966
190 989
190 1035
191 197
191 361
191 961
192 280
193 254
193 386
193 784
193 927
193 1022
194 390
194 587
194 886
195 201
195 273
195 294
195 580
195 656
195 713
195 736
195 900
197 276
197 471
197 596
198 235
198 286
198 450
198 566
198 596
198 612
200 251
200 391
200 394
201 309
201 480
201 524
201 690
201 829
202 219
202 365
202 581
202 648
202 792
202 1025
203 230
203 271
203 286
203 322
203 368
203 419
203 471
203 524
203 628
203 676
203 748
203 970
203 1034
204 223
204 249
204 250
204 261
204 509
204 1035
205 323
205 375
205 403
206 588
207 219
208 346
208 1058
209 345
209 392
209 974
210 288
210 549
211 292
211 443
211 581
211 675
211 819
211 1034
212 276
212 490
212 706
212 997
213 406
213 432
213 470
213 492
213 750
213 837
214 260
214 272
214 878
215 473
215 679
216 264
216 951
217 310
217 582
217 1064
218 267
218 324
218 960
218 987
218 989
219 259
219 280
219 312
219 326
219 428
219 530
219 531
219 680
219 777
219 780
219 804
219 879
219 923
219 1054
220 227
220 240
220 247
220 327
220 360
220 367
220 386
220 512
220 539
220 665
220 871
220 883
220 992
220 1007
221 319
221 481
221 644
221 709
221 1013
222 420
222 423
222 726
222 1031
224 230
225 591
225 758
226 586
226 625
227 258
227 326
227 657
227 987
228 239
228 385
228 434
228 838
229 245
229 383
229 401
229 444
229 758
229 836
229 948
230 270
230 483
230 548
230 645
230 672
230 801
230 834
230 908
230 1017
231 278
231 320
232 364
232 755
232 1071
233 291
233 319
233 447
233 461
233 552
233 707
233 761
233 1069
234 541
235 571
236 265
236 340
236 369
236 399
236 543
236 568
236 714
236 847
236 998
236 1052
237 751
237 931
238 263
238 344
238 673
238 1026
239 725
239 781
239 856
239 934
241 395
241 438
241 978
243 249
243 267
243 305
243 333
243 393
243 480
243 492
243 824
244 613
244 684
245 339
245 586
246 734
246 828
246 895
246 976
246 993
247 275
247 328
247 554
247 648
248 299
248 300
248 328
248 334
248 949
248 956
249 732
249 1024
250 282
250 345
250 400
251 786
251 871
251 933
252 1030
255 341
255 667
256 302
256 303
256 417
256 466
256 634
256 675
256 812
256 819
256 845
256 870
256 882
256 992
256 1006
257 794
257 800
258 303
258 376
258 388
258 518
258 806
258 924
260 714
261 272
261 316
261 850
263 351
263 743
264 446
264 498
264 912
265 357
265 615
265 670
265 698
265 700
265 705
265 727
265 883
265 1016
266 357
266 676
267 285
267 382
267 427
267 546
267 628
267 639
267 815
267 1069
268 356
268 399
268 555
269 281
269 516
270 298
270 602
270 635
270 795
271 281
271 282
271 292
271 338
271 449
271 484
271 494
271 604
271 653
271 706
271 789
271 839
271 978
272 391
272 603
272 612
272 708
272 716
273 323
273 477
274 876
274 974
275 287
275 390
275 631
275 669
275 893
275 896
276 382
276 688
278 465
280 298
280 304
280 389
282 363
283 329
283 351
283 1070
284 358
284 701
284 772
284 835
285 299
285 733
286 348
286 439
286 779
286 811
286 873
286 978
288 685
288 950
288 984
289 393
289 926
290 468
290 512
290 723
290 730
290 816
291 309
291 315
291 352
291 354
291 375
291 719
291 741
291 772
291 776
291 841
291 860
291 901
292 740
293 769
293 870
293 923
293 957
294 678
295 434
295 800
295 1000
298 332
298 809
299 314
299 489
299 546
300 313
301 840
301 888
301 982
301 1050
302 338
302 601
302 696
303 898
305 736
305 899
305 1038
306 458
306 517
306 642
306 807
306 929
307 583
307 917
307 948
309 597
310 336
310 341
310 554
311 334
311 688
311 783
311 1033
312 679
312 944
312 1057
313 461
313 565
313 958
314 366
314 536
314 699
314 766
314 1051
315 664
315 673
316 486
316 504
316 746
316 755
316 854
316 858
317 404
317 715
317 1063
318 352
318 510
318 540
318 631
318 806
318 994
320 760
320 915
320 1050
322 330
322 367
322 913
323 469
323 520
323 841
324 1054
325 361
325 607
325 865
325 873
325 895
326 851
327 533
327 658
328 359
328 448
329 556
329 674
329 729
329 952
329 1056
330 538
330 711
330 932
331 381
331 547
331 582
331 708
331 925
331 952
332 646
332 863
333 801
333 807
334 424
334 519
334 540
334 935
334 965
335 865
335 891
335 997
336 366
337 364
337 412
337 482
338 1004
338 1072
339 371
339 621
339 822
339 858
340 380
340 882
341 350
341 499
342 379
342 703
344 551
345 488
347 425
347 543
347 729
347 744
349 466
350 378
350 626
350 966
351 397
351 563
351 976
352 576
352 747
353 411
353 544
353 567
353 625
353 746
353 889
354 562
354 678
355 460
355 518
355 756
356 407
356 805
357 621
357 758
357 817
357 907
358 364
358 528
358 532
359 494
359 1053
360 467
360 681
360 1066
362 926
362 930
363 404
364 921
365 659
365 835
365 905
366 622
366 683
367 843
368 452
368 463
368 493
368 514
368 677
368 809
368 866
368 1023
370 387
370 457
370 598
370 803
370 902
371 1041
372 849
374 559
374 793
375 532
375 951
378 573
378 646
379 402
379 476
379 555
379 575
379 670
379 928
380 629
380 646
380 737
380 876
381 615
381 675
381 1067
382 475
382 611
382 696
382 855
384 753
384 938
386 632
386 741
387 435
387 599
387 659
388 447
388 595
390 508
391 467
391 589
391 701
391 887
392 789
393 640
396 621
396 902
396 1051
397 783
398 463
398 577
399 697
399 797
399 886
400 550
400 811
401 516
404 469
404 655
404 811
407 468
407 570
408 502
408 620
408 710
408 791
409 501
411 413
412 529
412 770
413 421
415 483
415 684
415 732
415 945
415 1027
416 433
417 436
417 964
418 943
419 790
419 885
419 903
420 601
420 741
420 793
420 927
420 944
420 1015
422 527
422 586
422 639
422 901
422 1001
423 508
423 687
423 816
424 916
426 970
428 450
428 633
428 1014
430 553
430 574
430 638
430 839
430 896
431 623
431 762
432 754
433 468
433 718
433 1005
434 655
434 882
434 939
435 506
437 607
439 600
439 671
439 985
440 456
440 499
440 535
440 862
440 880
441 665
441 668
442 880
443 677
445 735
445 797
447 704
447 834
450 1039
451 474
452 549
452 669
452 761
453 589
454 695
455 787
456 760
457 756
458 627
459 738
460 616
460 764
461 496
461 747
461 869
462 488
462 937
463 681
463 984
464 623
464 632
467 578
470 940
471 591
471 830
472 608
472 955
477 547
477 848
477 887
477 1031
478 820
478 952
478 996
480 686
481 661
482 564
484 773
484 1050
484 1053
485 739
486 617
488 775
489 616
489 813
492 731
493 869
494 710
494 993
495 658
496 1065
501 521
501 720
501 937
504 599
504 637
508 559
508 1028
509 743
509 967
509 995
510 630
510 867
511 805
511 990
512 650
513 831
513 990
515 872
516 671
517 577
517 751
517 757
517 786
517 877
518 563
518 588
518 602
518 662
518 665
518 848
518 909
518 922
518 951
518 1029
518 1048
519 822
521 560
522 964
523 577
523 860
525 718
526 583
526 614
526 776
527 859
531 573
531 768
531 781
531 910
531 964
532 896
534 891
537 784
537 1049
538 564
538 592
538 734
538 919
539 751
540 696
541 793
542 650
542 769
542 799
542 905
545 558
547 556
548 959
549 644
550 904
551 697
552 856
555 643
556 789
557 812
557 1036
558 918
559 861
560 795
560 1046
560 1049
561 626
561 773
563 845
563 875
563 968
567 635
568 855
568 1066
569 690
569 972
570 914
570 1060
571 611
571 714
571 966
571 968
572 767
573 918
575 623
575 803
575 825
575 844
575 866
575 917
575 1019
576 642
576 664
577 634
579 614
579 1017
580 617
580 712
582 618
582 657
583 838
583 874
583 914
583 934
584 600
584 726
584 802
584 854
584 1033
584 1047
584 1055
584 1061
586 931
587 990
588 674
588 1005
589 603
589 765
590 843
593 605
593 840
599 649
600 939
602 740
603 927
604 962
606 759
608 945
611 693
616 648
617 638
617 832
617 1021
618 661
618 799
618 806
618 810
621 672
622 948
622 1011
623 713
624 766
624 1040
626 946
629 695
630 669
630 1055
631 976
632 657
633 1008
637 722
637 1071
643 961
645 744
646 979
647 745
648 1032
649 877
650 707
652 815
655 833
662 706
664 827
665 1045
669 1018
670 903
671 808
673 1040
674 693
674 844
675 986
676 906
677 916
678 769
680 985
682 762
683 689
683 985
686 1048
687 846
687 957
688 819
689 690
691 868
692 798
695 942
696 913
697 890
703 943
705 711
707 728
707 820
709 975
711 880
714 738
714 928
716 837
717 759
717 842
717 929
720 775
720 853
722 993
724 904
728 759
728 824
729 1009
733 864
735 895
737 899
738 936
739 950
740 752
745 1005
746 999
748 931
749 858
750 1012
752 935
754 836
754 1011
756 900
756 1000
763 998
765 780
765 825
765 1044
766 972
766 1002
767 957
773 852
773 1073
775 923
778 897
778 962
785 826
785 898
786 911
787 958
788 887
788 942
795 963
796 920
796 922
798 1012
802 1021
803 818
812 977
813 864
815 917
816 897
816 1064
821 865
822 863
822 872
823 930
824 922
825 853
825 1047
831 980
833 907
839 871
839 1060
840 1007
841 1058
844 876
844 982
844 987
844 1003
849 920
860 1001
861 1016
864 1004
869 946
873 988
874 1025
874 1034
878 986
882 1043
891 930
893 909
893 921
893 1006
899 1019
899 1036
903 960
904 914
909 1001
918 1074
920 1014
950 1033
952 1056
958 972
963 1000
971 1024
980 988
981 1043
991 1068
993 1068
1002 1025
1036 1059
1038 1057
