0 1
0 2
0 3
0 4
0 5
0 7
0 8
0 9
0 11
0 13
0 15
0 16
0 17
0 18
0 21
0 22
0 23
0 24
0 26
0 28
0 35
0 44
0 45
0 54
0 55
0 60
0 61
0 63
0 65
0 79
0 86
0 87
0 88
0 90
0 94
0 98
0 99
0 111
0 112
0 117
0 122
0 128
0 130
0 131
0 136
0 139
0 140
0 141
0 142
0 158
0 170
0 173
0 183
0 189
0 195
0 203
0 206
0 221
0 227
0 259
0 263
0 269
0 282
0 285
0 308
0 309
0 310
0 323
0 327
0 333
0 343
0 354
0 358
0 362
0 388
0 395
0 399
0 403
0 412
0 421
0 425
0 448
0 460
0 483
0 484
0 532
0 535
0 557
0 560
0 568
0 578
0 591
0 594
0 595
0 609
0 614
0 652
0 655
0 659
0 667
0 674
0 689
0 690
0 697
0 715
0 727
0 734
0 738
0 739
0 755
0 757
0 772
0 813
0 830
0 851
0 855
0 862
0 866
0 889
0 891
0 894
0 912
0 920
0 925
0 935
0 938
0 952
0 957
0 973
0 976
0 979
0 989
0 1004
0 1007
0 1009
0 1030
0 1048
1 4
1 5
1 6
1 9
1 10
1 12
1 18
1 19
1 24
1 25
1 26
1 29
1 31
1 41
1 44
1 46
1 52
1 64
1 72
1 90
1 107
1 129
1 132
1 144
1 151
1 152
1 154
1 155
1 177
1 196
1 218
1 224
1 231
1 244
1 270
1 282
1 290
1 291
1 350
1 365
1 375
1 385
1 401
1 408
1 429
1 441
1 446
1 453
1 463
1 491
1 509
1 518
1 577
1 579
1 584
1 782
1 844
1 877
1 887
1 892
1 955
1 985
1 1022
1 1043
1 1063
2 4
2 6
2 10
2 12
2 17
2 23
2 25
2 29
2 39
2 43
2 46
2 49
2 53
2 55
2 56
2 57
2 61
2 67
2 69
2 70
2 73
2 74
2 78
2 82
2 84
2 88
2 89
2 98
2 113
2 116
2 119
2 190
2 191
2 200
2 202
2 232
2 273
2 274
2 288
2 297
2 302
2 311
2 316
2 354
2 367
2 392
2 423
2 445
2 455
2 473
2 478
2 539
2 607
2 610
2 626
2 767
2 768
2 785
2 816
2 890
2 903
2 941
2 953
2 966
2 1010
2 1022
2 1031
2 1058
2 1075
3 5
3 7
3 8
3 30
3 55
3 91
3 108
3 142
3 148
3 160
3 207
3 259
3 315
3 352
3 381
3 396
3 425
3 431
3 489
3 548
3 583
3 758
3 853
3 893
3 928
3 975
3 1000
4 7
4 9
4 14
4 16
4 19
4 41
4 57
4 81
4 100
4 106
4 137
4 194
4 205
4 221
4 233
4 245
4 280
4 288
4 300
4 313
4 354
4 414
4 420
4 523
4 586
4 620
4 685
4 725
4 744
4 782
4 791
4 822
4 842
4 944
4 1009
4 1050
5 6
5 8
5 10
5 11
5 14
5 16
5 30
5 36
5 38
5 42
5 44
5 45
5 46
5 63
5 69
5 70
5 71
5 75
5 77
5 83
5 93
5 99
5 100
5 115
5 121
5 127
5 132
5 133
5 140
5 148
5 187
5 195
5 204
5 214
5 219
5 242
5 256
5 261
5 284
5 285
5 296
5 301
5 316
5 322
5 323
5 329
5 335
5 338
5 344
5 371
5 401
5 424
5 473
5 489
5 512
5 547
5 551
5 574
5 584
5 615
5 622
5 642
5 655
5 670
5 686
5 721
5 726
5 731
5 747
5 785
5 806
5 816
5 850
5 897
5 906
5 923
5 932
5 980
5 983
5 988
5 1008
5 1019
5 1030
5 1042
6 17
6 25
6 39
6 53
6 122
6 130
6 143
6 144
6 155
6 199
6 201
6 239
6 260
6 280
6 364
6 384
6 405
6 417
6 431
6 498
6 529
6 538
6 546
6 629
6 671
6 676
6 677
6 736
6 763
6 778
6 779
6 828
6 851
6 952
6 1047
6 1070
7 13
7 38
7 74
7 77
7 114
7 121
7 148
7 180
7 194
7 205
7 337
7 393
7 601
7 626
7 677
7 743
7 889
7 985
7 1065
7 1079
8 11
8 12
8 15
8 23
8 27
8 28
8 40
8 62
8 69
8 93
8 102
8 123
8 125
8 128
8 139
8 156
8 171
8 172
8 198
8 232
8 252
8 293
8 295
8 323
8 434
8 491
8 506
8 531
8 546
8 604
8 625
8 653
8 669
8 695
8 705
8 716
8 763
8 765
8 772
8 827
8 858
8 870
8 871
8 909
8 948
8 1001
8 1012
9 20
9 68
9 175
9 181
9 192
9 403
9 614
9 825
9 912
9 997
9 1049
10 13
10 15
10 27
10 29
10 35
10 40
10 47
10 56
10 66
10 71
10 96
10 102
10 105
10 107
10 171
10 176
10 178
10 289
10 379
10 440
10 454
10 554
10 577
10 602
10 603
10 618
10 788
10 891
10 971
11 18
11 26
11 32
11 34
11 38
11 42
11 54
11 84
11 89
11 102
11 103
11 109
11 116
11 127
11 145
11 150
11 170
11 175
11 177
11 202
11 212
11 227
11 273
11 293
11 305
11 324
11 330
11 342
11 374
11 407
11 413
11 414
11 569
11 654
11 738
11 776
11 781
11 791
11 838
11 869
11 913
11 976
12 19
12 30
12 81
12 149
12 196
12 275
12 555
12 585
12 673
12 808
12 856
13 14
13 20
13 34
13 35
13 43
13 59
13 68
13 96
13 101
13 125
13 139
13 145
13 160
13 174
13 188
13 225
13 265
13 278
13 304
13 310
13 312
13 319
13 353
13 397
13 415
13 428
13 487
13 519
13 522
13 592
13 603
13 633
13 733
13 762
13 781
13 827
13 845
13 870
13 883
13 888
13 909
13 947
13 965
13 973
13 1002
13 1011
13 1055
14 43
14 76
14 137
14 180
14 334
14 357
14 598
14 756
14 873
14 1005
15 62
15 146
15 167
15 168
15 182
15 335
15 336
15 488
15 531
15 554
15 661
15 669
15 740
15 804
15 880
15 954
15 962
15 1048
15 1060
16 22
16 24
16 79
16 80
16 83
16 87
16 113
16 127
16 332
16 411
16 646
16 776
16 825
16 1015
17 21
17 33
17 52
17 66
17 68
17 70
17 71
17 76
17 90
17 112
17 117
17 134
17 138
17 149
17 152
17 154
17 164
17 169
17 203
17 211
17 217
17 291
17 346
17 369
17 387
17 410
17 427
17 430
17 451
17 479
17 509
17 564
17 607
17 612
17 651
17 786
17 864
17 868
17 950
17 960
17 977
17 1041
17 1044
18 20
18 22
18 41
18 42
18 45
18 48
18 85
18 92
18 97
18 167
18 175
18 179
18 188
18 215
18 226
18 239
18 242
18 307
18 406
18 430
18 454
18 635
18 735
18 740
18 833
18 1016
18 1054
18 1068
18 1071
19 32
19 93
19 126
19 255
19 340
19 418
19 469
19 925
19 1035
19 1055
20 21
20 39
20 83
20 124
20 154
20 180
20 199
20 292
20 341
20 441
20 543
20 829
20 938
20 961
21 31
21 72
21 135
21 147
21 210
21 340
21 433
21 443
21 453
21 501
21 523
21 603
21 656
21 767
21 831
21 907
21 915
21 918
21 970
22 28
22 36
22 73
22 86
22 133
22 173
22 219
22 237
22 245
22 249
22 287
22 303
22 407
22 585
22 701
22 760
22 771
22 920
22 1072
23 33
23 50
23 51
23 60
23 62
23 107
23 114
23 133
23 141
23 157
23 181
23 207
23 208
23 212
23 222
23 248
23 256
23 261
23 263
23 277
23 290
23 346
23 353
23 377
23 419
23 445
23 481
23 590
23 676
23 770
23 848
23 959
23 994
23 1021
23 1038
23 1044
24 27
24 222
24 283
24 309
24 378
24 521
24 588
24 632
24 875
24 877
24 1034
25 48
25 59
25 103
25 109
25 222
25 230
25 297
25 377
25 395
25 442
25 484
25 633
25 654
25 661
25 662
25 700
25 718
25 728
25 798
25 820
25 892
25 958
25 1074
26 32
26 89
26 264
26 352
26 363
26 410
26 418
26 470
26 480
26 507
26 611
26 635
26 639
26 934
26 1024
27 129
27 300
27 302
27 432
27 440
27 526
27 630
27 635
27 692
27 937
27 1057
28 33
28 37
28 57
28 67
28 82
28 98
28 132
28 141
28 166
28 179
28 239
28 247
28 296
28 365
28 384
28 434
28 467
28 489
28 517
28 581
28 617
28 754
28 789
29 31
29 34
29 40
29 50
29 54
29 106
29 126
29 137
29 147
29 158
29 160
29 161
29 162
29 166
29 172
29 173
29 185
29 197
29 201
29 216
29 223
29 242
29 247
29 267
29 269
29 274
29 286
29 287
29 303
29 310
29 336
29 356
29 398
29 406
29 425
29 474
29 520
29 533
29 590
29 623
29 642
29 647
29 682
29 695
29 701
29 705
29 727
29 743
29 759
29 786
29 787
29 795
29 802
29 809
29 828
29 848
29 883
29 887
29 898
29 900
29 922
29 936
29 940
29 960
29 993
29 1061
30 258
30 380
31 36
31 37
31 188
31 260
31 277
31 426
31 648
31 650
31 733
31 895
32 195
32 528
32 551
32 693
32 731
32 780
32 788
32 1015
33 37
33 65
33 120
33 124
33 129
33 135
33 183
33 185
33 220
33 236
33 277
33 279
33 290
33 322
33 381
33 406
33 432
33 449
33 556
33 723
33 774
33 775
33 784
33 846
33 876
33 948
33 1011
33 1078
34 50
34 52
34 108
34 413
34 457
34 486
34 1050
34 1066
35 47
35 51
35 124
35 185
35 513
36 63
36 67
36 94
36 99
36 130
36 157
36 193
36 198
36 207
36 217
36 262
36 275
36 318
36 437
36 438
36 447
36 492
36 595
36 637
36 684
36 737
36 758
36 863
36 936
36 991
36 1029
36 1036
36 1059
37 47
37 109
37 325
37 430
37 657
37 844
37 896
38 79
38 94
38 134
38 156
38 212
38 214
38 216
38 246
38 294
38 304
38 418
38 455
38 468
38 472
38 493
38 525
38 591
38 643
38 645
38 671
38 672
38 825
38 827
38 941
39 49
39 65
39 87
39 111
39 164
39 225
39 251
39 317
39 373
39 400
39 440
39 450
39 462
39 469
39 490
39 515
39 516
39 574
39 639
39 696
39 757
39 760
39 875
39 878
39 923
39 931
39 1034
39 1039
39 1046
40 865
41 48
41 59
41 64
41 66
41 145
41 326
41 387
41 534
41 743
41 844
42 49
42 58
42 80
42 96
42 231
42 238
42 255
42 336
42 375
42 524
42 537
42 544
42 558
42 658
42 748
42 785
42 855
42 857
42 964
42 1018
42 1041
42 1063
42 1068
43 53
43 82
43 92
43 204
43 217
43 332
43 367
43 525
43 527
43 565
43 572
43 585
43 722
44 86
44 287
44 494
44 518
44 551
44 783
45 61
45 75
45 81
45 88
45 104
45 120
45 125
45 143
45 168
45 228
45 331
45 426
45 507
45 565
45 683
45 857
45 909
45 930
45 984
45 1016
45 1033
46 165
46 304
46 363
46 482
47 153
47 270
47 292
47 458
47 462
47 959
48 58
48 74
48 97
48 123
48 166
48 178
48 228
48 318
48 386
48 517
48 553
48 648
48 829
48 884
49 51
49 146
49 241
49 307
49 369
49 373
49 456
49 662
49 876
49 905
50 56
50 58
50 104
50 115
50 117
50 183
50 235
50 257
50 266
50 320
50 361
50 380
50 391
50 435
50 499
50 507
50 548
50 597
50 615
50 770
50 784
50 847
50 1061
51 78
51 110
51 165
51 278
51 284
51 299
51 371
51 394
51 423
51 444
51 473
51 569
51 795
51 1020
52 84
52 221
52 331
52 514
52 691
52 896
52 898
53 114
53 120
53 394
53 419
53 717
53 803
54 105
54 291
54 302
54 668
55 275
55 486
56 60
56 75
56 78
56 95
56 97
56 116
56 158
56 159
56 251
56 286
56 313
56 494
56 730
56 753
56 786
56 817
56 949
56 951
56 1010
57 76
57 153
57 167
57 213
57 241
57 272
57 295
57 334
57 337
57 341
57 359
57 381
57 467
57 478
57 495
57 497
57 571
57 574
57 593
57 805
57 807
57 813
57 817
57 919
57 923
57 997
57 1002
57 1011
58 64
58 150
58 268
58 319
58 383
58 572
58 818
58 835
58 836
58 939
59 110
59 198
59 408
60 80
60 187
60 271
61 161
61 181
61 437
61 483
61 545
61 805
61 815
61 835
62 73
62 113
62 514
62 910
62 912
63 118
63 156
63 211
63 247
63 256
63 268
63 321
63 376
63 408
63 417
63 561
63 580
63 866
63 870
63 872
63 924
63 1028
63 1042
64 77
64 118
64 172
64 240
64 355
64 833
64 900
64 930
64 956
64 969
65 100
65 257
65 398
65 535
65 555
65 742
66 364
66 537
66 761
66 1053
67 602
67 735
68 119
68 759
68 860
68 982
68 1076
69 85
69 140
69 153
69 164
69 208
69 600
69 602
69 669
69 697
69 834
69 918
69 970
70 72
70 95
70 108
70 115
70 226
70 265
70 311
70 340
70 370
70 372
70 396
70 420
70 458
70 511
70 600
70 627
70 651
70 709
70 739
70 830
70 843
70 878
70 914
70 971
70 1000
71 301
71 372
71 382
71 470
72 210
72 250
72 258
72 274
72 296
72 308
72 366
72 698
72 704
72 826
73 131
73 136
73 299
73 476
73 793
73 1027
74 151
74 189
74 261
74 420
74 570
74 670
75 85
75 201
75 229
75 250
75 306
75 397
75 436
75 439
75 638
75 711
75 734
75 753
75 969
75 1026
76 426
76 474
76 500
76 744
78 131
78 177
78 220
78 231
78 335
78 723
79 123
79 144
79 179
79 276
79 351
79 400
79 405
79 636
79 664
79 799
79 822
79 829
80 182
80 262
80 680
80 807
80 895
80 978
81 91
81 101
81 106
81 118
81 138
81 228
81 320
81 450
81 562
81 689
81 704
81 715
81 815
81 823
81 1078
82 91
82 229
82 480
82 605
82 641
82 768
82 802
82 859
82 931
83 105
83 813
83 1020
84 111
84 190
84 360
84 884
85 92
85 210
85 289
85 395
85 422
85 445
85 846
86 169
86 265
86 732
86 878
86 937
87 157
87 202
87 325
87 326
87 338
87 423
87 519
87 596
87 1006
87 1040
88 196
88 205
88 206
88 272
88 576
89 209
89 223
89 301
89 357
89 372
89 380
89 394
89 464
89 596
89 746
89 773
89 1052
90 162
90 203
92 385
92 390
92 460
92 718
92 881
93 241
93 598
93 964
94 95
94 122
94 135
94 138
94 208
94 333
94 450
94 503
94 513
94 514
94 545
94 561
94 675
94 740
94 854
94 962
95 101
95 134
95 295
95 429
95 456
95 475
95 553
95 586
95 597
95 1029
96 345
96 506
96 853
96 856
97 1047
98 104
98 253
98 637
99 209
99 599
100 163
100 452
101 103
101 264
101 527
101 572
101 686
101 715
101 775
102 409
102 479
102 981
103 110
103 112
103 149
103 165
103 366
103 605
103 840
103 1014
104 243
104 308
104 317
104 880
105 197
105 254
105 285
105 386
105 505
105 577
105 613
106 159
106 184
106 259
106 278
106 364
106 522
106 586
106 601
106 632
106 725
106 1038
107 192
107 224
107 252
107 289
107 314
107 464
107 797
107 920
107 1077
108 136
108 391
109 119
109 121
109 128
109 151
109 161
109 176
109 283
109 348
109 400
109 557
109 625
109 643
109 699
109 791
109 804
109 854
109 945
109 985
110 147
110 150
110 169
110 199
110 328
110 332
110 383
110 410
110 477
110 616
110 626
110 674
110 808
110 934
110 1034
111 159
111 424
111 446
111 459
111 466
111 674
111 689
112 163
112 691
113 178
113 403
113 444
113 482
113 502
113 526
113 607
114 321
114 376
114 475
114 555
114 617
114 897
114 957
114 1025
115 324
115 436
115 834
116 182
116 249
116 330
116 359
116 389
116 559
116 593
116 608
116 824
116 1021
117 681
117 1003
117 1014
118 370
118 564
118 651
118 676
119 433
119 549
119 663
119 724
119 737
119 888
120 184
120 186
120 251
120 848
121 559
121 678
121 695
122 193
122 253
122 517
122 541
123 248
124 126
124 191
124 255
124 471
124 578
124 919
125 567
126 193
126 204
126 218
126 238
126 303
126 668
126 842
127 272
128 142
128 184
128 189
128 339
128 415
128 462
128 590
128 752
129 333
129 623
129 950
129 961
130 692
131 276
131 334
131 495
131 751
132 155
132 233
132 235
132 534
132 544
132 588
132 630
132 650
133 523
133 621
133 718
133 783
134 197
134 232
134 298
134 349
134 452
134 753
134 775
134 1060
135 317
135 622
136 314
136 435
136 550
136 552
136 660
136 1064
137 984
138 345
138 469
138 471
138 575
138 684
138 766
138 1070
139 186
139 538
139 582
139 841
139 887
140 350
140 638
140 841
141 143
141 168
141 174
141 388
141 483
141 549
141 790
142 152
142 211
142 230
142 405
142 504
142 686
142 967
143 369
143 729
143 756
143 913
144 146
144 368
144 636
144 1026
144 1072
146 170
146 267
146 604
146 687
146 929
146 1000
146 1071
147 162
147 163
147 186
147 443
147 587
147 605
147 771
147 815
147 852
147 872
147 883
147 918
147 991
148 281
148 344
148 1043
148 1057
149 223
149 282
149 540
149 628
150 213
150 215
150 266
150 271
150 315
150 322
150 356
150 392
150 458
150 563
151 250
151 293
151 309
151 580
151 644
151 660
151 905
152 176
152 284
152 958
153 237
153 240
153 448
154 227
154 318
154 529
154 560
154 640
155 480
156 171
156 254
156 280
156 604
156 673
156 739
156 839
156 854
156 858
156 926
157 194
157 236
157 347
158 244
158 628
158 789
158 901
159 215
159 294
159 746
159 823
160 263
160 266
160 337
160 741
161 368
161 378
161 460
161 798
162 209
162 214
162 279
162 325
162 485
162 498
163 200
163 1017
164 362
164 366
164 409
164 413
164 476
164 493
164 719
164 736
164 745
164 810
164 907
164 1069
165 174
165 393
165 401
165 444
165 663
165 772
165 871
166 470
166 621
166 703
166 995
166 1004
167 288
167 346
167 730
167 927
168 449
169 510
169 820
169 1069
170 330
170 552
170 819
171 191
171 314
171 344
171 421
171 477
171 536
172 837
173 412
173 511
173 539
173 582
173 755
173 908
174 246
175 190
175 206
175 237
175 258
175 281
175 320
175 343
175 352
175 442
175 454
175 467
175 638
175 712
175 730
175 802
175 810
175 852
175 916
175 1035
176 234
176 297
176 375
176 657
176 752
176 889
177 220
177 243
177 248
177 368
177 455
177 505
177 690
177 900
177 944
178 921
179 213
179 234
179 328
179 457
179 477
179 526
179 862
180 187
180 313
180 329
180 350
180 353
180 377
180 427
180 437
180 733
180 762
180 852
180 894
180 1031
181 371
181 515
181 525
181 624
181 729
181 877
181 1073
182 200
182 260
182 321
182 327
182 451
182 631
183 257
184 192
184 503
184 566
184 567
184 796
184 1062
185 630
185 680
185 713
186 358
187 216
187 273
187 347
187 373
187 398
187 532
187 665
187 750
187 1070
188 234
188 433
188 749
188 946
188 1019
189 218
189 243
189 254
189 267
189 343
189 431
189 466
189 503
189 853
189 867
189 897
189 1010
189 1019
190 885
190 953
191 668
191 1017
192 298
193 886
195 240
195 404
195 760
195 777
196 404
196 472
196 951
197 233
197 319
197 501
197 565
197 947
198 270
198 446
198 465
198 486
200 219
200 230
200 245
200 252
200 316
200 465
200 599
200 640
200 821
200 1024
201 236
201 362
201 765
201 906
201 986
204 632
204 801
205 427
205 490
205 800
206 224
206 281
206 485
206 682
206 954
206 994
206 996
206 1066
207 226
208 387
208 627
208 824
208 955
208 963
209 374
209 511
209 797
209 896
209 926
209 1067
210 311
210 361
210 428
211 463
211 999
212 326
212 665
213 225
213 487
214 658
214 756
214 1052
216 419
216 432
216 447
216 500
216 550
216 569
216 649
219 701
219 1028
220 641
221 329
221 558
221 648
221 917
222 229
222 238
222 264
222 268
222 793
222 893
223 438
223 719
223 886
223 1036
224 292
224 388
224 994
225 679
225 709
226 393
226 592
226 608
226 625
226 684
226 735
226 993
226 1058
227 315
227 747
228 298
228 449
228 521
228 554
229 253
229 836
229 1006
230 416
230 453
231 589
233 536
233 563
234 235
234 345
234 357
234 384
234 568
234 721
236 244
236 279
236 667
236 1056
237 305
237 339
237 385
237 532
238 246
238 249
238 262
238 305
238 338
238 379
238 399
238 513
238 855
239 459
239 809
240 355
240 737
241 351
241 606
241 610
241 714
242 435
242 537
242 606
242 647
242 834
242 1066
243 271
243 312
244 348
244 429
244 741
245 348
246 269
246 312
246 442
247 342
247 422
247 693
247 812
247 879
247 882
248 501
248 728
250 943
251 379
251 508
252 496
252 516
252 963
253 286
254 488
254 769
254 787
254 843
254 872
254 1075
255 299
255 396
255 687
257 331
257 543
257 613
257 720
257 1004
258 675
258 694
258 770
258 898
258 990
258 1012
259 499
260 300
260 1061
261 339
261 1032
262 342
262 360
262 402
262 745
262 868
263 515
263 754
264 629
264 722
265 496
265 680
266 307
266 359
266 465
267 367
268 535
269 386
269 389
269 548
269 633
269 750
270 399
271 538
271 849
271 904
271 913
273 294
273 468
273 704
273 767
273 837
273 926
274 276
274 383
274 522
274 618
274 757
274 1033
275 663
275 708
275 1003
275 1022
276 509
276 720
276 1013
277 412
277 568
277 594
277 803
277 952
278 283
281 327
281 382
281 499
281 634
281 655
281 690
281 722
281 763
281 1053
283 306
283 356
284 709
284 864
284 915
285 363
285 677
285 873
286 402
286 793
286 823
289 382
289 519
289 608
289 727
290 451
290 566
290 570
291 328
291 461
291 596
291 687
291 832
292 351
292 819
292 1014
292 1056
293 696
293 724
293 879
294 862
295 421
295 867
295 1047
295 1049
296 306
296 591
296 884
296 919
297 416
297 711
297 847
299 324
299 378
299 542
299 771
300 642
301 512
301 807
301 890
302 355
302 397
302 481
302 493
302 797
303 370
303 712
303 987
305 358
305 615
305 654
305 683
305 1023
306 347
307 349
307 611
307 698
307 708
307 1024
308 349
308 389
308 422
308 915
308 932
308 944
308 1012
308 1023
309 434
309 564
310 527
310 557
311 411
312 610
312 698
312 1049
313 666
313 826
313 998
313 1037
314 494
314 546
314 587
314 599
314 950
315 818
315 992
316 901
317 541
317 953
319 678
320 732
320 792
322 461
322 463
322 504
322 576
323 547
324 436
324 562
324 792
325 439
325 589
325 619
325 660
325 850
325 857
325 936
325 1072
325 1078
326 800
327 365
328 653
328 685
328 1055
329 341
329 443
329 448
329 466
329 478
329 619
329 629
329 895
329 977
329 1006
330 417
330 849
332 530
333 724
334 361
334 876
336 764
336 765
336 1067
337 360
337 996
337 999
338 539
338 584
338 891
338 927
339 516
339 575
339 705
341 497
341 534
341 720
341 742
341 831
341 867
341 934
341 1074
341 1077
343 452
344 475
344 520
345 472
345 805
348 407
348 461
349 459
349 954
350 1039
351 481
351 799
352 390
352 621
352 796
353 391
353 409
353 838
353 861
353 1007
354 1029
355 869
355 962
356 376
356 404
356 411
356 531
356 723
357 779
357 1003
359 491
359 495
360 583
360 790
360 1026
362 390
362 505
362 530
362 616
362 707
362 736
363 374
364 456
365 498
365 597
365 614
365 646
365 787
366 528
366 533
366 652
366 683
366 702
371 530
371 637
371 987
371 1039
372 536
372 672
373 581
373 759
374 975
375 598
375 1031
376 510
377 414
378 468
378 914
379 560
379 905
380 658
381 703
381 903
381 916
382 968
382 991
383 496
384 571
385 510
385 794
386 392
387 751
387 812
388 778
388 949
389 424
389 618
389 672
390 580
390 717
391 780
391 1075
392 652
392 696
392 816
392 1027
394 415
394 566
394 649
394 809
395 402
395 502
395 506
396 497
396 541
397 524
397 869
398 631
398 832
399 664
400 482
400 492
400 502
400 712
400 847
400 888
401 612
401 917
402 801
403 688
404 438
404 708
405 749
406 416
407 719
407 908
408 649
409 858
409 977
409 1032
411 464
412 600
412 609
412 714
412 764
413 500
413 542
413 726
413 776
413 863
414 835
414 965
416 946
417 488
417 508
417 694
417 907
417 972
418 576
420 681
421 428
422 1028
423 571
423 693
423 777
424 439
424 578
424 601
424 688
424 741
424 880
425 1025
426 832
428 457
428 644
428 979
429 874
430 622
430 656
430 761
430 766
432 746
432 942
432 1042
433 794
433 1079
434 441
434 518
434 595
434 750
434 789
435 573
435 582
435 935
435 939
436 508
436 824
436 831
439 447
439 575
439 951
440 624
441 612
442 484
442 713
442 761
443 533
443 1054
445 545
445 866
445 930
445 988
446 836
447 779
447 902
448 550
448 702
448 1063
452 593
452 650
454 471
454 556
454 840
454 928
456 558
456 561
456 798
457 549
457 592
457 694
457 717
457 804
457 899
457 901
458 547
458 986
459 487
460 476
460 543
460 986
461 559
461 691
461 1018
462 606
462 768
463 964
463 980
465 485
465 1062
465 1073
467 1045
468 647
469 998
470 552
470 627
471 699
471 981
472 492
472 540
473 474
473 479
473 567
473 921
474 620
474 841
475 581
475 788
476 778
479 490
479 692
479 754
480 766
481 504
481 833
483 544
483 812
484 542
485 661
485 664
485 1059
487 524
487 563
487 706
487 822
488 613
489 881
491 762
493 619
494 997
496 556
497 882
497 1050
499 800
499 803
499 1040
500 529
501 755
501 859
501 956
501 960
505 782
506 520
506 885
508 670
508 843
508 998
508 1074
509 659
509 885
509 955
510 512
510 643
510 710
510 713
510 902
511 1051
512 528
512 886
514 679
514 706
516 589
517 521
517 868
519 587
519 911
520 745
521 963
522 728
522 738
522 983
523 959
524 636
525 731
525 874
528 573
529 628
529 667
529 1016
532 553
534 540
534 725
536 562
536 678
536 933
536 956
537 673
538 666
539 616
539 729
539 1044
541 703
541 856
542 675
542 681
543 583
543 699
543 821
543 899
544 742
544 940
545 846
546 748
546 989
547 573
548 989
549 716
550 611
551 570
551 790
551 864
553 623
554 879
555 594
555 808
555 967
557 874
557 1041
558 1018
559 1005
560 769
562 645
562 773
563 579
563 904
564 697
565 714
566 639
566 640
567 972
569 937
570 806
571 617
571 830
571 916
571 1068
572 644
573 609
574 588
576 579
576 828
576 849
578 666
578 769
578 908
581 820
582 710
583 933
587 624
587 702
587 749
587 1067
588 865
588 973
590 646
591 799
592 659
593 965
596 653
597 700
598 1015
601 620
601 781
602 634
602 996
603 662
603 671
605 707
605 811
605 1073
607 631
607 924
607 1008
608 1030
610 773
610 840
610 1056
611 839
611 990
611 1007
612 641
612 645
612 914
616 981
616 1033
617 943
619 726
619 1054
621 780
621 982
621 1064
622 817
623 992
624 818
626 911
627 784
627 929
627 945
628 685
629 634
629 1045
631 751
631 850
631 979
632 679
632 968
633 656
633 657
636 734
637 875
637 903
638 1005
639 993
642 826
643 1060
644 721
644 902
644 971
645 732
645 882
645 1013
650 706
650 1001
652 974
654 1065
655 860
656 707
657 1023
659 838
660 665
661 682
661 861
665 842
666 863
668 939
670 899
670 910
671 710
671 747
671 774
671 967
671 1076
673 810
674 688
675 1079
677 974
680 940
682 1062
683 839
683 999
685 700
685 777
689 935
693 845
693 1032
694 814
695 873
696 752
696 917
696 1076
697 921
703 1037
704 1021
705 933
706 711
706 783
707 927
711 860
711 925
711 988
713 861
715 716
715 774
715 837
717 806
717 1009
723 811
725 941
725 969
731 1008
734 744
736 748
739 792
740 794
742 859
743 911
748 845
754 758
755 995
756 894
757 893
758 1013
760 764
760 814
761 922
764 924
764 990
765 961
768 796
768 938
773 819
774 795
776 1038
778 801
781 945
784 851
793 1046
797 892
797 992
798 947
799 811
799 814
803 906
806 871
808 1001
810 922
811 1002
811 1052
813 881
817 821
817 890
817 966
817 970
817 1065
818 995
820 865
824 1046
825 982
833 942
836 1037
837 975
839 983
846 1071
847 946
848 987
849 1027
851 910
853 931
854 904
868 1017
870 942
875 1043
875 1059
877 958
888 984
891 1040
894 929
896 968
897 928
903 932
906 978
906 1036
907 972
911 974
911 1048
914 943
920 957
927 949
928 948
928 1064
929 978
930 1035
933 966
934 976
947 1025
960 980
970 1020
976 1077
987 1045
990 1058
991 1053
992 1051
997 1051
1033 1069
1055 1057
