0 1
0 2
0 3
0 4
0 5
0 6
0 7
0 8
0 9
0 10
0 11
0 12
0 14
0 15
0 16
0 17
0 20
0 21
0 22
0 23
0 26
0 27
0 33
0 37
0 38
0 41
0 42
0 43
0 48
0 51
0 55
0 56
0 58
0 60
0 65
0 69
0 71
0 73
0 78
0 80
0 81
0 84
0 89
0 91
0 97
0 108
0 109
0 115
0 116
0 117
0 120
0 121
0 122
0 123
0 124
0 127
0 133
0 140
0 164
0 176
0 177
0 182
0 188
0 192
0 196
0 212
0 223
0 235
0 237
0 247
0 256
0 268
0 274
0 279
0 288
0 292
0 296
0 300
0 309
0 310
0 323
0 335
0 349
0 359
0 379
0 381
0 386
0 389
0 418
0 426
0 428
0 443
0 463
0 471
0 475
0 479
0 517
0 521
0 538
0 539
0 554
0 563
0 564
0 569
0 575
0 576
0 578
0 584
1 6
1 7
1 8
1 11
1 12
1 16
1 18
1 22
1 29
1 42
1 45
1 48
1 49
1 88
1 90
1 92
1 103
1 110
1 111
1 133
1 135
1 140
1 149
1 151
1 170
1 172
1 195
1 219
1 228
1 242
1 243
1 245
1 249
1 258
1 265
1 274
1 280
1 283
1 334
1 338
1 362
1 376
1 383
1 390
1 397
1 411
1 419
1 432
1 449
1 461
1 477
1 487
1 501
1 518
1 545
1 546
1 550
1 556
2 7
2 10
2 17
2 18
2 28
2 47
2 60
2 82
2 93
2 98
2 217
2 219
2 247
2 262
2 284
2 286
2 434
2 450
2 470
2 499
2 547
3 6
3 7
3 9
3 13
3 14
3 19
3 23
3 25
3 26
3 30
3 33
3 36
3 55
3 62
3 66
3 102
3 107
3 109
3 121
3 132
3 135
3 136
3 162
3 176
3 194
3 201
3 208
3 221
3 222
3 230
3 245
3 255
3 256
3 270
3 293
3 316
3 319
3 334
3 336
3 462
3 466
3 479
3 528
3 563
3 583
4 6
4 14
4 16
4 21
4 22
4 25
4 32
4 33
4 39
4 41
4 53
4 54
4 74
4 111
4 122
4 127
4 142
4 155
4 165
4 178
4 183
4 185
4 193
4 210
4 231
4 253
4 269
4 287
4 297
4 329
4 344
4 367
4 380
4 408
4 441
4 458
4 467
4 479
4 489
4 528
4 560
4 561
5 6
5 8
5 15
5 26
5 69
5 93
5 119
5 150
5 152
5 208
5 225
5 302
5 314
5 363
6 7
6 8
6 9
6 10
6 11
6 12
6 14
6 16
6 17
6 22
6 27
6 28
6 29
6 30
6 32
6 35
6 37
6 46
6 51
6 53
6 54
6 57
6 59
6 65
6 67
6 70
6 81
6 82
6 83
6 85
6 86
6 91
6 94
6 106
6 108
6 123
6 128
6 132
6 139
6 145
6 151
6 157
6 160
6 167
6 172
6 184
6 193
6 196
6 199
6 203
6 217
6 219
6 233
6 261
6 264
6 277
6 279
6 283
6 295
6 296
6 323
6 330
6 345
6 347
6 356
6 370
6 379
6 387
6 392
6 398
6 411
6 426
6 429
6 446
6 463
6 464
6 467
6 484
6 485
6 501
6 504
6 518
6 532
6 540
6 560
6 565
7 8
7 9
7 11
7 12
7 13
7 18
7 20
7 23
7 31
7 32
7 34
7 45
7 61
7 76
7 78
7 82
7 83
7 86
7 89
7 90
7 95
7 108
7 140
7 207
7 247
7 256
7 264
7 289
7 295
7 303
7 304
7 336
7 347
7 352
7 385
7 406
7 421
7 423
7 441
7 508
7 542
7 548
7 553
8 9
8 10
8 14
8 15
8 18
8 20
8 28
8 29
8 30
8 31
8 40
8 41
8 46
8 52
8 58
8 59
8 63
8 68
8 70
8 76
8 86
8 113
8 116
8 118
8 127
8 131
8 169
8 177
8 197
8 211
8 213
8 235
8 246
8 247
8 266
8 290
8 344
8 356
8 374
8 378
8 393
8 404
8 408
8 410
8 450
8 533
8 535
8 537
8 550
8 569
9 10
9 11
9 13
9 16
9 19
9 23
9 24
9 28
9 34
9 43
9 46
9 61
9 80
9 81
9 82
9 84
9 88
9 104
9 144
9 147
9 149
9 166
9 174
9 220
9 221
9 230
9 233
9 266
9 270
9 280
9 310
9 313
9 317
9 320
9 350
9 355
9 378
9 399
9 423
9 429
9 432
9 438
9 472
9 494
9 502
9 534
9 549
9 551
9 554
9 558
9 559
9 564
9 589
10 12
10 13
10 17
10 18
10 19
10 24
10 27
10 31
10 39
10 45
10 49
10 50
10 54
10 59
10 74
10 77
10 86
10 89
10 99
10 100
10 113
10 114
10 120
10 121
10 122
10 124
10 134
10 139
10 161
10 176
10 181
10 183
10 190
10 203
10 229
10 231
10 234
10 279
10 302
10 311
10 313
10 335
10 346
10 358
10 363
10 365
10 371
10 391
10 402
10 405
10 415
10 447
10 496
10 503
10 525
10 544
10 547
10 555
10 557
10 565
10 587
11 13
11 15
11 17
11 19
11 34
11 36
11 37
11 40
11 43
11 50
11 53
11 57
11 64
11 118
11 161
11 166
11 212
11 262
11 264
11 278
11 322
11 395
11 412
11 451
11 496
11 514
11 552
12 15
12 24
12 25
12 26
12 35
12 48
12 57
12 60
12 84
12 95
12 104
12 146
12 160
12 192
12 200
12 233
12 236
12 239
12 267
12 268
12 276
12 292
12 418
12 466
13 44
13 186
13 192
13 307
13 376
13 398
13 409
14 25
14 28
14 34
14 42
14 43
14 73
14 74
14 79
14 83
14 89
14 110
14 147
14 189
14 198
14 232
14 242
14 258
14 270
14 283
14 291
14 310
14 311
14 369
14 377
14 580
14 584
15 20
15 24
15 30
15 37
15 42
15 54
15 69
15 71
15 136
15 137
15 138
15 173
15 255
15 260
15 339
15 451
15 514
15 523
16 41
16 142
16 384
16 407
16 435
16 480
16 531
17 21
17 22
17 24
17 26
17 27
17 32
17 39
17 51
17 56
17 61
17 64
17 73
17 75
17 76
17 77
17 130
17 141
17 160
17 161
17 184
17 238
17 278
17 300
17 321
17 426
17 462
17 469
17 475
17 491
17 565
17 574
17 580
18 19
18 23
18 29
18 33
18 34
18 51
18 63
18 70
18 75
18 90
18 95
18 115
18 159
18 191
18 198
18 214
18 237
18 373
18 383
18 421
18 455
18 504
18 505
18 511
18 522
18 538
18 586
18 589
19 20
19 21
19 29
19 32
19 35
19 37
19 48
19 97
19 120
19 141
19 149
19 153
19 154
19 161
19 166
19 175
19 196
19 311
19 337
19 341
19 480
19 483
19 516
19 573
20 21
20 27
20 33
20 35
20 39
20 40
20 44
20 52
20 72
20 77
20 87
20 93
20 98
20 144
20 156
20 158
20 185
20 192
20 202
20 215
20 234
20 245
20 271
20 285
20 288
20 289
20 306
20 307
20 315
20 402
20 444
20 473
20 514
20 539
20 562
21 58
21 65
21 69
21 92
21 108
21 109
21 113
21 198
21 207
21 225
21 245
21 249
21 306
21 351
21 353
21 355
21 423
21 442
21 466
21 494
21 519
21 585
22 49
22 68
22 74
22 75
22 83
22 132
22 277
22 298
22 300
22 355
22 435
22 488
23 25
23 31
23 47
23 64
23 79
23 94
23 96
23 114
23 130
23 134
23 175
23 238
23 260
23 313
23 330
23 368
23 420
23 493
23 543
23 545
23 550
23 561
24 36
24 43
24 46
24 78
24 91
24 95
24 253
24 283
24 304
24 306
24 327
24 380
24 517
24 567
25 45
25 92
25 143
25 150
25 163
25 173
25 206
25 221
25 305
25 405
25 501
25 525
26 35
26 36
26 42
26 47
26 50
26 53
26 62
26 101
26 112
26 187
26 190
26 204
26 207
26 213
26 271
26 295
26 299
26 301
26 358
26 392
26 394
26 398
26 437
26 438
26 448
26 449
26 452
26 455
26 506
26 524
26 574
26 581
26 587
27 30
27 52
27 61
27 72
27 106
27 129
27 160
27 187
27 246
27 283
27 317
27 325
27 433
27 437
27 489
27 496
27 557
28 31
28 38
28 41
28 49
28 55
28 111
28 119
28 135
28 194
28 199
28 214
28 296
28 336
28 366
28 409
28 458
28 460
28 495
28 500
28 515
28 536
28 537
28 551
28 556
29 52
29 58
29 60
29 63
29 66
29 68
29 75
29 92
29 96
29 105
29 125
29 131
29 135
29 137
29 144
29 166
29 179
29 185
29 204
29 205
29 209
29 251
29 285
29 295
29 308
29 341
29 342
29 374
29 380
29 382
29 403
29 413
29 450
29 454
29 489
29 519
29 572
29 579
30 44
30 56
30 63
30 65
30 91
30 111
30 133
30 137
30 145
30 179
30 229
30 234
30 308
30 309
30 332
30 448
30 458
30 476
30 507
30 539
30 581
31 70
31 91
31 144
31 167
31 186
31 217
31 415
32 38
32 48
32 55
32 62
32 76
32 80
32 162
32 172
32 225
32 270
32 303
32 388
32 393
32 532
33 307
33 346
34 36
34 38
34 39
34 40
34 44
34 45
34 47
34 61
34 68
34 86
34 101
34 104
34 105
34 115
34 163
34 180
34 190
34 205
34 227
34 251
34 419
34 424
34 469
34 482
34 534
34 552
35 40
35 53
35 68
35 79
35 87
35 120
35 136
35 139
35 150
35 152
35 158
35 171
35 181
35 200
35 216
35 222
35 251
35 266
35 390
35 410
35 454
35 470
35 523
35 545
35 584
36 66
36 132
36 201
36 206
36 213
36 321
36 366
36 374
36 464
37 38
37 47
37 51
37 56
37 57
37 58
37 59
37 62
37 71
37 78
37 87
37 90
37 94
37 99
37 102
37 104
37 120
37 123
37 146
37 165
37 180
37 187
37 226
37 227
37 246
37 252
37 292
37 299
37 312
37 337
37 343
37 358
37 381
37 394
37 398
37 429
37 452
37 453
37 454
37 470
37 512
37 540
37 546
37 558
38 60
38 97
38 158
38 236
38 256
38 321
38 428
38 456
38 471
38 473
38 515
38 570
39 50
39 66
39 72
39 100
39 135
39 187
39 220
39 235
39 264
39 274
39 279
39 290
39 369
39 406
39 484
40 63
40 67
40 71
40 77
40 79
40 87
40 98
40 104
40 113
40 133
40 200
40 225
40 291
40 301
40 330
40 415
40 423
40 474
40 509
40 513
40 566
40 574
41 67
41 73
41 88
41 95
41 112
41 157
41 159
41 189
41 196
41 203
41 257
41 312
41 320
41 327
41 362
41 384
41 387
41 410
41 468
41 508
42 46
42 50
42 55
42 62
42 140
42 159
42 171
42 183
42 243
42 258
42 287
42 317
42 340
42 468
42 555
43 44
43 49
43 67
43 85
43 102
43 129
43 146
43 175
43 176
43 198
43 221
43 229
43 236
43 237
43 273
43 280
43 284
43 347
43 348
43 382
43 431
43 463
43 514
43 523
43 540
44 75
44 83
44 129
44 148
44 224
44 254
44 320
44 324
44 340
44 349
44 361
44 367
44 372
44 417
44 438
44 466
44 511
44 521
44 542
45 102
45 109
45 110
45 114
45 118
45 130
45 150
45 183
45 210
45 230
45 257
45 277
45 284
45 338
45 351
45 362
45 365
45 401
45 462
45 480
45 566
45 584
45 586
46 54
46 59
46 106
46 139
46 226
46 248
46 367
46 396
46 422
47 52
47 111
47 114
47 143
47 146
47 214
47 226
47 235
47 271
47 300
47 343
47 358
47 360
47 365
47 401
47 445
47 486
47 524
47 550
47 555
48 71
48 112
48 138
48 271
48 312
48 349
48 451
48 588
49 67
49 78
49 81
49 131
49 138
49 148
49 154
49 155
49 178
49 179
49 219
49 238
49 265
49 272
49 284
49 313
49 332
49 342
49 357
49 364
49 375
49 405
49 406
49 425
49 441
49 492
49 512
49 532
49 536
49 577
50 56
50 70
50 72
50 92
50 93
50 98
50 103
50 143
50 147
50 368
50 469
50 518
51 81
51 152
51 179
51 306
51 318
51 349
51 382
51 467
51 519
51 524
51 572
52 96
52 168
52 249
52 292
52 327
52 341
52 368
52 417
52 447
52 450
52 456
52 520
52 582
53 57
53 64
53 82
53 85
53 97
53 100
53 101
53 103
53 126
53 144
53 155
53 173
53 201
53 226
53 270
53 278
53 301
53 328
53 346
53 407
53 434
53 494
53 587
54 85
54 93
54 125
54 170
55 73
55 107
55 110
55 156
55 225
55 348
55 379
55 457
55 459
55 571
56 94
56 117
56 293
56 320
56 374
56 512
57 89
57 105
57 114
57 117
57 154
57 232
57 255
57 284
57 295
57 384
57 415
57 444
57 477
58 84
58 137
58 161
58 354
58 414
58 449
58 452
58 492
58 530
59 65
59 85
59 97
59 113
59 147
59 153
59 233
59 261
59 309
59 326
59 384
59 479
61 64
61 199
61 266
61 287
61 312
61 365
61 381
61 439
61 453
61 519
61 527
62 69
62 105
62 126
62 137
62 138
62 343
62 457
62 459
62 498
62 541
63 107
63 128
63 175
63 211
63 218
63 250
63 308
64 103
64 110
64 119
64 126
64 172
64 189
64 191
64 285
64 298
64 316
64 341
64 353
64 358
64 424
64 487
64 551
64 553
65 66
65 253
65 333
65 347
65 458
66 72
66 79
66 116
66 128
66 168
66 170
66 203
66 267
66 282
66 315
66 345
66 385
66 405
66 416
66 447
66 490
66 505
66 513
67 108
67 129
67 168
67 181
67 219
67 265
67 324
67 429
67 431
67 510
67 548
67 584
68 156
68 233
68 406
68 542
68 588
69 87
69 129
69 157
69 165
69 167
69 228
69 232
69 234
69 364
69 403
69 444
69 467
69 488
70 84
70 101
70 107
70 122
70 163
70 168
70 169
70 185
70 198
70 200
70 211
70 244
70 269
70 288
70 293
70 357
70 370
70 385
70 469
70 513
71 80
71 217
71 228
71 251
71 302
71 432
71 544
72 118
72 164
72 222
72 503
72 533
72 551
73 74
73 88
73 112
73 118
73 133
73 141
73 199
73 218
73 328
73 353
73 372
73 494
73 523
73 575
74 76
74 254
74 453
75 77
75 103
75 107
75 174
75 203
75 245
75 259
75 325
75 334
75 444
75 491
75 508
75 547
76 117
76 169
76 372
76 421
77 94
77 132
77 197
77 199
77 465
78 139
78 154
78 201
78 277
78 456
78 459
79 80
79 88
79 90
79 195
79 209
79 244
79 325
79 342
79 354
79 356
79 366
79 502
80 123
80 145
80 207
80 213
80 322
80 352
80 531
81 99
81 101
81 150
81 188
81 263
81 320
82 134
82 175
82 360
82 509
83 96
83 102
83 212
83 505
84 131
84 136
84 194
84 207
84 237
84 271
84 463
85 115
85 273
85 282
85 339
85 352
85 378
85 404
85 412
85 490
85 558
85 579
86 124
86 134
86 138
86 188
86 228
86 262
86 289
86 309
86 324
86 350
86 359
86 416
87 125
87 126
87 128
87 146
87 151
87 164
87 174
87 263
87 290
87 348
87 407
87 566
88 149
88 211
88 217
88 218
88 241
88 307
88 314
88 369
88 383
88 425
88 427
88 442
88 448
88 491
88 495
88 515
88 520
88 543
88 556
89 204
89 435
89 554
90 100
90 153
90 158
90 163
90 197
90 319
90 389
90 413
90 535
91 96
91 100
91 106
91 122
91 193
91 223
91 237
91 261
91 294
91 298
91 314
91 331
91 335
91 369
91 370
91 411
91 418
91 431
91 436
91 438
91 470
91 492
92 99
92 124
92 214
92 236
92 248
92 434
92 476
92 526
93 105
93 115
93 130
93 178
93 278
93 524
94 119
94 136
94 142
94 185
94 282
94 335
94 363
94 402
94 412
94 433
94 478
94 534
95 220
95 274
95 446
95 535
96 98
96 99
96 153
96 191
96 254
96 275
96 290
96 298
96 333
96 337
96 375
96 440
96 465
96 554
97 106
97 142
97 162
97 209
97 353
97 538
98 190
98 231
99 180
99 195
99 215
99 294
99 333
99 409
99 529
99 549
99 559
99 589
100 210
100 216
100 275
100 511
101 116
101 127
101 147
101 215
101 319
101 580
102 112
102 124
102 154
102 159
102 167
102 206
102 213
102 227
102 240
102 263
102 301
102 323
102 334
102 337
102 411
102 472
102 498
102 525
103 109
103 141
103 188
104 148
104 315
104 456
104 481
105 125
105 182
105 192
105 230
105 370
105 552
106 177
106 325
106 389
106 416
106 501
106 534
107 125
107 193
107 202
107 212
107 235
107 318
107 347
107 461
107 480
107 490
107 510
107 516
107 562
108 116
108 117
108 145
108 170
108 254
108 285
108 322
108 344
108 457
108 574
109 153
109 171
109 351
109 393
109 394
109 403
109 478
109 561
110 156
110 259
110 300
110 425
110 499
111 243
111 325
111 388
111 543
112 128
112 157
112 457
112 560
113 123
113 131
113 159
113 303
113 410
113 425
113 439
113 570
114 121
114 224
114 240
114 348
114 357
114 466
114 573
115 121
115 145
115 151
115 194
115 210
115 395
116 119
116 250
116 304
116 307
116 323
116 327
116 371
116 473
116 552
117 164
117 165
117 177
117 259
117 292
117 294
117 382
117 427
117 522
117 529
117 537
117 569
118 223
118 224
118 238
118 248
118 345
118 401
119 127
119 134
119 143
119 152
119 170
119 181
119 196
119 298
119 305
119 412
119 509
120 204
120 252
120 253
120 349
120 355
120 387
120 460
120 474
120 555
121 126
121 130
121 151
121 152
121 183
121 187
121 189
121 251
121 259
121 391
121 413
122 173
122 182
122 380
122 451
122 535
122 579
123 209
123 243
123 250
123 262
123 318
123 340
123 388
123 391
123 395
123 583
124 374
125 186
125 242
125 304
126 148
126 158
126 176
126 241
126 253
126 434
126 496
126 560
127 505
128 280
128 360
128 368
128 394
129 143
129 148
129 149
129 171
129 255
129 381
129 413
129 449
129 469
129 500
130 140
130 141
130 301
130 328
130 341
130 394
130 477
130 503
130 520
131 156
131 162
131 163
131 177
131 188
131 242
131 263
131 516
132 162
132 313
132 329
132 338
132 367
132 497
133 244
133 308
133 445
134 275
134 322
134 421
134 522
135 165
135 169
135 204
135 218
135 261
135 278
135 291
135 303
135 330
135 375
135 446
136 364
136 383
136 445
136 581
137 286
137 414
137 441
137 464
137 468
137 486
138 155
138 160
138 166
138 173
138 202
138 257
138 264
138 432
139 257
139 482
139 493
140 216
140 269
140 424
140 483
141 142
141 155
141 205
141 220
141 241
141 344
141 352
141 373
141 436
141 440
141 546
142 178
142 191
142 252
142 257
142 275
142 372
142 414
142 571
143 215
143 322
143 338
143 371
143 377
143 428
143 564
144 296
144 314
144 356
144 468
144 587
145 381
145 446
146 164
146 190
146 306
146 428
147 289
147 522
148 169
148 172
148 230
148 276
148 286
148 339
148 370
148 385
148 475
148 508
148 528
148 553
148 578
149 208
149 315
149 346
149 359
149 461
150 180
151 182
151 267
151 314
151 345
151 440
151 554
152 218
152 331
152 382
152 458
153 168
153 197
153 483
154 157
154 171
154 174
154 310
154 367
155 223
155 224
155 273
155 359
156 167
156 216
156 254
156 293
156 294
156 302
156 416
156 465
156 482
156 493
157 200
157 209
157 342
157 586
158 197
158 411
158 419
158 440
158 530
158 533
159 184
159 194
159 281
159 321
159 386
159 475
160 191
160 272
160 286
160 354
160 406
160 512
160 519
161 186
161 222
161 243
161 564
162 232
162 318
162 456
163 179
163 241
163 288
163 534
163 535
163 575
164 186
164 193
164 246
164 256
164 377
164 404
164 414
164 582
165 227
165 229
165 252
165 261
165 376
165 477
165 536
165 586
166 180
166 281
167 323
167 371
167 420
168 174
168 211
168 267
168 276
168 399
168 419
168 437
168 485
168 493
169 239
169 273
169 331
170 438
170 527
171 259
171 287
171 361
171 408
172 181
172 184
172 189
172 215
172 220
172 223
172 372
172 375
172 395
172 409
172 430
172 487
172 488
172 491
172 568
173 178
173 184
173 221
173 260
173 272
173 556
175 206
175 334
175 426
175 476
175 499
176 250
176 290
176 350
176 368
176 378
176 392
176 452
176 533
177 362
177 393
177 397
177 435
177 442
177 487
177 585
178 268
178 299
178 407
178 428
178 471
179 222
179 238
179 272
179 326
179 403
180 182
180 262
180 336
180 571
182 495
183 206
183 260
183 343
183 401
183 439
183 523
184 208
184 255
184 439
184 448
184 511
184 531
185 195
185 263
185 361
185 442
186 210
186 214
186 242
186 315
186 371
186 442
186 457
186 547
187 201
187 240
187 249
187 265
187 266
187 538
188 240
188 258
188 281
188 500
188 567
189 424
190 274
190 431
191 195
191 275
191 573
192 234
193 226
193 288
193 297
193 304
193 357
193 396
193 437
193 497
193 567
193 577
193 589
194 205
194 552
195 276
195 360
196 228
196 252
196 267
196 285
196 294
196 299
196 363
196 390
196 525
197 212
197 224
197 340
198 202
198 570
199 351
200 202
200 277
200 364
200 485
200 546
201 208
201 216
201 244
202 282
202 305
202 407
202 497
202 582
203 205
203 227
203 269
203 366
203 389
203 471
203 478
204 265
204 350
204 408
204 430
204 504
205 246
205 361
205 502
205 581
206 489
207 229
207 239
207 343
207 507
208 240
208 346
208 562
209 231
209 321
209 379
209 484
209 543
211 231
211 297
211 311
211 329
211 383
211 418
211 549
211 572
212 293
212 389
212 572
213 363
213 518
213 558
213 562
214 297
215 244
215 281
215 376
215 397
215 420
215 503
215 508
215 530
216 273
216 553
216 557
218 236
218 241
218 250
218 276
218 390
218 474
218 532
219 386
219 417
220 232
220 239
220 324
220 527
220 530
221 260
221 510
222 299
222 332
222 451
222 465
223 268
223 310
223 547
224 247
224 324
225 289
225 355
225 393
225 408
225 429
225 450
225 563
225 569
226 537
227 526
227 531
228 272
228 460
229 354
230 302
232 239
232 386
232 402
233 248
233 303
233 502
233 516
233 585
234 248
234 308
234 439
234 528
236 331
236 400
236 427
237 280
237 291
237 356
237 396
237 588
238 268
238 282
238 359
238 548
240 400
240 455
240 514
240 574
242 305
242 468
242 500
243 463
244 504
244 558
245 249
245 279
245 309
245 316
245 319
245 357
245 488
245 568
246 258
246 399
246 404
246 418
246 504
247 433
247 443
248 328
248 340
248 515
249 318
250 431
250 484
250 568
251 333
252 316
252 351
252 377
252 396
252 399
252 420
252 578
252 580
254 445
254 485
255 548
256 388
257 305
258 286
258 287
258 379
258 397
258 510
259 465
259 520
259 573
260 281
260 436
260 461
260 493
260 541
261 311
262 316
263 384
263 403
264 312
264 328
264 344
264 539
265 339
265 400
265 516
265 570
266 269
266 296
267 577
268 526
270 378
270 559
270 577
271 331
271 488
271 585
273 388
273 390
273 443
273 447
273 464
273 570
275 327
275 332
276 496
276 507
277 479
277 520
277 567
278 326
278 338
279 509
280 354
280 373
280 563
281 339
281 342
281 365
281 373
285 474
285 555
286 291
286 424
286 445
286 459
286 462
287 419
288 350
288 432
288 483
289 319
290 385
290 392
291 297
291 317
291 360
291 433
291 559
291 564
292 333
293 489
294 335
294 467
295 326
295 435
295 443
296 391
297 486
298 399
299 337
299 472
299 562
301 336
301 369
301 416
301 455
301 510
301 575
302 462
302 542
303 353
305 326
305 485
307 317
307 332
308 329
308 395
309 330
309 420
309 495
310 366
310 398
310 400
310 579
310 583
314 364
315 527
317 329
317 455
317 506
318 526
319 373
319 556
320 541
321 345
321 460
321 551
321 587
322 427
323 417
323 430
323 494
324 427
324 525
326 472
326 538
327 578
327 583
328 380
328 529
329 348
329 437
332 412
332 448
332 530
333 352
333 453
333 566
335 392
336 375
336 386
336 425
336 454
336 492
336 578
337 401
337 426
337 440
337 447
337 527
337 532
339 446
339 452
339 541
339 559
344 376
344 563
345 387
345 422
345 474
345 497
346 377
347 512
347 531
349 413
351 362
351 434
351 436
351 453
351 540
351 543
351 557
352 476
352 533
352 582
353 544
354 422
354 498
354 565
355 361
355 433
355 443
355 571
360 410
361 402
361 415
361 471
361 498
361 502
362 576
363 454
363 481
365 481
366 396
366 422
368 566
369 404
369 414
372 391
373 449
373 495
373 505
373 583
376 517
377 501
378 387
378 482
379 430
379 436
379 506
380 400
382 539
383 430
383 568
384 484
385 506
386 482
387 423
387 441
389 499
389 545
390 492
391 472
392 405
393 481
395 397
396 409
396 506
399 421
399 422
401 460
404 498
405 579
406 476
407 470
407 486
408 417
408 477
408 585
409 461
409 576
410 586
411 561
412 480
412 536
413 486
413 529
413 550
413 561
414 444
415 491
415 507
416 544
419 537
423 499
427 478
429 518
430 459
433 521
434 487
435 569
438 582
439 503
440 575
441 507
441 553
444 481
446 500
447 524
447 536
448 483
448 490
450 473
453 581
455 588
456 545
456 571
461 464
461 475
461 490
463 546
465 513
465 528
467 473
467 478
467 517
469 544
470 521
472 497
472 513
472 515
472 522
475 557
479 588
480 573
486 568
488 540
491 517
491 576
491 580
495 526
498 521
500 576
501 572
506 509
507 511
511 567
520 549
521 529
521 549
525 541
525 542
526 565
528 548
556 560
557 577
578 589
