0 1
0 2
0 3
0 4
0 5
0 6
0 7
0 8
0 9
0 11
0 13
0 14
0 16
0 17
0 19
0 20
0 23
0 24
0 26
0 30
0 35
0 36
0 50
0 53
0 55
0 57
0 59
0 64
0 75
0 93
0 101
0 120
0 122
0 131
0 134
0 139
0 156
0 158
0 159
0 164
0 175
0 186
0 191
0 198
0 222
0 224
0 288
0 297
0 300
0 310
0 319
0 320
0 325
0 346
0 367
0 369
0 375
0 396
0 409
1 6
1 7
1 8
1 11
1 14
1 21
1 22
1 25
1 27
1 29
1 30
1 43
1 56
1 58
1 62
1 80
1 86
1 109
1 153
1 155
1 173
1 181
1 229
1 236
1 244
1 290
1 292
1 321
1 345
1 368
1 377
2 6
2 7
2 8
2 9
2 10
2 13
2 14
2 15
2 16
2 17
2 18
2 25
2 28
2 35
2 39
2 42
2 51
2 57
2 73
2 76
2 92
2 93
2 106
2 142
2 152
2 156
2 170
2 192
2 203
2 228
2 235
2 239
2 290
2 315
2 334
2 341
2 389
2 419
3 9
3 38
3 53
3 59
3 60
3 62
3 100
3 315
4 6
4 18
4 21
4 31
4 139
4 225
4 279
4 380
4 385
4 392
5 6
5 7
5 13
5 15
5 19
5 24
5 27
5 41
5 47
5 52
5 54
5 68
5 69
5 77
5 80
5 94
5 107
5 108
5 118
5 130
5 131
5 162
5 184
5 185
5 210
5 252
5 253
5 256
5 286
5 287
5 291
5 316
5 321
5 335
5 339
5 359
5 363
5 386
5 394
5 416
5 418
6 7
6 8
6 10
6 11
6 12
6 13
6 16
6 17
6 21
6 28
6 31
6 32
6 35
6 37
6 43
6 44
6 50
6 52
6 62
6 80
6 86
6 87
6 90
6 97
6 103
6 108
6 122
6 154
6 175
6 184
6 189
6 201
6 204
6 220
6 234
6 237
6 244
6 251
6 258
6 264
6 306
6 307
6 335
6 359
6 400
6 402
6 416
6 417
6 419
7 8
7 9
7 10
7 11
7 12
7 13
7 14
7 15
7 18
7 21
7 22
7 26
7 27
7 28
7 32
7 38
7 39
7 42
7 44
7 46
7 49
7 52
7 53
7 64
7 66
7 67
7 69
7 77
7 81
7 82
7 88
7 92
7 94
7 101
7 114
7 117
7 121
7 138
7 163
7 170
7 174
7 176
7 183
7 184
7 189
7 196
7 208
7 218
7 239
7 241
7 270
7 274
7 284
7 297
7 328
7 342
7 375
7 391
7 392
7 403
8 9
8 10
8 12
8 20
8 22
8 26
8 30
8 32
8 34
8 38
8 42
8 45
8 58
8 60
8 81
8 85
8 101
8 111
8 126
8 129
8 131
8 133
8 150
8 161
8 175
8 186
8 211
8 223
8 234
8 240
8 259
8 265
8 278
8 298
8 300
8 301
8 347
8 360
8 364
8 373
8 387
8 391
8 394
8 402
8 403
8 408
8 413
8 415
8 419
9 10
9 14
9 15
9 16
9 19
9 23
9 26
9 28
9 34
9 39
9 40
9 41
9 54
9 61
9 65
9 75
9 76
9 79
9 83
9 87
9 99
9 117
9 136
9 137
9 138
9 154
9 157
9 160
9 166
9 179
9 193
9 204
9 219
9 223
9 249
9 260
9 266
9 269
9 270
9 289
9 306
9 312
9 330
9 348
9 368
9 383
9 409
9 415
10 11
10 12
10 18
10 24
10 25
10 31
10 38
10 46
10 49
10 50
10 51
10 88
10 124
10 125
10 126
10 134
10 167
10 180
10 197
10 217
10 224
10 278
10 284
10 296
10 324
10 326
10 337
10 349
10 368
10 370
10 384
11 12
11 19
11 20
11 27
11 40
11 43
11 63
11 72
11 82
11 86
11 96
11 103
11 113
11 118
11 125
11 128
11 129
11 133
11 146
11 178
11 187
11 216
11 220
11 243
11 299
11 326
11 375
11 384
12 33
12 35
12 111
12 147
12 153
12 163
12 228
12 232
12 270
12 286
12 290
12 292
12 294
12 305
12 338
12 352
12 356
12 360
12 388
13 15
13 17
13 18
13 19
13 20
13 22
13 24
13 29
13 32
13 33
13 37
13 47
13 48
13 58
13 70
13 71
13 83
13 92
13 96
13 102
13 121
13 124
13 130
13 135
13 152
13 159
13 172
13 177
13 186
13 205
13 212
13 214
13 218
13 223
13 225
13 235
13 237
13 246
13 250
13 253
13 254
13 267
13 276
13 288
13 303
13 309
13 314
13 322
13 325
13 358
13 396
13 399
14 17
14 21
14 23
14 25
14 28
14 29
14 33
14 36
14 40
14 41
14 59
14 63
14 74
14 79
14 82
14 86
14 87
14 96
14 106
14 112
14 131
14 148
14 150
14 166
14 185
14 209
14 238
14 242
14 245
14 256
14 286
14 294
14 300
14 363
14 371
14 384
14 413
15 16
15 20
15 26
15 31
15 33
15 43
15 47
15 69
15 86
15 90
15 93
15 94
15 98
15 104
15 111
15 146
15 156
15 169
15 227
15 262
15 265
15 357
15 393
15 415
15 421
16 51
16 54
16 122
16 161
16 172
16 174
16 195
16 242
16 265
16 308
16 333
16 338
16 341
17 72
17 90
17 112
17 132
17 142
17 161
17 196
17 205
17 365
18 23
18 30
18 31
18 37
18 53
18 56
18 57
18 68
18 70
18 84
18 90
18 104
18 110
18 130
18 138
18 144
18 148
18 180
18 189
18 194
18 201
18 209
18 211
18 245
18 246
18 253
18 370
18 388
18 422
19 22
19 29
19 34
19 37
19 42
19 44
19 54
19 78
19 94
19 98
19 104
19 127
19 177
19 188
19 202
19 206
19 226
19 259
19 262
19 276
19 287
19 331
19 333
19 335
19 347
19 349
19 361
19 379
20 40
20 42
20 45
20 60
20 61
20 91
20 94
20 110
20 112
20 118
20 128
20 171
20 195
20 202
20 212
20 267
20 277
20 279
20 294
20 303
20 342
20 348
20 380
21 23
21 25
21 29
21 36
21 45
21 48
21 51
21 60
21 61
21 68
21 75
21 103
21 111
21 139
21 159
21 188
21 215
21 216
21 240
21 246
21 264
21 273
21 287
21 300
21 333
21 345
21 346
21 371
21 411
22 24
22 32
22 35
22 36
22 39
22 56
22 58
22 66
22 72
22 91
22 102
22 130
22 158
22 176
22 197
22 235
22 247
22 251
22 310
22 318
22 324
22 332
22 341
22 395
22 411
23 45
23 51
23 65
23 84
23 181
23 197
23 198
23 213
23 282
23 335
23 343
23 351
23 412
23 413
24 27
24 30
24 40
24 49
24 61
24 64
24 66
24 67
24 71
24 78
24 85
24 87
24 95
24 113
24 114
24 136
24 139
24 141
24 145
24 150
24 166
24 190
24 201
24 205
24 209
24 214
24 236
24 320
24 322
24 325
24 347
24 359
24 391
25 34
25 44
25 46
25 56
25 58
25 65
25 67
25 78
25 121
25 129
25 133
25 135
25 149
25 157
25 181
25 185
25 200
25 207
25 250
25 260
25 272
25 326
25 341
25 345
25 375
25 421
26 45
26 48
26 119
26 120
26 123
26 145
26 151
26 169
26 208
26 248
26 276
26 283
26 295
26 408
26 414
27 38
27 52
27 126
27 153
27 227
27 393
28 80
28 136
28 145
28 170
28 247
28 389
29 34
29 37
29 39
29 124
29 203
29 258
30 113
30 153
30 179
30 191
30 219
30 257
30 269
30 353
30 365
31 33
31 36
31 44
31 59
31 63
31 64
31 65
31 66
31 67
31 70
31 71
31 72
31 76
31 85
31 87
31 96
31 98
31 99
31 101
31 108
31 114
31 128
31 130
31 132
31 138
31 143
31 147
31 160
31 163
31 201
31 207
31 250
31 254
31 281
31 331
31 351
31 354
31 362
31 383
31 409
32 53
32 74
32 75
32 106
32 110
32 114
32 116
32 125
32 162
32 232
32 268
32 275
32 286
32 302
32 310
32 344
32 373
32 382
32 405
32 420
33 47
33 95
33 106
33 120
33 125
33 148
34 41
34 63
34 97
34 105
34 171
34 193
34 195
34 241
34 250
34 251
34 275
34 301
34 418
34 422
35 41
35 155
35 158
35 230
35 258
35 273
35 307
35 317
36 46
36 73
36 110
36 126
36 180
36 208
36 260
36 281
36 293
36 316
36 323
36 329
36 342
36 397
37 47
37 48
37 52
37 74
37 98
37 100
37 115
37 120
37 128
37 135
37 162
37 179
37 201
37 318
37 322
37 334
37 354
37 373
37 391
37 392
37 418
38 71
38 84
38 88
38 109
38 116
38 141
38 142
38 150
38 200
38 253
38 261
38 271
38 300
38 369
39 43
39 46
39 54
39 55
39 61
39 70
39 76
39 134
39 137
39 158
39 165
39 192
39 275
39 289
39 298
39 387
39 396
40 49
40 78
40 106
40 137
40 172
40 183
40 206
40 269
40 337
40 349
40 365
40 387
40 404
41 60
41 144
41 147
41 243
41 338
41 363
42 50
42 55
42 63
42 65
43 66
43 69
43 73
43 104
43 119
43 135
43 137
43 166
43 182
43 190
43 204
43 223
43 228
43 241
43 245
43 288
43 309
43 322
43 334
43 370
43 390
43 393
44 50
44 55
44 79
44 82
44 98
44 103
44 149
44 182
44 196
44 220
44 256
44 374
44 389
44 405
45 49
45 78
45 83
45 100
45 105
45 132
45 138
45 140
45 146
45 149
45 152
45 214
45 232
45 261
45 265
45 306
45 339
45 369
45 386
45 407
46 167
46 185
46 198
46 219
46 230
46 261
46 354
46 378
46 395
47 48
47 62
47 84
47 89
47 102
47 107
47 143
47 200
47 209
47 253
47 256
47 311
48 69
48 77
48 95
48 97
48 99
48 109
48 112
48 147
48 157
48 172
48 210
48 255
48 330
48 337
48 341
48 353
48 381
48 403
49 57
49 70
49 83
49 100
49 122
49 144
49 174
49 215
49 217
49 259
49 283
49 314
49 326
49 329
49 344
50 56
50 59
50 67
50 76
50 83
50 115
50 145
50 154
50 158
50 166
50 175
50 190
50 193
50 204
50 213
50 241
50 260
50 311
50 327
50 340
50 352
50 372
50 377
50 378
50 388
50 398
50 419
51 74
51 85
51 115
51 148
51 152
51 207
51 369
51 411
52 57
52 132
52 229
52 283
52 343
52 361
53 55
53 89
53 157
53 163
53 222
53 238
54 64
54 71
54 99
54 102
54 108
54 187
54 242
54 328
54 356
54 373
54 374
54 378
55 68
55 114
55 123
55 198
55 230
55 304
55 306
55 384
56 75
56 189
56 196
56 406
57 97
57 105
57 121
57 142
57 165
57 191
57 265
57 268
57 285
57 289
58 95
58 174
58 182
58 235
58 247
58 273
58 304
58 320
58 377
59 199
59 202
59 306
59 364
59 401
60 68
60 102
60 107
60 141
60 315
61 62
61 90
61 171
61 266
61 278
61 280
61 316
61 343
61 381
62 73
62 74
62 93
62 134
62 147
62 248
62 309
63 80
63 81
63 82
63 107
63 187
63 233
63 267
63 279
63 355
64 96
64 119
64 141
65 73
65 84
65 91
65 104
65 141
65 232
65 271
66 108
66 111
66 117
66 153
66 174
66 177
66 220
66 224
66 278
67 88
67 93
67 349
67 376
67 396
68 72
68 77
68 302
68 382
68 401
69 112
69 399
70 95
70 127
70 193
70 211
71 101
71 105
71 211
71 213
71 222
71 235
71 252
71 263
71 284
72 173
72 249
72 275
72 279
72 357
72 414
73 79
73 81
73 89
73 91
73 92
73 99
73 199
73 349
74 194
74 233
74 234
74 245
74 268
74 308
74 330
75 124
75 312
75 410
76 77
76 100
76 113
76 140
76 146
76 196
76 203
76 206
76 231
76 234
76 282
76 286
76 303
76 333
76 350
76 403
77 89
77 107
77 109
77 118
77 123
77 155
77 187
77 259
77 302
77 305
77 415
78 79
78 121
78 143
78 144
78 205
78 221
78 229
78 252
78 269
78 359
78 373
79 97
79 202
79 353
80 81
80 115
80 320
80 367
81 105
81 124
81 129
81 149
81 165
81 187
81 190
81 199
81 246
81 292
81 308
81 323
81 334
81 412
82 120
82 123
82 151
82 218
82 264
82 295
82 305
82 308
82 329
82 401
83 89
83 122
83 142
83 213
83 242
83 311
84 85
84 88
84 91
84 92
84 161
84 162
84 183
84 227
84 236
84 247
84 297
84 355
84 380
85 307
86 195
86 258
86 277
87 144
87 173
87 409
87 413
88 116
88 140
88 175
88 184
88 400
89 119
89 189
89 207
89 249
89 337
89 339
89 353
89 361
89 400
89 405
90 109
90 110
90 118
90 137
90 159
90 164
90 165
90 178
90 179
90 199
90 206
90 213
90 221
90 222
90 228
90 233
90 248
90 272
90 297
90 339
90 410
90 414
91 134
91 256
91 398
92 219
92 398
93 188
93 203
93 217
93 282
93 303
93 310
93 326
93 410
93 417
93 418
94 161
94 165
94 193
94 208
94 210
94 257
94 263
94 351
95 123
95 255
95 290
95 296
96 271
96 309
96 316
96 336
96 366
97 131
97 321
97 389
98 231
98 239
98 301
98 355
98 407
99 103
99 145
99 146
99 160
99 181
99 184
99 210
99 224
99 226
99 288
99 319
99 407
100 156
100 284
100 315
100 324
100 376
100 393
101 143
101 197
101 224
101 302
102 140
102 223
102 319
102 323
102 367
102 384
103 115
103 126
103 216
103 295
103 347
103 351
103 421
103 422
104 117
104 136
104 282
104 304
104 313
104 402
105 171
105 350
106 264
106 324
107 422
108 127
108 177
108 254
108 274
108 386
109 116
109 117
109 136
109 149
109 162
109 167
109 168
109 176
109 179
109 192
109 206
109 232
109 237
109 245
109 278
109 280
109 303
110 119
110 159
110 173
110 226
110 272
110 287
110 345
110 346
110 411
110 420
111 113
111 182
111 185
111 255
111 299
111 394
112 116
112 127
112 148
112 243
112 290
112 378
112 406
113 125
113 132
113 133
113 150
113 151
113 152
113 164
113 168
113 172
113 178
113 230
113 280
113 298
113 310
113 329
113 343
113 362
114 135
114 241
115 127
115 266
115 358
116 155
116 236
116 298
117 352
118 143
118 302
118 323
118 332
118 342
118 406
118 410
119 128
119 163
119 204
119 220
119 336
119 366
120 275
120 291
120 353
120 404
121 129
121 133
121 177
121 222
121 225
121 226
121 238
121 270
121 294
121 350
121 357
121 380
121 412
122 180
122 226
122 289
122 312
123 154
123 167
123 168
123 171
123 186
123 188
123 192
123 205
123 215
123 243
123 268
123 285
123 332
123 339
123 365
123 385
123 390
124 140
124 257
124 297
124 317
124 328
124 354
125 271
126 212
126 249
127 157
127 274
127 288
127 391
128 155
128 183
128 208
129 178
129 250
129 344
130 139
130 421
131 258
132 151
132 388
133 356
134 156
134 188
134 212
134 231
134 251
134 352
135 186
136 168
136 197
136 240
136 276
136 296
137 200
137 283
137 331
137 340
137 385
137 389
137 412
138 173
138 209
138 277
138 301
138 395
139 181
139 277
140 227
142 151
142 167
142 221
142 257
142 358
142 376
142 406
143 160
143 215
143 216
143 340
144 280
144 344
145 154
145 164
145 169
145 195
145 207
145 230
145 239
145 244
145 246
145 257
146 170
146 372
147 225
147 396
148 170
148 293
149 272
149 281
150 267
150 296
150 330
150 415
151 210
151 266
151 376
152 164
152 192
152 233
152 388
153 360
153 420
154 409
155 366
155 379
156 160
156 212
156 215
156 216
156 231
156 269
156 336
157 393
158 199
158 202
158 336
159 168
159 358
159 372
160 264
160 403
161 169
161 402
162 183
162 248
162 307
162 335
162 348
163 180
163 182
163 225
163 291
163 344
163 417
164 169
164 176
164 178
164 194
164 200
164 219
164 229
164 254
165 194
165 268
165 385
166 176
166 243
166 356
166 407
167 321
167 405
168 214
168 404
169 244
169 309
169 346
169 385
170 198
170 233
170 293
171 289
171 293
171 387
173 191
173 325
174 211
174 227
174 238
174 327
174 336
174 361
175 229
175 248
175 252
175 274
175 364
176 240
176 291
176 343
176 382
177 190
178 368
179 228
179 234
179 262
180 218
180 242
180 261
180 304
180 321
180 324
180 342
180 402
181 271
183 283
183 299
183 304
183 338
183 418
184 191
184 194
184 217
184 218
184 259
184 273
185 221
186 280
188 255
188 340
188 366
188 374
188 401
189 314
189 315
189 357
190 328
191 244
191 305
191 340
191 379
191 397
192 238
192 291
192 359
192 419
193 317
193 330
193 370
193 416
194 329
195 237
195 365
196 319
196 401
197 285
197 362
198 203
198 214
198 217
198 313
199 260
201 272
203 263
203 312
203 392
204 325
204 378
205 273
205 313
206 221
206 334
206 377
206 381
206 397
207 249
210 262
211 285
211 411
212 299
212 363
213 292
213 354
213 386
213 390
214 231
215 254
215 355
216 293
216 420
217 237
217 374
217 390
218 255
220 240
220 355
221 351
221 404
221 413
222 318
222 319
223 276
224 331
225 295
225 371
226 417
227 236
227 285
227 332
227 374
229 270
229 408
231 252
231 356
231 360
232 331
233 298
234 239
234 247
234 366
235 274
235 292
235 308
235 320
235 383
235 417
236 263
236 350
237 410
239 311
241 337
242 382
244 414
245 261
247 251
248 267
248 318
248 372
248 397
249 407
251 363
252 281
252 287
252 368
253 266
253 364
253 381
253 386
253 420
255 284
255 387
256 376
258 262
259 398
260 345
261 263
261 316
262 281
263 338
264 279
264 379
264 399
265 328
266 294
267 405
269 377
270 311
270 318
272 282
273 312
273 333
273 362
273 381
274 277
275 404
276 317
276 394
277 394
279 346
280 295
280 390
281 382
282 296
282 301
282 379
284 395
285 367
286 317
288 299
288 327
289 314
292 305
293 313
295 348
295 350
298 383
299 307
299 314
299 352
299 358
300 412
305 347
305 357
306 360
308 369
309 371
309 372
310 421
311 327
311 399
312 313
313 332
314 327
314 375
315 367
315 408
316 364
317 323
319 322
325 408
326 362
327 348
331 395
332 397
339 414
341 422
349 380
351 361
365 370
369 371
377 400
380 383
381 392
381 398
381 406
382 416
386 399
387 400
396 416
