0 1
0 2
0 3
0 4
0 5
0 6
0 7
0 8
0 10
0 11
0 12
0 13
0 15
0 18
0 19
0 22
0 23
0 24
0 28
0 29
0 31
0 39
0 43
0 51
0 56
0 58
0 59
0 72
0 76
0 78
0 82
0 86
0 89
0 92
0 95
0 96
0 97
0 100
0 102
0 106
0 108
0 112
0 120
0 121
0 122
0 126
0 131
0 133
0 138
0 140
0 147
0 148
0 152
0 153
0 155
0 164
0 167
0 172
0 173
0 180
0 184
0 188
0 207
0 213
0 216
0 226
0 240
0 244
0 252
0 253
0 260
0 262
0 268
0 275
0 280
0 298
0 307
0 312
0 314
0 337
0 351
0 352
0 353
0 364
0 367
0 375
0 385
0 388
0 415
0 418
0 426
0 427
0 473
0 474
0 485
0 498
0 550
0 551
1 7
1 8
1 14
1 21
1 22
1 185
1 228
1 269
1 319
1 332
1 377
1 412
1 452
2 6
2 7
2 8
2 9
2 10
2 17
2 23
2 25
2 26
2 27
2 28
2 29
2 32
2 33
2 36
2 38
2 41
2 50
2 51
2 53
2 54
2 55
2 63
2 65
2 74
2 75
2 84
2 86
2 87
2 93
2 95
2 99
2 100
2 104
2 122
2 126
2 131
2 141
2 147
2 160
2 163
2 165
2 166
2 190
2 194
2 195
2 205
2 211
2 220
2 229
2 237
2 238
2 240
2 245
2 261
2 271
2 276
2 283
2 285
2 290
2 297
2 340
2 358
2 375
2 383
2 386
2 412
2 442
2 443
2 467
2 498
2 506
3 6
3 11
3 14
3 16
3 19
3 26
3 39
3 40
3 45
3 48
3 61
3 63
3 93
3 138
3 160
3 164
3 189
3 195
3 201
3 231
3 244
3 301
3 303
3 379
3 420
3 445
3 470
3 535
3 542
4 6
4 9
4 11
4 18
4 19
4 22
4 25
4 26
4 31
4 39
4 41
4 43
4 45
4 54
4 61
4 73
4 107
4 108
4 122
4 139
4 145
4 196
4 217
4 226
4 230
4 306
4 360
4 367
4 382
4 418
4 421
4 428
4 448
4 461
4 471
4 474
4 501
4 519
4 536
4 540
4 555
5 6
5 7
5 13
5 16
5 70
5 116
5 121
5 450
6 7
6 8
6 9
6 10
6 11
6 12
6 14
6 18
6 20
6 21
6 24
6 27
6 31
6 32
6 35
6 37
6 38
6 40
6 42
6 43
6 44
6 49
6 52
6 67
6 74
6 77
6 86
6 94
6 97
6 100
6 101
6 102
6 103
6 109
6 112
6 116
6 119
6 130
6 135
6 149
6 155
6 172
6 185
6 191
6 195
6 204
6 205
6 214
6 218
6 227
6 233
6 236
6 240
6 251
6 263
6 281
6 284
6 289
6 301
6 306
6 307
6 308
6 321
6 329
6 331
6 345
6 350
6 354
6 364
6 368
6 373
6 384
6 392
6 410
6 438
6 455
6 466
6 496
6 504
6 509
6 516
6 523
6 525
6 527
6 528
6 529
6 537
6 538
6 542
6 548
7 8
7 9
7 10
7 11
7 12
7 13
7 14
7 15
7 25
7 30
7 36
7 42
7 44
7 47
7 61
7 62
7 75
7 76
7 91
7 96
7 102
7 119
7 133
7 137
7 150
7 165
7 239
7 263
7 265
7 270
7 273
7 293
7 318
7 327
7 331
7 339
7 359
7 366
7 367
7 372
7 408
7 413
7 452
7 459
7 486
7 502
7 505
7 506
7 517
8 9
8 12
8 18
8 21
8 29
8 36
8 46
8 48
8 52
8 67
8 103
8 126
8 147
8 174
8 203
8 208
8 210
8 219
8 312
8 319
8 350
8 411
8 527
9 10
9 13
9 14
9 15
9 16
9 17
9 19
9 20
9 24
9 28
9 42
9 48
9 56
9 65
9 68
9 72
9 79
9 85
9 90
9 94
9 111
9 115
9 117
9 118
9 124
9 126
9 127
9 136
9 143
9 157
9 182
9 183
9 186
9 190
9 191
9 216
9 219
9 233
9 255
9 256
9 257
9 258
9 259
9 262
9 275
9 277
9 290
9 311
9 317
9 365
9 368
9 369
9 372
9 391
9 392
9 393
9 398
9 429
9 441
9 463
9 466
9 512
9 530
10 12
10 15
10 16
10 17
10 20
10 22
10 26
10 27
10 29
10 32
10 37
10 38
10 41
10 44
10 46
10 54
10 55
10 62
10 83
10 92
10 98
10 100
10 104
10 110
10 111
10 128
10 129
10 141
10 151
10 155
10 159
10 160
10 163
10 167
10 182
10 239
10 242
10 245
10 265
10 275
10 304
10 336
10 339
10 355
10 368
10 369
10 370
10 376
10 391
10 393
10 399
10 400
10 420
10 445
10 455
10 466
10 468
10 488
10 498
10 516
11 13
11 17
11 24
11 28
11 30
11 33
11 43
11 55
11 58
11 65
11 77
11 95
11 107
11 115
11 127
11 134
11 143
11 145
11 152
11 156
11 169
11 170
11 192
11 195
11 196
11 244
11 268
11 274
11 280
11 282
11 290
11 295
11 316
11 393
11 404
11 405
11 422
11 425
11 468
11 477
11 531
11 556
12 19
12 37
12 63
12 81
12 106
12 137
12 157
12 164
12 276
12 287
12 289
12 400
12 401
12 411
12 455
12 470
12 514
12 553
13 20
13 21
13 24
13 31
13 32
13 34
13 44
13 50
13 58
13 75
13 76
13 93
13 112
13 133
13 137
13 149
13 199
13 220
13 226
13 342
14 15
14 16
14 17
14 30
14 34
14 39
14 49
14 54
14 55
14 64
14 67
14 70
14 80
14 83
14 98
14 99
14 104
14 114
14 123
14 143
14 144
14 148
14 155
14 158
14 162
14 167
14 231
14 234
14 236
14 237
14 246
14 247
14 248
14 250
14 253
14 292
14 295
14 300
14 321
14 347
14 355
14 361
14 385
14 388
14 414
14 433
14 434
14 437
14 448
14 457
14 460
14 471
14 476
14 493
14 494
14 502
15 22
15 23
15 46
15 64
15 88
15 89
15 167
15 180
15 199
15 237
15 240
15 249
15 256
15 279
15 296
15 327
15 359
15 372
15 384
15 446
15 451
15 465
15 478
15 479
15 493
15 516
15 541
15 552
16 18
16 21
16 27
16 35
16 56
16 57
16 84
16 112
16 117
16 120
16 121
16 125
16 128
16 142
16 150
16 155
16 176
16 197
16 234
16 242
16 267
16 277
16 331
16 334
16 374
16 432
16 505
16 512
16 534
16 539
17 20
17 35
17 36
17 39
17 54
17 67
17 72
17 73
17 81
17 85
17 86
17 138
17 154
17 161
17 235
17 242
17 250
17 259
17 266
17 277
17 278
17 288
17 296
17 308
17 315
17 325
17 333
17 357
17 370
17 377
17 388
17 453
17 469
17 511
17 543
18 33
18 34
18 37
18 60
18 105
18 188
18 203
18 208
18 216
18 252
18 262
18 316
18 321
18 362
18 364
18 365
18 372
18 393
18 399
18 487
18 526
19 25
19 41
19 63
19 92
19 105
19 117
19 123
19 173
19 184
19 201
19 246
19 345
19 354
19 436
19 438
19 492
19 499
20 25
20 59
20 61
20 82
20 274
20 370
20 494
21 23
21 30
21 31
21 32
21 33
21 53
21 68
21 69
21 74
21 84
21 90
21 95
21 114
21 117
21 136
21 141
21 146
21 156
21 184
21 185
21 247
21 258
21 272
21 317
21 337
21 348
21 396
21 413
21 423
21 465
21 469
21 471
21 478
21 499
21 510
21 553
22 23
22 38
22 74
22 77
22 79
22 90
22 101
22 109
22 112
22 136
22 153
22 183
22 197
22 203
22 208
22 214
22 218
22 316
22 322
22 338
22 366
22 384
22 530
23 26
23 34
23 42
23 46
23 47
23 48
23 52
23 53
23 64
23 69
23 92
23 122
23 123
23 213
23 221
23 278
23 305
23 378
23 381
23 383
23 424
23 439
23 467
23 553
23 555
24 41
24 44
24 65
24 114
24 124
24 136
24 139
24 168
24 171
24 208
24 215
24 243
24 277
24 346
24 354
24 486
25 27
25 28
25 29
25 37
25 38
25 40
25 57
25 75
25 81
25 91
25 109
25 124
25 181
25 279
25 371
25 396
25 557
26 35
26 62
26 66
26 69
26 104
26 134
26 149
26 169
26 182
26 192
26 193
26 238
26 248
26 252
26 288
26 338
26 402
26 431
26 492
27 30
27 35
27 51
27 74
27 100
27 110
27 113
27 132
27 239
27 443
28 36
28 40
28 43
28 46
28 58
28 60
28 66
28 73
28 79
28 80
28 81
28 96
28 101
28 108
28 125
28 140
28 161
28 162
28 174
28 176
28 187
28 195
28 250
28 268
28 276
28 299
28 317
28 319
28 349
28 383
28 412
28 420
28 425
28 449
28 474
28 513
29 163
29 166
29 188
29 218
29 236
29 378
29 396
29 429
29 541
30 49
30 50
30 68
30 82
30 88
30 110
30 122
30 127
30 132
30 146
30 159
30 168
30 205
30 216
30 270
30 286
30 291
30 324
30 326
30 348
30 373
30 418
30 468
30 491
30 523
30 544
30 549
31 33
31 45
31 57
31 87
31 88
31 132
31 149
31 152
31 162
31 180
31 199
31 291
31 330
31 334
31 362
31 381
31 449
31 454
31 522
31 528
31 558
32 34
32 50
32 62
32 103
32 109
32 120
32 123
32 152
32 182
32 206
32 209
32 218
32 269
32 299
32 419
32 421
32 452
32 514
32 531
32 537
33 40
33 49
33 71
33 81
33 106
33 110
33 135
33 162
33 168
33 206
33 207
33 227
33 247
33 254
33 313
33 336
33 353
33 506
33 531
34 57
34 71
34 72
34 134
34 176
34 177
34 194
34 200
34 231
34 249
34 283
34 295
34 332
34 396
34 405
34 424
34 533
35 42
35 50
35 55
35 56
35 93
35 111
35 125
35 132
35 142
35 170
35 172
35 175
35 193
35 198
35 202
35 328
35 402
35 408
35 433
35 453
35 471
35 482
36 51
36 77
36 119
36 124
36 158
36 198
36 209
36 222
36 227
36 383
36 412
36 497
36 539
37 47
37 274
37 450
37 510
37 517
37 522
38 47
38 53
38 87
38 88
38 128
38 137
38 154
38 158
38 282
38 328
38 447
38 459
38 527
39 59
39 90
39 96
39 99
39 102
39 107
39 115
39 157
39 177
39 184
39 187
39 194
39 211
39 227
39 230
39 241
39 257
39 322
39 375
39 389
39 442
39 450
39 490
40 60
40 176
40 282
40 305
40 335
40 427
41 45
41 51
41 52
41 57
41 70
41 88
41 91
41 93
41 99
41 105
41 125
41 131
41 186
41 277
41 291
41 313
41 389
41 414
41 440
42 45
42 48
42 49
42 62
42 67
42 68
42 70
42 89
42 90
42 129
42 170
42 196
42 217
42 220
42 223
42 241
42 254
42 310
42 395
42 398
42 415
42 423
42 444
42 459
42 468
42 481
42 500
42 512
42 524
43 82
43 202
43 358
43 362
43 501
44 53
44 60
44 286
44 401
44 425
44 437
45 59
45 64
45 73
45 78
45 142
45 152
45 197
45 217
45 226
45 328
45 346
45 356
45 473
45 487
45 534
46 47
46 60
46 71
46 80
46 120
46 144
46 171
46 193
46 267
46 278
46 293
46 346
46 445
46 516
47 78
47 302
48 52
48 63
48 68
48 142
48 153
48 154
48 165
48 189
48 210
48 211
48 212
48 269
48 279
48 344
48 405
48 520
49 132
49 187
49 371
49 401
49 409
49 560
50 58
50 61
50 65
50 106
50 114
50 134
50 137
50 160
50 222
50 239
50 243
50 246
50 495
51 59
51 66
51 70
51 77
51 80
51 101
51 131
51 135
51 163
51 175
51 191
51 223
51 230
51 244
51 302
51 375
51 445
52 130
52 224
52 314
52 364
52 431
52 448
52 518
52 540
52 545
53 147
53 198
53 230
53 238
53 248
53 263
53 286
53 402
53 457
53 502
54 71
54 76
54 101
54 108
54 160
54 179
54 273
54 289
54 316
54 329
54 333
54 446
54 447
54 458
54 483
54 512
54 513
55 56
55 66
55 78
55 87
55 92
55 119
55 159
55 172
55 207
55 251
55 261
55 268
55 319
55 348
55 373
55 395
55 422
55 525
55 547
55 556
56 73
56 116
56 129
56 145
56 175
56 215
56 245
56 250
56 340
56 347
56 431
56 466
56 467
57 64
57 113
57 164
57 174
57 175
57 207
57 211
57 227
57 273
57 352
57 428
57 476
57 502
58 69
58 83
58 98
58 103
58 113
58 153
58 165
58 219
58 234
58 304
58 323
58 344
58 406
58 422
58 430
58 486
58 515
59 72
59 80
59 83
59 103
59 163
59 264
59 272
59 447
59 512
59 528
60 71
60 130
60 165
60 187
60 330
60 359
60 374
60 394
60 460
60 476
61 66
61 78
61 89
61 108
61 118
61 271
61 362
61 430
61 472
61 473
61 560
62 136
62 507
62 539
63 84
63 115
63 332
64 82
64 85
64 127
64 336
64 399
64 474
64 497
65 125
65 266
65 311
65 314
65 433
65 480
65 490
66 69
66 99
66 102
66 111
66 131
66 150
66 157
66 267
66 276
66 310
66 328
66 343
66 399
66 463
66 477
66 508
66 558
67 171
67 194
67 225
67 229
67 340
67 392
68 79
68 250
68 310
68 311
68 322
68 350
68 384
68 525
68 542
69 124
69 156
69 158
69 304
69 423
69 467
69 491
69 533
69 534
69 554
70 95
70 107
70 110
70 128
70 139
70 140
70 233
70 242
70 253
70 293
70 361
70 421
70 462
70 504
70 561
71 426
72 85
72 104
72 115
72 123
72 130
72 183
72 186
72 197
72 207
72 213
72 220
72 229
72 266
72 273
72 278
72 311
72 329
72 330
72 339
72 349
72 350
72 359
72 382
72 403
72 417
72 543
73 75
73 76
73 79
73 94
73 129
73 130
73 142
73 161
73 200
73 202
73 216
73 256
73 259
73 263
73 335
73 347
73 350
73 356
73 360
73 390
73 432
73 465
73 490
73 549
74 85
74 96
74 138
74 178
74 188
74 200
74 211
74 346
74 436
74 458
74 506
75 203
75 254
75 380
75 489
76 86
76 87
76 89
76 121
76 148
76 169
76 178
76 303
76 315
76 355
76 382
76 438
77 173
78 143
78 196
78 238
78 274
78 353
78 386
78 501
79 94
79 180
79 188
79 215
79 233
79 294
79 383
79 467
80 83
80 113
80 118
80 175
80 221
80 222
80 232
80 260
80 264
80 269
80 274
80 300
80 309
80 312
80 357
80 463
80 551
81 228
81 252
81 318
81 342
82 84
82 153
82 230
82 255
82 257
82 398
82 453
82 545
82 546
83 91
83 97
83 118
83 151
83 177
83 179
83 232
83 309
83 371
83 407
83 434
84 91
84 168
84 543
85 109
85 118
85 173
85 223
85 279
85 298
85 326
86 94
86 98
86 107
86 128
86 166
86 205
86 213
86 241
86 247
86 330
86 341
86 369
86 440
86 499
86 506
86 539
87 161
87 363
87 485
87 488
87 545
88 146
88 151
88 159
88 190
88 243
88 289
88 316
88 342
88 347
88 403
88 520
89 105
89 116
89 117
89 120
89 145
89 151
89 202
89 229
89 248
89 267
89 282
89 311
89 381
89 425
89 453
89 464
89 479
89 482
89 489
89 554
90 97
90 127
90 135
90 179
90 219
90 231
90 270
90 313
90 338
91 187
91 221
91 301
91 394
92 148
92 151
92 161
92 225
92 257
92 285
92 340
92 346
92 365
92 519
93 149
93 181
93 184
93 189
93 204
93 446
93 451
93 536
93 547
94 189
94 208
94 376
94 415
95 97
95 98
95 121
95 177
95 210
95 241
95 328
95 360
95 400
95 411
95 416
95 464
95 472
95 551
95 558
96 105
96 106
96 144
96 169
96 201
96 213
96 242
96 349
96 390
96 395
96 503
96 529
96 537
97 143
97 225
97 232
97 254
97 264
97 281
97 458
98 494
99 133
99 144
99 507
100 228
100 379
101 150
101 173
101 198
101 202
101 214
101 225
101 294
101 297
101 301
101 339
101 438
101 547
101 560
102 145
102 221
102 306
102 356
102 363
102 402
103 111
103 189
103 191
103 222
103 351
103 404
103 424
103 432
103 447
103 492
103 533
104 146
104 214
104 226
104 236
104 275
104 324
104 380
104 497
104 515
104 550
105 169
105 320
105 364
105 381
105 386
106 113
106 116
106 174
106 186
106 483
106 532
107 287
107 325
107 413
107 499
107 505
107 556
108 289
108 320
108 474
109 114
109 133
109 135
109 171
109 210
109 515
110 140
110 150
110 182
110 246
110 370
111 158
111 166
111 176
111 197
111 201
111 235
111 267
111 521
111 548
112 174
112 254
112 542
113 156
113 239
113 327
113 386
114 415
114 437
114 538
114 559
115 119
115 129
115 171
115 221
115 285
115 343
115 361
115 493
115 536
116 247
116 343
117 146
117 154
117 315
118 234
118 333
118 389
118 435
118 511
119 192
119 275
119 519
119 553
120 159
120 164
120 258
120 307
120 406
120 439
120 461
121 352
121 496
122 172
122 178
122 192
122 193
122 199
122 214
122 232
122 291
122 305
122 326
122 495
123 281
123 416
124 126
124 134
124 181
124 192
124 281
124 486
125 204
125 243
125 375
125 408
125 519
125 546
125 561
126 326
126 378
126 429
126 436
126 463
126 503
127 148
127 272
127 284
127 303
127 354
127 443
128 139
128 170
128 243
128 255
128 324
128 358
128 379
128 426
128 456
128 482
128 491
128 523
128 544
129 154
129 185
129 206
129 212
129 245
129 251
129 299
129 307
129 336
129 376
129 391
129 392
129 409
129 454
129 522
129 523
130 185
131 194
131 253
131 320
131 324
131 396
131 533
132 139
132 177
132 180
132 283
132 509
133 138
133 168
133 257
134 141
134 147
134 251
134 283
134 495
134 532
135 302
135 395
135 509
135 521
136 162
136 265
136 300
136 382
136 466
136 540
137 140
137 179
137 206
137 229
137 292
137 363
137 368
137 397
137 410
137 430
137 454
137 465
137 479
137 550
138 141
138 157
138 196
138 292
138 303
138 433
139 178
139 181
139 235
139 288
139 298
139 322
139 518
140 218
140 219
140 251
140 255
140 256
140 500
141 156
141 209
141 315
141 319
142 166
142 295
142 298
142 386
143 144
143 193
143 199
143 223
143 236
143 271
144 296
144 341
144 468
145 179
145 266
145 290
145 336
145 444
146 200
146 305
147 276
147 299
148 224
148 286
149 170
149 200
149 377
149 498
150 273
150 320
150 423
151 204
151 217
151 382
151 385
152 190
152 191
152 320
152 356
152 397
153 183
153 353
153 548
154 209
154 312
155 260
155 300
155 342
155 345
155 379
155 475
155 481
156 204
156 220
156 249
156 259
156 268
156 280
156 309
156 337
156 372
156 419
156 431
156 444
156 472
156 475
157 507
158 178
158 271
158 318
158 361
158 456
158 462
158 465
159 205
159 234
159 301
159 304
159 329
159 377
159 428
159 460
159 477
159 526
159 528
160 443
161 280
161 286
161 318
161 335
162 198
162 270
162 338
162 448
162 542
163 278
163 526
164 167
164 287
164 322
164 345
165 210
165 212
165 327
165 374
165 389
165 471
165 533
166 181
166 333
166 363
166 431
166 517
166 554
167 357
167 520
168 272
168 347
169 215
169 261
169 369
169 493
170 365
170 436
170 491
171 248
172 246
172 410
172 532
173 258
173 406
174 424
174 507
174 545
175 183
175 222
175 263
175 390
175 488
176 206
176 209
176 228
176 293
177 358
177 411
177 487
178 400
179 190
179 352
179 403
179 541
180 351
181 215
182 342
182 343
182 450
182 509
183 186
183 331
183 385
184 235
184 256
184 261
184 272
184 365
184 394
184 404
184 416
185 224
185 238
185 265
185 295
185 334
185 419
185 463
186 212
186 237
186 451
186 476
187 292
187 376
187 406
187 479
188 497
189 225
189 249
189 258
189 315
189 321
189 323
189 348
189 407
189 437
189 510
190 203
190 279
190 481
191 296
191 344
191 505
192 212
192 240
192 297
192 305
192 323
193 259
193 283
193 323
193 409
193 505
193 543
195 232
195 241
196 483
196 503
198 269
198 403
198 552
199 313
199 397
200 201
200 217
200 287
200 306
200 307
200 477
201 494
201 508
202 355
202 406
202 414
203 536
204 249
204 266
204 284
204 374
204 394
204 439
204 451
205 224
205 357
205 439
206 224
206 338
206 419
207 245
207 302
207 310
207 353
207 414
207 420
207 469
207 489
207 495
207 538
208 235
208 253
208 401
208 407
208 472
209 299
209 303
209 344
209 354
209 508
209 517
209 537
210 223
210 285
210 449
210 525
211 360
211 439
212 288
212 290
213 334
213 391
214 231
215 297
215 400
215 522
216 429
217 284
217 387
217 407
217 411
217 511
217 549
218 284
218 460
219 228
219 233
219 296
219 306
219 398
219 484
220 261
220 326
221 237
221 285
221 294
221 397
221 484
221 490
221 495
222 302
222 397
222 403
222 432
222 529
222 540
224 260
224 264
224 416
225 441
225 530
226 445
226 457
226 521
227 349
227 461
228 446
229 446
229 452
229 461
229 508
229 518
230 440
230 535
231 244
231 252
231 442
231 476
232 313
232 456
232 478
232 500
233 407
233 485
236 366
236 371
237 318
237 405
237 408
238 262
238 294
238 330
238 341
238 351
238 368
238 422
238 484
238 557
239 255
239 441
240 280
240 339
241 297
242 337
242 369
243 546
243 552
244 264
244 413
244 435
244 547
245 388
245 427
245 456
245 472
246 262
246 292
246 398
246 421
246 488
247 374
247 460
248 367
248 428
248 441
248 502
249 287
249 420
251 359
251 399
251 482
252 352
252 534
253 260
253 300
253 417
254 308
254 367
256 358
257 483
257 497
258 380
258 464
259 387
259 455
260 355
261 265
261 323
262 392
262 511
262 537
263 317
263 520
264 373
264 427
264 528
264 555
265 294
265 366
265 484
265 552
266 270
266 526
266 534
266 553
267 282
267 288
267 321
267 334
267 362
267 390
267 509
267 524
267 531
269 480
270 271
270 293
271 332
271 449
271 515
271 546
272 413
272 470
273 281
273 298
273 424
273 464
274 349
275 309
275 387
276 378
276 379
276 380
276 503
276 524
278 391
278 451
278 514
278 538
279 475
280 351
280 456
280 457
280 487
280 489
280 510
281 291
281 507
282 324
282 535
283 308
283 388
283 418
283 532
284 478
286 343
286 441
286 444
287 514
289 332
289 519
290 409
291 308
291 331
291 389
291 440
291 492
292 304
292 314
292 357
293 317
293 520
294 335
294 337
295 376
296 464
296 475
297 310
297 524
298 335
298 345
298 360
298 434
298 478
298 481
298 484
298 516
299 432
300 309
300 479
300 511
300 548
301 312
301 449
301 558
303 325
303 434
305 314
306 329
306 387
306 421
306 430
306 452
308 366
309 524
311 380
313 404
313 442
313 518
314 341
314 361
314 394
314 549
315 325
315 501
315 545
315 548
315 550
316 454
317 427
318 327
318 453
319 554
320 340
320 425
320 469
320 522
321 325
321 381
321 417
321 423
321 503
321 538
323 333
324 459
325 416
326 344
326 356
326 363
327 529
327 552
328 370
328 557
329 390
329 544
330 455
332 422
332 496
333 414
334 486
334 557
335 561
336 371
336 487
337 341
337 418
338 377
339 412
339 490
340 348
341 461
341 504
342 378
342 462
343 459
344 402
344 555
347 373
348 426
348 532
350 404
351 513
352 395
354 387
355 543
357 409
358 385
358 448
358 494
358 521
358 523
359 384
359 417
359 419
359 447
359 530
363 393
363 401
363 433
363 480
363 496
364 415
364 559
366 417
366 435
366 437
366 450
367 410
367 558
371 405
372 430
372 551
372 561
373 426
374 480
374 482
377 527
380 500
381 410
383 470
388 518
389 458
389 535
390 429
392 515
394 493
395 434
395 473
395 541
396 457
397 440
400 408
400 462
402 481
402 496
402 559
403 517
405 435
407 428
407 536
411 504
413 560
414 483
414 485
415 499
419 443
420 540
422 488
422 492
423 435
423 462
424 436
424 438
434 444
435 458
435 491
435 557
435 559
437 442
437 485
437 513
437 551
440 470
440 475
440 526
443 547
444 477
444 514
446 454
449 539
450 504
453 480
456 469
458 498
463 473
465 489
465 527
468 541
471 530
474 513
478 500
483 510
483 535
483 546
485 508
487 525
487 554
494 555
497 560
499 501
500 556
505 544
512 559
513 529
514 521
517 531
517 544
536 561
543 549
546 556
549 550
