0 1
0 2
0 3
0 4
0 5
0 6
0 7
0 8
0 9
0 10
0 11
0 12
0 14
0 16
0 17
0 18
0 23
0 26
0 27
0 29
0 32
0 36
0 37
0 38
0 41
0 42
0 43
0 44
0 45
0 49
0 52
0 56
0 59
0 60
0 61
0 68
0 76
0 82
0 90
0 91
0 97
0 98
0 102
0 106
0 113
0 118
0 126
0 134
0 135
0 136
0 138
0 144
0 148
0 158
0 169
0 176
0 189
0 192
0 198
0 201
0 222
0 226
0 232
0 235
0 237
0 242
0 245
0 250
0 251
0 277
0 279
0 282
0 287
0 294
0 301
0 321
0 333
0 364
0 366
0 367
0 382
0 385
0 387
0 389
1 6
1 7
1 10
1 15
1 16
1 20
1 21
1 23
1 28
1 32
1 43
1 61
1 64
1 102
1 113
1 115
1 123
1 149
1 170
1 171
1 172
1 197
1 226
1 236
1 267
1 273
1 292
1 295
1 305
1 306
1 327
1 341
1 351
1 360
1 378
1 407
2 6
2 7
2 8
2 11
2 14
2 20
2 37
2 46
2 68
2 77
2 97
2 148
2 159
2 161
2 193
2 242
2 286
2 370
2 385
2 388
2 389
3 6
3 8
3 9
3 11
3 12
3 15
3 19
3 21
3 22
3 26
3 27
3 33
3 40
3 48
3 54
3 58
3 83
3 95
3 167
3 170
3 177
3 184
3 215
3 219
3 242
3 252
3 255
3 352
3 362
3 366
3 400
4 45
4 124
5 6
5 7
5 9
5 10
5 13
5 18
5 21
5 24
5 35
5 40
5 42
5 48
5 50
5 52
5 53
5 57
5 61
5 62
5 63
5 66
5 87
5 90
5 91
5 97
5 112
5 124
5 134
5 136
5 156
5 164
5 168
5 180
5 195
5 205
5 207
5 213
5 217
5 259
5 269
5 294
5 297
5 314
5 349
5 361
5 404
5 410
6 7
6 8
6 9
6 11
6 12
6 15
6 16
6 17
6 20
6 24
6 29
6 30
6 31
6 35
6 37
6 49
6 51
6 52
6 55
6 56
6 58
6 62
6 63
6 66
6 68
6 73
6 76
6 85
6 88
6 89
6 101
6 102
6 110
6 116
6 120
6 121
6 131
6 147
6 153
6 168
6 173
6 200
6 204
6 208
6 209
6 215
6 224
6 229
6 231
6 248
6 260
6 274
6 319
6 323
6 325
6 339
6 348
6 354
6 358
6 370
6 375
6 394
6 401
6 405
6 408
7 8
7 9
7 10
7 12
7 14
7 15
7 18
7 19
7 25
7 28
7 30
7 31
7 35
7 38
7 43
7 49
7 55
7 67
7 68
7 78
7 82
7 85
7 94
7 99
7 101
7 125
7 134
7 158
7 159
7 165
7 176
7 179
7 186
7 226
7 246
7 268
7 269
7 293
7 314
7 360
7 375
7 383
7 407
8 10
8 11
8 14
8 17
8 21
8 22
8 24
8 28
8 29
8 30
8 31
8 36
8 37
8 39
8 41
8 46
8 47
8 50
8 52
8 64
8 69
8 70
8 77
8 79
8 83
8 84
8 85
8 94
8 98
8 99
8 101
8 111
8 118
8 123
8 134
8 136
8 137
8 139
8 140
8 143
8 155
8 157
8 162
8 168
8 169
8 174
8 175
8 202
8 206
8 214
8 216
8 223
8 225
8 228
8 235
8 241
8 248
8 253
8 257
8 265
8 274
8 283
8 284
8 288
8 305
8 307
8 310
8 328
8 333
8 374
8 376
8 383
8 387
9 13
9 23
9 24
9 40
9 43
9 53
9 81
9 88
9 100
9 138
9 145
9 174
9 178
9 218
9 311
9 338
9 364
9 366
9 386
9 397
10 12
10 13
10 15
10 18
10 19
10 25
10 39
10 48
10 53
10 56
10 59
10 61
10 65
10 67
10 73
10 81
10 100
10 129
10 135
10 139
10 140
10 160
10 161
10 166
10 188
10 190
10 205
10 214
10 217
10 227
10 228
10 232
10 243
10 285
10 301
10 310
10 315
10 330
10 339
10 368
11 13
11 22
11 26
11 34
11 39
11 50
11 69
11 70
11 78
11 79
11 94
11 104
11 115
11 120
11 143
11 144
11 145
11 153
11 193
11 198
11 208
11 209
11 251
11 253
11 271
11 280
11 292
11 309
11 316
11 321
11 322
11 325
11 333
11 337
11 347
11 353
11 384
11 394
11 401
12 13
12 16
12 19
12 23
12 27
12 28
12 35
12 41
12 47
12 54
12 57
12 65
12 89
12 103
12 161
12 163
12 169
12 188
12 211
12 313
12 316
12 328
12 329
12 396
13 14
13 17
13 22
13 25
13 27
13 32
13 33
13 35
13 40
13 51
13 59
13 72
13 105
13 109
13 111
13 115
13 121
13 128
13 147
13 159
13 166
13 172
13 188
13 239
13 248
13 266
13 269
13 284
13 286
13 301
13 313
13 314
13 328
13 334
13 361
13 386
14 16
14 24
14 34
14 47
14 54
14 65
14 74
14 77
14 86
14 88
14 95
14 108
14 112
14 127
14 130
14 133
14 144
14 146
14 164
14 174
14 191
14 193
14 195
14 206
14 214
14 239
14 252
14 254
14 275
14 297
14 340
14 407
15 42
15 48
15 49
15 124
15 146
15 151
15 173
15 187
15 236
16 17
16 33
16 34
16 37
16 40
16 44
16 45
16 67
16 74
16 77
16 89
16 92
16 94
16 123
16 133
16 134
16 139
16 166
16 181
16 191
16 201
16 204
16 228
16 246
16 270
16 273
16 284
16 294
16 317
16 320
16 335
16 385
16 398
17 18
17 19
17 20
17 33
17 36
17 38
17 61
17 99
17 100
17 140
17 156
17 166
17 172
17 173
17 176
17 177
17 189
17 220
17 223
17 246
17 257
17 263
17 268
17 270
17 274
17 289
17 317
17 321
17 337
17 377
18 22
18 26
18 29
18 31
18 32
18 38
18 51
18 83
18 84
18 87
18 95
18 96
18 110
18 113
18 131
18 137
18 140
18 163
18 199
18 232
18 381
19 20
19 25
19 46
19 47
19 54
19 57
19 63
19 66
19 92
19 99
19 116
19 122
19 130
19 138
19 150
19 207
19 227
19 236
19 254
19 265
19 315
19 322
19 363
19 365
19 372
20 21
20 55
20 63
20 73
20 80
20 111
20 165
20 170
20 196
20 264
20 278
20 406
21 23
21 25
21 27
21 41
21 42
21 44
21 65
21 69
21 72
21 80
21 82
21 108
21 109
21 114
21 116
21 118
21 142
21 143
21 144
21 149
21 180
21 266
21 270
21 290
21 321
21 367
21 387
21 390
21 395
21 399
22 30
22 39
22 75
22 79
22 123
22 132
22 147
22 154
22 170
22 211
22 335
22 355
22 390
23 30
23 34
23 39
23 55
23 59
23 64
23 67
23 70
23 71
23 90
23 121
23 128
23 158
23 175
23 185
23 197
23 205
23 267
23 370
24 28
24 31
24 32
24 36
24 75
24 98
24 100
24 103
24 104
24 149
24 165
24 167
24 168
24 195
24 198
24 203
24 232
24 239
24 240
24 268
24 271
24 279
24 285
24 303
24 308
24 309
24 381
25 26
25 34
25 36
25 58
25 127
25 129
25 240
25 283
25 289
25 304
25 324
26 33
26 50
26 66
26 70
26 75
26 76
26 79
26 126
26 169
26 180
26 191
26 220
26 309
26 335
26 337
26 341
26 392
27 45
27 80
27 82
27 122
27 124
27 135
27 158
27 255
27 262
27 349
27 365
27 396
28 29
28 44
28 51
28 60
28 87
28 107
28 129
28 131
28 147
28 156
28 221
29 49
29 51
29 86
29 91
29 126
29 160
29 197
29 246
29 273
29 275
29 293
29 296
29 363
29 376
29 395
29 403
30 84
30 105
30 107
30 181
30 288
30 308
30 401
31 45
31 65
31 85
31 122
31 217
31 353
32 38
32 41
32 62
32 72
32 80
32 115
32 119
32 145
32 174
32 175
32 198
32 217
32 218
32 238
32 244
32 248
32 251
32 265
32 345
32 358
33 57
33 60
33 66
33 93
33 97
33 255
33 258
33 267
33 291
33 363
33 380
34 48
34 93
34 102
34 163
34 172
34 184
34 210
34 282
34 306
35 43
35 47
35 53
35 56
35 63
35 77
35 80
35 83
35 89
35 103
35 109
35 119
35 151
35 175
35 205
35 289
35 297
35 317
35 383
35 388
36 42
36 60
36 72
36 84
36 164
36 171
36 330
36 335
37 75
37 116
37 119
37 131
38 62
38 69
38 106
38 210
38 236
38 238
38 252
38 281
39 46
39 86
39 91
39 101
39 258
39 287
39 322
39 388
39 400
40 44
40 50
40 92
40 112
40 117
40 194
40 249
40 311
40 354
41 46
41 52
41 53
41 56
41 57
41 71
41 74
41 76
41 78
41 127
41 146
41 148
41 192
41 230
41 235
41 304
41 305
41 343
41 391
41 410
42 58
42 108
42 124
42 323
42 331
42 362
42 381
43 59
43 69
43 115
43 147
43 149
43 233
43 268
44 78
44 106
44 120
44 137
44 176
44 186
44 257
44 278
44 280
44 292
44 332
44 352
44 379
45 114
45 136
45 201
45 211
45 226
45 229
45 261
45 273
45 275
45 297
46 54
46 95
46 182
46 189
46 192
46 252
46 349
46 366
47 96
47 100
47 278
48 129
48 139
48 177
48 180
48 212
48 222
48 238
48 281
48 391
48 394
49 73
49 90
49 95
49 121
49 150
49 179
49 211
49 222
49 264
49 265
49 354
50 62
50 75
50 105
50 132
50 194
50 207
50 233
50 311
50 364
50 378
50 395
50 410
51 88
51 107
51 152
51 157
51 181
51 229
51 249
51 358
52 58
52 93
52 109
52 162
52 164
52 323
52 331
52 400
53 55
53 60
53 93
53 341
53 368
53 382
54 64
54 105
54 107
54 142
54 186
54 221
54 237
54 330
54 334
55 71
55 106
56 67
56 70
56 74
56 94
56 96
56 98
56 104
56 113
56 114
56 126
56 130
56 141
56 142
56 148
56 149
56 156
56 160
56 178
56 187
56 196
56 204
56 207
56 228
56 232
56 234
56 254
56 256
56 290
56 303
56 322
56 374
56 396
56 406
57 141
57 143
57 171
57 224
57 340
57 377
58 64
58 81
58 88
58 89
58 105
58 111
58 179
58 227
58 251
58 327
58 328
58 356
59 229
59 393
60 84
60 90
60 110
60 183
60 249
60 320
60 390
61 277
61 365
61 382
62 71
62 78
62 87
62 106
62 109
62 117
62 120
62 126
62 135
62 152
62 198
62 202
62 278
62 299
62 327
62 330
62 332
62 361
62 375
63 68
63 71
63 83
63 93
63 152
63 160
63 177
63 187
63 215
63 283
63 295
63 340
63 394
64 72
64 171
64 397
64 403
65 87
65 127
65 145
65 174
65 175
65 185
65 363
65 382
66 245
66 390
67 111
67 240
68 79
68 81
68 116
68 122
68 210
68 231
68 255
68 259
68 261
68 290
68 305
69 73
69 96
69 97
69 241
69 259
69 271
69 299
69 318
69 323
70 117
70 155
70 256
70 259
70 274
70 284
70 359
70 403
71 81
71 103
71 125
71 131
71 132
71 186
71 204
71 217
71 318
72 74
72 86
72 125
72 127
72 233
72 236
72 244
72 247
72 285
72 289
72 298
72 318
72 407
73 76
73 121
73 150
73 188
73 220
74 82
74 110
74 187
74 388
75 117
75 133
75 223
76 143
76 161
76 210
76 289
76 332
76 344
76 380
76 382
76 406
77 110
77 113
77 151
77 185
77 187
77 196
77 213
77 302
78 85
78 86
78 91
78 108
78 123
78 159
78 163
78 185
78 214
78 218
78 234
78 250
78 261
78 293
78 294
78 299
78 336
78 342
78 381
78 402
79 98
79 125
79 142
79 167
79 228
79 305
79 385
79 402
80 112
80 138
80 141
80 152
80 153
80 193
80 208
80 251
80 253
80 304
80 312
80 407
81 118
81 182
81 221
81 227
81 247
81 296
81 302
81 397
83 101
83 132
83 150
83 219
83 300
83 347
84 92
84 128
84 141
84 150
84 158
84 162
84 209
84 353
85 129
85 167
85 194
85 245
85 260
85 267
85 301
85 401
85 408
86 99
86 112
86 250
86 393
87 132
87 154
87 165
87 171
87 182
87 218
87 252
87 350
88 137
88 161
88 202
88 235
88 250
88 327
88 349
88 374
88 399
88 405
89 133
89 157
89 241
89 357
90 92
90 96
90 103
90 104
90 128
90 190
90 199
90 288
90 320
91 130
92 102
92 119
92 141
92 203
92 241
92 249
92 271
92 315
92 348
92 364
92 399
93 140
93 154
93 181
93 197
93 260
93 336
94 114
94 133
94 168
94 197
94 202
94 261
95 125
95 136
95 184
95 307
95 343
95 373
96 107
96 244
96 291
96 408
97 182
97 192
97 207
97 296
98 162
98 238
98 265
98 312
98 376
98 377
99 231
99 263
99 296
99 302
99 332
99 341
99 356
99 359
100 119
100 279
100 287
100 311
100 406
101 104
101 118
101 155
101 190
101 214
101 262
101 320
101 321
101 365
102 176
102 317
103 108
103 201
103 331
103 343
103 356
104 244
104 262
104 275
104 313
104 380
105 183
105 200
105 240
105 287
105 344
105 350
105 369
107 307
108 137
108 280
110 213
111 165
111 221
111 307
111 314
111 324
111 358
111 385
112 117
112 130
112 139
112 146
112 300
112 376
112 392
113 114
113 145
113 155
113 290
113 392
114 256
115 142
115 237
115 255
115 379
116 128
116 156
116 219
117 138
117 336
118 120
118 144
118 160
118 172
118 173
118 190
118 264
118 292
118 325
119 122
119 173
119 212
120 146
120 181
120 212
120 227
120 230
120 359
121 323
122 199
122 234
122 237
122 308
122 389
122 408
123 243
123 324
123 353
124 148
124 254
125 200
125 342
126 276
127 183
127 261
128 155
128 157
128 196
128 206
128 225
128 263
128 276
128 370
129 135
129 162
129 211
129 213
129 279
129 286
129 340
129 392
129 401
130 151
130 182
130 184
130 186
130 195
131 199
131 273
131 357
132 223
133 233
133 256
133 258
133 307
134 157
134 260
134 294
134 308
134 344
135 159
135 177
135 220
135 339
135 356
135 358
135 368
135 378
136 170
136 191
136 192
136 254
136 272
137 151
137 203
137 205
137 293
137 356
138 152
138 231
139 312
139 369
140 185
140 188
140 264
140 297
140 357
140 384
140 399
141 209
141 312
141 400
141 409
142 233
142 239
142 287
143 218
143 243
143 263
144 166
144 371
144 375
146 164
146 276
147 189
147 224
147 405
148 178
148 203
148 242
149 306
149 387
149 393
150 153
150 154
150 163
150 212
151 153
151 154
151 195
151 210
151 281
151 296
151 336
151 346
151 360
151 393
152 167
152 169
152 216
152 354
153 215
153 318
154 178
154 239
154 355
154 371
154 405
155 226
155 348
155 381
155 392
156 404
157 374
157 396
158 194
158 405
159 324
159 338
160 179
160 208
160 215
160 247
160 250
160 293
161 229
161 402
162 241
163 183
164 179
164 222
164 278
164 383
165 200
165 292
165 309
165 320
165 326
165 331
165 378
165 386
165 410
166 282
167 219
167 334
167 351
168 180
168 201
168 234
168 262
168 352
168 379
169 203
169 221
169 224
169 299
169 300
169 336
169 402
169 403
169 408
170 178
170 200
170 206
170 235
170 243
170 303
170 354
170 360
170 361
170 364
170 366
171 216
171 230
171 257
171 260
171 355
172 190
172 209
172 225
173 194
173 269
173 338
174 189
174 272
174 397
175 191
175 243
175 378
176 208
176 298
177 339
178 264
179 319
179 361
180 183
180 213
180 314
180 388
181 225
182 184
182 347
183 277
184 196
184 206
184 274
184 345
185 193
185 223
185 327
185 329
186 276
186 338
187 216
187 231
187 269
187 282
187 309
187 324
188 224
188 230
188 258
188 295
189 326
189 342
189 375
191 304
191 369
192 199
192 219
192 283
192 288
192 302
192 319
193 230
194 285
195 202
195 212
195 216
195 291
195 301
195 368
196 204
197 222
197 253
197 328
197 346
197 391
198 272
198 290
199 245
199 263
199 270
200 244
200 275
200 295
200 311
201 277
201 291
202 247
202 357
204 220
204 242
204 351
204 404
205 367
206 277
206 398
207 279
207 284
207 286
208 245
208 248
208 319
208 338
208 371
208 372
209 225
209 249
209 372
210 313
210 384
212 295
212 318
212 334
213 369
214 257
214 394
215 234
215 326
215 342
215 359
215 374
216 355
216 402
218 259
219 319
219 340
219 368
220 246
220 276
220 280
221 270
222 240
222 247
222 331
222 365
223 335
224 237
224 262
224 334
224 396
225 280
225 298
225 379
226 347
229 362
230 238
230 298
230 344
231 258
231 268
232 256
232 286
232 306
232 345
232 362
233 267
233 271
233 346
233 373
233 395
234 266
234 350
234 362
234 404
235 272
235 299
236 310
237 329
238 317
240 341
241 303
242 281
242 298
242 308
242 345
243 367
243 384
244 342
244 403
245 253
245 266
245 367
246 329
246 409
247 316
247 380
248 313
250 282
250 348
250 371
250 389
251 266
251 343
252 304
252 373
254 330
254 370
256 306
256 373
260 346
261 285
262 347
264 337
264 377
265 281
266 272
266 349
266 409
267 325
268 350
269 360
271 283
272 390
273 333
275 300
278 288
279 302
281 326
281 350
282 333
282 343
282 395
283 363
283 398
285 303
285 315
286 406
287 291
287 300
289 316
289 337
289 393
291 377
292 383
296 372
297 352
300 310
301 310
301 325
301 387
302 351
303 339
305 322
306 316
307 312
308 315
310 344
311 332
312 359
316 346
318 355
320 397
321 371
322 329
324 326
324 345
326 391
330 348
335 376
337 352
341 400
344 404
345 351
345 369
345 410
346 372
349 357
349 409
351 353
356 386
359 398
360 373
360 380
360 398
373 409
376 379
376 389
378 399
380 386
380 391
382 384
