0 1
0 2
0 3
0 4
0 5
0 6
0 7
0 8
0 10
0 11
0 15
0 31
0 36
0 38
0 42
0 52
0 57
0 59
0 61
0 64
0 68
0 70
0 88
0 114
0 124
0 132
0 140
0 163
0 169
0 172
0 176
0 187
0 192
0 227
0 231
0 242
0 253
0 255
0 271
0 274
0 288
0 317
0 319
0 365
0 441
1 6
1 9
1 18
1 22
1 23
1 49
1 54
1 57
1 62
1 87
1 152
1 155
1 161
1 163
1 173
1 183
1 190
1 202
1 205
1 212
1 230
1 238
1 255
1 301
1 304
1 319
1 331
1 421
1 460
1 481
1 485
1 486
2 6
2 8
2 9
2 13
2 15
2 19
2 21
2 23
2 24
2 28
2 32
2 40
2 43
2 45
2 48
2 51
2 53
2 57
2 60
2 72
2 74
2 75
2 89
2 105
2 106
2 109
2 120
2 125
2 148
2 174
2 205
2 215
2 244
2 246
2 264
2 282
2 284
2 299
2 313
2 314
2 353
2 358
2 396
2 446
2 450
2 473
2 476
2 486
3 6
3 7
3 10
3 22
3 25
3 31
3 38
3 39
3 87
3 94
3 103
3 108
3 118
3 119
3 125
3 135
3 195
3 209
3 211
3 229
3 262
3 276
3 277
3 285
3 293
3 352
3 361
3 373
3 481
3 499
4 7
4 14
4 37
4 69
4 200
4 273
5 6
5 7
5 8
5 10
5 11
5 12
5 14
5 16
5 30
5 116
5 157
5 176
5 214
5 232
5 499
6 7
6 8
6 9
6 10
6 13
6 14
6 15
6 16
6 18
6 19
6 20
6 31
6 32
6 34
6 35
6 41
6 42
6 45
6 49
6 50
6 59
6 61
6 70
6 75
6 88
6 90
6 94
6 97
6 101
6 113
6 116
6 129
6 132
6 143
6 148
6 150
6 171
6 174
6 175
6 184
6 195
6 226
6 230
6 263
6 285
6 319
6 327
6 328
6 345
6 355
6 386
6 389
6 404
6 410
6 412
6 417
6 423
6 443
6 447
6 450
6 475
6 491
7 8
7 9
7 10
7 12
7 13
7 17
7 20
7 23
7 34
7 36
7 40
7 41
7 50
7 52
7 69
7 80
7 81
7 112
7 119
7 156
7 160
7 165
7 199
7 224
7 229
7 236
7 249
7 261
7 268
7 278
7 297
7 337
7 356
7 375
7 399
8 9
8 11
8 12
8 17
8 18
8 19
8 23
8 24
8 26
8 28
8 29
8 32
8 33
8 36
8 37
8 51
8 52
8 53
8 56
8 64
8 69
8 76
8 79
8 85
8 92
8 95
8 98
8 102
8 103
8 118
8 121
8 136
8 140
8 146
8 148
8 149
8 174
8 178
8 204
8 205
8 210
8 217
8 232
8 246
8 247
8 269
8 275
8 284
8 290
8 300
8 318
8 321
8 347
8 361
8 375
8 384
8 406
8 409
8 426
8 435
8 439
8 451
8 454
8 471
8 477
8 489
8 497
9 11
9 14
9 16
9 17
9 22
9 25
9 27
9 29
9 36
9 39
9 40
9 53
9 55
9 73
9 85
9 86
9 98
9 100
9 124
9 138
9 148
9 156
9 158
9 159
9 161
9 193
9 198
9 207
9 241
9 275
9 276
9 279
9 285
9 297
9 305
9 322
9 356
9 358
9 364
9 386
9 417
9 426
9 444
9 466
9 491
10 11
10 12
10 19
10 20
10 28
10 30
10 32
10 33
10 40
10 41
10 46
10 57
10 71
10 117
10 128
10 131
10 195
10 212
10 217
10 223
10 224
10 227
10 234
10 307
10 377
10 392
10 399
10 401
10 435
10 436
10 439
10 477
11 12
11 13
11 14
11 15
11 16
11 22
11 25
11 35
11 44
11 45
11 56
11 62
11 65
11 68
11 72
11 76
11 77
11 108
11 110
11 141
11 153
11 154
11 208
11 214
11 241
11 259
11 262
11 279
11 299
11 337
11 339
11 372
11 387
11 422
11 466
12 13
12 15
12 17
12 19
12 21
12 26
12 30
12 44
12 46
12 47
12 50
12 55
12 59
12 73
12 82
12 98
12 106
12 110
12 119
12 128
12 138
12 149
12 175
12 203
12 209
12 212
12 222
12 240
12 273
12 310
12 339
12 387
12 410
12 420
12 430
12 456
12 470
13 17
13 18
13 21
13 29
13 33
13 34
13 35
13 39
13 43
13 51
13 58
13 66
13 77
13 78
13 150
13 151
13 160
13 164
13 194
13 222
13 224
13 249
13 277
13 304
13 316
13 376
13 382
13 388
13 395
13 449
13 466
13 491
14 16
14 18
14 20
14 26
14 27
14 31
14 50
14 56
14 58
14 61
14 66
14 67
14 77
14 80
14 82
14 89
14 91
14 95
14 96
14 107
14 133
14 135
14 139
14 145
14 154
14 158
14 170
14 176
14 189
14 191
14 200
14 209
14 219
14 230
14 235
14 236
14 248
14 251
14 270
14 280
14 318
14 323
14 341
14 345
14 375
14 387
14 393
14 416
14 431
14 435
14 443
14 448
14 460
14 465
14 470
15 24
15 28
15 37
15 38
15 39
15 45
15 47
15 48
15 50
15 52
15 53
15 55
15 58
15 62
15 77
15 78
15 83
15 88
15 89
15 105
15 107
15 115
15 134
15 141
15 144
15 180
15 227
15 235
15 237
15 256
15 292
15 317
15 331
15 333
15 348
15 354
15 395
15 409
15 451
15 456
15 480
16 22
16 24
16 25
16 42
16 63
16 65
16 75
16 85
16 94
16 102
16 110
16 114
16 124
16 133
16 142
16 144
16 145
16 179
16 200
16 204
16 223
16 225
16 246
16 257
16 300
16 313
16 314
16 322
16 361
16 405
16 413
16 428
16 445
16 480
17 159
17 177
17 258
17 289
17 295
17 420
17 478
17 489
18 20
18 21
18 27
18 28
18 30
18 43
18 47
18 48
18 62
18 79
18 100
18 111
18 114
18 167
18 170
18 171
18 182
18 199
18 211
18 224
18 266
18 273
18 292
18 336
18 360
18 367
18 395
18 426
18 452
18 459
18 463
19 21
19 23
19 24
19 26
19 29
19 35
19 40
19 41
19 43
19 47
19 51
19 56
19 72
19 84
19 92
19 101
19 111
19 146
19 147
19 155
19 159
19 166
19 179
19 188
19 221
19 226
19 262
19 263
19 264
19 266
19 268
19 272
19 349
19 352
19 356
19 357
19 374
19 381
19 382
19 397
19 422
19 427
19 483
20 115
20 284
20 328
21 29
21 31
21 36
21 53
21 68
21 78
21 85
21 96
21 109
21 122
21 125
21 130
21 131
21 141
21 149
21 160
21 177
21 190
21 223
21 226
21 248
21 249
21 258
21 280
21 289
21 290
21 298
21 312
21 315
21 324
21 326
21 330
21 338
21 347
21 354
21 358
21 370
21 378
21 381
21 383
21 385
21 394
21 410
21 413
21 423
21 428
21 434
21 443
21 447
21 458
21 500
22 48
22 74
22 94
22 96
22 133
22 184
22 235
22 270
22 307
22 328
22 474
23 25
23 26
23 32
23 35
23 54
23 63
23 65
23 86
23 92
23 109
23 117
23 134
23 149
23 167
23 185
23 187
23 215
23 228
23 233
23 278
23 306
23 388
23 454
23 468
23 472
23 496
24 59
24 72
24 79
24 88
24 97
24 99
24 139
24 146
24 186
24 240
24 265
24 293
24 432
24 433
24 455
24 463
24 489
24 494
24 495
25 27
25 33
25 44
25 49
25 59
25 69
25 94
25 115
25 118
25 119
25 121
25 130
25 147
25 156
25 165
25 204
25 247
25 249
25 298
25 360
26 27
26 37
26 38
26 67
26 153
26 312
27 30
27 45
27 49
27 54
27 58
27 61
27 70
27 80
27 97
27 102
27 168
27 208
27 221
27 230
27 243
27 244
27 248
27 257
27 313
27 346
27 381
28 46
28 54
28 121
28 123
28 164
28 209
28 225
28 245
28 259
28 272
28 307
28 315
28 327
28 334
28 371
28 377
28 423
28 461
28 476
28 477
28 479
28 483
29 33
29 34
29 90
29 138
29 208
29 226
29 312
29 322
29 324
29 338
29 350
29 373
29 398
29 457
30 34
30 37
30 64
30 139
30 145
30 147
30 148
30 163
30 166
30 171
30 172
30 173
30 204
30 210
30 234
30 261
30 275
30 289
30 306
30 319
30 362
30 373
30 398
30 400
30 429
30 476
31 47
31 49
31 240
31 241
31 257
31 300
31 313
31 336
31 356
32 38
32 44
32 111
32 203
32 231
32 247
32 291
32 365
32 381
32 491
33 48
33 60
33 75
33 76
33 100
33 110
33 166
33 189
33 213
33 297
33 371
33 465
33 468
33 482
34 60
34 72
34 93
34 116
34 122
34 157
34 180
34 209
34 219
34 288
34 303
34 387
34 416
35 250
35 260
35 294
35 363
35 490
36 39
36 75
36 99
36 121
36 129
36 152
36 236
36 279
36 367
36 433
37 42
37 46
37 51
37 73
37 123
37 166
37 182
37 216
37 252
37 282
37 283
37 291
37 325
37 326
37 339
37 367
37 397
37 406
37 499
38 43
38 44
38 54
38 66
38 71
38 81
38 83
38 84
38 95
38 103
38 111
38 117
38 136
38 149
38 177
38 178
38 238
38 264
38 291
38 294
38 296
38 305
38 324
38 354
38 444
39 42
39 55
39 97
39 120
39 123
39 127
39 131
39 137
39 142
39 169
39 175
39 320
39 381
39 412
39 421
39 437
39 447
39 471
40 41
40 66
40 179
40 182
40 220
40 226
40 299
40 302
40 342
41 46
41 70
41 111
41 127
41 141
41 203
41 206
41 215
41 218
41 266
41 277
41 287
41 305
41 365
41 367
41 392
41 398
41 417
41 440
41 486
42 57
42 60
42 81
42 103
42 131
42 140
42 194
42 207
42 213
42 259
42 298
42 312
42 318
42 361
42 362
42 379
42 388
43 68
43 74
43 87
43 105
43 118
43 222
43 237
43 281
43 349
43 473
43 480
43 498
44 52
44 83
44 108
44 121
44 142
44 156
44 157
44 266
44 371
44 395
44 403
44 408
44 487
45 78
45 175
45 324
45 325
45 380
45 464
46 58
46 62
46 67
46 77
46 79
46 170
46 265
46 272
46 320
46 350
47 93
47 97
47 133
47 139
47 197
47 301
47 359
47 374
47 383
48 112
48 164
48 187
48 285
48 326
48 367
48 372
48 398
48 449
49 65
49 70
49 99
49 159
49 165
49 168
49 181
49 196
49 202
49 245
49 281
49 293
49 332
49 425
49 462
50 63
50 86
50 114
50 188
50 198
50 218
50 301
50 404
51 55
51 61
51 76
51 90
51 104
51 119
51 155
51 158
51 161
51 178
51 181
51 186
51 253
51 279
51 290
51 322
51 328
51 329
51 337
51 363
51 369
51 391
51 397
51 419
52 56
52 71
52 92
52 198
52 270
52 460
53 67
53 91
53 104
53 194
53 208
53 283
53 343
54 64
54 69
54 83
54 128
54 130
54 180
54 185
54 205
54 206
54 238
54 243
54 258
54 275
54 335
54 384
54 455
54 472
55 74
55 84
55 101
55 107
55 113
55 126
55 146
55 188
55 212
55 282
55 368
55 459
55 474
56 68
56 99
56 188
56 228
56 242
57 60
57 63
57 64
57 87
57 95
57 103
57 126
57 135
57 136
57 152
57 162
57 167
57 189
57 192
57 234
57 296
57 307
57 323
57 328
57 332
57 380
57 386
57 464
57 487
58 63
58 66
58 80
58 112
58 140
58 162
58 177
58 198
58 216
58 224
58 250
58 263
58 265
58 294
58 338
58 405
58 442
58 488
59 74
59 106
59 123
59 128
59 211
59 218
59 298
59 327
59 410
60 67
60 73
60 78
60 91
60 93
60 164
60 196
60 200
60 301
60 366
60 376
61 65
61 93
61 98
61 216
61 245
61 352
61 444
61 468
62 71
62 86
62 88
62 89
62 100
62 102
62 134
62 172
62 195
62 364
62 396
62 460
63 82
63 90
63 179
63 193
63 254
64 85
64 155
64 194
64 225
64 253
64 291
64 314
64 358
64 469
65 87
65 124
65 361
65 385
65 411
65 478
66 80
66 99
66 104
66 127
66 133
66 134
66 150
66 235
66 238
66 259
66 283
66 365
66 481
67 81
67 143
67 167
67 174
67 210
67 213
67 229
67 316
67 338
67 374
67 389
68 82
68 105
68 124
68 168
68 302
68 344
68 349
68 462
68 470
68 502
69 73
69 100
69 127
69 130
69 184
69 203
69 230
69 245
69 276
69 323
69 364
69 377
69 400
69 456
70 71
70 79
70 90
70 92
70 95
70 96
70 101
70 113
70 114
70 120
70 137
70 141
70 152
70 171
70 207
70 217
70 219
70 233
70 264
70 269
70 275
70 286
70 363
70 405
70 421
70 429
70 496
71 76
71 126
71 131
71 135
71 138
71 368
71 453
72 83
72 162
72 199
72 220
72 260
72 287
72 394
72 402
72 482
73 81
73 84
73 89
73 122
73 126
73 168
73 182
73 213
73 220
73 222
73 237
73 246
73 388
73 438
73 502
74 86
74 106
74 116
74 178
74 457
74 501
75 91
75 165
75 184
75 345
76 107
76 206
76 273
76 274
76 326
76 329
77 110
77 134
77 167
78 120
78 135
78 164
78 174
78 191
78 343
78 464
78 485
79 96
79 123
79 163
79 177
79 180
79 187
79 188
79 221
79 294
79 308
79 343
79 421
79 490
80 82
80 84
80 184
80 211
80 241
80 258
80 260
80 316
80 384
80 486
81 231
81 329
81 346
82 98
82 129
82 259
82 441
83 143
83 151
83 310
83 344
83 355
83 378
83 424
83 462
84 101
84 108
84 219
84 252
84 419
84 426
84 485
84 500
85 260
85 376
85 422
85 484
86 153
86 157
86 158
86 254
86 264
86 316
86 406
86 434
87 144
87 162
87 278
87 370
87 464
88 104
89 91
89 102
89 143
89 150
89 151
89 172
89 179
89 268
89 333
90 93
90 105
90 106
90 107
90 108
90 113
90 118
90 215
90 288
90 295
90 304
90 340
90 355
90 475
91 109
91 145
91 186
91 338
91 342
92 112
92 117
92 129
92 136
92 192
92 231
92 253
92 267
92 292
92 382
92 403
92 425
92 467
92 481
92 492
93 125
93 132
93 140
93 169
93 442
93 451
93 497
94 126
94 137
94 143
94 159
94 160
94 228
94 257
94 277
94 288
94 289
94 294
94 296
94 331
94 341
94 350
94 380
94 403
94 449
94 458
94 493
95 163
95 243
95 447
96 109
96 113
96 146
96 154
96 171
96 189
96 206
96 215
96 336
96 357
96 419
96 484
97 154
97 161
97 256
97 313
97 429
97 499
98 104
98 183
98 330
98 344
99 112
99 258
99 447
100 192
100 216
100 458
101 157
101 201
101 220
101 247
101 408
101 500
102 115
102 136
102 153
102 190
102 210
102 225
102 235
102 312
102 325
103 250
103 299
103 330
103 358
103 409
103 448
103 462
104 122
104 142
104 185
104 364
104 399
104 407
104 429
104 439
104 458
104 461
104 478
104 493
105 132
105 181
105 191
105 216
105 308
105 363
105 401
105 479
105 488
106 117
106 122
106 183
106 413
107 196
107 202
107 271
107 309
107 315
107 375
107 400
107 455
107 456
108 393
108 427
108 443
108 479
109 116
110 132
110 212
110 303
110 346
110 354
110 377
110 496
111 150
111 194
111 281
111 393
112 115
112 239
112 267
112 293
112 305
112 327
112 366
112 418
112 445
113 162
113 360
113 391
113 433
113 460
113 473
114 137
114 173
114 233
114 244
114 256
114 278
114 421
114 430
114 497
115 208
115 239
115 368
115 371
116 130
116 151
116 280
116 341
116 403
117 120
117 127
117 144
117 155
117 197
117 201
117 210
117 243
117 342
117 370
117 412
117 415
117 434
117 489
118 186
118 232
118 346
118 402
118 436
118 459
118 483
119 190
119 214
119 318
119 340
119 399
119 451
120 125
120 152
120 154
120 197
120 214
120 283
120 309
121 137
121 147
121 173
122 139
122 144
122 190
122 255
122 320
123 172
123 202
123 232
123 252
123 311
123 332
123 343
123 351
124 145
124 287
124 327
124 335
124 458
125 345
126 129
126 314
126 335
127 128
127 201
127 237
127 455
127 495
128 142
128 165
128 201
128 247
128 324
128 391
128 418
129 175
129 182
129 183
129 187
129 240
129 251
129 254
129 272
129 329
129 334
129 339
129 382
129 448
129 454
129 496
130 170
130 176
130 233
130 255
130 277
130 320
130 442
130 502
131 160
131 306
132 228
133 192
133 206
133 236
133 412
133 427
134 138
134 168
134 169
134 281
134 308
134 395
134 415
134 426
134 442
134 491
136 158
136 173
136 207
136 363
136 467
136 474
137 279
137 357
138 193
138 284
138 311
138 315
138 320
138 332
138 352
138 394
138 397
138 450
139 231
139 300
139 431
139 473
140 169
140 237
140 242
140 384
140 457
141 153
141 322
141 340
141 403
141 449
142 186
142 407
142 453
143 244
144 147
144 151
144 191
144 195
144 211
144 290
144 297
144 303
144 343
144 437
145 318
146 156
146 240
146 251
146 311
146 412
146 425
147 218
147 229
147 236
147 263
147 268
147 351
147 404
148 193
149 161
149 316
150 429
151 234
151 348
152 286
152 453
152 466
153 166
153 185
153 198
153 225
153 241
153 331
153 427
153 475
154 257
154 280
154 360
155 229
155 308
155 389
156 178
156 214
156 239
156 276
156 397
156 418
156 457
156 469
157 242
157 286
157 292
157 385
157 487
158 321
158 362
158 453
158 474
159 193
159 196
159 334
159 359
159 366
159 446
159 482
159 501
160 306
160 321
160 380
161 223
161 296
161 336
161 469
162 181
162 436
162 465
163 317
163 348
163 463
163 472
165 435
166 414
166 445
167 227
167 253
167 303
167 351
167 389
167 405
167 453
168 181
168 256
168 265
168 287
168 309
168 396
168 404
168 415
169 170
169 376
170 176
170 183
170 220
170 276
170 398
171 390
171 431
172 205
172 304
172 355
172 378
172 399
172 411
172 452
173 201
173 255
174 189
174 202
174 232
174 238
175 274
175 303
176 199
176 330
176 346
178 180
178 283
178 308
178 365
178 405
178 471
179 383
179 393
179 428
179 432
179 455
179 463
180 287
180 379
181 347
182 185
182 204
182 223
182 234
182 311
182 394
182 482
183 191
183 199
183 368
184 250
184 252
184 332
184 402
184 408
185 207
185 222
185 256
185 325
185 334
185 369
186 289
186 434
187 437
188 388
188 408
188 492
189 197
189 217
189 274
189 340
189 362
189 406
189 466
190 200
190 227
190 261
190 262
190 300
190 373
190 484
191 197
191 203
191 243
191 249
191 270
191 271
191 311
191 319
191 326
191 333
191 415
191 481
192 196
192 218
192 333
192 359
192 468
193 242
193 274
193 321
193 345
193 446
194 233
195 267
195 350
195 375
195 400
196 228
196 364
196 479
196 498
197 217
197 251
197 262
197 352
197 380
197 390
197 440
198 325
198 383
199 293
199 353
199 424
202 282
202 454
204 330
204 369
204 387
204 392
204 484
204 500
205 285
205 422
206 213
206 441
206 464
207 248
207 251
209 333
209 357
210 239
211 219
211 267
211 278
211 368
212 425
213 221
213 248
213 268
213 420
214 221
214 428
216 288
216 452
217 250
217 337
218 244
218 344
218 423
218 446
219 392
219 430
220 269
220 418
221 239
221 295
221 427
221 478
222 261
222 309
223 302
223 384
223 495
224 280
224 331
224 452
224 478
225 269
226 441
226 493
227 302
227 494
228 261
228 263
228 413
228 498
229 362
229 422
230 286
230 347
230 449
230 477
231 246
231 298
231 321
231 431
231 445
232 407
232 485
234 347
235 254
235 437
235 441
236 273
236 309
236 359
236 416
236 463
237 265
237 413
237 424
237 467
237 483
238 245
238 336
238 341
238 369
238 411
240 260
240 269
240 414
240 439
240 475
242 296
242 306
243 267
243 286
243 425
245 254
245 299
245 402
245 408
245 477
245 494
245 501
246 392
246 433
246 444
246 485
248 272
248 341
248 354
249 252
249 266
249 349
249 417
249 469
250 284
250 292
250 438
250 472
251 350
251 424
251 438
252 271
252 420
253 290
253 310
254 307
255 295
255 465
255 482
256 337
257 310
258 369
258 411
259 353
259 379
261 305
261 335
261 339
261 500
262 335
262 353
262 434
263 317
263 393
265 282
265 430
266 271
266 291
266 417
267 302
267 366
267 378
268 270
268 382
269 376
270 342
271 372
272 394
272 467
273 301
273 356
273 502
274 281
275 355
276 295
276 348
276 390
277 370
278 373
278 448
278 498
278 501
280 396
281 329
282 317
285 366
286 314
287 360
287 436
287 497
288 349
288 390
288 450
289 420
289 440
290 323
291 374
292 297
292 304
292 448
293 351
293 438
293 446
296 310
296 415
296 419
296 501
297 315
298 359
298 469
299 402
299 450
305 389
307 431
310 432
311 334
311 377
311 494
312 344
313 386
313 480
317 451
317 499
318 379
320 323
320 471
325 396
325 492
326 371
326 391
326 456
327 383
328 351
328 370
328 400
328 407
329 461
330 409
331 487
332 348
332 410
332 461
333 342
333 409
334 439
334 488
335 340
337 433
338 498
342 492
343 489
344 418
345 386
350 404
350 440
351 406
352 353
352 473
353 357
355 372
355 374
355 378
356 372
356 385
360 414
362 385
363 432
364 459
366 414
367 407
369 476
370 483
371 390
371 452
373 379
373 391
373 436
373 454
375 490
376 487
378 430
379 416
386 401
387 416
388 502
390 401
390 411
390 486
392 428
393 442
394 401
394 445
395 443
395 461
395 467
397 424
398 457
398 470
398 472
403 438
404 444
406 432
408 479
411 414
411 480
411 493
414 419
414 474
415 423
415 490
419 462
425 440
428 497
431 435
434 470
435 476
436 437
436 475
439 468
439 471
440 495
442 494
444 459
445 484
453 465
454 496
465 492
472 490
473 493
474 488
478 488
493 495
