0 1
0 2
0 3
0 4
0 5
0 6
0 7
0 10
0 12
0 14
0 16
0 21
0 24
0 33
0 34
0 35
0 37
0 39
0 43
0 45
0 46
0 54
0 55
0 56
0 58
0 62
0 64
0 75
0 82
0 84
0 91
0 92
0 93
0 94
0 100
0 102
0 103
0 119
0 124
0 134
0 135
0 136
0 137
0 150
0 159
0 163
0 179
0 182
0 188
0 194
0 198
0 210
0 217
0 219
0 234
0 240
0 244
0 245
0 251
0 252
0 260
0 261
0 263
0 272
0 276
0 277
0 279
0 290
0 311
0 321
0 322
0 332
0 364
0 366
0 376
1 11
1 13
1 14
1 17
1 20
1 21
1 33
1 39
1 42
1 50
1 76
1 85
1 89
1 96
1 98
1 125
1 164
1 177
1 191
1 223
1 298
1 303
1 316
1 329
1 330
1 354
1 374
1 391
2 6
2 7
2 8
2 9
2 10
2 12
2 15
2 17
2 18
2 23
2 24
2 25
2 26
2 28
2 32
2 35
2 37
2 41
2 53
2 59
2 61
2 87
2 99
2 109
2 118
2 119
2 129
2 146
2 162
2 170
2 180
2 182
2 183
2 184
2 193
2 200
2 208
2 211
2 227
2 250
2 262
2 265
2 271
2 280
2 302
2 310
2 326
2 333
2 335
2 336
2 337
2 339
2 378
2 387
2 394
2 398
3 6
3 7
3 8
3 16
3 20
3 27
3 30
3 49
3 56
3 65
3 69
3 101
3 108
3 115
3 134
3 178
3 208
3 232
3 274
4 6
4 18
4 23
4 51
4 103
4 110
4 116
4 130
4 139
4 183
4 190
4 257
4 262
4 267
4 305
4 317
5 6
5 7
5 8
5 9
5 10
5 11
5 19
5 20
5 22
5 24
5 26
5 33
5 37
5 60
5 69
5 73
5 76
5 84
5 92
5 112
5 124
5 126
5 147
5 156
5 217
5 222
5 224
5 243
5 257
5 261
5 262
5 266
5 268
5 304
5 336
5 397
6 7
6 8
6 9
6 11
6 13
6 15
6 17
6 18
6 23
6 24
6 28
6 32
6 43
6 45
6 50
6 52
6 53
6 55
6 61
6 62
6 63
6 73
6 77
6 83
6 86
6 89
6 93
6 96
6 97
6 102
6 106
6 113
6 118
6 128
6 138
6 141
6 143
6 151
6 152
6 154
6 156
6 157
6 158
6 163
6 169
6 170
6 178
6 180
6 185
6 192
6 196
6 205
6 221
6 226
6 264
6 267
6 270
6 271
6 275
6 284
6 286
6 297
6 300
6 301
6 310
6 313
6 356
6 384
6 389
6 390
7 8
7 9
7 12
7 14
7 16
7 17
7 18
7 20
7 22
7 25
7 44
7 67
7 73
7 76
7 77
7 81
7 82
7 87
7 98
7 101
7 104
7 115
7 120
7 128
7 129
7 130
7 142
7 151
7 156
7 170
7 175
7 185
7 192
7 197
7 241
7 248
7 256
7 271
7 286
7 304
7 362
7 373
8 9
8 10
8 11
8 12
8 13
8 14
8 21
8 23
8 27
8 28
8 29
8 31
8 38
8 40
8 45
8 46
8 47
8 48
8 54
8 56
8 58
8 64
8 70
8 98
8 101
8 117
8 120
8 130
8 138
8 160
8 166
8 203
8 205
8 230
8 231
8 236
8 244
8 269
8 272
8 292
8 340
8 352
8 368
8 371
9 10
9 11
9 12
9 13
9 15
9 19
9 20
9 21
9 23
9 29
9 32
9 38
9 40
9 43
9 44
9 45
9 48
9 52
9 57
9 63
9 65
9 75
9 90
9 94
9 97
9 99
9 106
9 123
9 127
9 129
9 135
9 136
9 137
9 142
9 148
9 152
9 159
9 160
9 170
9 174
9 181
9 184
9 198
9 200
9 201
9 209
9 214
9 215
9 218
9 226
9 243
9 257
9 280
9 295
9 313
9 327
9 330
9 334
9 339
9 352
9 353
9 364
9 368
9 370
9 374
9 381
9 390
9 393
10 13
10 26
10 27
10 30
10 39
10 59
10 74
10 82
10 85
10 101
10 108
10 111
10 114
10 204
10 283
10 288
10 357
10 390
11 14
11 15
11 16
11 19
11 22
11 25
11 26
11 28
11 29
11 30
11 31
11 41
11 46
11 50
11 51
11 52
11 59
11 63
11 67
11 132
11 133
11 152
11 158
11 184
11 199
11 202
11 225
11 238
11 269
11 270
11 294
11 327
11 338
11 345
11 389
11 395
11 399
12 16
12 99
12 102
12 114
12 123
12 159
12 259
12 301
13 22
13 32
13 39
13 40
13 44
13 49
13 72
13 88
13 91
13 92
13 114
13 116
13 137
13 143
13 149
13 153
13 161
13 169
13 175
13 191
13 199
13 209
13 210
13 213
13 240
13 246
13 275
13 278
13 307
13 337
13 344
13 354
13 378
13 384
14 15
14 17
14 18
14 19
14 22
14 25
14 41
14 46
14 62
14 65
14 76
14 90
14 91
14 96
14 109
14 129
14 132
14 136
14 140
14 145
14 153
14 166
14 173
14 194
14 212
14 219
14 226
14 232
14 241
14 242
14 243
14 244
14 246
14 273
14 288
14 299
14 335
14 336
14 367
14 392
15 19
15 31
15 36
15 44
15 72
15 75
15 84
15 95
15 102
15 148
15 174
15 196
15 207
15 218
15 234
15 238
15 245
15 278
15 285
15 331
15 368
15 371
15 393
16 34
16 66
16 90
16 129
16 229
16 263
16 304
16 317
16 325
16 361
16 381
17 21
17 27
17 34
17 35
17 49
17 51
17 61
17 67
17 92
17 95
17 134
17 136
17 144
17 171
17 174
17 186
17 202
17 231
17 233
17 240
17 276
17 281
17 282
17 302
17 350
18 24
18 29
18 34
18 42
18 68
18 70
18 74
18 97
18 101
18 104
18 106
18 109
18 119
18 151
18 152
18 199
18 213
18 224
18 233
18 251
18 285
18 290
18 319
18 352
18 363
18 364
19 42
19 60
19 61
19 67
19 70
19 78
19 83
19 85
19 91
19 106
19 111
19 125
19 132
19 142
19 154
19 162
19 172
19 173
19 237
19 246
19 291
19 323
19 348
20 35
20 39
20 48
20 56
20 70
20 72
20 109
20 138
20 144
20 214
20 343
20 358
21 25
21 27
21 28
21 38
21 41
21 47
21 56
21 59
21 73
21 87
21 89
21 107
21 121
21 134
21 182
21 183
21 216
21 257
21 267
21 284
21 289
21 328
22 26
22 30
22 31
22 34
22 35
22 36
22 71
22 81
22 93
22 100
22 161
22 168
22 193
22 215
22 267
22 271
22 278
22 282
22 343
22 351
22 391
23 30
23 36
23 37
23 49
23 57
23 60
23 69
23 132
23 147
23 157
23 176
23 184
23 186
23 191
23 228
23 265
23 281
23 291
23 311
23 334
23 376
24 37
24 41
24 45
24 48
24 63
24 66
24 71
24 79
24 88
24 95
24 152
24 161
24 222
24 225
24 266
24 307
24 320
24 348
24 377
24 388
24 393
24 396
25 29
25 32
25 42
25 44
25 49
25 50
25 58
25 61
25 68
25 75
25 78
25 102
25 108
25 139
25 201
25 235
25 294
25 307
25 329
25 344
25 370
26 33
26 36
26 53
26 114
26 155
26 162
26 187
26 270
26 281
26 285
26 323
26 324
26 345
26 358
26 373
26 374
26 385
27 33
27 68
27 87
27 104
27 144
27 153
27 199
27 244
27 270
27 280
27 282
27 283
27 372
28 40
28 113
28 189
28 278
28 300
28 311
28 312
28 325
28 343
28 357
28 379
29 31
29 36
29 38
29 46
29 47
29 51
29 55
29 66
29 69
29 77
29 85
29 97
29 120
29 141
29 158
29 168
29 213
29 227
29 240
29 255
29 256
29 316
29 319
29 398
30 168
30 197
31 48
31 50
31 72
31 187
31 220
31 318
31 385
32 43
32 47
32 64
32 81
32 86
32 95
32 111
32 113
32 123
32 138
32 221
32 226
32 240
32 287
32 320
32 325
32 347
32 391
33 38
33 58
33 65
33 88
33 95
33 111
33 204
33 206
33 218
33 250
33 253
33 275
33 316
33 382
33 390
34 40
34 57
34 178
34 189
34 210
34 222
34 235
34 292
34 321
34 356
34 384
34 398
35 52
35 63
35 72
35 74
35 250
35 312
35 362
36 65
36 111
36 143
36 162
36 163
36 195
36 328
36 336
36 352
36 369
36 381
37 43
37 54
37 59
37 122
37 133
37 138
37 157
37 159
37 166
37 172
37 191
37 195
37 238
38 42
38 53
38 62
38 64
38 71
38 79
38 91
38 100
38 122
38 173
38 187
38 193
38 205
38 237
38 245
38 249
38 261
38 350
38 379
38 384
39 54
39 75
39 77
39 114
39 178
39 217
39 252
39 262
39 338
40 54
40 73
40 81
40 83
40 143
40 181
40 183
40 223
40 239
40 258
40 272
40 282
40 303
40 315
40 365
40 381
41 53
41 60
41 67
41 96
41 104
41 108
41 125
41 161
41 195
41 220
41 230
41 312
41 340
42 103
42 147
42 176
42 222
42 389
43 57
43 69
43 74
43 187
43 236
44 47
44 51
44 66
44 126
44 158
44 206
44 212
44 229
44 346
44 360
44 371
44 386
45 196
45 225
45 245
45 294
46 76
46 96
46 131
46 165
46 232
46 274
47 60
47 71
47 78
47 80
47 81
47 156
47 186
47 276
47 398
48 55
48 103
48 121
48 132
48 165
48 173
48 243
49 58
49 64
49 112
49 117
49 122
49 149
49 162
49 177
49 196
49 198
49 355
49 394
50 55
50 71
50 82
50 171
50 198
51 52
51 82
51 121
51 124
51 146
51 153
51 155
51 177
51 194
51 218
51 253
51 258
51 353
51 366
52 68
52 79
52 86
52 90
52 146
52 209
52 220
52 371
53 246
53 249
53 286
53 287
53 295
53 324
53 359
53 386
53 399
54 90
54 150
54 317
55 57
55 62
55 113
55 175
55 379
56 80
56 123
56 237
57 97
57 100
57 117
57 242
57 245
57 266
57 289
58 83
58 93
58 98
58 99
58 160
58 225
58 375
58 383
59 68
59 83
59 89
59 92
59 154
59 203
59 256
60 66
60 86
60 109
60 120
60 126
60 146
60 154
60 212
60 231
60 232
60 272
60 296
60 309
60 324
60 333
60 353
60 357
60 380
60 387
61 128
61 213
61 276
62 107
62 254
62 293
62 299
62 303
62 372
63 80
63 112
63 135
63 144
63 165
63 176
63 185
63 192
63 221
63 230
63 289
63 308
63 340
63 376
64 77
64 84
64 113
64 119
64 155
64 169
64 200
64 227
64 277
64 295
64 346
64 354
65 70
65 151
65 271
65 277
65 328
65 397
66 87
66 88
66 93
66 99
66 128
66 135
66 154
66 165
66 185
66 186
66 199
66 203
66 214
66 224
66 234
66 239
66 283
66 284
66 309
66 330
66 368
67 80
67 107
67 133
67 173
67 197
67 207
67 237
67 252
67 284
67 332
67 382
67 397
68 85
68 121
68 241
68 398
69 74
69 80
69 94
69 118
69 119
69 135
69 167
69 181
69 184
69 208
69 331
69 333
69 342
69 347
70 248
70 345
71 84
71 94
71 190
71 263
71 276
71 374
71 383
72 79
72 94
72 100
72 176
72 221
72 296
73 78
73 79
73 104
73 116
73 155
73 190
73 221
73 246
73 272
73 365
74 110
74 117
74 141
74 144
74 150
74 250
74 359
74 369
75 98
75 209
75 273
76 78
76 86
76 88
76 117
76 139
76 179
76 209
76 234
76 254
76 364
77 89
77 134
78 125
78 160
78 228
78 296
78 375
79 107
79 130
79 242
79 247
79 249
79 287
79 343
79 392
80 116
80 148
80 204
80 207
81 105
81 115
81 227
81 274
81 341
82 110
82 226
82 319
82 360
82 370
83 110
83 174
83 211
83 241
83 275
83 347
84 105
84 124
84 149
84 150
84 164
84 167
84 190
84 229
84 251
85 125
85 180
85 363
86 105
86 112
86 157
86 190
86 236
86 269
86 315
86 316
86 352
86 378
87 127
87 133
87 137
87 149
87 213
87 219
87 281
87 302
87 351
87 389
88 131
88 137
88 140
88 161
88 212
88 247
88 288
88 319
88 329
88 342
88 371
89 118
89 142
89 196
89 340
89 360
89 370
90 188
90 279
90 290
91 224
91 313
92 166
92 175
92 189
92 193
92 229
92 239
92 259
92 331
93 107
93 116
93 233
93 252
94 103
95 118
95 140
95 145
95 153
95 165
95 298
95 310
95 355
96 302
96 320
97 122
97 127
97 140
97 207
97 215
97 219
97 233
97 282
97 293
97 305
97 328
97 338
97 397
98 124
98 140
98 174
99 115
99 145
99 392
100 108
100 127
100 238
101 105
101 106
101 188
101 207
101 216
101 274
101 309
101 324
101 392
102 180
103 105
103 206
103 339
103 357
104 126
104 211
104 264
104 280
104 377
105 123
105 200
106 197
106 301
106 315
106 326
106 327
106 353
107 110
107 112
107 194
108 121
108 228
108 307
109 182
109 248
109 326
110 115
110 131
110 136
110 147
110 211
110 292
110 293
111 128
111 251
111 257
111 296
112 212
112 233
112 247
112 297
112 308
112 327
112 377
113 131
113 141
113 147
113 149
113 177
113 192
113 215
113 244
113 311
113 344
114 171
114 262
114 375
114 388
115 120
115 122
115 172
115 175
115 202
115 203
115 210
115 252
115 253
115 287
115 346
115 348
115 361
116 142
116 180
116 216
116 326
117 169
117 314
118 126
118 141
119 206
119 265
119 323
119 390
119 395
120 168
120 202
120 302
120 345
120 350
120 377
120 378
120 396
121 130
121 139
121 214
121 242
121 284
123 229
123 295
123 375
123 387
124 231
124 248
124 255
124 260
124 279
124 342
125 127
125 148
125 163
125 236
125 300
126 178
126 187
126 215
126 290
127 133
127 156
128 170
128 183
128 230
128 260
128 265
128 322
128 382
129 131
129 155
130 185
130 203
130 386
131 145
131 216
132 146
132 197
132 283
132 285
132 303
132 306
132 329
132 344
132 367
133 235
133 243
134 198
134 225
134 256
134 259
134 361
135 139
135 143
135 179
135 217
135 234
136 157
136 167
136 227
136 309
136 394
137 163
137 249
137 369
138 251
138 268
138 292
138 296
138 312
138 362
138 386
139 219
139 314
139 349
139 379
140 355
140 388
141 148
141 169
141 293
141 300
141 332
141 336
141 378
142 177
142 236
142 247
142 306
142 326
143 145
143 167
143 188
143 189
143 242
143 260
143 349
143 394
144 151
144 158
144 216
144 217
144 224
144 317
144 318
144 370
145 150
146 181
146 268
146 289
146 351
146 395
148 159
148 160
148 176
148 334
148 362
151 179
151 230
151 256
151 360
152 172
153 164
153 171
153 172
153 181
153 195
153 210
153 211
153 304
153 337
153 358
153 380
155 168
155 171
155 182
155 223
155 288
155 332
155 386
156 166
156 260
157 164
157 186
157 323
158 329
160 205
160 239
160 285
160 301
160 313
160 321
160 395
161 280
161 315
161 327
162 167
162 189
162 206
162 235
162 339
162 396
163 164
163 323
164 193
164 214
164 263
164 273
164 283
164 313
164 349
164 356
165 247
165 356
167 279
168 200
169 317
169 339
169 351
170 188
170 338
171 179
172 201
172 205
172 237
172 259
172 270
173 254
173 365
174 248
174 298
174 361
175 241
175 369
176 239
176 261
177 223
177 255
177 268
177 341
177 357
177 392
178 222
178 315
178 335
178 347
179 204
179 330
179 332
180 218
180 297
181 192
182 191
182 201
182 265
182 295
183 275
183 385
184 228
184 238
184 299
185 268
185 345
185 379
186 258
186 334
187 263
187 305
188 337
189 194
189 208
190 195
190 266
190 314
191 231
191 384
192 204
193 201
193 202
193 264
193 322
194 228
194 259
194 338
194 354
194 387
195 232
195 341
196 261
196 290
197 208
198 220
198 387
200 344
203 363
204 286
204 299
204 347
204 355
204 365
205 253
205 309
205 331
206 289
206 308
208 321
209 264
209 318
210 220
211 269
211 380
214 291
214 331
215 298
217 353
218 388
219 223
219 308
219 369
219 383
219 399
220 255
220 269
220 273
220 308
220 341
221 254
222 250
222 311
222 328
223 273
223 364
224 298
225 235
225 348
226 306
226 393
228 264
228 373
229 358
230 249
230 318
230 394
232 254
232 274
233 304
233 334
233 393
234 305
235 321
235 367
237 306
237 342
238 255
238 303
238 305
238 376
240 301
240 372
243 292
243 350
243 372
244 281
244 333
244 355
244 388
244 391
245 374
246 368
246 396
247 258
250 279
250 335
251 253
251 288
251 299
252 294
252 350
253 258
253 318
254 359
255 297
256 312
256 383
257 266
257 294
260 286
261 396
262 293
262 314
262 358
262 373
262 377
263 277
263 278
263 324
263 376
263 380
265 325
265 375
266 267
266 372
266 397
267 277
267 287
268 366
273 340
273 381
274 291
274 380
275 349
276 310
277 300
278 297
280 346
280 382
281 306
281 385
282 389
283 291
285 359
286 316
287 314
288 325
288 399
289 395
293 307
295 310
295 330
297 363
298 322
299 337
304 341
304 351
306 343
306 356
310 320
311 359
312 320
314 319
315 335
315 366
317 348
318 322
319 361
319 383
321 342
325 365
329 333
329 349
331 373
331 385
332 367
337 354
341 346
342 382
343 363
346 366
347 367
351 362
356 360
375 391
381 399
