0 1
0 2
0 3
0 4
0 5
0 6
0 7
0 8
0 9
0 10
0 11
0 12
0 13
0 14
0 15
0 17
0 21
0 22
0 23
0 26
0 29
0 37
0 39
0 40
0 42
0 46
0 47
0 48
0 50
0 51
0 53
0 56
0 59
0 62
0 63
0 68
0 69
0 83
0 85
0 89
0 91
0 92
0 95
0 97
0 98
0 108
0 117
0 125
0 129
0 133
0 135
0 140
0 143
0 162
0 164
0 169
0 170
0 172
0 174
0 178
0 179
0 194
0 195
0 202
0 208
0 212
0 242
0 258
0 270
0 273
0 287
0 291
0 323
0 329
0 338
0 339
0 342
0 350
0 352
0 355
0 365
0 366
0 397
0 403
0 417
0 418
0 424
0 441
0 451
0 459
0 463
0 468
0 478
0 482
0 486
0 490
0 494
0 501
0 527
0 530
0 547
0 549
0 555
0 557
0 565
1 8
1 11
1 13
1 14
1 16
1 17
1 21
1 24
1 27
1 28
1 29
1 30
1 35
1 41
1 49
1 60
1 65
1 75
1 76
1 94
1 114
1 128
1 159
1 168
1 176
1 198
1 200
1 202
1 207
1 231
1 241
1 248
1 273
1 285
1 308
1 329
1 342
1 343
1 372
1 386
1 388
1 389
1 399
1 413
1 443
1 500
1 508
1 549
2 6
2 7
2 8
2 9
2 10
2 11
2 16
2 22
2 24
2 43
2 45
2 51
2 62
2 68
2 81
2 93
2 98
2 99
2 136
2 137
2 183
2 186
2 206
2 219
2 220
2 223
2 270
2 284
2 305
2 341
2 429
2 458
2 475
2 506
2 537
2 557
3 6
3 7
3 8
3 11
3 15
3 20
3 50
3 82
3 109
3 181
3 230
3 258
3 260
3 269
3 292
3 333
3 478
3 481
3 528
3 542
3 561
4 6
4 9
4 13
4 18
4 21
4 28
4 42
4 50
4 56
4 73
4 77
4 80
4 82
4 94
4 107
4 127
4 130
4 131
4 153
4 200
4 228
4 242
4 250
4 257
4 261
4 289
4 331
4 343
4 345
4 375
4 382
4 394
4 434
4 440
4 443
4 448
4 474
4 485
4 543
5 6
5 7
5 8
5 9
5 11
5 12
5 14
5 19
5 31
5 32
5 34
5 36
5 41
5 43
5 44
5 46
5 49
5 52
5 70
5 71
5 77
5 88
5 99
5 101
5 102
5 111
5 116
5 124
5 128
5 141
5 150
5 161
5 162
5 214
5 232
5 236
5 245
5 248
5 276
5 319
5 325
5 327
5 337
5 346
5 357
5 383
5 390
5 437
5 441
5 447
5 456
5 464
5 491
5 496
5 546
5 548
5 549
5 552
6 7
6 9
6 10
6 15
6 16
6 17
6 19
6 20
6 21
6 23
6 26
6 29
6 30
6 31
6 32
6 35
6 36
6 38
6 41
6 43
6 44
6 45
6 47
6 48
6 51
6 55
6 57
6 69
6 78
6 85
6 89
6 93
6 94
6 106
6 107
6 110
6 113
6 116
6 119
6 120
6 122
6 136
6 137
6 144
6 149
6 156
6 158
6 169
6 174
6 178
6 189
6 209
6 223
6 227
6 232
6 244
6 245
6 246
6 247
6 256
6 259
6 268
6 278
6 280
6 292
6 299
6 307
6 314
6 331
6 346
6 351
6 369
6 376
6 377
6 380
6 402
6 403
6 411
6 414
6 444
6 449
6 455
6 463
6 471
6 478
6 481
6 505
6 524
6 544
6 551
6 560
7 14
7 15
7 23
7 26
7 27
7 29
7 33
7 35
7 44
7 54
7 60
7 61
7 73
7 78
7 86
7 87
7 96
7 105
7 106
7 115
7 125
7 126
7 139
7 152
7 155
7 160
7 183
7 185
7 192
7 197
7 232
7 247
7 250
7 260
7 264
7 303
7 309
7 329
7 361
7 414
7 429
7 433
7 443
7 451
7 494
7 513
7 547
8 10
8 12
8 14
8 15
8 18
8 19
8 20
8 44
8 48
8 68
8 82
8 88
8 102
8 109
8 111
8 120
8 125
8 141
8 142
8 145
8 157
8 172
8 182
8 183
8 195
8 198
8 208
8 211
8 218
8 226
8 231
8 247
8 251
8 254
8 285
8 297
8 344
8 370
8 387
8 406
8 408
8 409
8 415
8 419
8 425
8 428
8 430
8 510
8 513
8 534
8 552
9 10
9 13
9 17
9 19
9 24
9 25
9 26
9 28
9 39
9 41
9 56
9 70
9 92
9 98
9 103
9 142
9 147
9 175
9 180
9 219
9 268
9 294
9 299
9 303
9 334
9 341
9 348
9 492
9 543
10 12
10 13
10 21
10 22
10 23
10 31
10 36
10 38
10 39
10 43
10 54
10 61
10 79
10 88
10 91
10 94
10 95
10 101
10 111
10 119
10 131
10 139
10 144
10 175
10 257
10 290
10 291
10 396
10 406
10 429
10 448
10 453
10 468
10 498
10 518
10 523
10 555
10 559
11 12
11 18
11 22
11 23
11 30
11 33
11 39
11 40
11 53
11 71
11 74
11 111
11 123
11 128
11 129
11 133
11 154
11 157
11 165
11 167
11 203
11 235
11 285
11 339
11 340
11 345
11 431
11 433
11 456
11 471
11 476
11 481
11 503
11 558
12 29
12 33
12 52
12 55
12 72
12 75
12 85
12 89
12 90
12 97
12 126
12 141
12 171
12 182
12 194
12 196
12 197
12 208
12 224
12 243
12 253
12 258
12 271
12 282
12 292
12 296
12 298
12 307
12 310
12 319
12 332
12 337
12 357
12 362
12 368
12 395
12 507
12 519
12 536
13 16
13 33
13 63
13 66
13 67
13 80
13 107
13 110
13 115
13 188
13 192
13 206
13 232
13 254
13 275
13 298
13 327
13 356
13 357
13 389
13 437
13 447
13 489
13 528
13 553
13 560
14 18
14 25
14 38
14 41
14 55
14 67
14 75
14 84
14 98
14 122
14 137
14 140
14 146
14 161
14 164
14 165
14 171
14 189
14 230
14 269
14 286
14 335
14 338
14 377
14 378
14 436
14 463
14 501
14 510
15 16
15 40
15 42
15 73
15 85
15 106
15 187
15 251
15 258
15 283
15 308
15 341
15 344
15 453
15 488
15 515
15 545
16 17
16 18
16 19
16 24
16 25
16 32
16 49
16 52
16 57
16 59
16 66
16 68
16 75
16 79
16 80
16 81
16 84
16 85
16 86
16 94
16 99
16 101
16 106
16 118
16 172
16 201
16 215
16 236
16 244
16 269
16 295
16 304
16 305
16 328
16 379
16 381
16 382
16 402
16 410
16 421
16 434
16 441
16 457
16 458
16 459
16 465
16 515
16 529
17 20
17 34
17 37
17 52
17 57
17 69
17 93
17 95
17 117
17 180
17 182
17 191
17 198
17 224
17 225
17 253
17 370
17 395
17 405
17 500
18 20
18 22
18 24
18 25
18 26
18 30
18 34
18 39
18 42
18 45
18 46
18 54
18 63
18 65
18 67
18 101
18 114
18 116
18 132
18 177
18 190
18 207
18 214
18 218
18 234
18 247
18 309
18 314
18 318
18 320
18 324
18 328
18 330
18 345
18 346
18 381
18 384
18 405
18 431
18 444
18 483
18 524
19 25
19 27
19 28
19 31
19 40
19 43
19 46
19 51
19 52
19 70
19 71
19 74
19 81
19 92
19 95
19 96
19 108
19 131
19 138
19 158
19 176
19 202
19 205
19 217
19 245
19 246
19 255
19 274
19 284
19 312
19 317
19 385
19 398
19 407
19 435
19 436
19 465
19 540
19 543
19 561
20 35
20 59
20 61
20 83
20 91
20 93
20 109
20 118
20 128
20 141
20 147
20 247
20 255
20 274
20 324
20 409
20 480
20 514
20 555
21 27
21 32
21 34
21 55
21 64
21 115
21 154
21 179
21 218
21 227
21 295
21 343
21 391
21 401
21 405
21 461
21 485
22 36
22 63
22 72
22 133
22 172
22 212
22 250
22 318
22 322
22 364
22 426
23 31
23 33
23 37
23 68
23 74
23 86
23 117
23 191
23 212
23 214
23 221
23 286
23 287
23 312
23 325
23 339
23 362
23 367
23 414
23 466
23 484
23 508
23 511
23 542
23 548
24 42
24 66
24 70
24 71
24 72
24 148
24 306
24 310
24 353
24 520
25 27
25 28
25 40
25 67
25 76
25 79
25 84
25 181
25 189
25 191
25 262
25 323
25 528
25 534
26 44
26 50
26 117
26 130
26 230
26 278
26 300
26 363
26 412
26 422
26 434
26 532
26 558
27 34
27 60
27 64
27 167
27 248
27 273
27 289
27 298
27 368
27 381
27 388
27 408
27 449
27 460
27 512
27 525
27 551
27 562
28 30
28 38
28 121
28 237
28 263
28 306
28 348
28 360
28 427
28 486
28 499
29 32
29 35
29 36
29 37
29 45
29 55
29 59
29 69
29 112
29 116
29 124
29 134
29 182
29 186
29 347
29 354
29 470
29 516
29 518
29 531
29 564
30 38
30 48
30 49
30 66
30 87
30 120
30 133
30 152
30 171
30 173
30 174
30 237
30 242
30 284
30 296
30 317
30 334
30 416
30 433
30 454
30 519
31 45
31 53
31 95
31 138
31 151
31 152
31 294
31 304
31 336
31 350
31 457
32 49
32 54
32 90
32 165
32 184
32 187
32 217
32 238
32 256
32 419
32 447
32 460
33 47
33 54
33 112
33 137
33 143
33 157
33 159
33 187
33 193
33 240
33 418
34 48
34 127
34 181
34 211
34 263
34 537
35 37
35 58
35 60
35 65
35 80
35 104
35 123
35 135
35 139
35 143
35 235
35 261
35 313
35 331
35 350
35 386
35 400
35 554
36 50
36 89
36 100
36 102
36 160
36 163
36 178
36 281
36 288
36 301
36 370
36 438
36 470
37 47
37 62
37 107
37 134
37 146
37 148
37 178
37 190
37 201
37 214
37 220
37 239
37 274
37 281
37 320
37 451
37 460
37 484
37 509
37 538
38 88
38 100
38 114
38 116
38 119
38 132
38 169
38 171
38 175
38 208
38 222
38 233
38 254
38 259
38 263
38 267
38 274
38 283
38 341
38 360
38 471
38 478
38 493
38 534
38 536
39 64
39 77
39 110
39 125
39 132
39 252
39 328
39 359
39 388
39 418
39 483
39 525
40 79
40 104
40 105
40 139
40 176
40 202
40 223
40 265
40 279
40 293
40 381
40 413
41 56
41 80
41 86
41 133
41 148
41 168
41 185
41 266
41 363
41 387
41 477
41 563
42 76
42 89
42 161
42 164
42 168
42 199
42 302
42 314
42 436
42 453
43 134
43 155
43 161
43 202
43 268
43 278
43 368
43 377
43 378
43 384
43 398
43 482
43 508
44 46
44 47
44 51
44 78
44 87
44 191
44 221
44 226
44 243
44 261
44 363
44 392
44 450
44 467
44 483
45 58
45 72
45 82
45 91
45 112
45 113
45 118
45 120
45 127
45 130
45 173
45 188
45 203
45 209
45 221
45 228
45 233
45 236
45 265
45 275
45 282
45 294
45 308
45 309
45 342
45 387
45 444
45 497
45 520
45 540
46 71
46 136
46 147
46 162
46 192
46 276
46 386
46 409
46 430
46 439
46 522
47 53
47 57
47 58
47 66
47 120
47 136
47 163
47 201
47 203
47 346
47 379
47 450
47 457
47 523
47 548
48 56
48 59
48 64
48 65
48 72
48 83
48 88
48 121
48 127
48 149
48 155
48 163
48 165
48 222
48 226
48 301
48 310
48 347
48 363
48 452
48 537
49 57
49 220
49 275
49 316
49 355
49 379
50 53
50 62
50 70
50 97
50 109
50 114
50 151
50 190
50 194
50 196
50 206
50 321
50 325
50 403
50 442
50 474
50 489
51 58
51 62
51 76
51 97
51 99
51 103
51 188
51 212
51 217
51 222
51 228
51 272
51 289
51 390
51 391
51 426
51 428
51 460
51 471
51 489
52 64
52 84
52 115
52 129
52 153
52 173
52 280
52 356
52 364
52 468
53 61
53 81
53 93
53 103
53 110
53 121
53 180
53 184
53 226
53 243
53 265
53 440
53 479
53 488
54 63
54 164
54 189
54 251
54 263
54 306
54 375
54 413
54 430
54 546
54 559
55 77
55 143
55 150
55 178
55 197
55 204
55 224
55 257
55 356
55 359
55 449
55 464
56 58
56 67
56 78
56 110
56 131
56 161
56 218
56 236
56 264
56 267
56 370
56 373
56 421
56 470
56 499
56 518
57 60
57 61
57 65
57 113
57 151
57 240
57 311
57 562
58 105
58 148
58 225
58 229
58 252
58 265
58 272
58 284
58 300
58 301
58 380
58 418
58 507
58 529
58 535
58 553
59 84
59 123
59 167
59 197
59 209
59 227
59 246
59 350
59 490
59 546
60 118
60 134
60 147
60 223
60 261
60 271
60 289
60 473
60 490
61 90
61 104
61 108
61 154
61 159
61 212
61 223
61 249
61 344
61 365
61 384
61 407
61 455
61 485
61 501
62 87
62 106
62 142
62 144
62 182
62 191
62 195
62 207
62 282
62 371
62 440
63 121
63 142
63 301
63 407
63 526
64 73
64 75
64 205
64 264
64 428
64 436
64 456
64 506
65 74
65 86
65 172
65 186
65 265
65 271
65 316
65 375
65 386
65 392
65 442
65 457
65 464
65 526
65 564
66 74
66 83
66 102
66 126
66 136
66 140
66 152
66 155
66 162
66 184
66 215
66 226
66 251
66 266
66 267
66 289
66 349
66 411
66 432
66 433
66 484
66 514
66 538
67 69
67 73
67 77
67 125
67 128
67 145
67 147
67 156
67 159
67 190
67 234
67 248
67 288
67 314
67 325
67 335
67 366
67 425
67 477
67 547
67 550
68 82
68 163
68 273
68 279
68 288
68 321
68 417
68 433
68 437
68 458
68 509
68 517
68 534
68 553
69 117
69 196
69 462
70 97
70 99
70 112
70 183
70 193
70 316
70 355
71 76
71 78
71 96
71 114
71 149
71 171
71 173
71 231
71 243
71 276
71 315
71 358
71 504
72 104
72 119
72 144
72 168
72 238
72 254
72 290
72 305
72 408
72 410
72 413
72 486
73 83
73 87
73 104
73 105
73 107
73 130
73 150
73 170
73 218
73 429
73 438
73 530
73 564
74 115
74 142
74 146
74 275
74 297
74 329
74 339
74 399
74 473
74 485
74 522
74 531
75 79
75 122
75 130
75 155
75 156
75 177
75 190
75 200
75 235
75 239
75 240
75 241
75 257
75 266
75 272
75 290
75 291
75 352
75 364
75 390
75 392
75 442
75 445
76 249
77 219
77 302
77 343
78 135
78 213
78 221
78 229
78 232
78 261
78 304
78 347
78 489
79 81
79 90
79 113
79 132
79 145
79 169
79 255
79 303
79 307
79 340
79 464
79 467
79 469
79 538
79 540
80 96
80 166
80 167
80 264
80 280
81 90
81 100
81 105
81 124
81 131
81 189
81 227
81 249
81 291
81 304
81 311
81 318
81 358
81 398
81 438
81 479
82 92
82 98
82 100
82 103
82 119
82 139
82 141
82 173
82 185
82 199
82 228
82 249
82 253
82 292
82 295
82 300
82 367
82 387
82 400
82 402
82 537
82 561
83 91
83 102
83 113
83 165
83 199
83 205
83 365
84 368
84 536
85 319
85 397
86 109
86 153
86 154
86 158
86 179
86 230
86 310
86 421
86 425
86 476
86 497
86 519
87 160
87 215
87 266
87 288
87 300
87 319
87 359
87 362
87 388
88 92
88 112
88 175
88 176
88 204
88 294
88 336
88 345
88 367
88 380
88 412
88 424
88 480
89 108
89 153
89 311
89 361
89 459
89 483
89 515
90 96
90 108
90 127
90 138
90 146
90 233
90 239
90 240
90 269
90 324
90 332
90 367
90 438
90 517
90 530
90 540
91 150
91 166
91 309
91 322
92 129
92 135
92 166
92 179
92 216
92 235
92 239
92 262
92 283
92 285
92 316
92 387
92 396
92 401
93 215
93 252
93 321
93 368
94 157
94 213
94 238
94 275
94 333
94 409
95 156
95 204
95 206
95 307
95 313
95 463
95 507
96 101
96 208
96 219
96 322
96 324
96 334
96 483
96 529
96 545
97 100
97 103
97 170
97 186
97 225
97 271
97 282
97 411
97 532
97 562
98 122
98 137
98 143
98 200
98 270
98 412
98 417
98 422
98 494
99 145
99 217
99 424
100 213
100 514
101 121
101 188
101 217
101 258
101 260
101 317
101 410
102 180
102 296
102 342
102 507
103 111
103 126
103 144
104 174
104 241
104 277
104 441
104 523
105 118
105 169
105 207
105 273
105 287
105 376
105 502
106 331
106 462
107 180
107 193
107 209
107 237
107 238
107 334
107 336
107 366
108 124
108 163
108 179
108 192
108 210
108 371
109 124
109 138
109 306
110 395
111 145
111 198
111 211
111 237
111 271
111 274
111 297
111 353
111 406
111 469
111 502
111 546
112 123
112 126
112 135
112 166
112 239
112 311
112 349
112 395
112 416
112 452
112 487
113 167
113 259
114 122
114 475
115 151
115 197
115 213
115 224
115 228
115 241
115 279
115 304
115 320
115 369
115 404
116 134
116 148
116 181
116 194
116 204
116 252
116 255
116 256
116 278
116 329
116 353
116 367
116 402
116 423
116 424
116 447
116 458
116 517
117 350
117 563
118 140
118 150
118 162
118 170
118 199
118 270
118 287
118 315
118 402
118 439
118 499
119 123
119 153
119 260
119 330
119 359
119 374
119 430
119 454
120 183
120 210
120 233
120 339
120 343
120 410
120 539
121 149
121 152
121 234
121 243
121 290
121 302
121 348
121 361
121 393
121 487
121 552
121 556
122 195
122 219
122 231
122 536
123 187
123 303
124 132
124 140
124 210
124 242
124 254
124 484
124 496
124 511
124 516
124 539
125 129
125 358
125 504
126 160
126 306
126 377
126 432
126 456
126 463
126 509
127 138
127 151
127 158
127 216
127 272
127 295
127 326
127 337
127 403
127 451
127 488
127 506
127 519
128 146
128 177
128 383
128 394
129 196
130 487
130 547
130 561
131 525
132 184
132 206
132 240
132 278
133 459
133 477
133 484
133 527
134 156
134 185
134 251
134 284
134 314
134 315
134 400
134 420
134 497
134 563
135 195
135 215
135 276
135 330
135 355
135 423
135 444
135 469
136 299
136 349
136 427
136 541
137 301
137 553
138 280
138 326
138 382
138 462
139 154
139 288
139 420
140 177
140 192
140 257
140 324
140 327
140 328
140 373
140 470
140 491
140 511
141 157
141 426
141 431
142 419
142 474
143 194
143 450
143 493
143 541
144 203
144 204
144 351
144 391
144 469
145 166
145 168
145 224
145 235
145 423
145 435
146 268
146 356
146 502
146 517
147 176
147 244
147 298
147 299
147 393
147 446
147 450
147 525
148 149
148 158
148 214
148 221
148 262
148 378
148 408
149 211
149 422
150 267
150 277
150 486
150 543
151 322
151 331
151 455
151 462
152 187
152 293
152 449
152 539
153 311
153 379
153 382
153 443
153 496
154 164
154 188
154 293
154 396
155 424
155 492
155 530
157 159
157 186
158 222
158 328
158 372
158 472
158 560
158 565
159 160
159 185
159 252
159 259
159 391
159 455
160 319
160 418
160 490
160 521
161 174
161 201
161 263
161 323
161 337
161 516
161 554
162 216
162 326
162 340
162 473
163 211
163 268
163 335
163 385
163 451
163 529
163 530
165 203
165 300
165 394
165 491
165 507
165 533
165 565
166 216
166 361
166 406
166 475
166 524
167 170
167 248
167 249
167 550
168 351
168 389
168 415
168 427
168 446
168 520
168 521
169 184
169 199
169 229
169 256
169 380
169 432
169 475
169 501
169 536
170 177
170 193
170 207
170 225
170 231
170 333
170 381
170 429
170 437
170 551
170 560
171 181
171 360
171 400
171 445
172 175
172 236
172 338
172 470
173 210
173 267
173 354
173 548
174 327
174 390
174 416
174 438
175 210
175 245
175 340
175 377
175 548
175 552
176 385
177 259
177 401
177 482
180 225
180 245
180 302
180 310
180 471
181 196
181 198
181 200
181 229
181 234
181 345
181 356
181 374
181 376
181 445
182 246
183 255
183 549
184 234
184 346
184 379
186 482
186 559
187 193
187 205
187 285
187 292
188 260
188 283
188 495
188 497
189 230
189 308
189 326
189 353
189 420
190 220
190 392
191 205
191 348
191 532
191 535
192 281
192 513
192 531
193 220
193 250
193 276
194 209
194 293
195 201
195 256
195 262
195 352
195 445
195 452
195 521
196 222
196 277
196 296
196 373
196 458
196 465
197 216
197 503
199 242
199 299
199 395
199 538
200 238
200 315
201 327
201 344
202 465
202 527
203 466
203 511
204 297
205 246
205 501
206 213
206 320
206 559
207 360
207 442
207 533
208 233
208 244
208 262
208 313
208 338
208 340
208 366
208 420
208 486
208 505
208 557
209 237
209 286
209 293
209 313
209 495
210 383
210 394
210 432
211 281
211 426
211 431
212 308
212 352
213 312
213 542
214 290
214 330
214 375
214 517
214 526
214 527
215 320
217 286
217 294
217 295
217 302
217 432
217 461
217 519
218 372
219 253
219 266
220 229
220 390
220 448
221 277
221 280
221 312
221 337
221 378
221 461
221 513
221 554
222 227
222 241
222 332
222 504
223 270
223 287
223 305
223 435
223 506
224 326
225 388
226 279
226 348
226 355
226 487
227 244
228 253
228 334
228 457
229 318
229 480
229 513
230 496
230 505
230 516
231 321
232 352
233 286
233 297
233 360
233 476
234 323
234 330
234 351
234 399
234 412
234 436
234 453
234 561
236 282
236 444
237 283
237 385
238 296
238 415
239 416
239 503
240 396
241 421
242 277
242 359
243 307
243 333
243 498
244 250
244 371
245 427
246 417
247 312
247 488
248 405
248 422
249 303
250 439
251 264
251 393
251 411
251 412
251 499
252 269
252 469
253 361
254 449
255 428
256 279
256 322
256 338
256 385
256 399
256 482
256 521
256 533
257 291
257 383
257 467
257 562
259 318
259 510
260 298
260 305
260 313
260 353
260 397
260 453
260 509
261 332
261 556
262 272
262 321
262 336
262 370
262 373
262 539
262 556
263 333
265 315
265 378
265 445
266 316
266 459
267 403
267 446
267 508
268 351
268 473
269 349
269 514
269 532
270 372
271 317
271 383
272 563
273 341
273 362
274 347
274 560
275 531
276 281
276 435
277 364
277 419
278 441
279 309
279 332
280 358
280 452
281 529
285 389
285 502
286 354
286 492
287 365
287 375
287 481
289 354
290 489
291 363
292 325
292 365
292 562
293 506
294 354
294 393
294 428
294 477
294 499
294 523
294 557
295 514
296 344
296 498
296 502
297 373
298 317
298 396
298 556
300 347
300 397
300 541
301 448
302 416
304 323
307 392
307 434
307 462
307 492
307 518
308 369
309 372
309 401
311 376
311 408
311 413
311 472
311 476
311 481
312 335
312 358
312 371
313 400
313 448
313 495
313 541
314 374
314 439
314 472
314 495
315 474
315 500
316 409
317 366
318 460
319 371
319 398
320 461
323 494
323 498
323 525
324 335
325 504
325 510
326 404
326 503
327 336
327 440
327 456
328 374
329 380
330 468
330 545
331 398
331 467
331 496
332 369
332 495
333 357
333 364
334 427
334 437
335 357
335 391
335 426
335 526
335 544
335 565
336 342
336 369
336 491
336 550
338 349
338 415
338 473
339 414
339 479
339 518
341 435
341 446
341 494
341 510
345 401
345 417
346 405
346 472
347 410
350 407
350 477
350 515
350 522
351 520
352 374
353 474
354 382
354 422
354 522
356 564
357 563
358 404
358 551
359 419
360 420
361 362
361 389
361 434
361 439
361 452
361 497
362 526
363 500
363 546
364 404
365 384
366 475
367 512
367 542
368 397
369 538
369 547
370 376
370 384
370 421
370 490
371 465
373 425
374 533
375 394
375 488
379 386
379 531
380 393
380 461
380 522
382 564
384 532
386 406
386 498
386 535
387 493
388 468
388 534
390 411
390 423
391 493
393 443
393 520
395 454
396 540
397 430
397 467
397 533
398 399
398 425
399 539
400 431
400 454
400 455
400 537
401 528
401 558
402 407
403 404
403 447
410 464
410 557
412 414
412 415
412 440
414 493
415 552
416 454
416 505
420 423
420 545
422 442
422 544
425 450
425 555
426 542
430 554
431 554
435 541
436 558
439 559
440 521
440 535
440 555
442 466
442 479
445 446
445 527
448 476
448 512
449 523
450 487
451 500
453 509
453 512
455 480
455 543
456 466
460 505
460 511
464 466
464 549
466 472
466 479
467 480
467 516
468 478
468 492
469 565
471 512
472 485
475 508
481 544
484 535
485 491
486 504
487 524
488 550
489 503
498 524
499 515
508 556
512 544
517 545
519 528
523 553
540 551
543 550
544 558
