0 1
0 2
0 3
0 4
0 5
0 6
0 7
0 8
0 10
0 11
0 12
0 13
0 16
0 21
0 22
0 24
0 25
0 27
0 30
0 32
0 35
0 43
0 44
0 46
0 50
0 63
0 64
0 78
0 80
0 82
0 104
0 133
0 136
0 142
0 148
0 149
0 150
0 153
0 154
0 160
0 170
0 175
0 177
0 190
0 192
0 208
0 225
0 227
0 231
0 240
0 265
0 285
0 306
0 326
0 362
0 365
0 369
0 388
0 396
0 426
0 432
0 439
0 447
0 478
0 480
0 489
0 495
1 6
1 7
1 8
1 9
1 10
1 12
1 17
1 24
1 66
1 68
1 75
1 128
1 143
1 181
1 186
1 196
1 219
1 229
1 230
1 249
1 281
1 319
1 343
1 488
2 6
2 7
2 9
2 14
2 18
2 19
2 25
2 26
2 49
2 50
2 76
2 107
2 108
2 114
2 129
2 140
2 145
2 147
2 161
2 180
2 185
2 186
2 193
2 194
2 215
2 222
2 233
2 234
2 249
2 250
2 256
2 259
2 264
2 269
2 276
2 334
2 343
2 401
2 402
2 403
2 444
2 448
2 452
2 453
3 8
3 10
3 11
3 13
3 16
3 20
3 28
3 31
3 32
3 39
3 42
3 44
3 45
3 47
3 49
3 50
3 57
3 58
3 67
3 72
3 74
3 75
3 78
3 81
3 87
3 88
3 93
3 96
3 105
3 106
3 108
3 114
3 126
3 135
3 136
3 144
3 167
3 177
3 197
3 206
3 217
3 219
3 229
3 237
3 238
3 257
3 269
3 271
3 281
3 297
3 300
3 322
3 326
3 333
3 334
3 338
3 351
3 364
3 402
3 443
3 448
3 455
3 463
3 474
3 479
3 490
4 6
4 7
4 9
4 10
4 11
4 14
4 15
4 16
4 20
4 22
4 23
4 26
4 29
4 31
4 33
4 36
4 41
4 53
4 58
4 59
4 61
4 75
4 81
4 92
4 93
4 95
4 105
4 120
4 124
4 129
4 131
4 137
4 142
4 159
4 160
4 178
4 191
4 195
4 197
4 199
4 203
4 213
4 214
4 216
4 218
4 219
4 221
4 227
4 231
4 247
4 249
4 267
4 270
4 280
4 294
4 298
4 301
4 314
4 317
4 318
4 327
4 358
4 365
4 367
4 378
4 383
4 402
4 407
4 421
4 424
4 443
4 456
4 463
4 479
5 6
5 9
5 11
5 15
5 24
5 32
5 70
5 77
5 84
5 89
5 98
5 113
5 121
5 122
5 126
5 134
5 156
5 173
5 196
5 214
5 217
5 236
5 245
5 255
5 260
5 267
5 268
5 273
5 281
5 285
5 293
5 316
5 337
5 353
5 444
5 478
5 481
6 7
6 8
6 11
6 12
6 13
6 16
6 18
6 19
6 20
6 21
6 24
6 29
6 30
6 35
6 45
6 46
6 47
6 51
6 57
6 62
6 63
6 68
6 78
6 79
6 82
6 85
6 86
6 89
6 99
6 110
6 117
6 119
6 129
6 133
6 140
6 144
6 147
6 148
6 149
6 156
6 158
6 166
6 168
6 171
6 174
6 175
6 176
6 179
6 183
6 185
6 188
6 189
6 190
6 191
6 206
6 213
6 230
6 233
6 241
6 244
6 258
6 264
6 265
6 279
6 284
6 303
6 304
6 322
6 323
6 364
6 369
6 371
6 384
6 392
6 396
6 397
6 405
6 406
6 417
6 448
6 454
6 468
6 470
6 485
6 495
6 498
7 8
7 9
7 13
7 17
7 33
7 48
7 64
7 83
7 95
7 98
7 115
7 119
7 136
7 156
7 159
7 166
7 177
7 181
7 187
7 193
7 198
7 206
7 208
7 216
7 239
7 252
7 260
7 290
7 307
7 349
7 350
7 354
7 383
7 393
7 480
8 10
8 12
8 14
8 15
8 17
8 22
8 23
8 24
8 26
8 30
8 34
8 37
8 44
8 47
8 52
8 55
8 62
8 69
8 88
8 89
8 111
8 112
8 133
8 142
8 147
8 160
8 162
8 176
8 182
8 217
8 223
8 232
8 243
8 302
8 332
8 333
8 353
8 386
8 418
8 436
9 12
9 13
9 15
9 18
9 23
9 45
9 48
9 51
9 64
9 73
9 76
9 79
9 80
9 86
9 92
9 95
9 135
9 174
9 182
9 206
9 228
9 253
9 254
9 306
9 310
9 348
9 370
9 385
9 388
9 433
9 473
9 474
10 16
10 18
10 19
10 27
10 63
10 74
10 91
10 93
10 95
10 110
10 117
10 125
10 147
10 148
10 172
10 174
10 183
10 236
10 247
10 280
10 285
10 320
10 390
10 392
10 401
10 416
10 441
10 475
11 14
11 17
11 19
11 20
11 27
11 30
11 36
11 56
11 73
11 79
11 96
11 130
11 172
11 191
11 193
11 220
11 221
11 222
11 239
11 242
11 245
11 288
11 301
11 334
11 346
11 354
11 366
11 379
11 397
11 423
11 428
11 440
12 14
12 18
12 32
12 33
12 41
12 43
12 50
12 57
12 70
12 92
12 97
12 102
12 107
12 114
12 116
12 126
12 140
12 141
12 143
12 145
12 156
12 163
12 165
12 186
12 197
12 198
12 213
12 219
12 220
12 246
12 258
12 262
12 264
12 272
12 274
12 275
12 294
12 302
12 303
12 315
12 339
12 340
12 341
12 373
12 395
12 421
12 428
12 435
12 452
12 471
12 487
13 15
13 17
13 26
13 28
13 43
13 52
13 60
13 86
13 103
13 141
13 220
13 309
13 313
13 368
13 401
14 19
14 23
14 28
14 29
14 40
14 53
14 59
14 63
14 65
14 75
14 87
14 95
14 110
14 121
14 159
14 168
14 207
14 212
14 264
14 282
14 318
14 322
14 330
14 414
14 459
15 21
15 22
15 25
15 33
15 35
15 37
15 40
15 44
15 56
15 58
15 62
15 71
15 90
15 91
15 99
15 100
15 101
15 102
15 110
15 140
15 141
15 155
15 156
15 175
15 196
15 217
15 224
15 252
15 261
15 269
15 283
15 285
15 301
15 312
15 339
15 357
15 361
15 376
15 396
15 410
15 425
15 447
15 457
15 458
15 481
15 490
16 21
16 22
16 25
16 26
16 27
16 29
16 30
16 33
16 39
16 41
16 42
16 47
16 50
16 53
16 64
16 80
16 94
16 109
16 117
16 120
16 125
16 139
16 143
16 146
16 153
16 161
16 163
16 166
16 173
16 179
16 183
16 210
16 215
16 216
16 218
16 220
16 227
16 235
16 253
16 285
16 303
16 313
16 326
16 342
16 348
16 371
16 376
16 378
16 408
16 442
16 454
16 472
17 20
17 27
17 37
17 40
17 44
17 61
17 69
17 84
17 86
17 116
17 117
17 118
17 122
17 158
17 186
17 243
17 253
17 282
17 298
17 373
17 409
17 430
17 435
18 23
18 35
18 60
18 70
18 73
18 76
18 79
18 88
18 89
18 102
18 129
18 133
18 135
18 188
18 228
18 323
18 451
19 25
19 28
19 34
19 36
19 37
19 41
19 67
19 115
19 153
19 166
19 183
19 232
19 237
19 240
19 268
19 272
19 277
19 283
19 293
19 316
19 344
19 346
19 347
19 352
19 389
19 422
19 442
19 493
19 496
20 21
20 45
20 51
20 54
20 74
20 82
20 86
20 99
20 102
20 124
20 125
20 126
20 127
20 129
20 170
20 176
20 266
20 291
20 299
20 327
20 351
20 388
20 412
20 416
20 464
21 46
21 65
21 112
21 125
21 142
21 155
21 274
21 278
21 279
21 361
21 449
22 34
22 39
22 62
22 81
22 88
22 104
22 128
22 146
22 154
22 237
22 265
22 298
22 323
22 397
22 419
22 424
22 431
23 29
23 31
23 36
23 47
23 52
23 55
23 60
23 114
23 159
23 180
23 184
23 200
23 204
23 211
23 230
23 235
23 250
23 255
23 280
23 288
23 313
23 334
23 353
23 372
23 385
23 388
23 397
23 466
24 38
24 41
24 53
24 56
24 57
24 62
24 77
24 100
24 110
24 115
24 128
24 136
24 164
24 188
24 193
24 205
24 212
24 257
24 260
24 271
24 319
24 325
24 386
24 412
24 419
24 457
24 471
24 473
24 477
25 32
25 37
25 43
25 55
25 64
25 73
25 100
25 130
25 144
25 157
25 207
25 275
25 288
25 304
25 322
25 356
25 382
25 413
25 429
25 437
25 439
26 28
26 31
26 39
26 40
26 42
26 46
26 48
26 75
26 96
26 123
26 157
26 202
26 217
26 223
26 234
26 274
26 282
26 363
26 374
26 387
26 406
26 413
26 425
26 427
26 449
26 470
27 65
27 102
27 214
27 246
27 304
27 371
27 436
27 465
27 496
28 35
28 38
28 43
28 49
28 54
28 77
28 80
28 91
28 97
28 130
28 131
28 137
28 151
28 168
28 210
28 225
28 244
28 270
28 275
28 294
28 297
28 336
28 382
28 385
28 405
28 422
28 423
28 445
28 467
28 485
29 31
29 39
29 51
29 81
29 93
29 108
29 130
29 182
29 192
29 200
29 202
29 204
29 224
29 274
29 276
29 301
29 317
29 410
29 419
30 34
30 48
30 55
30 67
30 71
30 77
30 83
30 92
30 103
30 122
30 131
30 161
30 162
30 185
30 195
30 218
30 256
30 281
30 324
30 332
30 359
30 373
30 445
30 457
31 93
31 139
31 164
31 171
31 391
31 414
31 432
32 46
32 66
32 70
32 103
32 105
32 150
32 232
32 233
32 238
32 361
32 423
33 34
33 77
33 132
33 163
33 247
33 299
33 311
33 320
34 36
34 38
34 42
34 56
34 58
34 69
34 85
34 89
34 108
34 139
34 144
34 178
34 194
34 227
34 245
34 276
34 277
34 304
34 308
34 311
34 358
34 370
34 377
34 395
34 399
34 456
34 481
34 483
34 485
34 492
34 495
35 38
35 42
35 49
35 66
35 68
35 72
35 97
35 107
35 115
35 168
35 204
35 210
35 213
35 243
35 438
35 449
36 63
36 90
36 94
36 121
36 170
36 201
36 218
36 228
36 229
36 257
36 384
36 429
36 451
36 484
37 38
37 40
37 45
37 51
37 52
37 54
37 58
37 109
37 138
37 139
37 184
37 246
37 248
37 361
37 450
38 70
38 106
38 109
38 138
38 182
38 209
38 347
38 381
38 497
39 66
39 76
39 117
39 118
39 170
39 230
39 236
39 251
39 393
39 462
40 52
40 164
40 307
40 333
40 480
41 49
41 59
41 66
41 83
41 84
41 88
41 105
41 146
41 198
41 202
41 203
41 232
41 357
41 481
42 48
42 103
42 155
42 174
42 258
42 263
42 270
42 390
42 402
42 448
42 488
43 54
43 106
43 133
43 147
43 152
43 167
43 169
43 189
43 196
43 352
43 415
43 420
43 438
44 90
44 106
44 121
44 127
44 389
44 394
44 453
45 55
45 56
45 61
45 67
45 72
45 84
45 116
45 122
45 162
45 184
45 215
45 297
45 312
45 317
45 324
45 330
46 60
46 74
46 80
46 96
46 259
46 295
46 298
46 384
46 437
47 90
47 98
47 179
47 201
47 237
47 259
47 269
47 295
47 297
47 327
47 348
47 367
48 82
48 87
48 137
48 149
48 347
48 467
49 59
49 83
49 111
49 119
49 199
49 245
49 340
49 379
49 434
49 463
50 71
50 94
50 124
50 140
50 166
50 264
50 277
50 380
50 424
50 445
51 53
51 54
51 68
51 74
51 87
51 113
51 118
51 121
51 148
51 177
51 214
51 242
51 246
51 251
51 296
51 305
51 325
51 349
51 357
51 368
51 374
51 400
51 422
52 57
52 65
52 69
52 71
52 73
52 101
52 112
52 116
52 289
52 316
52 338
52 400
52 423
52 440
52 443
53 59
53 87
53 109
53 155
53 162
53 294
53 446
54 60
54 61
54 67
54 69
54 94
54 104
54 126
54 157
54 171
54 219
54 239
54 296
54 323
54 345
54 476
55 61
55 85
55 90
55 94
55 96
55 99
55 101
55 155
55 262
55 326
55 407
55 441
56 83
56 84
56 207
56 226
56 305
57 65
57 91
57 119
57 125
57 177
57 192
57 213
57 229
57 268
57 287
57 296
57 309
57 327
57 338
57 374
57 434
58 71
58 82
58 132
58 137
58 160
58 165
58 346
58 354
58 408
58 414
58 419
58 436
58 446
58 460
59 92
59 106
59 220
59 401
60 124
60 165
60 178
60 181
60 188
60 205
60 302
60 407
60 486
60 498
61 72
61 154
61 184
61 244
61 250
61 356
61 451
62 97
62 100
62 103
62 132
62 138
62 198
62 209
62 378
62 383
62 449
62 475
63 72
63 85
63 141
63 238
63 244
63 258
63 284
63 343
63 473
64 120
64 151
64 372
65 68
65 108
65 145
65 163
65 197
65 265
65 269
65 277
65 289
65 468
66 287
66 491
66 493
67 97
67 101
67 131
67 135
67 173
67 281
67 289
68 116
68 119
68 130
68 176
68 187
68 209
68 370
68 485
68 497
69 76
69 127
69 132
69 145
69 146
69 148
69 207
69 211
69 239
69 280
69 446
69 464
69 476
69 478
69 488
70 104
70 105
70 128
70 291
70 314
70 456
71 169
71 346
71 376
71 410
72 85
72 107
72 151
72 161
72 287
72 327
72 351
72 360
72 396
73 78
73 111
73 202
73 305
73 407
73 419
74 240
74 383
75 78
75 79
75 81
75 151
75 248
75 271
75 361
75 469
75 496
75 498
76 113
76 159
76 228
76 234
76 356
76 437
77 224
77 279
77 334
77 357
77 497
78 111
78 146
78 168
78 256
78 291
78 369
78 371
78 489
79 98
79 138
79 189
79 223
79 245
79 289
79 363
79 399
79 496
80 194
80 214
80 255
80 278
80 311
80 380
80 447
80 453
80 456
81 91
81 107
81 184
81 237
81 312
81 335
81 409
81 462
81 465
81 482
82 123
82 165
82 181
82 188
82 192
82 234
82 261
82 282
82 299
82 333
82 411
83 403
83 415
83 418
84 101
84 230
84 311
84 449
84 486
85 100
85 111
85 261
85 401
85 406
85 411
85 430
85 433
85 478
86 248
86 331
86 336
86 351
86 387
87 190
87 208
87 251
87 268
87 406
87 434
88 197
88 241
88 359
88 438
88 446
89 104
89 109
89 185
89 271
89 319
89 341
89 386
89 477
90 99
90 200
90 263
90 270
90 323
90 352
90 377
90 415
90 417
90 430
90 450
91 118
91 135
91 176
91 231
91 254
91 394
91 461
92 127
92 152
92 178
92 206
92 221
92 278
92 310
92 322
92 332
92 370
92 393
92 439
93 114
93 171
93 172
93 198
93 212
93 307
93 376
93 416
93 434
94 162
94 242
94 300
94 360
94 368
94 399
95 98
95 134
95 151
95 164
95 257
95 342
95 392
95 399
96 115
96 190
96 225
96 303
96 393
96 427
97 174
97 396
97 429
97 466
97 490
98 201
98 290
98 394
98 395
99 441
99 495
100 398
101 124
101 169
101 191
101 231
101 266
101 345
101 428
102 112
102 152
102 233
102 276
102 279
102 468
103 122
103 143
103 163
103 205
103 211
103 216
103 259
103 321
103 344
103 381
104 123
104 131
104 185
104 226
104 484
105 113
105 172
105 175
105 207
105 262
105 337
105 486
106 136
106 161
106 209
106 267
106 421
107 112
107 113
107 118
107 127
107 139
107 142
107 145
107 181
107 186
107 226
107 233
107 252
107 260
107 283
107 296
107 321
107 356
107 375
109 120
109 123
109 128
109 253
109 318
109 352
109 370
109 395
109 436
110 120
110 134
110 137
110 152
110 224
110 273
111 132
111 201
111 295
112 205
112 292
112 335
112 413
113 134
113 262
113 341
113 343
114 149
114 150
114 153
114 167
114 460
115 123
115 290
116 292
116 306
116 328
116 425
116 477
117 138
117 302
117 378
117 386
117 459
117 492
118 134
118 180
118 316
119 150
119 204
119 222
119 350
119 385
120 215
120 286
120 492
121 143
121 314
121 384
121 408
122 154
122 194
122 211
122 259
122 320
122 360
122 374
122 447
122 494
123 167
123 179
123 215
123 367
123 394
123 433
123 470
123 472
124 243
125 144
125 192
125 309
125 493
126 353
127 141
127 157
127 293
127 358
127 386
129 149
129 157
129 190
129 328
130 266
130 368
130 424
130 459
130 484
131 235
131 385
131 453
132 178
132 278
132 309
132 377
132 400
133 153
133 201
133 319
134 189
134 212
134 224
134 268
134 290
135 180
135 263
135 324
135 344
136 175
136 348
136 470
137 239
137 387
138 191
138 196
138 209
138 415
138 437
138 441
139 182
139 238
139 331
139 411
139 428
139 431
140 154
140 158
140 173
140 200
140 210
140 342
141 260
142 158
142 225
142 235
142 312
142 400
143 180
143 304
143 349
143 352
143 358
143 379
143 491
143 494
144 164
144 203
144 466
145 223
145 406
146 167
146 218
146 225
146 272
146 359
146 418
146 434
147 210
147 375
148 152
148 172
148 343
149 150
149 165
149 314
149 364
150 238
150 412
150 462
150 474
150 476
151 158
151 169
151 193
151 200
151 266
151 288
152 183
152 232
152 234
152 390
152 420
153 187
153 255
153 363
153 404
153 469
154 169
154 170
154 195
154 248
154 355
155 160
155 203
155 250
155 443
155 491
156 171
156 235
156 271
156 286
156 296
156 310
156 330
156 331
157 229
157 331
157 380
157 467
157 493
157 494
158 267
158 353
158 375
158 468
159 270
159 368
159 440
159 455
159 461
160 211
160 284
160 312
161 253
161 278
161 290
161 305
161 400
161 435
161 458
161 483
161 488
162 251
162 438
162 468
163 173
163 189
163 195
163 349
163 354
163 417
163 435
163 469
163 482
164 231
164 360
165 272
166 227
166 359
167 226
167 489
169 222
169 261
169 277
169 284
169 315
169 317
169 328
169 345
169 427
171 216
171 275
171 306
171 366
172 187
172 362
172 484
173 250
173 262
173 287
173 380
174 187
174 222
174 326
174 457
175 221
175 320
175 399
176 195
176 263
176 464
177 199
177 247
177 286
177 339
177 366
177 417
177 424
178 179
178 249
178 258
178 263
178 273
178 308
178 360
178 392
178 427
178 462
179 307
179 310
179 324
179 375
179 455
179 456
179 484
180 307
180 345
181 194
181 208
181 236
181 280
181 479
182 273
182 283
182 339
183 240
183 405
183 433
184 294
184 461
185 329
186 287
188 204
188 223
188 254
188 261
188 286
188 293
188 369
188 391
188 450
188 491
189 205
189 365
189 467
190 228
190 244
190 315
191 236
191 397
192 241
192 248
192 282
192 340
192 404
193 328
193 337
193 405
193 410
193 454
193 458
193 490
194 199
194 202
194 329
194 362
194 420
194 421
195 199
196 308
197 212
197 350
197 362
197 416
198 460
199 203
199 240
199 257
199 363
199 444
200 208
200 226
201 355
201 460
201 495
202 362
203 350
204 300
204 328
205 252
205 309
205 330
205 339
205 402
206 321
206 373
208 347
208 348
208 359
208 366
208 372
209 299
209 454
209 474
211 333
211 409
212 314
212 384
212 466
213 251
213 336
213 374
213 471
214 302
215 241
215 242
215 255
215 319
215 355
215 371
215 388
216 298
216 404
216 443
216 472
218 283
218 325
218 366
219 221
219 272
220 293
220 306
220 365
220 490
221 329
222 256
222 346
222 474
223 256
223 338
225 249
225 315
225 344
226 303
226 356
226 482
227 243
227 276
227 291
227 337
227 341
227 466
228 379
229 321
229 325
229 355
229 486
230 292
230 451
232 247
233 311
233 315
233 324
233 389
234 246
234 390
235 354
235 380
235 473
236 241
236 252
237 242
237 279
237 329
237 332
237 426
238 321
238 340
238 373
238 442
239 267
239 273
239 275
239 320
239 387
239 460
240 391
241 376
241 463
241 493
242 254
242 350
242 425
243 483
244 286
244 316
247 265
248 363
249 308
250 313
251 254
251 332
251 382
252 291
252 422
252 458
253 305
253 421
254 289
254 467
254 476
255 341
255 347
256 426
257 266
259 274
259 295
259 301
260 292
260 300
261 342
261 432
261 447
263 299
263 367
264 284
264 329
264 472
265 308
265 453
266 300
266 441
267 351
267 431
268 489
269 330
270 398
270 469
271 325
271 331
271 432
271 487
272 340
272 411
272 430
272 462
273 452
273 475
274 369
274 461
275 403
275 492
276 310
278 295
278 355
278 357
278 410
280 494
281 292
281 336
281 445
282 336
282 413
282 440
284 440
284 471
285 288
285 297
285 318
285 398
286 318
286 377
287 480
288 335
288 398
288 433
289 398
289 491
290 338
291 389
292 313
292 317
292 487
292 494
293 423
293 481
293 492
296 391
297 337
297 409
297 415
297 426
297 476
299 342
301 335
301 404
302 463
303 335
303 445
304 364
306 367
306 377
306 413
307 469
308 412
308 477
309 426
311 387
311 425
312 455
313 381
314 364
314 404
314 439
314 442
314 485
317 345
318 408
319 344
319 393
320 403
320 498
322 436
323 417
324 459
325 420
326 435
327 428
328 358
329 427
329 487
331 392
332 349
332 414
332 450
333 372
333 409
333 429
333 444
334 372
334 381
334 389
334 452
335 412
335 432
336 470
339 405
340 365
340 382
340 454
343 383
344 390
344 391
344 420
345 479
346 379
346 382
347 446
349 418
349 430
350 465
355 378
356 394
356 395
357 429
357 465
358 375
358 459
359 422
368 381
371 414
374 477
375 450
375 475
379 489
380 479
381 418
382 403
382 442
382 497
387 408
391 458
392 439
395 457
399 407
399 464
402 480
402 486
403 411
405 437
405 438
405 444
408 448
411 416
411 471
411 475
413 465
417 464
421 478
423 431
427 431
428 451
429 452
430 483
431 455
435 488
437 482
442 487
450 461
459 473
469 472
471 482
472 497
474 483
477 496
494 498
