0 1
0 2
0 3
0 4
0 5
0 6
0 7
0 8
0 9
0 11
0 13
0 16
0 19
0 20
0 21
0 25
0 26
0 36
0 37
0 40
0 42
0 45
0 48
0 49
0 55
0 56
0 68
0 69
0 80
0 82
0 85
0 86
0 98
0 103
0 110
0 113
0 117
0 118
0 125
0 163
0 169
0 186
0 201
0 213
0 225
0 234
0 244
0 258
0 269
0 282
0 291
0 308
0 319
0 323
0 325
0 347
0 348
0 353
0 376
0 377
0 392
0 415
0 456
0 490
0 502
0 511
0 538
0 558
0 566
0 622
0 625
0 724
0 732
0 733
0 802
0 821
0 878
0 955
1 6
1 8
1 22
1 23
1 25
1 28
1 35
1 43
1 44
1 58
1 66
1 69
1 90
1 95
1 105
1 111
1 115
1 130
1 137
1 140
1 145
1 156
1 170
1 173
1 179
1 185
1 233
1 249
1 254
1 257
1 261
1 276
1 350
1 526
1 545
1 561
1 586
1 794
1 814
1 909
1 935
2 6
2 7
2 8
2 9
2 10
2 14
2 17
2 19
2 20
2 29
2 30
2 31
2 32
2 33
2 41
2 44
2 47
2 51
2 56
2 80
2 81
2 86
2 88
2 91
2 110
2 115
2 127
2 132
2 174
2 210
2 211
2 289
2 293
2 313
2 341
2 346
2 353
2 357
2 365
2 395
2 396
2 406
2 427
2 428
2 433
2 471
2 472
2 508
2 574
2 588
2 655
2 656
2 667
2 771
2 805
2 817
2 829
2 889
2 906
2 945
3 6
3 13
3 20
3 27
3 43
3 46
3 47
3 75
3 106
3 121
3 132
3 146
3 301
3 306
3 362
3 403
3 406
3 457
3 476
3 489
3 647
3 678
3 833
3 943
4 6
4 7
4 8
4 15
4 16
4 18
4 19
4 26
4 27
4 34
4 41
4 44
4 48
4 50
4 73
4 74
4 84
4 91
4 96
4 103
4 105
4 124
4 134
4 135
4 144
4 178
4 181
4 211
4 232
4 242
4 288
4 297
4 301
4 315
4 327
4 372
4 381
4 385
4 387
4 389
4 397
4 404
4 409
4 411
4 447
4 452
4 455
4 485
4 490
4 497
4 503
4 515
4 520
4 524
4 527
4 543
4 583
4 616
4 624
4 626
4 633
4 661
4 706
4 718
4 720
4 729
4 765
4 781
4 789
4 801
4 816
4 841
4 850
4 851
4 856
4 864
4 908
5 7
5 10
5 61
5 71
5 76
5 94
5 113
5 131
5 185
5 198
5 265
5 416
5 434
5 515
5 806
5 875
6 7
6 8
6 9
6 11
6 12
6 14
6 15
6 18
6 19
6 21
6 22
6 23
6 25
6 28
6 29
6 32
6 45
6 53
6 54
6 63
6 68
6 70
6 83
6 84
6 89
6 93
6 100
6 108
6 114
6 118
6 119
6 126
6 135
6 136
6 140
6 145
6 165
6 169
6 173
6 175
6 184
6 195
6 199
6 205
6 207
6 228
6 231
6 234
6 238
6 275
6 278
6 309
6 314
6 316
6 337
6 344
6 358
6 388
6 391
6 404
6 408
6 418
6 435
6 439
6 492
6 532
6 537
6 631
6 643
6 663
6 672
6 675
6 678
6 694
6 722
6 737
6 748
6 757
6 764
6 777
6 795
6 848
6 851
6 873
6 924
7 9
7 10
7 11
7 12
7 13
7 15
7 17
7 18
7 34
7 51
7 53
7 57
7 60
7 82
7 88
7 92
7 93
7 94
7 104
7 120
7 152
7 206
7 207
7 209
7 264
7 280
7 307
7 316
7 404
7 497
7 501
7 510
7 535
7 621
7 633
7 669
7 689
7 774
7 878
7 882
7 894
7 926
7 946
7 955
7 956
8 9
8 10
8 11
8 12
8 14
8 15
8 16
8 23
8 24
8 25
8 36
8 37
8 42
8 44
8 50
8 51
8 60
8 70
8 75
8 108
8 127
8 136
8 148
8 153
8 159
8 162
8 166
8 170
8 171
8 173
8 190
8 193
8 201
8 202
8 239
8 244
8 262
8 273
8 277
8 296
8 323
8 336
8 337
8 339
8 340
8 364
8 390
8 409
8 412
8 413
8 418
8 434
8 440
8 442
8 452
8 455
8 485
8 498
8 506
8 527
8 528
8 548
8 561
8 567
8 598
8 603
8 629
8 632
8 637
8 658
8 683
8 684
8 693
8 697
8 706
8 742
8 772
8 785
8 802
8 807
8 816
8 821
8 824
8 826
8 840
8 847
8 886
8 901
8 933
9 10
9 11
9 12
9 13
9 14
9 15
9 17
9 18
9 19
9 22
9 27
9 28
9 29
9 31
9 35
9 37
9 40
9 43
9 52
9 56
9 62
9 130
9 143
9 145
9 146
9 160
9 171
9 176
9 191
9 192
9 205
9 220
9 221
9 240
9 242
9 244
9 261
9 268
9 272
9 337
9 339
9 352
9 358
9 405
9 412
9 460
9 473
9 507
9 543
9 567
9 571
9 574
9 585
9 602
9 604
9 633
9 647
9 652
9 692
9 695
9 705
9 724
9 734
9 743
9 751
9 810
9 830
9 871
9 885
9 894
9 900
9 911
9 914
10 13
10 14
10 24
10 28
10 54
10 62
10 67
10 87
10 89
10 95
10 107
10 118
10 126
10 144
10 148
10 154
10 163
10 165
10 166
10 180
10 184
10 236
10 259
10 277
10 289
10 298
10 311
10 352
10 358
10 400
10 411
10 424
10 442
10 451
10 519
10 537
10 542
10 549
10 574
10 603
10 653
10 707
10 711
10 733
10 851
10 866
10 871
10 879
10 892
10 898
10 901
10 931
10 939
11 12
11 16
11 18
11 20
11 23
11 24
11 26
11 30
11 31
11 33
11 39
11 46
11 47
11 49
11 63
11 66
11 71
11 78
11 79
11 94
11 111
11 115
11 116
11 131
11 140
11 151
11 165
11 177
11 182
11 197
11 198
11 200
11 204
11 205
11 219
11 220
11 236
11 247
11 250
11 281
11 287
11 290
11 293
11 295
11 306
11 308
11 313
11 333
11 335
11 356
11 357
11 381
11 382
11 385
11 386
11 405
11 415
11 456
11 460
11 467
11 475
11 477
11 486
11 494
11 506
11 521
11 537
11 545
11 556
11 560
11 568
11 577
11 585
11 593
11 610
11 641
11 642
11 685
11 699
11 707
11 718
11 723
11 778
11 785
11 793
11 822
11 843
11 846
11 863
11 865
11 874
11 884
11 910
11 916
11 936
11 952
12 22
12 34
12 38
12 55
12 65
12 67
12 86
12 107
12 128
12 142
12 190
12 193
12 209
12 235
12 239
12 246
12 257
12 292
12 428
12 472
12 486
12 524
12 525
12 548
12 732
12 737
12 833
12 923
13 22
13 38
13 42
13 48
13 52
13 57
13 60
13 67
13 70
13 88
13 102
13 105
13 112
13 128
13 159
13 177
13 180
13 236
13 242
13 244
13 274
13 279
13 392
13 453
13 507
13 519
13 559
13 572
13 708
13 725
13 779
13 897
13 908
13 944
13 946
14 21
14 27
14 32
14 33
14 34
14 42
14 50
14 52
14 58
14 67
14 70
14 72
14 81
14 90
14 96
14 98
14 100
14 112
14 123
14 168
14 181
14 200
14 204
14 218
14 226
14 256
14 264
14 273
14 295
14 301
14 309
14 312
14 351
14 368
14 388
14 390
14 396
14 479
14 533
14 541
14 591
14 651
14 659
14 679
14 682
14 760
14 761
14 773
14 775
14 872
15 16
15 17
15 25
15 26
15 29
15 32
15 36
15 40
15 49
15 63
15 71
15 74
15 99
15 102
15 113
15 119
15 144
15 151
15 156
15 157
15 235
15 240
15 242
15 245
15 267
15 279
15 296
15 324
15 335
15 345
15 349
15 352
15 394
15 396
15 422
15 484
15 494
15 516
15 529
15 577
15 594
15 651
15 657
15 705
15 707
15 717
15 743
15 768
15 883
15 890
15 909
16 17
16 21
16 26
16 29
16 33
16 43
16 45
16 46
16 51
16 53
16 74
16 84
16 89
16 93
16 99
16 101
16 114
16 116
16 124
16 125
16 133
16 134
16 162
16 178
16 188
16 191
16 202
16 205
16 206
16 209
16 212
16 228
16 229
16 241
16 255
16 256
16 270
16 307
16 326
16 332
16 338
16 357
16 403
16 423
16 434
16 464
16 471
16 477
16 478
16 530
16 537
16 551
16 558
16 572
16 597
16 615
16 630
16 635
16 638
16 655
16 687
16 760
16 776
16 801
16 835
16 904
16 918
16 948
17 21
17 23
17 24
17 30
17 34
17 37
17 59
17 65
17 73
17 105
17 123
17 129
17 133
17 138
17 141
17 145
17 163
17 194
17 200
17 210
17 211
17 246
17 254
17 261
17 283
17 334
17 356
17 410
17 422
17 433
17 454
17 500
17 532
17 555
17 570
17 576
17 615
17 676
17 747
17 757
17 771
17 828
17 843
17 929
17 938
18 38
18 54
18 65
18 67
18 68
18 75
18 81
18 94
18 98
18 147
18 153
18 167
18 179
18 187
18 189
18 236
18 249
18 321
18 383
18 405
18 440
18 461
18 462
18 513
18 563
18 567
18 649
18 892
18 951
19 20
19 27
19 45
19 53
19 54
19 58
19 61
19 81
19 87
19 101
19 110
19 126
19 139
19 153
19 167
19 199
19 205
19 213
19 227
19 228
19 241
19 286
19 321
19 343
19 360
19 399
19 413
19 464
19 549
19 575
19 628
19 704
19 790
19 837
19 850
19 864
19 888
19 937
19 947
19 952
20 39
20 41
20 43
20 69
20 134
20 137
20 151
20 155
20 174
20 224
20 231
20 270
20 305
20 749
20 769
20 797
20 827
20 880
20 905
20 924
20 950
21 24
21 31
21 54
21 59
21 60
21 85
21 91
21 95
21 97
21 99
21 103
21 106
21 117
21 127
21 140
21 152
21 169
21 176
21 185
21 226
21 256
21 294
21 295
21 299
21 300
21 315
21 329
21 359
21 361
21 384
21 400
21 416
21 425
21 430
21 433
21 434
21 449
21 460
21 473
21 492
21 496
21 500
21 505
21 508
21 509
21 511
21 616
21 650
21 717
21 730
21 766
21 854
21 895
21 909
21 926
21 953
22 28
22 76
22 97
22 109
22 120
22 124
22 144
22 175
22 179
22 212
22 219
22 244
22 250
22 267
22 314
22 333
22 342
22 343
22 363
22 375
22 414
22 445
22 467
22 561
22 564
22 576
22 589
22 648
22 665
22 674
22 675
22 684
22 689
22 699
22 700
22 715
22 745
22 787
22 800
22 812
22 836
22 859
23 69
23 98
23 120
23 122
23 155
23 168
23 196
23 197
23 203
23 398
23 550
23 555
23 599
23 748
23 799
23 832
23 891
23 939
24 30
24 61
24 63
24 72
24 76
24 83
24 85
24 95
24 111
24 124
24 126
24 148
24 158
24 187
24 198
24 216
24 230
24 233
24 263
24 279
24 284
24 346
24 348
24 356
24 427
24 496
24 516
24 557
24 608
24 659
24 662
24 672
24 723
24 762
24 770
24 819
24 831
24 836
24 837
24 884
24 896
24 898
24 903
24 919
25 30
25 35
25 39
25 59
25 66
25 106
25 118
25 132
25 134
25 184
25 194
25 206
25 225
25 249
25 287
25 324
25 340
25 421
25 479
25 648
25 654
25 658
25 693
25 728
25 775
25 910
25 913
25 919
26 36
26 40
26 42
26 77
26 83
26 90
26 112
26 119
26 123
26 155
26 168
26 185
26 187
26 196
26 221
26 230
26 233
26 253
26 257
26 268
26 328
26 412
26 417
26 421
26 429
26 433
26 455
26 497
26 519
26 529
26 540
26 592
26 598
26 614
26 696
26 742
26 834
26 946
27 38
27 62
27 112
27 121
27 149
27 152
27 180
27 243
27 294
27 309
27 330
27 331
27 357
27 361
27 366
27 387
27 427
27 443
27 495
27 543
27 557
27 569
27 586
27 607
27 632
27 645
27 647
27 927
28 39
28 47
28 49
28 92
28 100
28 105
28 107
28 110
28 139
28 182
28 227
28 234
28 256
28 260
28 269
28 400
28 408
28 419
28 445
28 467
28 540
28 614
28 686
28 708
28 724
28 775
28 805
28 830
28 906
28 921
29 36
29 41
29 47
29 106
29 143
29 176
29 266
29 275
29 378
29 382
29 448
29 466
29 499
29 522
29 599
29 626
29 765
29 826
29 907
29 935
30 31
30 32
30 46
30 55
30 64
30 73
30 84
30 109
30 117
30 129
30 132
30 149
30 190
30 204
30 227
30 237
30 258
30 309
30 393
30 581
30 582
30 596
30 607
30 619
30 646
30 712
30 721
30 735
30 756
30 776
30 826
30 848
30 868
30 915
30 924
31 44
31 57
31 59
31 65
31 79
31 110
31 155
31 157
31 175
31 193
31 208
31 372
31 373
31 392
31 519
31 710
31 774
31 843
31 900
31 911
32 33
32 41
32 45
32 49
32 63
32 79
32 100
32 118
32 128
32 158
32 178
32 186
32 251
32 259
32 264
32 335
32 400
32 437
32 438
32 469
32 482
32 487
32 511
32 521
32 523
32 544
32 545
32 592
32 737
32 781
32 938
33 35
33 52
33 64
33 73
33 80
33 123
33 141
33 170
33 174
33 179
33 182
33 199
33 216
33 284
33 292
33 300
33 306
33 312
33 324
33 377
33 399
33 420
33 443
33 450
33 457
33 495
33 501
33 518
33 545
33 593
33 712
33 925
34 35
34 39
34 56
34 57
34 71
34 87
34 98
34 136
34 183
34 239
34 269
34 294
34 448
34 547
34 690
34 715
34 784
34 796
34 857
34 858
34 881
34 916
35 40
35 69
35 123
35 143
35 174
35 176
35 183
35 185
35 247
35 260
35 339
35 423
35 439
35 489
35 506
35 591
35 639
35 670
35 673
35 700
36 37
36 38
36 58
36 83
36 96
36 104
36 120
36 148
36 156
36 172
36 184
36 189
36 202
36 247
36 248
36 263
36 354
36 389
36 475
36 599
36 652
36 653
36 827
36 855
36 926
36 929
37 50
37 92
37 103
37 133
37 142
37 196
37 215
37 217
37 289
37 353
37 375
37 386
37 397
37 418
37 525
37 571
37 573
37 606
37 763
37 860
37 869
37 874
37 933
37 944
37 950
38 46
38 56
38 62
38 88
38 93
38 120
38 166
38 167
38 191
38 194
38 210
38 236
38 301
38 365
38 394
38 407
38 420
38 426
38 431
38 443
38 491
38 500
38 510
38 527
38 546
38 584
38 607
38 613
38 733
38 739
38 789
38 808
39 70
39 81
39 138
39 172
39 279
39 420
39 710
39 730
39 847
40 107
40 137
40 138
40 163
40 174
40 183
40 285
40 332
40 358
40 377
40 391
40 471
40 514
40 538
40 565
40 566
40 594
40 822
40 844
40 909
40 920
41 59
41 72
41 74
41 148
41 242
41 282
41 313
41 315
41 326
41 354
41 398
41 400
41 531
41 614
41 648
41 782
41 789
41 795
41 811
41 816
41 877
42 52
42 61
42 77
42 104
42 121
42 129
42 131
42 152
42 223
42 239
42 240
42 257
42 270
42 458
42 491
42 522
42 546
42 603
42 618
42 630
42 636
42 670
42 700
42 735
42 823
42 850
42 882
42 920
42 928
43 48
43 55
43 57
43 60
43 64
43 133
43 228
43 263
43 285
43 301
43 401
43 456
43 568
43 583
43 656
43 731
43 744
43 819
44 51
44 365
44 524
44 529
44 789
45 68
45 96
45 107
45 130
45 145
45 231
45 246
45 288
45 360
45 363
45 364
45 421
45 507
45 592
45 602
45 624
45 728
45 738
45 746
45 766
45 800
45 810
45 824
45 846
45 923
46 48
46 58
46 72
46 113
46 114
46 194
46 245
46 307
46 397
46 562
46 671
46 684
46 713
46 741
46 853
47 157
47 188
47 192
47 194
47 200
47 214
47 223
47 243
47 262
47 282
47 283
47 289
47 343
47 372
47 384
47 499
47 534
47 553
47 580
47 617
47 620
47 632
47 657
47 672
47 678
47 784
47 814
47 833
47 928
47 936
47 955
48 50
48 77
48 99
48 124
48 127
48 139
48 146
48 203
48 207
48 296
48 300
48 329
48 368
48 379
48 384
48 391
48 423
48 481
48 495
48 623
48 782
48 821
48 844
48 879
49 53
49 135
49 141
49 143
49 158
49 173
49 193
49 217
49 233
49 323
49 349
49 432
49 457
49 463
49 474
49 529
49 542
49 578
49 584
49 662
49 719
49 736
49 743
49 787
49 819
50 64
50 76
50 104
50 121
50 161
50 181
50 191
50 212
50 261
50 296
50 349
50 354
50 708
50 764
50 793
50 908
51 64
51 72
51 74
51 78
51 82
51 97
51 115
51 122
51 137
51 150
51 161
51 207
51 221
51 302
51 310
51 326
51 331
51 336
51 348
51 362
51 369
51 418
51 436
51 482
51 484
51 499
51 536
51 546
51 559
51 566
51 569
51 570
51 589
51 637
51 723
51 752
51 767
51 808
51 815
51 867
51 902
51 923
51 950
52 116
52 339
52 504
52 521
52 708
52 725
53 66
53 84
53 183
53 184
53 254
53 322
53 325
53 341
53 352
53 366
53 383
53 448
53 451
53 493
53 578
53 590
53 597
53 620
53 645
53 666
53 815
53 883
53 917
54 55
54 117
54 134
54 153
54 239
54 258
54 267
54 327
54 409
54 449
54 457
54 635
54 764
54 794
54 797
54 808
54 811
54 817
54 881
54 896
55 62
55 66
55 92
55 109
55 155
55 161
55 207
55 231
55 259
55 261
55 307
55 328
55 344
55 366
55 395
55 422
55 477
55 591
55 596
55 917
56 73
56 268
56 384
56 442
56 444
56 493
56 505
56 558
56 623
56 702
56 752
56 769
56 793
56 882
57 79
57 119
57 341
57 446
57 463
57 486
57 520
57 727
57 931
57 934
58 61
58 85
58 152
58 164
58 177
58 379
58 512
58 528
58 550
58 687
58 770
58 852
58 890
59 75
59 82
59 97
59 125
59 154
59 167
59 189
59 310
59 367
59 412
59 449
59 466
59 533
59 536
59 582
59 590
59 634
59 640
59 823
59 849
59 893
59 905
60 80
60 82
60 85
60 90
60 130
60 133
60 139
60 141
60 150
60 162
60 165
60 179
60 214
60 255
60 266
60 302
60 304
60 319
60 320
60 350
60 492
60 518
60 520
60 660
60 677
60 725
60 780
60 809
60 811
60 825
60 942
61 190
61 196
61 280
61 284
61 310
61 411
61 676
61 753
61 761
62 65
62 68
62 78
62 157
62 171
62 215
62 265
62 292
62 317
62 351
62 453
62 474
62 500
62 519
62 572
62 600
62 689
62 746
62 763
62 866
63 94
63 102
63 130
63 187
63 222
63 232
63 240
63 291
63 320
63 366
63 371
63 469
63 520
63 550
63 573
63 638
63 656
63 702
63 753
63 785
64 139
64 153
64 198
64 399
64 575
64 710
65 90
65 149
65 157
65 199
65 253
65 303
65 323
65 359
65 383
65 398
65 468
65 502
65 532
65 554
65 587
65 831
65 869
65 885
65 907
66 75
66 77
66 86
66 87
66 91
66 99
66 106
66 331
66 336
66 419
66 441
66 450
66 580
66 747
66 766
66 825
66 942
67 71
67 78
67 141
67 159
67 192
67 201
67 214
67 278
67 284
67 304
67 317
67 365
67 437
67 501
67 598
67 604
67 612
67 700
67 771
67 804
67 818
67 899
67 949
68 221
68 747
68 795
68 872
68 933
69 78
69 80
69 86
69 109
69 251
69 255
69 269
69 271
69 295
69 362
69 376
69 435
69 472
69 478
69 611
69 616
69 776
69 848
69 892
69 898
69 947
70 129
70 289
70 300
70 333
70 422
70 438
70 651
70 791
71 76
71 88
71 102
71 146
71 164
71 188
71 238
71 255
71 405
71 407
71 439
71 473
71 641
71 652
71 670
71 690
71 722
71 875
72 459
72 555
72 642
73 77
73 252
73 444
73 472
73 503
73 632
73 940
74 79
74 89
74 101
74 125
74 150
74 197
74 243
74 325
74 360
74 403
74 425
74 480
74 510
74 513
74 616
74 662
74 697
74 754
74 791
74 823
75 132
75 147
75 168
75 248
75 286
75 288
75 304
75 414
75 539
75 540
75 696
75 900
76 91
76 129
76 136
76 159
76 161
76 162
76 166
76 321
76 332
76 381
76 387
76 428
76 477
76 506
76 729
76 851
76 910
76 914
77 201
77 299
77 703
77 756
77 809
77 894
78 142
78 378
78 435
78 679
78 736
79 122
79 162
79 275
79 377
79 386
79 436
79 441
79 453
79 461
79 573
79 590
79 676
80 83
80 97
80 101
80 103
80 131
80 147
80 181
80 247
80 287
80 381
80 459
80 526
80 655
80 772
80 899
81 96
81 108
81 114
81 138
81 156
81 161
81 320
81 581
81 588
81 656
81 703
81 811
81 925
82 87
82 149
82 172
82 189
82 217
82 262
82 271
82 299
82 315
82 331
82 479
82 539
82 549
82 675
82 777
82 888
83 89
83 126
83 140
83 216
83 416
83 454
83 579
83 598
83 633
83 822
84 95
84 101
84 127
84 166
84 218
84 260
84 303
84 343
84 379
84 392
84 432
84 443
84 463
84 468
84 476
84 496
84 512
84 526
84 551
84 628
84 654
84 680
84 701
84 756
85 112
85 202
85 286
85 319
85 447
85 592
85 606
85 752
85 769
85 788
85 827
85 904
86 248
86 252
86 456
86 487
86 560
86 618
86 679
86 691
86 731
86 904
87 121
87 271
87 316
87 501
87 556
87 558
87 643
87 668
87 711
87 750
87 846
87 853
87 925
88 93
88 100
88 128
88 170
88 249
88 406
88 429
88 466
88 826
88 856
89 108
89 109
89 111
89 158
89 160
89 264
89 464
89 746
89 911
90 108
90 177
90 281
90 292
90 327
90 564
91 92
91 102
91 111
91 113
91 116
91 122
91 173
91 183
91 196
91 210
91 293
91 319
91 320
91 328
91 376
91 385
91 392
91 406
91 407
91 413
91 414
91 498
91 583
91 612
91 613
91 628
91 641
91 644
91 651
91 661
91 671
91 682
91 763
91 801
92 195
92 214
92 251
92 260
92 458
92 517
92 582
92 601
93 485
93 509
93 512
93 758
93 824
94 131
94 154
94 176
94 222
94 254
94 276
94 311
94 355
94 465
94 481
94 488
94 546
94 567
94 581
94 601
94 616
94 634
94 678
94 692
94 845
94 879
94 936
95 104
95 116
95 180
95 265
95 291
95 361
95 380
95 482
95 518
95 549
95 687
95 890
96 169
96 276
96 482
96 562
96 649
96 765
97 199
97 219
97 298
97 312
97 340
97 344
97 421
97 516
97 855
98 222
98 241
98 254
98 285
98 375
98 397
98 505
98 563
98 686
98 893
99 160
99 164
99 188
99 208
99 379
99 382
99 417
99 428
99 661
99 681
99 727
99 818
100 144
100 193
100 251
100 675
100 849
101 154
101 163
101 218
101 232
101 270
101 290
101 388
101 530
101 931
102 215
103 114
103 226
103 293
103 324
103 509
103 897
104 147
104 158
104 192
104 211
104 246
104 302
104 307
104 346
104 441
104 502
104 513
104 520
104 534
104 650
104 666
104 798
104 889
104 907
105 115
105 117
105 208
105 229
105 253
105 282
105 322
105 447
105 478
105 574
105 711
105 773
105 805
105 815
105 864
105 875
105 932
105 947
106 168
106 203
106 251
106 283
106 369
106 431
106 445
106 534
106 724
106 823
107 143
107 149
107 198
107 211
107 232
107 267
107 359
107 408
107 483
107 690
107 742
107 791
107 838
107 858
108 182
108 332
108 379
108 641
108 796
108 935
109 142
109 226
109 252
109 471
109 524
109 661
109 672
110 266
110 927
111 122
111 218
111 293
111 410
111 553
111 714
111 755
112 137
112 138
112 159
112 206
112 225
112 247
112 266
112 276
112 335
112 488
112 499
112 548
112 588
112 648
112 664
112 862
112 867
113 156
113 160
113 195
113 216
113 240
113 356
113 407
113 416
113 544
113 577
113 666
113 767
113 810
113 852
113 878
113 920
114 135
114 164
114 197
114 257
114 265
114 297
114 321
114 459
114 479
114 487
114 510
114 514
114 540
114 556
114 663
114 802
114 845
114 859
114 930
115 367
115 442
115 585
115 836
116 125
116 164
116 171
116 314
116 399
116 447
116 694
116 701
116 702
116 714
116 748
116 852
117 119
117 128
117 213
117 339
117 363
117 475
117 538
117 560
117 600
117 639
117 691
117 754
117 759
117 841
118 260
118 448
118 564
118 719
118 722
118 829
118 940
119 204
119 287
119 452
119 555
120 147
120 150
120 151
120 262
120 275
120 364
120 671
120 716
120 908
120 943
121 398
121 490
121 806
122 264
122 316
122 322
122 361
122 413
122 471
122 475
122 533
122 835
123 175
123 208
123 258
123 277
123 287
123 451
124 305
124 375
124 413
124 508
124 599
124 715
125 150
125 200
125 342
125 573
125 605
126 169
126 187
126 241
126 374
126 484
126 579
126 843
127 142
127 234
127 342
127 365
127 454
127 626
127 650
127 739
127 749
127 780
128 229
128 299
128 305
128 361
128 457
128 470
128 494
128 551
128 820
129 171
129 175
129 203
129 212
129 217
129 238
129 281
129 303
129 345
129 355
129 382
129 385
129 411
129 432
129 553
129 580
129 591
129 688
129 736
129 860
129 880
129 891
129 912
129 926
130 429
130 656
130 703
131 135
131 136
131 195
131 368
131 390
131 445
131 768
132 170
132 177
132 259
132 350
132 402
132 437
132 446
132 480
132 760
132 796
132 932
133 165
133 167
133 230
133 238
133 277
133 370
133 371
133 376
133 596
133 704
133 921
134 330
134 687
134 731
134 863
134 940
134 956
135 215
135 306
135 459
135 461
135 535
135 558
135 609
135 771
135 801
135 949
136 181
136 250
136 363
136 369
136 387
136 458
136 489
136 517
136 634
136 662
136 699
136 709
136 721
136 880
136 886
136 903
137 214
137 275
137 285
137 310
137 334
137 394
137 655
137 810
137 904
138 518
138 523
138 646
138 807
139 226
139 253
139 255
139 256
139 417
139 533
139 580
140 273
140 305
140 364
140 620
140 626
140 659
140 704
140 806
140 807
140 925
141 263
141 291
141 324
141 552
141 556
141 595
141 667
141 704
141 744
141 755
141 867
142 204
142 215
142 294
142 311
142 338
142 350
142 683
142 860
142 922
142 942
143 533
144 760
144 909
145 146
145 288
145 373
145 576
146 151
146 178
146 195
146 227
146 330
146 386
146 460
146 512
146 688
146 809
147 154
147 160
147 248
147 250
147 455
147 888
148 223
148 279
148 297
148 589
148 725
148 752
148 769
149 224
149 325
149 402
150 284
150 323
150 946
151 202
151 258
151 347
151 410
151 530
151 535
151 685
151 829
152 237
152 310
152 710
152 921
152 954
153 642
153 645
153 726
153 736
153 828
154 190
154 235
154 554
154 837
154 869
155 228
155 401
155 427
155 465
155 537
155 669
155 816
156 568
156 644
157 178
157 192
157 420
157 458
157 579
157 631
157 768
157 862
158 514
158 955
159 172
159 217
159 227
159 268
159 309
159 336
159 380
159 439
159 676
159 876
160 467
161 263
161 440
161 441
161 593
161 661
161 916
163 172
163 213
163 221
163 229
163 274
163 415
163 469
163 496
163 596
163 630
163 685
163 691
163 770
164 224
164 249
164 274
164 319
164 360
164 399
164 487
164 586
164 921
165 186
165 220
165 266
165 548
165 561
165 937
165 954
166 180
166 425
166 527
166 660
166 751
167 219
167 235
167 259
167 390
167 646
167 723
167 865
168 216
168 225
168 389
168 417
168 848
169 186
169 188
169 197
169 252
169 318
169 321
169 383
169 397
169 938
170 602
170 698
170 756
170 901
171 186
171 286
171 412
171 429
171 470
171 477
171 479
171 517
171 527
171 575
171 635
171 659
171 738
171 791
172 210
172 355
172 401
172 429
172 474
172 622
173 306
173 334
173 892
173 902
174 182
174 274
174 278
174 316
174 434
174 658
174 716
174 801
175 314
175 345
175 357
175 370
175 889
176 372
176 432
176 614
176 637
176 663
176 795
176 956
177 209
177 225
177 294
177 354
177 454
177 495
177 543
177 547
177 602
177 705
178 206
178 280
178 322
178 326
178 409
178 418
178 490
178 552
178 669
178 734
178 793
179 269
179 278
179 280
179 290
179 312
179 446
179 458
179 462
179 466
179 476
179 498
179 595
179 695
179 785
179 922
180 237
180 272
180 340
180 367
180 507
180 511
180 572
180 703
181 222
181 951
182 297
182 621
182 643
182 658
182 663
182 811
183 235
183 774
184 245
184 290
184 333
184 541
184 548
184 576
184 589
184 650
184 762
185 208
185 213
185 237
185 248
185 372
185 374
185 494
185 502
185 587
185 797
185 812
186 189
186 332
186 419
186 642
186 772
186 845
187 376
187 503
187 702
187 928
188 222
188 234
188 311
188 673
188 808
188 818
189 191
189 233
189 305
189 491
189 562
189 623
189 649
190 209
190 219
190 273
190 274
190 285
190 328
190 374
190 436
190 564
191 241
191 465
191 525
191 627
191 629
191 827
192 785
193 224
194 349
195 201
195 220
195 292
195 468
195 536
195 541
195 568
195 617
195 849
195 875
196 203
196 373
196 402
196 484
196 629
196 674
196 758
196 775
197 318
197 329
197 629
197 647
197 665
197 753
198 212
198 282
198 303
198 338
198 634
198 755
198 813
198 887
199 302
199 329
199 394
199 757
200 535
200 606
200 629
201 223
201 243
201 267
201 440
201 453
202 218
202 272
202 338
202 371
202 594
202 636
202 706
202 803
203 299
203 341
203 344
203 367
203 374
203 502
203 569
203 624
203 671
203 713
203 777
203 796
203 839
204 426
204 447
204 792
204 805
205 229
205 272
205 570
205 732
206 238
206 330
206 406
206 627
206 913
207 401
207 530
207 571
207 657
208 337
209 223
209 364
209 395
209 463
209 525
209 668
210 237
210 311
210 363
210 542
210 648
210 740
210 754
210 806
210 895
211 245
211 730
212 231
212 304
212 308
212 404
212 408
212 595
212 868
212 936
213 220
213 283
213 381
213 540
213 580
213 788
213 798
214 790
214 823
215 272
215 534
215 539
215 582
215 740
215 741
215 809
215 870
215 906
215 953
216 298
216 466
216 487
216 526
217 276
217 360
217 415
217 492
217 497
218 262
218 430
218 515
218 824
219 408
219 746
219 920
220 230
220 273
220 444
220 669
220 712
220 717
221 700
222 435
222 468
222 524
222 545
222 779
222 840
223 224
223 271
223 277
223 523
223 677
223 750
225 270
225 724
225 896
226 280
226 290
226 659
227 278
227 317
227 318
227 334
227 359
227 368
227 415
227 483
227 500
227 531
227 804
227 813
227 817
227 870
228 230
228 333
228 369
228 424
228 451
228 778
228 804
229 232
229 347
229 431
229 435
229 485
229 786
230 286
230 334
230 335
230 587
230 623
230 653
230 729
230 743
230 872
231 246
231 252
231 374
231 383
231 439
231 532
231 608
231 658
231 701
231 868
232 250
232 253
232 342
232 351
232 391
232 501
232 550
232 581
232 606
232 652
232 759
232 878
233 436
233 834
234 328
234 378
234 718
235 245
235 320
235 609
235 943
236 298
236 441
236 480
236 753
237 243
237 295
237 370
237 437
237 449
237 668
237 880
237 903
238 442
238 582
238 588
238 657
239 331
239 450
239 756
239 761
240 313
240 337
240 385
240 624
240 681
240 682
240 784
242 291
242 297
242 304
242 315
242 325
242 349
242 792
242 819
242 914
243 528
244 296
244 394
244 577
244 729
244 940
245 373
245 438
245 569
245 643
245 803
245 900
246 271
246 371
246 405
246 427
246 444
246 463
246 483
246 499
246 523
246 605
246 608
246 620
246 627
246 699
246 755
246 828
246 884
246 897
247 268
247 594
247 631
247 866
247 917
248 283
248 288
248 539
248 562
249 298
250 300
250 308
250 446
250 600
250 779
251 438
251 681
252 308
252 513
252 668
252 717
252 931
253 303
253 313
253 355
253 436
253 623
253 813
254 431
254 949
255 343
255 571
255 584
255 619
257 430
257 507
257 578
257 647
257 872
257 893
257 930
258 327
258 347
258 534
258 622
258 733
258 787
258 838
258 840
258 944
259 336
260 384
260 470
260 649
261 265
261 354
261 421
261 461
261 611
261 846
261 913
261 927
262 377
262 560
263 340
263 341
263 848
264 426
264 464
264 493
264 619
264 701
265 559
265 589
266 329
266 387
266 542
266 888
267 345
267 358
267 425
267 470
267 566
267 652
267 933
268 742
268 880
269 318
269 396
269 672
269 797
269 857
270 281
270 414
270 590
270 612
270 688
271 416
271 474
271 882
272 281
272 327
272 634
272 667
272 858
272 951
273 359
273 456
273 488
273 604
273 615
273 670
273 707
273 934
274 370
274 568
275 389
275 461
275 770
275 773
275 794
276 317
276 326
276 348
276 567
276 614
276 698
276 782
276 804
276 868
277 419
277 611
277 710
277 713
277 841
277 867
278 380
278 618
279 342
279 584
280 438
280 486
280 496
280 531
280 549
280 740
281 728
281 799
282 393
282 575
283 446
283 570
283 727
283 734
283 807
283 851
283 927
283 940
284 809
285 314
285 838
285 883
286 344
286 514
286 586
286 803
287 740
287 877
287 938
288 615
288 753
289 312
289 347
289 382
289 409
289 547
289 595
289 686
289 739
289 912
290 302
290 330
290 338
290 498
290 525
290 832
290 895
290 924
291 351
291 375
291 403
291 529
291 554
291 620
291 631
291 873
292 389
292 476
292 517
292 627
293 318
293 860
293 901
294 370
294 538
294 556
294 704
294 779
294 896
294 915
295 346
295 459
295 464
295 599
295 735
296 899
297 322
297 482
297 674
297 922
297 926
298 348
299 495
299 680
299 745
300 426
300 551
300 758
300 952
301 640
301 854
301 867
301 948
301 950
302 352
302 423
302 450
305 478
305 508
305 590
305 820
305 839
306 528
306 894
307 410
307 750
308 813
309 728
309 873
310 420
310 569
310 613
310 862
311 346
311 351
311 362
311 480
311 521
311 618
311 641
311 890
311 945
312 402
312 472
313 462
313 645
313 696
313 734
313 866
313 915
314 317
314 640
314 799
314 857
315 663
315 692
316 371
316 635
317 353
317 380
317 390
317 391
317 431
317 709
318 450
318 481
318 585
318 667
318 692
319 780
320 433
320 893
321 403
321 575
321 769
321 774
321 792
321 929
321 948
322 350
322 689
322 937
323 395
323 734
324 378
325 366
325 393
325 522
325 538
326 551
326 565
326 747
327 356
327 378
327 514
327 554
327 601
327 731
329 345
329 460
329 486
329 676
330 368
330 393
330 402
330 411
330 772
331 654
332 644
332 654
332 684
333 388
333 396
333 543
333 565
333 626
333 683
333 815
333 884
334 432
334 695
334 953
335 773
336 414
337 711
337 852
337 871
337 945
338 721
339 593
340 398
340 430
340 552
340 767
340 788
340 905
341 504
341 509
341 791
341 847
343 362
343 673
344 784
345 902
346 761
347 680
347 788
348 367
348 738
348 772
349 353
349 638
350 425
350 445
350 465
350 515
350 611
350 706
351 419
351 532
351 639
351 767
352 493
352 497
352 744
352 757
352 779
353 407
353 685
354 355
354 557
354 649
355 462
355 505
355 640
355 796
355 814
356 465
356 492
356 522
356 530
356 603
356 674
356 952
357 483
358 546
358 619
358 897
359 816
359 818
360 369
360 373
360 393
360 424
360 491
360 563
360 745
360 806
361 665
362 380
362 428
362 509
362 714
362 761
362 762
362 784
362 877
362 887
364 625
365 574
365 928
365 946
366 553
367 493
367 941
368 426
368 577
368 716
368 731
368 749
369 395
369 485
369 825
369 876
370 690
371 720
372 404
373 424
373 481
373 504
374 454
375 455
375 544
376 720
377 424
377 469
377 587
377 610
377 894
378 632
379 476
379 671
379 824
379 841
380 572
380 835
381 386
381 484
381 489
381 597
381 693
382 677
382 719
382 790
383 605
384 854
384 882
385 388
385 504
386 451
386 637
387 490
387 612
387 838
387 902
387 952
388 423
388 571
388 709
389 410
389 516
389 561
389 601
389 611
389 720
391 766
392 898
394 401
394 557
396 836
397 449
397 467
397 474
397 679
397 749
398 664
398 777
398 812
399 709
399 849
400 488
400 627
400 939
400 954
401 557
401 604
401 607
401 726
401 886
402 452
402 667
402 891
402 954
403 473
403 539
403 780
403 863
404 610
404 639
404 698
404 874
405 440
405 585
405 697
405 800
407 444
407 517
407 552
407 602
407 604
407 723
407 732
407 820
407 932
409 730
409 740
409 805
410 417
410 469
410 789
410 949
411 452
412 422
412 430
412 712
412 744
412 749
413 468
414 491
414 636
414 797
414 934
414 937
415 489
415 608
415 677
416 608
416 622
416 942
417 563
417 624
418 714
418 719
418 750
418 868
419 443
419 621
420 579
420 610
421 462
421 480
421 503
421 516
421 518
421 878
422 669
422 674
422 812
423 541
423 776
423 844
424 628
424 839
425 706
425 726
425 804
425 837
425 912
426 839
427 453
427 766
427 810
428 494
428 598
428 716
430 437
430 597
430 754
431 688
431 696
431 730
431 910
432 553
432 737
432 857
433 613
433 686
433 885
434 642
434 778
434 844
437 678
437 831
437 929
437 951
438 488
439 565
439 628
439 721
442 757
443 473
443 594
443 682
443 705
444 617
444 673
444 929
445 715
446 503
446 521
447 448
447 787
448 470
448 607
448 670
448 741
449 609
451 564
451 645
451 881
452 573
452 765
453 605
453 937
454 478
454 505
454 777
455 609
455 660
455 690
455 698
456 475
456 745
456 817
456 843
457 762
458 918
459 504
459 717
459 798
459 807
459 847
460 718
460 781
460 951
461 715
462 683
462 840
463 596
465 510
465 876
466 625
466 778
466 861
467 563
467 600
467 637
468 583
468 644
469 578
469 879
470 847
471 541
472 555
472 581
472 664
472 688
472 728
472 786
473 481
473 578
473 646
474 559
476 918
477 513
477 621
478 759
478 783
479 483
479 506
479 705
480 748
480 856
482 515
483 547
483 861
484 508
484 560
484 883
485 605
485 725
486 526
486 903
487 842
487 862
488 698
488 798
490 498
490 531
491 697
491 737
492 512
492 771
492 914
493 625
493 630
493 912
494 511
495 653
496 795
496 817
497 612
497 923
498 793
500 660
500 775
500 835
501 562
501 829
501 876
502 650
503 544
503 621
503 662
503 665
503 842
504 523
504 554
506 695
506 792
506 938
507 536
507 799
507 932
508 565
508 831
509 887
510 536
510 720
512 759
513 531
513 783
513 800
513 828
515 861
516 559
517 640
517 691
518 522
518 702
519 528
519 579
521 618
521 646
521 684
521 693
521 694
521 853
522 915
524 759
524 794
524 858
525 584
525 941
526 535
526 592
526 597
526 622
529 542
529 653
530 869
530 903
531 588
532 782
532 786
534 600
534 643
534 849
535 636
535 855
537 544
537 570
537 617
537 746
538 660
538 935
539 696
539 832
539 932
540 566
541 603
541 685
542 547
542 552
542 666
542 742
542 870
543 694
544 830
544 859
544 901
545 683
545 713
545 738
545 844
545 871
545 928
546 591
546 750
547 550
547 630
547 713
547 917
548 735
548 790
548 840
549 815
549 895
550 617
550 673
550 708
551 786
551 905
553 586
553 654
553 768
554 587
554 595
555 576
555 687
555 854
555 924
556 850
556 919
557 694
557 861
558 712
558 718
558 790
558 836
560 615
560 751
560 857
562 874
564 635
565 830
567 606
567 665
569 638
569 871
572 701
574 609
574 681
574 870
575 583
575 699
575 736
575 887
576 765
576 918
577 631
578 927
578 954
583 613
583 657
583 845
583 900
584 726
584 727
584 842
585 639
585 888
586 593
586 837
586 892
588 794
590 679
590 745
590 825
590 910
591 803
592 722
593 601
594 864
594 874
595 610
595 776
595 826
595 877
596 754
596 763
596 782
597 625
597 680
597 691
599 923
601 644
602 941
603 703
605 850
606 908
607 638
608 870
609 697
609 781
609 883
609 897
610 633
610 895
612 693
612 916
612 919
613 619
613 636
613 686
613 709
613 733
613 859
613 884
615 803
615 873
616 707
616 798
616 896
618 668
618 680
618 727
619 881
622 664
622 783
626 764
626 906
626 922
626 955
627 666
628 943
629 695
629 906
630 783
630 922
631 774
632 732
632 833
635 651
635 834
635 842
635 876
636 858
638 835
640 741
640 953
641 689
641 891
642 726
642 812
644 833
645 822
645 829
646 889
647 719
647 799
649 677
649 743
649 751
649 869
650 741
650 842
651 744
651 956
653 655
653 889
654 865
654 902
655 846
655 898
657 865
658 664
658 711
660 738
660 758
661 821
662 682
662 861
665 818
665 939
667 675
669 862
669 934
670 681
670 692
670 859
671 714
672 872
673 783
673 839
674 956
677 763
678 716
678 721
678 860
678 899
679 747
679 905
679 916
679 930
681 904
681 912
681 918
681 930
685 856
687 792
688 748
689 762
689 770
690 802
692 729
692 751
693 786
694 739
694 764
694 934
695 800
695 814
697 852
697 853
699 788
700 853
702 830
705 739
705 856
706 758
708 767
712 832
714 821
716 722
717 865
718 866
719 752
720 831
721 760
721 911
723 735
723 945
724 780
725 820
725 941
727 813
727 864
727 885
731 787
731 820
734 822
736 919
737 814
737 825
739 827
739 947
740 781
741 778
743 755
744 891
746 845
747 913
748 768
750 841
750 921
752 819
755 879
755 899
757 773
758 890
762 808
767 828
771 925
774 863
774 886
786 838
789 855
790 802
794 834
795 931
800 834
804 950
805 855
808 930
810 854
811 863
813 935
817 832
817 942
819 948
820 885
820 907
825 893
831 933
832 936
832 948
833 887
835 875
835 953
838 945
839 949
840 877
850 914
850 917
860 873
866 907
877 941
879 881
880 886
889 947
890 913
891 939
899 944
904 911
904 944
910 915
910 920
910 943
