0 1
0 2
0 3
0 4
0 5
0 6
0 7
0 8
0 9
0 10
0 14
0 15
0 17
0 18
0 20
0 22
0 24
0 26
0 27
0 28
0 29
0 32
0 35
0 36
0 37
0 44
0 45
0 52
0 55
0 59
0 67
0 74
0 80
0 87
0 90
0 92
0 98
0 110
0 127
0 141
0 147
0 149
0 160
0 164
0 178
0 181
0 184
0 196
0 203
0 204
0 215
0 224
0 236
0 256
0 288
0 291
0 304
0 305
0 308
0 316
0 321
0 329
0 333
0 343
0 360
0 374
0 381
0 388
0 404
0 406
0 414
0 424
0 449
0 467
0 474
0 485
0 495
0 517
0 528
0 608
0 637
0 657
0 676
0 703
0 741
0 745
0 752
0 762
0 796
0 799
0 815
0 840
0 856
0 870
0 882
0 897
0 900
0 970
0 979
0 991
0 1018
0 1019
1 257
2 6
2 7
2 11
2 13
2 22
2 26
2 46
2 50
2 53
2 54
2 56
2 70
2 86
2 102
2 115
2 118
2 120
2 131
2 138
2 146
2 239
2 253
2 318
2 324
2 330
2 345
2 371
2 372
2 374
2 432
2 446
2 466
2 511
2 515
2 536
2 544
2 643
2 657
2 778
2 821
2 856
2 885
2 891
2 962
3 6
3 7
3 8
3 9
3 11
3 12
3 16
3 17
3 19
3 24
3 27
3 29
3 30
3 39
3 40
3 44
3 69
3 86
3 97
3 101
3 112
3 127
3 135
3 159
3 163
3 164
3 184
3 205
3 206
3 210
3 212
3 218
3 246
3 258
3 296
3 326
3 337
3 397
3 430
3 443
3 464
3 514
3 526
3 540
3 553
3 589
3 601
3 602
3 648
3 702
3 756
3 784
3 845
3 879
3 886
3 893
3 904
3 934
3 1010
4 6
4 7
4 10
4 15
4 18
4 21
4 32
4 39
4 56
4 58
4 60
4 67
4 80
4 107
4 109
4 129
4 131
4 157
4 167
4 183
4 186
4 187
4 199
4 208
4 216
4 233
4 234
4 235
4 244
4 262
4 266
4 270
4 273
4 284
4 294
4 303
4 328
4 345
4 361
4 364
4 401
4 409
4 421
4 447
4 460
4 465
4 471
4 480
4 492
4 502
4 529
4 561
4 563
4 570
4 632
4 637
4 679
4 697
4 725
4 768
4 775
4 819
4 833
4 888
4 943
4 955
4 982
4 995
4 1018
4 1026
5 6
5 8
5 9
5 12
5 15
5 16
5 18
5 21
5 23
5 29
5 33
5 38
5 43
5 46
5 47
5 49
5 50
5 52
5 64
5 69
5 73
5 77
5 82
5 87
5 88
5 109
5 110
5 114
5 125
5 141
5 154
5 168
5 169
5 178
5 186
5 188
5 207
5 237
5 272
5 275
5 277
5 318
5 332
5 338
5 348
5 381
5 383
5 418
5 437
5 455
5 457
5 507
5 525
5 579
5 581
5 615
5 626
5 689
5 713
5 756
5 761
5 813
5 825
5 826
5 858
5 907
5 910
5 918
5 919
5 921
5 980
5 987
5 990
6 7
6 8
6 13
6 15
6 16
6 17
6 18
6 19
6 21
6 22
6 23
6 24
6 26
6 28
6 29
6 35
6 42
6 43
6 46
6 57
6 58
6 59
6 61
6 65
6 66
6 70
6 72
6 75
6 85
6 90
6 95
6 98
6 99
6 107
6 109
6 113
6 115
6 121
6 133
6 134
6 146
6 163
6 180
6 186
6 192
6 194
6 196
6 202
6 204
6 213
6 218
6 221
6 227
6 253
6 256
6 264
6 276
6 284
6 326
6 334
6 344
6 352
6 353
6 367
6 380
6 388
6 403
6 408
6 410
6 413
6 454
6 483
6 497
6 507
6 509
6 511
6 512
6 518
6 539
6 553
6 558
6 565
6 571
6 587
6 588
6 605
6 621
6 631
6 637
6 663
6 667
6 677
6 678
6 679
6 680
6 691
6 714
6 730
6 759
6 766
6 769
6 772
6 782
6 783
6 792
6 807
6 855
6 858
6 868
6 871
6 895
6 939
6 950
6 966
6 981
6 1013
6 1016
6 1024
7 8
7 9
7 10
7 11
7 12
7 13
7 14
7 19
7 21
7 31
7 33
7 35
7 43
7 44
7 48
7 51
7 55
7 56
7 58
7 64
7 71
7 83
7 92
7 96
7 98
7 100
7 103
7 104
7 109
7 112
7 122
7 125
7 128
7 129
7 135
7 136
7 143
7 144
7 147
7 157
7 165
7 170
7 176
7 187
7 191
7 193
7 198
7 205
7 215
7 238
7 244
7 252
7 255
7 273
7 275
7 279
7 282
7 287
7 293
7 295
7 304
7 320
7 335
7 336
7 339
7 344
7 359
7 362
7 367
7 375
7 377
7 383
7 386
7 389
7 390
7 393
7 404
7 405
7 424
7 434
7 441
7 451
7 462
7 473
7 497
7 499
7 500
7 506
7 513
7 530
7 539
7 553
7 554
7 574
7 590
7 594
7 605
7 610
7 611
7 612
7 628
7 629
7 633
7 644
7 645
7 682
7 693
7 696
7 699
7 707
7 737
7 741
7 744
7 754
7 758
7 760
7 770
7 776
7 798
7 802
7 824
7 857
7 862
7 873
7 880
7 898
7 899
7 910
7 911
7 925
7 929
7 963
7 974
7 977
7 978
7 981
7 986
7 991
7 1006
7 1022
8 9
8 10
8 11
8 12
8 15
8 17
8 19
8 20
8 22
8 23
8 25
8 26
8 38
8 48
8 49
8 52
8 53
8 60
8 61
8 66
8 68
8 71
8 78
8 79
8 83
8 89
8 94
8 102
8 113
8 133
8 137
8 140
8 148
8 150
8 151
8 156
8 161
8 166
8 192
8 193
8 233
8 251
8 255
8 259
8 281
8 301
8 334
8 340
8 384
8 418
8 431
8 442
8 507
8 519
8 522
8 524
8 526
8 550
8 587
8 593
8 596
8 598
8 671
8 696
8 698
8 714
8 731
8 737
8 801
8 804
8 808
8 816
8 861
8 869
8 870
8 880
8 883
8 884
8 903
8 915
8 962
8 985
8 998
8 1008
8 1020
9 10
9 11
9 12
9 13
9 14
9 16
9 19
9 20
9 21
9 23
9 24
9 27
9 30
9 31
9 32
9 33
9 34
9 36
9 40
9 45
9 49
9 51
9 55
9 61
9 77
9 79
9 84
9 96
9 102
9 117
9 130
9 132
9 147
9 150
9 152
9 155
9 158
9 165
9 166
9 175
9 200
9 201
9 205
9 210
9 216
9 224
9 248
9 252
9 254
9 259
9 261
9 273
9 278
9 307
9 309
9 320
9 390
9 391
9 392
9 394
9 415
9 444
9 448
9 452
9 462
9 466
9 483
9 484
9 497
9 500
9 506
9 529
9 558
9 579
9 583
9 655
9 663
9 696
9 709
9 735
9 737
9 825
9 851
9 921
9 937
9 958
9 976
9 983
9 997
10 13
10 20
10 22
10 23
10 25
10 30
10 31
10 34
10 36
10 39
10 40
10 42
10 43
10 45
10 47
10 48
10 54
10 55
10 57
10 60
10 61
10 85
10 86
10 87
10 100
10 108
10 113
10 120
10 124
10 127
10 128
10 131
10 137
10 139
10 152
10 155
10 159
10 161
10 164
10 178
10 185
10 186
10 187
10 189
10 194
10 207
10 217
10 219
10 225
10 246
10 261
10 280
10 285
10 290
10 296
10 300
10 306
10 317
10 324
10 325
10 329
10 331
10 346
10 376
10 390
10 397
10 399
10 403
10 405
10 428
10 435
10 438
10 440
10 456
10 469
10 474
10 503
10 534
10 567
10 621
10 627
10 639
10 645
10 646
10 662
10 664
10 670
10 687
10 704
10 731
10 777
10 786
10 790
10 814
10 870
10 914
10 924
10 931
10 937
10 959
10 993
10 1001
10 1009
11 14
11 16
11 17
11 32
11 34
11 70
11 105
11 114
11 116
11 123
11 191
11 199
11 210
11 217
11 222
11 227
11 265
11 377
11 393
11 468
11 491
11 516
11 528
11 543
11 580
11 604
11 661
11 669
11 735
11 739
11 771
11 773
11 776
11 909
11 939
12 31
12 45
12 51
12 53
12 62
12 65
12 72
12 86
12 103
12 122
12 129
12 130
12 132
12 133
12 142
12 152
12 179
12 191
12 211
12 212
12 220
12 249
12 277
12 280
12 286
12 354
12 360
12 389
12 411
12 412
12 416
12 434
12 482
12 483
12 508
12 531
12 533
12 606
12 647
12 695
12 744
12 807
12 916
12 924
12 938
13 14
13 32
13 38
13 67
13 82
13 95
13 110
13 117
13 206
13 209
13 218
13 263
13 278
13 322
13 385
13 411
13 423
13 427
13 479
13 502
13 643
13 662
13 735
13 815
14 44
14 68
14 74
14 77
14 104
14 118
14 151
14 179
14 190
14 213
14 240
14 278
14 329
14 366
14 417
14 509
14 576
14 625
14 659
14 685
14 729
14 756
14 780
14 781
14 841
14 878
15 49
15 64
15 81
15 140
15 160
15 186
15 256
15 292
15 419
15 420
15 458
15 585
15 612
15 659
15 666
15 668
15 753
15 815
15 829
15 868
15 916
15 935
15 954
15 963
15 978
15 998
16 18
16 57
16 63
16 72
16 73
16 156
16 161
16 282
16 306
16 317
16 422
16 426
16 433
16 434
16 447
16 458
16 527
16 623
16 708
16 753
16 809
16 843
16 920
16 990
17 25
17 27
17 28
17 37
17 58
17 67
17 73
17 84
17 92
17 123
17 168
17 170
17 194
17 220
17 258
17 353
17 396
17 530
17 554
17 562
17 611
17 684
17 712
17 747
17 797
17 938
17 940
17 1006
17 1014
17 1025
18 24
18 25
18 47
18 48
18 54
18 57
18 60
18 68
18 70
18 78
18 79
18 134
18 140
18 141
18 151
18 175
18 200
18 209
18 211
18 229
18 240
18 243
18 247
18 249
18 252
18 257
18 262
18 264
18 299
18 305
18 324
18 332
18 367
18 426
18 452
18 490
18 496
18 517
18 539
18 550
18 606
18 611
18 636
18 648
18 654
18 725
18 726
18 739
18 762
18 902
18 976
18 999
18 1001
19 20
19 63
19 116
19 117
19 121
19 130
19 137
19 200
19 216
19 265
19 305
19 327
19 392
19 400
19 415
19 420
19 423
19 426
19 435
19 442
19 467
19 576
19 614
19 620
19 626
19 639
19 650
19 653
19 726
19 750
19 762
19 828
19 891
19 980
19 1016
20 57
20 89
20 120
20 136
20 250
20 253
20 512
20 836
20 879
20 1020
21 59
21 68
21 76
21 130
21 227
21 302
21 618
21 702
21 911
21 929
22 30
22 33
22 41
22 60
22 69
22 94
22 102
22 111
22 123
22 142
22 148
22 165
22 192
22 202
22 221
22 222
22 287
22 299
22 307
22 369
22 407
22 436
22 473
22 648
22 698
22 716
22 742
22 747
22 781
22 833
22 842
22 942
22 951
22 1005
22 1007
23 25
23 26
23 36
23 37
23 38
23 59
23 64
23 76
23 86
23 97
23 101
23 113
23 129
23 132
23 135
23 139
23 144
23 145
23 152
23 171
23 203
23 211
23 213
23 230
23 231
23 241
23 245
23 283
23 285
23 292
23 300
23 330
23 349
23 360
23 382
23 406
23 422
23 429
23 469
23 470
23 476
23 498
23 546
23 550
23 567
23 580
23 631
23 683
23 691
23 700
23 733
23 811
23 854
23 961
23 967
24 62
24 80
24 116
24 134
24 236
24 268
24 277
24 297
24 300
24 325
24 330
24 341
24 371
24 379
24 381
24 396
24 409
24 423
24 430
24 486
24 493
24 603
24 678
24 785
24 823
24 961
25 28
25 30
25 34
25 42
25 59
25 133
25 142
25 164
25 171
25 172
25 200
25 221
25 268
25 269
25 277
25 283
25 378
25 403
25 486
25 537
25 542
25 586
25 722
25 723
25 725
25 776
25 791
25 845
25 849
25 851
25 853
25 906
26 27
26 34
26 37
26 42
26 64
26 71
26 111
26 154
26 163
26 201
26 268
26 318
26 475
26 518
26 550
26 573
26 600
26 729
26 820
26 885
26 971
27 28
27 33
27 35
27 36
27 39
27 40
27 46
27 55
27 56
27 77
27 78
27 84
27 100
27 189
27 198
27 201
27 232
27 250
27 305
27 340
27 349
27 351
27 365
27 369
27 444
27 518
27 544
27 549
27 556
27 600
27 620
27 660
27 665
27 690
27 769
27 783
27 817
27 821
27 852
27 902
27 991
27 995
28 29
28 46
28 73
28 111
28 144
28 188
28 195
28 201
28 263
28 275
28 293
28 306
28 362
28 382
28 399
28 429
28 495
28 977
28 1018
29 31
29 35
29 42
29 62
29 96
29 112
29 150
29 171
29 195
29 207
29 337
29 355
29 436
29 445
29 488
29 535
29 582
29 590
29 627
29 963
29 966
30 39
30 47
30 50
30 56
30 62
30 66
30 94
30 125
30 132
30 177
30 194
30 208
30 245
30 251
30 283
30 325
30 328
30 331
30 350
30 358
30 363
30 416
30 487
30 494
30 513
30 534
30 594
30 682
30 683
30 690
30 691
30 719
30 740
30 781
30 807
30 838
30 876
30 919
30 1014
31 37
31 41
31 50
31 91
31 92
31 97
31 131
31 142
31 150
31 166
31 170
31 172
31 189
31 214
31 223
31 336
31 407
31 449
31 467
31 486
31 561
31 610
31 695
31 710
31 802
31 829
31 896
32 54
32 63
32 69
32 84
32 235
32 256
32 294
32 315
32 332
32 342
32 408
32 437
32 451
32 469
32 527
32 587
32 703
32 725
32 882
33 50
33 91
33 116
33 124
33 141
33 163
33 237
33 257
33 259
33 286
33 375
33 406
33 441
33 443
33 447
33 470
33 523
33 596
33 714
33 780
33 869
33 992
34 43
34 47
34 58
34 83
34 101
34 114
34 128
34 156
34 197
34 202
34 213
34 233
34 236
34 266
34 313
34 360
34 390
34 399
34 420
34 485
34 527
34 541
34 548
34 566
34 617
34 633
34 634
34 904
34 990
34 992
34 1021
35 38
35 41
35 48
35 75
35 88
35 91
35 94
35 119
35 120
35 126
35 134
35 198
35 238
35 247
35 267
35 310
35 407
35 555
35 617
35 640
35 687
35 727
35 737
35 757
35 786
35 860
35 923
36 41
36 74
36 100
36 127
36 149
36 182
36 245
36 258
36 267
36 271
36 370
36 377
36 398
36 456
36 511
36 520
36 591
36 610
36 644
36 779
36 819
36 866
36 930
36 939
37 41
37 51
37 90
37 106
37 157
37 210
37 223
37 224
37 378
37 394
37 409
37 413
37 477
37 515
37 557
37 576
37 585
37 620
37 690
37 738
37 751
37 872
37 1005
38 44
38 65
38 66
38 81
38 91
38 96
38 103
38 128
38 135
38 140
38 145
38 147
38 160
38 168
38 195
38 208
38 231
38 234
38 276
38 339
38 438
38 449
38 459
38 604
38 732
38 871
38 883
38 932
38 956
38 968
39 40
39 45
39 82
39 104
39 122
39 189
39 228
39 261
39 369
39 398
39 461
39 546
39 593
39 607
39 712
39 720
39 873
39 941
40 162
40 219
40 463
40 588
40 739
40 784
40 945
41 49
41 54
41 70
41 76
41 77
41 107
41 138
41 160
41 174
41 201
41 324
41 351
41 360
41 361
41 368
41 502
41 549
41 667
41 673
41 677
41 810
42 52
42 53
42 63
42 66
42 118
42 119
42 121
42 137
42 158
42 174
42 175
42 180
42 230
42 244
42 306
42 315
42 332
42 386
42 431
42 471
42 481
42 494
42 497
42 528
42 535
42 593
42 656
42 759
42 772
42 787
42 820
42 849
42 903
42 915
42 921
42 967
42 993
43 52
43 150
43 158
43 255
43 311
43 325
43 333
43 344
43 420
43 515
43 601
43 688
43 706
43 948
43 1009
44 53
44 79
44 173
44 174
44 183
44 187
44 395
44 411
44 452
44 594
44 658
44 688
44 812
44 918
44 1012
45 68
45 97
45 119
45 126
45 143
45 282
45 288
45 350
45 357
45 361
45 383
45 418
45 475
45 643
45 733
45 774
45 874
45 879
46 67
46 75
46 80
46 81
46 90
46 92
46 108
46 138
46 168
46 172
46 184
46 414
46 430
46 578
46 789
46 797
46 799
46 847
46 902
46 923
47 62
47 63
47 98
47 99
47 114
47 138
47 187
47 234
47 251
47 256
47 264
47 303
47 345
47 387
47 412
47 451
47 573
47 609
47 666
47 770
47 869
47 919
47 982
48 75
48 82
48 139
48 181
48 272
48 298
48 301
48 330
48 498
48 746
48 854
48 964
49 74
49 76
49 83
49 95
49 108
49 112
49 122
49 158
49 182
49 183
49 188
49 271
49 347
49 425
49 479
49 552
49 579
49 589
49 753
49 768
49 829
49 880
49 967
49 1029
50 51
50 78
50 89
50 117
50 143
50 145
50 153
50 173
50 177
50 181
50 183
50 228
50 243
50 245
50 254
50 275
50 276
50 342
50 348
50 350
50 495
50 544
50 635
50 759
50 764
50 984
51 61
51 82
51 102
51 118
51 171
51 178
51 179
51 328
51 367
51 427
51 577
51 908
51 917
51 937
51 945
51 965
52 121
52 139
52 209
52 293
52 311
52 316
52 345
52 369
52 380
52 476
52 565
52 669
52 721
52 742
52 911
52 940
52 1015
52 1023
53 181
53 205
53 217
53 254
53 312
53 368
53 440
53 508
53 512
53 613
53 651
53 763
54 93
54 105
54 136
54 175
54 206
54 412
54 472
54 505
54 543
54 630
54 633
54 676
54 795
54 839
54 1025
55 83
55 104
55 124
55 179
55 238
55 239
55 247
55 262
55 267
55 268
55 286
55 326
55 341
55 357
55 389
55 410
55 534
55 541
55 577
55 633
55 755
55 790
55 838
55 840
55 851
55 877
55 884
55 910
55 1019
56 69
56 99
56 149
56 208
56 214
56 225
56 265
56 272
56 294
56 323
56 326
56 342
56 354
56 366
56 469
56 471
56 546
56 588
56 645
56 649
56 721
56 873
56 900
56 957
57 84
57 111
57 115
57 128
57 148
57 204
57 226
57 236
57 284
57 294
57 298
57 333
57 397
57 560
57 607
57 618
57 709
57 751
57 798
57 818
57 844
57 877
57 894
57 927
57 958
57 1006
58 65
58 85
58 184
58 211
58 329
58 517
58 627
58 784
59 71
59 75
59 93
59 110
59 132
59 161
59 482
59 582
59 608
59 630
59 670
59 677
59 762
59 805
59 834
59 860
59 969
60 106
60 136
60 140
60 148
60 162
60 197
60 225
60 274
60 298
60 304
60 334
60 388
60 435
60 480
60 492
60 514
60 527
60 528
60 583
60 660
60 667
60 669
60 767
60 819
60 831
60 848
60 869
60 934
60 941
60 944
60 998
61 65
61 81
61 88
61 143
61 167
61 223
61 241
61 356
61 366
61 396
61 450
61 457
61 541
61 563
61 645
61 689
61 709
61 775
61 912
61 1013
62 85
62 116
62 141
62 182
62 263
62 285
62 379
62 457
62 552
62 599
62 717
62 748
62 801
62 888
62 1023
63 115
63 123
63 125
63 270
63 299
63 319
63 341
63 387
63 520
63 559
63 624
63 660
63 811
63 906
63 933
63 1013
64 149
64 164
64 175
64 190
64 239
64 292
64 358
64 364
64 436
64 465
64 506
64 555
64 624
64 661
64 710
65 130
65 176
65 194
65 386
65 509
65 623
65 900
65 1005
65 1027
66 89
66 134
66 253
66 313
66 373
66 381
66 411
66 516
66 551
66 666
66 777
66 786
66 876
66 999
67 98
67 99
67 101
67 106
67 120
67 121
67 154
67 159
67 203
67 205
67 215
67 337
67 377
67 404
67 422
67 448
67 459
67 477
67 532
67 564
67 575
67 652
67 654
67 714
67 834
67 893
67 931
68 71
68 72
68 76
68 87
68 100
68 103
68 106
68 112
68 114
68 115
68 145
68 169
68 203
68 227
68 241
68 277
68 289
68 290
68 292
68 308
68 327
68 336
68 338
68 340
68 359
68 367
68 372
68 417
68 426
68 438
68 445
68 466
68 479
68 496
68 502
68 519
68 523
68 548
68 583
68 601
68 617
68 757
68 764
68 765
68 772
68 799
68 803
68 806
68 821
68 825
68 826
68 854
68 888
68 913
68 960
68 981
68 990
68 993
68 994
68 996
68 1014
69 72
69 73
69 78
69 81
69 85
69 87
69 96
69 103
69 110
69 126
69 137
69 197
69 203
69 209
69 212
69 214
69 236
69 547
69 605
69 606
69 628
69 746
69 803
69 836
69 872
69 933
69 956
70 74
70 179
70 207
70 241
70 313
70 327
70 445
70 451
70 466
70 893
70 905
70 912
70 932
71 91
71 111
71 125
71 142
71 155
71 218
71 288
71 351
71 371
71 545
71 562
71 581
71 676
71 692
71 778
71 945
72 90
72 283
72 301
72 382
72 496
72 544
72 597
72 602
72 646
72 791
72 814
72 893
72 933
72 1028
73 192
73 340
73 349
73 374
73 405
73 545
73 565
73 594
73 681
73 749
74 101
74 160
74 196
74 832
75 88
75 97
75 173
75 196
75 209
75 243
75 264
75 312
75 398
75 448
75 574
75 659
75 713
75 811
75 932
75 934
76 80
76 156
76 161
76 188
76 195
76 206
76 242
76 257
76 287
76 319
76 512
76 540
76 547
76 803
76 874
76 915
77 93
77 177
77 183
77 249
77 310
77 322
77 352
77 643
77 647
77 684
77 736
77 867
77 982
78 79
78 89
78 105
78 157
78 206
78 355
78 387
78 621
78 916
79 131
79 368
79 447
79 591
80 358
80 463
80 472
80 619
80 812
81 94
81 169
81 235
81 276
81 322
81 381
81 478
81 545
81 717
81 865
81 929
81 1016
82 481
82 975
83 227
83 229
83 246
83 271
83 299
83 328
83 343
83 346
83 370
83 393
83 488
83 682
83 800
83 925
84 88
84 108
84 109
84 118
84 153
84 154
84 169
84 190
84 202
84 210
84 247
84 255
84 323
84 329
84 358
84 427
84 452
84 461
84 465
84 529
84 546
84 560
84 571
84 616
84 663
84 784
84 788
84 794
84 812
84 892
85 149
85 248
85 273
85 294
85 478
85 503
85 581
85 674
85 699
85 721
86 93
86 95
86 173
86 195
86 197
86 216
86 286
86 293
86 314
86 316
86 356
86 357
86 371
86 376
86 394
86 418
86 419
86 556
86 568
86 647
86 822
86 832
86 908
86 965
87 146
87 222
87 805
88 136
88 153
88 191
88 226
88 263
88 302
88 311
88 526
88 651
88 658
88 710
88 751
88 810
88 844
88 889
88 915
89 93
89 105
89 119
89 145
89 269
89 299
89 368
89 378
89 427
89 577
89 650
89 713
89 954
90 99
90 119
90 220
90 317
90 372
90 387
90 462
90 609
90 991
91 106
91 108
91 148
91 198
91 242
91 293
91 328
91 338
91 359
91 379
91 404
91 468
91 504
91 536
91 622
91 661
91 681
91 695
91 765
91 770
91 823
91 841
91 864
91 867
91 1004
91 1022
91 1027
92 144
92 155
92 283
92 297
92 320
92 454
92 575
92 592
92 638
92 779
92 789
93 95
93 113
93 124
93 138
93 229
93 267
93 333
93 402
93 415
93 425
93 431
93 434
93 568
93 596
93 643
93 656
93 718
93 763
93 998
94 174
94 384
94 433
94 616
94 722
94 816
94 875
94 892
95 162
95 177
95 370
95 384
95 531
95 850
96 107
96 364
96 400
96 402
96 489
96 892
97 147
97 176
97 248
97 322
97 459
97 522
97 562
97 669
97 700
97 731
97 785
97 810
97 927
97 939
97 997
98 144
98 159
98 224
98 238
98 312
98 348
98 410
98 455
98 543
98 565
98 604
98 605
98 723
98 753
98 906
99 123
99 240
99 285
99 436
99 515
99 701
99 731
100 169
100 248
100 274
100 391
100 525
100 608
100 675
100 701
100 708
100 710
100 817
100 821
100 910
100 914
100 948
100 971
101 104
101 159
101 654
101 981
102 245
102 595
102 738
103 177
103 250
103 309
103 313
103 339
103 433
103 440
103 724
103 831
103 974
104 105
104 162
104 202
104 395
104 567
104 627
104 770
105 135
105 176
105 280
105 313
105 315
105 317
105 365
105 376
105 443
105 445
105 501
105 570
105 598
105 738
105 741
105 756
105 800
105 841
105 844
105 855
105 880
105 881
105 895
105 984
105 986
105 990
105 1014
106 107
106 190
106 238
106 272
106 289
106 424
106 549
106 595
106 866
107 124
107 233
107 302
107 378
107 441
107 472
107 475
107 663
107 672
108 126
108 170
108 190
108 267
108 268
108 356
108 373
108 563
108 784
108 960
108 971
109 166
109 181
109 193
109 226
109 231
109 309
109 314
109 363
109 380
109 406
109 501
109 524
109 551
109 595
109 755
109 871
109 889
110 122
110 308
110 394
110 534
110 772
110 867
110 882
112 151
112 156
112 167
112 337
112 423
112 690
112 768
113 269
113 274
113 453
113 488
113 642
113 673
113 961
113 1022
114 146
114 193
114 296
114 368
114 484
114 600
114 615
114 683
114 894
114 1007
115 232
115 361
115 508
115 948
116 117
116 155
116 167
116 285
116 527
116 645
117 213
117 233
117 365
117 448
117 523
117 577
117 703
117 752
117 903
118 143
118 434
118 601
118 760
119 616
119 706
119 1017
120 212
120 446
120 504
120 842
121 126
121 133
121 154
121 400
121 419
121 638
121 728
121 747
121 771
121 862
121 876
122 253
122 320
122 460
122 463
122 521
122 572
122 715
123 139
123 172
123 204
123 260
123 266
123 340
123 427
123 555
123 641
123 1002
123 1025
124 127
124 310
124 320
124 351
124 663
124 822
125 129
125 157
125 635
125 682
125 835
126 279
126 444
126 489
126 530
126 613
126 754
126 905
127 260
127 428
127 493
127 644
127 721
127 740
127 755
127 780
127 894
127 917
128 146
128 188
128 244
128 323
128 359
128 374
128 385
128 395
128 411
128 412
128 492
128 494
128 506
128 564
128 575
128 649
128 852
128 891
128 944
128 989
128 1001
129 214
129 478
129 692
129 854
129 1028
130 265
130 451
130 534
130 542
130 730
130 886
130 972
131 173
131 416
131 752
132 158
132 199
132 219
132 231
132 246
132 437
132 464
132 475
132 572
132 676
132 697
132 796
132 922
133 180
133 207
133 217
133 229
133 260
133 279
133 327
133 363
133 541
133 769
133 843
133 1027
134 211
134 269
134 282
134 290
134 354
134 466
134 537
134 774
134 899
135 197
135 225
135 266
135 347
135 401
135 421
135 482
135 551
135 646
135 694
135 922
135 930
135 955
136 346
136 609
136 839
137 204
137 319
137 403
137 508
137 536
137 606
137 655
137 713
137 802
138 178
138 185
138 217
138 273
138 400
138 477
138 558
138 636
138 649
138 684
138 960
139 172
139 303
139 560
139 711
139 806
139 968
140 151
140 153
140 185
140 189
140 200
140 289
140 373
140 392
140 409
140 450
140 532
140 580
140 628
140 673
140 686
140 696
140 705
140 789
140 886
140 1015
141 260
141 380
141 751
142 163
142 167
142 185
142 300
142 347
142 412
142 586
142 660
142 762
142 871
143 290
143 307
143 375
143 402
143 419
143 584
143 630
143 716
143 846
144 165
144 166
144 184
144 216
144 220
144 243
144 338
144 484
144 530
144 537
144 594
144 631
144 678
144 757
144 898
145 447
145 494
145 544
145 704
145 787
146 312
146 352
146 567
147 336
147 338
147 355
147 426
147 431
147 493
147 532
147 599
147 848
148 198
148 240
148 833
148 929
148 946
149 153
149 237
149 262
149 362
149 364
149 537
149 609
149 641
149 733
149 787
149 872
149 898
149 910
149 950
149 961
149 964
149 1000
149 1008
150 152
150 180
150 182
150 622
150 695
150 771
150 773
151 850
152 165
152 290
152 456
152 555
152 612
152 974
153 176
153 453
153 491
153 573
153 598
154 182
154 239
154 241
154 242
154 589
154 701
154 769
154 778
154 865
154 914
154 1005
154 1007
155 174
155 192
155 257
155 281
155 321
155 372
155 422
155 425
155 441
155 446
155 607
155 829
155 831
155 950
156 347
156 388
156 453
156 461
156 618
156 628
156 992
156 1002
157 171
157 395
157 783
157 844
158 218
158 423
158 650
158 715
158 890
159 185
159 248
159 269
159 356
159 525
159 646
159 672
159 779
159 826
159 938
159 983
160 193
160 318
160 492
160 662
160 996
161 162
161 170
161 191
161 246
161 281
161 359
161 418
161 455
161 642
161 668
161 675
161 697
161 896
161 959
161 964
162 168
162 180
162 315
162 519
162 597
162 830
163 314
163 538
163 658
163 728
163 794
164 230
164 564
164 675
164 955
165 225
165 247
165 439
165 595
165 600
165 662
165 704
165 724
165 947
166 196
166 296
166 310
166 450
166 720
166 1010
167 468
167 566
167 586
167 754
167 984
168 335
168 375
168 558
168 614
168 659
168 673
168 677
168 700
169 383
169 456
169 463
169 787
169 970
169 1029
170 228
170 231
170 308
170 310
170 314
170 535
170 539
170 592
170 639
170 648
170 693
170 815
170 861
170 1008
171 362
171 370
171 471
171 880
172 199
172 219
172 319
172 379
172 402
172 430
172 473
172 564
172 593
172 636
172 653
172 680
172 962
173 230
173 237
173 276
173 284
173 305
173 354
173 385
173 578
174 322
174 458
174 505
174 672
174 840
175 346
175 356
175 399
175 474
175 657
175 721
175 786
176 288
176 289
176 363
176 509
176 554
176 634
176 649
176 655
176 796
176 835
177 222
177 223
177 270
177 342
177 498
177 634
177 664
177 845
177 945
177 946
177 996
178 223
178 266
178 291
178 321
178 334
178 355
178 357
178 432
178 433
178 823
178 832
178 885
179 224
179 303
179 385
179 439
179 530
179 566
179 860
179 999
180 263
180 512
180 590
180 804
180 828
180 831
181 281
181 378
181 849
181 850
181 1018
182 232
182 234
182 303
182 345
182 374
182 483
182 525
182 553
182 587
182 608
182 756
182 883
182 901
182 1001
183 228
183 250
183 272
183 275
183 282
183 297
183 301
183 335
183 408
183 422
183 510
183 580
183 650
183 740
183 852
183 870
183 895
183 968
184 215
184 249
184 295
184 380
184 460
184 585
184 922
184 931
185 242
185 280
185 358
185 428
185 613
186 521
186 781
187 214
187 960
188 199
188 271
188 449
189 258
189 295
190 215
190 219
190 220
190 288
190 351
190 354
190 395
190 415
190 420
190 501
190 605
190 835
190 965
190 973
190 976
190 1013
191 240
191 270
191 775
191 942
192 462
192 976
193 212
193 230
193 244
193 325
193 350
193 416
193 504
193 584
193 590
193 946
193 975
194 208
194 419
194 619
194 803
194 944
195 259
195 280
195 291
195 323
195 454
195 559
195 569
195 688
195 808
196 239
196 242
196 296
196 321
196 384
196 407
196 513
196 597
196 600
196 603
196 727
196 792
196 837
196 859
196 941
197 287
197 474
197 510
197 519
197 679
197 765
197 806
197 947
198 251
198 343
199 264
199 421
199 661
199 686
199 750
199 752
200 261
200 265
200 316
200 647
200 668
200 675
200 764
200 980
200 1005
201 469
201 634
201 768
201 887
202 226
202 693
202 714
202 892
203 226
203 301
203 619
203 728
203 845
204 376
204 413
204 545
204 578
204 587
204 722
204 738
204 774
204 805
204 860
204 924
205 259
205 309
205 481
206 221
206 297
206 552
206 766
206 795
207 481
207 921
208 251
208 274
208 421
208 487
208 514
208 542
208 719
208 754
209 326
209 472
209 994
210 235
210 396
210 429
210 994
211 289
211 413
212 324
213 221
213 278
213 300
213 311
213 331
213 366
213 490
213 504
213 531
213 618
213 748
213 828
213 1003
214 222
214 228
214 491
214 520
214 548
214 580
214 632
214 755
214 820
214 957
214 982
214 989
214 1017
215 316
215 417
215 624
215 635
215 757
215 830
215 881
215 1007
216 234
216 255
216 312
216 458
216 473
216 570
216 996
217 286
217 440
217 582
217 629
217 743
218 448
218 468
218 513
218 538
218 569
218 683
218 986
218 1019
219 292
219 365
219 401
219 432
219 485
219 523
219 712
219 723
219 766
219 1029
220 229
220 258
220 391
220 393
220 800
220 871
220 890
221 450
221 473
221 521
221 543
221 767
221 999
222 393
222 511
222 986
222 997
223 392
224 464
224 734
224 793
225 250
225 475
225 514
225 539
225 540
225 559
225 731
225 969
226 232
226 379
226 513
226 598
226 677
226 834
226 859
226 895
226 989
227 262
227 561
227 794
227 805
227 861
228 232
228 237
228 331
228 348
228 629
228 835
228 854
228 953
229 518
229 785
229 864
229 959
229 973
230 295
230 302
230 333
230 348
230 425
230 443
230 516
230 565
230 828
230 896
230 904
230 908
230 949
230 953
231 254
231 304
231 335
231 352
231 510
232 902
233 260
233 639
233 665
233 679
233 749
233 914
233 1012
234 235
234 243
234 252
234 270
234 278
234 318
234 344
234 505
234 610
234 629
234 744
234 827
234 842
235 382
235 392
235 777
235 800
236 414
236 952
237 349
237 350
237 352
237 446
237 490
237 574
237 604
238 249
238 279
238 341
238 371
238 726
238 959
239 298
239 735
239 846
239 886
240 365
240 463
240 491
240 625
240 745
240 879
240 942
241 295
241 398
241 548
241 601
241 602
241 697
242 323
242 332
242 353
242 452
242 454
242 500
242 573
242 628
242 811
242 859
242 945
243 361
243 432
243 566
243 874
243 978
243 1028
244 429
245 261
245 281
245 455
245 1002
246 252
246 331
246 387
246 674
246 797
246 994
247 254
247 408
247 621
247 694
247 903
249 384
249 522
249 680
251 401
251 568
251 936
252 414
252 562
252 640
253 626
253 834
254 304
254 344
254 406
254 417
254 730
254 777
254 831
254 876
255 444
255 694
255 1000
256 291
256 446
256 487
256 842
256 887
256 989
256 992
257 459
257 520
258 307
258 615
258 954
259 468
259 495
259 969
260 337
260 569
260 782
260 818
261 309
261 397
261 409
261 450
261 470
261 706
261 761
261 895
261 916
262 370
262 439
262 540
262 686
262 705
262 972
263 521
263 824
264 274
264 689
264 708
265 372
265 404
265 436
265 440
265 576
265 814
266 652
267 341
268 271
268 287
268 298
268 461
268 631
268 685
269 291
269 355
269 518
270 437
270 545
270 603
271 699
272 373
272 529
272 949
273 976
274 334
275 279
275 315
275 336
275 342
275 402
275 407
275 443
275 479
275 521
275 671
276 548
276 579
276 689
276 853
276 993
277 449
277 560
277 651
277 664
277 674
277 735
278 724
279 297
279 425
279 465
279 493
279 557
279 622
279 627
279 661
280 284
280 314
280 650
280 780
280 836
281 547
281 668
282 421
282 487
282 531
282 592
282 747
282 819
283 306
283 400
283 430
283 438
283 458
283 465
283 520
283 781
283 846
283 917
284 346
284 467
284 626
284 637
284 692
284 720
285 343
285 619
285 743
285 904
286 499
286 792
287 431
287 477
287 507
287 575
287 875
287 912
287 935
288 308
288 319
288 765
288 767
288 809
288 897
288 988
288 1008
290 302
290 339
290 401
290 439
290 507
290 559
290 736
290 825
291 457
291 702
291 899
292 571
293 339
293 398
293 503
293 509
293 583
293 952
294 311
294 364
294 676
294 767
294 777
294 917
295 383
295 480
295 500
295 848
295 1015
296 307
296 327
296 556
296 985
297 517
297 791
298 373
298 750
298 909
299 321
299 926
300 330
300 388
300 502
300 569
300 711
300 718
300 786
300 974
302 442
302 476
302 971
303 538
303 727
304 410
304 500
304 589
304 623
304 727
304 843
305 655
305 979
306 366
306 391
306 433
306 621
306 705
306 761
306 829
306 849
306 1006
307 578
307 614
308 464
308 620
308 787
308 797
308 923
309 445
309 522
309 750
309 934
310 525
310 928
311 464
311 557
311 585
311 686
311 816
311 862
312 362
312 503
312 704
312 758
313 809
313 837
313 912
314 417
314 535
314 794
315 317
315 529
315 652
315 918
316 728
316 775
316 943
316 947
317 432
317 481
317 486
317 672
318 343
318 375
318 438
318 477
318 524
318 547
318 794
318 863
320 524
320 581
320 618
320 824
320 936
321 347
321 416
321 459
321 606
321 887
321 894
321 905
322 707
322 795
322 839
323 353
323 435
323 505
323 558
323 660
323 711
323 743
323 909
324 496
324 528
324 542
324 896
325 377
325 657
325 826
325 849
326 586
326 734
327 723
328 396
328 397
328 405
328 497
328 802
329 579
329 1004
331 619
331 638
331 693
331 778
332 335
332 429
332 556
332 734
332 952
333 495
333 685
333 776
334 403
334 760
334 839
334 901
335 349
335 667
335 684
335 836
335 837
336 551
337 357
337 382
337 489
337 492
337 498
337 537
337 681
337 692
337 754
337 809
337 927
338 389
338 414
338 460
338 987
340 704
340 827
341 363
342 386
342 391
342 506
342 701
343 413
343 730
343 847
344 456
344 688
344 979
344 981
345 376
345 517
345 591
345 592
345 919
346 394
346 724
346 803
346 884
346 968
347 353
347 437
347 470
347 622
347 646
347 711
347 785
348 549
348 559
348 653
348 941
349 799
350 462
350 501
350 532
351 385
351 590
351 713
351 838
352 428
352 930
352 1006
353 511
354 460
354 867
354 889
355 625
355 632
355 687
356 602
356 671
356 782
357 369
357 564
357 613
358 478
359 592
361 390
361 476
361 488
361 526
361 697
361 888
361 917
361 992
362 598
362 656
362 725
362 877
362 911
363 439
363 694
363 789
363 801
364 494
364 695
364 741
364 857
364 957
364 1003
364 1011
365 680
365 758
365 783
366 455
366 538
366 632
366 652
366 732
366 907
366 996
367 405
367 675
368 410
368 571
368 586
368 642
368 778
368 881
368 919
368 920
369 486
369 595
369 615
369 616
369 956
370 399
370 582
370 656
370 853
371 659
371 765
371 828
371 873
371 938
371 943
372 472
372 773
372 876
373 612
373 817
374 514
374 566
375 408
375 726
375 817
376 424
376 444
376 524
377 727
377 947
378 890
378 924
379 496
379 624
379 846
380 480
380 630
380 657
380 764
380 807
381 386
381 389
381 515
381 533
381 737
381 844
381 877
382 542
382 599
382 608
382 724
382 830
382 890
383 428
383 723
383 760
383 801
383 931
384 577
384 817
384 928
385 415
385 476
385 499
385 740
385 764
385 958
386 633
386 636
387 441
387 478
387 720
387 761
387 907
387 937
388 626
388 665
388 859
388 885
389 749
389 810
389 858
389 884
389 918
389 947
390 435
390 541
390 797
390 830
390 840
390 993
391 498
391 847
392 729
393 582
393 622
393 665
393 706
394 474
394 536
394 604
394 717
394 804
394 874
394 973
395 483
395 572
395 936
396 510
396 973
396 1023
397 613
398 909
399 490
400 482
400 489
400 698
401 453
401 593
401 722
401 958
401 999
402 846
403 692
404 614
404 623
405 424
405 485
405 637
405 888
405 967
405 983
406 553
406 670
406 930
407 576
407 610
407 644
408 535
408 745
408 825
409 442
409 523
409 712
409 812
410 453
410 461
410 479
410 893
410 963
411 499
411 568
411 685
411 761
412 570
412 616
412 818
412 918
412 952
412 980
413 736
413 834
415 974
416 567
417 493
417 531
417 702
417 712
417 747
418 629
418 802
419 599
419 703
420 552
420 796
420 972
421 457
421 607
421 682
421 701
421 706
422 491
422 687
422 711
422 774
422 957
425 658
425 914
426 536
426 685
427 484
427 508
427 550
427 698
427 716
427 863
427 997
428 631
428 707
428 709
428 896
429 551
429 572
429 639
429 673
429 719
430 819
430 943
432 642
433 607
433 953
433 987
434 733
434 905
435 467
435 836
437 503
437 504
437 574
438 584
438 588
438 966
439 709
440 442
440 581
440 738
440 746
440 772
440 799
440 925
440 944
441 672
441 853
442 480
442 499
442 638
442 641
442 958
442 985
443 501
443 505
443 570
443 615
443 827
444 519
444 546
444 788
445 563
445 634
445 743
446 641
446 669
446 898
446 988
447 557
447 624
447 640
447 859
447 962
447 986
448 454
448 617
448 763
449 569
449 782
450 554
450 746
452 490
452 554
452 739
452 768
452 795
453 798
453 901
454 543
454 640
455 471
455 620
456 516
456 1021
457 691
458 533
458 547
458 562
458 572
458 716
459 482
459 489
459 892
460 470
460 763
461 602
461 603
461 742
461 744
461 949
462 485
462 666
462 1020
463 484
466 568
466 788
466 913
467 847
467 984
468 557
469 792
469 972
470 793
470 857
471 488
471 791
471 798
471 925
472 532
472 745
472 763
472 847
472 858
472 963
472 1022
472 1026
473 848
476 561
477 822
478 487
478 671
478 815
479 814
479 995
480 522
480 699
480 906
481 623
481 964
483 588
483 722
483 924
483 940
485 540
485 573
485 801
486 882
486 891
488 549
488 630
488 664
488 970
489 635
490 589
490 684
491 668
491 700
493 800
493 868
494 632
494 638
494 793
495 882
496 510
496 578
496 603
496 670
496 901
496 969
497 556
497 636
497 818
498 671
499 533
499 652
500 611
500 742
501 941
502 533
502 538
502 575
502 617
502 732
502 851
502 862
502 884
502 902
503 560
503 654
503 775
503 865
503 890
503 953
503 1025
504 597
504 870
504 885
504 897
504 927
504 1026
505 526
505 1023
507 717
507 928
507 944
508 596
509 776
509 937
510 774
510 841
511 841
512 965
514 887
515 516
515 552
515 862
515 984
516 906
517 749
517 753
517 1029
521 584
521 726
523 555
525 850
525 889
526 681
528 948
530 591
531 642
532 561
532 1000
532 1007
532 1009
533 571
533 795
534 679
535 585
535 647
536 848
537 837
538 690
540 674
540 689
540 734
540 832
541 809
541 978
543 563
543 707
543 729
544 648
545 596
545 681
545 715
545 804
545 867
546 1010
548 739
549 666
549 1012
550 599
550 927
551 584
553 583
553 611
553 785
553 1000
554 810
554 936
555 597
555 635
555 805
555 969
557 843
557 979
558 612
558 748
558 905
558 1002
559 670
559 923
560 699
560 1012
562 883
563 696
563 838
564 644
564 653
564 770
564 921
564 1003
564 1017
565 788
565 985
566 654
566 951
567 898
569 651
569 653
569 708
570 574
571 708
572 911
572 1017
573 705
573 804
573 833
573 948
574 609
574 1004
575 641
575 732
575 961
576 728
578 835
578 1016
579 591
579 823
580 625
581 995
582 845
583 779
583 1009
585 745
585 861
586 783
587 719
587 925
588 766
589 1020
590 935
591 818
592 649
592 798
593 667
593 686
594 970
595 956
597 863
598 691
598 856
599 707
600 614
600 658
600 855
601 678
603 693
604 995
605 1022
607 866
607 949
608 698
608 736
608 852
608 971
609 851
609 1004
610 897
610 983
611 1026
612 989
613 640
614 687
614 718
614 771
614 791
614 907
614 922
614 1024
615 694
615 749
615 1026
617 733
617 998
618 655
618 656
618 710
618 752
618 757
619 625
620 651
620 683
620 988
621 736
621 822
622 879
624 881
624 978
625 678
625 780
626 759
627 933
627 987
628 808
630 758
630 975
632 740
632 746
632 913
633 966
634 755
634 827
635 758
637 718
637 920
637 955
639 823
639 856
639 857
641 832
641 872
641 894
642 720
642 1027
643 807
643 1010
643 1011
644 674
644 812
646 837
647 853
647 873
647 949
648 715
648 915
648 1011
649 665
649 789
649 838
649 966
650 716
650 743
650 750
650 850
652 744
653 792
653 878
655 680
656 700
657 806
658 664
658 816
658 858
658 863
658 897
658 938
658 940
658 952
660 826
661 662
663 962
664 729
664 734
664 957
664 977
666 903
667 730
667 868
667 975
670 688
671 715
671 719
671 742
671 822
671 950
672 808
673 759
674 878
674 982
674 1019
675 703
675 865
678 748
680 771
680 773
681 751
682 760
682 793
682 840
683 881
684 821
684 891
686 863
692 769
692 790
692 796
693 717
693 732
693 855
693 875
693 928
694 705
695 814
695 1001
696 887
699 1021
700 830
701 702
701 864
701 935
704 779
705 766
706 790
707 813
709 861
709 985
712 718
713 788
713 980
713 1003
714 899
714 973
714 1002
715 741
715 926
718 852
720 940
721 748
723 773
723 1025
726 813
726 907
728 857
728 1021
731 1015
732 977
734 856
734 977
735 1014
736 979
737 868
737 900
738 943
739 959
744 926
745 994
746 878
746 1027
746 1029
747 877
748 988
749 820
749 864
753 1018
754 935
754 964
755 811
755 827
755 860
755 866
755 997
756 767
756 813
756 864
758 983
759 813
759 1024
763 816
763 1023
765 1017
766 933
766 951
768 793
768 916
768 1003
769 1011
771 820
771 931
771 932
773 930
774 808
774 1015
775 790
775 954
777 874
777 899
779 782
779 869
780 1019
782 806
782 922
786 833
786 866
787 824
788 904
788 920
791 968
794 908
797 950
799 955
802 878
802 913
804 934
805 909
808 839
808 855
808 970
810 942
810 972
812 875
816 883
818 923
818 926
820 865
823 824
823 929
832 842
833 1000
836 886
838 913
841 843
841 926
844 908
845 939
846 936
847 1028
850 954
853 872
853 1016
855 1024
857 875
859 901
862 956
862 1009
862 1013
862 1024
863 991
865 1020
866 942
867 1008
868 960
869 912
881 946
884 987
885 932
887 889
892 946
896 900
896 988
900 967
904 928
917 920
922 1010
923 975
925 953
931 1011
943 951
946 1012
950 951
960 965
973 1021
978 1004
1011 1028
