0 1
0 2
0 3
0 4
0 5
0 6
0 7
0 10
0 14
0 16
0 19
0 26
0 27
0 33
0 35
0 36
0 37
0 40
0 48
0 52
0 56
0 61
0 63
0 74
0 88
0 95
0 106
0 113
0 121
0 125
0 134
0 135
0 138
0 140
0 147
0 148
0 158
0 162
0 172
0 182
0 185
0 197
0 208
0 212
0 222
0 235
0 243
0 249
0 254
0 268
0 278
0 281
0 307
0 340
0 350
0 362
0 424
0 425
0 462
0 465
0 473
0 481
0 486
0 515
0 520
0 598
0 610
0 612
0 624
0 626
0 631
0 635
0 710
0 732
0 737
0 741
0 744
0 753
0 770
0 831
0 839
0 861
0 871
0 887
0 890
0 892
0 908
0 909
1 13
1 66
1 98
1 372
1 870
2 6
2 7
2 8
2 9
2 11
2 15
2 16
2 20
2 24
2 54
2 55
2 59
2 63
2 69
2 79
2 84
2 91
2 96
2 100
2 102
2 112
2 120
2 135
2 137
2 143
2 153
2 161
2 166
2 177
2 178
2 204
2 207
2 220
2 278
2 281
2 282
2 310
2 320
2 328
2 388
2 389
2 407
2 446
2 479
2 490
2 503
2 511
2 592
2 597
2 621
2 669
2 679
2 747
2 752
2 781
2 889
2 899
2 906
3 6
3 7
3 9
3 10
3 11
3 16
3 28
3 34
3 39
3 51
3 53
3 60
3 66
3 67
3 70
3 71
3 78
3 90
3 93
3 101
3 105
3 109
3 137
3 144
3 160
3 163
3 172
3 173
3 175
3 181
3 184
3 207
3 231
3 234
3 250
3 267
3 270
3 277
3 292
3 305
3 413
3 434
3 486
3 492
3 540
3 624
3 633
3 662
3 669
3 685
3 734
3 796
3 831
3 837
3 854
3 886
3 889
4 6
4 8
4 13
4 17
4 23
4 26
4 32
4 34
4 46
4 51
4 52
4 64
4 65
4 68
4 72
4 83
4 104
4 110
4 129
4 140
4 159
4 226
4 239
4 282
4 291
4 295
4 346
4 354
4 362
4 390
4 404
4 417
4 423
4 454
4 520
4 529
4 544
4 584
4 607
4 634
4 684
4 690
4 697
4 738
4 805
4 821
4 840
4 860
4 894
4 910
4 913
5 6
5 7
5 8
5 10
5 12
5 24
5 44
5 45
5 50
5 61
5 81
5 115
5 116
5 126
5 130
5 141
5 146
5 193
5 195
5 205
5 209
5 227
5 290
5 292
5 324
5 366
5 373
5 416
5 437
5 445
5 459
5 484
5 502
5 560
5 677
5 744
5 777
5 821
5 847
5 864
6 7
6 8
6 9
6 11
6 14
6 15
6 16
6 17
6 18
6 20
6 21
6 22
6 25
6 32
6 33
6 35
6 36
6 37
6 39
6 42
6 44
6 46
6 50
6 55
6 57
6 58
6 67
6 68
6 70
6 74
6 77
6 82
6 84
6 96
6 99
6 107
6 114
6 116
6 127
6 128
6 139
6 143
6 155
6 158
6 159
6 164
6 176
6 178
6 179
6 181
6 191
6 192
6 193
6 201
6 210
6 217
6 240
6 247
6 282
6 284
6 293
6 312
6 314
6 315
6 340
6 348
6 349
6 369
6 383
6 387
6 390
6 393
6 404
6 411
6 413
6 417
6 426
6 442
6 449
6 451
6 474
6 534
6 538
6 543
6 564
6 568
6 588
6 598
6 612
6 614
6 616
6 635
6 636
6 663
6 665
6 683
6 689
6 693
6 704
6 721
6 726
6 731
6 735
6 743
6 790
6 800
6 801
6 818
6 823
6 842
6 843
6 861
6 863
6 883
6 896
6 904
6 915
6 916
7 8
7 9
7 11
7 12
7 14
7 15
7 19
7 21
7 25
7 27
7 36
7 41
7 44
7 45
7 47
7 53
7 54
7 58
7 63
7 76
7 78
7 81
7 91
7 94
7 97
7 103
7 105
7 106
7 109
7 111
7 113
7 125
7 130
7 145
7 154
7 162
7 165
7 166
7 174
7 187
7 190
7 191
7 197
7 205
7 210
7 214
7 216
7 222
7 225
7 227
7 230
7 238
7 254
7 260
7 264
7 271
7 276
7 300
7 306
7 367
7 372
7 377
7 379
7 389
7 411
7 412
7 417
7 421
7 423
7 430
7 431
7 435
7 437
7 439
7 444
7 449
7 454
7 473
7 483
7 489
7 490
7 493
7 499
7 528
7 548
7 564
7 566
7 576
7 580
7 586
7 603
7 611
7 613
7 618
7 626
7 632
7 638
7 645
7 646
7 653
7 672
7 674
7 680
7 686
7 730
7 741
7 748
7 760
7 784
7 807
7 809
7 814
7 822
7 825
7 844
7 881
7 884
7 888
8 9
8 10
8 11
8 12
8 13
8 15
8 21
8 24
8 29
8 30
8 31
8 35
8 39
8 41
8 47
8 48
8 49
8 50
8 65
8 90
8 109
8 125
8 160
8 164
8 174
8 177
8 185
8 190
8 224
8 256
8 331
8 350
8 382
8 389
8 405
8 417
8 427
8 457
8 460
8 466
8 475
8 478
8 541
8 554
8 575
8 629
8 686
8 697
8 759
8 784
8 803
8 807
8 874
9 10
9 12
9 13
9 17
9 19
9 24
9 25
9 27
9 32
9 40
9 42
9 43
9 54
9 55
9 65
9 69
9 70
9 93
9 100
9 114
9 120
9 128
9 139
9 164
9 166
9 172
9 198
9 205
9 211
9 214
9 229
9 267
9 270
9 274
9 290
9 311
9 312
9 368
9 391
9 408
9 442
9 446
9 457
9 513
9 541
9 543
9 587
9 590
9 603
9 634
9 690
9 711
9 733
9 737
9 740
9 741
9 747
9 750
9 799
9 826
9 843
9 861
9 867
9 895
9 908
9 910
9 912
10 13
10 18
10 21
10 22
10 36
10 43
10 51
10 52
10 58
10 61
10 75
10 79
10 81
10 85
10 92
10 95
10 107
10 108
10 113
10 114
10 117
10 124
10 144
10 145
10 167
10 173
10 175
10 180
10 189
10 218
10 222
10 225
10 227
10 230
10 231
10 242
10 246
10 260
10 266
10 271
10 280
10 281
10 297
10 312
10 324
10 334
10 357
10 378
10 394
10 401
10 410
10 435
10 448
10 449
10 468
10 484
10 491
10 499
10 501
10 525
10 529
10 545
10 547
10 569
10 585
10 596
10 603
10 611
10 618
10 663
10 706
10 725
10 736
10 750
10 782
10 808
10 836
10 870
10 879
11 12
11 14
11 17
11 18
11 19
11 20
11 23
11 25
11 26
11 27
11 29
11 33
11 34
11 37
11 48
11 52
11 64
11 75
11 79
11 80
11 87
11 103
11 120
11 121
11 126
11 127
11 173
11 202
11 257
11 273
11 276
11 278
11 283
11 285
11 288
11 289
11 296
11 313
11 323
11 333
11 342
11 384
11 389
11 392
11 401
11 407
11 439
11 450
11 496
11 524
11 547
11 572
11 580
11 594
11 598
11 606
11 617
11 621
11 638
11 678
11 687
11 701
11 706
11 712
11 752
11 753
11 774
11 781
11 785
11 797
11 802
11 881
11 888
12 14
12 16
12 17
12 20
12 31
12 32
12 33
12 37
12 49
12 51
12 59
12 62
12 67
12 76
12 77
12 86
12 87
12 107
12 110
12 115
12 116
12 124
12 125
12 132
12 136
12 141
12 149
12 152
12 167
12 168
12 170
12 213
12 214
12 217
12 219
12 221
12 235
12 275
12 284
12 292
12 295
12 308
12 319
12 331
12 332
12 336
12 345
12 361
12 374
12 375
12 392
12 397
12 411
12 412
12 427
12 432
12 462
12 470
12 475
12 505
12 536
12 539
12 546
12 555
12 558
12 559
12 582
12 592
12 620
12 623
12 647
12 650
12 655
12 665
12 702
12 722
12 735
12 742
12 746
12 761
12 765
12 776
12 817
12 853
12 862
12 864
12 867
12 871
13 15
13 18
13 30
13 34
13 41
13 45
13 52
13 55
13 57
13 68
13 134
13 148
13 159
13 189
13 194
13 236
13 239
13 307
13 374
13 406
13 471
13 472
13 484
13 533
13 535
13 580
13 589
13 659
13 707
13 796
13 917
14 42
14 83
14 122
14 151
14 157
14 160
14 225
14 282
14 348
14 351
14 353
14 376
14 378
14 404
14 412
14 509
14 553
14 578
14 586
14 681
14 767
14 784
14 793
14 794
14 839
15 19
15 20
15 23
15 27
15 29
15 31
15 38
15 45
15 56
15 74
15 100
15 115
15 134
15 146
15 152
15 159
15 185
15 189
15 207
15 223
15 260
15 324
15 352
15 448
15 533
15 571
15 579
15 617
15 640
15 668
15 681
15 699
15 716
15 771
15 774
15 775
15 810
15 821
15 890
15 891
16 18
16 21
16 28
16 30
16 33
16 34
16 35
16 43
16 44
16 46
16 61
16 68
16 75
16 80
16 89
16 103
16 108
16 115
16 161
16 200
16 206
16 215
16 220
16 225
16 243
16 272
16 283
16 285
16 313
16 327
16 367
16 369
16 376
16 384
16 503
16 571
16 583
16 591
16 600
16 675
16 733
16 770
17 22
17 23
17 30
17 38
17 57
17 76
17 85
17 88
17 168
17 183
17 224
17 236
17 237
17 249
17 269
17 270
17 286
17 310
17 341
17 367
17 463
17 479
17 485
17 514
17 570
17 581
17 583
17 585
17 612
17 619
17 631
17 652
17 688
17 739
17 821
17 840
17 875
18 26
18 32
18 35
18 60
18 71
18 89
18 90
18 109
18 132
18 144
18 152
18 158
18 159
18 161
18 187
18 211
18 229
18 261
18 274
18 359
18 410
18 415
18 432
18 437
18 593
18 604
18 662
18 745
18 771
18 773
18 779
18 783
18 806
18 884
19 22
19 25
19 26
19 40
19 42
19 44
19 76
19 96
19 108
19 132
19 133
19 164
19 166
19 174
19 224
19 276
19 295
19 327
19 331
19 333
19 343
19 397
19 402
19 436
19 437
19 456
19 501
19 505
19 571
19 659
19 671
19 684
19 789
19 805
19 836
19 838
19 844
19 845
19 897
20 22
20 24
20 30
20 40
20 49
20 59
20 62
20 65
20 77
20 98
20 99
20 128
20 140
20 149
20 183
20 197
20 277
20 301
20 419
20 434
20 461
20 599
20 679
20 727
20 728
20 746
20 752
21 28
21 97
21 102
21 130
21 147
21 223
21 269
21 299
21 315
21 357
21 537
21 563
21 570
21 689
21 886
22 23
22 31
22 45
22 60
22 64
22 68
22 74
22 92
22 93
22 101
22 125
22 142
22 163
22 170
22 256
22 289
22 320
22 383
22 388
22 414
22 418
22 425
22 436
22 485
22 493
22 508
22 519
22 531
22 548
22 567
22 569
22 621
22 623
22 680
22 705
22 708
22 729
22 811
22 854
22 867
22 902
23 29
23 48
23 53
23 54
23 67
23 69
23 73
23 88
23 107
23 112
23 121
23 126
23 160
23 161
23 171
23 188
23 194
23 219
23 229
23 231
23 269
23 291
23 296
23 304
23 314
23 319
23 344
23 346
23 352
23 383
23 400
23 422
23 423
23 426
23 433
23 438
23 463
23 466
23 467
23 474
23 517
23 534
23 562
23 576
23 606
23 633
23 663
23 700
23 734
23 763
23 775
23 784
23 791
23 806
23 817
23 836
23 862
23 864
23 868
23 913
24 31
24 38
24 53
24 100
24 111
24 122
24 133
24 135
24 138
24 210
24 232
24 266
24 268
24 295
24 371
24 515
24 545
24 555
24 556
24 597
24 607
24 649
24 691
24 841
24 918
25 28
25 38
25 39
25 41
25 47
25 64
25 71
25 83
25 89
25 99
25 121
25 131
25 145
25 175
25 184
25 188
25 194
25 199
25 221
25 227
25 235
25 246
25 253
25 271
25 284
25 299
25 337
25 354
25 407
25 414
25 452
25 500
25 521
25 558
25 572
25 582
25 638
25 639
25 641
25 661
25 699
25 761
26 28
26 43
26 66
26 69
26 106
26 142
26 144
26 244
26 258
26 262
26 313
26 418
26 458
26 535
26 561
26 566
26 666
26 743
26 837
26 845
26 853
27 47
27 71
27 77
27 92
27 95
27 105
27 127
27 132
27 158
27 171
27 177
27 193
27 196
27 203
27 249
27 261
27 297
27 309
27 331
27 344
27 370
27 418
27 452
27 469
27 490
27 503
27 596
27 605
27 611
27 651
27 712
27 750
27 786
27 794
27 803
27 858
27 867
27 873
27 909
28 29
28 37
28 47
28 49
28 104
28 136
28 137
28 145
28 185
28 228
28 252
28 296
28 372
28 419
28 480
28 564
29 41
29 61
29 70
29 78
29 85
29 103
29 137
29 139
29 158
29 171
29 180
29 216
29 252
29 254
29 273
29 280
29 292
29 304
29 472
29 582
29 605
29 615
29 704
29 865
29 893
30 38
30 50
30 55
30 62
30 66
30 82
30 83
30 87
30 130
30 132
30 140
30 150
30 155
30 200
30 232
30 234
30 242
30 250
30 256
30 329
30 353
30 367
30 427
30 460
30 483
30 500
30 536
30 615
30 635
30 637
30 640
30 719
30 730
30 775
30 778
30 785
30 797
30 827
30 836
30 851
31 54
31 106
31 111
31 123
31 219
31 238
31 241
31 274
31 312
31 330
31 390
31 409
31 464
31 501
31 559
31 865
32 72
32 86
32 95
32 118
32 121
32 138
32 154
32 212
32 213
32 273
32 286
32 297
32 318
32 321
32 399
32 404
32 421
32 462
32 469
32 488
32 516
32 535
32 537
32 576
32 612
32 638
32 649
32 655
32 661
32 725
32 896
33 75
33 178
33 290
33 830
34 40
34 59
34 60
34 64
34 81
34 133
34 166
34 170
34 192
34 214
34 226
34 254
34 262
34 284
34 287
34 311
34 317
34 329
34 339
34 340
34 379
34 445
34 530
34 557
34 905
35 36
35 137
35 334
35 429
35 544
35 695
35 704
35 729
35 769
35 778
35 833
35 908
36 83
36 91
36 97
36 147
36 155
36 181
36 238
36 240
36 263
36 270
36 293
36 327
36 338
36 486
36 520
36 527
36 558
36 562
36 624
36 642
36 658
36 678
36 696
36 848
36 866
37 39
37 46
37 56
37 73
37 86
37 87
37 89
37 171
37 182
37 234
37 252
37 274
37 335
37 349
37 356
37 391
37 441
37 447
37 448
37 449
37 537
37 660
37 679
37 745
37 889
38 59
38 60
38 91
38 93
38 110
38 209
38 279
38 282
38 319
38 339
38 400
38 440
38 445
38 536
38 554
38 706
38 734
38 747
38 749
38 774
38 783
38 833
38 891
39 51
39 90
39 113
39 144
39 176
39 182
39 212
39 259
39 277
39 306
39 316
39 394
39 519
39 529
39 538
39 549
39 588
39 602
39 616
39 631
39 807
39 872
40 42
40 43
40 56
40 58
40 62
40 69
40 70
40 75
40 92
40 118
40 119
40 143
40 151
40 160
40 173
40 228
40 275
40 279
40 291
40 300
40 317
40 339
40 373
40 425
40 443
40 502
40 506
40 528
40 584
40 598
40 687
40 713
40 744
40 803
40 811
40 816
40 819
40 898
40 911
41 49
41 80
41 82
41 114
41 199
41 256
41 355
41 364
41 436
41 553
41 561
41 567
41 582
41 584
41 764
41 871
41 919
42 48
42 84
42 99
42 114
42 131
42 259
42 303
42 323
42 403
42 514
42 549
42 641
42 818
42 859
42 884
43 81
43 98
43 109
43 116
43 135
43 156
43 251
43 387
43 492
43 579
43 691
43 696
43 895
44 46
44 53
44 66
44 73
44 84
44 87
44 104
44 111
44 130
44 183
44 217
44 368
44 384
44 431
44 444
44 465
44 480
44 514
44 532
44 548
44 660
44 683
44 702
44 726
44 756
44 804
44 822
45 50
45 56
45 57
45 79
45 82
45 89
45 94
45 119
45 151
45 155
45 165
45 172
45 179
45 267
45 303
45 309
45 356
45 436
45 453
45 455
45 476
45 511
45 562
45 606
45 651
45 703
45 893
45 916
46 72
46 74
46 228
46 357
46 368
46 758
46 815
46 870
47 204
47 241
47 268
47 284
47 288
47 296
47 409
47 460
47 496
47 542
47 666
47 694
47 722
47 784
47 867
48 86
48 94
48 101
48 110
48 118
48 124
48 126
48 138
48 146
48 149
48 151
48 165
48 232
48 245
48 251
48 267
48 302
48 349
48 358
48 371
48 380
48 385
48 447
48 627
48 713
48 847
49 156
49 186
49 504
50 96
50 101
50 140
50 147
50 191
50 198
50 217
50 294
50 301
50 302
50 335
50 363
50 389
50 403
50 627
50 629
50 852
50 907
51 191
51 325
51 339
51 639
51 694
51 727
52 57
52 58
52 90
52 147
52 150
52 157
52 179
52 203
52 247
52 315
52 323
52 353
52 539
52 562
52 674
52 702
52 840
52 879
53 80
53 141
53 149
53 246
53 370
53 428
53 438
53 500
53 630
53 699
53 716
53 729
54 73
54 86
54 113
54 171
54 200
54 224
54 517
54 541
54 594
54 694
54 696
54 725
54 788
54 856
54 862
55 62
55 71
55 72
55 91
55 93
55 127
55 168
55 177
55 199
55 218
55 258
55 302
55 322
55 472
55 511
55 564
55 647
55 769
55 777
55 789
55 813
55 861
55 868
55 915
55 919
56 98
56 131
56 146
56 156
56 192
56 234
56 398
56 458
56 591
56 616
56 674
57 63
57 78
57 97
57 142
57 157
57 238
57 244
57 247
57 262
57 326
57 335
57 381
57 457
57 521
57 546
57 574
57 607
57 707
57 758
57 830
57 843
58 72
58 82
58 84
58 97
58 105
58 138
58 219
58 381
58 566
58 804
59 148
59 163
59 200
59 285
59 365
59 489
59 697
59 757
60 79
60 117
60 118
60 313
60 321
60 388
60 480
60 494
60 550
60 613
60 676
60 737
60 785
60 801
60 829
61 63
61 112
61 119
61 169
61 180
61 239
61 242
61 271
61 287
61 298
61 322
61 348
61 358
61 383
61 399
61 426
61 472
61 516
61 660
61 857
62 65
62 67
62 128
62 148
62 248
62 262
62 275
62 278
62 279
62 286
62 304
62 367
62 480
62 504
62 513
62 818
63 264
63 393
63 477
63 604
63 609
63 627
63 853
64 202
64 257
64 285
64 450
64 469
64 498
64 662
64 865
65 100
65 196
65 246
65 384
65 421
65 490
65 615
65 630
65 698
65 808
65 810
66 85
66 127
66 152
66 201
66 258
66 318
66 361
66 526
66 532
66 557
66 604
66 641
66 673
66 802
67 78
67 99
67 102
67 117
67 123
67 157
67 196
67 206
67 228
67 333
67 345
67 430
67 455
67 485
67 522
67 569
67 612
67 672
67 798
67 856
67 870
68 76
68 85
68 122
68 167
68 168
68 208
68 248
68 291
68 338
68 351
68 401
68 425
68 556
68 646
68 767
69 73
69 108
69 129
69 447
69 498
69 499
69 654
69 714
70 232
70 279
70 409
70 416
70 419
70 787
71 135
71 220
71 275
71 306
71 318
71 414
71 467
71 617
71 674
72 92
72 182
72 231
72 300
72 471
72 543
72 633
72 650
73 77
73 102
73 104
73 163
73 331
73 405
73 433
73 481
73 669
73 705
73 825
74 117
74 152
74 363
74 415
74 429
74 502
74 787
74 858
74 899
74 917
75 112
75 167
75 343
75 375
75 453
75 618
76 115
76 198
76 204
76 213
76 252
76 253
76 257
76 268
76 309
76 370
76 371
76 428
76 476
76 587
76 602
76 632
76 690
76 698
76 707
76 761
76 801
76 855
76 865
76 883
76 919
77 258
77 602
77 661
77 762
78 150
78 209
78 243
78 255
78 277
78 365
78 494
78 745
79 80
79 123
79 169
79 211
79 249
79 266
79 359
79 400
79 495
79 709
80 102
80 129
80 136
80 163
80 202
80 204
80 260
80 299
80 333
80 354
80 385
80 406
80 451
80 471
80 477
80 506
80 525
80 644
80 664
80 746
80 832
80 908
81 98
81 169
81 221
81 245
81 299
81 377
81 433
81 488
81 520
81 625
81 653
81 768
81 901
82 374
82 465
83 88
83 96
83 106
83 165
83 173
83 176
83 179
83 187
83 228
83 230
83 341
83 403
83 421
83 455
83 533
83 584
83 677
84 94
84 95
84 117
84 119
84 128
84 184
84 187
84 203
84 221
84 239
84 301
84 311
84 314
84 341
84 348
84 420
84 443
84 698
84 849
85 156
85 169
85 245
85 248
85 262
85 272
85 303
85 414
85 448
85 508
85 542
85 561
85 599
85 603
85 642
85 685
85 706
85 723
85 727
85 736
85 738
85 742
85 748
85 834
85 840
85 843
86 94
86 192
86 327
86 559
86 820
87 88
87 111
87 136
87 296
87 320
87 434
87 771
88 131
88 316
88 686
88 728
88 751
89 195
89 209
89 248
89 326
89 469
89 522
89 568
89 678
89 889
89 898
89 911
90 222
90 301
90 391
90 472
90 533
90 680
90 875
91 126
91 133
91 233
91 330
91 393
91 400
91 464
91 539
92 298
92 342
92 358
92 564
92 576
93 105
93 112
93 143
93 207
93 315
93 439
93 510
93 512
93 572
93 581
93 681
93 728
93 857
93 914
94 174
94 180
94 420
94 443
94 450
94 574
94 637
94 648
94 713
94 718
95 103
95 129
95 165
95 265
95 322
95 323
95 344
95 352
95 361
95 565
95 567
95 862
95 873
96 133
96 175
96 196
96 385
96 441
96 443
96 521
96 601
96 648
97 101
97 104
97 162
97 164
97 208
97 293
97 435
97 455
97 586
97 638
97 644
97 661
97 797
98 150
98 198
98 212
98 236
98 269
98 292
98 304
98 316
98 424
98 544
98 656
98 868
99 134
99 657
99 721
100 122
100 390
100 467
101 123
101 148
101 197
101 310
101 324
101 342
101 347
101 366
101 394
101 606
101 630
101 631
101 780
101 833
102 108
102 119
102 170
102 253
102 326
102 498
102 916
103 116
103 120
103 129
103 238
103 279
103 325
103 354
103 362
103 396
103 427
103 511
103 754
104 110
104 123
104 131
104 153
104 169
104 185
104 201
104 360
104 403
104 431
104 482
104 513
104 721
105 142
105 200
105 201
105 230
105 263
105 336
105 410
105 501
105 532
105 537
105 654
105 764
105 885
105 902
106 107
106 118
106 134
106 203
106 308
106 318
106 321
106 322
106 364
106 424
106 516
106 534
106 573
106 589
106 644
106 671
106 734
106 859
107 142
107 259
107 396
107 491
108 149
108 310
108 430
109 155
109 157
109 179
109 251
109 265
109 488
109 787
109 868
110 120
110 124
110 153
110 162
110 188
110 206
110 249
110 283
110 344
110 471
110 495
110 517
110 551
110 691
110 839
110 883
111 124
111 210
111 416
111 456
111 482
111 495
111 506
111 525
111 557
111 597
111 646
111 656
111 657
111 682
111 702
111 768
111 823
111 834
112 187
112 195
112 201
112 255
112 393
112 441
112 455
112 457
112 483
112 676
112 688
112 757
112 860
112 882
112 918
113 181
113 197
113 215
113 232
113 236
113 263
113 447
113 497
113 506
113 608
113 652
113 671
113 696
113 711
113 831
114 153
114 184
114 376
114 427
114 446
114 523
114 542
114 563
114 589
114 636
114 688
114 893
115 122
115 193
115 211
115 290
115 346
115 351
115 370
115 398
115 600
115 617
115 734
115 860
115 865
116 145
116 191
116 219
116 338
116 342
116 781
117 186
117 298
117 366
117 637
117 701
117 702
117 846
118 156
118 237
118 328
118 379
118 385
118 394
118 395
118 595
118 685
119 374
119 378
119 441
119 560
119 756
121 154
121 208
121 213
121 226
121 824
121 852
122 154
122 178
122 186
122 218
122 233
122 243
122 271
122 273
122 409
122 450
122 487
122 623
122 774
122 901
123 209
123 225
123 229
123 302
123 386
123 412
123 434
123 670
124 176
124 194
124 195
124 199
124 221
124 294
124 304
124 308
124 330
124 432
124 487
124 507
124 514
124 570
124 575
124 645
124 687
124 746
124 798
124 799
124 857
124 892
125 139
125 324
125 439
125 608
125 731
125 897
126 224
126 237
126 281
126 311
126 330
126 401
126 424
126 488
126 548
126 643
126 717
126 838
127 141
127 150
127 226
127 227
127 317
127 334
127 345
127 380
127 496
127 541
127 623
127 673
127 719
127 760
127 872
128 189
128 530
128 826
129 190
129 468
129 473
129 526
129 538
129 730
130 139
130 186
130 272
130 466
130 470
130 491
130 655
130 659
131 136
131 151
131 270
131 336
131 357
131 372
131 392
131 408
131 415
131 437
131 477
131 556
131 600
131 637
131 682
131 859
132 141
132 168
132 183
132 189
132 240
132 337
132 507
132 616
132 629
133 143
133 153
133 325
133 413
133 444
133 449
133 519
133 540
133 577
133 740
133 744
134 454
134 688
135 193
135 205
135 263
135 528
136 233
136 353
136 386
136 423
136 517
136 572
136 587
136 850
137 182
137 499
137 522
138 161
138 215
138 277
138 325
138 358
138 511
138 531
138 627
138 721
138 765
138 791
139 192
139 308
139 381
139 611
140 223
140 263
140 305
140 592
140 652
140 708
140 751
141 181
141 295
141 353
141 717
141 863
142 352
142 477
142 663
142 670
143 202
143 236
143 381
143 387
143 531
143 571
143 583
143 590
143 591
143 622
143 645
143 653
143 741
143 800
145 146
145 154
145 252
145 287
145 470
145 518
145 530
145 693
145 824
145 886
145 907
146 180
146 334
146 380
146 442
146 590
147 483
147 504
147 828
148 698
149 174
149 240
149 412
149 547
149 550
149 667
149 848
150 214
150 261
150 267
150 305
150 388
150 438
150 446
150 453
150 522
150 609
150 619
150 651
150 732
150 788
150 905
152 172
152 177
152 211
152 255
152 259
152 285
152 297
152 393
152 550
152 552
152 596
152 610
152 717
152 823
153 202
153 315
153 385
153 891
153 911
154 184
154 256
154 363
154 435
154 594
154 595
155 170
155 175
155 226
155 264
155 343
155 505
155 559
155 599
155 600
155 632
155 640
156 405
156 451
156 814
156 863
157 290
158 223
158 255
158 329
158 391
158 465
159 835
159 863
160 162
160 275
160 362
160 634
160 658
160 709
160 818
160 874
161 242
161 398
161 505
162 237
162 287
162 398
162 403
162 628
162 735
162 743
162 757
162 900
163 272
163 571
163 854
164 247
164 527
164 706
165 167
165 306
165 505
165 863
166 510
167 242
167 307
167 711
168 196
168 240
168 251
168 297
168 298
168 342
168 368
168 469
168 613
168 626
168 645
168 719
168 871
169 183
169 326
169 444
169 521
169 719
169 809
170 218
170 283
170 337
170 345
170 399
170 552
170 855
170 885
171 255
171 402
171 486
171 509
171 684
172 241
172 243
172 359
172 362
172 401
172 442
172 519
172 565
172 629
172 667
172 808
172 908
173 188
173 207
173 208
173 216
173 366
173 373
173 397
173 406
173 433
173 458
173 474
173 543
173 575
173 628
173 653
173 740
173 808
174 176
174 229
174 529
174 586
174 666
174 885
175 178
175 347
175 351
175 516
175 703
175 720
175 776
175 831
176 190
176 215
176 233
176 319
176 405
176 418
176 479
176 512
176 537
176 540
176 565
176 597
176 873
176 878
177 246
177 273
177 332
177 456
177 457
177 524
177 593
178 222
178 461
178 580
178 667
178 713
178 730
178 780
179 188
179 190
179 288
179 310
179 336
179 356
179 563
179 654
179 677
179 819
179 888
180 199
180 206
180 289
180 424
180 507
180 619
180 814
180 893
181 216
181 220
181 230
181 264
181 313
181 314
181 415
181 474
181 532
181 577
182 186
182 253
182 299
182 329
182 568
182 583
182 610
182 622
182 703
182 723
182 744
183 365
183 369
183 432
183 479
183 510
184 205
184 234
184 753
185 341
185 360
185 397
185 478
185 507
185 526
185 530
185 560
185 581
185 596
185 662
185 677
186 435
187 250
187 280
187 309
187 710
187 792
188 195
188 332
188 406
189 280
189 330
189 452
189 889
190 294
190 364
190 376
190 599
190 767
191 204
191 291
191 370
191 468
191 903
191 911
192 194
192 307
192 383
192 387
192 512
192 635
192 668
192 715
193 430
193 484
193 540
193 906
194 289
194 320
194 325
194 332
194 513
194 685
194 708
194 827
195 216
195 260
195 682
195 700
195 748
195 777
195 803
195 880
195 890
196 198
196 210
196 241
196 281
196 312
196 365
196 402
196 438
196 442
196 543
196 655
196 846
198 212
198 215
198 223
198 265
198 287
198 293
198 301
198 483
199 288
199 346
199 440
199 466
199 694
199 818
199 866
199 898
200 268
200 300
200 526
200 569
200 666
200 736
200 768
200 877
200 879
200 885
201 203
201 220
201 347
201 382
201 551
201 685
201 914
202 355
202 364
202 405
202 496
202 507
202 853
202 855
203 639
204 206
204 235
204 343
204 390
204 445
204 541
204 694
204 824
205 253
205 319
205 336
205 481
206 266
206 276
206 305
206 392
206 485
206 549
206 795
207 218
207 337
207 495
207 873
207 915
208 352
208 422
208 481
208 533
208 756
208 839
208 874
209 213
209 257
209 879
210 245
210 289
210 334
210 428
210 659
210 763
210 812
211 237
211 248
211 440
211 705
211 727
211 819
212 276
212 619
213 458
213 757
215 217
215 235
215 318
215 358
215 510
215 535
215 578
216 335
216 396
216 488
216 588
216 650
216 675
216 793
216 820
216 826
217 779
218 231
218 247
218 261
218 303
218 429
218 502
218 513
218 555
218 581
218 595
218 601
218 616
219 233
219 265
219 321
220 239
220 286
220 314
220 320
220 387
220 547
220 611
220 766
220 770
221 308
221 356
221 473
221 552
221 647
221 761
221 821
221 876
222 578
223 497
224 250
224 257
224 266
224 293
224 335
224 431
224 464
224 590
224 618
224 770
224 847
225 251
225 278
225 288
225 360
225 574
225 639
225 676
225 749
226 244
226 399
226 415
226 425
226 523
226 636
226 678
226 897
226 909
227 241
227 261
227 305
227 396
227 652
227 673
227 790
227 894
229 782
230 379
230 490
230 504
230 710
230 783
231 328
231 361
231 369
231 447
231 579
231 866
232 338
232 395
232 463
233 351
233 357
233 399
233 402
233 892
233 897
234 244
234 250
234 423
234 463
234 617
234 811
234 829
235 258
235 272
235 300
235 420
235 664
235 795
236 259
236 349
236 461
236 491
236 820
236 872
237 549
237 624
237 643
237 724
238 328
238 547
239 461
239 567
239 715
239 753
239 805
239 847
240 244
240 395
240 582
240 735
240 907
241 269
241 337
241 720
241 804
242 544
242 608
242 658
242 775
242 866
243 283
243 332
243 809
243 860
243 901
244 245
244 294
244 378
244 454
244 648
244 861
244 904
245 343
245 454
245 546
245 771
246 347
246 567
246 680
247 377
247 420
247 429
247 698
248 440
248 657
248 749
248 798
248 856
250 298
250 363
250 562
251 254
251 265
251 417
251 790
252 345
252 570
253 294
253 361
253 365
253 473
253 666
254 359
254 498
254 523
255 557
256 317
256 641
256 766
256 822
258 553
258 765
259 581
259 665
260 311
260 322
260 341
260 413
260 421
260 610
260 681
260 724
260 732
260 747
260 750
260 764
260 772
260 815
261 340
261 553
262 264
262 528
262 640
262 671
262 857
263 568
263 755
263 776
264 363
264 825
265 811
266 620
267 670
269 274
269 585
269 720
270 745
270 794
270 880
270 911
271 394
271 736
271 903
272 280
272 552
272 577
272 583
272 670
272 683
272 735
272 809
272 817
272 858
273 589
273 793
273 869
274 508
274 795
275 321
275 381
275 536
275 724
276 887
277 302
278 371
278 411
278 849
279 443
279 460
280 380
280 525
280 710
281 286
281 328
281 338
281 355
281 489
281 555
281 600
281 615
281 621
282 371
282 406
282 556
282 707
282 722
282 788
283 340
283 540
283 573
283 695
283 814
284 327
284 464
284 508
284 557
284 604
284 620
284 758
284 760
284 781
285 323
285 632
286 329
286 464
286 466
286 592
286 729
286 773
286 780
286 781
286 905
287 303
287 307
287 316
287 833
287 876
288 476
288 732
288 738
289 626
289 918
290 348
290 452
290 512
291 306
291 468
291 676
291 678
291 913
292 316
292 350
292 375
292 428
292 489
292 508
292 518
292 563
292 795
293 692
293 769
293 881
294 534
294 604
294 618
294 720
294 882
295 326
295 374
295 587
295 738
295 787
295 882
296 546
296 625
296 646
297 438
297 493
298 333
299 309
299 379
299 459
299 552
299 772
299 802
299 837
299 849
299 862
300 359
300 402
300 643
300 850
300 876
300 878
301 459
301 531
301 584
301 614
301 668
302 408
302 579
303 517
303 895
304 431
304 550
304 555
304 606
304 723
304 764
304 768
304 916
305 360
305 372
305 494
305 658
305 672
306 620
307 350
307 441
307 509
307 695
307 756
307 831
307 832
307 842
307 844
308 681
308 859
308 869
309 317
309 432
309 608
309 898
310 429
310 456
310 629
310 708
310 842
310 883
311 503
311 880
313 625
313 712
313 786
314 382
314 452
314 607
314 660
314 689
314 700
315 525
316 386
316 684
316 782
316 846
317 419
317 440
317 529
317 558
318 416
318 459
318 646
318 828
318 877
318 906
319 479
319 628
319 647
320 514
320 519
320 527
320 542
320 630
320 676
320 802
321 368
321 854
322 535
322 565
323 366
323 407
323 599
323 841
323 901
324 339
324 395
324 478
324 512
324 576
324 664
325 410
325 591
326 355
326 433
326 614
327 349
327 588
327 669
327 746
328 398
328 487
328 709
329 459
329 673
329 828
330 382
330 422
330 451
330 870
331 364
332 375
332 392
332 419
332 445
332 573
332 639
332 695
332 716
332 763
332 842
334 430
334 465
335 446
335 637
335 682
335 777
336 347
336 644
336 656
336 657
336 777
336 896
337 407
337 534
337 642
337 851
338 354
338 356
339 436
339 494
339 522
339 630
339 693
339 739
340 350
340 391
340 408
340 551
340 577
340 674
341 346
341 369
341 388
341 563
341 634
341 684
341 717
343 344
343 654
343 695
343 758
344 486
344 500
344 554
344 577
344 593
344 683
344 740
344 756
344 915
345 710
346 380
346 504
346 731
347 377
347 595
347 648
347 797
348 478
348 718
349 360
349 373
349 416
349 572
349 901
350 549
350 905
351 458
351 875
351 895
351 909
352 568
353 355
353 677
353 763
353 817
354 487
354 675
354 780
354 837
355 378
355 422
355 903
356 386
356 864
357 382
357 384
357 462
357 503
357 704
357 724
357 728
357 766
357 789
358 375
358 462
358 521
358 664
358 739
358 766
359 758
359 887
360 439
360 467
360 485
360 553
360 556
360 609
360 636
360 751
360 791
361 396
361 590
362 373
362 395
362 476
362 510
362 665
362 817
363 400
363 487
363 619
363 763
364 428
364 536
364 705
366 471
366 475
366 495
366 520
366 524
366 800
367 610
367 679
367 724
367 814
367 888
368 413
368 481
368 849
369 548
369 770
369 854
370 752
370 837
370 890
371 377
371 545
371 585
371 623
371 761
372 602
372 686
372 715
372 742
373 613
373 829
373 910
374 376
374 892
375 523
375 593
375 729
375 759
375 798
375 830
376 620
376 748
377 566
377 716
377 835
377 906
377 907
378 569
379 414
379 653
380 397
380 518
380 633
380 665
381 482
381 881
382 477
382 509
382 696
382 830
383 386
384 434
385 645
385 714
385 825
386 545
386 820
387 410
388 408
388 409
388 411
388 475
388 591
388 718
388 832
388 892
389 496
389 624
389 789
390 467
390 687
390 701
390 826
390 834
391 492
391 575
393 790
394 499
395 404
395 656
395 893
396 551
396 649
396 693
396 802
397 448
398 453
398 518
398 524
398 759
400 779
403 544
404 596
404 657
404 741
404 773
404 841
405 597
405 809
406 450
406 592
407 444
407 605
407 737
407 772
407 816
407 860
408 518
408 589
408 826
409 422
409 480
409 498
409 527
409 634
409 663
409 788
409 805
409 832
410 453
410 573
410 601
410 643
411 551
411 894
412 420
412 489
412 609
412 647
412 743
412 808
412 810
413 418
413 426
413 468
413 482
413 845
414 773
415 542
415 723
415 907
418 792
419 506
421 463
422 426
422 470
422 494
422 515
422 560
422 875
424 491
424 641
424 643
424 704
424 776
425 587
426 718
427 890
429 701
429 703
429 779
430 866
431 493
431 501
431 688
432 474
432 478
432 851
433 502
433 622
433 811
434 712
434 872
435 857
436 456
436 709
436 726
436 796
437 594
437 769
438 880
443 484
444 497
444 793
445 840
447 451
447 476
447 515
447 912
448 461
448 570
448 651
450 661
450 803
450 869
450 919
451 482
451 878
452 601
452 778
453 655
454 878
455 559
455 656
455 692
456 460
456 532
456 642
456 799
457 492
457 882
458 497
458 500
458 602
458 614
458 628
458 640
458 649
458 900
459 470
459 585
459 700
459 878
460 772
460 792
461 497
461 786
461 882
462 628
463 573
463 742
464 560
464 561
464 815
465 493
465 523
466 526
466 650
466 654
468 492
468 733
469 708
469 739
469 762
469 796
469 869
469 913
470 691
471 475
471 670
473 794
476 595
476 910
478 516
478 580
478 622
478 703
479 668
479 725
479 739
479 810
479 835
482 671
482 675
483 586
484 709
484 846
484 881
485 614
485 707
486 574
486 869
487 538
488 635
488 745
489 714
490 776
491 539
491 579
491 815
493 538
493 742
494 509
494 530
494 598
494 755
496 515
496 622
497 722
499 786
500 524
500 692
502 593
503 839
503 842
504 554
505 782
505 785
505 798
506 558
506 902
506 914
507 754
507 760
507 812
507 835
508 554
509 651
509 717
509 851
510 673
510 690
510 846
510 895
511 872
512 531
512 609
513 691
513 868
514 650
514 727
516 528
516 876
516 902
517 765
517 832
518 578
518 767
519 852
520 807
521 686
521 715
522 896
522 909
523 527
523 545
523 574
523 848
524 561
524 797
525 550
525 823
525 858
526 613
527 539
527 789
528 546
528 594
528 728
528 806
528 886
528 904
528 917
529 605
530 588
530 601
530 621
530 719
530 757
531 664
531 884
532 615
532 775
532 871
532 917
534 725
535 692
535 738
535 749
535 754
536 699
536 749
541 740
541 766
541 899
542 917
543 652
543 680
543 800
543 806
543 829
543 834
543 915
544 627
545 762
546 697
546 812
548 578
549 856
550 683
552 824
554 608
554 755
555 575
556 894
557 905
559 648
559 750
560 605
561 566
561 754
561 838
563 565
563 631
563 642
563 705
563 788
564 625
564 626
565 824
566 690
566 714
566 805
567 856
570 644
570 855
572 675
574 762
576 607
576 799
577 759
577 769
577 796
577 801
577 876
578 732
578 851
579 733
580 850
581 816
581 827
582 791
583 748
583 772
583 804
583 855
583 904
584 711
584 713
584 841
588 603
590 693
590 783
590 792
590 845
592 767
592 822
593 662
594 625
594 829
596 850
599 762
601 830
602 682
602 689
602 700
602 711
602 827
602 835
602 877
603 669
604 841
606 751
606 813
608 760
609 900
612 633
612 660
612 792
612 827
613 791
613 912
614 659
617 764
618 812
618 864
620 853
624 667
624 743
625 697
627 632
627 636
627 668
627 723
627 819
628 793
629 692
629 847
631 716
633 712
633 718
634 912
634 918
635 778
635 819
638 783
639 667
640 801
640 899
641 672
645 689
645 894
646 658
646 813
646 828
647 649
647 747
647 844
649 759
649 883
649 918
650 848
652 731
652 838
653 754
654 730
655 687
655 726
657 679
657 733
657 752
658 884
659 701
660 812
661 672
661 768
661 795
665 720
665 721
665 906
667 726
667 753
668 850
672 714
673 813
676 810
677 823
679 779
680 914
681 880
682 910
683 736
684 874
687 722
687 804
689 807
691 773
692 786
694 699
696 888
700 816
703 787
704 919
710 715
711 794
712 897
713 731
713 806
714 858
715 877
718 785
722 737
722 751
723 799
725 771
725 885
726 755
726 852
730 790
730 900
731 859
733 820
733 825
734 755
735 765
737 844
737 877
738 780
742 828
743 834
746 813
746 836
747 903
750 848
750 875
752 774
759 782
761 822
761 852
761 874
762 816
765 838
766 815
775 873
776 778
777 800
793 900
796 913
797 903
804 887
806 891
807 833
807 843
814 904
824 849
824 887
830 845
831 916
852 879
859 899
862 912
875 886
875 891
878 896
881 902
884 914
896 898
