0 1
0 2
0 3
0 4
0 5
0 6
0 7
0 8
0 9
0 10
0 12
0 14
0 16
0 17
0 18
0 19
0 20
0 22
0 23
0 29
0 30
0 35
0 36
0 41
0 43
0 45
0 46
0 47
0 48
0 49
0 52
0 53
0 54
0 56
0 63
0 71
0 81
0 89
0 93
0 98
0 100
0 104
0 115
0 122
0 138
0 143
0 144
0 145
0 157
0 165
0 178
0 180
0 192
0 197
0 198
0 199
0 203
0 207
0 210
0 215
0 219
0 227
0 233
0 235
0 236
0 246
0 251
0 253
0 266
0 268
0 275
0 279
0 308
0 309
0 312
0 325
0 338
0 344
0 366
0 368
0 386
0 387
0 393
0 398
0 417
0 445
0 447
0 450
0 491
0 503
0 505
0 538
0 539
0 541
0 546
0 551
0 593
0 610
0 625
0 638
0 647
0 655
0 666
0 668
0 688
0 703
0 710
0 711
0 729
0 733
0 735
0 744
0 747
0 753
0 763
0 774
0 776
0 788
0 791
0 808
0 812
0 838
0 844
0 853
0 862
0 869
0 893
0 903
0 911
0 938
0 942
0 944
0 945
0 957
0 958
0 972
0 990
0 995
0 1001
0 1003
0 1016
0 1019
0 1037
1 6
1 7
1 8
1 9
1 10
1 11
1 12
1 13
1 18
1 21
1 23
1 25
1 33
1 38
1 41
1 57
1 59
1 62
1 73
1 84
1 107
1 130
1 144
1 164
1 187
1 191
1 205
1 208
1 217
1 220
1 252
1 312
1 334
1 347
1 373
1 405
1 413
1 420
1 430
1 473
1 523
1 526
1 531
1 534
1 542
1 584
1 591
1 599
1 617
1 629
1 634
1 642
1 649
1 658
1 661
1 721
1 773
1 822
1 871
1 953
1 955
1 969
1 1005
2 6
2 7
2 9
2 10
2 13
2 14
2 15
2 16
2 18
2 27
2 65
2 66
2 69
2 70
2 78
2 101
2 102
2 107
2 108
2 111
2 128
2 134
2 139
2 140
2 162
2 163
2 182
2 192
2 195
2 198
2 207
2 208
2 213
2 225
2 230
2 237
2 253
2 291
2 292
2 295
2 297
2 311
2 324
2 328
2 333
2 361
2 391
2 396
2 405
2 418
2 433
2 450
2 471
2 507
2 518
2 524
2 531
2 543
2 563
2 578
2 584
2 600
2 649
2 666
2 668
2 690
2 693
2 697
2 715
2 793
2 820
2 847
2 858
2 873
2 892
2 981
2 1020
3 13
3 22
3 45
3 52
3 124
3 137
3 261
3 322
3 356
3 376
3 456
3 679
3 727
3 740
3 786
3 830
3 896
3 1017
4 6
4 7
4 8
4 11
4 15
4 17
4 19
4 25
4 29
4 34
4 42
4 44
4 51
4 58
4 65
4 67
4 85
4 98
4 99
4 101
4 107
4 110
4 112
4 122
4 154
4 211
4 222
4 238
4 246
4 258
4 266
4 269
4 285
4 294
4 304
4 307
4 342
4 343
4 346
4 355
4 368
4 424
4 429
4 442
4 447
4 454
4 464
4 481
4 482
4 497
4 508
4 526
4 617
4 640
4 670
4 681
4 720
4 721
4 798
4 812
4 821
4 830
4 836
4 872
4 884
4 966
4 978
4 1008
4 1038
4 1039
5 6
5 9
5 35
5 44
5 67
5 83
5 99
5 101
5 132
5 157
5 188
5 216
5 240
5 255
5 272
5 313
5 328
5 385
5 408
5 409
5 412
5 439
5 448
5 456
5 478
5 479
5 498
5 503
5 521
5 550
5 563
5 650
5 729
5 817
5 848
5 901
5 906
5 913
5 914
5 923
5 927
5 1003
6 7
6 8
6 9
6 10
6 11
6 12
6 13
6 15
6 16
6 17
6 20
6 22
6 25
6 26
6 30
6 31
6 34
6 35
6 36
6 37
6 39
6 40
6 46
6 47
6 50
6 58
6 62
6 64
6 66
6 69
6 71
6 72
6 74
6 75
6 76
6 81
6 82
6 85
6 88
6 92
6 93
6 98
6 103
6 115
6 132
6 139
6 140
6 169
6 195
6 198
6 200
6 214
6 230
6 235
6 245
6 248
6 268
6 269
6 279
6 296
6 300
6 315
6 350
6 364
6 370
6 372
6 378
6 413
6 415
6 455
6 473
6 491
6 512
6 517
6 542
6 545
6 550
6 555
6 584
6 602
6 607
6 613
6 619
6 620
6 631
6 640
6 641
6 645
6 648
6 661
6 674
6 678
6 682
6 692
6 714
6 740
6 746
6 840
6 844
6 898
6 902
6 909
6 912
6 971
6 980
6 985
6 1009
6 1032
6 1036
6 1045
6 1046
6 1048
6 1050
6 1054
7 8
7 10
7 11
7 14
7 16
7 18
7 19
7 21
7 22
7 23
7 25
7 28
7 32
7 33
7 34
7 35
7 36
7 39
7 40
7 50
7 58
7 60
7 61
7 64
7 66
7 68
7 73
7 79
7 86
7 93
7 95
7 103
7 116
7 120
7 122
7 129
7 140
7 142
7 149
7 156
7 159
7 166
7 167
7 178
7 179
7 192
7 203
7 214
7 215
7 227
7 228
7 229
7 241
7 248
7 256
7 264
7 265
7 275
7 278
7 281
7 292
7 303
7 333
7 334
7 337
7 355
7 366
7 373
7 378
7 379
7 395
7 397
7 407
7 410
7 421
7 442
7 449
7 459
7 483
7 484
7 489
7 500
7 508
7 510
7 520
7 540
7 543
7 544
7 552
7 553
7 558
7 560
7 582
7 597
7 601
7 609
7 610
7 615
7 625
7 633
7 655
7 681
7 692
7 693
7 694
7 704
7 756
7 775
7 803
7 819
7 828
7 867
7 870
7 889
7 916
7 921
7 934
7 959
7 966
7 969
7 975
7 978
7 979
7 991
7 1002
8 12
8 14
8 19
8 20
8 27
8 31
8 34
8 52
8 56
8 83
8 92
8 95
8 116
8 119
8 134
8 136
8 164
8 165
8 172
8 246
8 249
8 291
8 357
8 395
8 411
8 416
8 532
8 579
8 622
8 654
8 684
8 712
8 761
8 807
8 866
8 882
8 1022
8 1025
8 1041
9 11
9 15
9 16
9 21
9 44
9 46
9 54
9 55
9 58
9 60
9 64
9 66
9 74
9 77
9 86
9 95
9 96
9 102
9 104
9 115
9 125
9 126
9 133
9 141
9 147
9 150
9 156
9 167
9 172
9 175
9 180
9 181
9 184
9 185
9 199
9 208
9 228
9 234
9 277
9 282
9 297
9 315
9 338
9 377
9 380
9 382
9 401
9 408
9 423
9 432
9 448
9 453
9 516
9 517
9 523
9 528
9 541
9 576
9 587
9 598
9 609
9 628
9 662
9 678
9 698
9 724
9 726
9 733
9 742
9 758
9 790
9 791
9 842
9 861
9 866
9 915
9 918
9 944
9 954
9 973
9 1010
9 1023
9 1042
10 15
10 27
10 28
10 31
10 32
10 40
10 48
10 59
10 68
10 71
10 76
10 85
10 89
10 90
10 117
10 146
10 148
10 176
10 186
10 201
10 209
10 210
10 224
10 248
10 257
10 287
10 401
10 438
10 477
10 555
10 613
10 717
10 760
10 826
10 958
10 1043
11 12
11 13
11 17
11 20
11 37
11 45
11 46
11 51
11 67
11 81
11 84
11 86
11 89
11 102
11 108
11 111
11 147
11 157
11 173
11 183
11 241
11 244
11 259
11 327
11 358
11 359
11 414
11 422
11 521
11 543
11 556
11 558
11 560
11 580
11 581
11 661
11 689
11 728
11 732
11 786
11 813
11 827
11 834
11 919
11 974
11 1018
11 1025
12 19
12 41
12 57
12 87
12 135
12 162
12 193
12 229
12 230
12 350
12 373
12 403
12 450
12 451
12 468
12 503
12 693
13 14
13 18
13 20
13 21
13 23
13 28
13 29
13 30
13 31
13 33
13 36
13 37
13 40
13 41
13 43
13 45
13 49
13 62
13 65
13 70
13 76
13 92
13 93
13 94
13 103
13 113
13 118
13 119
13 123
13 131
13 153
13 164
13 174
13 189
13 216
13 260
13 289
13 319
13 363
13 384
13 407
13 416
13 436
13 450
13 455
13 462
13 468
13 474
13 501
13 531
13 555
13 578
13 589
13 632
13 645
13 707
13 733
13 736
13 764
13 778
13 779
13 782
13 836
13 856
13 869
13 949
13 971
13 993
13 1043
14 17
14 28
14 48
14 51
14 53
14 54
14 82
14 106
14 111
14 120
14 174
14 196
14 205
14 225
14 276
14 303
14 316
14 335
14 336
14 366
14 403
14 498
14 508
14 555
14 575
14 592
14 653
14 737
14 775
14 787
14 800
14 859
14 886
14 889
14 923
14 953
14 975
14 999
14 1035
15 23
15 30
15 32
15 42
15 46
15 62
15 77
15 83
15 94
15 104
15 106
15 130
15 147
15 149
15 153
15 168
15 170
15 174
15 196
15 260
15 262
15 277
15 280
15 287
15 288
15 308
15 330
15 379
15 394
15 438
15 479
15 482
15 487
15 512
15 519
15 548
15 697
15 722
15 725
15 730
15 734
15 740
15 756
15 759
15 773
15 837
15 940
15 1023
15 1033
15 1048
16 24
16 91
16 143
16 160
16 180
16 210
16 229
16 253
16 271
16 283
16 298
16 327
16 424
16 518
16 529
16 561
16 582
16 615
16 648
16 651
16 683
16 694
16 713
16 834
16 865
16 914
17 21
17 24
17 26
17 33
17 38
17 49
17 59
17 70
17 74
17 77
17 82
17 125
17 126
17 129
17 139
17 177
17 188
17 190
17 217
17 280
17 297
17 299
17 324
17 350
17 468
17 496
17 498
17 540
17 597
17 619
17 620
17 652
17 670
17 695
17 752
17 796
17 850
17 877
17 884
17 974
17 1004
17 1005
17 1040
18 22
18 24
18 27
18 28
18 29
18 35
18 59
18 63
18 73
18 88
18 100
18 110
18 145
18 209
18 210
18 211
18 223
18 300
18 323
18 326
18 335
18 370
18 371
18 387
18 395
18 454
18 463
18 573
18 575
18 614
18 644
18 646
18 663
18 684
18 751
18 762
18 763
18 816
18 849
18 879
18 880
18 984
18 1004
18 1038
19 26
19 43
19 47
19 62
19 72
19 75
19 100
19 124
19 126
19 133
19 139
19 188
19 207
19 208
19 243
19 252
19 277
19 311
19 318
19 361
19 404
19 415
19 439
19 486
19 506
19 520
19 539
19 610
19 611
19 694
19 749
19 782
19 783
19 787
19 861
19 883
19 953
20 25
20 38
20 49
20 56
20 60
20 70
20 72
20 73
20 80
20 110
20 144
20 147
20 158
20 179
20 212
20 213
20 218
20 224
20 278
20 283
20 294
20 391
20 396
20 452
20 492
20 494
20 526
20 549
20 602
20 657
20 662
20 783
20 847
20 861
20 865
20 873
20 918
20 977
21 24
21 26
21 27
21 36
21 39
21 53
21 61
21 64
21 103
21 127
21 133
21 156
21 221
21 264
21 280
21 314
21 323
21 324
21 336
21 482
21 484
21 498
21 544
21 590
21 644
21 687
21 688
21 757
21 786
21 908
21 946
21 951
21 999
21 1036
22 41
22 42
22 43
22 69
22 79
22 89
22 117
22 127
22 131
22 160
22 183
22 223
22 239
22 254
22 276
22 286
22 310
22 313
22 344
22 368
22 417
22 423
22 425
22 444
22 475
22 543
22 554
22 596
22 643
22 696
22 863
22 867
22 910
22 996
23 24
23 38
23 91
23 234
23 314
23 328
23 342
23 351
23 500
23 632
23 696
23 812
23 837
23 900
23 1010
24 26
24 29
24 32
24 44
24 63
24 105
24 137
24 199
24 274
24 310
24 385
24 398
24 457
24 472
24 479
24 492
24 562
24 572
24 709
24 739
24 804
24 824
24 915
24 943
24 985
24 994
24 1001
25 32
25 39
25 75
25 80
25 113
25 155
25 177
25 182
25 183
25 195
25 305
25 339
25 438
25 444
25 649
25 725
25 746
25 830
25 868
25 930
25 1018
26 45
26 55
26 61
26 77
26 78
26 109
26 135
26 137
26 160
26 172
26 174
26 204
26 227
26 272
26 332
26 338
26 369
26 391
26 504
26 508
26 520
26 586
26 602
26 650
26 704
26 706
26 740
26 754
26 780
26 1026
27 34
27 38
27 42
27 48
27 53
27 54
27 56
27 87
27 123
27 147
27 192
27 203
27 217
27 321
27 330
27 376
27 377
27 435
27 497
27 611
27 628
27 724
27 780
27 799
27 839
27 865
27 866
27 912
28 40
28 44
28 61
28 68
28 82
28 121
28 132
28 135
28 194
28 231
28 267
28 270
28 294
28 306
28 381
28 467
28 515
28 520
28 549
28 587
28 629
28 638
28 692
28 737
28 743
28 772
28 788
28 986
28 992
28 1001
28 1016
28 1026
29 30
29 31
29 95
29 96
29 123
29 141
29 145
29 153
29 156
29 158
29 202
29 232
29 269
29 270
29 277
29 299
29 329
29 338
29 360
29 393
29 511
29 696
29 698
29 762
29 868
29 965
29 1044
30 37
30 42
30 57
30 169
30 191
30 206
30 268
30 281
30 325
30 349
30 367
30 420
30 443
30 510
30 682
30 802
30 845
30 955
30 990
30 994
30 995
31 33
31 47
31 55
31 72
31 74
31 76
31 106
31 131
31 138
31 146
31 176
31 200
31 213
31 226
31 252
31 266
31 276
31 284
31 289
31 380
31 398
31 426
31 441
31 513
31 651
31 682
31 684
31 688
31 719
31 759
31 779
31 796
31 1024
31 1033
32 37
32 39
32 43
32 47
32 50
32 78
32 163
32 207
32 219
32 236
32 243
32 298
32 345
32 368
32 452
32 514
32 529
32 650
32 706
32 1027
32 1036
33 63
33 133
33 168
33 209
33 248
33 275
33 289
33 447
33 535
33 691
33 768
33 792
33 1006
34 53
34 69
34 70
34 120
34 142
34 251
34 281
34 283
34 287
34 308
34 566
34 838
34 864
34 1013
34 1021
35 57
35 81
35 189
35 353
35 445
35 641
35 806
36 59
36 138
36 225
36 243
36 284
36 292
36 304
36 360
36 479
36 540
36 925
36 1039
37 50
37 65
37 88
37 97
37 107
37 122
37 146
37 153
37 166
37 171
37 195
37 234
37 236
37 249
37 250
37 259
37 262
37 271
37 288
37 291
37 295
37 307
37 313
37 345
37 407
37 428
37 435
37 505
37 533
37 571
37 613
37 636
37 643
37 690
37 722
37 742
37 772
37 805
37 808
37 827
37 885
37 913
37 962
38 51
38 52
38 56
38 60
38 72
38 85
38 113
38 119
38 120
38 150
38 163
38 181
38 222
38 290
38 296
38 297
38 392
38 398
38 431
38 488
38 493
38 635
38 703
38 769
38 839
38 926
39 69
39 135
39 148
39 237
39 270
39 323
39 339
39 374
39 378
39 396
39 398
39 433
39 465
39 473
39 492
39 538
39 539
39 666
39 677
39 686
39 757
39 844
39 878
39 891
39 905
39 976
39 993
39 1012
40 48
40 55
40 97
40 149
40 194
40 314
40 347
41 84
41 109
41 160
41 212
41 534
41 572
41 823
41 1032
42 65
42 136
42 182
42 191
42 434
42 469
42 602
42 719
42 852
43 54
43 91
43 98
43 99
43 101
43 218
43 219
43 263
43 320
43 350
43 404
43 467
43 470
43 474
43 484
43 490
43 533
43 565
43 602
43 637
43 733
43 784
43 795
43 817
43 851
43 863
43 874
43 878
43 902
43 916
43 935
44 49
44 153
44 170
44 185
44 326
44 390
44 472
44 473
44 721
44 781
44 876
44 1008
45 50
45 52
45 77
45 79
45 121
45 159
45 222
45 306
45 349
45 351
45 358
45 476
45 554
45 571
45 588
45 592
45 784
45 833
45 904
45 910
46 51
46 58
46 61
46 64
46 75
46 83
46 87
46 103
46 107
46 112
46 116
46 136
46 151
46 156
46 158
46 169
46 171
46 178
46 194
46 232
46 282
46 303
46 307
46 308
46 311
46 319
46 328
46 339
46 367
46 386
46 430
46 452
46 460
46 502
46 552
46 598
46 600
46 639
46 653
46 665
46 680
46 755
46 778
46 782
46 783
46 840
46 861
46 942
46 963
46 1014
46 1020
46 1039
47 57
47 67
47 79
47 120
47 220
47 259
47 300
47 301
47 340
47 362
47 431
47 501
47 525
47 529
47 817
47 829
47 965
48 55
48 68
48 100
48 104
48 144
48 198
48 247
48 258
48 265
48 280
48 326
48 327
48 341
48 345
48 353
48 403
48 407
48 595
48 786
49 88
49 89
49 137
49 150
49 162
49 177
49 178
49 179
49 354
49 361
49 396
49 397
49 436
49 471
49 480
49 504
49 646
49 662
49 667
49 701
49 709
49 745
49 756
49 782
49 805
49 887
49 927
49 1008
50 67
50 151
50 205
50 490
50 632
50 779
50 940
51 81
51 83
51 98
51 106
51 112
51 118
51 121
51 143
51 151
51 161
51 196
51 255
51 260
51 297
51 317
51 369
51 562
51 622
51 690
51 835
51 881
51 890
51 964
52 71
52 112
52 161
52 231
52 317
52 523
52 705
52 726
52 739
52 932
53 84
53 159
53 161
53 170
53 182
53 226
53 234
53 274
53 399
53 413
53 488
53 538
53 614
53 682
53 780
53 885
53 920
53 961
53 970
53 1031
54 60
54 99
54 175
54 216
54 298
54 492
54 867
55 87
55 90
55 140
55 228
55 424
55 566
55 603
55 627
55 743
55 956
56 63
56 142
56 169
56 185
56 196
56 295
56 354
56 371
56 439
56 608
56 611
56 810
56 822
56 965
57 75
57 80
57 113
57 123
57 128
57 139
57 171
57 202
57 212
57 215
57 242
57 292
57 365
57 486
57 487
57 648
57 668
57 680
57 731
57 847
57 887
57 890
57 1040
57 1053
58 171
58 201
58 272
58 295
58 306
58 347
58 360
58 382
58 391
58 406
58 431
58 643
58 693
59 86
59 142
59 186
59 197
59 200
59 214
59 339
59 377
59 472
59 514
59 825
59 915
59 970
59 1029
60 80
60 90
60 97
60 105
60 111
60 128
60 152
60 219
60 250
60 290
60 340
60 421
60 425
60 454
60 464
60 495
60 502
60 819
60 843
60 847
60 875
60 949
61 78
61 105
61 224
61 226
61 301
61 310
61 331
61 378
61 422
61 429
61 446
61 464
61 527
61 588
61 665
61 673
61 722
61 824
61 864
61 922
61 942
61 966
61 1010
62 71
62 109
62 115
62 163
62 199
62 238
62 265
62 359
62 387
62 392
62 446
62 510
62 536
62 597
62 621
62 646
62 697
62 718
62 748
62 760
62 858
62 884
62 1055
63 66
63 76
63 84
63 100
63 125
63 127
63 128
63 154
63 225
63 285
63 286
63 411
63 427
63 440
63 516
63 524
63 579
63 591
63 669
63 775
63 797
63 955
64 96
64 108
64 124
64 125
64 127
64 211
64 291
64 311
64 419
64 496
64 528
64 616
64 712
64 766
64 785
64 797
64 806
64 911
65 68
65 110
65 604
65 630
65 651
66 85
66 91
66 92
66 113
66 114
66 138
66 141
66 202
66 208
66 229
66 255
66 268
66 346
66 351
66 414
66 421
66 464
66 664
66 739
66 781
66 790
66 821
66 900
67 80
67 90
67 94
67 141
67 152
67 182
67 184
67 201
67 202
67 217
67 227
67 233
67 291
67 377
67 463
67 656
67 761
67 839
67 922
67 1052
68 73
68 145
68 173
68 204
68 232
68 258
68 265
68 330
68 397
68 427
68 472
68 533
68 601
68 624
68 634
68 639
68 766
69 86
69 94
69 105
69 114
69 151
69 181
69 220
69 226
69 247
69 263
69 274
69 384
69 454
69 458
69 519
69 550
69 580
69 701
69 735
69 880
69 1038
70 82
70 94
70 130
70 187
70 223
70 568
70 597
70 723
70 822
71 108
71 116
71 124
71 233
71 242
71 245
71 285
71 327
71 364
71 402
71 429
71 439
71 631
71 716
71 877
71 910
71 938
71 1023
72 74
72 78
72 104
72 152
72 168
72 193
72 303
72 337
72 349
72 502
72 900
72 1031
73 116
73 133
73 154
73 180
73 190
73 244
73 256
73 271
73 321
73 341
73 434
73 453
73 620
73 718
73 759
73 1021
74 118
74 124
74 131
74 132
74 145
74 167
74 201
74 222
74 254
74 336
74 343
74 369
74 461
74 591
74 669
75 131
75 181
75 213
75 269
75 274
75 305
75 417
75 592
75 718
75 852
75 889
75 981
75 1005
76 173
76 185
76 227
76 250
76 263
76 392
76 404
76 416
76 538
76 702
76 876
77 101
77 119
77 130
77 135
77 337
77 386
77 388
77 391
77 399
77 430
77 440
77 457
77 489
77 620
77 627
77 664
77 929
78 79
78 87
78 88
78 114
78 121
78 146
78 152
78 207
78 293
78 380
78 383
78 388
78 389
78 462
78 486
78 655
78 667
78 699
78 702
78 753
78 995
78 1022
79 91
79 106
79 140
79 154
79 155
79 165
79 186
79 234
79 264
79 290
79 305
79 347
79 373
79 426
79 458
79 744
79 774
79 891
79 896
79 931
79 965
80 203
80 363
80 418
80 449
80 457
80 513
80 803
80 860
81 96
81 102
81 170
81 187
81 221
81 296
81 384
81 389
81 519
81 750
82 90
82 160
82 201
82 258
82 433
82 448
82 636
82 672
82 717
82 730
82 871
82 919
82 935
82 1052
83 96
83 112
83 123
83 224
83 306
83 366
83 470
83 521
83 559
83 723
83 760
83 969
84 95
84 159
84 175
84 209
84 276
84 294
84 410
84 570
84 719
84 723
84 774
84 810
84 839
84 987
85 97
85 119
85 129
85 146
85 190
85 267
85 302
85 304
85 310
85 390
85 456
85 524
85 526
85 536
85 585
85 705
85 742
85 764
85 768
85 907
86 109
86 162
86 293
86 356
86 406
86 426
86 580
86 886
86 895
86 954
86 1044
87 114
87 177
87 265
87 275
87 357
87 505
87 506
87 564
87 599
87 624
87 670
87 741
87 852
87 946
88 93
88 105
88 114
88 125
88 134
88 169
88 187
88 221
88 232
88 254
88 329
88 349
88 353
88 361
88 362
88 380
88 385
88 388
88 402
88 412
88 452
88 460
88 461
88 504
88 508
88 522
88 547
88 670
88 748
88 784
88 833
88 1008
88 1009
88 1013
88 1026
88 1055
89 231
89 287
89 325
89 353
89 488
89 607
89 699
89 901
90 117
90 161
90 196
90 217
90 219
90 231
90 251
90 262
90 403
90 412
90 419
90 428
90 445
90 461
90 870
90 897
90 929
90 1046
91 92
91 97
91 102
91 118
91 134
91 142
91 172
91 173
91 183
91 253
91 270
91 434
91 585
91 590
91 618
91 713
91 792
91 850
91 942
91 1021
92 170
92 362
92 369
92 462
92 654
92 874
92 954
93 154
93 173
93 180
93 299
93 300
93 343
93 409
93 486
93 528
93 612
93 809
93 824
93 928
94 121
94 129
94 148
94 200
94 214
94 286
94 307
94 324
94 364
94 365
94 375
94 437
94 463
94 466
94 517
94 570
94 623
94 658
94 687
94 784
94 803
94 832
94 841
94 858
94 875
94 904
94 917
94 924
94 955
94 1039
95 128
95 329
95 375
96 117
96 122
96 221
96 400
96 548
96 673
96 978
96 1030
97 225
97 285
97 320
97 621
97 734
98 99
98 143
98 239
98 386
98 404
98 442
98 540
98 671
98 718
98 846
98 862
98 979
98 988
99 108
99 148
99 278
99 354
99 368
99 392
99 669
99 887
99 908
99 1049
100 155
100 164
100 167
100 497
100 578
100 636
100 702
100 773
100 794
100 999
101 111
101 149
101 191
101 659
101 692
101 941
101 987
101 1008
102 126
102 129
102 136
102 155
102 157
102 166
102 187
102 214
102 241
102 389
102 507
102 527
102 528
102 551
102 570
102 571
102 581
102 623
102 695
102 721
102 746
102 892
102 916
102 941
103 161
103 188
103 266
103 267
103 317
103 414
103 504
103 586
103 701
103 732
103 913
103 996
104 204
104 256
104 273
104 319
104 421
104 447
104 704
104 809
104 860
105 150
105 175
105 176
105 213
105 561
105 720
106 109
106 110
106 127
106 176
106 256
106 326
106 334
106 408
106 456
106 505
106 565
106 606
106 711
106 1037
106 1042
107 320
107 446
107 527
107 674
107 752
108 115
108 272
108 332
108 380
108 474
108 514
108 567
108 568
108 620
108 785
108 827
108 971
108 1042
109 130
109 374
109 825
109 870
109 982
109 1014
110 151
110 152
110 197
110 218
110 511
110 981
111 118
111 148
111 178
111 203
111 405
111 487
111 635
111 700
111 887
111 976
111 1024
112 117
112 155
112 176
112 193
112 236
112 273
112 313
112 633
112 866
112 979
112 1049
113 136
113 206
113 325
113 346
113 468
113 504
113 544
113 619
113 727
113 729
113 770
113 838
113 926
113 997
113 998
114 738
114 745
114 799
114 836
114 937
114 1044
115 149
115 186
115 350
115 587
115 640
115 793
116 134
116 192
116 241
116 257
116 334
116 367
116 369
116 390
116 404
116 465
116 487
116 514
116 518
116 532
116 556
116 581
116 603
116 641
116 673
116 706
116 893
116 895
116 983
116 998
117 417
117 729
117 921
118 164
118 246
118 327
118 460
118 890
118 928
118 960
118 1045
119 126
119 233
119 294
119 313
119 346
119 637
119 937
120 137
120 229
120 501
120 522
120 787
121 281
121 924
121 1043
122 138
122 235
122 238
122 239
122 270
122 278
122 374
122 414
122 495
122 545
122 550
122 573
122 838
122 884
122 894
122 980
122 997
122 1027
123 199
123 275
123 302
123 395
123 489
123 591
123 644
123 713
123 931
124 158
124 488
124 495
124 556
124 572
124 758
124 792
124 846
125 132
125 143
125 241
125 244
125 338
125 401
125 410
125 458
125 475
125 484
125 506
125 615
125 896
126 193
126 453
126 466
126 519
126 661
126 892
127 224
127 288
127 296
127 370
127 584
127 596
127 632
127 690
128 150
128 190
128 235
128 288
128 311
128 382
128 411
128 438
128 459
128 477
128 490
128 517
128 565
128 570
128 589
128 604
128 758
128 795
128 855
128 985
128 1027
129 230
129 394
129 475
129 532
129 537
129 571
129 662
129 677
129 707
129 735
129 747
129 765
129 810
130 163
130 215
130 257
130 322
130 348
130 435
130 660
130 715
130 891
130 982
130 1018
130 1051
131 165
131 188
131 190
131 255
131 322
131 765
131 912
132 191
132 254
132 359
132 477
132 618
132 808
132 857
133 256
133 262
133 410
133 513
133 540
134 172
134 420
134 499
134 591
135 141
135 144
135 206
135 283
135 374
135 376
135 449
135 577
135 734
135 889
135 988
135 1024
136 247
136 268
136 317
136 427
136 551
136 609
136 663
136 744
136 758
136 787
136 1009
137 166
137 189
137 247
137 284
137 408
137 430
137 641
137 714
137 791
137 801
137 808
137 840
137 850
137 860
137 1007
138 212
138 279
138 284
138 399
138 598
138 672
138 746
138 984
139 228
139 441
139 480
139 553
139 601
139 975
139 989
140 303
140 552
140 574
140 659
141 167
141 174
141 186
141 197
141 249
141 316
141 331
141 343
141 425
141 462
141 615
141 671
141 683
141 720
141 903
142 168
142 223
142 279
142 315
142 441
142 531
142 567
142 663
142 742
142 854
143 157
143 183
143 185
143 204
143 211
143 212
143 240
143 269
143 273
143 280
143 312
143 354
143 426
143 468
143 612
143 625
143 890
143 932
143 939
144 179
144 184
144 400
144 530
144 920
145 220
145 222
145 423
145 517
145 706
145 732
145 807
145 845
145 966
145 973
146 314
146 330
146 361
146 379
146 467
146 556
146 669
146 695
146 789
146 984
147 218
147 333
147 348
147 605
147 728
147 804
147 836
147 889
147 925
148 385
148 813
148 872
149 209
149 261
149 319
149 601
149 621
149 646
149 656
149 698
149 700
149 710
149 760
149 939
150 271
150 845
151 158
151 261
151 272
151 273
151 301
151 340
151 461
151 476
151 499
151 614
151 629
151 725
151 949
151 967
152 230
152 305
152 337
152 553
152 569
152 829
152 859
152 888
152 921
153 165
153 184
153 216
153 286
153 405
153 436
153 445
153 449
153 465
153 636
153 878
153 999
154 237
154 613
154 661
155 258
155 344
155 671
155 731
155 752
156 194
156 211
156 221
156 244
156 263
156 271
156 518
156 633
156 776
156 794
157 177
157 289
157 298
157 678
157 689
157 830
157 988
157 1026
158 159
158 162
158 166
158 168
158 206
158 237
158 252
158 299
158 315
158 322
158 333
158 348
158 367
158 397
158 402
158 410
158 477
158 485
158 530
158 693
158 816
158 820
158 899
158 965
158 976
158 982
158 1046
159 171
159 179
159 189
159 240
159 243
159 248
159 264
159 300
159 360
159 408
159 416
159 483
159 494
159 495
159 598
159 757
159 788
159 802
159 882
159 885
159 931
159 974
159 1045
160 257
160 493
160 605
160 769
160 930
161 296
161 406
161 512
161 518
161 708
162 277
162 418
162 831
162 958
162 982
162 1054
163 726
164 189
164 354
164 580
164 757
164 1017
165 293
165 299
165 461
165 494
165 535
165 644
165 963
166 175
166 568
166 1009
167 752
168 553
169 205
169 210
169 255
169 330
169 352
169 384
169 405
169 494
169 539
169 657
169 743
169 880
169 901
169 1028
170 223
170 237
170 376
170 509
170 628
170 761
170 902
171 181
171 205
171 264
171 335
171 341
171 388
171 396
171 415
171 428
171 432
171 454
171 458
171 644
171 654
171 881
171 907
171 1034
172 184
172 383
172 481
173 231
173 476
173 638
173 717
173 818
173 853
174 240
174 290
174 482
174 691
174 850
175 894
175 1029
176 204
176 616
176 976
177 432
177 513
177 583
177 624
177 630
178 320
178 387
178 797
178 945
179 600
179 910
179 971
179 1009
180 329
180 351
180 379
180 443
180 583
180 619
180 867
181 309
181 322
181 331
181 419
181 463
181 536
181 714
181 945
181 951
181 993
182 226
182 302
182 339
182 375
182 386
182 394
182 516
182 568
182 612
182 761
182 785
182 803
182 831
182 859
182 959
183 244
183 301
183 331
183 590
183 841
183 933
184 577
184 848
185 193
185 257
185 328
185 342
185 451
185 622
185 646
185 684
185 862
185 1007
185 1032
186 195
186 215
186 233
186 242
186 261
186 420
186 425
186 789
186 983
187 267
187 309
187 344
187 445
187 478
187 533
187 656
187 680
187 683
187 900
187 992
188 216
188 489
188 575
188 652
188 696
188 857
188 899
188 948
188 967
189 194
189 197
189 198
189 314
189 407
189 696
189 795
189 800
189 873
189 946
190 358
190 528
190 869
190 1000
191 465
191 501
191 672
191 716
191 809
191 854
191 930
191 958
192 267
192 341
192 415
192 582
192 756
192 812
192 823
193 239
193 282
193 318
193 372
193 383
193 576
193 909
193 1003
194 245
194 310
194 365
194 444
194 780
194 831
194 837
194 900
194 1000
195 250
195 263
195 608
195 707
195 854
195 888
196 200
196 308
196 316
196 336
196 352
196 376
196 567
196 1011
197 249
197 251
197 253
197 433
197 558
197 650
197 741
197 789
198 343
198 443
198 469
198 478
198 521
198 530
198 536
198 657
198 874
199 470
199 532
199 560
199 652
199 796
199 851
200 594
200 631
200 883
200 917
201 202
201 260
201 285
201 302
201 306
201 344
201 389
201 456
201 605
201 736
201 775
201 839
201 875
201 1014
202 232
202 409
202 541
202 751
202 775
203 279
203 287
203 549
203 1025
204 206
204 347
204 365
204 385
204 390
204 429
204 681
204 710
204 767
204 879
205 220
205 235
205 332
205 337
205 342
205 422
205 434
205 466
205 507
205 592
205 679
205 731
205 855
205 1013
206 218
206 273
206 525
207 238
207 249
207 318
207 422
207 424
207 475
207 600
207 627
207 678
207 741
207 856
207 992
207 999
208 239
208 252
208 293
208 356
208 436
208 753
209 242
209 254
209 321
209 372
209 447
209 493
209 883
209 914
209 933
209 1004
210 238
210 317
210 430
210 557
210 588
210 640
210 853
210 993
211 634
211 676
211 704
212 228
212 421
212 1030
213 274
213 293
213 413
213 525
213 559
213 596
213 727
213 794
213 834
213 864
213 880
214 288
214 318
214 345
214 510
214 885
215 364
215 755
215 806
215 944
215 1055
216 455
216 561
216 763
216 803
216 925
217 467
217 608
217 702
217 759
217 1005
217 1018
218 340
218 383
218 390
218 477
218 499
218 779
219 242
219 560
219 585
219 700
219 793
220 434
220 691
222 290
222 389
222 409
222 500
222 594
222 715
222 815
222 983
222 1036
223 315
223 324
223 569
223 853
223 943
224 538
224 764
224 812
224 1019
224 1031
225 240
225 245
225 675
225 694
225 700
225 823
225 834
225 852
225 1052
226 282
226 431
226 547
226 600
227 247
227 266
227 357
227 627
227 683
227 730
227 905
227 1015
228 236
228 292
228 353
228 467
228 485
228 512
228 772
229 334
229 363
229 372
229 411
229 496
229 560
229 777
229 818
229 826
229 905
229 945
229 957
230 455
230 739
230 745
230 778
230 842
230 913
231 261
231 321
231 483
231 503
231 607
231 804
231 1040
232 579
234 593
234 732
235 422
235 776
236 443
236 453
236 512
236 765
236 771
236 856
236 877
236 1020
237 243
237 278
237 316
237 325
237 348
237 356
237 363
237 478
237 506
237 507
237 562
237 680
237 899
238 262
238 357
238 481
238 634
238 682
238 980
239 283
239 342
239 370
239 373
239 757
239 786
239 1025
240 251
240 427
240 497
240 545
240 577
240 605
240 637
240 820
240 1045
241 309
241 336
241 432
241 511
241 970
242 282
242 355
242 618
242 686
242 717
242 987
243 245
243 384
243 426
243 442
243 622
243 916
243 934
243 957
244 246
244 333
244 524
244 579
244 878
244 959
245 352
245 416
245 667
245 721
246 286
246 552
246 564
246 800
246 933
247 458
247 535
247 537
247 554
247 626
247 635
247 763
247 821
248 250
248 284
248 857
249 395
249 459
249 722
249 865
249 895
249 943
250 490
250 515
250 537
250 557
250 647
250 892
251 260
251 358
251 371
251 656
253 259
253 578
253 609
253 863
254 367
254 377
254 545
254 648
254 879
254 946
254 1035
255 331
255 441
255 724
255 751
255 818
255 988
256 259
256 295
256 346
256 406
256 442
256 708
256 826
257 276
257 360
257 618
258 345
258 358
258 371
258 375
258 393
258 590
258 654
258 759
258 784
258 874
258 988
259 355
259 446
259 576
259 623
259 814
259 898
260 319
260 359
260 383
260 400
260 462
260 621
260 787
261 349
261 483
261 586
261 730
261 923
261 1047
262 381
262 569
262 688
262 1042
263 323
263 423
263 911
263 1000
264 473
266 972
266 1020
267 448
267 493
267 716
267 842
267 959
267 991
267 1014
267 1047
268 437
268 626
268 750
268 802
268 819
268 823
268 859
268 928
268 980
268 996
268 1006
268 1042
269 281
269 474
269 478
269 635
269 678
270 494
271 289
271 309
271 433
271 563
271 579
271 594
271 697
271 903
272 715
273 374
273 469
273 922
274 332
274 437
274 539
274 994
275 577
275 583
275 613
275 658
275 791
276 304
276 307
276 365
276 382
276 606
276 947
276 1046
277 675
277 781
277 984
277 992
278 452
278 1015
279 329
281 304
281 399
281 419
281 525
281 919
281 975
282 495
282 589
282 769
283 302
283 392
283 604
283 648
283 753
283 799
283 964
283 1045
285 298
285 305
285 357
285 502
285 673
285 684
285 940
285 996
286 301
286 457
286 493
286 707
286 805
286 876
286 987
286 1048
287 530
287 565
287 583
287 727
287 869
288 471
288 521
288 603
289 371
289 443
289 754
289 829
289 956
289 1050
290 335
290 588
290 647
290 649
290 695
290 711
290 832
290 917
290 938
291 515
291 559
291 585
291 599
291 685
291 689
291 727
291 741
291 880
291 886
291 993
292 399
292 439
292 472
292 604
292 872
292 885
292 1050
293 318
293 352
293 858
293 1037
294 546
294 708
294 732
294 801
294 1047
295 381
295 777
295 831
296 332
296 402
296 651
296 748
297 525
297 671
297 747
297 1036
298 355
298 531
298 709
299 935
300 341
300 400
300 401
300 440
300 542
300 777
301 688
301 753
301 897
301 967
302 551
302 630
302 654
302 734
302 749
302 924
302 1021
303 537
303 809
303 856
304 677
304 1035
305 764
305 849
306 312
306 348
306 356
306 687
306 790
307 509
307 628
307 1019
308 381
308 870
309 312
309 320
309 400
309 418
309 488
309 597
309 611
309 672
309 674
309 749
309 893
309 927
310 316
310 424
310 598
310 617
310 653
310 675
310 720
310 872
310 994
310 1053
311 323
311 667
313 352
313 372
313 401
313 626
313 691
313 931
315 381
315 393
315 435
315 679
315 917
316 689
316 907
317 321
317 772
317 923
317 978
318 948
319 496
319 516
319 532
319 587
319 660
319 941
320 394
320 437
320 562
320 752
321 364
321 627
322 451
322 523
322 542
322 601
322 606
322 655
322 705
322 817
322 861
323 326
323 340
323 444
324 425
324 429
324 444
324 659
325 388
325 455
325 649
325 848
326 335
326 482
326 841
326 991
327 362
327 363
327 470
327 554
327 610
328 428
329 624
330 511
331 414
331 554
331 871
332 460
333 402
333 476
333 503
333 660
333 773
333 835
334 449
334 469
334 771
335 509
335 642
335 934
336 500
336 541
336 805
336 862
337 446
337 562
338 366
338 588
338 652
338 948
339 359
339 406
339 535
339 558
339 633
339 916
339 974
340 451
340 748
342 411
342 423
342 436
342 555
342 569
342 671
342 798
342 964
343 375
343 417
343 489
343 599
343 799
343 951
344 387
344 590
344 1024
345 382
345 510
345 576
345 582
345 632
345 763
345 795
345 968
345 1000
345 1047
346 735
346 768
346 841
346 918
347 351
347 574
347 630
347 754
348 592
348 790
348 991
349 427
350 1046
351 379
351 833
351 903
351 927
351 956
351 969
352 415
352 548
352 730
352 935
353 911
353 936
354 418
354 460
354 566
354 625
354 638
354 650
354 703
354 797
354 864
355 393
355 412
355 440
355 485
355 553
355 615
355 746
355 849
355 882
355 888
355 926
355 979
355 983
356 378
356 420
356 628
357 419
357 543
357 723
357 794
357 796
357 854
357 1028
357 1034
358 362
358 624
358 690
358 846
358 854
359 658
359 750
359 756
359 860
359 863
360 617
360 937
360 1004
362 431
362 777
362 817
362 983
363 572
363 930
363 953
364 607
364 929
365 409
365 722
366 370
366 450
366 838
366 879
367 394
367 397
367 492
367 511
367 516
368 466
368 904
368 939
369 413
369 546
369 570
369 607
369 642
369 699
369 711
369 973
369 1020
370 928
371 440
371 491
371 737
371 790
372 1041
373 939
375 481
375 536
375 567
375 896
375 898
375 997
375 1002
375 1034
376 527
376 614
377 465
377 545
377 580
377 618
377 665
378 1052
379 490
379 564
379 728
380 501
380 655
380 738
380 770
380 840
380 974
381 925
382 530
382 559
382 594
382 816
382 843
383 480
383 514
383 576
383 739
384 412
384 487
384 659
384 992
385 522
385 725
386 435
386 466
387 569
387 572
387 664
387 676
387 938
387 1003
388 485
388 486
388 552
388 589
388 652
388 664
388 679
388 708
389 522
389 639
389 681
389 744
389 798
389 937
390 692
390 798
390 935
391 403
391 606
391 755
391 888
391 897
391 898
392 706
393 451
394 459
394 956
395 751
395 772
395 841
395 962
396 681
396 813
396 909
397 548
397 596
397 665
397 810
397 845
397 986
398 1019
398 1022
399 498
399 636
400 428
400 484
401 747
401 855
402 897
404 463
404 574
404 680
404 731
405 939
405 1016
405 1047
406 441
406 515
407 662
407 800
408 438
408 448
408 544
408 767
408 836
408 960
409 491
409 595
410 457
410 744
410 990
411 778
411 830
411 902
412 534
412 549
412 639
412 875
412 1030
413 622
413 907
414 479
414 725
414 766
414 868
414 940
414 970
415 542
415 743
415 843
416 660
416 764
416 898
417 765
418 496
418 551
418 665
418 1015
419 432
419 453
419 470
419 587
419 599
419 676
419 685
419 750
419 853
420 535
420 1033
421 464
421 505
421 527
421 575
421 595
421 807
421 811
422 621
422 629
422 834
423 469
423 522
423 643
423 811
423 833
423 851
423 873
423 957
423 1013
424 1010
425 566
425 583
425 645
425 980
426 474
426 547
427 660
428 481
428 667
428 824
428 883
429 726
430 437
431 677
431 814
432 475
432 610
432 748
432 1051
433 507
433 713
433 724
433 806
433 944
434 720
434 796
434 1011
435 480
435 737
435 927
437 700
437 1006
437 1043
438 480
438 747
439 459
439 544
439 637
439 703
439 710
441 946
442 934
443 499
443 506
443 715
445 513
445 905
445 1035
445 1041
445 1054
446 471
446 608
447 491
447 659
448 581
448 640
448 805
449 499
449 534
449 556
449 609
450 643
450 868
450 967
451 751
451 845
453 626
453 915
454 485
454 547
454 549
454 563
454 691
454 869
456 524
456 689
457 476
459 502
459 687
459 704
459 745
460 520
460 855
463 526
463 573
463 814
463 872
463 1028
464 515
464 631
464 676
464 709
464 755
464 842
464 985
464 1017
464 1030
465 559
465 745
465 1005
466 731
466 815
466 917
467 637
469 471
469 656
470 547
470 996
470 1034
471 573
472 699
474 1049
475 651
475 676
475 928
476 561
476 663
476 1002
477 483
477 596
477 762
477 795
477 833
477 1029
481 1030
482 497
482 566
482 771
482 837
482 883
482 920
482 943
483 829
483 960
484 863
484 994
485 818
486 738
487 509
487 519
487 561
487 626
488 534
489 500
489 904
490 593
490 672
492 550
493 546
493 653
493 698
494 697
494 979
494 1023
495 616
496 685
496 698
496 776
496 906
497 529
497 548
497 754
498 738
499 558
500 714
501 712
503 509
503 529
503 595
503 653
503 797
503 816
505 568
505 701
505 740
505 876
505 903
505 929
506 577
506 604
506 984
507 820
507 1011
508 837
508 933
508 958
508 960
509 645
509 742
509 886
510 879
510 909
510 977
510 995
511 605
511 675
511 978
512 573
512 612
512 789
512 825
512 894
513 675
513 716
513 788
513 832
513 857
513 894
513 976
514 523
514 668
514 873
515 582
515 710
515 855
516 766
517 546
517 699
517 806
517 809
517 905
519 541
519 774
519 888
520 755
520 908
521 563
521 789
521 952
521 1037
522 603
523 811
524 533
524 663
524 768
524 859
524 881
525 849
526 668
527 565
527 603
528 738
529 794
530 595
530 619
531 857
531 991
531 1003
533 801
534 647
534 728
535 705
535 762
535 843
536 537
537 557
537 642
537 708
537 932
538 606
538 800
538 868
538 1041
539 578
539 767
540 635
542 802
543 781
544 623
544 741
544 766
544 1015
545 574
545 594
545 630
545 737
545 758
545 771
545 807
545 810
545 904
545 977
546 557
546 564
546 719
546 777
546 791
546 1012
547 778
547 779
548 625
548 811
549 825
550 776
551 781
551 975
552 574
552 617
552 973
553 899
554 575
554 584
554 614
554 616
554 971
554 1053
555 593
556 557
556 571
556 702
558 567
558 685
558 814
558 842
559 719
559 1016
560 593
560 761
560 783
560 906
562 564
562 679
562 711
562 770
562 952
563 705
563 716
563 717
563 914
564 608
564 641
564 647
564 750
565 952
565 1054
566 581
566 586
566 956
568 768
569 586
570 634
572 701
572 936
572 1038
573 907
573 963
575 773
577 736
577 828
578 657
578 724
578 828
580 827
580 866
580 906
580 968
581 629
581 645
581 932
582 589
582 749
582 785
583 585
583 899
583 910
584 792
584 998
588 642
588 666
588 1027
589 770
589 835
590 728
590 819
590 911
590 919
591 664
591 820
591 918
591 922
592 616
592 734
592 769
592 852
593 673
593 686
594 848
595 666
595 1007
596 813
596 936
597 658
598 714
598 871
599 963
600 611
600 856
600 977
604 686
604 823
604 886
604 901
606 936
608 638
609 875
610 612
610 749
611 631
611 713
611 989
612 669
612 703
612 864
612 951
612 986
614 729
615 770
616 821
616 967
618 639
618 947
618 950
618 961
619 887
620 633
620 674
621 623
621 677
621 760
621 918
621 1041
623 948
626 686
626 881
627 709
627 726
627 1002
629 832
629 1048
630 870
630 921
630 943
632 767
633 712
633 840
634 937
634 962
634 985
636 844
636 925
637 1012
638 685
638 736
640 723
641 828
642 827
642 891
642 995
643 695
643 920
643 1053
644 807
644 891
644 914
646 733
646 989
648 926
650 687
650 1015
651 815
651 901
653 657
653 683
653 769
653 955
654 922
654 930
655 670
655 694
655 762
655 851
655 912
655 989
657 808
657 906
659 811
659 950
660 754
660 1032
662 846
663 1035
664 825
665 821
666 921
667 674
667 712
668 743
674 848
674 1022
677 881
677 944
677 947
681 735
685 1027
686 897
686 954
687 818
688 931
688 949
689 774
690 826
691 1004
693 828
695 718
695 793
695 923
696 913
698 831
699 707
699 798
700 871
702 878
704 736
704 860
705 1017
706 1019
707 862
707 964
708 1001
709 826
711 765
711 792
711 874
712 902
714 867
714 1021
715 835
715 1028
716 815
716 824
717 952
719 804
719 915
720 945
724 849
724 850
725 767
726 793
727 829
728 804
729 780
729 1006
730 843
734 815
734 947
734 1010
735 893
738 785
738 997
739 847
740 973
740 1049
743 892
744 998
745 835
746 959
746 1028
747 799
748 788
750 952
753 822
755 876
755 982
756 896
757 893
761 819
761 877
761 909
761 920
764 929
765 884
765 1000
766 895
767 771
768 813
768 972
768 1039
769 865
769 941
770 801
771 783
771 802
771 1016
773 877
773 938
773 941
773 949
775 950
776 782
776 882
776 894
776 950
777 963
778 962
778 966
781 912
782 1029
783 816
784 801
789 1007
790 858
793 998
795 1001
795 1018
796 814
796 1044
797 1055
798 822
798 844
801 895
802 908
807 1012
807 1033
808 936
810 846
811 832
813 934
816 940
821 1034
824 919
827 908
827 932
832 924
833 986
836 968
836 1011
836 1051
837 972
840 1011
840 1029
846 1054
847 851
850 942
850 1037
852 1031
853 1026
855 926
856 1053
857 990
858 1049
860 968
861 948
864 961
866 961
867 882
868 1052
870 989
872 970
879 1033
880 924
883 890
883 1051
885 951
886 1014
889 972
890 933
891 1013
891 1022
892 957
893 1040
894 1025
901 953
904 987
907 960
917 969
919 954
919 990
924 1043
925 1002
927 950
927 977
928 947
933 961
933 1017
937 997
947 968
950 962
950 1012
953 1031
956 964
956 1024
956 1032
966 986
969 1038
971 981
974 1006
977 1050
978 981
996 1007
996 1023
1000 1048
1011 1051
1013 1050
1032 1040
1032 1055
1040 1044
