0 1
0 2
0 3
0 4
0 5
0 6
0 7
0 8
0 9
0 11
0 12
0 13
0 14
0 18
0 20
0 21
0 22
0 23
0 25
0 26
0 31
0 38
0 39
0 47
0 61
0 69
0 75
0 79
0 86
0 100
0 112
0 121
0 125
0 133
0 136
0 138
0 188
0 189
0 198
0 203
0 229
0 243
0 244
0 247
0 276
0 277
0 280
0 290
0 305
0 311
0 326
0 341
0 374
0 385
0 392
0 393
0 395
0 397
0 408
0 426
0 457
0 464
0 467
0 483
0 487
0 508
0 511
0 518
0 534
0 537
0 563
0 578
0 661
0 690
0 694
0 696
0 707
0 743
0 749
0 755
0 800
0 819
0 843
0 854
0 870
0 904
0 960
0 981
0 986
0 996
0 1000
0 1009
0 1065
1 6
1 7
1 9
1 10
1 13
1 30
1 72
1 94
1 113
1 167
1 230
1 249
1 257
1 304
1 343
1 379
1 444
1 446
1 456
1 459
1 553
1 608
1 610
1 749
1 822
1 849
2 8
2 11
2 12
2 13
2 29
2 31
2 33
2 47
2 52
2 53
2 58
2 65
2 78
2 106
2 124
2 155
2 185
2 314
2 333
2 347
2 370
2 375
2 407
2 561
2 569
2 627
2 651
2 659
2 667
2 677
2 678
2 698
2 756
2 818
2 955
2 978
3 6
3 8
3 9
3 10
3 11
3 14
3 16
3 18
3 22
3 24
3 39
3 42
3 66
3 68
3 71
3 89
3 96
3 100
3 107
3 111
3 115
3 116
3 131
3 153
3 170
3 194
3 201
3 220
3 251
3 253
3 259
3 293
3 298
3 304
3 325
3 338
3 356
3 403
3 412
3 420
3 429
3 430
3 436
3 481
3 549
3 570
3 632
3 652
3 677
3 734
3 767
3 769
3 785
3 846
3 856
3 873
3 927
3 933
3 946
3 961
3 967
3 996
4 6
4 7
4 8
4 9
4 10
4 11
4 16
4 18
4 23
4 28
4 35
4 36
4 40
4 42
4 45
4 49
4 50
4 51
4 63
4 64
4 66
4 83
4 103
4 104
4 119
4 141
4 149
4 162
4 163
4 164
4 165
4 168
4 183
4 184
4 187
4 195
4 209
4 222
4 233
4 235
4 236
4 252
4 264
4 274
4 279
4 284
4 310
4 349
4 357
4 359
4 368
4 380
4 409
4 410
4 424
4 429
4 446
4 453
4 471
4 484
4 489
4 503
4 509
4 516
4 529
4 551
4 559
4 562
4 576
4 579
4 594
4 614
4 621
4 626
4 647
4 666
4 667
4 680
4 685
4 721
4 725
4 756
4 781
4 796
4 801
4 819
4 837
4 844
4 875
4 916
4 936
4 973
4 976
4 980
4 984
4 987
4 1007
4 1018
4 1051
4 1053
5 6
5 7
5 12
5 13
5 17
5 22
5 29
5 37
5 56
5 63
5 66
5 76
5 78
5 88
5 98
5 108
5 153
5 188
5 200
5 214
5 224
5 247
5 271
5 274
5 294
5 295
5 311
5 319
5 320
5 339
5 358
5 388
5 401
5 477
5 490
5 501
5 508
5 524
5 539
5 563
5 614
5 657
5 664
5 698
5 721
5 729
5 820
5 902
5 911
5 914
5 955
5 990
5 1012
5 1015
5 1051
5 1060
6 7
6 15
6 18
6 24
6 38
6 40
6 63
6 66
6 71
6 90
6 93
6 121
6 127
6 139
6 142
6 149
6 151
6 154
6 157
6 177
6 184
6 186
6 194
6 215
6 230
6 232
6 235
6 243
6 262
6 263
6 284
6 309
6 335
6 347
6 360
6 409
6 433
6 453
6 461
6 523
6 553
6 577
6 580
6 585
6 592
6 625
6 661
6 692
6 734
6 743
6 817
6 833
6 855
6 932
6 941
6 1023
7 8
7 14
7 15
7 19
7 27
7 28
7 39
7 46
7 52
7 53
7 61
7 68
7 69
7 72
7 87
7 88
7 113
7 127
7 144
7 160
7 164
7 176
7 177
7 178
7 220
7 224
7 236
7 241
7 258
7 273
7 277
7 285
7 292
7 295
7 309
7 318
7 321
7 345
7 351
7 354
7 359
7 379
7 400
7 435
7 468
7 474
7 544
7 600
7 615
7 670
7 690
7 709
7 717
7 725
7 736
7 784
7 809
7 816
7 821
7 917
7 924
7 945
7 946
7 954
7 977
7 1004
7 1013
7 1016
7 1048
8 9
8 10
8 12
8 13
8 14
8 15
8 19
8 24
8 25
8 26
8 27
8 32
8 33
8 35
8 36
8 37
8 41
8 42
8 43
8 46
8 51
8 55
8 56
8 60
8 64
8 69
8 70
8 85
8 91
8 99
8 102
8 108
8 116
8 128
8 131
8 133
8 142
8 143
8 147
8 163
8 168
8 171
8 174
8 183
8 185
8 199
8 200
8 204
8 206
8 229
8 256
8 265
8 282
8 318
8 325
8 328
8 348
8 349
8 359
8 363
8 380
8 391
8 417
8 439
8 444
8 452
8 469
8 474
8 500
8 504
8 505
8 517
8 534
8 536
8 561
8 567
8 568
8 579
8 581
8 591
8 597
8 598
8 599
8 600
8 613
8 633
8 652
8 708
8 761
8 792
8 799
8 807
8 811
8 857
8 862
8 899
8 918
8 938
8 954
8 974
8 1028
8 1032
9 10
9 11
9 12
9 14
9 16
9 17
9 19
9 20
9 22
9 26
9 28
9 34
9 38
9 39
9 44
9 46
9 47
9 58
9 61
9 63
9 72
9 73
9 82
9 90
9 109
9 110
9 111
9 116
9 117
9 119
9 134
9 139
9 146
9 150
9 152
9 159
9 161
9 167
9 169
9 182
9 188
9 199
9 232
9 234
9 250
9 268
9 302
9 303
9 305
9 312
9 324
9 328
9 333
9 387
9 407
9 424
9 436
9 459
9 466
9 497
9 538
9 563
9 565
9 569
9 575
9 597
9 607
9 630
9 633
9 645
9 652
9 658
9 669
9 679
9 688
9 710
9 728
9 794
9 821
9 826
9 844
9 852
9 893
9 919
9 934
9 974
9 1050
9 1052
10 21
10 22
10 25
10 26
10 27
10 32
10 37
10 44
10 49
10 65
10 77
10 84
10 86
10 90
10 91
10 128
10 139
10 154
10 160
10 165
10 208
10 252
10 262
10 296
10 299
10 303
10 323
10 334
10 335
10 342
10 364
10 370
10 382
10 388
10 399
10 409
10 411
10 415
10 467
10 492
10 551
10 570
10 577
10 615
10 624
10 644
10 710
10 773
10 786
10 867
10 895
10 906
10 916
10 918
10 958
10 968
10 1057
10 1063
11 17
11 20
11 21
11 23
11 25
11 26
11 29
11 34
11 42
11 46
11 57
11 60
11 71
11 85
11 89
11 92
11 103
11 105
11 133
11 164
11 174
11 204
11 212
11 221
11 234
11 248
11 280
11 305
11 322
11 323
11 351
11 379
11 392
11 399
11 502
11 536
11 570
11 578
11 603
11 660
11 747
11 779
11 839
11 849
11 887
11 927
11 947
11 990
11 1033
11 1069
12 15
12 17
12 19
12 30
12 60
12 70
12 71
12 82
12 83
12 120
12 141
12 181
12 238
12 245
12 247
12 331
12 365
12 387
12 398
12 438
12 587
12 597
12 649
12 673
12 898
12 943
12 947
12 1033
13 15
13 56
13 70
13 75
13 98
13 110
13 139
13 144
13 157
13 190
13 191
13 205
13 239
13 251
13 283
13 303
13 308
13 347
13 352
13 353
13 365
13 424
13 463
13 481
13 495
13 496
13 512
13 559
13 586
13 596
13 622
13 623
13 660
13 713
13 759
13 849
13 894
13 930
13 1025
13 1061
14 16
14 17
14 18
14 21
14 23
14 24
14 27
14 28
14 30
14 31
14 32
14 45
14 48
14 68
14 70
14 79
14 96
14 107
14 129
14 131
14 140
14 146
14 159
14 190
14 193
14 217
14 219
14 264
14 265
14 268
14 271
14 276
14 288
14 298
14 369
14 372
14 432
14 434
14 437
14 445
14 458
14 461
14 487
14 498
14 499
14 502
14 525
14 529
14 548
14 565
14 573
14 592
14 602
14 637
14 651
14 664
14 783
14 798
14 827
14 845
14 887
14 923
14 926
14 934
14 938
14 966
14 1018
15 16
15 19
15 20
15 31
15 48
15 49
15 59
15 62
15 74
15 88
15 95
15 106
15 133
15 140
15 176
15 192
15 226
15 237
15 243
15 246
15 247
15 287
15 294
15 309
15 353
15 461
15 465
15 475
15 552
15 611
15 638
15 724
15 746
15 752
15 887
15 903
15 925
15 1033
15 1053
15 1059
16 20
16 29
16 31
16 40
16 45
16 50
16 55
16 77
16 81
16 89
16 94
16 101
16 104
16 109
16 116
16 117
16 142
16 154
16 175
16 176
16 178
16 180
16 186
16 194
16 203
16 214
16 244
16 272
16 285
16 287
16 290
16 298
16 303
16 355
16 371
16 385
16 389
16 390
16 425
16 508
16 521
16 522
16 535
16 537
16 558
16 560
16 581
16 609
16 622
16 636
16 637
16 681
16 688
16 717
16 722
16 742
16 790
16 813
16 829
16 846
16 851
16 909
16 933
16 958
16 963
16 983
16 1017
16 1024
16 1026
16 1058
16 1059
16 1067
16 1074
17 25
17 29
17 38
17 93
17 297
17 312
17 333
17 410
17 448
17 472
17 493
17 541
17 566
17 632
17 831
17 832
17 845
17 877
17 970
17 1031
17 1038
18 21
18 58
18 78
18 203
18 216
18 287
18 306
18 310
18 356
18 376
18 433
18 461
18 476
18 507
18 528
18 620
18 628
18 646
18 705
18 729
18 849
18 857
19 43
19 52
19 65
19 73
19 150
19 153
19 176
19 181
19 184
19 231
19 253
19 265
19 286
19 354
19 411
19 422
19 452
19 454
19 477
19 493
19 606
19 616
19 651
19 667
19 697
19 708
19 808
19 938
19 1021
19 1073
20 32
20 34
20 36
20 42
20 78
20 84
20 107
20 111
20 138
20 471
20 570
20 861
20 905
20 923
20 941
20 980
20 1030
20 1031
21 24
21 27
21 28
21 36
21 54
21 57
21 59
21 88
21 104
21 124
21 132
21 136
21 137
21 142
21 147
21 156
21 162
21 179
21 240
21 246
21 264
21 268
21 274
21 280
21 341
21 351
21 376
21 389
21 390
21 415
21 458
21 464
21 468
21 482
21 541
21 563
21 567
21 587
21 590
21 601
21 604
21 644
21 669
21 675
21 702
21 725
21 730
21 758
21 769
21 827
21 833
21 835
21 846
21 911
21 935
21 978
21 1040
21 1042
22 23
22 33
22 35
22 54
22 86
22 87
22 98
22 125
22 151
22 172
22 206
22 207
22 216
22 233
22 242
22 254
22 260
22 263
22 312
22 460
22 526
22 568
22 628
22 694
22 706
22 795
22 1021
22 1023
22 1031
23 37
23 44
23 55
23 95
23 113
23 137
23 152
23 172
23 184
23 219
23 244
23 271
23 288
23 309
23 314
23 321
23 325
23 342
23 343
23 408
23 429
23 476
23 493
23 557
23 567
23 578
23 643
23 766
23 779
23 816
23 825
23 899
23 907
23 908
23 923
23 939
23 1040
23 1071
24 34
24 52
24 76
24 79
24 81
24 103
24 127
24 138
24 150
24 168
24 227
24 261
24 308
24 406
24 433
24 476
24 575
24 587
24 668
24 673
24 775
24 784
24 823
25 85
25 92
25 103
25 105
25 158
25 169
25 193
25 245
25 277
25 310
25 401
25 530
25 537
25 580
25 745
25 748
25 753
25 963
25 982
25 1042
25 1070
26 33
26 39
26 48
26 64
26 69
26 76
26 83
26 96
26 109
26 140
26 178
26 198
26 216
26 218
26 236
26 260
26 289
26 294
26 359
26 380
26 382
26 388
26 418
26 422
26 423
26 475
26 478
26 500
26 514
26 519
26 559
26 561
26 641
26 642
26 653
26 698
26 713
26 731
26 822
26 864
26 898
26 919
26 932
26 985
26 1019
26 1057
27 30
27 32
27 34
27 40
27 50
27 54
27 62
27 70
27 73
27 79
27 80
27 89
27 97
27 133
27 170
27 197
27 210
27 221
27 253
27 275
27 282
27 306
27 308
27 336
27 357
27 377
27 380
27 514
27 582
27 622
27 648
27 655
27 672
27 705
27 709
27 718
27 789
27 820
27 822
27 869
27 878
27 932
27 948
27 959
27 1004
27 1037
27 1044
27 1046
28 30
28 41
28 55
28 56
28 60
28 61
28 66
28 93
28 95
28 97
28 103
28 124
28 183
28 256
28 260
28 277
28 288
28 299
28 328
28 335
28 391
28 395
28 405
28 409
28 433
28 442
28 552
28 570
28 572
28 641
28 667
28 721
28 733
28 777
28 869
28 972
28 997
28 1076
29 61
29 67
29 92
29 96
29 100
29 105
29 107
29 118
29 119
29 135
29 145
29 184
29 191
29 209
29 219
29 225
29 226
29 228
29 237
29 239
29 249
29 268
29 272
29 284
29 291
29 318
29 337
29 338
29 366
29 369
29 383
29 393
29 437
29 463
29 486
29 491
29 500
29 525
29 556
29 564
29 574
29 617
29 638
29 649
29 658
29 694
29 711
29 772
29 780
29 813
29 827
29 833
29 911
29 912
29 920
29 966
29 968
29 1070
29 1076
30 36
30 53
30 68
30 120
30 159
30 168
30 174
30 223
30 227
30 324
30 386
30 555
30 773
30 814
30 869
30 953
31 33
31 35
31 43
31 47
31 75
31 81
31 112
31 155
31 182
31 185
31 213
31 216
31 220
31 227
31 290
31 320
31 336
31 350
31 452
31 513
31 557
31 679
31 707
31 791
31 798
31 802
31 807
31 859
31 864
31 932
31 992
32 35
32 67
32 102
32 106
32 128
32 324
32 349
32 367
32 443
32 463
32 595
32 609
32 743
32 764
32 816
32 818
32 822
32 1002
33 41
33 65
33 76
33 81
33 83
33 117
33 122
33 135
33 165
33 222
33 275
33 327
33 654
33 933
34 40
34 41
34 45
34 46
34 48
34 50
34 54
34 62
34 73
34 94
34 121
34 202
34 218
34 259
34 317
34 329
34 348
34 352
34 365
34 450
34 457
34 479
34 495
34 623
34 687
34 699
34 703
34 724
34 758
34 799
34 827
34 834
34 863
34 979
35 129
35 400
35 447
36 37
36 43
36 44
36 45
36 50
36 63
36 81
36 98
36 115
36 130
36 147
36 201
36 219
36 256
36 258
36 296
36 301
36 327
36 453
36 480
36 554
36 578
36 594
36 600
36 816
36 959
36 962
36 984
36 1014
36 1058
37 38
37 43
37 52
37 57
37 67
37 77
37 98
37 123
37 145
37 147
37 159
37 170
37 198
37 244
37 266
37 284
37 436
37 476
37 497
37 511
37 581
37 588
37 607
37 632
37 672
37 780
37 835
37 855
37 857
37 999
37 1005
37 1017
37 1035
37 1071
38 41
38 51
38 87
38 91
38 111
38 125
38 126
38 134
38 141
38 149
38 199
38 208
38 246
38 254
38 332
38 355
38 448
38 450
38 454
38 528
38 539
38 701
38 802
38 838
38 1076
39 47
39 49
39 58
39 87
39 101
39 112
39 113
39 134
39 161
39 168
39 169
39 171
39 181
39 188
39 200
39 208
39 330
39 380
39 404
39 518
39 530
39 534
39 677
39 712
39 755
39 884
39 922
39 965
40 56
40 131
40 160
40 172
40 194
40 206
40 223
40 352
40 384
40 540
40 603
40 605
40 646
40 768
40 1070
41 53
41 54
41 75
41 80
41 90
41 101
41 114
41 120
41 148
41 155
41 165
41 180
41 228
41 266
41 267
41 286
41 322
41 383
41 386
41 468
41 515
41 528
41 584
41 595
41 651
41 661
41 774
41 884
41 913
41 944
41 990
41 1074
42 44
42 91
42 144
42 145
42 194
42 196
42 221
42 234
42 366
42 495
42 506
42 655
42 682
42 684
42 698
42 708
42 757
42 816
42 993
42 1012
43 110
43 215
43 249
43 250
43 260
43 310
43 394
43 496
43 516
43 574
43 774
43 809
43 920
43 934
43 936
44 57
44 116
44 118
44 128
44 148
44 179
44 182
44 211
44 238
44 365
44 369
44 412
44 419
44 430
44 491
44 496
44 542
44 866
44 910
45 60
45 84
45 111
45 136
45 154
45 254
45 385
45 398
45 546
45 817
45 1068
46 48
46 49
46 51
46 53
46 55
46 58
46 72
46 80
46 82
46 108
46 120
46 123
46 124
46 125
46 127
46 150
46 160
46 171
46 187
46 192
46 210
46 218
46 248
46 289
46 302
46 355
46 381
46 405
46 406
46 413
46 419
46 432
46 439
46 465
46 484
46 529
46 547
46 548
46 552
46 571
46 585
46 615
46 616
46 640
46 742
46 773
46 778
46 786
46 787
46 803
46 869
46 871
46 873
46 989
46 994
46 1010
47 51
47 57
47 59
47 73
47 90
47 95
47 96
47 97
47 108
47 158
47 183
47 188
47 197
47 202
47 217
47 223
47 239
47 249
47 264
47 281
47 292
47 315
47 435
47 439
47 447
47 543
47 557
47 568
47 618
47 737
47 781
47 830
47 832
47 859
47 1034
47 1048
47 1073
47 1075
48 59
48 65
48 75
48 76
48 89
48 112
48 123
48 162
48 192
48 197
48 228
48 232
48 240
48 258
48 263
48 414
48 443
48 459
48 470
48 472
48 508
48 643
48 673
48 724
48 732
48 800
48 839
48 893
48 913
49 74
49 289
49 440
49 502
49 542
49 644
49 739
50 77
50 79
50 110
50 311
50 320
50 403
50 449
50 478
50 515
50 547
50 587
50 815
50 901
51 74
51 94
51 137
51 166
51 240
51 427
51 654
51 670
51 999
51 1073
52 83
52 93
52 99
52 134
52 199
52 235
52 279
52 293
52 324
52 354
52 357
52 361
52 407
52 493
52 531
52 562
52 568
52 598
52 660
52 686
52 699
52 838
52 868
52 918
53 59
53 67
53 114
53 124
53 200
53 201
53 211
53 224
53 329
53 396
53 436
53 494
53 616
53 627
53 841
53 941
53 1074
54 62
54 64
54 72
54 77
54 86
54 94
54 101
54 118
54 170
54 191
54 204
54 213
54 231
54 251
54 255
54 263
54 280
54 295
54 318
54 332
54 333
54 340
54 342
54 347
54 360
54 367
54 435
54 440
54 451
54 567
54 577
54 578
54 610
54 678
54 771
54 797
54 829
54 868
54 882
54 894
54 899
54 951
54 986
54 987
55 69
55 82
55 85
55 196
55 292
55 400
55 402
55 437
55 689
55 887
55 888
55 1039
56 62
56 80
56 84
56 86
56 167
56 377
56 384
56 532
56 653
56 664
56 681
56 738
56 1045
56 1046
57 64
57 91
57 146
57 148
57 344
57 358
57 597
57 685
57 693
57 834
57 1011
57 1027
57 1054
58 142
58 269
58 393
58 730
58 828
58 879
58 918
58 977
58 1058
59 99
59 190
59 343
59 421
59 855
59 920
59 995
60 80
60 92
60 172
60 177
60 224
60 293
60 299
60 453
60 533
60 574
60 692
60 930
61 67
61 175
61 178
61 205
61 215
61 237
61 281
61 433
61 523
61 605
61 770
61 807
61 950
61 998
62 71
62 204
62 217
62 305
62 350
62 506
62 621
62 634
62 716
62 774
62 859
62 905
63 132
63 136
63 151
63 311
63 440
63 813
63 980
64 130
64 135
64 186
64 431
64 449
64 592
65 137
65 139
65 259
65 322
65 842
66 88
66 161
66 162
66 169
66 220
66 233
66 329
66 387
66 396
66 438
66 619
66 644
66 797
66 921
66 951
66 970
67 68
67 78
67 85
67 95
67 137
67 208
67 212
67 287
67 319
67 443
67 481
67 550
67 571
67 583
67 789
67 865
67 883
67 915
67 1072
68 74
68 82
68 130
68 205
68 280
68 412
68 417
68 602
68 729
68 768
68 880
69 420
69 451
69 620
69 731
69 858
69 888
69 902
70 134
70 210
70 222
70 243
70 356
70 485
70 494
70 564
70 723
70 778
70 867
71 106
71 138
71 166
71 173
71 203
71 210
71 235
71 277
71 297
71 431
71 455
71 480
71 536
71 590
71 656
71 751
71 787
71 788
71 862
71 1010
72 74
72 84
72 130
72 155
72 157
72 228
72 317
72 381
72 390
72 479
72 574
72 584
72 639
72 856
72 919
72 992
73 97
73 99
73 141
73 145
73 190
73 224
73 236
73 246
73 259
73 416
73 452
73 457
73 480
73 580
73 629
73 648
73 768
73 775
73 792
73 870
73 1021
73 1067
74 182
74 234
74 308
74 318
74 346
74 467
74 629
74 910
74 1001
74 1048
75 254
75 299
75 656
75 731
76 147
76 151
76 225
76 232
76 321
76 374
76 623
76 629
76 746
76 809
76 946
76 1003
77 114
77 136
77 217
77 225
77 308
77 559
77 940
77 1007
78 109
78 118
78 138
78 151
78 177
78 198
78 233
78 330
78 341
78 350
78 413
78 427
78 428
78 538
78 589
78 702
78 714
78 719
78 721
78 876
78 896
78 928
78 1012
79 114
79 175
79 179
79 266
79 506
79 937
79 1060
80 130
80 143
80 144
80 252
80 257
80 264
80 335
80 350
80 414
80 419
80 484
80 519
80 527
80 556
80 582
80 583
80 595
80 616
80 670
80 674
80 681
80 806
80 960
80 1069
81 153
81 366
81 602
81 618
81 653
81 759
81 942
81 982
82 117
82 126
82 146
82 166
82 269
82 276
82 316
82 445
82 470
82 482
82 608
82 657
82 819
82 905
83 107
83 156
83 195
83 240
83 245
83 262
83 316
83 389
83 391
83 406
83 420
83 524
83 974
83 1052
84 87
84 93
84 102
84 105
84 122
84 156
84 196
84 223
84 328
84 373
84 441
84 469
84 481
84 543
84 561
84 613
84 693
84 718
84 722
84 749
84 770
84 779
84 802
84 823
84 847
84 926
84 971
84 978
84 1013
84 1017
85 104
85 122
85 126
85 165
85 213
85 397
85 421
85 438
85 444
85 447
85 483
85 604
85 635
85 671
85 805
86 92
86 120
86 186
86 192
86 209
86 237
86 354
86 390
86 395
86 418
86 449
86 529
86 594
86 620
86 639
86 646
86 689
86 872
86 905
86 947
86 988
87 99
87 105
87 115
87 126
87 157
87 282
87 361
87 456
87 555
87 596
87 699
87 741
87 768
87 769
87 772
87 801
87 832
87 962
87 1072
88 100
88 178
88 361
88 499
88 658
88 710
88 759
88 814
88 965
89 196
89 315
89 516
89 519
89 717
89 737
89 758
89 793
89 841
89 1009
89 1018
89 1052
90 102
90 114
90 119
90 143
90 173
90 227
90 240
90 246
90 348
90 383
90 473
90 482
90 484
90 531
90 665
90 797
90 821
90 940
90 963
90 1025
90 1044
91 100
91 101
91 148
91 212
91 217
91 276
91 432
91 676
91 752
92 153
92 166
92 170
92 180
92 193
92 272
92 289
92 498
92 787
92 856
93 218
93 245
93 261
93 300
93 392
93 623
93 723
93 978
94 309
94 541
94 908
94 963
94 1053
95 174
95 175
95 185
95 186
95 398
95 490
95 502
95 771
95 784
95 832
96 97
96 102
96 112
96 117
96 158
96 173
96 208
96 272
96 396
96 400
96 440
96 448
96 452
96 477
96 493
96 573
96 673
96 877
96 975
96 1014
97 110
97 129
97 199
97 247
97 304
97 371
97 375
97 533
97 739
97 750
97 836
98 145
98 152
98 166
98 290
98 456
98 517
98 523
98 585
98 738
98 754
98 773
98 786
98 945
98 1030
98 1062
98 1071
99 149
99 156
99 189
99 209
99 261
99 313
99 321
99 510
99 785
100 115
100 118
100 158
100 163
100 273
100 612
101 109
101 123
101 125
101 183
101 187
101 198
101 254
101 287
101 373
101 394
101 448
101 485
101 489
101 564
101 574
101 753
101 824
101 857
101 937
102 368
102 399
102 685
103 104
103 106
103 115
103 135
103 148
103 156
103 160
103 163
103 189
103 204
103 229
103 232
103 278
103 319
103 342
103 367
103 379
103 383
103 407
103 456
103 485
103 507
103 577
103 601
103 610
103 641
103 666
103 695
103 710
103 786
103 793
103 840
103 901
103 922
103 1049
104 121
104 143
104 171
104 392
104 402
104 432
104 496
104 665
104 1077
105 226
105 267
105 763
105 767
106 167
106 172
106 180
106 181
106 187
106 307
106 332
106 424
106 488
106 649
106 881
107 108
107 123
107 129
107 132
107 143
107 152
107 167
107 195
107 222
107 274
107 337
107 356
107 357
107 410
107 434
107 454
107 470
107 678
107 686
107 763
107 844
107 951
107 993
108 128
108 197
108 343
108 360
108 365
108 375
108 442
108 467
108 471
108 486
108 509
108 546
108 566
108 704
108 804
108 849
108 946
108 974
109 122
109 129
109 150
109 282
109 286
109 438
109 723
109 733
109 831
109 856
109 870
109 889
109 900
109 964
110 113
110 177
110 304
110 413
110 445
110 459
110 510
110 649
110 693
110 706
110 715
110 926
110 994
111 126
111 164
111 173
111 301
111 310
111 465
111 473
111 491
111 498
111 503
111 531
111 573
111 938
111 957
112 195
112 221
112 226
112 326
112 670
112 713
112 778
112 843
112 888
113 140
113 413
113 540
113 755
114 187
114 211
114 231
114 272
114 291
114 398
114 458
114 589
114 590
114 624
114 814
114 932
114 1067
115 154
115 262
115 473
116 214
116 285
116 299
116 335
116 375
116 510
116 707
116 850
116 895
116 930
117 119
117 207
117 515
117 657
117 852
117 889
117 893
117 921
118 261
118 270
118 594
118 808
119 121
119 122
119 255
119 283
119 356
119 378
119 549
119 560
119 585
119 724
119 733
119 949
120 141
120 152
120 190
120 207
120 305
120 403
120 427
120 469
120 523
120 624
120 647
120 735
120 758
120 796
120 860
120 876
120 900
121 135
121 140
121 421
121 596
122 157
122 171
122 185
122 195
122 249
122 415
122 418
122 439
122 488
122 535
122 645
122 692
122 823
122 919
122 942
122 990
123 238
123 446
123 497
123 703
123 737
124 182
124 288
124 487
124 654
124 741
124 826
124 897
124 982
125 127
125 131
125 132
125 229
125 292
125 332
125 401
125 690
125 713
125 873
125 948
126 132
126 174
126 180
126 273
126 279
126 313
126 475
126 511
126 557
126 584
126 611
126 734
126 738
126 762
126 764
126 812
126 883
126 992
126 1043
126 1061
127 316
127 352
127 402
127 607
127 903
128 149
128 212
128 241
128 387
128 533
128 571
128 593
128 846
128 854
128 864
129 761
130 179
130 298
130 414
130 444
130 572
130 726
131 267
131 315
131 337
131 507
131 526
131 569
131 780
131 852
132 175
132 278
132 322
132 323
132 354
132 391
132 471
132 472
132 511
132 546
132 554
132 565
132 625
132 896
132 903
132 925
132 943
132 981
133 159
133 215
133 326
133 390
133 414
133 425
133 748
133 1049
134 206
134 214
134 269
134 344
134 416
134 977
135 307
135 345
135 530
135 675
135 909
136 146
136 158
136 296
136 363
136 366
136 407
136 442
136 573
136 636
136 741
136 894
137 189
137 268
137 384
137 627
137 822
137 842
137 1064
138 207
138 479
138 598
138 748
139 144
139 203
139 535
139 669
139 871
139 893
139 894
140 248
140 266
140 395
140 426
140 503
140 504
140 630
140 738
140 747
140 825
140 970
140 1010
141 169
141 176
141 181
141 242
141 331
141 579
141 902
141 1060
142 173
142 193
142 267
142 301
142 325
142 460
142 793
143 189
143 262
143 288
143 376
143 495
143 548
143 604
143 767
143 812
143 838
144 161
144 241
144 374
144 426
144 430
144 443
144 503
144 513
144 543
144 662
144 748
144 898
145 155
145 230
145 267
145 431
145 840
145 1037
145 1040
146 202
146 314
146 450
146 603
146 634
147 286
147 307
147 421
147 477
147 558
147 937
148 161
148 202
148 293
148 370
148 371
148 372
148 462
148 691
148 794
148 892
148 917
148 934
149 275
149 453
149 612
149 734
151 162
151 196
151 200
151 283
151 285
151 370
151 381
151 501
151 593
151 687
151 772
151 808
151 845
152 225
152 337
152 371
152 663
152 738
153 281
153 613
153 638
153 672
153 795
153 835
153 925
154 164
154 399
154 579
154 641
154 697
154 723
154 736
154 835
154 929
155 260
155 313
155 334
155 521
155 575
155 585
155 609
155 627
155 884
155 931
155 1038
155 1068
155 1073
156 209
156 431
156 1054
157 193
157 346
157 382
157 753
157 990
157 1054
158 422
158 971
159 163
159 201
159 202
159 205
159 222
159 239
159 258
159 311
159 332
159 409
159 636
159 684
159 698
159 736
159 950
160 218
160 278
160 401
160 683
160 700
160 703
160 745
160 752
160 1064
161 286
161 344
161 803
161 1019
161 1030
162 215
162 221
162 353
162 362
162 369
162 558
162 572
162 875
162 969
163 323
163 339
163 383
163 619
163 662
163 757
163 877
164 211
164 223
164 313
164 338
164 345
164 346
164 447
164 573
164 640
164 685
164 703
164 765
164 776
164 875
164 1001
164 1004
165 191
165 629
165 891
165 923
165 944
166 363
166 425
166 484
166 601
166 751
166 758
166 825
166 831
166 860
166 942
166 1020
167 207
167 213
167 408
167 417
167 506
167 606
168 304
168 307
168 485
168 710
169 242
169 378
169 437
169 532
169 594
169 637
169 687
169 810
169 1002
170 179
170 238
170 243
170 257
170 307
170 382
170 489
170 611
170 618
170 978
171 191
171 212
171 231
171 245
171 258
171 265
171 376
171 381
171 760
171 766
171 896
171 906
171 948
172 331
172 348
172 538
172 662
172 872
173 550
173 753
173 997
174 330
174 349
174 447
174 463
174 505
174 688
174 784
174 924
174 1038
175 242
175 291
175 394
175 463
175 665
175 690
175 1051
176 205
176 230
176 327
176 375
176 423
176 521
176 558
177 312
177 331
177 345
177 1018
178 242
178 256
178 300
178 670
178 952
178 1065
179 236
179 404
179 472
179 537
179 626
179 897
180 766
180 882
181 197
181 281
181 283
181 342
181 423
181 426
181 465
181 487
181 510
181 541
181 697
181 792
181 824
181 948
181 1008
182 211
182 338
182 361
182 449
182 454
182 850
182 882
183 220
183 231
183 388
183 399
183 501
183 601
184 210
184 226
184 255
184 291
184 301
184 368
184 387
184 405
184 451
184 657
184 711
184 720
184 767
184 945
184 946
185 213
185 227
185 241
185 248
185 253
185 283
185 315
185 373
185 544
185 588
185 659
185 700
185 715
185 732
185 740
185 867
185 877
185 1015
186 549
186 642
186 989
187 206
187 494
187 614
187 687
187 750
187 793
187 1070
188 192
188 586
188 740
188 781
188 865
188 945
189 257
189 274
189 753
189 843
189 902
190 271
190 611
190 762
190 1073
191 410
191 662
191 711
191 797
192 294
192 368
192 498
192 511
192 1046
192 1055
193 275
193 278
193 290
193 364
193 674
193 842
193 900
194 351
194 525
194 545
194 810
195 201
195 234
195 282
195 302
195 313
195 343
195 396
195 524
195 554
195 630
195 675
195 812
195 834
195 908
195 951
195 980
195 1011
196 521
196 694
196 788
196 799
197 284
197 434
197 455
197 473
197 513
197 637
197 651
197 778
198 336
198 464
198 480
198 583
198 599
198 809
198 897
198 931
198 1049
199 225
199 229
199 235
199 241
199 281
199 513
199 628
199 632
199 836
199 911
199 1072
200 300
200 345
200 465
200 514
200 530
200 675
201 302
201 339
201 378
201 398
201 492
201 872
201 1055
202 482
203 233
203 248
203 250
203 251
203 415
203 418
203 568
203 658
203 661
203 922
203 983
203 1043
203 1054
204 238
204 255
204 442
204 805
204 956
204 1037
205 718
205 986
206 250
206 298
206 336
206 355
206 358
206 523
206 669
206 891
207 214
207 389
207 431
207 446
207 607
207 682
207 779
207 1019
208 347
208 379
208 505
208 542
208 961
209 278
209 346
209 349
209 443
209 844
209 1039
210 230
210 334
210 500
210 517
210 876
210 1064
211 735
211 853
212 273
212 358
212 457
212 561
212 950
212 1035
213 319
213 422
213 509
213 556
213 599
214 252
214 256
214 266
214 333
214 372
214 404
214 450
214 874
214 938
214 955
214 1028
215 216
215 228
215 317
215 415
215 518
215 527
215 543
215 613
215 622
215 713
215 952
215 1051
215 1053
216 269
216 606
216 631
216 709
216 839
216 993
216 998
216 1009
216 1016
216 1072
217 219
217 259
217 360
217 665
217 686
217 760
217 783
217 1074
218 296
218 477
218 499
218 535
219 237
219 270
219 605
219 642
219 815
219 1032
220 771
220 940
220 1077
221 805
221 952
221 1035
222 252
222 289
222 461
222 527
222 702
222 722
222 730
222 766
222 811
222 958
222 964
222 972
222 1075
223 270
223 361
223 524
223 621
223 691
223 692
223 858
223 906
223 1038
224 327
225 348
225 787
225 863
225 1011
226 285
226 296
226 367
226 653
226 655
226 1047
227 257
227 261
227 300
227 551
228 368
228 374
228 427
228 460
228 520
228 693
228 762
229 314
229 326
229 329
229 337
229 373
229 541
229 549
229 553
229 942
229 972
230 340
230 416
230 566
230 628
231 279
231 364
231 369
231 467
231 693
231 718
231 763
231 1075
232 244
232 306
232 362
232 389
232 417
232 427
232 456
232 474
232 543
232 562
232 669
232 882
232 1024
233 271
233 330
233 386
233 588
233 819
233 958
233 1043
234 328
234 412
234 560
234 728
234 810
234 930
235 239
235 303
235 404
235 550
235 727
235 760
235 815
235 993
235 1003
236 250
236 359
236 466
236 514
236 528
236 562
236 590
236 595
236 664
236 668
236 700
236 1061
237 358
237 394
237 532
237 593
237 625
237 783
237 879
237 901
237 1037
238 273
238 330
238 791
239 353
239 385
240 292
240 505
240 848
240 888
240 995
241 253
241 294
241 458
241 544
241 601
241 1006
241 1047
242 255
243 478
243 606
243 747
243 756
243 810
243 847
243 880
243 955
244 927
244 981
244 1006
245 430
245 764
245 820
245 886
245 1063
245 1068
246 411
246 466
246 782
247 319
247 352
247 459
247 714
247 756
247 796
247 815
247 840
247 854
247 881
247 894
248 270
248 312
248 374
248 460
248 593
248 631
248 793
249 425
249 475
249 665
250 251
250 265
250 295
250 591
250 635
250 718
250 859
251 269
251 306
251 350
251 370
251 393
251 462
251 488
251 545
251 563
251 569
251 611
251 711
251 803
251 848
251 861
251 959
251 996
251 1050
252 270
252 408
252 426
252 540
252 613
252 636
252 812
252 878
252 943
252 1045
252 1063
253 592
253 821
254 306
254 317
254 402
254 430
254 441
254 515
254 747
254 789
255 275
255 441
255 462
255 621
255 742
255 761
255 1064
256 324
256 363
256 367
256 405
256 530
256 553
256 678
256 684
256 704
256 717
256 723
256 728
256 791
256 803
256 825
256 828
256 838
256 867
256 983
256 1047
256 1055
256 1057
256 1071
257 364
257 372
257 647
257 676
257 695
257 717
257 725
257 931
258 316
258 320
258 376
258 592
258 626
258 769
258 834
258 845
259 378
259 757
259 962
260 340
260 364
260 520
260 792
260 1017
261 263
261 334
261 588
261 696
261 910
261 1036
262 537
262 552
262 590
263 322
263 341
263 366
263 445
263 579
263 597
263 618
263 714
263 778
263 1077
264 449
264 801
264 988
264 1068
265 314
265 334
265 382
265 643
265 660
265 859
266 297
266 320
266 386
266 396
266 454
266 516
266 558
266 691
266 737
266 836
267 515
267 584
267 749
267 833
267 901
267 1030
268 517
268 605
268 714
268 910
269 566
270 321
270 444
270 608
271 371
271 406
271 481
271 630
271 631
271 781
271 817
271 858
271 939
272 276
272 357
272 386
272 617
272 743
272 970
273 279
273 316
274 291
274 293
274 297
274 405
274 442
274 472
274 489
274 490
274 497
274 633
274 680
274 732
274 812
275 420
275 880
275 975
275 1029
275 1049
276 329
277 434
277 491
278 527
278 836
278 1006
278 1076
280 450
280 599
281 536
281 798
281 949
282 297
282 323
282 326
282 483
282 551
282 596
282 722
282 830
282 967
282 971
282 1008
283 419
283 490
283 726
283 1048
284 338
284 720
285 351
285 466
285 926
287 683
287 721
287 777
287 949
288 302
288 346
288 392
288 565
288 817
289 317
289 650
289 911
290 861
291 473
291 479
291 608
291 774
291 996
292 497
292 929
293 336
293 384
293 635
294 295
294 327
294 404
294 471
294 559
294 686
294 697
294 743
294 771
294 1037
294 1041
295 339
295 491
295 534
295 899
296 440
296 466
296 648
296 671
296 879
296 973
297 300
297 362
297 434
297 829
297 1001
297 1008
297 1044
298 372
298 416
298 462
298 545
298 600
298 704
298 846
298 892
298 983
299 492
299 584
299 629
299 779
299 808
299 934
299 953
300 301
300 403
300 689
300 754
300 853
300 904
300 907
300 963
301 362
301 401
301 439
301 501
301 581
301 631
301 652
301 807
301 987
302 457
302 522
302 545
302 776
302 869
303 413
303 882
304 331
304 340
304 464
304 486
304 504
304 560
304 607
304 650
304 848
304 956
305 344
305 378
305 428
305 526
306 377
306 957
307 432
307 680
308 315
308 719
308 785
308 874
309 546
309 732
309 804
309 977
310 582
310 583
310 642
310 962
311 325
311 400
311 462
311 486
311 655
311 656
311 916
311 1022
312 581
312 652
312 709
312 813
313 411
313 619
313 634
313 691
313 910
313 928
313 1025
315 957
315 1010
317 397
317 539
317 591
317 668
317 716
317 727
317 1005
318 488
318 821
318 886
319 341
319 577
320 373
320 519
321 742
321 864
321 915
321 1039
322 340
322 360
322 435
322 649
322 829
322 881
322 886
323 362
323 520
323 533
324 424
324 428
324 429
324 451
324 712
324 818
324 837
324 880
325 520
325 576
325 1057
326 619
327 339
327 418
327 448
327 638
327 683
327 716
327 884
327 943
327 995
328 344
328 510
328 697
328 871
329 397
329 494
329 550
329 808
329 865
329 888
329 891
329 909
329 987
329 1021
330 436
330 582
330 715
330 836
331 363
331 480
331 587
331 687
332 818
332 1026
333 353
333 489
333 572
333 671
333 725
333 733
333 1026
333 1042
334 381
334 638
334 736
334 820
334 945
334 1038
334 1039
335 388
335 919
336 589
336 646
336 1029
337 470
337 615
337 696
337 705
337 891
337 914
338 529
338 556
338 566
338 719
338 977
338 987
338 1064
339 532
339 603
339 634
339 671
339 682
339 740
339 956
339 966
341 355
341 810
341 844
341 871
342 441
342 660
342 855
342 1000
343 560
343 739
343 763
344 624
344 752
344 780
344 913
344 976
345 437
345 908
345 953
346 414
346 507
346 531
346 1013
347 417
347 496
347 535
348 423
348 512
348 674
348 905
348 1059
349 377
349 544
349 589
349 647
350 567
350 970
351 512
351 521
351 555
351 646
351 851
352 895
353 630
353 748
353 1056
354 410
354 506
355 746
355 1014
356 659
357 799
357 1023
358 460
358 656
358 820
358 889
358 1020
359 428
359 575
359 654
359 860
360 393
360 423
360 425
360 438
360 676
361 640
361 1070
362 735
363 385
363 411
363 412
363 474
363 512
363 526
363 647
363 708
363 754
363 889
363 1025
363 1077
364 428
364 715
364 735
364 782
365 728
365 1053
366 546
366 829
367 419
367 494
368 540
368 544
368 588
369 377
369 483
369 547
369 650
369 814
369 837
369 1005
369 1055
370 586
370 838
370 858
371 988
372 837
372 931
374 391
374 614
374 623
374 1016
375 394
375 421
375 499
375 503
375 517
375 527
375 564
375 612
375 904
375 924
375 937
376 580
376 871
377 384
377 402
377 455
377 1016
378 468
379 492
379 531
379 672
379 701
379 929
379 961
380 420
380 455
380 492
380 576
380 666
380 830
381 519
381 576
381 633
382 634
382 673
382 885
382 912
383 395
383 874
385 429
385 476
385 554
385 620
385 807
385 890
385 950
385 962
386 416
386 514
386 695
387 486
388 441
388 617
388 644
389 490
390 406
390 553
391 545
392 550
392 803
392 855
392 1001
393 507
393 787
393 800
394 397
394 964
394 974
395 732
396 539
397 689
397 703
397 768
397 931
398 403
398 408
398 586
398 688
398 791
398 1062
399 446
399 534
399 547
399 554
399 616
399 1060
400 475
401 556
401 663
401 681
401 773
402 512
402 1024
402 1026
403 526
405 612
405 674
405 699
406 474
406 522
406 598
406 968
406 1013
407 582
408 458
408 602
408 775
409 485
409 600
409 658
409 730
410 513
410 589
410 719
410 770
410 959
411 533
411 976
413 422
413 843
413 967
414 628
415 504
415 728
416 509
416 682
416 845
416 885
416 895
416 1046
417 469
418 620
418 633
418 677
418 862
418 973
419 499
420 618
420 648
420 712
420 795
421 528
423 648
423 786
424 662
425 754
425 915
427 501
427 666
427 688
427 1055
428 700
429 435
429 451
429 536
429 538
430 525
430 557
430 679
430 824
430 1029
431 478
431 502
431 518
431 625
431 907
431 983
432 498
432 854
433 714
433 828
434 639
434 645
435 478
435 848
435 877
435 1021
435 1036
436 624
436 663
436 750
437 516
437 671
437 750
437 777
437 833
438 865
438 1041
439 885
439 928
439 1022
440 483
440 751
440 834
441 469
441 522
441 622
441 969
442 640
443 468
443 643
443 966
443 982
444 445
444 712
444 839
444 907
444 924
445 542
445 609
445 722
446 508
448 470
448 532
448 586
448 668
448 765
448 776
448 780
448 862
448 930
448 935
448 947
448 1048
448 1052
449 596
449 642
449 751
449 914
451 464
451 552
451 988
451 1040
452 455
452 564
452 605
452 756
452 1000
453 1020
454 504
454 626
454 706
454 751
455 479
455 941
455 1028
456 711
456 726
456 749
456 872
456 1069
457 495
457 730
457 879
457 1002
457 1023
457 1035
458 635
458 686
459 505
459 702
459 755
459 1020
460 610
461 580
461 720
461 759
461 884
461 890
462 1000
462 1050
463 538
463 775
463 1006
463 1040
464 790
466 547
467 562
467 602
467 680
467 795
467 937
467 969
467 976
468 488
469 813
469 866
470 817
470 824
471 551
471 953
472 615
472 819
472 867
472 965
473 487
473 715
474 619
474 874
475 542
475 704
475 806
475 979
475 1023
475 1044
476 482
476 679
476 695
476 777
476 914
477 539
477 1011
477 1016
478 632
478 904
479 520
480 760
480 875
481 1075
482 518
482 650
482 744
482 853
482 947
482 979
483 612
483 765
483 811
484 548
484 636
484 915
485 637
485 654
485 727
485 994
486 830
487 708
488 603
488 678
489 916
489 991
490 666
490 701
490 917
490 957
492 744
493 726
493 878
493 956
493 1027
494 806
494 950
494 1022
497 500
497 979
497 998
498 548
498 814
500 522
501 509
501 731
501 809
501 898
501 912
502 680
502 886
502 909
502 925
502 975
503 608
503 842
503 943
503 1061
504 744
504 873
504 1044
505 892
506 752
506 1033
507 676
507 696
508 575
508 643
508 891
508 1056
509 837
509 922
509 928
509 1003
509 1042
510 525
510 599
510 1014
512 555
512 598
513 668
513 896
514 593
514 825
515 961
516 621
516 997
516 1003
517 627
517 706
517 744
517 755
518 761
518 788
518 875
518 1076
519 571
519 656
519 685
520 986
521 707
521 840
521 883
521 964
522 524
522 540
522 741
522 801
522 921
523 677
523 1042
523 1046
523 1062
523 1069
524 576
525 645
525 761
525 916
525 928
525 944
525 954
526 549
526 583
526 640
526 848
527 828
527 996
529 857
530 736
530 800
530 835
530 969
530 979
530 1004
531 973
531 1050
533 826
533 1034
534 853
535 625
535 655
535 739
535 830
535 847
535 1065
536 683
536 847
537 704
537 741
537 851
537 1036
538 569
538 804
538 870
538 923
539 659
539 667
539 767
539 998
540 759
540 1027
542 555
542 614
542 769
542 790
543 989
544 969
546 610
546 700
546 702
547 797
550 815
551 572
551 939
554 609
554 664
556 571
556 771
556 860
556 961
557 727
557 739
557 747
558 591
558 716
558 765
558 802
558 841
559 681
560 789
561 565
561 675
561 684
561 719
561 727
561 792
561 804
561 1022
563 604
563 617
563 774
563 861
563 1065
566 1003
566 1031
567 740
567 754
568 902
568 907
568 984
569 591
570 696
570 858
570 1039
570 1045
572 870
573 841
573 1054
575 788
577 639
577 683
577 1032
578 917
578 935
578 952
579 631
579 650
579 790
579 863
582 897
583 944
584 887
585 729
585 868
586 750
587 933
589 604
589 695
589 729
590 682
590 806
590 972
591 895
592 595
592 617
594 1075
596 626
597 811
597 827
597 1000
599 676
599 776
599 985
600 606
600 828
602 641
602 672
602 824
604 805
604 995
605 707
605 788
605 900
605 1007
607 972
608 783
609 701
610 912
610 1041
612 735
612 866
613 878
613 936
613 991
615 684
615 798
615 1024
617 783
617 936
617 1052
618 763
618 1019
619 639
619 952
620 726
621 1008
622 868
622 941
624 699
624 831
624 851
624 852
624 948
625 645
625 762
625 1032
626 1063
627 635
627 661
629 724
629 757
631 659
631 764
631 777
631 992
634 712
636 720
636 921
636 1019
636 1026
636 1077
637 689
638 798
640 935
641 992
642 789
642 1025
643 960
644 772
644 782
644 1006
644 1012
644 1029
647 663
650 653
650 716
652 770
652 958
652 986
652 1058
653 823
653 981
654 657
654 663
654 731
654 762
654 782
654 839
654 920
654 984
655 776
656 794
656 940
657 1009
658 692
658 927
658 976
659 861
660 744
660 850
660 999
661 742
661 805
661 866
661 921
661 1067
662 679
664 826
664 853
664 897
665 706
666 1041
667 804
667 989
667 1062
669 883
669 1029
670 841
670 842
670 881
671 904
673 674
673 991
674 701
674 794
676 892
677 690
677 691
677 694
677 746
677 802
677 912
677 1002
678 745
678 914
679 781
681 908
682 832
682 1017
684 1047
685 790
685 913
686 811
686 1043
688 757
688 799
688 954
689 740
690 1015
691 766
692 705
692 737
693 954
694 1024
695 823
696 890
698 862
698 1049
699 705
699 995
704 709
704 876
704 885
704 1068
706 864
706 1014
708 863
708 935
709 840
710 944
710 955
711 733
712 949
715 965
716 720
717 791
720 760
722 734
723 764
724 917
724 1051
728 998
729 851
729 967
731 801
733 1057
735 745
736 800
736 903
736 1066
739 782
740 745
740 765
740 994
740 1067
741 925
741 973
742 746
742 971
743 878
745 876
745 939
748 913
749 796
749 872
749 892
749 1063
751 795
751 868
751 880
751 964
753 886
753 929
753 985
754 933
756 957
757 775
758 1071
759 909
759 1043
760 770
760 918
760 966
763 850
765 873
768 1010
769 772
769 1027
770 1072
771 879
771 939
772 896
773 866
774 899
775 785
775 865
777 852
777 854
777 1066
778 796
780 785
783 784
783 1005
783 1056
784 926
785 794
787 806
787 975
787 1062
791 997
795 826
795 843
795 1015
796 860
798 920
798 953
800 856
800 968
800 1018
805 960
808 900
808 1008
810 1007
811 906
812 982
812 1012
815 898
816 818
816 850
817 999
823 874
824 1061
825 831
831 847
836 1022
839 965
841 881
841 890
841 893
841 971
841 984
843 1056
844 1035
850 980
854 956
856 863
858 936
861 903
862 890
863 915
864 981
865 885
866 942
866 1027
869 1045
873 1009
874 1032
874 1033
875 889
875 924
876 922
876 1034
876 1036
877 960
878 901
879 1004
879 1069
880 1074
881 940
882 883
882 1036
883 1045
885 1028
891 927
895 951
896 1058
898 1060
899 1031
900 994
902 906
902 1015
907 1059
911 1030
919 991
920 1005
921 1050
925 1013
926 1001
927 929
928 985
929 975
929 993
930 949
930 1034
933 1066
934 959
937 985
939 997
943 1020
943 1041
943 1056
944 991
948 999
951 967
955 968
961 1065
964 989
964 1007
971 988
978 1034
980 1066
982 1028
990 1002
1006 1011
1029 1047
1040 1059
1060 1066
