0 1
0 2
0 3
0 4
0 5
0 6
0 7
0 8
0 9
0 11
0 13
0 14
0 15
0 17
0 21
0 24
0 32
0 35
0 38
0 42
0 47
0 48
0 50
0 51
0 52
0 53
0 64
0 67
0 74
0 76
0 79
0 83
0 84
0 90
0 104
0 108
0 109
0 119
0 123
0 129
0 140
0 142
0 144
0 151
0 152
0 157
0 160
0 174
0 204
0 258
0 260
0 265
0 278
0 293
0 307
0 314
0 346
0 358
0 365
0 373
0 375
0 378
0 391
0 472
0 481
0 492
0 507
0 513
0 529
0 576
0 582
0 585
0 593
0 594
0 600
0 621
0 623
0 630
0 659
0 667
0 671
0 672
0 675
0 678
0 707
0 718
0 721
0 722
0 723
0 739
0 754
0 760
0 773
0 779
0 795
0 798
0 811
0 856
0 859
0 876
0 895
0 911
0 912
0 913
0 968
1 6
1 20
1 76
1 166
1 382
1 598
1 621
1 828
1 858
2 6
2 97
2 251
2 252
2 473
2 622
2 756
3 6
3 7
3 8
3 9
3 10
3 11
3 12
3 14
3 15
3 21
3 22
3 23
3 25
3 26
3 27
3 31
3 34
3 35
3 40
3 41
3 42
3 46
3 52
3 55
3 59
3 62
3 64
3 65
3 77
3 78
3 82
3 106
3 115
3 118
3 131
3 155
3 190
3 214
3 222
3 226
3 254
3 257
3 260
3 271
3 277
3 293
3 319
3 320
3 326
3 356
3 359
3 362
3 365
3 379
3 427
3 430
3 436
3 470
3 482
3 486
3 489
3 503
3 508
3 540
3 547
3 570
3 575
3 582
3 614
3 617
3 639
3 657
3 687
3 690
3 691
3 696
3 720
3 730
3 731
3 746
3 753
3 756
3 772
3 774
3 777
3 785
3 788
3 824
3 826
3 833
3 841
3 843
3 845
3 849
3 866
3 890
3 900
3 960
3 962
3 965
4 7
4 8
4 9
4 10
4 11
4 12
4 16
4 20
4 21
4 26
4 29
4 43
4 49
4 54
4 57
4 61
4 71
4 80
4 103
4 105
4 124
4 128
4 135
4 156
4 165
4 181
4 211
4 216
4 219
4 239
4 253
4 261
4 272
4 275
4 351
4 358
4 368
4 391
4 416
4 424
4 434
4 435
4 537
4 555
4 560
4 588
4 657
4 734
4 778
4 804
4 805
4 811
4 847
5 6
5 7
5 9
5 12
5 14
5 18
5 29
5 36
5 44
5 52
5 60
5 65
5 85
5 93
5 97
5 119
5 169
5 301
5 310
5 332
5 415
5 437
5 447
5 499
5 581
5 584
5 606
5 634
5 782
5 901
5 915
6 7
6 8
6 9
6 10
6 11
6 13
6 15
6 17
6 18
6 19
6 21
6 25
6 26
6 28
6 31
6 32
6 33
6 34
6 36
6 37
6 40
6 41
6 42
6 44
6 47
6 53
6 57
6 58
6 59
6 71
6 74
6 80
6 84
6 85
6 88
6 90
6 91
6 96
6 100
6 108
6 112
6 113
6 119
6 120
6 129
6 141
6 157
6 161
6 163
6 164
6 177
6 183
6 184
6 187
6 188
6 193
6 208
6 210
6 212
6 235
6 239
6 251
6 254
6 275
6 276
6 278
6 299
6 302
6 305
6 315
6 327
6 335
6 343
6 361
6 363
6 380
6 381
6 405
6 417
6 432
6 441
6 456
6 458
6 468
6 481
6 486
6 494
6 517
6 521
6 533
6 542
6 554
6 561
6 570
6 584
6 585
6 593
6 597
6 602
6 603
6 674
6 701
6 702
6 704
6 735
6 737
6 759
6 797
6 799
6 804
6 817
6 837
6 849
6 853
6 879
6 896
6 909
6 911
6 916
6 928
6 933
6 957
7 8
7 10
7 11
7 12
7 13
7 15
7 16
7 18
7 19
7 20
7 21
7 22
7 24
7 26
7 27
7 28
7 29
7 31
7 32
7 34
7 36
7 37
7 41
7 42
7 44
7 47
7 48
7 49
7 55
7 60
7 72
7 78
7 83
7 101
7 102
7 109
7 110
7 116
7 129
7 138
7 145
7 147
7 149
7 150
7 163
7 165
7 168
7 171
7 172
7 173
7 197
7 198
7 201
7 207
7 219
7 226
7 250
7 257
7 258
7 261
7 263
7 264
7 269
7 299
7 305
7 339
7 344
7 379
7 403
7 404
7 464
7 468
7 469
7 476
7 479
7 487
7 494
7 498
7 515
7 523
7 533
7 541
7 562
7 590
7 600
7 621
7 624
7 633
7 685
7 713
7 744
7 802
7 808
7 835
7 843
7 966
8 10
8 15
8 23
8 25
8 37
8 43
8 83
8 91
8 125
8 140
8 143
8 145
8 163
8 169
8 173
8 183
8 206
8 252
8 258
8 261
8 282
8 402
8 465
8 466
8 483
8 524
8 763
8 865
8 871
8 872
8 891
8 936
9 12
9 99
9 174
9 186
9 191
9 204
9 218
9 229
9 246
9 248
9 255
9 278
9 288
9 289
9 295
9 304
9 324
9 334
9 342
9 425
9 436
9 483
9 521
9 528
9 554
9 560
9 626
9 646
9 694
9 711
9 746
9 761
9 841
9 877
9 889
9 921
9 957
10 13
10 14
10 16
10 19
10 23
10 29
10 39
10 49
10 50
10 51
10 63
10 69
10 73
10 87
10 89
10 128
10 132
10 149
10 156
10 166
10 169
10 171
10 189
10 196
10 215
10 226
10 233
10 237
10 244
10 308
10 313
10 319
10 428
10 440
10 453
10 511
10 564
10 612
10 630
10 677
10 736
10 744
10 790
10 824
10 833
10 838
10 881
10 907
10 911
10 937
10 949
10 958
11 16
11 17
11 20
11 24
11 53
11 55
11 56
11 70
11 99
11 101
11 129
11 136
11 200
11 232
11 244
11 259
11 286
11 306
11 359
11 366
11 406
11 419
11 433
11 464
11 560
11 589
11 610
11 621
11 725
11 835
11 836
11 863
12 13
12 16
12 17
12 18
12 25
12 35
12 38
12 48
12 53
12 56
12 59
12 64
12 70
12 72
12 80
12 84
12 87
12 92
12 116
12 121
12 127
12 135
12 138
12 139
12 140
12 159
12 178
12 207
12 214
12 223
12 230
12 239
12 243
12 275
12 310
12 312
12 317
12 324
12 333
12 336
12 344
12 345
12 350
12 361
12 369
12 396
12 413
12 428
12 431
12 443
12 475
12 487
12 488
12 494
12 495
12 512
12 539
12 558
12 574
12 577
12 583
12 634
12 692
12 696
12 700
12 705
12 706
12 736
12 738
12 759
12 770
12 794
12 892
12 896
12 943
12 949
12 957
13 14
13 20
13 29
13 30
13 33
13 36
13 42
13 51
13 60
13 62
13 63
13 70
13 83
13 100
13 103
13 107
13 133
13 136
13 154
13 165
13 179
13 194
13 198
13 199
13 207
13 213
13 221
13 237
13 240
13 241
13 250
13 260
13 274
13 292
13 307
13 308
13 335
13 345
13 381
13 387
13 392
13 405
13 410
13 429
13 438
13 454
13 478
13 482
13 511
13 515
13 517
13 525
13 560
13 625
13 666
13 673
13 697
13 745
13 755
13 779
13 787
13 798
13 815
13 823
13 826
13 895
13 908
13 925
13 942
13 947
13 954
13 956
13 963
14 19
14 45
14 46
14 60
14 62
14 67
14 73
14 88
14 91
14 97
14 103
14 119
14 132
14 137
14 153
14 160
14 177
14 186
14 202
14 235
14 256
14 262
14 309
14 319
14 348
14 376
14 394
14 404
14 409
14 430
14 437
14 445
14 465
14 495
14 504
14 516
14 518
14 536
14 547
14 572
14 597
14 605
14 611
14 617
14 658
14 695
14 744
14 851
15 23
15 38
15 177
15 484
15 578
15 657
15 666
15 685
15 750
15 887
15 902
15 945
16 17
16 18
16 24
16 27
16 28
16 31
16 32
16 37
16 39
16 43
16 46
16 48
16 51
16 62
16 66
16 67
16 71
16 72
16 76
16 80
16 81
16 86
16 89
16 100
16 103
16 105
16 110
16 120
16 124
16 125
16 127
16 130
16 137
16 141
16 143
16 169
16 175
16 182
16 187
16 188
16 190
16 195
16 199
16 200
16 204
16 214
16 215
16 217
16 218
16 232
16 238
16 239
16 273
16 274
16 292
16 303
16 306
16 332
16 333
16 344
16 352
16 354
16 357
16 363
16 364
16 374
16 444
16 473
16 492
16 522
16 526
16 535
16 552
16 556
16 570
16 592
16 623
16 626
16 631
16 633
16 635
16 645
16 658
16 663
16 690
16 691
16 698
16 707
16 744
16 780
16 781
16 838
16 841
16 881
16 884
16 900
16 904
16 925
16 936
16 945
17 22
17 59
17 73
17 122
17 134
17 142
17 172
17 174
17 182
17 224
17 375
17 424
17 453
17 519
17 531
17 605
17 638
17 666
17 681
17 758
17 841
17 871
17 955
18 19
18 49
18 55
18 58
18 71
18 92
18 93
18 105
18 112
18 126
18 144
18 223
18 224
18 260
18 270
18 301
18 304
18 337
18 387
18 423
18 502
18 553
18 653
18 677
18 783
18 835
18 948
19 22
19 25
19 26
19 28
19 39
19 44
19 51
19 57
19 61
19 66
19 69
19 106
19 109
19 111
19 113
19 119
19 177
19 197
19 200
19 212
19 217
19 224
19 230
19 246
19 299
19 300
19 322
19 323
19 327
19 329
19 351
19 362
19 397
19 401
19 433
19 434
19 454
19 467
19 490
19 519
19 556
19 559
19 600
19 609
19 625
19 637
19 640
19 643
19 660
19 686
19 689
19 719
19 729
19 740
19 764
19 784
19 793
19 806
19 860
19 876
19 913
20 23
20 28
20 30
20 32
20 35
20 40
20 45
20 56
20 65
20 72
20 79
20 86
20 89
20 95
20 99
20 103
20 106
20 107
20 111
20 114
20 116
20 117
20 126
20 131
20 140
20 151
20 170
20 178
20 185
20 189
20 206
20 215
20 236
20 241
20 247
20 256
20 268
20 281
20 303
20 305
20 340
20 375
20 387
20 402
20 405
20 419
20 439
20 446
20 453
20 460
20 461
20 517
20 569
20 582
20 596
20 616
20 638
20 655
20 696
20 699
20 714
20 751
20 763
20 827
20 840
20 864
20 877
20 880
20 892
20 901
20 911
20 915
21 22
21 54
21 62
21 113
21 118
21 162
21 189
21 197
21 206
21 269
21 270
21 282
21 331
21 338
21 341
21 367
21 415
21 452
21 456
21 457
21 460
21 507
21 508
21 581
21 662
21 777
21 782
21 806
21 843
21 938
22 49
22 114
22 184
22 271
22 291
22 293
22 457
22 732
22 875
22 902
23 24
23 27
23 44
23 52
23 53
23 54
23 58
23 61
23 63
23 75
23 79
23 81
23 86
23 93
23 95
23 101
23 102
23 115
23 132
23 143
23 200
23 203
23 232
23 249
23 260
23 270
23 280
23 350
23 355
23 400
23 408
23 459
23 472
23 513
23 545
23 547
23 566
23 594
23 617
23 625
23 665
23 686
23 728
23 734
23 739
23 741
23 769
23 806
23 850
23 874
23 889
23 893
23 919
23 933
24 27
24 37
24 43
24 67
24 75
24 95
24 117
24 173
24 197
24 234
24 285
24 301
24 322
24 364
24 365
24 399
24 474
24 494
24 544
24 556
24 588
24 594
24 597
24 712
24 740
24 768
24 899
25 88
25 96
25 115
25 136
25 137
25 150
25 165
25 169
25 189
25 241
25 272
25 331
25 395
25 408
25 470
25 503
25 594
25 690
25 697
25 917
25 952
26 33
26 34
26 57
26 58
26 65
26 68
26 94
26 134
26 139
26 143
26 154
26 158
26 194
26 265
26 290
26 313
26 318
26 368
26 417
26 437
26 438
26 442
26 454
26 460
26 489
26 502
26 519
26 537
26 603
26 644
26 711
26 782
26 795
26 825
27 30
27 31
27 57
27 85
27 93
27 126
27 134
27 155
27 158
27 203
27 210
27 271
27 273
27 334
27 374
27 588
27 684
27 800
27 836
27 875
27 911
28 30
28 39
28 69
28 88
28 92
28 101
28 114
28 122
28 170
28 333
28 338
28 383
28 390
28 407
28 480
28 501
28 503
28 532
28 635
28 656
28 659
28 679
28 683
28 738
28 811
28 863
28 950
28 968
29 30
29 33
29 38
29 40
29 43
29 46
29 54
29 118
29 139
29 194
29 229
29 234
29 259
29 303
29 313
29 342
29 372
29 378
29 389
29 462
29 477
29 564
29 660
29 744
29 781
29 882
29 891
29 908
30 36
30 56
30 90
30 111
30 287
30 444
30 493
30 705
30 766
30 801
30 821
30 952
31 33
31 38
31 40
31 64
31 70
31 91
31 93
31 131
31 132
31 147
31 156
31 161
31 170
31 175
31 178
31 194
31 209
31 250
31 256
31 268
31 295
31 314
31 350
31 359
31 370
31 377
31 385
31 408
31 444
31 458
31 487
31 504
31 511
31 554
31 556
31 603
31 611
31 629
31 636
31 641
31 650
31 769
31 772
31 775
31 837
31 852
31 861
31 865
31 895
31 930
31 936
31 966
32 39
32 50
32 68
32 74
32 77
32 139
32 148
32 166
32 186
32 190
32 192
32 198
32 216
32 218
32 252
32 273
32 312
32 359
32 371
32 388
32 394
32 416
32 463
32 486
32 493
32 506
32 514
32 531
32 543
32 552
32 585
32 628
32 645
32 670
32 692
32 704
32 711
32 716
32 733
32 753
32 767
32 853
32 858
32 895
32 941
33 34
33 68
33 69
33 128
33 192
33 203
33 213
33 238
33 270
33 297
33 321
33 364
33 601
33 607
33 663
33 909
34 35
34 47
34 60
34 64
34 72
34 78
34 81
34 85
34 97
34 100
34 104
34 107
34 113
34 123
34 157
34 167
34 196
34 235
34 245
34 255
34 261
34 267
34 277
34 305
34 307
34 309
34 327
34 337
34 342
34 349
34 382
34 384
34 418
34 426
34 442
34 447
34 472
34 484
34 489
34 496
34 532
34 542
34 543
34 569
34 571
34 580
34 601
34 602
34 632
34 647
34 657
34 658
34 693
34 703
34 757
34 763
34 796
34 817
34 823
34 829
34 857
34 858
34 868
34 878
34 879
35 41
35 61
35 66
35 120
35 148
35 151
35 152
35 220
35 297
35 321
35 361
35 427
35 470
35 475
35 506
35 535
35 546
35 564
35 656
35 661
35 786
35 809
35 830
35 866
35 936
36 104
36 244
36 276
36 318
36 433
36 439
36 487
36 536
36 631
36 664
36 848
36 855
37 48
37 82
37 95
37 114
37 130
37 171
37 178
37 221
37 268
37 386
37 394
37 432
37 474
37 531
37 539
37 616
37 626
37 714
37 752
37 773
37 849
37 872
38 70
38 73
38 102
38 150
38 162
38 170
38 180
38 181
38 211
38 214
38 217
38 256
38 276
38 328
38 339
38 342
38 395
38 455
38 456
38 458
38 510
38 512
38 522
38 668
38 675
38 807
38 846
38 853
38 856
38 866
38 880
38 921
38 935
38 958
39 45
39 54
39 81
39 127
39 143
39 171
39 173
39 238
39 281
39 320
39 353
39 418
39 493
39 536
39 685
39 716
39 728
39 789
40 41
40 46
40 73
40 77
40 106
40 112
40 123
40 145
40 147
40 162
40 222
40 269
40 341
40 344
40 401
40 409
40 422
40 424
40 479
40 583
40 606
40 629
40 653
40 696
40 736
40 741
40 757
40 762
40 777
40 887
40 958
41 52
41 126
41 142
41 286
41 403
41 528
41 555
41 561
41 716
41 721
41 757
41 863
42 45
42 55
42 56
42 61
42 74
42 125
42 144
42 155
42 179
42 187
42 191
42 196
42 199
42 231
42 236
42 320
42 397
42 399
42 449
42 523
42 595
42 752
43 45
43 59
43 66
43 98
43 152
43 188
43 221
43 262
43 280
43 295
43 309
43 337
43 340
43 347
43 388
43 434
43 449
43 480
43 546
43 573
43 579
43 638
43 650
43 751
43 847
43 959
44 63
44 68
44 82
44 94
44 125
44 137
44 159
44 263
44 275
44 505
44 579
44 614
44 689
44 857
44 941
45 47
45 50
45 76
45 83
45 158
45 188
45 248
45 249
45 491
45 499
45 599
45 836
45 885
45 888
45 900
46 92
46 96
46 138
46 141
46 148
46 172
46 277
46 278
46 339
46 377
46 478
46 644
46 691
46 907
47 58
47 77
47 82
47 128
47 137
47 185
47 217
47 242
47 259
47 264
47 274
47 336
47 357
47 360
47 463
47 613
47 812
47 819
47 853
47 886
48 50
48 105
48 237
48 286
48 347
48 372
48 485
48 526
48 537
48 539
48 687
48 696
48 707
48 767
48 809
49 65
49 84
49 108
49 131
49 136
49 146
49 186
49 216
49 246
49 393
49 395
49 602
49 628
49 651
49 743
49 822
49 830
49 878
49 906
49 932
49 951
50 202
51 69
51 78
51 86
51 98
51 110
51 133
51 168
51 185
51 205
51 250
51 254
51 311
51 398
51 418
51 424
51 425
51 441
51 456
51 528
51 530
51 575
51 589
51 626
51 654
51 705
51 729
51 742
51 780
51 793
51 845
51 918
51 920
51 927
51 962
51 965
52 63
52 75
52 76
52 82
52 95
52 98
52 106
52 133
52 135
52 173
52 179
52 187
52 191
52 195
52 223
52 227
52 232
52 234
52 268
52 280
52 306
52 413
52 465
52 517
52 548
52 557
52 576
52 597
52 610
52 624
52 632
52 731
52 754
52 866
52 886
52 937
53 67
53 75
53 98
53 102
53 118
53 125
53 132
53 142
53 152
53 159
53 207
53 250
53 273
53 279
53 386
53 410
53 414
53 514
53 616
53 656
53 676
53 876
53 892
53 925
54 204
54 324
54 538
54 669
54 749
55 78
55 122
55 176
55 184
55 203
55 230
55 357
55 488
55 622
55 674
55 730
55 752
55 888
56 87
56 94
56 317
56 360
56 792
57 68
57 79
57 87
57 91
57 99
57 123
57 183
57 206
57 212
57 220
57 370
57 384
57 427
57 493
57 523
57 564
57 573
57 619
57 631
57 636
57 637
57 661
57 662
57 668
57 670
57 757
57 783
57 896
57 922
57 957
57 959
58 154
58 180
58 245
58 256
58 385
58 800
58 859
58 954
59 90
59 110
59 138
59 240
59 287
59 343
59 373
59 414
59 705
59 759
59 856
59 859
59 939
59 951
60 104
60 252
60 316
60 558
61 74
61 77
61 264
61 418
61 447
61 567
61 693
62 136
62 175
62 183
62 224
62 398
62 455
62 492
62 787
62 832
63 114
63 129
63 423
63 502
63 764
64 66
64 75
64 92
64 99
64 121
64 128
64 155
64 164
64 214
64 231
64 235
64 245
64 266
64 269
64 292
64 299
64 333
64 343
64 346
64 349
64 396
64 407
64 447
64 461
64 497
64 518
64 521
64 529
64 535
64 552
64 604
64 651
64 722
64 754
64 784
64 829
64 839
64 888
64 890
64 932
64 950
65 109
65 488
65 571
66 79
66 109
66 155
66 167
66 209
66 224
66 287
66 288
66 298
66 319
66 326
66 349
66 350
66 377
66 422
66 436
66 513
66 591
66 639
66 858
66 875
66 946
66 951
67 122
67 149
67 161
67 190
67 255
67 413
67 417
67 419
67 424
67 476
67 491
67 510
67 597
67 646
67 816
67 923
68 87
68 89
68 176
68 285
68 288
68 345
68 423
68 462
68 476
68 477
68 484
68 584
68 652
68 837
69 71
69 85
69 96
69 113
69 117
69 159
69 195
69 204
69 257
69 294
69 360
69 432
69 904
70 131
70 167
70 177
70 568
70 580
70 751
70 773
70 776
70 886
70 944
71 102
71 145
71 188
71 298
71 306
71 329
71 374
71 392
71 438
71 470
71 550
71 551
71 619
71 692
71 765
71 789
71 794
71 961
72 81
72 88
72 124
72 213
72 228
72 318
72 330
72 347
72 467
72 518
72 608
72 660
72 902
73 80
73 127
73 149
73 283
73 522
73 713
74 96
74 101
74 107
74 212
74 262
74 315
74 388
74 548
74 563
74 586
74 666
74 691
74 724
74 737
74 738
74 818
74 939
74 943
75 94
75 115
75 229
75 409
75 647
76 100
76 116
76 124
76 127
76 156
76 289
76 416
76 422
76 719
76 732
76 801
76 881
76 909
77 331
77 411
77 558
78 86
78 118
78 218
78 228
78 303
78 346
78 413
78 416
78 445
78 503
78 514
78 555
78 578
78 609
78 627
78 812
78 813
78 819
78 881
78 960
78 968
79 97
79 193
79 201
79 217
79 242
79 259
79 277
79 457
79 459
79 635
79 690
79 748
79 770
79 778
79 873
79 916
79 935
79 954
80 120
80 123
80 135
80 144
80 146
80 148
80 153
80 201
80 251
80 297
80 298
80 335
80 396
80 537
80 578
80 613
80 650
80 717
80 741
80 761
80 777
81 117
81 130
81 163
81 164
81 184
81 209
81 213
81 270
81 291
81 443
81 514
81 545
81 595
81 688
81 695
81 827
81 916
81 969
82 176
82 765
82 768
82 819
82 887
83 84
83 90
83 121
83 199
83 233
83 246
83 280
83 301
83 325
83 367
83 388
83 451
83 515
83 564
83 571
83 607
83 642
83 725
83 886
84 121
84 172
84 211
84 242
84 304
84 355
84 685
84 844
84 930
85 98
85 202
85 559
85 665
85 926
86 94
86 237
86 684
87 116
87 225
87 529
87 709
87 903
88 89
88 110
88 336
88 366
88 407
88 504
88 553
88 902
89 108
89 149
89 159
89 170
89 175
89 179
89 187
89 201
89 208
89 572
89 642
89 668
89 680
89 703
89 710
89 721
89 779
89 786
89 901
89 905
89 920
90 117
90 296
90 311
90 341
90 351
90 377
90 439
90 571
90 575
90 582
90 742
90 804
90 850
90 874
90 955
91 104
91 134
91 145
91 196
91 248
91 291
91 297
91 300
91 355
91 421
91 477
91 516
91 546
91 717
91 733
91 757
91 837
92 191
92 439
92 890
93 133
93 142
93 153
93 161
93 178
93 182
93 208
93 281
93 300
93 311
93 369
93 415
93 440
93 526
93 644
93 658
93 665
93 725
93 771
93 824
93 881
93 897
93 898
94 139
94 147
94 172
94 500
94 611
94 649
94 702
94 828
95 112
95 228
95 290
95 320
95 429
95 467
95 579
95 755
95 838
95 952
96 105
96 182
96 225
96 263
96 265
96 289
96 544
96 621
96 708
96 808
96 896
96 908
96 955
97 466
97 476
97 497
97 561
97 688
97 771
98 111
98 124
98 133
98 134
98 216
98 263
98 436
98 566
98 612
98 848
99 233
99 247
99 257
99 356
99 469
99 471
99 526
99 709
99 745
99 803
99 883
100 192
100 463
100 542
100 682
100 749
100 783
100 867
101 122
101 313
101 384
101 413
101 668
102 167
102 220
102 295
102 312
102 337
102 350
102 397
102 636
102 698
102 743
103 107
103 148
103 175
103 227
103 232
103 245
103 249
103 255
103 262
103 269
103 321
103 498
103 510
103 559
103 607
103 689
103 780
103 818
103 960
104 258
104 323
104 331
104 451
104 532
104 804
105 111
105 197
105 222
105 348
105 396
105 457
105 459
105 500
105 505
105 508
105 555
105 599
105 614
105 672
105 698
105 801
105 822
105 876
105 909
105 943
106 604
106 805
106 832
106 877
106 893
107 108
107 112
107 120
107 121
107 126
107 147
107 150
107 160
107 191
107 223
107 279
107 353
107 414
107 446
107 460
107 461
107 492
107 536
107 568
107 569
107 616
107 648
107 716
107 724
107 778
107 852
108 146
108 162
108 185
108 193
108 316
108 328
108 834
108 958
108 969
109 180
109 235
109 249
109 327
109 396
109 498
109 540
109 588
109 644
109 716
109 727
109 735
109 851
109 927
109 942
109 956
110 266
110 426
110 714
111 168
111 218
111 290
111 576
111 643
111 673
111 856
112 153
112 280
112 483
112 520
112 569
112 630
112 653
112 693
112 817
113 115
113 130
113 290
113 299
113 448
113 592
113 650
113 667
113 820
114 146
114 332
114 365
114 541
114 551
114 558
114 694
114 815
114 855
115 219
115 345
115 382
115 761
115 794
116 163
116 192
116 205
116 209
116 340
116 440
116 768
117 415
117 565
117 645
117 788
117 898
118 158
118 180
118 200
118 285
118 407
118 541
118 933
119 205
119 285
119 297
119 335
119 346
119 374
119 384
119 713
119 742
119 812
119 835
119 848
119 849
120 168
120 184
120 253
120 287
120 355
120 395
120 412
120 574
120 587
121 194
121 384
121 419
121 462
121 627
121 649
122 185
122 431
122 469
123 138
123 141
123 157
123 166
123 168
123 189
123 284
123 311
123 439
123 451
123 499
123 525
123 745
123 764
123 910
123 948
124 152
124 180
124 275
124 284
124 316
124 534
124 640
124 857
125 209
125 237
125 300
125 387
125 577
125 659
125 769
126 266
126 272
126 276
126 356
126 417
126 468
126 484
126 506
126 576
126 731
126 766
126 801
127 144
127 146
127 211
127 268
127 314
127 336
127 469
127 495
127 497
127 655
127 702
127 769
127 846
128 135
128 150
128 545
128 746
129 130
129 140
129 141
129 195
129 243
129 248
129 253
129 254
129 272
129 283
129 339
129 404
129 419
129 421
129 647
129 661
129 693
129 700
129 800
129 832
129 871
129 879
129 882
129 946
129 955
130 167
130 183
130 193
130 278
130 296
130 355
130 495
130 565
131 174
131 271
131 354
131 432
131 481
131 612
131 772
131 929
132 234
132 754
132 805
132 940
133 151
133 156
133 176
133 226
133 228
133 231
133 261
133 343
133 362
133 371
133 433
133 434
133 437
133 494
133 563
133 579
133 622
133 629
133 672
133 709
133 748
133 783
133 793
133 877
133 937
134 220
134 241
134 389
134 403
134 410
134 448
134 533
134 657
134 928
135 174
135 181
135 258
135 271
135 307
135 375
135 678
135 822
135 852
136 151
136 158
136 165
136 213
136 231
136 242
136 263
136 266
136 450
136 485
136 551
136 562
136 567
136 600
136 654
136 677
136 700
136 739
136 790
136 930
136 948
137 196
137 227
137 229
137 308
137 482
137 639
138 286
138 584
138 790
139 154
139 157
139 225
139 347
139 358
139 557
139 668
139 749
139 758
139 831
139 834
140 253
140 284
140 307
140 357
140 620
140 643
140 768
140 797
140 920
140 966
140 969
141 548
141 947
142 426
142 630
142 860
143 222
143 238
143 262
143 294
143 397
143 692
143 742
143 786
143 814
143 859
143 960
144 154
144 219
144 245
144 267
144 366
144 400
144 445
144 554
144 593
144 624
145 192
145 221
145 259
145 296
145 305
145 394
145 403
145 405
145 420
145 427
145 471
145 613
145 698
145 787
145 802
145 826
145 931
146 153
147 181
147 393
147 940
148 162
148 233
148 236
148 243
148 296
148 322
148 328
148 398
148 430
148 483
148 525
148 615
148 672
148 732
149 215
149 247
149 291
149 296
149 408
149 451
149 452
149 526
149 631
149 682
149 765
149 788
149 815
150 160
150 208
150 309
150 316
150 342
150 420
150 467
150 549
150 550
150 737
150 820
150 839
150 868
151 284
151 390
151 471
151 640
151 703
151 737
151 823
152 207
152 230
152 354
152 719
153 161
153 164
153 176
153 203
153 210
153 221
153 227
153 394
153 404
153 414
153 433
153 452
153 507
153 590
153 734
153 767
153 775
153 798
153 825
153 845
153 852
153 917
154 234
154 319
154 485
154 656
154 706
154 713
154 724
154 856
154 931
155 164
155 166
155 557
157 202
157 622
157 769
157 848
157 887
157 897
158 160
158 349
158 387
158 415
158 677
160 227
160 308
160 358
160 369
160 440
160 568
160 591
160 637
160 774
161 181
161 216
161 304
161 420
161 546
161 679
161 695
161 709
161 734
161 860
161 900
161 920
161 921
162 406
162 591
162 685
162 794
162 816
162 964
163 179
163 236
163 864
163 905
164 190
164 391
164 568
164 628
164 648
164 661
164 867
165 201
165 281
165 592
165 703
165 791
165 894
165 934
165 953
166 171
166 193
166 198
166 205
166 244
166 329
166 339
166 383
166 411
166 491
166 674
166 686
166 780
167 186
167 219
167 378
167 541
167 590
167 930
168 225
168 241
168 333
168 372
168 500
168 562
168 598
168 646
168 893
169 210
169 242
169 451
169 611
169 641
169 681
169 753
169 968
170 316
170 318
170 654
170 714
171 202
171 223
171 291
171 323
171 538
171 704
171 947
172 272
172 274
172 300
172 406
172 407
172 528
172 532
172 699
172 741
173 282
173 378
173 435
173 501
173 575
173 893
174 211
174 222
174 827
175 243
175 708
175 718
175 800
176 182
176 317
176 326
176 341
176 377
176 557
176 574
176 639
176 755
176 869
177 247
177 267
177 370
177 435
177 465
177 475
177 550
177 902
178 206
178 502
178 520
178 550
178 875
179 361
179 577
180 286
180 698
181 257
181 382
181 595
181 704
181 768
181 840
181 894
182 327
182 356
182 947
183 312
183 315
183 322
183 648
183 844
183 944
183 955
184 314
184 345
184 353
184 369
184 373
184 395
184 429
184 444
184 743
184 759
184 787
184 794
184 836
184 934
185 267
185 392
185 959
186 265
186 302
186 317
186 472
186 862
187 381
187 549
188 195
188 198
188 251
188 323
188 328
188 389
188 515
188 583
188 632
188 649
188 834
189 376
189 604
189 840
189 931
189 939
190 331
190 468
190 550
190 602
191 230
191 389
191 587
192 199
192 208
192 225
192 443
192 561
192 617
192 654
192 669
192 750
192 756
192 760
192 899
193 220
193 264
193 323
193 329
193 851
193 917
194 607
194 671
194 818
195 285
195 324
195 328
195 409
195 449
196 662
196 811
196 826
197 368
197 489
197 560
197 726
197 738
197 753
197 898
198 380
198 480
199 430
199 527
199 585
199 727
199 825
199 890
200 253
200 282
200 332
200 371
200 382
200 436
200 446
200 461
200 485
200 932
201 240
201 266
201 381
201 429
201 580
202 212
202 290
202 294
202 370
202 383
202 663
202 686
202 763
202 784
202 843
202 855
202 906
202 919
203 236
203 313
203 403
203 457
203 474
203 548
203 675
204 205
204 215
204 246
204 289
204 913
205 210
205 240
205 243
205 298
205 301
205 343
205 521
205 610
205 618
205 813
206 341
206 352
206 506
206 667
206 865
207 289
207 508
207 735
208 281
208 393
208 505
208 548
208 694
208 763
209 248
209 450
209 463
209 534
209 606
209 706
209 764
209 814
209 961
210 288
210 332
210 354
210 385
210 663
211 340
211 380
211 480
211 752
211 963
212 231
212 251
212 357
212 369
212 374
212 414
212 466
212 504
212 547
212 573
212 636
212 676
212 689
212 726
212 839
212 889
212 923
213 228
213 623
213 891
214 325
214 388
214 723
214 742
215 567
215 638
215 715
215 807
216 255
216 398
216 650
216 843
216 908
217 379
217 399
217 625
218 273
218 348
218 912
219 491
219 601
219 802
220 226
220 229
220 267
220 283
220 352
220 400
220 425
220 574
220 605
220 641
220 762
220 793
220 897
221 293
221 393
221 589
221 889
221 910
222 240
222 282
222 306
222 322
222 446
222 447
222 762
222 766
224 279
224 338
224 701
225 292
225 298
225 337
225 363
225 390
225 572
225 671
225 758
225 810
225 932
226 553
226 707
227 310
227 463
227 466
227 518
227 599
227 748
227 823
227 846
228 590
228 613
228 697
229 254
229 477
230 293
230 351
230 525
230 690
230 760
231 233
231 442
231 584
231 608
231 630
231 921
231 948
232 238
232 244
232 318
232 390
232 680
232 733
232 788
232 961
233 239
233 276
233 516
233 586
233 885
233 922
234 924
235 279
235 330
235 438
235 466
235 860
236 310
236 349
236 410
236 524
236 603
236 615
236 664
236 847
237 252
237 284
237 294
237 330
237 438
237 522
237 591
237 803
237 823
237 963
238 434
238 509
238 870
239 437
239 441
239 537
239 967
240 338
240 348
240 360
240 399
240 452
240 474
240 604
240 814
241 288
241 950
242 325
242 386
242 791
243 287
243 325
243 373
243 389
243 450
243 531
243 661
244 624
245 247
245 302
245 478
245 594
245 778
245 909
245 961
247 572
247 667
248 249
248 938
249 393
249 402
249 421
250 279
250 671
251 277
251 378
251 518
251 821
251 962
252 386
252 428
252 445
252 449
252 490
252 635
252 918
253 274
253 292
253 519
253 839
254 715
256 443
256 544
256 639
256 652
256 709
256 929
257 461
257 640
257 669
257 799
258 347
258 371
258 640
259 283
259 412
259 423
259 445
259 575
259 652
259 790
259 810
259 875
260 603
260 651
260 915
261 302
261 541
261 793
262 264
262 367
262 496
262 500
262 547
262 643
262 670
262 914
262 956
263 265
263 309
263 320
263 422
263 431
263 453
263 510
263 529
263 601
263 643
263 708
263 747
263 758
263 810
264 340
264 616
264 620
264 730
264 864
264 959
265 312
265 412
265 596
265 927
266 325
266 619
266 839
266 929
267 586
267 803
267 896
268 519
268 719
268 720
269 295
269 383
269 760
270 308
270 338
270 372
270 610
270 701
270 800
271 321
271 467
271 849
272 348
272 479
272 484
272 706
273 454
273 490
274 376
274 411
274 470
274 599
274 779
274 796
275 523
275 792
275 813
276 455
276 728
276 776
278 683
279 330
280 311
281 380
281 838
281 842
282 283
282 302
282 304
282 368
282 370
282 431
282 507
282 587
284 315
284 334
284 336
284 344
284 363
284 376
284 391
284 505
284 614
284 700
284 707
284 720
284 857
285 294
285 310
285 429
285 717
285 797
285 907
286 314
286 346
286 552
286 847
287 326
287 402
287 627
287 801
287 842
287 884
288 722
288 785
288 789
288 923
289 353
289 376
289 379
289 471
289 562
289 581
289 662
289 679
289 681
289 718
289 751
290 368
290 633
290 785
290 905
291 381
292 334
292 400
292 435
292 454
292 481
292 710
292 729
292 827
293 356
293 431
293 529
293 530
293 536
294 552
294 686
295 324
295 596
295 954
296 335
296 363
296 373
296 409
296 420
296 448
296 509
296 580
296 828
296 869
297 380
297 392
297 426
297 491
297 565
297 586
297 825
297 834
297 952
298 303
298 315
298 330
298 824
299 317
299 483
299 667
299 676
299 721
299 862
300 354
300 925
300 935
302 399
302 479
302 628
302 964
303 359
303 411
303 509
303 815
304 423
304 446
304 458
304 749
304 831
304 901
305 770
305 786
306 385
306 459
306 530
306 565
306 600
306 792
307 334
307 556
307 740
308 365
308 561
308 691
308 926
309 329
309 366
309 658
309 665
309 919
310 527
310 684
311 391
311 535
311 697
311 846
312 619
312 689
313 774
314 326
314 367
314 473
314 478
314 516
314 606
314 635
315 352
315 799
315 835
316 682
317 321
317 367
318 371
318 516
318 634
318 743
319 416
319 799
320 420
320 695
320 873
321 430
321 444
321 540
321 719
321 733
322 660
323 385
323 482
323 926
324 360
324 663
324 789
325 375
325 406
325 464
325 688
325 862
325 893
326 453
326 520
326 628
326 674
326 778
328 523
328 726
328 750
328 904
329 462
329 521
329 549
329 567
329 570
329 828
330 352
330 386
330 498
330 557
330 591
330 755
330 809
330 882
331 499
331 513
332 583
332 642
332 683
333 468
334 362
334 512
335 747
335 810
337 520
337 788
338 353
338 773
338 917
338 962
339 411
339 626
339 671
339 831
340 401
340 425
340 553
340 796
340 922
341 379
341 425
341 740
341 775
341 795
342 361
342 422
342 448
342 706
342 784
343 544
343 589
344 366
344 442
346 351
346 364
346 473
346 543
346 704
346 905
346 929
347 669
348 401
348 633
348 726
348 863
348 908
348 917
349 479
349 534
349 538
349 751
349 809
350 404
350 417
350 486
350 524
350 620
351 358
351 428
351 496
351 522
351 633
351 791
351 812
351 912
352 647
352 924
353 372
353 398
353 477
355 362
355 464
355 508
355 576
355 598
355 606
355 618
355 847
356 364
356 441
356 490
356 528
356 681
356 868
357 485
357 776
358 592
358 634
359 406
359 421
359 478
359 850
360 493
360 573
360 601
360 637
360 659
360 798
360 808
361 524
361 687
361 737
361 818
361 867
361 946
362 654
362 853
362 870
362 962
363 546
363 748
363 966
364 412
364 786
364 845
364 873
365 540
366 390
366 571
366 596
367 397
367 475
367 563
367 636
367 655
367 807
367 813
367 816
367 942
368 498
368 501
369 412
369 449
369 455
369 562
369 739
369 879
369 880
370 392
370 500
371 545
371 612
371 950
372 608
372 859
374 410
374 488
374 551
374 683
374 772
374 940
374 967
375 936
375 949
376 533
376 724
377 475
377 513
377 651
377 702
379 450
380 383
380 805
380 876
380 878
381 405
381 565
381 570
381 607
381 820
382 579
382 583
382 645
382 795
382 825
382 927
383 837
384 450
384 544
384 632
384 770
384 883
385 504
385 593
385 857
386 527
386 569
386 961
387 464
387 482
387 515
387 923
388 487
389 459
389 472
389 851
389 882
389 935
390 401
392 471
392 501
392 507
392 619
392 701
392 867
392 883
393 559
394 402
394 428
394 435
394 761
396 408
396 558
396 605
397 400
397 510
397 573
397 641
397 789
397 816
397 969
398 426
398 517
398 592
399 727
399 734
400 421
400 578
401 458
401 486
403 496
403 653
403 912
403 930
404 460
404 497
404 554
405 945
406 427
406 456
406 495
408 455
408 474
408 511
408 595
408 596
409 527
410 502
410 678
410 711
410 828
412 732
413 581
413 604
413 662
413 703
413 772
413 833
414 501
414 700
415 418
415 480
415 687
415 776
415 808
415 940
416 442
416 745
416 938
417 539
417 602
417 622
417 655
417 782
418 503
418 551
420 675
421 535
422 441
422 476
422 525
424 432
424 538
425 465
425 481
425 869
426 512
426 553
426 684
426 762
427 608
428 448
428 903
429 549
429 605
429 750
429 803
429 870
430 694
430 821
431 488
431 926
433 496
433 512
433 559
433 840
433 913
434 646
434 708
434 727
434 870
434 874
435 563
435 861
435 888
435 916
435 944
436 443
436 532
436 563
436 593
436 610
436 611
436 623
436 777
436 834
436 938
437 440
438 701
438 914
439 720
439 939
440 829
441 629
442 542
442 577
446 452
446 618
447 489
447 506
448 492
448 543
448 842
448 862
449 534
449 710
450 462
450 627
450 756
450 910
451 497
451 499
451 653
451 695
451 718
452 520
452 566
452 670
452 919
453 781
454 618
454 624
455 965
456 738
458 885
459 580
459 598
459 935
460 577
460 609
460 720
460 826
460 836
460 842
460 867
461 469
462 676
462 785
463 524
463 729
463 953
464 555
464 588
464 746
465 473
465 567
465 587
465 725
466 705
467 649
469 710
470 490
470 620
471 599
471 682
471 808
472 631
472 679
473 652
473 863
473 885
474 642
474 733
474 824
475 514
475 545
475 872
476 505
476 595
476 670
476 679
476 782
477 651
477 903
477 952
478 574
478 681
478 717
478 914
479 634
479 818
481 736
482 509
482 543
483 655
483 861
484 578
484 865
485 680
486 509
486 533
486 538
486 683
486 903
487 608
487 812
487 934
488 739
489 618
489 821
489 922
490 848
494 673
494 688
494 735
495 918
496 511
496 743
497 542
497 566
497 687
497 928
499 645
499 765
500 568
500 792
501 531
501 581
502 629
502 745
504 549
504 585
504 620
504 673
504 759
504 842
504 919
504 941
506 884
506 915
508 928
508 964
509 648
510 948
511 644
511 697
511 894
513 638
513 678
513 781
514 729
514 817
514 840
515 646
515 864
516 799
516 916
517 906
518 781
518 904
519 540
519 771
519 918
520 926
521 715
521 728
521 754
521 945
522 632
522 659
522 664
523 530
524 527
524 774
525 534
526 598
526 797
527 682
527 712
528 530
528 736
528 747
529 589
529 735
530 666
530 833
531 938
532 539
532 806
532 822
533 767
533 796
534 692
534 717
534 723
534 753
534 897
534 918
534 934
535 740
535 929
536 728
536 791
537 566
538 625
538 951
540 627
540 712
540 776
542 613
543 907
543 928
543 937
546 780
546 795
547 609
548 770
548 895
551 664
551 725
552 614
552 641
552 844
552 924
553 814
556 819
557 582
557 766
558 572
558 941
559 746
559 747
559 762
559 827
560 727
560 798
561 587
561 615
561 810
561 967
562 792
562 880
563 586
565 609
567 669
567 673
567 684
573 858
574 708
574 899
575 615
575 802
576 715
576 761
576 821
576 829
577 617
577 672
577 748
577 764
578 676
579 850
579 963
580 647
582 615
582 949
582 951
583 590
583 612
583 805
585 649
585 775
585 820
586 807
586 814
588 722
588 871
590 723
590 804
591 712
591 903
592 913
593 623
593 699
593 784
593 861
594 947
594 964
598 783
599 879
600 637
600 702
600 860
600 877
600 942
603 648
603 722
604 868
606 714
607 711
607 760
608 906
609 950
610 869
613 652
614 963
618 774
618 862
618 894
623 852
624 773
625 660
625 749
627 656
627 710
627 910
629 901
630 732
630 886
632 943
634 747
636 756
636 819
636 854
636 906
638 868
638 927
639 642
639 721
639 831
639 845
639 866
640 665
640 946
640 953
641 945
643 758
643 851
644 941
645 664
646 880
646 900
648 807
651 713
652 892
653 678
653 882
656 787
659 723
659 811
659 914
660 730
660 822
660 871
661 680
662 674
663 699
663 830
663 898
663 921
664 844
666 677
666 688
667 870
667 873
667 883
670 680
673 675
674 693
674 855
675 718
675 724
678 933
679 715
680 865
680 924
681 907
682 741
683 765
683 779
684 791
686 944
687 726
687 766
688 815
689 694
689 797
691 874
691 887
692 712
692 846
692 965
693 699
693 817
693 968
696 775
696 838
696 878
696 965
698 833
700 885
700 940
701 967
703 861
705 829
710 730
711 731
711 832
715 796
716 942
718 755
719 731
721 750
721 932
722 953
723 844
729 816
735 771
735 803
735 914
735 958
736 831
737 944
737 953
739 891
740 931
741 809
743 854
744 752
746 767
746 850
750 855
754 854
754 892
755 884
755 949
756 969
760 923
761 830
764 937
765 883
766 771
769 854
770 910
773 820
773 897
778 785
778 872
780 802
780 931
781 898
785 933
787 790
790 888
791 806
792 813
793 956
797 922
797 946
798 832
803 920
808 915
812 966
813 912
815 924
819 874
819 943
821 905
825 873
825 964
826 830
826 956
832 864
833 841
836 904
837 894
838 890
838 957
843 878
846 872
848 854
848 954
851 869
851 934
852 884
852 889
857 959
872 899
883 939
884 960
887 891
898 899
915 967
924 925
