0 1
0 2
0 3
0 4
0 5
0 6
0 7
0 8
0 9
0 10
0 18
0 20
0 22
0 24
0 25
0 27
0 34
0 43
0 47
0 48
0 53
0 54
0 56
0 65
0 71
0 72
0 73
0 79
0 82
0 85
0 91
0 106
0 107
0 122
0 124
0 145
0 148
0 149
0 153
0 155
0 157
0 188
0 198
0 232
0 243
0 250
0 254
0 275
0 278
0 306
0 325
0 328
0 329
0 335
0 364
0 379
0 381
0 388
0 389
0 390
0 394
0 405
0 414
0 415
0 416
0 426
0 447
0 521
0 644
0 696
0 745
0 782
0 821
0 832
0 845
0 852
0 863
0 886
0 900
0 909
0 912
0 929
0 932
0 945
0 1006
0 1024
1 6
1 11
1 13
1 15
1 17
1 32
1 33
1 52
1 60
1 70
1 101
1 105
1 121
1 171
1 178
1 183
1 203
1 237
1 325
1 378
1 393
1 475
1 483
1 493
1 497
1 507
1 516
1 540
1 549
1 563
1 676
1 686
1 687
1 707
1 709
1 723
1 749
1 772
1 835
1 857
1 888
1 923
1 954
1 971
1 994
2 6
2 7
2 8
2 10
2 13
2 15
2 22
2 26
2 32
2 43
2 48
2 50
2 58
2 59
2 71
2 95
2 96
2 100
2 141
2 167
2 171
2 199
2 256
2 257
2 283
2 295
2 331
2 339
2 344
2 347
2 371
2 379
2 384
2 459
2 495
2 506
2 611
2 658
2 662
2 706
2 753
2 762
2 820
2 867
3 9
3 11
3 12
3 14
3 24
3 32
3 38
3 42
3 52
3 76
3 111
3 121
3 131
3 152
3 158
3 195
3 197
3 214
3 242
3 284
3 286
3 293
3 412
3 447
3 473
3 481
3 500
3 537
3 544
3 561
3 583
3 755
3 768
3 797
3 889
3 918
3 922
3 937
3 955
3 1012
4 6
4 7
4 8
4 30
4 53
4 57
4 65
4 113
4 115
4 168
4 214
4 290
4 296
4 316
4 381
4 424
4 487
4 538
4 680
4 686
4 750
4 987
4 988
4 1013
5 6
5 7
5 8
5 9
5 13
5 15
5 17
5 19
5 23
5 25
5 27
5 28
5 35
5 36
5 43
5 46
5 52
5 56
5 57
5 71
5 88
5 100
5 108
5 111
5 113
5 120
5 137
5 147
5 170
5 193
5 265
5 281
5 295
5 305
5 321
5 342
5 371
5 415
5 471
5 497
5 559
5 564
5 586
5 628
5 645
5 692
5 696
5 755
5 770
5 804
5 806
5 831
5 849
5 890
5 949
5 976
5 1004
6 7
6 8
6 9
6 10
6 11
6 12
6 13
6 14
6 19
6 21
6 24
6 29
6 38
6 51
6 53
6 54
6 55
6 58
6 60
6 64
6 68
6 73
6 80
6 100
6 106
6 125
6 129
6 146
6 158
6 161
6 185
6 193
6 201
6 233
6 255
6 258
6 259
6 263
6 305
6 322
6 336
6 340
6 341
6 369
6 372
6 404
6 409
6 434
6 441
6 451
6 458
6 466
6 468
6 473
6 480
6 492
6 493
6 497
6 530
6 542
6 544
6 563
6 609
6 618
6 636
6 673
6 705
6 707
6 760
6 775
6 790
6 832
6 855
6 856
6 859
6 884
6 916
6 945
6 961
6 1022
7 11
7 18
7 19
7 23
7 36
7 37
7 48
7 67
7 90
7 101
7 142
7 164
7 168
7 202
7 279
7 299
7 324
7 422
7 576
7 702
7 770
8 9
8 10
8 12
8 14
8 18
8 20
8 23
8 25
8 26
8 30
8 40
8 61
8 63
8 68
8 74
8 81
8 84
8 89
8 93
8 114
8 118
8 119
8 121
8 122
8 125
8 138
8 143
8 146
8 149
8 154
8 170
8 182
8 199
8 203
8 204
8 211
8 218
8 222
8 236
8 244
8 250
8 251
8 268
8 272
8 281
8 291
8 307
8 310
8 315
8 326
8 337
8 338
8 343
8 346
8 357
8 367
8 391
8 392
8 446
8 454
8 461
8 465
8 474
8 492
8 503
8 512
8 514
8 515
8 523
8 540
8 580
8 585
8 587
8 620
8 670
8 703
8 719
8 740
8 765
8 777
8 778
8 793
8 798
8 806
8 838
8 858
8 877
8 904
8 939
8 941
8 965
8 1008
8 1031
9 10
9 11
9 12
9 16
9 17
9 21
9 22
9 33
9 34
9 42
9 56
9 70
9 79
9 86
9 90
9 94
9 95
9 99
9 102
9 110
9 174
9 180
9 220
9 226
9 235
9 243
9 282
9 307
9 309
9 323
9 326
9 389
9 390
9 417
9 425
9 566
9 787
9 833
9 870
9 935
9 963
9 1025
9 1032
10 12
10 13
10 14
10 15
10 16
10 17
10 20
10 22
10 24
10 25
10 27
10 29
10 31
10 34
10 35
10 39
10 41
10 44
10 45
10 47
10 59
10 67
10 69
10 81
10 98
10 105
10 113
10 116
10 118
10 120
10 124
10 127
10 132
10 142
10 143
10 146
10 162
10 175
10 179
10 189
10 193
10 200
10 211
10 214
10 223
10 229
10 241
10 247
10 273
10 314
10 319
10 325
10 328
10 349
10 350
10 372
10 402
10 404
10 406
10 407
10 413
10 426
10 483
10 499
10 501
10 538
10 605
10 633
10 637
10 643
10 647
10 648
10 651
10 679
10 732
10 734
10 738
10 751
10 757
10 765
10 779
10 786
10 800
10 809
10 820
10 829
10 836
10 844
10 856
10 883
10 934
10 948
10 952
10 953
10 954
10 982
10 989
10 992
10 1013
10 1014
10 1017
11 16
11 17
11 19
11 23
11 24
11 29
11 35
11 39
11 50
11 65
11 79
11 90
11 94
11 106
11 109
11 112
11 128
11 132
11 134
11 135
11 136
11 138
11 152
11 154
11 163
11 175
11 181
11 202
11 216
11 239
11 240
11 257
11 273
11 282
11 303
11 306
11 309
11 324
11 328
11 341
11 352
11 359
11 378
11 397
11 405
11 420
11 430
11 435
11 444
11 463
11 464
11 475
11 493
11 554
11 573
11 612
11 674
11 728
11 783
11 832
11 922
11 923
11 944
11 953
11 1020
12 14
12 21
12 28
12 46
12 52
12 83
12 86
12 96
12 97
12 133
12 173
12 185
12 195
12 200
12 206
12 225
12 258
12 289
12 317
12 344
12 346
12 375
12 439
12 489
12 505
12 587
12 672
12 674
12 690
12 693
12 719
12 808
12 818
12 869
12 951
12 957
12 981
13 16
13 19
13 20
13 34
13 38
13 51
13 59
13 74
13 98
13 128
13 216
13 260
13 262
13 266
13 280
13 281
13 329
13 338
13 342
13 347
13 366
13 437
13 463
13 475
13 494
13 534
13 555
13 568
13 608
13 621
13 766
13 848
13 988
14 15
14 16
14 18
14 23
14 26
14 28
14 29
14 30
14 32
14 33
14 36
14 39
14 44
14 58
14 66
14 88
14 103
14 105
14 106
14 117
14 127
14 133
14 135
14 139
14 146
14 158
14 168
14 190
14 192
14 209
14 215
14 217
14 226
14 229
14 232
14 251
14 253
14 254
14 260
14 300
14 307
14 316
14 332
14 333
14 342
14 361
14 363
14 366
14 380
14 384
14 390
14 396
14 414
14 424
14 432
14 483
14 511
14 581
14 615
14 618
14 632
14 645
14 676
14 721
14 788
14 816
14 821
14 876
14 897
14 910
14 913
14 928
14 965
14 975
14 986
14 994
14 1013
14 1022
14 1025
14 1041
14 1043
14 1047
15 21
15 25
15 26
15 30
15 31
15 39
15 40
15 41
15 43
15 49
15 51
15 58
15 61
15 66
15 71
15 82
15 83
15 85
15 89
15 91
15 97
15 116
15 123
15 144
15 151
15 173
15 199
15 200
15 206
15 212
15 216
15 219
15 226
15 229
15 234
15 235
15 262
15 266
15 268
15 273
15 303
15 305
15 308
15 311
15 326
15 329
15 332
15 336
15 348
15 358
15 363
15 364
15 374
15 380
15 388
15 409
15 425
15 470
15 487
15 489
15 506
15 516
15 521
15 530
15 532
15 546
15 577
15 604
15 623
15 624
15 651
15 657
15 662
15 665
15 681
15 683
15 695
15 710
15 723
15 778
15 820
15 859
15 899
15 934
15 972
15 999
15 1011
16 18
16 21
16 22
16 44
16 50
16 108
16 147
16 239
16 275
16 288
16 353
16 366
16 409
16 431
16 576
16 670
16 679
16 697
16 698
16 942
17 20
17 33
17 38
17 45
17 53
17 96
17 101
17 115
17 152
17 159
17 185
17 208
17 215
17 232
17 252
17 260
17 268
17 279
17 299
17 348
17 387
17 411
17 465
17 500
17 502
17 651
17 687
17 877
17 878
17 915
17 926
17 970
17 993
17 1012
17 1015
18 28
18 41
18 57
18 73
18 88
18 102
18 110
18 114
18 127
18 155
18 157
18 166
18 183
18 195
18 227
18 228
18 236
18 253
18 337
18 350
18 400
18 422
18 424
18 455
18 533
18 536
18 567
18 578
18 690
18 727
18 781
18 814
18 897
18 938
18 961
18 968
18 972
18 1001
18 1007
18 1044
19 27
19 49
19 85
19 93
19 152
19 156
19 176
19 189
19 196
19 301
19 401
19 408
19 478
19 488
19 496
19 506
19 543
19 638
19 639
19 660
19 861
19 924
19 931
19 979
20 30
20 45
20 76
20 79
20 109
20 110
20 140
20 147
20 152
20 160
20 169
20 178
20 212
20 216
20 330
20 399
20 461
20 479
20 494
20 505
20 545
20 631
20 669
20 725
20 760
20 803
20 922
20 925
21 32
21 35
21 39
21 47
21 50
21 65
21 131
21 151
21 159
21 174
21 222
21 240
21 304
21 351
21 452
21 774
21 779
21 848
21 888
21 992
21 1045
22 31
22 37
22 58
22 59
22 62
22 107
22 114
22 116
22 135
22 137
22 147
22 149
22 164
22 195
22 223
22 264
22 282
22 286
22 298
22 301
22 317
22 340
22 353
22 367
22 387
22 442
22 469
22 479
22 547
22 620
22 685
22 815
22 916
22 975
22 1029
23 36
23 40
23 46
23 52
23 150
23 186
23 227
23 264
23 452
23 518
23 814
24 26
24 28
24 29
24 33
24 37
24 41
24 43
24 46
24 49
24 50
24 57
24 62
24 67
24 75
24 82
24 88
24 91
24 96
24 102
24 104
24 119
24 128
24 130
24 131
24 137
24 144
24 145
24 155
24 225
24 231
24 250
24 258
24 259
24 279
24 296
24 303
24 309
24 327
24 333
24 339
24 355
24 374
24 381
24 388
24 391
24 401
24 476
24 487
24 627
24 642
24 649
24 654
24 730
24 731
24 744
24 781
24 795
24 866
24 874
24 878
24 885
24 889
24 907
24 914
24 917
24 935
24 965
24 998
24 1037
25 27
25 31
25 34
25 35
25 44
25 76
25 80
25 100
25 107
25 124
25 131
25 140
25 148
25 177
25 178
25 197
25 199
25 227
25 240
25 248
25 273
25 295
25 299
25 312
25 319
25 350
25 373
25 376
25 430
25 481
25 485
25 490
25 495
25 516
25 522
25 566
25 569
25 630
25 634
25 647
25 654
25 675
25 684
25 726
25 798
25 809
25 813
25 826
25 833
25 839
25 872
25 893
25 901
25 905
25 907
25 960
25 1016
25 1038
26 48
26 68
26 70
26 92
26 100
26 114
26 150
26 156
26 196
26 207
26 208
26 223
26 242
26 259
26 271
26 274
26 299
26 354
26 367
26 388
26 392
26 401
26 410
26 450
26 473
26 517
26 523
26 637
26 675
26 859
26 928
26 981
26 1015
26 1021
26 1040
27 31
27 37
27 44
27 66
27 74
27 95
27 120
27 126
27 142
27 160
27 191
27 220
27 230
27 238
27 270
27 294
27 342
27 347
27 394
27 395
27 397
27 404
27 406
27 421
27 424
27 434
27 471
27 480
27 513
27 541
27 559
27 588
27 718
27 729
27 737
27 817
27 963
27 1020
28 45
28 55
28 69
28 75
28 77
28 99
28 180
28 190
28 207
28 217
28 244
28 248
28 252
28 278
28 285
28 286
28 300
28 494
28 499
28 529
28 591
28 596
28 597
28 683
28 741
28 758
28 831
28 836
28 899
28 942
28 1024
29 63
29 83
29 95
29 118
29 184
29 281
29 310
29 482
29 512
29 605
29 620
29 634
29 643
29 663
29 767
29 800
29 827
29 828
29 957
29 966
29 1022
30 42
30 55
30 56
30 59
30 60
30 72
30 75
30 161
30 393
30 505
30 529
30 541
30 628
30 705
30 845
30 906
30 923
30 985
30 1013
31 36
31 42
31 55
31 78
31 98
31 154
31 182
31 202
31 216
31 221
31 237
31 355
31 456
31 486
31 492
31 507
31 516
31 551
31 584
31 590
31 604
31 678
31 683
31 696
31 728
31 731
31 736
31 763
31 770
31 784
31 865
31 906
31 921
31 1003
31 1004
32 47
32 49
32 60
32 64
32 67
32 80
32 86
32 93
32 101
32 116
32 122
32 128
32 178
32 213
32 215
32 235
32 246
32 342
32 384
32 422
32 426
32 467
32 549
32 599
32 671
32 691
32 792
32 798
32 816
32 825
32 837
32 946
32 1028
33 40
33 41
33 42
33 45
33 62
33 65
33 68
33 74
33 79
33 123
33 144
33 161
33 166
33 207
33 429
33 444
33 445
33 491
33 518
33 571
33 632
33 697
33 699
33 738
34 37
34 38
34 51
34 60
34 62
34 63
34 64
34 87
34 91
34 112
34 129
34 143
34 198
34 230
34 264
34 306
34 310
34 334
34 373
34 386
34 412
34 544
34 580
34 632
34 731
34 772
34 818
34 1009
34 1018
35 53
35 64
35 72
35 77
35 146
35 174
35 204
35 208
35 210
35 226
35 245
35 277
35 293
35 339
35 352
35 356
35 378
35 414
35 433
35 448
35 561
35 568
35 603
35 631
35 654
35 699
35 798
35 920
36 548
36 616
36 645
36 662
37 48
37 94
37 107
37 115
37 134
37 165
37 176
37 179
37 185
37 188
37 222
37 262
37 270
37 311
37 329
37 369
37 383
37 412
37 421
37 520
37 526
37 657
37 693
37 772
37 776
37 864
37 873
37 909
37 919
37 1034
37 1047
38 46
38 76
38 84
38 105
38 107
38 119
38 162
38 217
38 224
38 239
38 315
38 355
38 399
38 519
38 541
38 620
38 681
38 797
38 815
39 40
39 47
39 49
39 69
39 72
39 78
39 81
39 95
39 97
39 110
39 130
39 157
39 176
39 219
39 228
39 230
39 269
39 358
39 398
39 431
39 435
39 438
39 474
39 606
39 638
39 672
39 700
39 734
39 884
39 941
39 960
40 56
40 81
40 143
40 187
40 348
40 530
40 550
40 573
40 982
41 61
41 62
41 67
41 86
41 118
41 154
41 231
41 472
41 777
42 51
42 63
42 173
42 200
42 237
42 417
42 437
42 452
42 462
42 751
42 802
42 910
43 271
43 274
43 306
43 341
43 453
43 649
43 778
43 866
44 87
44 97
44 108
44 276
44 339
44 400
44 425
44 443
44 463
44 567
44 582
44 660
44 772
44 1015
45 61
45 71
45 78
45 108
45 112
45 120
45 138
45 144
45 150
45 156
45 172
45 186
45 188
45 191
45 197
45 222
45 223
45 248
45 328
45 357
45 392
45 406
45 478
45 482
45 503
45 525
45 549
45 627
45 688
45 700
45 704
45 723
45 751
45 761
45 782
45 868
46 166
46 179
46 210
46 230
46 263
46 308
46 509
47 57
47 87
47 89
47 90
47 102
47 103
47 112
47 120
47 167
47 170
47 186
47 193
47 235
47 249
47 280
47 287
47 298
47 304
47 309
47 318
47 349
47 359
47 377
47 447
47 513
47 601
47 619
47 666
47 676
47 699
47 722
47 829
47 837
47 979
47 1005
48 54
48 77
48 101
48 103
48 106
48 123
48 125
48 136
48 184
48 231
48 236
48 245
48 261
48 307
48 323
48 327
48 346
48 376
48 407
48 408
48 440
48 466
48 468
48 470
48 484
48 536
48 550
48 560
48 615
48 622
48 750
48 810
48 821
48 1006
49 54
49 68
49 70
49 73
49 84
49 85
49 130
49 136
49 139
49 142
49 153
49 163
49 184
49 196
49 341
49 368
49 379
49 403
49 413
49 442
49 520
49 534
49 564
49 619
49 622
49 659
49 661
49 736
49 744
49 828
49 841
49 901
49 910
49 1007
50 77
50 83
50 92
50 105
50 129
50 162
50 174
50 284
50 457
50 460
50 572
50 619
50 689
50 759
50 805
50 806
50 837
50 930
50 931
50 939
50 964
50 1031
51 55
51 69
51 80
51 186
51 201
51 205
51 246
51 318
51 359
51 384
51 391
51 436
51 460
51 470
51 508
51 574
51 589
51 671
51 928
51 931
51 993
52 54
52 102
52 116
52 139
52 169
52 171
52 177
52 217
52 234
52 338
52 401
52 475
52 486
52 624
52 640
52 684
52 702
52 711
52 756
52 948
52 973
52 978
52 988
52 1031
52 1040
52 1044
53 84
53 194
53 196
53 258
53 415
53 557
53 560
53 607
53 748
53 834
53 856
53 866
53 897
53 1028
54 63
54 66
54 75
54 84
54 124
54 134
54 161
54 187
54 192
54 205
54 239
54 246
54 247
54 294
54 297
54 302
54 330
54 369
54 371
54 433
54 501
54 518
54 588
54 609
54 618
54 644
54 722
54 748
54 755
54 767
54 790
54 848
54 914
55 69
55 86
55 124
55 354
55 650
55 682
56 92
56 109
56 117
56 131
56 137
56 161
56 167
56 168
56 218
56 241
56 242
56 289
56 297
56 418
56 493
56 510
56 526
56 533
56 574
56 692
56 698
56 700
56 904
56 975
57 104
57 153
57 167
57 201
57 238
57 244
57 341
57 424
57 462
57 486
57 498
57 518
57 556
57 561
57 569
57 617
57 819
57 900
57 970
57 1016
58 72
58 160
58 227
58 338
58 434
58 491
58 537
58 858
58 885
58 904
59 61
59 64
59 126
59 171
59 187
59 232
59 277
59 408
59 531
59 577
59 582
59 649
59 699
59 749
59 924
59 935
59 1041
60 78
60 99
60 126
60 149
60 332
60 364
60 423
60 512
60 553
60 606
60 642
60 669
60 717
60 719
60 885
60 956
61 70
61 113
61 117
61 134
61 138
61 148
61 197
61 251
61 280
61 290
61 510
61 595
61 625
61 644
61 912
61 950
61 956
61 984
62 74
62 75
62 85
62 96
62 104
62 111
62 123
62 145
62 173
62 182
62 202
62 207
62 209
62 289
62 308
62 328
62 333
62 336
62 360
62 427
62 602
62 642
62 677
62 744
62 762
62 768
62 1012
63 89
63 103
63 119
63 127
63 141
63 151
63 181
63 192
63 208
63 234
63 288
63 311
63 334
63 352
63 443
63 481
63 527
63 534
63 684
63 745
63 900
63 971
64 66
64 76
64 109
64 118
64 163
64 191
64 204
64 206
64 218
64 219
64 238
64 248
64 270
64 293
64 300
64 301
64 355
64 368
64 422
64 451
64 458
64 519
64 562
64 583
64 619
64 626
64 661
64 717
64 742
64 796
64 811
64 840
64 884
64 919
64 927
64 957
64 966
64 1023
64 1045
65 78
65 190
65 272
65 289
65 305
65 395
65 400
65 960
66 87
66 137
66 213
66 347
66 611
66 618
66 749
67 104
67 345
67 350
67 431
67 532
67 607
67 931
67 983
68 81
68 99
68 127
68 201
68 313
68 340
68 343
68 372
68 386
68 491
68 511
68 648
68 713
68 840
68 880
68 1041
69 73
69 108
69 110
69 180
69 245
69 319
69 515
69 532
69 535
69 598
69 626
69 632
70 80
70 88
70 92
70 119
70 153
70 154
70 190
70 244
70 291
70 319
70 345
70 385
70 412
70 485
70 579
70 625
70 670
70 672
70 691
70 701
70 764
70 794
70 808
70 930
70 1038
71 82
71 99
71 132
71 172
71 179
71 196
71 234
71 275
71 297
71 348
71 351
71 378
71 480
71 560
71 608
71 653
71 669
71 721
71 746
71 902
71 903
72 77
72 87
72 145
72 177
72 192
72 194
72 219
72 220
72 242
72 243
72 272
72 291
72 389
72 403
72 531
72 556
72 575
72 629
72 749
72 794
73 193
73 274
73 588
74 122
74 130
74 148
74 157
74 199
74 212
74 220
74 269
74 312
74 317
74 421
74 515
74 568
74 575
74 640
74 702
74 734
74 753
74 763
74 907
74 943
75 150
75 172
75 274
75 313
75 346
75 420
75 714
75 727
75 936
76 82
76 93
76 109
76 138
76 173
76 184
76 194
76 200
76 210
76 224
76 232
76 239
76 245
76 254
76 291
76 293
76 300
76 356
76 407
76 431
76 453
76 504
76 544
76 549
76 552
76 578
76 607
76 608
76 611
76 623
76 624
76 896
76 978
77 83
77 90
77 94
77 111
77 121
77 148
77 315
77 584
77 724
78 89
78 132
78 166
78 243
78 279
78 290
78 309
78 362
78 407
78 466
78 492
78 576
78 644
78 713
78 787
78 827
78 830
78 897
78 916
78 990
79 220
79 288
79 383
79 504
79 763
79 848
79 908
79 926
80 92
80 94
80 133
80 141
80 189
80 382
80 466
80 472
80 488
80 500
80 504
80 528
80 658
80 768
80 848
80 871
80 999
81 93
81 203
81 315
81 409
81 420
81 439
81 524
81 584
81 603
81 648
81 868
81 964
81 1023
81 1028
82 169
82 179
82 181
82 242
82 256
82 413
82 429
82 478
82 508
82 574
82 591
82 609
82 748
82 807
82 940
82 973
82 983
82 1022
82 1047
83 139
83 839
83 865
83 925
84 165
84 183
84 344
84 389
84 399
84 428
84 458
84 603
84 628
84 677
84 689
84 818
84 895
84 1044
85 135
85 151
85 160
85 163
85 187
85 263
85 345
85 368
85 374
85 403
85 473
85 503
85 649
85 691
85 783
85 819
86 91
86 97
86 111
86 482
86 526
86 569
86 697
86 926
86 930
87 98
87 117
87 135
87 267
87 398
87 565
87 677
87 739
88 385
88 477
88 505
88 580
88 656
89 134
89 227
89 392
89 459
89 664
89 753
89 776
89 800
89 883
89 991
90 98
90 122
90 126
90 165
90 182
90 236
90 253
90 451
90 468
90 480
90 540
90 560
90 574
90 610
90 625
90 635
90 704
90 757
90 774
90 855
90 906
90 915
90 920
91 115
91 204
91 255
91 551
91 571
91 635
91 911
91 937
92 604
93 151
93 155
93 310
93 335
93 437
93 467
93 594
93 758
93 871
93 883
93 1044
94 103
94 214
94 245
94 333
94 375
94 376
94 393
94 502
94 528
94 543
94 982
95 126
95 136
95 178
95 252
95 253
95 274
95 313
95 347
95 353
95 385
95 594
95 655
95 825
95 875
95 997
96 117
96 128
96 153
96 167
96 215
96 237
96 263
96 383
96 388
96 499
96 592
96 593
96 674
96 708
96 774
96 908
96 926
96 1023
96 1044
97 165
97 219
97 273
97 293
97 318
97 330
97 475
97 498
97 570
97 572
97 627
97 659
97 722
97 733
97 930
97 949
97 966
98 136
98 180
98 275
98 292
98 361
98 362
98 363
98 404
98 482
98 629
98 776
98 810
98 875
98 942
98 1035
99 133
99 165
99 195
99 264
99 276
99 281
99 315
99 406
99 493
99 514
99 540
99 613
99 772
99 1032
100 324
100 675
101 142
101 175
101 185
101 188
101 211
101 396
101 460
101 545
101 584
101 655
101 833
102 112
102 228
102 238
102 240
102 363
102 367
102 400
102 445
102 501
102 591
102 863
102 954
103 104
103 114
103 191
103 431
103 598
103 857
103 874
103 907
103 1003
103 1026
104 209
104 214
104 275
104 311
104 485
104 508
104 547
105 115
105 307
105 471
106 121
106 318
106 467
106 499
106 598
106 699
106 778
106 935
106 1036
107 123
107 158
107 198
107 252
107 284
107 371
107 510
107 580
107 629
107 647
107 710
107 802
107 940
108 174
108 190
108 203
108 317
108 628
108 709
108 789
108 854
108 1037
109 125
109 140
109 164
109 360
109 420
109 572
109 745
109 793
109 795
109 812
109 936
109 964
110 198
110 251
110 370
110 372
110 827
110 887
110 941
110 1038
111 181
111 189
111 518
112 113
112 144
112 158
112 159
112 213
112 230
112 286
112 294
112 302
112 354
112 358
112 370
112 382
112 417
112 442
112 474
112 565
112 589
112 666
112 710
112 729
112 732
112 766
112 865
112 933
112 1030
113 130
113 267
113 322
113 453
113 495
113 573
113 703
113 786
113 938
113 955
113 962
114 147
114 168
114 211
114 246
114 263
114 308
114 335
114 535
114 919
115 129
115 231
115 289
115 374
115 558
115 562
115 737
115 746
115 898
116 129
116 221
116 271
116 351
116 513
116 617
116 720
116 782
116 823
116 1038
117 266
117 490
117 608
118 268
118 400
118 427
118 435
118 449
118 881
118 934
119 261
119 302
119 343
119 385
119 529
119 629
119 914
120 156
120 166
120 241
120 269
120 331
120 337
120 366
120 449
120 542
121 132
121 194
121 407
121 523
121 583
121 621
121 742
121 880
121 889
121 968
122 175
122 176
122 360
122 441
122 443
122 506
122 554
122 607
122 658
122 677
122 722
122 799
122 822
122 1034
123 198
123 517
123 803
124 125
124 133
124 182
124 184
124 320
124 357
124 529
124 533
124 614
124 711
124 761
124 892
124 939
124 942
124 1011
125 162
125 180
125 382
125 592
125 705
125 945
126 247
126 613
126 631
126 664
126 714
127 140
127 235
127 507
127 917
127 927
128 143
128 257
128 276
128 369
128 581
128 685
128 738
128 857
128 878
128 1029
129 290
129 621
129 724
129 801
130 640
130 1031
131 215
131 218
131 390
131 615
131 735
131 799
131 954
132 201
132 255
132 461
132 489
132 610
132 611
132 687
132 934
132 957
132 978
132 1039
133 163
133 171
133 205
133 228
133 261
133 280
133 510
133 559
133 580
133 586
133 587
133 664
133 812
133 990
134 139
134 248
134 271
134 545
134 571
134 650
134 796
134 929
135 150
135 160
135 164
135 169
135 172
135 186
135 224
135 283
135 325
135 353
135 389
135 440
135 446
135 477
135 534
135 651
135 717
135 858
135 918
135 944
135 970
135 993
135 996
135 1002
135 1030
136 140
136 141
136 162
136 225
136 429
136 628
136 733
136 825
136 904
137 177
137 192
137 233
137 292
137 456
137 565
137 618
137 633
137 816
137 841
137 1007
138 145
138 226
138 285
138 425
138 512
138 766
139 155
139 159
139 169
139 209
139 224
139 247
139 387
139 639
139 704
139 720
139 743
139 813
139 836
139 884
139 909
139 913
139 973
140 141
140 175
140 267
140 268
140 285
140 455
140 471
140 987
140 1005
140 1021
141 283
141 457
141 509
141 577
141 627
141 736
141 886
141 948
142 159
142 204
142 206
142 250
142 318
142 346
142 377
142 634
142 720
142 876
142 958
142 980
143 254
143 416
143 527
143 639
144 225
144 362
144 445
144 450
144 686
145 149
145 241
145 313
145 314
145 440
145 457
145 562
145 695
145 737
145 775
145 780
145 787
146 284
146 410
146 511
146 536
146 685
146 918
146 929
146 1023
147 194
147 564
147 742
147 781
147 896
148 233
148 339
148 392
148 456
148 496
148 599
148 655
148 764
148 944
149 176
149 197
149 205
149 229
149 249
149 287
149 335
149 414
149 448
149 579
149 626
149 668
150 321
150 802
151 296
151 380
151 617
151 711
151 1040
152 156
152 157
152 170
152 188
152 246
152 257
152 264
152 331
152 336
152 343
152 405
152 448
152 457
152 477
152 525
152 551
152 576
152 648
152 723
152 895
152 978
153 277
153 294
153 323
153 353
153 362
153 460
153 525
153 635
153 792
153 846
154 642
154 991
155 270
155 291
155 330
155 736
155 1005
156 172
156 211
156 322
156 331
156 411
156 530
156 842
156 887
156 1035
157 265
157 272
157 311
157 395
157 444
157 448
157 459
157 541
157 568
157 576
157 623
157 634
157 764
157 872
157 924
157 997
157 1003
158 183
158 351
158 446
158 474
158 476
158 481
158 522
158 688
158 899
158 974
159 209
159 228
159 334
159 439
159 710
160 411
160 450
160 770
161 164
161 241
161 840
161 928
161 947
161 996
162 272
162 440
162 441
162 462
162 514
162 533
162 665
162 818
163 213
163 222
163 259
163 276
163 278
163 370
163 423
163 506
163 539
163 572
163 630
163 860
163 926
163 1033
163 1036
164 259
164 543
164 548
164 695
164 794
164 814
164 859
165 283
165 312
165 344
165 393
165 469
165 593
165 853
165 855
165 1021
166 265
166 267
166 331
166 377
166 430
166 538
166 606
166 718
166 765
166 785
166 799
166 921
166 939
166 943
168 779
168 867
169 170
169 181
169 251
169 365
169 377
169 401
169 420
169 567
169 578
169 671
169 713
169 788
169 863
169 890
169 948
169 969
170 276
170 277
170 360
170 536
170 646
170 693
170 805
170 877
170 896
171 208
171 229
171 233
171 304
171 344
171 455
171 577
171 583
171 598
171 602
171 693
171 739
171 970
171 1024
172 205
172 221
172 461
172 610
172 769
172 771
172 804
172 842
172 844
172 854
172 1029
172 1033
173 266
173 320
173 563
173 861
173 874
174 177
174 183
174 301
174 415
174 460
174 624
174 795
174 898
174 913
175 256
175 282
175 316
175 500
175 504
175 526
175 553
175 599
175 619
175 730
175 819
175 892
175 918
175 927
175 1009
175 1016
175 1030
176 202
176 213
176 221
176 231
176 269
176 287
176 384
176 664
176 1024
177 212
177 615
177 752
178 483
178 807
178 899
179 187
179 277
179 390
179 399
179 405
179 464
179 477
179 511
179 695
179 980
179 989
179 1000
180 218
180 278
180 357
180 688
180 996
181 288
181 354
181 419
181 514
181 561
181 916
182 189
182 327
182 356
182 377
182 622
182 790
182 830
182 887
182 953
183 191
183 243
183 249
183 262
183 316
183 373
183 398
183 427
183 472
183 505
183 588
183 590
183 745
183 752
183 755
183 773
183 777
183 846
183 971
184 212
184 252
184 442
184 465
184 537
184 656
184 663
184 691
184 714
184 883
185 314
185 600
185 876
185 912
185 937
185 1019
186 224
186 304
186 326
186 484
186 587
186 715
186 763
186 891
186 909
186 919
186 932
186 1032
187 358
187 387
187 398
187 642
187 932
187 1033
188 210
188 290
189 236
189 534
189 655
189 707
190 206
190 249
190 256
190 285
190 409
190 419
190 854
190 973
190 981
190 1002
191 280
191 449
191 535
191 689
191 761
191 940
191 976
192 448
192 509
192 579
192 879
192 950
192 994
193 283
193 288
193 488
193 597
193 743
193 794
193 851
193 868
193 999
194 244
194 348
194 352
194 362
194 372
194 515
194 568
194 662
194 773
194 798
194 955
194 974
195 418
195 524
195 548
195 866
195 895
196 203
196 332
196 361
196 646
196 927
196 980
197 207
197 708
198 255
198 297
198 298
198 491
198 559
198 601
198 741
198 903
198 1035
199 247
199 257
199 423
199 432
199 436
199 509
199 512
199 575
200 310
200 526
200 836
200 925
200 997
201 299
201 313
201 551
201 638
201 832
202 210
202 223
202 321
202 457
202 488
202 600
202 834
202 909
203 355
203 511
203 583
203 876
203 885
203 913
203 1025
204 592
204 911
205 238
205 306
205 359
205 459
205 582
205 604
205 673
205 740
205 793
205 886
205 895
205 959
205 1000
206 296
206 321
206 360
206 383
206 952
206 1024
207 295
207 336
207 472
207 546
207 624
208 354
208 742
208 756
208 943
209 221
209 298
209 416
209 593
209 613
209 830
209 921
209 1005
210 249
210 350
210 416
210 455
210 498
210 719
210 740
211 675
211 981
212 254
212 404
212 584
213 234
213 295
213 680
213 1027
214 217
214 312
214 397
214 462
214 489
214 552
214 558
214 612
214 690
214 835
214 880
214 1001
214 1034
216 325
216 375
216 382
216 498
216 553
216 585
216 694
216 775
216 795
217 936
217 951
218 323
218 393
218 444
218 484
218 509
218 693
218 986
219 265
219 267
219 320
219 410
219 419
219 957
220 320
220 467
220 473
220 672
220 759
220 984
221 292
221 402
221 429
221 536
221 543
221 665
221 667
221 701
222 225
222 496
222 635
222 638
222 771
222 820
222 982
222 1034
223 256
223 279
223 324
223 434
223 452
223 773
223 820
223 1015
223 1018
224 253
224 261
224 368
224 657
224 715
224 850
225 260
225 317
225 363
225 762
225 941
226 233
226 269
226 286
226 292
226 351
226 386
226 610
226 938
227 262
227 302
227 486
227 524
227 539
227 657
227 800
227 822
227 882
228 240
228 296
228 408
228 611
228 821
228 867
228 1039
229 237
229 303
229 334
229 340
229 438
229 520
229 681
229 712
229 757
229 975
229 1028
230 405
230 432
230 438
230 502
230 558
230 775
230 870
230 887
231 250
231 434
232 314
232 391
232 427
232 464
232 524
232 564
232 636
232 688
232 708
232 716
232 979
232 989
233 319
233 320
233 349
233 557
233 594
233 797
233 840
233 995
234 303
234 352
234 680
234 694
234 750
234 797
234 967
234 1040
235 579
235 716
235 855
236 297
236 685
236 803
237 333
237 459
237 694
237 721
237 824
237 939
237 946
239 258
239 266
239 398
239 437
239 570
239 809
239 865
240 356
240 679
240 908
241 294
241 394
241 586
241 681
241 741
242 337
242 601
242 707
242 989
243 261
243 265
243 271
243 287
243 349
243 922
244 716
244 724
244 822
245 403
245 411
245 452
245 867
245 1004
246 284
246 380
246 417
246 439
246 680
246 769
246 1031
247 278
247 495
247 498
247 869
248 255
248 270
248 301
248 432
248 447
248 469
248 969
248 1001
249 439
249 551
250 416
250 570
250 636
250 706
250 743
250 799
250 856
250 857
250 903
251 489
252 260
252 292
252 316
252 345
253 375
253 376
253 402
253 443
253 673
253 932
253 1034
254 321
254 327
254 359
254 468
254 529
254 750
254 849
254 852
254 967
255 308
255 326
255 464
255 585
256 380
256 453
256 681
256 746
256 1001
257 382
257 770
257 945
258 373
258 476
258 570
258 651
258 1010
259 614
259 825
259 851
260 312
260 751
260 800
260 875
260 1001
260 1010
261 903
262 364
262 419
262 435
262 438
262 577
262 667
262 709
262 863
263 383
263 530
263 550
263 596
264 330
264 490
264 517
264 700
264 938
264 956
264 1042
265 287
265 557
265 811
266 396
266 443
266 637
266 640
266 678
267 396
267 415
267 418
267 617
267 808
267 841
268 327
268 356
268 369
268 410
268 436
268 528
268 539
268 694
268 863
269 847
269 858
270 497
271 522
271 687
271 1006
272 421
272 450
272 593
272 626
272 752
272 827
273 305
273 367
273 552
273 599
273 767
274 329
274 349
274 358
274 419
274 528
274 661
274 715
274 725
274 777
274 839
274 847
274 937
275 565
275 597
275 641
275 700
275 723
275 744
275 894
276 285
276 385
276 670
276 679
276 865
277 517
277 673
277 780
277 790
278 586
279 282
279 337
279 343
279 464
279 586
279 602
279 659
279 838
279 996
280 298
280 777
280 791
280 801
281 302
281 376
281 585
281 729
281 982
281 1033
282 555
282 599
282 708
282 757
283 456
284 324
284 428
284 430
284 563
284 692
284 695
285 322
285 410
285 593
285 709
285 734
285 822
286 332
286 503
286 661
286 671
286 754
286 1032
286 1042
287 485
287 616
287 990
288 412
288 422
288 524
288 548
288 682
288 789
288 899
289 396
290 733
290 791
290 963
291 345
291 365
291 478
291 494
291 557
292 881
293 340
293 361
293 366
293 463
293 502
293 558
293 711
293 768
294 914
295 322
295 514
295 678
295 687
295 722
295 977
296 361
296 441
296 479
296 765
296 852
296 992
296 994
297 304
297 637
297 718
297 783
297 815
298 323
298 454
299 300
301 386
301 1010
302 397
302 433
302 646
302 792
302 902
303 378
303 571
303 781
304 379
304 633
305 375
305 430
305 541
305 573
305 592
305 620
305 625
305 690
305 714
305 746
305 845
305 916
305 933
305 1014
306 334
306 368
306 427
307 600
307 629
307 641
307 646
307 703
307 841
307 854
308 866
309 632
309 720
309 846
309 869
310 428
310 499
310 653
310 792
310 834
310 897
310 962
311 338
311 451
311 479
311 484
311 504
311 545
312 314
312 550
312 637
312 739
312 913
312 971
312 1002
314 844
314 992
315 426
315 605
316 397
316 433
316 623
316 666
316 752
316 797
316 861
317 488
317 650
318 370
318 481
318 537
318 833
319 471
319 479
319 552
319 581
319 613
319 669
319 676
319 789
319 850
319 864
319 894
319 966
320 423
320 516
320 665
321 365
321 371
321 539
322 335
322 810
324 423
324 507
324 521
324 595
324 830
325 432
325 496
325 630
325 678
325 697
325 715
326 391
326 566
326 575
326 784
327 357
327 395
327 426
327 445
327 508
327 729
328 364
328 436
328 487
328 672
330 571
330 874
331 639
331 747
333 769
333 796
334 456
334 803
334 879
335 630
335 759
336 379
336 466
336 470
336 476
336 631
336 652
336 658
336 685
336 998
337 451
337 484
337 894
338 417
338 428
338 454
338 546
338 781
338 785
338 928
338 1041
338 1045
339 447
339 636
339 801
340 549
340 677
340 843
340 1012
341 381
342 374
342 735
342 744
342 1037
343 381
343 461
343 822
343 973
343 990
344 365
344 433
344 543
344 901
345 485
345 532
345 546
345 582
345 742
346 394
346 824
346 836
346 985
346 1020
347 535
347 569
347 645
347 743
347 788
347 947
347 950
347 1018
347 1046
348 418
348 458
348 703
348 827
348 868
348 1032
349 882
350 967
351 472
351 747
351 854
352 483
352 501
352 674
352 697
352 826
353 438
353 671
353 816
353 837
353 1025
355 601
355 762
355 821
356 402
356 630
356 895
358 370
358 643
359 501
359 523
359 614
359 1019
360 515
360 532
360 810
360 1015
361 469
361 558
361 656
362 387
362 413
362 418
362 676
362 713
362 948
363 413
363 421
363 631
363 815
364 365
364 373
364 386
364 879
365 689
365 779
365 927
366 441
366 525
367 399
367 888
368 579
368 721
368 959
369 394
369 656
369 882
370 596
372 500
372 527
372 542
373 602
374 480
374 519
374 601
374 711
374 900
374 944
375 395
375 402
375 727
375 912
376 519
376 829
377 429
377 453
377 663
377 732
378 581
378 614
378 787
378 930
378 972
378 992
378 995
379 1027
380 478
380 791
380 842
380 871
381 590
381 762
381 853
382 446
382 492
382 523
382 847
383 465
383 538
383 596
384 649
384 788
384 959
385 414
385 476
385 598
385 654
385 802
385 910
385 1002
386 442
386 535
386 555
386 635
386 647
386 710
386 989
387 525
387 717
387 793
387 846
388 838
389 406
389 521
389 862
390 450
390 683
391 403
391 435
391 517
391 527
391 616
391 704
391 755
391 783
391 801
391 811
391 985
391 1000
392 539
393 566
393 754
394 454
394 477
394 600
394 868
395 428
395 474
395 513
395 690
395 706
395 716
395 747
395 888
395 896
395 902
395 968
395 1046
396 449
396 609
396 717
396 764
396 828
396 869
396 984
397 533
397 919
397 1014
398 554
398 633
398 673
398 728
399 446
399 455
399 578
399 678
399 698
399 708
399 782
399 831
400 408
400 738
401 616
402 411
402 892
403 606
405 726
405 749
406 496
406 769
406 776
407 589
407 613
407 727
407 842
407 951
408 467
408 602
408 733
409 440
409 468
409 567
409 570
409 976
409 978
410 425
410 503
410 531
410 763
410 987
411 689
411 961
412 556
412 844
413 831
413 847
413 936
413 954
413 956
416 437
416 462
416 490
416 712
416 756
417 590
417 704
417 1029
418 573
418 633
418 946
419 469
419 719
420 490
420 508
421 449
421 552
422 528
422 531
422 546
422 823
422 1007
423 609
424 804
424 826
424 993
425 597
426 794
426 933
427 666
428 486
428 641
428 701
429 889
430 640
430 753
431 540
431 560
431 674
431 692
431 758
431 861
432 444
433 454
433 482
433 595
433 652
433 706
433 990
434 470
435 436
435 591
435 621
435 780
435 950
435 991
436 557
436 731
436 779
436 782
436 959
436 1035
437 688
437 730
437 911
438 502
438 648
438 737
439 465
439 572
439 721
439 726
439 789
439 878
439 879
439 887
440 726
440 743
440 886
440 1043
441 445
441 605
441 607
441 718
441 720
441 961
443 603
443 659
443 816
443 931
444 463
445 1030
446 663
446 910
446 983
447 641
447 705
447 812
449 520
449 554
449 603
449 786
449 945
450 644
451 495
451 682
451 849
451 1014
452 494
452 544
452 698
452 1002
452 1016
453 458
453 487
453 497
453 752
454 555
454 654
454 760
454 786
454 819
454 906
455 522
455 538
455 555
455 698
457 870
457 1037
458 590
458 892
459 650
459 885
460 545
460 663
460 705
460 769
460 904
460 947
460 975
465 550
465 559
465 696
465 882
465 1030
467 527
467 574
467 604
467 706
467 728
468 806
468 862
469 565
470 510
470 627
470 911
470 986
472 578
472 616
473 542
474 668
474 938
475 547
475 587
475 682
475 977
476 522
476 553
476 612
476 807
476 976
479 668
480 652
480 935
480 955
480 983
481 513
481 519
481 759
482 542
482 668
482 825
482 940
484 588
484 634
484 725
484 886
485 665
485 669
485 774
486 521
486 667
486 796
487 585
487 658
487 712
487 784
488 491
488 520
488 652
489 977
490 773
490 819
490 849
490 1021
491 870
491 988
491 1011
492 691
493 696
493 891
495 594
495 933
496 682
496 683
496 974
497 600
497 643
498 1004
499 771
500 507
500 622
500 660
500 758
501 548
501 615
501 767
501 771
501 844
501 952
501 999
502 756
502 812
503 537
503 547
503 562
503 739
503 902
503 986
504 612
504 670
504 786
504 898
504 964
505 660
505 727
506 808
506 852
506 925
507 553
507 733
507 765
507 793
507 814
507 879
507 952
507 993
508 625
508 667
508 823
508 924
511 582
511 647
511 791
512 873
514 575
514 639
514 929
514 985
515 591
515 595
515 728
515 843
515 850
515 875
516 653
516 754
516 907
516 942
517 547
517 622
517 709
517 754
517 823
517 872
519 999
521 561
521 835
523 554
523 636
523 997
525 556
526 589
526 962
527 661
527 732
527 947
527 987
529 740
529 839
529 851
530 531
530 563
530 795
530 807
530 872
531 589
531 860
532 824
532 1042
533 646
533 736
533 799
533 834
533 905
534 804
534 840
536 809
537 783
537 813
537 872
537 888
538 610
538 701
538 759
540 569
540 581
540 680
540 758
540 766
540 905
541 724
542 791
542 890
543 556
543 597
543 617
543 679
543 867
543 883
544 980
545 815
546 881
548 707
549 566
551 562
551 805
551 875
551 1000
553 817
554 614
554 692
554 712
554 953
554 958
555 757
555 826
555 876
555 896
555 991
557 564
557 716
558 675
558 703
558 807
558 893
559 953
559 1047
560 667
560 967
561 684
561 898
562 731
562 761
562 1043
563 702
563 712
563 748
563 955
563 1026
564 567
564 606
564 869
564 905
564 949
564 1026
565 701
565 741
565 850
565 877
565 962
566 747
566 839
566 1023
567 595
567 878
568 801
568 1014
571 608
571 908
571 941
571 1036
572 686
572 812
572 862
574 592
574 725
576 657
576 684
576 964
577 750
577 873
577 959
578 596
579 643
579 764
579 784
579 785
579 946
579 961
580 838
580 925
580 956
581 594
581 918
583 751
583 760
584 653
584 1038
585 917
585 1040
588 746
588 856
588 894
589 788
589 884
590 924
590 1027
591 894
591 974
592 612
592 1039
593 831
593 905
594 729
595 845
596 734
596 851
600 735
600 740
601 668
601 789
602 605
602 715
602 853
605 621
606 730
606 1026
608 660
608 713
611 771
611 814
612 638
612 641
612 921
612 1010
612 1039
613 623
613 838
613 862
613 864
613 995
614 650
614 653
614 725
614 1043
615 754
615 784
617 873
619 626
619 756
620 662
620 760
620 833
621 960
622 659
622 761
622 861
623 745
623 748
623 843
623 998
624 686
624 775
624 1009
625 920
630 780
630 969
631 694
632 656
634 652
634 655
634 903
635 735
635 845
635 890
635 943
635 1000
637 792
639 645
639 944
640 817
640 841
641 917
642 666
644 808
644 901
644 986
644 1003
647 766
647 874
648 747
649 813
649 852
651 976
652 828
654 923
655 737
655 970
656 947
656 1046
657 664
657 817
657 849
658 785
658 824
659 778
659 855
659 911
662 1022
663 767
663 891
664 936
665 979
666 860
667 882
667 917
668 818
669 738
671 893
671 991
672 932
673 753
673 864
674 739
675 813
677 972
678 805
678 994
679 1011
680 824
680 826
682 702
682 787
682 857
683 735
684 780
684 829
684 1004
686 864
687 1042
689 811
689 898
689 969
689 1047
692 732
692 880
693 741
695 921
697 891
698 1035
699 906
701 1036
702 963
705 714
706 774
706 806
707 835
709 803
709 984
710 776
710 862
710 995
712 1037
714 724
714 1027
716 718
718 726
718 850
718 950
719 809
719 817
721 1027
722 796
723 873
723 1019
727 730
728 968
729 901
729 940
732 962
735 977
736 1017
737 871
738 834
738 843
738 900
739 920
741 915
741 1008
742 773
742 988
746 853
746 893
746 933
749 842
749 890
750 851
752 802
752 891
753 1045
760 830
761 768
766 785
766 1018
769 858
770 997
771 980
772 853
772 1011
775 1036
776 929
776 965
780 790
780 810
780 1010
780 1020
781 804
784 1006
786 943
789 823
789 843
789 870
789 908
792 1039
793 893
794 934
800 805
801 946
801 1029
802 860
803 811
803 829
803 832
804 915
805 923
805 960
806 1020
808 951
810 837
810 1021
813 835
813 859
813 881
813 1005
813 1009
813 1018
815 971
817 889
818 979
821 912
822 847
822 1017
822 1025
822 1028
823 968
825 828
828 996
830 969
830 1017
831 949
833 922
834 846
834 1006
835 881
838 871
839 880
847 937
853 1008
854 963
859 860
860 972
861 915
861 981
861 1026
866 914
866 952
871 877
872 920
872 1043
875 902
875 958
875 1013
875 1017
877 958
880 1019
884 958
886 892
890 1003
902 965
903 967
905 1008
907 949
908 1012
912 974
916 951
916 987
916 1042
919 966
923 1008
927 983
938 977
940 995
942 1016
949 1009
953 998
954 1041
969 984
973 1046
974 1019
977 998
979 985
979 1007
993 1046
1010 1033
1039 1045
