0 1
0 2
0 3
0 4
0 5
0 6
0 7
0 8
0 10
0 12
0 15
0 16
0 17
0 19
0 20
0 21
0 24
0 25
0 27
0 28
0 30
0 36
0 42
0 48
0 50
0 58
0 59
0 67
0 69
0 74
0 75
0 81
0 83
0 88
0 90
0 100
0 101
0 103
0 118
0 126
0 132
0 134
0 139
0 140
0 143
0 151
0 156
0 158
0 161
0 162
0 169
0 180
0 182
0 188
0 195
0 203
0 211
0 217
0 232
0 240
0 261
0 272
0 285
0 299
0 307
0 309
0 311
0 326
0 332
0 375
0 378
0 393
0 398
0 417
0 420
0 430
0 466
0 471
0 472
0 476
0 482
0 483
0 487
0 491
0 498
0 503
0 513
0 517
0 518
0 555
0 597
0 607
0 619
0 622
0 634
0 657
0 689
0 707
0 722
0 735
0 747
0 767
0 768
0 808
0 839
0 845
0 848
0 879
0 891
0 904
0 938
0 1015
0 1027
0 1030
1 6
1 7
1 8
1 9
1 10
1 12
1 19
1 24
1 36
1 38
1 50
1 66
1 67
1 70
1 75
1 83
1 85
1 87
1 93
1 100
1 101
1 114
1 133
1 166
1 176
1 185
1 208
1 227
1 241
1 259
1 261
1 299
1 324
1 370
1 382
1 393
1 396
1 397
1 414
1 441
1 446
1 452
1 453
1 457
1 477
1 483
1 499
1 568
1 599
1 616
1 622
1 639
1 656
1 665
1 683
1 751
1 785
1 809
1 848
1 864
1 866
1 872
1 974
1 979
1 1023
1 1038
1 1049
2 168
2 391
3 6
3 7
3 10
3 11
3 15
3 17
3 18
3 24
3 33
3 37
3 38
3 69
3 77
3 79
3 103
3 124
3 127
3 137
3 145
3 151
3 154
3 171
3 180
3 189
3 194
3 203
3 214
3 220
3 239
3 254
3 265
3 280
3 284
3 295
3 331
3 332
3 350
3 374
3 385
3 387
3 423
3 424
3 450
3 464
3 506
3 522
3 524
3 539
3 565
3 618
3 628
3 636
3 646
3 652
3 698
3 727
3 738
3 740
3 778
3 790
3 806
3 810
3 829
3 832
3 863
3 889
3 890
3 926
3 943
3 950
3 960
3 1024
3 1036
4 6
4 7
4 8
4 9
4 14
4 17
4 20
4 32
4 34
4 37
4 40
4 45
4 49
4 58
4 64
4 85
4 86
4 98
4 101
4 102
4 106
4 113
4 115
4 126
4 128
4 144
4 150
4 162
4 166
4 179
4 197
4 206
4 218
4 229
4 236
4 248
4 269
4 287
4 310
4 314
4 334
4 358
4 380
4 405
4 410
4 414
4 416
4 427
4 460
4 490
4 494
4 528
4 531
4 532
4 546
4 547
4 555
4 592
4 594
4 607
4 614
4 642
4 650
4 659
4 674
4 717
4 733
4 745
4 755
4 762
4 773
4 793
4 803
4 844
4 845
4 859
4 883
4 884
4 903
5 6
5 11
5 45
5 50
5 98
5 130
5 145
5 148
5 149
5 152
5 160
5 175
5 207
5 230
5 241
5 266
5 319
5 332
5 386
5 421
5 434
5 537
5 538
5 546
5 548
5 577
5 796
5 828
5 838
5 1025
5 1048
6 7
6 8
6 9
6 10
6 11
6 12
6 13
6 14
6 22
6 27
6 30
6 34
6 35
6 52
6 56
6 58
6 61
6 67
6 72
6 76
6 77
6 81
6 85
6 86
6 88
6 90
6 94
6 95
6 96
6 98
6 99
6 111
6 118
6 123
6 129
6 133
6 140
6 143
6 170
6 178
6 182
6 191
6 210
6 212
6 222
6 223
6 231
6 235
6 244
6 246
6 250
6 256
6 261
6 267
6 280
6 287
6 292
6 296
6 297
6 299
6 329
6 353
6 388
6 404
6 418
6 432
6 448
6 466
6 521
6 553
6 559
6 565
6 602
6 609
6 614
6 621
6 644
6 684
6 703
6 729
6 783
6 796
6 802
6 832
6 853
6 875
6 884
6 926
6 941
6 948
6 952
6 987
6 992
6 1008
6 1019
6 1026
6 1032
6 1046
7 8
7 9
7 10
7 11
7 13
7 15
7 25
7 31
7 34
7 36
7 37
7 38
7 40
7 43
7 47
7 54
7 59
7 63
7 72
7 75
7 81
7 94
7 101
7 120
7 129
7 135
7 136
7 153
7 167
7 173
7 182
7 199
7 225
7 233
7 262
7 282
7 336
7 343
7 344
7 346
7 370
7 390
7 424
7 425
7 442
7 456
7 478
7 509
7 516
7 541
7 605
7 606
7 612
7 622
7 623
7 638
7 666
7 679
7 680
7 779
7 796
7 800
7 861
7 896
7 1010
7 1017
8 9
8 11
8 12
8 13
8 14
8 16
8 26
8 28
8 29
8 30
8 31
8 39
8 42
8 45
8 46
8 47
8 48
8 49
8 61
8 64
8 65
8 68
8 73
8 79
8 82
8 91
8 97
8 106
8 121
8 126
8 134
8 137
8 138
8 141
8 147
8 148
8 161
8 193
8 195
8 197
8 215
8 221
8 223
8 225
8 242
8 247
8 256
8 261
8 269
8 272
8 275
8 276
8 287
8 293
8 296
8 299
8 301
8 307
8 317
8 327
8 330
8 334
8 338
8 375
8 407
8 408
8 412
8 413
8 420
8 422
8 431
8 432
8 433
8 446
8 451
8 468
8 475
8 495
8 554
8 608
8 640
8 643
8 671
8 686
8 690
8 707
8 742
8 753
8 760
8 772
8 775
8 781
8 784
8 790
8 793
8 801
8 802
8 819
8 831
8 880
8 913
8 914
8 931
8 1000
8 1014
9 13
9 15
9 16
9 17
9 19
9 28
9 30
9 33
9 44
9 59
9 68
9 93
9 107
9 125
9 127
9 130
9 132
9 184
9 187
9 198
9 207
9 225
9 256
9 283
9 291
9 298
9 312
9 321
9 323
9 364
9 369
9 469
9 479
9 519
9 561
9 579
9 603
9 655
9 695
9 751
9 819
9 858
9 908
9 914
9 919
9 1012
10 12
10 14
10 26
10 30
10 33
10 54
10 67
10 78
10 103
10 127
10 149
10 187
10 188
10 234
10 246
10 291
10 325
10 363
10 382
10 418
10 437
10 459
10 475
10 476
10 550
10 582
10 597
10 646
10 785
10 808
10 893
10 910
10 974
10 992
10 1022
11 13
11 15
11 16
11 18
11 20
11 54
11 55
11 71
11 77
11 89
11 114
11 137
11 152
11 157
11 162
11 167
11 195
11 213
11 217
11 236
11 242
11 249
11 272
11 300
11 308
11 317
11 319
11 330
11 331
11 357
11 358
11 372
11 403
11 408
11 417
11 464
11 503
11 506
11 508
11 525
11 545
11 560
11 567
11 570
11 620
11 672
11 684
11 689
11 704
11 711
11 718
11 744
11 764
11 775
11 804
11 808
11 838
11 868
11 962
11 993
11 1003
11 1017
12 18
12 20
12 31
12 40
12 41
12 48
12 52
12 53
12 64
12 65
12 71
12 72
12 97
12 112
12 125
12 157
12 160
12 172
12 177
12 198
12 222
12 243
12 257
12 294
12 315
12 348
12 361
12 367
12 371
12 379
12 404
12 414
12 433
12 438
12 442
12 454
12 470
12 493
12 526
12 539
12 549
12 552
12 561
12 564
12 574
12 615
12 651
12 658
12 704
12 715
12 718
12 719
12 791
12 801
12 811
12 855
12 907
12 925
12 939
12 955
12 1019
13 14
13 17
13 18
13 19
13 21
13 22
13 23
13 25
13 27
13 31
13 33
13 35
13 40
13 47
13 52
13 57
13 60
13 64
13 66
13 75
13 85
13 90
13 93
13 96
13 100
13 113
13 123
13 129
13 144
13 159
13 163
13 175
13 179
13 186
13 187
13 206
13 212
13 218
13 221
13 236
13 246
13 269
13 272
13 284
13 302
13 325
13 336
13 342
13 364
13 374
13 385
13 387
13 390
13 400
13 403
13 416
13 418
13 445
13 458
13 473
13 500
13 511
13 516
13 525
13 526
13 554
13 591
13 595
13 596
13 599
13 666
13 707
13 712
13 714
13 741
13 750
13 770
13 771
13 779
13 817
13 822
13 845
13 850
13 877
13 891
13 932
13 933
13 980
13 983
13 1018
14 16
14 21
14 23
14 28
14 35
14 48
14 51
14 56
14 62
14 74
14 98
14 110
14 135
14 155
14 174
14 209
14 329
14 340
14 349
14 372
14 419
14 428
14 434
14 467
14 468
14 482
14 499
14 511
14 540
14 616
14 619
14 621
14 652
14 662
14 679
14 680
14 690
14 704
14 705
14 744
14 750
14 846
14 851
14 929
14 991
15 22
15 23
15 25
15 28
15 39
15 49
15 55
15 57
15 60
15 62
15 68
15 76
15 82
15 91
15 96
15 124
15 160
15 175
15 189
15 190
15 195
15 210
15 227
15 235
15 238
15 263
15 309
15 312
15 315
15 326
15 362
15 376
15 443
15 444
15 460
15 468
15 479
15 557
15 582
15 595
15 617
15 661
15 708
15 738
15 759
15 773
15 799
15 882
15 904
15 947
15 985
15 998
16 18
16 20
16 21
16 22
16 29
16 32
16 35
16 36
16 38
16 43
16 48
16 51
16 53
16 56
16 63
16 65
16 73
16 74
16 97
16 102
16 106
16 111
16 127
16 133
16 142
16 148
16 150
16 151
16 154
16 181
16 183
16 192
16 205
16 228
16 232
16 243
16 252
16 260
16 266
16 309
16 323
16 348
16 350
16 370
16 401
16 416
16 467
16 471
16 507
16 536
16 545
16 571
16 587
16 649
16 678
16 713
16 716
16 742
16 756
16 762
16 793
16 794
16 802
16 809
16 826
16 862
16 893
16 1014
16 1031
17 41
17 60
17 61
17 66
17 89
17 186
17 207
17 215
17 223
17 283
17 315
17 331
17 368
17 409
17 511
17 549
17 647
17 729
17 777
17 844
17 1006
18 19
18 23
18 24
18 26
18 33
18 43
18 45
18 46
18 86
18 89
18 96
18 120
18 122
18 152
18 159
18 172
18 174
18 178
18 181
18 186
18 205
18 291
18 303
18 318
18 319
18 342
18 347
18 404
18 421
18 426
18 500
18 519
18 564
18 567
18 573
18 581
18 649
18 665
18 668
18 729
18 783
18 792
18 804
18 817
18 821
18 840
18 856
18 867
18 972
18 1022
18 1041
19 24
19 26
19 27
19 44
19 52
19 55
19 58
19 62
19 65
19 104
19 109
19 146
19 187
19 196
19 198
19 213
19 230
19 236
19 240
19 247
19 250
19 277
19 278
19 309
19 394
19 399
19 427
19 446
19 458
19 469
19 484
19 518
19 551
19 560
19 597
19 649
19 653
19 733
19 763
19 768
19 797
19 840
19 857
19 881
19 903
19 911
19 954
19 977
19 1011
19 1028
19 1033
19 1038
20 21
20 22
20 23
20 32
20 38
20 47
20 51
20 79
20 88
20 103
20 107
20 108
20 110
20 116
20 159
20 170
20 182
20 190
20 197
20 232
20 257
20 263
20 286
20 335
20 359
20 367
20 392
20 439
20 444
20 506
20 507
20 518
20 563
20 577
20 650
20 665
20 830
20 851
20 898
20 924
20 953
20 967
21 29
21 55
21 66
21 75
21 87
21 90
21 108
21 110
21 143
21 157
21 162
21 166
21 172
21 184
21 213
21 262
21 310
21 371
21 415
21 478
21 674
21 696
21 699
21 763
21 792
21 844
21 932
22 27
22 44
22 62
22 118
22 187
22 220
22 237
22 267
22 342
22 453
22 470
22 532
22 685
22 739
22 981
22 1033
23 41
23 43
23 71
23 84
23 90
23 98
23 111
23 128
23 138
23 150
23 155
23 174
23 188
23 194
23 196
23 217
23 223
23 249
23 251
23 260
23 295
23 298
23 319
23 337
23 388
23 403
23 433
23 438
23 489
23 493
23 570
23 579
23 601
23 678
23 680
23 713
23 731
23 734
23 774
23 816
23 841
23 960
23 962
24 25
24 41
24 49
24 53
24 54
24 73
24 86
24 99
24 104
24 109
24 116
24 122
24 130
24 140
24 142
24 151
24 158
24 167
24 185
24 196
24 203
24 238
24 241
24 257
24 279
24 283
24 302
24 315
24 327
24 365
24 403
24 412
24 415
24 452
24 471
24 480
24 519
24 527
24 668
24 706
24 733
24 848
24 894
25 26
25 29
25 37
25 46
25 59
25 80
25 102
25 105
25 107
25 142
25 144
25 174
25 301
25 348
25 381
25 401
25 410
25 469
25 502
25 591
25 635
25 758
25 783
25 814
25 876
25 950
25 962
25 964
25 997
25 1011
25 1029
26 36
26 39
26 42
26 60
26 63
26 69
26 78
26 92
26 100
26 107
26 118
26 119
26 122
26 140
26 191
26 199
26 214
26 221
26 231
26 252
26 273
26 274
26 292
26 293
26 298
26 305
26 306
26 313
26 384
26 385
26 395
26 424
26 453
26 514
26 577
26 579
26 655
26 683
26 711
26 718
26 756
26 764
26 813
26 855
26 874
26 879
26 881
26 882
26 888
26 899
26 997
26 1001
26 1023
26 1040
27 29
27 32
27 41
27 45
27 50
27 78
27 99
27 106
27 123
27 131
27 192
27 195
27 198
27 206
27 218
27 226
27 233
27 275
27 296
27 313
27 319
27 325
27 360
27 365
27 368
27 450
27 521
27 580
27 587
27 750
27 791
27 804
27 934
27 947
27 995
27 1002
27 1017
27 1044
28 31
28 89
28 115
28 160
28 181
28 191
28 201
28 203
28 205
28 226
28 239
28 326
28 337
28 346
28 351
28 373
28 416
28 421
28 461
28 501
28 507
28 682
28 715
28 741
28 773
28 841
28 890
28 905
29 34
29 39
29 40
29 44
29 47
29 97
29 134
29 155
29 157
29 168
29 201
29 274
29 305
29 309
29 310
29 355
29 363
29 367
29 396
29 407
29 438
29 470
29 557
29 574
29 577
29 593
29 623
29 627
29 631
29 638
29 674
29 681
29 692
29 693
29 762
29 830
29 863
29 885
29 915
29 937
29 987
30 183
30 211
30 303
30 341
30 373
30 544
30 555
30 557
30 573
30 668
30 716
30 800
30 832
30 1045
31 32
31 42
31 52
31 57
31 66
31 104
31 126
31 135
31 142
31 153
31 189
31 196
31 209
31 225
31 386
31 426
31 492
31 493
31 498
31 531
31 570
31 581
31 602
31 635
31 683
31 694
31 730
31 778
31 1020
32 35
32 37
32 46
32 74
32 81
32 94
32 106
32 152
32 218
32 260
32 384
32 434
32 464
32 533
32 631
32 663
32 713
32 741
32 777
32 862
32 896
32 1000
32 1039
33 34
33 42
33 204
33 238
33 265
33 277
33 483
33 557
33 723
34 39
34 69
34 70
34 80
34 81
34 86
34 96
34 111
34 121
34 145
34 201
34 255
34 281
34 369
34 407
34 440
34 475
34 566
34 637
34 687
34 714
34 751
34 784
34 799
34 847
34 849
34 932
34 964
36 80
36 91
36 105
36 139
36 141
36 154
36 171
36 198
36 202
36 212
36 215
36 341
36 344
36 366
36 370
36 383
36 430
36 459
36 473
36 477
36 614
36 619
36 620
36 626
36 660
36 696
36 697
36 724
36 752
36 824
36 868
36 1003
37 916
38 49
38 57
38 72
38 73
38 84
38 92
38 100
38 118
38 163
38 173
38 211
38 219
38 311
38 541
38 589
38 635
38 681
38 703
38 740
38 927
38 973
38 1036
39 43
39 55
39 141
39 144
39 240
39 241
39 242
39 262
39 288
39 293
39 310
39 322
39 342
39 366
39 448
39 469
39 551
39 613
39 847
39 886
39 888
39 902
39 1008
40 51
40 108
40 116
40 129
40 163
40 204
40 220
40 314
40 316
40 318
40 378
40 392
40 430
40 470
40 491
40 572
40 631
40 690
40 768
40 942
41 44
41 56
41 62
41 63
41 104
41 132
41 154
41 207
41 230
41 241
41 274
41 316
41 375
41 380
41 391
41 411
41 457
41 521
41 606
41 610
41 748
41 810
41 940
41 1029
42 51
42 56
42 109
42 114
42 121
42 148
42 176
42 192
42 260
42 311
42 346
42 405
42 456
42 508
42 669
42 715
42 752
42 939
42 943
42 983
43 79
43 82
43 141
43 305
43 345
43 383
43 402
43 509
43 551
43 556
43 559
43 589
43 600
43 720
43 724
43 729
43 731
43 734
43 740
43 815
43 872
43 876
43 890
43 924
43 942
43 1032
44 63
44 76
44 108
44 156
44 179
44 199
44 268
44 282
44 349
44 383
44 397
44 593
44 922
45 46
45 54
45 68
45 70
45 76
45 93
45 94
45 102
45 149
45 151
45 202
45 204
45 210
45 225
45 236
45 240
45 258
45 271
45 273
45 280
45 341
45 381
45 391
45 400
45 473
45 533
45 592
45 631
45 664
45 673
45 710
45 869
45 981
45 998
45 1002
46 53
46 57
46 58
46 60
46 72
46 73
46 85
46 99
46 101
46 107
46 133
46 139
46 145
46 169
46 180
46 186
46 214
46 224
46 243
46 245
46 258
46 289
46 311
46 344
46 347
46 352
46 393
46 396
46 397
46 442
46 455
46 560
46 567
46 573
46 682
46 688
46 701
46 706
46 802
46 833
46 868
46 902
46 954
46 1029
46 1036
47 50
47 87
47 116
47 120
47 164
47 212
47 245
47 267
47 302
47 329
47 436
47 601
47 746
47 806
47 872
48 125
48 202
48 322
48 383
48 386
48 462
48 612
48 805
48 813
49 71
49 84
49 94
49 109
49 202
49 585
49 908
49 909
50 53
50 93
50 117
50 164
50 181
50 229
50 296
50 301
50 377
50 387
50 725
50 998
50 1003
51 59
51 61
51 117
51 119
51 147
51 165
51 217
51 267
51 360
51 402
51 576
51 824
51 956
52 64
52 67
52 127
52 206
52 270
52 301
52 480
52 523
52 553
52 633
52 852
52 942
53 65
53 122
53 131
53 135
53 232
53 268
53 340
53 359
53 424
53 526
53 540
53 578
53 656
53 662
53 907
53 967
54 61
54 79
54 163
54 222
54 300
54 338
54 341
54 409
54 417
54 538
54 639
54 791
54 822
54 879
55 131
55 253
55 265
55 329
55 491
55 530
55 627
55 718
55 915
55 1004
56 71
56 115
56 159
56 256
56 308
56 415
56 552
56 569
56 575
56 592
56 620
56 700
56 750
56 782
56 948
56 958
56 990
57 87
57 89
57 110
57 123
57 149
57 169
57 217
57 244
57 253
57 285
57 293
57 332
57 344
57 422
57 427
57 429
57 480
57 484
57 509
57 512
57 543
57 637
57 733
57 825
57 869
57 892
57 1025
58 69
58 77
58 120
58 128
58 158
58 176
58 178
58 188
58 216
58 218
58 233
58 292
58 297
58 347
58 354
58 386
58 502
58 706
58 713
58 798
58 817
58 967
58 978
58 1043
59 306
59 358
59 389
59 595
59 605
59 676
59 732
60 68
60 76
60 78
60 80
60 110
60 125
60 147
60 232
60 251
60 324
60 397
60 401
60 445
60 450
60 455
60 459
60 515
60 608
60 645
60 687
60 812
60 892
60 986
61 70
61 102
61 109
61 122
61 146
61 176
61 320
61 576
61 680
61 746
61 828
61 991
61 1011
62 171
62 578
62 636
62 692
63 70
63 74
63 77
63 84
63 92
63 105
63 112
63 143
63 164
63 200
63 209
63 233
63 244
63 246
63 255
63 262
63 287
63 340
63 356
63 357
63 363
63 390
63 506
63 513
63 545
63 561
63 566
63 586
63 588
63 601
63 615
63 626
63 674
63 725
63 827
63 843
63 982
63 988
63 989
63 1000
64 78
64 153
64 193
64 259
64 262
64 284
64 313
64 411
64 439
64 480
64 556
64 634
64 755
64 788
64 976
65 83
65 108
65 144
65 214
65 224
65 271
65 276
65 356
65 359
65 376
65 449
65 490
65 525
65 539
65 551
65 597
65 657
65 661
65 662
65 679
65 807
65 824
65 937
65 946
65 1023
66 192
66 289
66 356
66 596
66 787
67 112
67 119
67 138
67 140
67 270
67 279
67 350
67 357
67 430
67 454
67 456
67 460
67 490
67 546
67 558
67 562
67 592
67 716
67 770
67 873
68 80
68 82
68 138
68 143
68 148
68 194
68 304
68 308
68 345
68 471
68 538
68 594
68 596
68 601
68 686
68 691
68 710
68 842
68 902
68 931
68 957
69 84
69 113
69 168
69 189
69 271
69 275
69 355
69 613
69 618
69 859
70 132
70 153
70 174
70 193
70 196
70 251
70 441
70 460
70 488
70 584
70 645
70 758
70 877
70 933
70 936
70 1042
71 91
71 124
71 146
71 185
71 277
71 304
71 307
71 321
71 335
71 405
71 431
71 440
71 546
71 603
71 699
71 727
71 777
71 813
71 856
71 923
72 83
72 92
72 164
72 182
72 228
72 288
72 297
72 355
72 374
72 433
72 449
72 452
72 516
72 611
72 811
72 933
72 936
72 973
73 117
73 163
73 199
73 208
73 237
73 327
73 437
73 523
73 548
73 730
73 945
73 980
73 992
73 1021
74 171
74 191
74 239
74 244
74 276
74 289
74 340
74 342
74 521
74 655
74 856
74 989
75 95
75 134
75 147
75 183
75 209
75 264
75 305
75 307
75 372
75 444
75 499
75 529
75 1020
76 82
76 83
76 156
76 165
76 168
76 179
76 205
76 281
76 304
76 353
76 365
76 401
76 657
76 694
76 839
76 904
76 1007
77 88
77 103
77 111
77 117
77 119
77 128
77 170
77 216
77 246
77 259
77 263
77 298
77 400
77 456
77 493
77 495
77 591
77 663
77 675
77 687
77 691
77 694
77 709
77 790
77 965
77 970
77 1004
77 1040
77 1044
78 88
78 92
78 136
78 193
78 210
78 249
78 352
78 409
78 585
78 623
78 772
78 855
78 879
79 87
79 91
79 95
79 112
79 115
79 116
79 139
79 153
79 165
79 185
79 210
79 230
79 281
79 394
79 400
79 428
79 461
79 465
79 482
79 483
79 505
79 509
79 574
79 590
79 647
79 735
79 949
79 956
79 988
79 1012
79 1049
80 336
80 459
80 481
80 522
80 540
80 653
80 720
80 811
80 833
80 961
80 976
80 982
81 95
81 158
81 164
81 184
81 263
81 285
81 352
81 517
81 557
81 641
81 749
81 758
81 836
81 907
81 1030
82 136
82 350
82 435
82 770
83 129
83 131
83 166
83 250
83 296
83 435
83 625
83 653
83 746
83 795
83 868
83 871
83 1021
84 112
84 200
84 216
84 234
84 384
84 445
84 559
84 685
84 860
85 169
85 175
85 206
85 212
85 320
85 343
85 369
85 467
85 488
85 558
85 578
85 618
85 725
85 778
85 780
85 977
85 1006
86 128
86 160
86 200
86 243
86 270
86 376
86 390
86 411
86 500
86 587
86 734
86 952
87 286
87 379
87 524
87 537
88 123
88 126
88 249
88 264
88 1018
89 97
89 134
89 184
89 270
89 291
89 326
89 335
89 388
89 429
89 495
89 529
89 554
89 565
89 822
89 1002
89 1041
90 117
90 171
90 193
90 312
90 330
90 419
90 434
90 474
90 625
90 781
91 95
91 130
91 135
91 147
91 150
91 177
91 350
91 648
91 765
91 818
91 866
91 930
91 934
91 990
91 1014
92 99
92 104
92 146
92 162
92 224
92 240
92 253
92 278
92 345
92 624
92 651
92 672
92 704
92 730
92 771
92 1015
93 211
93 302
93 739
93 1013
94 124
94 155
94 169
94 223
94 247
94 305
94 606
94 654
94 809
94 935
94 961
94 1016
95 105
95 150
95 173
95 178
95 194
95 304
95 333
95 553
95 824
95 885
95 1044
96 165
96 176
96 271
96 306
96 559
96 572
96 662
96 730
96 747
96 949
97 288
97 300
97 440
97 580
97 675
97 827
97 892
97 937
97 1037
98 121
98 292
98 373
98 383
98 535
98 682
98 790
98 945
98 963
99 308
99 517
99 932
100 105
100 190
100 380
100 484
100 490
100 535
100 684
100 986
101 119
101 175
101 329
101 362
101 457
101 476
101 624
101 721
101 803
101 909
101 1042
101 1045
102 207
102 385
102 486
102 537
102 544
102 778
103 155
103 173
103 183
103 254
103 284
103 294
103 351
103 377
103 399
103 493
103 505
103 510
103 534
103 576
103 782
103 876
103 913
103 939
104 125
104 132
104 177
104 208
104 274
104 505
104 710
104 994
105 113
105 454
105 455
105 596
105 617
105 638
106 113
106 260
106 300
106 417
106 492
106 722
106 878
106 880
107 114
107 121
107 130
107 201
107 224
107 237
107 295
107 333
107 365
107 416
107 452
107 504
107 520
107 524
107 645
107 769
107 791
107 831
107 855
107 919
107 994
107 1034
108 142
108 231
108 367
108 382
108 402
108 473
108 705
108 752
108 762
108 768
108 795
108 797
108 884
109 190
109 222
109 237
109 252
109 259
109 288
109 333
109 368
109 415
109 796
109 803
109 837
109 874
109 884
109 927
110 114
110 124
110 173
110 238
110 382
110 510
110 593
110 925
110 959
111 139
111 219
111 231
111 247
111 361
111 431
111 515
111 714
111 923
111 948
112 967
112 994
113 393
113 535
113 628
113 711
113 896
113 1022
114 115
114 230
114 353
114 381
114 671
114 735
114 991
114 1030
115 149
115 208
115 235
115 269
115 324
115 425
115 611
115 693
115 957
116 120
116 137
116 167
116 325
116 565
116 608
116 719
116 839
117 131
117 186
117 343
117 474
117 541
117 566
117 675
118 136
118 156
118 172
118 327
118 395
118 491
118 494
118 632
118 683
118 737
118 775
118 927
118 1020
119 168
119 292
119 316
119 338
119 391
119 667
119 673
119 716
119 801
120 406
120 497
120 618
120 756
120 899
120 917
121 214
121 222
121 245
121 259
121 290
121 333
121 368
121 388
121 549
121 613
121 655
121 686
121 692
121 724
121 731
121 732
121 885
121 987
122 137
122 138
122 202
122 268
122 411
122 431
122 536
122 580
122 695
122 984
123 145
123 337
123 394
123 581
123 619
123 821
123 968
124 133
124 170
124 257
124 348
124 406
124 413
124 728
124 743
124 766
124 814
125 257
125 337
125 418
125 481
125 599
125 641
125 722
125 736
125 843
125 906
126 161
126 358
126 406
126 436
126 610
126 738
126 782
126 812
126 920
126 990
127 239
127 389
127 579
127 638
127 847
128 136
128 166
128 407
128 465
128 567
129 250
129 351
129 423
129 512
129 571
129 758
129 874
129 955
130 254
130 279
130 301
130 354
130 705
130 1033
131 141
131 204
131 362
131 440
131 496
131 539
131 545
131 552
131 558
131 563
131 774
131 810
131 906
131 932
132 152
132 402
132 463
132 492
132 633
132 688
132 708
132 732
132 867
133 238
133 303
133 425
133 449
133 510
133 589
133 777
133 807
133 901
133 933
133 962
134 178
134 179
134 183
134 215
134 323
134 336
134 378
134 498
134 530
134 630
134 701
134 724
134 757
134 818
134 826
135 159
135 294
135 366
135 436
135 710
135 720
135 934
136 146
136 154
136 275
136 313
136 422
136 462
136 588
136 590
136 607
136 644
136 658
136 660
136 831
136 860
136 868
136 899
137 188
137 209
137 251
137 593
137 645
137 738
137 872
138 197
138 205
138 470
138 561
138 767
139 192
139 235
139 247
139 273
139 316
139 372
139 423
139 500
139 591
139 640
139 714
139 827
139 915
140 226
140 304
140 339
140 346
140 354
140 446
140 523
140 575
140 792
140 879
141 191
141 215
141 219
141 226
141 269
141 475
141 496
141 550
141 624
141 776
141 807
141 843
141 890
141 947
141 983
141 1010
141 1046
142 636
142 910
142 928
142 1045
143 156
143 315
143 605
143 984
143 1012
143 1031
144 521
145 220
145 384
145 689
146 598
146 809
146 867
147 161
147 274
147 611
147 613
147 794
148 185
148 501
148 505
148 528
148 666
148 749
148 837
148 845
149 227
149 248
149 255
149 422
149 505
149 552
149 603
149 864
149 894
150 180
150 237
150 360
150 446
150 570
150 1018
151 157
151 165
151 170
151 282
151 285
151 402
151 462
151 716
151 757
151 788
151 980
151 1002
152 158
152 181
152 347
152 354
152 392
152 479
152 769
152 846
152 897
152 979
153 200
153 359
153 427
154 167
154 189
154 201
154 219
154 287
154 361
154 378
154 385
154 444
154 500
154 533
154 535
154 543
154 569
154 580
154 583
154 598
154 630
154 633
154 656
154 700
154 701
154 748
154 907
154 910
154 977
154 1004
154 1039
155 245
155 290
155 291
155 322
155 361
155 412
155 440
155 499
155 572
155 648
155 651
155 930
155 950
156 161
156 306
156 355
156 362
156 552
156 765
156 821
157 211
157 264
157 313
157 479
157 821
157 889
158 395
158 503
158 771
158 842
158 912
158 964
158 1023
160 199
160 228
160 472
160 494
160 548
160 620
161 172
161 184
161 389
161 449
161 837
161 931
161 963
162 228
162 229
162 239
162 328
162 353
162 495
162 559
162 695
162 884
163 293
163 295
163 323
163 326
163 476
163 479
163 534
163 564
163 595
163 631
163 633
163 778
164 180
164 334
164 413
164 498
164 503
164 788
165 477
165 525
165 697
165 766
166 177
166 286
166 574
166 908
166 988
167 194
167 258
167 265
167 282
167 397
167 412
167 563
167 612
167 749
167 762
167 788
167 947
167 959
168 224
168 248
168 298
168 310
168 391
168 409
168 428
168 450
168 467
168 536
168 588
168 676
168 723
168 751
168 856
168 909
168 925
168 936
169 253
169 318
169 330
169 364
169 403
169 492
169 515
169 542
169 583
169 640
169 668
169 986
169 1026
170 204
170 328
170 632
170 1006
171 177
171 243
171 607
172 216
172 255
172 284
172 354
172 357
172 399
172 483
172 484
172 586
172 624
172 644
172 678
172 958
173 286
173 294
173 338
173 514
173 727
173 786
173 1042
174 208
174 231
174 297
174 361
174 408
174 436
174 511
174 524
174 841
174 889
174 924
174 944
174 1021
175 289
175 314
175 359
175 509
175 597
176 258
176 331
176 439
176 481
176 496
176 611
176 638
176 726
176 971
177 235
177 289
177 463
177 471
177 512
177 531
177 615
178 203
178 229
178 280
178 290
178 318
178 338
178 430
178 487
178 543
178 841
178 921
179 761
179 870
180 268
180 295
180 321
180 345
180 497
180 553
180 604
180 670
180 784
180 795
180 911
180 1008
180 1023
181 251
181 377
181 381
181 767
181 920
181 1034
182 242
182 339
182 588
182 969
182 980
183 200
183 439
183 666
183 712
183 760
183 781
183 789
183 834
183 848
183 882
184 302
184 453
184 615
184 803
184 880
184 949
184 1012
185 190
185 197
185 233
185 355
185 524
185 622
185 640
185 693
185 763
185 774
185 780
186 221
186 234
186 569
186 645
186 854
186 902
186 995
187 318
187 560
187 629
187 825
187 1042
188 256
188 407
188 474
188 630
189 477
189 492
189 513
189 639
189 897
190 219
190 268
190 375
190 765
190 918
190 929
191 216
191 249
191 277
191 474
191 481
191 669
191 774
191 812
191 951
192 303
192 364
192 404
192 485
192 648
192 975
193 299
193 375
193 670
193 682
193 833
194 379
194 507
194 510
194 584
194 698
194 764
194 791
194 799
194 834
195 227
195 278
195 282
195 392
195 478
195 635
195 650
195 723
195 921
195 943
196 265
196 308
196 388
196 653
196 654
196 878
196 901
197 283
197 307
197 423
198 749
198 833
198 895
198 935
199 228
199 325
199 379
199 457
199 466
199 723
199 892
199 966
200 213
200 248
200 261
200 266
200 413
200 518
200 587
200 657
200 691
200 834
200 848
200 918
200 944
200 1028
200 1036
200 1043
201 213
201 702
201 786
202 271
202 366
202 461
202 637
202 754
202 836
202 870
203 321
203 526
203 669
203 857
203 925
203 951
203 973
204 252
204 542
204 568
204 577
204 583
204 596
204 628
204 658
204 713
204 754
204 964
204 981
204 1030
205 352
205 377
205 398
205 609
205 616
205 745
206 489
206 536
206 753
206 811
206 822
206 944
206 961
207 275
207 399
207 401
207 566
207 568
208 288
208 485
208 625
209 254
209 263
209 367
209 387
209 465
209 519
209 706
209 732
210 221
210 435
210 494
210 508
210 839
210 1005
211 227
211 272
211 343
211 372
211 436
211 659
211 786
211 945
211 958
211 1016
212 258
212 334
212 480
212 709
213 960
213 1037
214 437
214 836
214 993
215 435
215 550
215 741
215 747
215 759
215 764
215 922
216 254
216 264
216 316
216 317
216 335
216 360
216 429
216 502
216 698
216 1028
217 266
217 276
217 279
217 283
217 593
217 736
218 286
218 351
218 522
218 672
218 726
218 853
218 888
219 220
219 605
219 741
219 794
220 451
220 549
220 555
220 580
220 586
221 226
221 297
221 321
221 472
221 476
221 484
221 513
221 543
221 641
221 804
221 814
221 938
221 1011
222 277
222 828
222 881
222 908
222 940
223 311
223 349
223 566
223 581
223 626
223 642
223 648
223 775
223 896
224 244
224 422
224 569
224 652
224 737
224 755
224 840
225 229
225 234
225 280
225 363
225 706
225 752
225 869
225 974
226 252
226 255
226 278
226 467
226 474
226 546
226 606
226 644
226 664
226 760
226 765
226 978
227 399
227 658
227 719
228 234
228 281
228 306
228 362
228 451
228 453
228 517
228 532
228 623
228 701
228 761
228 805
228 919
229 245
229 248
229 349
229 528
229 629
229 761
229 766
229 917
229 1007
229 1016
230 264
230 333
230 800
230 930
231 270
231 394
231 636
231 703
231 861
232 285
232 303
232 389
232 461
232 681
232 744
233 614
233 774
233 899
233 913
234 366
234 376
234 432
234 503
234 554
234 613
234 874
234 886
235 374
235 376
235 904
235 996
235 1025
236 335
236 414
236 454
236 472
236 813
236 851
236 1043
237 332
237 343
237 639
237 687
237 864
237 883
238 242
238 314
238 339
238 632
238 644
239 250
239 458
239 799
239 987
240 267
240 498
240 540
240 582
240 817
241 384
241 502
241 594
241 712
241 897
241 926
241 1020
241 1040
242 312
242 529
242 589
242 602
242 642
242 650
242 738
242 788
242 938
243 406
243 426
243 451
243 527
243 590
243 675
243 764
244 276
244 542
244 560
244 630
244 676
244 710
244 893
244 911
244 965
244 1009
245 253
245 356
245 442
245 443
245 482
245 653
245 816
245 1034
246 330
246 370
246 433
246 800
246 838
246 1024
247 290
247 371
247 451
247 459
247 468
247 669
247 697
247 723
247 819
247 851
247 859
247 887
247 901
248 371
248 406
248 432
248 693
248 887
248 1015
249 490
249 544
250 344
250 902
250 945
251 371
251 604
251 731
251 1006
252 380
252 386
252 448
252 464
252 469
252 502
252 649
252 777
252 835
252 1028
252 1048
253 838
253 969
254 312
254 441
254 523
254 921
255 347
255 984
255 1024
256 320
256 353
256 424
257 472
257 547
257 1046
258 341
258 426
258 515
258 708
258 945
259 327
259 413
259 463
259 488
259 515
260 380
260 398
260 489
260 556
260 585
260 625
260 643
260 873
260 875
260 1017
261 475
261 501
261 547
261 647
261 743
261 996
262 290
262 331
262 381
262 504
262 664
262 711
262 727
262 861
262 972
262 1029
263 266
263 486
263 659
263 667
264 769
264 928
265 334
265 1037
266 273
266 351
266 364
266 420
266 437
266 529
266 812
266 866
266 878
266 1043
267 279
267 339
267 438
267 465
267 702
267 761
267 865
267 954
267 992
267 1045
268 412
268 989
269 273
269 678
270 281
270 357
270 531
270 576
270 657
270 735
270 754
270 761
270 1003
271 425
271 431
271 673
271 715
271 830
271 900
272 323
272 324
272 428
272 641
272 828
272 923
272 1001
272 1031
273 294
273 532
273 758
273 870
273 907
274 278
274 463
275 438
275 531
275 628
276 314
276 317
276 687
276 857
277 485
277 488
277 516
277 647
279 349
279 394
279 418
279 722
279 892
279 1007
281 517
281 527
282 532
282 1014
282 1039
283 320
283 583
283 748
283 1009
284 317
284 369
284 527
284 634
284 756
284 799
284 823
284 824
284 952
284 1040
285 432
286 514
286 627
287 322
287 356
287 526
287 767
287 805
288 324
288 642
288 654
288 935
288 991
289 328
289 610
289 708
289 728
289 759
290 379
290 665
290 836
290 971
290 986
291 571
291 660
291 746
291 806
291 835
291 975
292 352
292 373
292 601
292 834
293 300
293 409
293 419
293 429
293 497
293 586
293 641
293 700
293 789
293 862
293 1004
293 1039
295 377
295 968
296 378
296 389
296 447
296 466
296 485
296 928
297 339
297 623
297 669
297 829
297 867
297 877
297 970
297 1044
298 337
298 497
298 584
298 690
298 955
298 1005
299 507
299 628
299 820
299 934
300 336
300 487
300 808
300 865
301 588
301 820
302 696
303 328
303 395
303 477
303 504
303 985
304 322
304 696
304 773
304 917
304 926
305 1041
306 417
306 428
306 429
306 533
306 548
306 849
306 975
307 398
307 426
307 443
307 455
307 558
307 704
307 714
307 757
308 930
308 1027
308 1034
309 539
311 320
311 373
311 393
311 396
311 504
311 558
311 600
311 676
311 753
311 785
311 938
311 1032
312 463
312 727
313 392
313 421
313 556
313 572
313 573
313 585
313 598
313 720
313 923
313 952
313 995
314 694
314 745
315 348
316 629
316 700
316 725
316 837
316 916
317 363
317 396
317 673
317 753
318 575
318 582
318 604
318 663
319 405
319 448
319 550
319 672
319 849
320 630
320 769
321 478
321 782
322 398
322 859
322 860
322 880
323 328
323 345
323 530
323 709
323 734
323 763
323 917
323 946
323 965
323 1007
324 627
325 374
325 423
325 595
325 972
326 358
326 617
326 882
328 488
328 522
328 575
328 608
328 624
328 826
328 862
328 871
328 923
328 971
329 365
329 410
329 462
329 511
329 547
329 616
329 739
329 810
330 419
330 437
330 783
330 840
330 864
330 865
331 512
331 520
331 563
332 720
332 805
333 346
334 340
334 494
334 513
334 626
334 634
334 1003
335 410
335 534
335 805
335 978
335 999
336 496
336 519
336 533
336 766
336 827
336 905
336 1048
337 382
337 602
337 749
337 765
337 871
338 637
339 456
340 447
340 449
340 772
341 688
342 966
343 504
343 520
343 542
343 550
343 583
343 643
343 732
343 742
343 800
343 854
343 891
343 961
343 1002
344 816
344 928
344 995
345 360
345 369
345 468
345 478
345 780
345 850
345 1026
346 420
346 866
346 889
348 427
348 585
348 627
348 956
348 972
349 549
349 629
350 534
350 1028
352 415
352 541
352 626
352 698
352 877
352 920
352 1012
352 1047
353 486
353 737
353 858
354 989
355 717
356 441
356 607
357 572
357 779
358 368
358 400
358 447
358 448
358 542
358 579
358 654
358 740
358 918
359 755
361 420
361 604
361 725
361 760
361 970
361 979
362 565
362 862
363 501
363 578
363 643
364 395
364 528
364 545
364 598
365 792
365 963
366 454
366 731
367 462
367 538
367 856
368 1030
369 785
370 522
370 966
371 516
372 441
372 663
372 787
373 387
373 664
374 414
375 587
375 701
375 871
376 575
376 883
377 390
377 485
377 891
378 410
378 651
378 898
378 1013
379 529
380 689
380 744
381 442
381 1042
382 722
382 797
382 958
383 445
383 486
383 970
384 445
384 877
385 404
385 405
385 985
386 501
386 616
387 443
387 629
387 863
388 443
388 594
388 846
389 721
390 571
390 633
390 893
390 901
392 419
392 671
392 946
393 681
394 688
394 984
395 408
395 461
395 709
395 904
395 916
396 439
396 447
396 742
396 997
397 697
397 736
399 547
401 692
402 562
402 888
403 435
403 534
403 599
403 785
403 829
404 520
404 806
404 864
405 620
405 707
405 1035
406 408
406 411
406 466
406 514
406 690
406 797
407 465
407 712
407 854
407 974
408 491
408 508
408 662
408 715
408 920
408 1038
409 434
409 963
409 968
410 508
410 598
410 865
410 940
411 829
411 894
412 543
412 863
412 944
412 1027
413 457
413 854
413 876
414 571
414 898
415 659
415 686
415 880
415 900
416 520
416 614
416 689
418 421
418 564
418 570
418 680
418 1021
419 444
419 450
419 759
419 912
419 1047
420 618
421 455
421 512
421 808
422 978
423 926
423 969
424 425
424 773
424 946
425 458
426 760
428 458
428 569
428 652
429 452
429 495
429 603
429 610
429 747
429 803
429 830
429 969
429 1019
429 1036
430 481
430 496
430 625
430 859
430 927
431 487
431 518
431 801
431 929
432 464
432 530
432 649
433 527
433 676
433 978
433 986
434 510
434 610
434 996
435 473
435 563
435 766
435 914
435 931
436 646
436 780
436 885
436 972
437 688
437 717
438 447
438 815
439 536
439 959
440 586
441 670
441 679
442 541
442 609
442 857
442 928
443 906
444 893
445 939
445 1009
446 609
446 937
447 589
447 615
447 858
447 889
448 753
448 943
449 564
449 567
449 668
449 776
449 930
450 486
450 959
450 1027
451 574
451 953
452 677
452 1004
453 489
453 798
454 650
456 562
456 665
456 958
456 1033
457 460
457 584
457 632
457 756
457 787
457 823
457 835
457 912
457 994
458 807
459 807
459 847
459 1037
460 537
460 562
460 850
460 900
461 544
461 647
461 678
461 1027
462 719
462 794
462 953
462 984
463 482
463 497
463 576
463 718
463 763
463 819
463 913
463 1026
463 1039
464 823
465 746
466 609
466 838
467 554
467 637
467 683
467 734
468 591
468 737
468 887
469 894
469 911
469 922
470 814
471 780
472 489
472 770
472 795
472 975
473 1015
474 659
474 804
475 827
475 910
476 667
477 843
477 903
478 556
478 878
479 487
479 528
479 639
479 719
479 857
480 538
480 825
480 839
480 959
481 693
481 733
482 584
482 611
483 632
483 670
483 677
484 548
484 568
484 656
484 754
485 654
485 699
486 499
486 702
486 793
487 635
487 724
487 825
487 833
487 852
487 915
488 852
489 506
489 745
490 661
490 730
491 671
491 735
491 853
492 957
493 540
493 757
493 863
494 840
494 882
494 935
495 767
497 514
497 582
497 696
498 955
499 667
499 875
501 920
502 908
503 997
504 600
504 861
504 1022
506 535
506 562
506 573
506 664
506 700
506 717
506 841
507 551
507 677
507 962
508 786
508 855
508 922
508 1013
509 523
509 691
509 844
510 600
511 759
512 875
512 918
513 646
513 772
513 917
514 921
514 963
515 671
515 772
515 845
515 894
515 949
516 755
516 903
517 525
517 612
517 667
517 771
517 801
517 818
518 537
520 581
520 793
521 936
522 530
522 648
522 673
522 675
522 736
522 806
523 745
523 990
525 590
525 606
525 672
526 555
530 603
530 728
530 861
531 929
531 942
532 578
532 776
532 867
533 1005
535 663
535 721
535 739
536 684
536 748
536 820
537 544
537 815
537 985
538 985
539 987
542 998
542 1008
542 1011
543 965
543 988
544 605
544 652
544 1021
545 826
546 685
547 553
547 561
547 594
547 847
547 849
548 980
548 1035
549 617
549 991
550 699
551 656
551 850
551 886
552 726
553 640
553 661
554 815
554 900
555 568
556 602
556 705
557 592
557 677
557 702
558 686
558 740
558 835
558 951
558 1040
558 1041
558 1049
559 646
559 887
560 1016
562 971
563 619
564 658
564 739
565 811
565 891
567 744
568 634
570 974
572 768
573 604
573 781
573 1038
574 709
574 906
574 913
575 636
575 691
575 754
578 743
578 747
578 776
579 677
580 599
581 721
582 742
583 1024
584 1029
585 590
585 1048
586 832
586 865
586 943
587 726
588 622
588 728
588 970
590 643
592 771
592 820
592 903
593 836
594 612
594 815
594 822
594 937
595 924
596 600
596 712
596 829
596 988
597 621
598 608
599 685
599 695
599 729
599 999
599 1035
600 736
601 617
601 681
601 870
601 1049
602 621
604 621
605 897
606 798
606 977
607 814
607 1035
608 931
608 954
609 1018
610 895
611 651
611 914
612 858
613 699
613 935
617 642
618 820
620 674
621 661
621 743
621 918
622 728
623 655
627 922
628 660
629 789
630 695
630 1046
631 831
631 1041
632 1000
633 708
633 817
633 872
633 924
634 851
634 1043
635 812
635 823
636 737
636 1035
637 697
637 703
637 782
637 830
638 789
640 1034
641 684
641 809
641 1024
642 717
642 821
642 898
643 949
648 666
649 660
649 912
652 685
652 703
652 869
653 670
655 956
656 942
657 711
657 993
660 789
660 797
660 874
660 1032
662 748
663 938
664 698
664 914
664 953
665 858
665 952
665 1037
667 956
667 973
670 1001
671 950
672 794
672 819
673 834
673 876
673 881
673 960
674 783
675 702
675 895
676 1038
677 679
677 707
677 726
677 775
678 869
678 916
679 682
679 1006
680 781
684 779
685 798
687 921
687 927
688 692
688 849
691 802
691 896
692 694
693 798
695 941
696 770
698 951
701 881
701 906
702 750
702 999
704 705
705 826
705 989
706 895
710 721
710 816
710 846
710 866
710 1009
711 953
713 752
713 825
715 977
721 743
721 853
721 875
724 1005
725 905
725 976
726 751
726 873
729 835
729 999
730 786
732 816
732 909
734 776
734 998
735 790
736 779
736 854
737 898
737 1032
738 968
742 784
742 969
743 971
744 852
744 1016
746 919
746 957
748 936
749 996
750 792
752 757
752 852
752 957
753 895
753 1022
754 912
755 850
757 887
758 787
758 795
758 929
758 976
758 979
761 796
763 769
764 993
767 784
767 1005
771 837
771 911
773 810
776 1007
777 831
777 975
777 1001
778 846
779 1010
780 934
782 1010
783 787
783 1044
788 832
788 939
789 968
791 818
791 954
793 966
795 871
796 844
798 828
798 990
800 842
800 941
801 951
802 842
802 941
802 996
803 853
803 979
805 842
805 901
807 883
808 813
809 818
810 1031
814 905
814 1018
816 946
816 1048
817 981
819 823
819 860
821 933
823 944
830 905
831 883
832 873
832 919
833 940
835 878
837 886
837 982
838 843
839 1009
841 999
844 976
844 983
845 915
846 973
847 900
851 860
863 870
863 890
863 955
864 909
865 886
868 873
873 888
875 885
875 899
878 997
881 1000
891 1010
893 897
894 1001
896 1047
898 1019
899 948
900 967
901 940
902 910
903 982
904 1014
905 983
907 1046
910 948
911 961
911 966
915 916
920 925
922 981
924 995
925 965
931 941
931 950
932 1020
934 993
934 1047
939 1017
942 947
947 964
948 1025
949 960
949 992
949 1026
953 1025
966 1013
968 982
974 1008
977 1047
980 1033
983 1045
984 1049
989 994
993 1031
1010 1013
1014 1015
1014 1019
