0 3
0 6
0 12
0 66
0 73
0 120
0 212
0 224
0 257
0 346
0 392
0 854
0 888
0 982
0 1053
1 3
1 4
1 5
1 8
1 11
1 13
1 16
1 19
1 21
1 22
1 33
1 45
1 50
1 51
1 53
1 60
1 73
1 77
1 91
1 102
1 116
1 122
1 140
1 141
1 150
1 174
1 178
1 182
1 205
1 251
1 273
1 278
1 289
1 311
1 319
1 367
1 375
1 384
1 424
1 434
1 479
1 486
1 549
1 579
1 599
1 660
1 687
1 690
1 697
1 714
1 750
1 775
1 778
1 787
1 803
1 835
1 876
1 1021
1 1050
2 3
2 4
2 5
2 10
2 14
2 19
2 24
2 31
2 34
2 48
2 55
2 69
2 71
2 102
2 117
2 135
2 147
2 157
2 167
2 187
2 194
2 223
2 226
2 230
2 249
2 268
2 271
2 276
2 285
2 370
2 371
2 398
2 419
2 452
2 480
2 492
2 499
2 509
2 539
2 584
2 615
2 709
2 710
2 737
2 765
2 779
2 782
2 839
2 849
2 923
2 926
2 957
2 970
2 1006
3 4
3 5
3 7
3 8
3 9
3 10
3 11
3 12
3 13
3 14
3 16
3 17
3 18
3 20
3 21
3 22
3 23
3 27
3 28
3 30
3 33
3 35
3 36
3 37
3 39
3 42
3 43
3 44
3 45
3 49
3 56
3 58
3 61
3 63
3 64
3 72
3 74
3 82
3 83
3 90
3 91
3 98
3 100
3 105
3 107
3 108
3 115
3 118
3 121
3 123
3 126
3 129
3 130
3 136
3 148
3 152
3 164
3 166
3 169
3 171
3 175
3 184
3 191
3 192
3 193
3 195
3 196
3 198
3 208
3 209
3 213
3 214
3 215
3 216
3 219
3 225
3 227
3 239
3 240
3 245
3 248
3 258
3 260
3 263
3 279
3 285
3 292
3 294
3 295
3 304
3 312
3 329
3 331
3 333
3 341
3 348
3 353
3 364
3 365
3 370
3 372
3 426
3 428
3 439
3 441
3 442
3 443
3 464
3 465
3 470
3 472
3 474
3 475
3 483
3 494
3 498
3 519
3 522
3 530
3 543
3 545
3 563
3 565
3 571
3 573
3 579
3 581
3 597
3 633
3 636
3 644
3 656
3 657
3 661
3 667
3 682
3 689
3 697
3 711
3 728
3 741
3 752
3 753
3 756
3 757
3 779
3 795
3 810
3 811
3 817
3 851
3 861
3 883
3 893
3 913
3 917
3 918
3 920
3 921
3 924
3 937
3 940
3 948
3 956
3 986
3 989
3 992
3 1030
3 1061
4 6
4 8
4 9
4 11
4 18
4 19
4 20
4 24
4 28
4 32
4 39
4 46
4 101
4 108
4 112
4 116
4 141
4 186
4 196
4 224
4 226
4 238
4 305
4 306
4 314
4 343
4 348
4 350
4 376
4 387
4 396
4 398
4 411
4 453
4 462
4 539
4 570
4 575
4 578
4 596
4 614
4 654
4 668
4 669
4 673
4 708
4 756
4 800
4 801
4 803
4 828
4 833
4 854
4 858
4 863
4 874
4 893
4 911
4 932
4 943
4 968
4 974
4 989
4 1020
4 1034
4 1035
4 1053
4 1056
5 6
5 7
5 15
5 33
5 34
5 43
5 52
5 57
5 58
5 63
5 71
5 77
5 80
5 81
5 97
5 109
5 112
5 114
5 125
5 131
5 183
5 198
5 207
5 215
5 238
5 273
5 280
5 288
5 330
5 337
5 338
5 342
5 345
5 377
5 379
5 404
5 406
5 413
5 420
5 438
5 444
5 465
5 478
5 488
5 489
5 497
5 500
5 515
5 518
5 525
5 528
5 545
5 583
5 585
5 608
5 647
5 668
5 758
5 846
5 970
5 1001
5 1060
6 7
6 9
6 10
6 21
6 25
6 27
6 32
6 41
6 52
6 57
6 65
6 67
6 69
6 75
6 79
6 82
6 84
6 100
6 104
6 108
6 111
6 113
6 126
6 133
6 138
6 169
6 173
6 195
6 210
6 270
6 277
6 279
6 327
6 335
6 355
6 363
6 385
6 399
6 404
6 406
6 421
6 441
6 580
6 604
6 635
6 658
6 672
6 700
6 703
6 922
6 979
7 15
7 23
7 28
7 39
7 60
7 203
7 631
7 742
7 1000
8 14
8 17
8 22
8 47
8 51
8 66
8 68
8 70
8 93
8 100
8 126
8 139
8 155
8 249
8 258
8 351
8 444
8 533
8 551
8 580
8 592
8 705
8 725
8 738
8 744
8 802
8 867
8 904
8 939
8 955
8 994
9 18
9 25
9 37
9 89
9 105
9 109
9 122
9 124
9 128
9 156
9 210
9 231
9 241
9 261
9 332
9 432
9 465
9 469
9 561
9 680
9 788
9 793
10 13
10 26
10 29
10 31
10 38
10 44
10 61
10 68
10 76
10 92
10 107
10 109
10 133
10 155
10 197
10 203
10 222
10 231
10 244
10 341
10 422
10 427
10 493
10 508
10 564
10 567
10 614
10 634
10 693
10 714
10 718
10 733
10 758
10 995
10 1016
10 1040
11 12
11 51
11 56
11 74
11 80
11 96
11 118
11 146
11 154
11 160
11 170
11 182
11 197
11 203
11 275
11 393
11 394
11 407
11 456
11 470
11 525
11 592
11 610
11 645
11 1003
11 1026
11 1037
11 1054
12 15
12 16
12 26
12 29
12 71
12 85
12 86
12 95
12 119
12 125
12 139
12 145
12 166
12 188
12 258
12 308
12 324
12 371
12 450
12 478
12 525
12 540
12 566
12 593
12 722
12 798
12 861
12 887
12 954
12 962
12 1057
13 101
13 261
13 332
13 380
13 424
13 592
13 596
13 690
13 1055
13 1061
14 27
14 38
14 40
14 55
14 144
14 177
14 303
14 413
14 520
15 36
15 158
15 199
15 216
15 303
15 503
15 605
15 909
16 17
16 23
16 24
16 29
16 55
16 59
16 87
16 135
16 145
16 200
16 201
16 206
16 269
16 283
16 325
16 452
16 514
16 589
16 653
16 699
16 795
16 924
16 1001
17 20
17 40
17 47
17 48
17 110
17 128
17 146
17 162
17 184
17 201
17 216
17 281
17 341
17 399
17 409
17 433
17 468
17 474
17 477
17 486
17 491
17 532
17 564
17 583
17 707
17 742
17 813
17 819
17 932
17 941
18 30
18 40
18 123
18 132
18 164
18 181
18 399
18 467
18 604
18 830
18 833
18 1034
19 120
19 144
19 202
19 262
19 312
19 585
20 72
20 81
20 97
20 98
20 159
20 211
20 214
20 254
20 283
20 318
20 378
20 423
20 637
20 934
20 1058
21 30
21 37
21 41
21 75
21 95
21 106
21 150
21 173
21 292
21 297
21 310
21 326
21 359
21 424
21 427
21 448
21 480
21 532
21 536
21 588
21 688
21 736
21 751
21 842
21 912
21 914
21 976
22 25
22 26
22 34
22 46
22 48
22 49
22 54
22 59
22 84
22 94
22 110
22 115
22 136
22 162
22 178
22 237
22 244
22 256
22 261
22 264
22 291
22 316
22 363
22 410
22 412
22 443
22 526
22 538
22 542
22 628
22 646
22 692
22 731
22 766
22 784
22 802
22 822
22 929
22 939
22 991
23 47
23 503
23 622
23 707
23 721
23 848
23 887
23 1028
24 46
24 132
24 134
24 137
24 145
24 152
24 229
24 247
24 275
24 284
24 302
24 334
24 339
24 342
24 531
24 535
24 595
24 683
24 689
24 708
24 828
24 839
24 902
24 974
24 1018
25 32
25 41
25 44
25 83
25 137
25 158
25 165
25 227
25 308
25 316
25 334
25 369
25 574
25 751
25 821
25 830
25 941
25 990
26 35
26 50
26 53
26 59
26 70
26 85
26 91
26 94
26 202
26 228
26 271
26 461
26 557
26 638
26 717
26 743
26 848
26 850
26 934
26 946
26 975
26 1027
27 31
27 35
27 42
27 43
27 60
27 67
27 69
27 76
27 79
27 86
27 124
27 148
27 161
27 185
27 206
27 233
27 260
27 328
27 347
27 387
27 449
27 510
27 540
27 555
27 562
27 657
27 693
27 723
27 780
27 783
27 906
27 936
27 952
27 955
27 1002
27 1023
27 1038
28 82
28 144
28 357
28 521
28 611
29 68
29 501
29 771
30 38
30 57
30 92
30 99
30 127
30 179
30 180
30 210
30 228
30 257
30 304
30 325
30 358
30 386
30 521
30 566
30 658
30 1052
31 49
31 80
31 83
31 101
31 159
31 161
31 278
31 291
31 301
31 397
31 476
31 495
31 655
31 688
31 804
31 818
32 50
32 62
32 67
32 73
32 151
32 165
32 172
32 179
32 180
32 189
32 290
32 293
32 300
32 321
32 338
32 360
32 437
32 543
32 600
32 944
32 1009
32 1025
33 107
33 289
33 313
33 549
33 945
34 78
34 102
34 123
34 205
34 244
34 541
34 569
34 625
34 646
34 703
34 844
34 846
34 1050
35 36
35 42
35 75
35 88
35 104
35 159
35 323
35 354
35 381
35 563
35 575
35 618
35 654
35 679
35 695
35 720
35 772
35 781
35 859
36 444
36 640
37 64
37 105
37 119
37 160
37 189
37 217
37 281
37 295
37 356
37 415
37 447
37 467
37 498
37 651
37 720
37 735
37 747
37 774
37 864
37 870
37 887
37 916
37 935
37 989
37 998
37 1020
38 131
38 400
38 522
38 631
38 648
38 843
38 1005
39 191
39 665
40 65
40 110
40 117
40 171
40 180
40 187
40 225
40 293
40 319
40 322
40 328
40 450
40 491
40 502
40 533
40 581
40 648
40 681
40 840
40 875
40 898
40 1018
41 45
41 149
41 157
41 272
41 387
41 485
41 574
41 674
41 776
41 804
41 880
41 934
41 1024
42 137
42 166
42 405
42 418
42 630
42 669
42 745
43 88
43 146
43 167
43 229
43 280
43 337
43 350
43 421
43 453
43 554
43 872
43 905
43 927
43 929
43 979
44 65
44 90
44 93
44 404
44 572
44 860
45 52
45 175
45 243
45 542
45 544
45 899
46 54
46 204
46 211
46 451
46 651
47 79
47 99
47 117
47 128
47 177
47 227
47 311
47 323
47 403
47 497
47 558
47 832
47 971
47 1032
47 1049
48 56
48 247
48 409
48 442
48 499
48 1012
49 58
49 78
49 147
49 265
49 534
49 573
50 53
50 62
50 178
50 643
50 977
51 74
51 81
51 89
51 116
51 122
51 150
51 151
51 153
51 193
51 253
51 254
51 275
51 313
51 396
51 432
51 456
51 475
51 507
51 526
51 529
51 556
51 667
51 844
51 886
51 915
51 954
51 960
51 1019
51 1057
52 54
52 63
52 131
52 200
52 278
52 330
52 382
52 463
52 517
52 577
52 732
52 764
52 881
52 912
52 1021
53 62
53 78
53 93
53 204
53 209
53 376
53 402
53 473
53 526
53 761
53 907
54 64
54 586
55 98
55 240
55 274
55 382
55 402
55 664
55 816
55 846
55 852
55 944
55 972
56 87
56 96
56 176
56 237
56 419
56 445
56 509
56 591
56 625
56 629
56 646
56 739
56 749
56 876
56 979
57 99
57 225
57 235
57 242
57 257
57 505
57 560
57 636
57 641
57 718
57 748
58 66
58 120
58 125
58 252
58 506
58 904
58 1001
59 70
60 61
60 86
60 94
60 103
60 127
60 156
60 271
60 328
60 365
60 385
60 427
60 569
60 638
60 754
60 865
60 868
60 963
60 1011
60 1013
61 76
61 135
61 164
61 186
61 255
61 282
61 288
61 390
61 459
61 702
61 738
61 835
62 84
62 87
62 202
62 234
62 294
62 310
62 373
62 621
62 685
62 980
63 187
63 265
63 642
63 696
64 134
64 172
64 287
64 521
64 612
64 656
64 664
64 949
65 90
65 111
65 182
65 186
65 290
65 523
65 567
65 602
65 711
65 727
65 818
65 841
65 854
65 870
65 873
65 991
66 212
66 660
66 712
66 773
66 785
67 88
67 185
67 212
67 217
67 357
67 375
67 391
67 578
67 601
67 659
67 684
67 747
67 920
67 958
68 77
68 89
68 118
68 193
68 201
68 489
68 867
68 950
69 172
69 418
69 837
70 997
71 72
71 106
71 221
71 237
71 253
71 388
71 391
71 460
71 842
72 251
72 425
72 665
73 151
73 167
73 168
73 222
73 255
73 265
73 269
73 270
73 272
73 303
73 326
73 479
73 481
73 487
73 577
73 589
73 599
73 610
73 622
73 639
73 673
73 866
73 981
74 114
74 259
74 274
74 282
74 340
74 570
74 590
74 643
75 143
75 317
75 435
75 472
76 169
76 211
76 282
76 296
76 350
76 517
76 866
76 1007
77 163
77 181
77 194
77 287
77 302
77 371
77 394
77 729
77 781
77 794
77 826
77 908
78 183
78 417
79 127
79 143
79 170
79 215
79 436
79 763
79 788
80 96
80 286
80 333
80 349
80 391
81 95
81 103
81 106
81 149
81 154
81 206
81 297
81 320
81 406
81 445
81 452
81 460
81 520
81 692
81 771
81 780
81 825
81 933
82 142
82 325
82 373
82 416
82 561
82 677
82 790
82 910
83 129
83 384
83 634
83 668
83 736
83 737
83 765
83 829
83 980
84 85
84 140
84 168
84 199
84 223
84 246
84 252
84 269
84 319
84 395
84 407
84 408
84 484
84 500
84 552
85 154
85 208
85 250
85 562
85 859
85 1027
86 141
86 245
86 266
86 381
86 448
87 97
87 168
87 188
87 223
87 246
87 307
87 310
87 412
87 480
87 484
87 609
87 696
87 728
87 770
87 785
87 786
87 855
87 862
87 873
87 972
87 1006
87 1007
87 1022
88 143
88 153
88 192
88 195
88 213
88 229
88 302
88 344
88 417
88 520
88 549
88 588
88 676
88 684
88 847
88 966
88 988
88 1032
88 1053
89 207
89 221
89 369
89 372
89 432
89 598
89 612
89 655
89 672
89 746
89 983
89 1029
90 92
90 130
90 142
90 153
90 263
90 305
90 388
90 430
90 435
90 505
90 690
90 727
90 803
90 954
91 434
91 466
91 721
91 930
92 546
92 662
93 103
93 121
93 133
93 174
93 262
93 283
93 948
93 951
93 969
94 619
95 517
95 947
96 819
96 907
97 617
97 626
98 112
99 104
99 241
99 301
99 340
99 344
99 354
99 380
99 425
99 470
99 497
99 515
99 713
99 726
99 772
99 792
99 852
99 883
99 1032
100 121
100 232
100 397
100 509
100 759
100 938
101 113
101 119
101 177
101 252
101 356
101 537
101 593
101 601
101 615
102 114
102 232
102 240
102 349
102 351
102 935
103 161
104 111
104 132
104 176
104 274
104 899
105 190
105 220
105 255
105 288
105 345
105 467
105 884
106 149
106 163
106 183
106 188
106 263
106 451
106 466
106 627
106 702
107 351
108 129
108 390
108 524
108 627
108 639
109 312
109 449
109 493
109 722
109 857
109 889
109 923
109 993
110 124
110 136
110 138
110 142
110 198
110 379
110 400
110 434
110 718
110 763
110 870
110 932
111 113
111 115
111 134
111 140
111 176
111 190
111 222
111 324
111 336
111 361
111 573
111 579
111 595
111 743
111 770
111 791
111 829
111 897
111 973
112 171
112 440
112 482
112 582
112 596
112 717
112 755
112 906
112 997
113 158
113 277
113 289
113 383
113 621
114 379
115 196
115 230
115 259
115 343
115 582
116 157
116 504
116 621
116 667
116 683
116 837
116 869
116 911
116 965
117 364
117 405
117 410
117 511
117 557
118 226
118 715
118 794
119 395
119 931
120 220
120 224
120 340
120 408
120 613
120 652
120 661
120 663
120 735
120 967
121 130
121 219
121 1017
122 155
122 313
122 359
122 556
122 1059
123 152
123 165
123 368
123 594
123 682
123 820
123 871
123 890
123 1047
124 299
124 493
124 770
125 433
125 516
125 693
125 815
126 423
126 786
126 789
127 156
127 181
127 190
127 208
127 217
127 220
127 236
127 242
127 299
127 318
127 360
127 616
127 716
127 768
127 810
127 838
127 845
127 856
127 866
127 931
128 323
128 345
128 376
128 414
128 487
128 491
128 774
128 836
128 878
128 983
128 1017
128 1033
129 256
129 627
130 138
130 236
130 284
130 430
130 456
130 494
130 547
130 606
130 631
130 772
130 939
130 1017
131 189
131 320
131 344
131 616
132 305
132 349
132 362
132 464
132 538
132 750
132 823
132 947
133 234
133 276
133 300
133 507
133 533
133 1028
134 256
134 390
134 473
134 795
135 384
135 694
135 827
135 1003
136 147
136 248
136 286
136 314
136 417
136 547
136 698
136 734
136 821
136 931
137 218
137 322
137 564
137 716
137 935
137 993
138 139
138 518
138 541
138 554
138 739
138 762
138 786
139 160
139 277
139 326
139 367
139 586
139 775
139 922
139 981
140 429
140 482
140 577
140 767
140 964
141 148
141 162
141 174
141 175
141 199
141 221
141 280
141 317
141 537
141 711
141 731
141 892
141 896
141 985
141 995
142 184
142 242
142 307
142 318
142 431
142 662
142 1031
143 233
143 435
143 713
144 335
144 358
144 369
144 455
144 464
144 501
144 510
145 170
145 204
145 299
145 366
145 396
145 496
145 538
145 789
146 647
146 831
146 1056
147 268
147 368
147 925
148 433
150 173
150 200
150 262
150 292
150 327
150 362
150 411
150 436
150 443
150 524
150 605
150 839
150 852
150 928
150 1021
150 1028
151 231
151 679
152 163
152 191
152 207
152 317
152 617
152 701
152 812
153 438
153 700
154 321
154 339
154 408
154 652
155 232
155 243
155 248
155 273
155 315
155 542
156 209
156 346
156 354
156 531
156 603
156 670
157 179
157 510
157 745
159 246
159 343
159 548
159 590
160 272
160 374
160 415
160 468
160 513
160 909
161 416
161 440
161 572
161 726
161 785
161 1024
163 298
163 308
164 260
164 437
165 197
165 264
165 719
165 895
166 291
166 298
166 333
166 352
166 361
166 514
166 582
166 624
166 863
166 926
166 1039
167 314
167 346
167 439
167 494
167 613
167 683
167 827
167 843
167 958
168 219
168 235
168 281
168 527
168 576
168 632
168 936
169 194
169 366
169 853
170 218
170 413
170 488
170 860
171 234
171 239
171 487
171 496
171 562
171 628
171 659
172 205
172 553
172 838
174 956
175 864
176 758
176 809
177 284
177 353
177 401
177 691
177 990
178 185
178 247
178 348
178 402
178 458
178 473
178 685
179 322
179 900
181 454
181 488
181 557
181 591
182 214
182 233
182 250
182 395
182 523
182 635
182 653
182 709
182 721
182 862
182 865
182 977
184 245
184 267
184 814
184 927
184 1031
185 192
185 796
186 264
186 267
186 315
186 450
186 471
186 539
186 558
186 967
187 357
187 600
187 875
187 885
187 930
187 1051
188 259
188 400
188 403
188 740
188 759
188 801
188 879
188 926
189 213
189 320
189 331
189 532
189 776
190 412
190 501
190 618
190 809
190 984
191 389
191 430
191 495
191 921
192 228
192 516
192 635
192 771
192 856
193 241
193 249
193 268
193 301
193 649
193 677
193 919
193 961
194 327
194 559
194 732
194 792
195 472
196 218
196 243
196 347
196 483
196 528
197 250
197 519
197 996
198 239
198 560
199 1030
201 253
201 297
202 377
202 512
202 1048
203 623
203 658
204 516
204 777
204 845
205 440
205 677
206 321
206 843
206 904
206 969
208 339
209 377
209 544
209 659
210 504
210 609
211 236
211 290
211 927
212 759
212 1035
213 401
214 360
214 782
215 230
215 336
215 475
215 603
215 663
215 768
217 270
217 980
217 1055
218 356
218 593
219 632
219 678
219 701
219 746
219 898
219 928
220 652
220 950
221 624
222 490
222 534
222 753
222 826
222 988
222 999
223 1008
225 347
225 619
226 337
226 353
226 423
226 469
226 614
226 823
226 933
227 238
227 403
227 507
227 636
227 664
227 823
228 797
229 332
229 441
229 515
229 597
229 886
230 235
230 670
231 309
231 330
231 422
231 508
231 637
231 813
231 827
232 306
232 861
233 254
233 425
233 429
233 675
233 747
234 294
234 482
234 563
234 806
234 943
234 997
235 300
235 760
235 831
236 336
236 358
236 414
236 550
236 1011
237 251
237 306
237 613
238 447
238 611
238 671
238 1046
239 296
241 512
242 307
243 626
244 550
245 266
245 267
245 286
245 508
245 817
245 1036
247 385
247 409
247 455
247 461
248 368
248 374
248 401
248 586
248 880
248 938
249 375
249 419
249 536
249 571
249 606
249 999
250 386
250 881
252 449
252 787
252 838
252 857
252 868
254 285
254 393
254 705
254 816
254 853
255 765
256 298
256 761
257 415
257 656
258 266
258 334
258 381
258 486
258 551
258 740
259 750
260 462
260 653
260 903
261 556
261 616
261 725
261 905
262 397
262 428
262 438
262 505
262 558
262 595
262 671
263 650
263 829
264 355
264 422
264 428
264 633
264 699
264 1061
265 366
265 632
265 778
265 826
265 1023
266 276
266 446
266 712
266 788
266 840
266 851
267 362
268 295
268 460
268 511
268 522
268 873
268 971
269 442
269 643
269 953
270 570
270 686
270 715
270 716
271 296
272 445
272 608
273 455
273 833
275 279
275 329
275 568
275 576
275 916
275 937
275 1010
276 405
276 457
276 471
276 682
277 329
277 372
277 420
277 476
277 605
277 1015
278 309
278 608
278 719
278 986
278 1004
279 293
279 370
279 446
279 850
280 641
280 1049
281 568
282 699
282 1049
283 378
283 476
283 601
283 809
284 287
284 420
284 479
284 841
284 969
286 410
286 742
286 812
286 847
287 463
287 490
287 871
287 968
288 566
289 363
289 431
289 622
289 956
290 392
290 398
290 698
291 1010
292 304
292 555
292 640
293 459
293 461
295 309
295 393
295 598
295 836
295 905
296 361
296 481
296 485
296 784
298 574
298 837
298 883
299 496
300 331
300 535
300 681
300 777
301 311
301 389
301 813
302 535
305 324
306 316
307 454
307 541
308 648
308 1016
309 315
309 543
310 352
310 474
310 790
310 1050
311 426
311 531
311 996
312 352
312 392
312 418
312 528
312 578
312 695
312 730
312 1025
313 338
313 429
313 529
313 587
314 492
314 1013
315 335
316 359
316 529
316 674
316 822
316 987
316 995
318 484
318 546
318 629
319 364
319 1047
321 407
321 633
322 416
322 618
322 755
322 808
322 875
322 1030
323 386
323 815
324 518
325 394
325 589
328 374
328 382
328 437
328 439
328 637
328 676
329 355
329 638
330 504
331 483
331 662
332 380
332 594
334 342
334 378
334 514
334 620
334 710
334 780
334 824
334 1004
335 733
335 993
336 527
336 713
336 807
336 842
336 933
336 1024
336 1042
339 882
339 914
340 661
340 952
340 1038
341 389
341 726
342 607
342 1026
343 462
343 485
343 666
344 373
344 426
344 481
344 801
344 1055
345 1013
347 568
347 675
347 764
347 769
348 607
350 367
351 492
351 506
351 576
352 530
353 553
354 388
354 513
354 559
354 817
355 901
356 679
356 888
357 365
357 797
359 588
359 680
359 760
359 776
359 778
359 836
359 925
359 946
359 961
361 458
362 767
362 799
362 805
362 910
362 990
364 720
365 500
365 530
365 676
365 712
365 897
366 666
366 857
367 414
367 775
367 781
367 807
367 831
367 898
367 1000
368 457
368 671
368 862
368 1023
369 421
371 715
372 565
372 761
373 575
374 503
375 411
375 694
376 383
376 457
376 754
376 894
376 975
377 431
379 383
379 790
379 960
380 446
380 513
380 730
380 754
380 865
380 1002
380 1029
382 571
384 453
384 892
384 974
384 999
385 454
385 963
386 478
386 565
386 645
386 719
386 896
387 552
387 555
388 760
390 642
390 877
393 863
394 523
395 447
395 882
395 973
397 649
399 546
400 700
400 895
401 448
401 502
401 672
402 458
402 524
403 701
408 436
408 878
409 1012
410 714
410 1054
410 1059
411 611
412 724
412 943
413 735
415 545
415 688
415 798
415 816
415 902
416 1060
417 594
417 821
417 1005
418 784
419 644
420 591
420 674
420 820
421 1034
422 650
423 519
423 789
423 894
424 629
426 599
426 698
427 554
427 914
428 463
428 877
428 985
428 1041
429 583
429 619
429 804
429 818
430 706
431 527
431 675
431 731
431 745
431 913
431 1039
432 548
432 580
432 994
433 477
433 791
433 884
434 466
434 647
434 903
436 597
436 806
437 469
440 717
440 889
441 451
441 553
441 678
441 902
442 468
442 769
443 477
443 966
444 654
445 598
445 706
445 888
449 471
449 584
449 585
449 732
449 949
450 723
450 736
451 805
452 459
452 678
452 810
452 964
453 610
453 615
453 1044
454 640
454 687
454 965
454 971
455 891
456 606
456 1039
457 877
457 893
458 548
459 1031
460 706
461 489
461 540
461 777
461 811
461 1062
465 499
465 534
465 696
466 774
468 1057
469 748
470 502
470 891
473 710
474 490
475 603
475 607
477 552
477 864
477 868
477 913
479 536
479 544
479 624
479 655
479 666
479 757
479 815
479 1019
480 495
480 498
480 506
481 762
481 1008
483 511
483 537
484 982
485 874
486 749
486 897
486 1015
487 925
487 953
487 1042
488 550
488 649
488 702
492 634
492 828
493 587
493 982
494 957
495 512
495 767
495 1014
496 551
496 885
497 686
497 725
497 955
497 978
497 1014
498 808
498 973
500 584
500 620
500 920
501 707
503 569
503 734
503 891
503 1041
504 581
504 738
504 757
504 1019
506 959
508 567
508 620
508 958
510 885
512 748
512 762
512 824
513 559
513 630
515 945
518 600
518 691
518 800
521 612
521 665
521 727
521 892
521 1037
522 697
522 768
523 1011
524 602
525 645
525 847
527 951
527 1035
528 793
529 587
530 590
531 728
531 845
531 1007
532 547
533 628
534 797
535 1058
537 560
537 814
538 940
540 623
541 609
541 972
542 834
543 779
544 899
547 561
548 626
548 642
549 684
549 686
550 1015
552 734
553 691
553 796
554 572
554 799
554 957
555 840
555 916
556 1045
557 604
558 792
558 959
559 650
559 673
560 941
562 741
562 871
562 884
562 946
564 895
564 942
565 856
567 729
569 1041
570 752
571 617
571 724
572 924
573 644
575 723
576 739
576 825
577 764
577 782
577 848
577 947
578 657
578 918
582 753
582 858
583 881
584 844
586 940
586 1025
587 704
587 722
587 869
587 901
588 763
588 951
592 773
593 900
594 970
597 1062
598 695
598 869
599 639
599 729
599 938
600 625
600 703
601 602
601 802
602 733
602 853
604 867
605 808
606 825
606 849
607 630
607 749
607 915
607 1042
608 681
608 851
609 641
609 709
609 962
609 1046
610 807
611 704
617 724
617 911
617 1056
619 663
619 912
620 623
621 651
621 660
624 1051
628 687
628 744
629 917
630 669
630 811
630 976
634 834
634 896
634 1047
638 835
638 908
643 984
643 1027
645 929
646 978
647 992
651 886
653 799
655 670
655 746
659 936
661 919
664 805
667 937
668 766
669 1048
671 680
671 692
671 766
671 960
671 1043
672 730
672 945
674 791
674 793
675 769
676 962
680 907
684 685
685 743
685 876
686 689
686 879
686 1009
687 741
687 744
688 694
688 859
688 953
688 1038
692 705
692 855
692 890
693 704
693 708
693 849
695 976
696 977
698 756
698 773
698 787
698 922
702 1000
704 1016
708 798
708 858
708 965
708 1036
708 1043
710 832
711 841
712 915
713 903
714 889
720 751
720 987
721 930
733 1033
734 737
734 740
734 783
734 800
734 1022
739 814
739 822
740 752
741 978
742 755
743 783
743 1044
743 1060
745 900
745 959
747 794
750 952
753 988
754 975
755 820
760 850
763 1018
763 1043
774 1002
775 824
776 830
777 918
778 1044
780 996
781 1036
782 1020
784 834
784 882
785 796
788 806
789 923
790 832
792 874
793 1040
794 878
797 1045
799 985
799 1026
802 966
803 1046
805 910
808 812
812 909
816 872
817 819
817 872
819 981
821 987
824 894
825 1009
832 967
837 906
841 963
841 1022
846 1040
849 860
850 994
851 968
853 855
854 919
854 948
856 984
859 1059
864 942
865 908
866 998
871 890
872 879
874 880
874 921
879 964
882 1012
886 992
889 901
890 1052
896 949
898 986
903 1033
907 1014
908 917
909 1052
910 961
911 1048
912 998
913 942
917 950
917 991
918 928
921 1054
922 1006
925 944
925 1003
926 1008
928 1029
941 1004
944 1005
976 1062
977 983
983 1045
985 1051
987 1010
989 1037
1019 1058
