0 3
0 4
0 5
0 6
0 8
0 9
0 10
0 12
0 13
0 14
0 15
0 20
0 25
0 27
0 35
0 37
0 38
0 40
0 43
0 51
0 54
0 59
0 67
0 73
0 90
0 96
0 101
0 103
0 114
0 115
0 117
0 123
0 153
0 167
0 169
0 170
0 187
0 204
0 227
0 232
0 239
0 246
0 253
0 271
0 284
0 306
0 318
0 320
0 336
0 340
0 362
0 371
0 374
0 386
0 388
0 406
0 415
0 432
0 446
0 453
0 455
0 467
0 514
0 555
0 556
0 564
0 572
0 582
0 600
0 659
0 682
0 698
0 713
0 728
0 757
0 786
0 793
0 825
0 828
0 854
0 871
0 893
0 894
1 3
1 4
1 6
1 7
1 8
1 10
1 12
1 16
1 21
1 25
1 32
1 41
1 43
1 44
1 47
1 50
1 58
1 59
1 61
1 64
1 69
1 73
1 77
1 80
1 85
1 88
1 89
1 92
1 101
1 102
1 112
1 113
1 121
1 129
1 136
1 146
1 154
1 161
1 165
1 168
1 172
1 175
1 180
1 190
1 193
1 195
1 202
1 203
1 210
1 216
1 218
1 220
1 224
1 227
1 266
1 267
1 268
1 278
1 282
1 293
1 314
1 329
1 330
1 339
1 344
1 349
1 365
1 369
1 372
1 378
1 444
1 447
1 449
1 471
1 472
1 475
1 497
1 499
1 503
1 525
1 548
1 554
1 564
1 582
1 586
1 588
1 599
1 621
1 644
1 689
1 701
1 726
1 786
1 809
1 860
1 885
1 888
1 901
1 903
2 3
2 7
2 8
2 10
2 15
2 30
2 39
2 42
2 66
2 82
2 163
2 213
2 246
2 271
2 275
2 327
2 328
2 356
2 382
2 385
2 405
2 422
2 524
2 598
2 714
2 723
2 772
2 777
2 870
2 874
2 875
3 4
3 5
3 6
3 9
3 13
3 18
3 21
3 23
3 26
3 36
3 39
3 40
3 47
3 52
3 59
3 74
3 118
3 126
3 136
3 149
3 156
3 184
3 201
3 210
3 214
3 233
3 270
3 277
3 315
3 319
3 338
3 351
3 379
3 409
3 485
3 489
3 492
3 511
3 515
3 527
3 554
3 581
3 583
3 639
3 682
3 729
3 776
3 793
3 832
3 856
3 859
4 5
4 7
4 16
4 18
4 26
4 28
4 41
4 58
4 68
4 88
4 132
4 238
4 301
4 361
4 502
4 536
4 635
4 662
4 674
4 703
4 877
5 18
5 23
5 24
5 34
5 65
5 81
5 103
5 104
5 105
5 112
5 142
5 200
5 212
5 232
5 279
5 303
5 396
5 562
5 673
5 723
5 728
5 787
5 822
6 9
6 11
6 22
6 33
6 36
6 43
6 44
6 53
6 58
6 69
6 87
6 129
6 173
6 183
6 190
6 191
6 194
6 220
6 285
6 294
6 299
6 300
6 336
6 355
6 381
6 406
6 415
6 423
6 426
6 430
6 446
6 450
6 456
6 475
6 500
6 512
6 575
6 618
6 673
6 686
6 741
6 766
6 774
6 785
6 789
6 873
6 884
7 17
7 48
7 140
7 262
7 428
7 482
7 873
8 11
8 12
8 13
8 14
8 19
8 20
8 21
8 22
8 24
8 29
8 31
8 33
8 37
8 38
8 45
8 47
8 56
8 62
8 70
8 71
8 72
8 98
8 107
8 118
8 119
8 124
8 158
8 160
8 180
8 192
8 197
8 207
8 211
8 222
8 227
8 235
8 237
8 255
8 263
8 276
8 282
8 307
8 322
8 347
8 360
8 374
8 381
8 382
8 392
8 396
8 400
8 406
8 414
8 427
8 441
8 447
8 448
8 463
8 510
8 516
8 525
8 530
8 543
8 549
8 586
8 599
8 600
8 602
8 655
8 672
8 688
8 702
8 709
8 722
8 743
8 753
8 758
8 765
8 769
8 811
8 830
8 840
8 850
8 851
8 856
8 869
8 886
8 899
8 901
9 66
9 90
9 122
9 177
9 284
9 336
9 394
9 401
9 652
10 11
10 32
10 42
10 107
10 144
10 150
10 209
10 249
10 270
10 276
10 284
10 337
10 366
10 391
10 426
10 427
10 440
10 506
10 523
10 532
10 535
10 557
10 560
10 566
10 572
10 644
10 660
10 765
10 834
10 877
11 14
11 19
11 25
11 37
11 53
11 117
11 261
11 282
11 320
11 429
11 521
11 534
11 639
11 745
11 843
11 848
11 855
11 889
12 15
12 17
12 49
12 66
12 177
12 193
12 290
12 417
12 687
13 20
13 22
13 27
13 28
13 29
13 35
13 46
13 61
13 67
13 69
13 95
13 100
13 108
13 142
13 353
13 432
13 437
13 508
13 591
13 596
13 770
13 826
14 30
14 32
14 62
14 95
14 120
14 123
14 124
14 180
14 195
14 196
14 218
14 222
14 308
14 347
14 357
14 411
14 457
14 721
14 732
14 750
15 16
15 26
15 27
15 45
15 116
15 128
15 130
15 210
15 234
15 290
15 562
15 624
15 825
15 838
16 17
16 57
16 80
16 188
16 217
16 229
16 262
16 335
16 354
16 397
16 481
16 571
16 627
16 650
17 19
17 31
17 34
17 40
17 42
17 73
17 79
17 84
17 89
17 122
17 130
17 162
17 228
17 229
17 359
17 418
17 419
17 435
17 551
17 622
17 649
17 656
17 658
17 673
17 685
17 707
17 823
17 830
18 38
18 49
18 61
18 76
18 84
18 109
18 132
18 147
18 152
18 183
18 187
18 221
18 252
18 303
18 316
18 351
18 401
18 435
18 443
18 464
18 491
18 629
18 731
18 737
19 23
19 36
19 46
19 71
19 99
19 182
19 244
19 539
19 695
19 706
19 758
20 46
20 131
20 155
20 278
20 311
20 419
20 452
20 723
20 883
21 56
21 62
21 82
21 95
21 111
21 151
21 152
21 162
21 173
21 240
21 255
21 266
21 318
21 329
21 385
21 402
21 440
21 459
21 464
21 480
21 497
21 507
21 530
21 535
21 539
21 549
21 550
21 667
21 692
21 693
21 722
21 812
21 832
21 842
21 891
22 28
22 48
22 57
22 101
22 105
22 286
22 387
22 419
23 24
23 33
23 48
23 96
23 97
23 102
23 120
23 186
23 218
23 330
23 356
23 410
23 460
23 610
23 615
23 863
24 30
24 34
24 54
24 106
24 118
24 134
24 146
24 166
24 209
24 313
24 330
24 348
24 377
24 542
24 647
24 649
24 686
24 703
24 762
24 797
24 814
24 845
24 855
25 44
25 51
25 76
25 199
25 263
25 358
25 441
25 527
25 573
25 692
25 698
25 838
25 843
25 849
25 883
25 884
26 876
27 77
27 143
27 392
27 435
27 452
27 489
27 540
27 613
27 724
28 29
28 71
28 96
28 108
28 156
28 201
28 254
28 324
28 375
28 376
28 423
28 437
28 502
28 678
29 31
29 35
29 65
29 68
29 179
29 186
29 488
29 632
29 641
30 54
30 70
30 75
30 87
30 137
30 186
30 202
30 213
30 242
30 281
30 290
30 304
30 337
30 342
30 351
30 404
30 413
30 424
30 473
30 483
30 513
30 580
30 599
30 603
30 648
30 672
30 763
30 782
30 893
31 55
31 57
31 70
31 132
31 141
31 149
31 160
31 380
31 462
31 653
31 800
31 837
32 125
32 148
32 161
32 261
32 307
32 333
32 359
32 420
32 697
32 800
32 873
32 886
33 119
33 123
33 241
33 253
33 269
33 294
33 299
33 471
33 734
33 783
33 897
34 39
34 52
34 63
34 85
34 91
34 102
34 211
34 352
34 819
34 887
35 88
35 100
35 627
36 41
36 63
36 67
36 74
36 77
36 86
36 108
36 114
36 133
36 138
36 147
36 156
36 206
36 219
36 224
36 231
36 233
36 243
36 307
36 338
36 361
36 384
36 393
36 408
36 492
36 501
36 601
36 604
36 631
36 703
36 754
36 839
36 876
36 887
37 50
37 60
37 175
37 237
37 295
37 379
37 402
37 437
37 493
37 558
37 677
37 872
38 45
38 63
38 84
38 172
38 178
38 249
38 439
38 547
38 702
38 730
39 97
39 134
39 135
39 157
39 181
39 257
39 285
39 326
39 352
39 365
39 465
39 499
39 560
39 578
39 645
39 664
39 746
39 810
39 891
40 166
40 193
40 254
40 325
40 586
40 641
40 662
40 752
40 804
40 862
41 78
41 223
41 236
41 263
41 323
41 332
41 345
41 531
41 578
41 597
41 770
42 55
42 148
42 169
42 198
42 527
43 55
43 92
43 142
43 309
43 363
43 402
43 582
43 589
44 64
44 76
44 85
44 86
44 286
44 400
44 596
44 653
45 49
45 50
45 53
45 78
45 99
45 120
45 157
45 176
45 215
45 246
45 248
45 257
45 317
45 318
45 389
45 446
45 479
45 533
45 693
45 750
45 766
45 775
45 798
45 806
46 145
46 230
46 320
46 409
46 617
46 810
47 472
47 817
47 827
48 51
48 93
48 206
48 222
48 412
48 542
48 607
48 632
48 771
49 52
49 56
49 109
49 144
49 151
49 164
49 189
49 291
49 295
49 369
49 436
49 651
49 746
50 79
50 143
50 196
50 288
50 324
50 331
50 339
50 465
50 467
50 477
50 490
50 579
50 706
50 863
51 93
51 607
51 610
52 74
52 205
52 305
52 343
52 366
52 559
52 590
52 601
52 629
52 681
52 743
52 803
53 60
53 83
53 89
53 185
53 221
53 241
53 251
53 264
53 272
53 292
53 300
53 301
53 314
53 656
53 665
53 797
53 809
53 867
54 60
54 80
54 87
54 91
54 144
54 208
54 242
54 243
54 317
54 335
54 350
54 385
54 388
54 531
54 609
54 611
54 726
54 790
54 816
54 836
55 81
55 90
55 110
55 133
55 259
55 310
55 340
55 344
55 397
55 404
55 487
55 510
55 718
56 357
56 530
56 658
56 846
56 850
57 65
57 72
57 256
57 302
57 469
57 704
58 64
58 98
58 111
58 171
58 219
58 303
58 358
58 386
58 476
58 544
58 556
58 823
58 885
58 896
59 117
59 585
59 756
60 72
60 83
60 92
60 116
60 126
60 151
60 155
60 168
60 179
60 185
60 191
60 196
60 244
60 261
60 293
60 374
60 420
60 462
60 523
60 533
60 595
60 600
60 611
60 662
60 691
60 794
60 880
60 903
61 68
61 81
61 135
61 170
61 259
61 317
61 373
61 450
61 623
61 754
61 764
62 97
62 113
62 125
62 131
62 334
62 399
62 509
62 667
62 840
62 899
63 291
63 514
64 75
64 106
64 124
64 265
64 474
64 709
65 75
65 119
65 122
65 252
65 296
65 380
65 395
65 416
65 468
65 568
65 592
65 623
65 636
65 670
65 671
65 711
65 729
66 129
66 161
66 292
66 381
66 812
67 130
67 173
67 468
67 691
68 78
69 82
69 105
69 175
69 176
69 188
69 275
69 294
69 323
69 383
69 431
69 444
69 484
69 506
69 537
69 558
69 578
69 609
69 627
69 643
69 701
69 731
69 757
69 791
69 802
70 104
70 308
70 334
70 350
70 368
70 384
70 399
70 426
70 562
70 625
71 79
71 121
71 153
71 259
71 401
71 561
71 601
71 613
71 620
72 83
72 183
72 197
72 368
72 394
72 415
72 565
72 567
72 606
72 680
73 110
73 138
73 145
73 174
73 247
73 380
73 473
73 694
74 93
74 104
74 114
74 280
74 655
74 760
75 98
75 99
75 107
75 126
75 160
75 194
75 268
75 337
75 375
75 379
75 412
75 453
75 481
75 609
75 742
75 886
76 113
76 127
76 139
76 223
76 390
76 476
76 529
76 744
77 86
77 109
77 169
77 240
77 474
77 587
77 693
78 158
78 195
78 407
79 94
79 799
80 116
80 182
80 185
80 187
80 220
80 256
80 310
80 367
80 494
80 521
80 552
80 566
80 648
80 775
80 813
81 125
81 376
81 396
82 150
82 164
82 378
82 408
82 414
82 416
82 422
82 545
82 579
82 642
82 680
82 687
82 725
82 773
82 854
83 94
83 110
83 136
83 165
83 229
83 245
83 248
83 311
83 418
83 433
83 458
83 541
83 621
83 661
83 668
83 740
83 748
83 825
84 138
84 304
84 313
85 115
85 133
85 189
85 243
85 302
85 494
85 749
85 759
86 139
86 146
86 410
86 761
87 91
87 94
87 137
87 154
87 159
87 190
87 226
87 269
87 289
87 332
87 348
87 829
88 154
88 231
88 398
88 465
88 539
88 588
88 598
88 770
88 866
88 876
88 901
89 139
89 212
89 614
89 633
90 200
91 100
91 149
91 207
91 236
91 280
91 304
91 532
91 575
91 789
91 798
91 833
92 605
93 244
93 289
93 349
93 425
94 127
96 115
96 192
96 239
96 306
96 472
96 485
96 505
96 684
97 106
97 184
97 212
97 322
97 364
97 417
97 451
97 557
97 714
97 787
98 178
98 312
98 412
98 538
98 563
98 671
98 803
98 852
99 143
99 239
99 473
99 732
100 103
100 150
100 216
100 718
100 748
100 783
100 829
100 835
101 145
101 163
101 200
101 267
101 387
101 683
101 764
102 260
102 332
102 548
102 646
102 669
102 708
102 737
102 835
103 217
103 387
103 409
104 140
104 181
104 436
104 460
105 170
105 570
105 880
106 112
106 613
107 204
107 214
107 436
107 461
107 622
108 141
108 153
108 177
108 240
108 242
108 283
108 319
108 442
108 523
108 766
108 858
109 162
109 590
109 665
109 794
110 111
110 121
110 171
110 312
110 418
110 717
110 721
110 764
110 811
110 859
110 897
111 135
111 148
111 167
111 273
111 329
111 370
111 398
111 429
111 494
111 572
111 577
111 587
111 638
111 667
111 730
111 756
112 147
112 152
112 217
112 327
112 400
112 421
112 514
112 592
112 711
113 128
113 226
113 254
113 405
113 459
113 528
113 583
113 590
113 652
113 720
113 724
113 729
113 820
114 253
114 549
114 683
114 691
115 192
115 215
115 232
115 274
115 293
115 338
115 408
115 480
115 510
115 520
115 534
115 654
115 655
115 663
115 677
115 781
115 860
116 199
116 238
116 264
116 325
116 350
117 848
118 141
118 155
118 166
118 221
118 331
118 345
118 403
118 463
118 483
118 503
118 576
118 754
119 158
119 176
119 194
119 201
119 250
119 251
119 305
119 346
120 127
120 410
120 433
120 574
120 722
121 168
121 179
121 311
121 501
121 625
122 272
122 411
122 477
122 630
122 787
122 857
123 249
123 695
124 172
124 178
124 214
124 434
124 589
124 739
125 128
125 137
125 203
125 570
125 862
127 204
127 411
127 430
127 536
127 555
127 807
128 131
128 234
128 258
128 274
128 540
128 740
129 134
129 140
129 455
129 813
130 159
130 167
130 207
130 275
130 310
130 360
130 445
130 519
130 747
130 839
131 157
131 171
131 251
131 265
131 313
131 386
131 801
132 362
132 546
132 814
134 174
134 287
135 198
135 299
135 357
135 499
135 570
135 594
135 700
136 471
136 577
136 714
137 309
137 643
137 759
138 215
138 532
138 695
139 280
140 203
140 230
140 277
140 306
140 684
141 393
141 513
141 715
142 500
142 841
143 522
144 198
144 208
144 211
144 273
145 165
145 747
146 184
146 546
146 634
147 163
147 213
147 216
147 235
147 353
147 373
147 519
147 540
147 598
147 618
147 741
147 745
147 817
148 448
148 464
148 593
148 821
149 247
149 333
150 164
150 322
150 642
150 874
151 710
152 266
152 283
152 298
152 390
152 776
153 297
153 305
153 342
153 496
153 700
153 857
153 890
154 159
154 316
154 461
154 524
154 624
154 822
155 291
155 315
155 361
155 515
155 569
156 295
156 321
156 405
156 682
156 790
156 796
157 174
157 189
157 206
157 535
157 555
157 646
158 421
158 552
158 584
158 630
159 188
159 209
159 234
159 276
159 443
159 522
159 553
159 585
159 619
161 228
161 283
161 462
161 483
161 529
162 226
162 354
162 364
162 407
162 707
163 181
163 309
163 846
164 182
164 236
164 751
165 205
165 250
165 657
165 660
167 233
167 749
168 228
168 383
168 663
168 836
169 512
169 576
169 857
170 241
170 363
170 364
170 466
171 235
171 392
171 675
172 321
172 371
172 727
173 279
173 321
173 360
173 816
175 191
175 264
175 268
175 383
175 434
175 492
175 511
175 512
175 595
176 197
176 208
176 372
176 430
176 486
176 521
176 571
176 645
176 664
176 698
176 794
176 798
176 900
177 451
177 470
178 341
178 376
179 550
179 615
180 579
181 359
182 427
182 688
183 223
183 507
184 225
184 269
184 451
185 267
185 271
185 497
185 656
185 692
185 855
186 199
186 225
186 281
186 297
186 375
186 395
186 484
186 547
186 735
186 750
186 808
187 247
187 287
187 515
187 517
187 699
187 763
188 325
188 843
189 224
189 424
189 644
190 231
190 252
190 300
190 323
190 403
190 442
190 457
190 488
190 538
190 564
190 626
190 628
191 363
191 725
192 270
192 486
192 580
193 342
193 370
193 455
193 479
193 551
194 272
194 355
194 875
195 756
196 202
196 331
196 476
196 867
197 205
198 262
198 489
199 371
199 460
199 508
199 619
200 298
200 442
200 615
201 389
201 413
201 433
201 669
201 719
201 732
201 795
202 219
202 391
202 660
202 679
202 755
203 230
203 281
203 288
203 490
203 563
203 594
203 704
203 712
205 417
205 429
205 486
205 528
205 777
206 297
206 552
207 413
207 792
207 797
207 887
208 250
208 728
208 900
209 781
210 769
211 237
211 248
211 257
211 456
211 466
212 225
212 390
213 715
214 298
214 319
214 432
214 440
214 493
214 591
214 895
214 898
215 812
216 238
216 258
216 796
216 853
216 869
217 711
217 839
218 370
218 420
218 502
219 391
219 501
219 608
219 707
219 755
219 819
220 710
221 301
221 347
221 481
221 567
223 324
223 326
223 428
223 563
223 584
223 650
223 696
223 753
223 792
224 398
224 517
225 277
225 378
225 593
225 805
226 245
226 289
226 389
226 393
226 395
226 425
226 617
226 807
226 859
227 725
228 260
228 362
228 399
228 513
228 642
228 868
228 871
229 273
229 333
229 343
229 441
229 736
229 767
231 279
231 643
233 470
233 482
233 545
233 604
233 888
234 587
236 255
236 308
236 428
236 596
236 669
236 771
237 853
238 260
238 287
238 422
238 424
238 661
238 697
239 258
239 485
239 565
239 638
239 689
239 867
240 768
240 784
241 594
242 611
242 892
243 245
243 302
243 316
243 326
243 335
243 498
243 628
244 256
244 349
245 285
245 296
245 685
245 773
246 438
246 453
246 466
246 752
246 804
247 449
248 328
248 872
250 538
250 573
250 597
250 640
250 712
250 720
251 470
251 575
251 619
253 690
253 694
254 278
254 504
255 288
255 458
255 602
255 626
255 779
256 274
256 315
256 346
256 356
256 367
256 566
256 820
257 345
258 265
258 491
258 604
258 730
258 807
259 718
259 833
260 365
261 516
261 620
261 640
261 654
261 726
262 482
263 474
263 628
263 805
264 292
264 312
264 314
264 352
264 377
264 569
264 621
264 762
264 815
264 837
264 902
265 328
265 626
267 633
268 493
269 620
271 536
271 709
272 842
273 448
273 588
273 862
275 635
275 899
276 377
276 592
277 617
277 670
278 404
278 832
280 608
281 666
282 407
282 553
283 286
284 341
285 296
285 550
286 353
286 874
288 358
288 490
288 491
288 603
288 743
288 772
289 425
289 533
289 542
289 881
291 878
292 505
292 892
293 339
293 366
293 557
293 568
293 751
294 526
296 468
296 634
296 658
296 735
297 524
298 346
298 439
298 554
298 635
298 705
298 706
298 900
299 882
302 327
303 341
304 340
304 479
305 498
305 681
305 742
306 343
306 526
306 793
307 606
308 384
308 423
308 438
308 454
308 495
308 543
308 679
308 708
308 788
309 645
312 652
313 334
313 354
313 438
313 469
313 511
313 548
313 704
315 344
319 368
319 458
319 616
319 659
319 841
320 443
320 612
320 668
320 784
322 439
322 902
323 431
323 484
323 488
323 727
324 397
324 503
324 569
324 574
324 581
324 625
325 372
325 541
325 778
325 813
326 752
330 475
331 367
332 520
332 657
333 665
333 861
335 731
338 522
338 716
338 799
339 444
339 495
339 648
339 792
340 672
342 541
342 868
343 348
343 454
343 518
343 534
343 767
343 780
343 868
344 779
344 791
345 414
350 449
352 847
353 355
353 369
354 445
355 715
356 824
357 681
357 856
358 902
359 469
359 478
359 553
360 477
361 498
362 518
362 632
362 853
363 713
366 478
366 895
367 382
368 373
368 394
368 612
368 782
368 802
369 496
370 786
372 388
372 454
372 898
373 782
373 805
374 595
374 700
374 719
375 403
375 520
375 864
377 478
377 546
377 636
377 879
378 495
378 568
379 633
381 885
382 480
382 561
382 651
382 746
382 861
383 890
384 543
384 653
384 878
385 467
385 623
385 647
385 713
385 780
386 487
386 556
386 831
388 445
388 716
389 614
390 593
390 866
391 434
391 597
392 452
392 577
392 657
393 505
393 858
394 668
394 745
394 821
395 814
398 517
399 561
399 801
400 739
401 571
401 773
401 784
401 884
402 525
402 675
403 431
403 456
403 519
403 694
403 778
403 818
404 641
404 647
406 701
406 828
407 606
408 463
408 697
409 421
410 610
411 614
411 630
411 686
411 785
413 789
414 416
415 516
416 671
416 710
416 833
416 854
417 892
418 622
419 559
419 605
420 607
420 638
421 663
423 447
423 506
423 808
424 684
425 603
426 544
426 573
426 826
426 840
429 450
429 459
429 531
429 744
429 767
429 785
429 865
430 551
430 631
430 690
430 736
432 690
434 738
435 636
436 654
437 487
438 637
438 845
440 661
441 509
441 890
445 457
445 877
446 500
446 735
446 819
449 544
451 509
452 574
453 567
453 870
453 878
454 461
454 537
454 705
454 768
454 880
456 888
457 504
458 702
458 889
462 585
464 808
465 666
469 631
470 831
471 637
472 751
473 580
474 678
476 508
476 529
476 683
477 618
477 649
478 504
479 591
479 696
479 828
481 507
481 755
482 545
483 602
483 675
483 757
483 841
484 848
485 712
486 526
486 734
487 559
488 581
490 605
490 616
490 674
494 496
494 616
494 749
494 761
494 891
494 895
495 717
496 518
496 537
496 560
497 584
498 823
499 742
499 760
499 768
500 844
502 733
503 576
504 547
504 835
505 776
507 894
508 650
508 699
508 708
508 818
511 637
514 827
516 528
517 634
519 589
522 824
525 842
527 864
528 583
528 699
529 558
529 676
530 696
531 744
532 629
534 680
534 765
534 777
535 688
536 685
536 896
538 689
539 748
541 804
543 788
544 733
544 871
553 779
555 719
555 721
555 740
555 747
558 676
559 608
560 847
561 565
561 883
562 826
563 670
563 822
564 624
566 801
571 870
572 727
575 716
576 651
583 733
586 844
588 705
588 861
589 739
589 849
592 679
592 737
592 851
595 903
596 836
598 774
600 809
602 646
605 865
608 639
609 738
609 817
610 612
618 796
619 894
621 676
623 677
623 775
624 791
627 837
628 640
635 806
636 771
638 666
642 659
643 802
644 758
644 834
650 674
652 724
652 736
653 741
653 783
655 687
655 759
655 763
655 800
656 664
657 799
658 678
658 738
660 829
663 781
670 734
671 780
672 834
679 760
681 795
681 803
682 860
683 720
687 821
687 852
688 830
689 774
691 851
695 810
704 717
705 831
709 769
709 879
711 844
713 818
714 772
717 815
718 816
719 788
720 864
724 795
730 778
732 882
736 762
736 815
738 753
738 845
738 882
739 824
741 838
742 846
743 847
752 761
753 872
754 811
762 897
764 863
765 790
766 827
772 849
776 806
784 881
792 820
797 881
806 858
810 896
811 850
828 869
828 893
829 879
833 865
843 866
849 852
855 889
858 875
884 898
