0 3
0 5
0 7
0 27
0 39
0 44
0 55
0 59
0 85
0 87
0 98
0 167
0 248
0 280
0 434
0 458
0 534
0 555
0 570
0 642
0 687
0 693
0 777
0 812
0 844
0 858
0 884
0 916
0 945
0 962
1 3
1 4
1 6
1 7
1 9
1 10
1 16
1 17
1 22
1 31
1 32
1 35
1 36
1 43
1 50
1 52
1 59
1 61
1 65
1 67
1 74
1 77
1 91
1 97
1 104
1 113
1 129
1 132
1 147
1 156
1 157
1 158
1 177
1 179
1 209
1 239
1 245
1 266
1 269
1 275
1 364
1 375
1 393
1 413
1 429
1 433
1 435
1 457
1 466
1 502
1 511
1 524
1 553
1 564
1 570
1 606
1 613
1 629
1 631
1 669
1 673
1 692
1 711
1 739
1 759
1 767
1 770
1 783
1 793
1 825
1 831
1 860
1 865
1 878
1 887
1 902
1 922
1 965
1 992
2 3
2 4
2 5
2 6
2 8
2 9
2 11
2 13
2 14
2 15
2 18
2 21
2 22
2 24
2 25
2 28
2 29
2 30
2 31
2 42
2 47
2 51
2 56
2 64
2 73
2 74
2 78
2 81
2 83
2 89
2 94
2 103
2 106
2 121
2 130
2 131
2 132
2 138
2 142
2 145
2 146
2 160
2 162
2 169
2 171
2 181
2 183
2 192
2 206
2 207
2 208
2 213
2 220
2 222
2 229
2 235
2 245
2 250
2 262
2 267
2 272
2 277
2 287
2 288
2 300
2 308
2 324
2 354
2 362
2 381
2 391
2 401
2 407
2 418
2 426
2 435
2 462
2 466
2 477
2 503
2 514
2 544
2 577
2 587
2 598
2 606
2 631
2 647
2 675
2 707
2 717
2 758
2 761
2 770
2 815
2 817
2 872
2 897
2 906
2 907
2 913
2 934
2 951
2 953
2 958
2 961
2 973
2 983
3 4
3 6
3 7
3 15
3 24
3 25
3 44
3 54
3 60
3 61
3 82
3 87
3 88
3 93
3 95
3 98
3 115
3 118
3 119
3 133
3 136
3 141
3 151
3 154
3 157
3 172
3 187
3 204
3 246
3 297
3 301
3 309
3 319
3 357
3 361
3 365
3 411
3 422
3 447
3 467
3 487
3 497
3 522
3 548
3 605
3 612
3 613
3 686
3 766
3 820
3 847
3 873
3 895
3 941
3 963
4 5
4 8
4 10
4 11
4 27
4 82
4 86
4 89
4 205
4 218
4 221
4 249
4 263
4 376
4 426
4 433
4 507
4 539
4 614
4 617
4 838
4 858
4 989
5 23
5 26
5 28
5 59
5 68
5 73
5 92
5 108
5 146
5 154
5 166
5 178
5 241
5 243
5 259
5 268
5 280
5 294
5 323
5 332
5 340
5 506
5 554
5 597
5 731
5 772
5 784
5 785
5 875
5 939
5 947
6 9
6 10
6 12
6 13
6 14
6 15
6 16
6 17
6 19
6 28
6 30
6 37
6 51
6 53
6 54
6 62
6 66
6 85
6 102
6 113
6 114
6 134
6 144
6 158
6 166
6 171
6 174
6 180
6 202
6 206
6 212
6 227
6 240
6 258
6 282
6 293
6 296
6 334
6 364
6 371
6 380
6 427
6 437
6 460
6 464
6 523
6 524
6 563
6 566
6 584
6 616
6 701
6 719
6 721
6 777
6 860
6 889
6 910
6 937
6 982
6 985
7 16
7 21
7 22
7 27
7 34
7 38
7 45
7 46
7 48
7 53
7 63
7 72
7 85
7 129
7 145
7 210
7 227
7 249
7 284
7 286
7 291
7 292
7 365
7 395
7 399
7 409
7 428
7 455
7 593
7 599
7 641
7 648
7 660
7 748
7 815
7 821
7 877
7 943
8 14
8 35
8 39
8 62
8 66
8 145
8 150
8 152
8 159
8 167
8 172
8 211
8 223
8 264
8 277
8 303
8 323
8 334
8 418
8 456
8 624
8 647
8 763
8 865
8 957
8 970
9 11
9 12
9 18
9 20
9 24
9 26
9 33
9 37
9 40
9 47
9 57
9 78
9 83
9 90
9 95
9 113
9 120
9 136
9 140
9 162
9 177
9 184
9 195
9 196
9 198
9 219
9 231
9 239
9 251
9 253
9 263
9 330
9 354
9 359
9 377
9 421
9 431
9 464
9 465
9 486
9 555
9 559
9 565
9 645
9 667
9 668
9 710
9 714
9 724
9 756
9 758
9 801
9 835
9 860
9 863
9 936
9 938
9 953
9 988
9 991
10 12
10 13
10 34
10 36
10 38
10 46
10 49
10 58
10 75
10 96
10 101
10 119
10 121
10 126
10 135
10 163
10 164
10 170
10 202
10 218
10 223
10 282
10 284
10 310
10 329
10 439
10 459
10 468
10 494
10 527
10 605
10 646
10 757
10 762
10 826
10 838
10 840
10 874
10 972
11 19
11 32
11 89
11 345
11 377
11 425
11 438
11 588
11 632
11 635
11 866
11 985
12 18
12 19
12 25
12 26
12 36
12 47
12 71
12 104
12 152
12 165
12 171
12 195
12 254
12 262
12 306
12 346
12 369
12 483
12 516
12 518
12 599
12 710
12 767
12 793
12 896
12 905
12 911
12 997
13 17
13 29
13 48
13 70
13 82
13 96
13 117
13 120
13 164
13 168
13 200
13 207
13 265
13 273
13 276
13 304
13 316
13 337
13 442
13 495
13 528
13 532
13 587
13 634
13 742
13 829
13 838
13 905
13 918
13 954
13 960
14 33
14 54
14 64
14 79
14 106
14 179
14 197
14 242
14 306
14 392
14 484
14 493
14 529
14 535
14 537
14 544
14 558
14 621
14 633
14 819
14 833
14 881
15 23
15 30
15 41
15 43
15 51
15 57
15 60
15 76
15 84
15 87
15 99
15 110
15 203
15 232
15 238
15 243
15 305
15 444
15 452
15 480
15 483
15 555
15 584
15 730
15 809
15 814
15 868
15 871
15 934
15 956
16 20
16 29
16 45
16 53
16 68
16 168
16 186
16 215
16 230
16 267
16 373
16 453
16 470
16 593
16 675
16 718
16 763
16 869
16 925
16 987
17 40
17 60
17 70
17 102
17 135
17 159
17 161
17 310
17 313
17 374
17 520
17 534
17 579
17 587
17 594
17 604
17 611
17 700
17 806
18 32
18 42
18 91
18 99
18 189
18 285
18 325
18 335
18 389
18 470
18 518
18 537
18 567
18 569
18 627
18 661
18 787
18 858
18 876
18 892
18 912
19 20
19 21
19 33
19 39
19 41
19 55
19 56
19 76
19 109
19 115
19 140
19 173
19 174
19 175
19 176
19 451
19 535
19 583
19 700
19 843
19 856
19 920
20 78
20 130
20 132
20 155
20 158
20 291
20 304
20 321
20 328
20 360
20 362
20 365
20 397
20 424
20 432
20 466
20 513
20 519
20 656
20 660
20 722
20 776
20 850
20 954
21 67
21 176
21 281
21 391
21 725
21 990
22 23
22 31
22 48
22 55
22 62
22 64
22 69
22 80
22 105
22 120
22 131
22 239
22 251
22 252
22 352
22 396
22 618
22 842
22 866
22 910
23 37
23 38
23 114
23 134
23 172
23 228
23 271
23 400
23 745
23 859
24 35
24 63
24 99
24 127
24 144
24 163
24 186
24 188
24 229
24 293
24 408
24 518
24 668
24 904
24 969
25 42
25 71
25 72
25 90
25 126
25 160
25 187
25 196
25 231
25 268
25 288
25 297
25 326
25 382
25 412
25 538
25 541
25 542
25 725
25 736
25 749
25 804
25 851
25 874
25 956
25 974
26 74
26 205
26 322
26 334
26 398
26 465
26 591
26 594
26 602
26 651
26 693
26 910
26 933
26 968
26 986
27 34
27 58
27 71
27 73
27 123
27 230
27 475
27 476
27 492
27 511
27 554
27 582
27 629
27 789
28 214
28 240
28 501
28 936
29 495
30 40
30 41
30 49
30 106
30 141
30 212
30 353
30 394
30 496
30 654
30 698
30 744
30 835
31 44
31 75
31 252
31 589
31 596
31 699
31 835
32 52
32 72
32 97
32 138
32 151
32 170
32 189
32 224
32 230
32 270
32 306
32 349
32 374
32 584
32 678
32 751
32 786
33 50
33 139
33 148
33 163
33 199
33 315
33 358
33 516
33 546
33 548
33 628
33 673
33 776
33 988
34 43
34 45
34 46
34 58
34 77
34 84
34 125
34 126
34 174
34 310
34 342
34 515
34 603
34 617
34 826
34 998
35 115
35 183
35 401
35 448
36 175
36 348
36 488
36 607
37 92
37 98
37 153
37 180
37 383
37 405
37 446
37 738
37 749
37 959
38 50
38 65
38 123
38 131
38 185
38 242
38 257
38 314
38 319
38 454
38 477
38 547
38 560
38 566
38 579
38 614
38 718
38 722
38 868
38 917
39 234
39 236
39 360
39 485
39 627
39 630
40 94
40 403
40 410
40 429
40 497
40 578
40 734
40 757
40 768
40 896
40 929
41 56
41 116
41 127
41 141
41 223
41 242
41 243
41 256
41 298
41 367
41 471
41 511
41 528
41 590
41 713
41 733
41 848
41 897
41 970
42 81
42 160
42 258
42 301
42 341
42 485
42 672
42 855
42 873
42 879
42 881
42 908
43 49
43 57
43 67
43 69
43 90
43 100
43 127
43 149
43 168
43 208
43 251
43 261
43 309
43 312
43 320
43 386
43 445
43 527
43 532
43 598
43 609
43 644
43 751
43 768
43 788
43 808
43 820
43 822
43 840
43 899
43 915
44 75
44 91
44 116
44 137
44 194
44 199
44 211
44 234
44 374
44 422
44 440
44 462
44 490
44 507
44 623
44 676
44 781
44 808
44 898
44 938
44 979
45 133
45 144
45 211
45 529
45 733
45 810
45 924
46 250
46 909
46 925
47 84
47 107
47 161
47 370
47 450
47 473
47 522
47 691
48 350
48 411
48 419
48 717
48 762
49 368
49 417
49 728
50 52
50 65
50 69
50 117
50 166
50 185
50 191
50 328
50 424
50 449
50 508
50 567
50 809
50 888
50 913
50 923
51 63
51 68
51 97
51 553
51 733
51 853
51 976
52 88
52 93
52 122
52 123
52 188
52 311
52 356
52 423
52 441
52 496
52 549
52 569
52 594
52 669
52 736
52 981
53 66
53 121
53 369
53 468
54 86
54 100
54 147
54 169
54 229
54 332
54 335
54 712
54 713
54 747
54 952
54 990
55 61
55 96
55 112
55 165
55 264
55 330
55 331
55 361
55 363
55 696
55 700
55 701
55 940
56 125
56 137
56 142
56 153
56 195
56 209
56 275
56 313
56 318
56 327
56 381
56 453
56 621
56 720
56 750
56 800
56 825
56 932
57 80
57 122
57 124
57 149
57 156
57 205
57 232
57 256
57 352
57 585
57 662
57 681
57 782
57 822
57 992
58 79
58 109
58 110
58 116
58 193
58 287
58 316
58 336
58 439
58 502
58 529
58 608
58 665
58 885
58 930
59 76
59 103
59 156
59 184
59 227
59 435
59 474
59 546
60 254
60 481
61 77
61 105
61 107
61 213
61 233
61 397
61 476
61 683
61 743
61 799
61 830
62 107
62 114
62 128
62 152
62 154
62 237
62 273
62 488
63 83
63 88
63 118
63 157
63 177
63 218
63 293
63 295
63 304
63 418
63 581
63 652
63 719
63 889
63 916
64 79
64 112
64 432
64 448
64 450
64 569
64 595
64 726
64 737
64 852
64 955
65 81
65 129
65 193
65 235
65 326
65 329
65 375
65 384
65 387
65 451
65 471
65 549
65 655
65 775
65 937
66 240
66 342
67 111
67 137
67 180
67 255
67 279
67 389
67 631
67 735
67 771
67 834
68 70
68 80
68 93
68 224
68 226
68 244
68 268
68 269
68 299
68 311
68 336
68 556
68 620
68 680
68 683
68 684
68 772
68 933
68 962
68 976
69 86
69 191
69 296
69 309
69 321
69 373
69 550
70 109
70 135
70 213
70 349
70 638
70 663
70 830
71 134
71 159
71 165
71 203
71 217
71 221
71 241
71 387
71 570
71 592
71 602
71 646
71 712
71 741
72 370
72 702
73 202
73 210
73 236
73 303
73 340
73 475
73 687
73 747
74 136
74 469
75 190
75 395
75 901
75 956
76 117
76 542
77 110
77 255
77 307
77 558
77 713
77 863
78 880
79 124
79 182
79 563
81 100
81 101
81 103
81 193
81 248
81 294
81 295
81 388
81 448
81 485
81 494
81 517
81 525
81 548
82 102
82 111
82 118
82 204
82 320
82 325
82 339
82 380
82 422
82 431
82 502
82 565
82 568
82 659
82 869
82 931
83 147
84 226
84 253
84 290
84 379
84 592
85 94
85 142
85 191
85 276
85 292
85 312
85 557
85 640
85 671
85 946
85 973
86 128
86 201
86 372
86 680
86 800
87 104
87 190
87 203
87 625
87 773
88 610
88 701
88 811
88 993
89 92
89 101
89 269
89 372
89 441
89 543
89 581
89 644
89 790
89 870
89 949
89 962
90 187
90 198
90 254
90 504
90 537
90 572
90 645
90 661
90 947
91 111
91 220
91 322
91 340
91 344
91 399
91 489
91 623
91 626
91 641
91 784
91 877
91 935
92 105
92 150
92 162
92 197
92 209
92 487
92 492
92 536
92 549
92 574
92 780
93 95
93 128
93 378
93 729
93 873
94 112
94 170
94 214
94 247
94 566
94 573
94 640
94 761
94 774
94 896
94 898
96 312
96 362
96 482
96 606
96 774
97 124
97 151
97 265
97 308
97 331
97 996
98 119
98 133
98 155
98 183
98 200
98 233
98 244
98 257
98 274
98 329
98 352
98 355
98 462
98 721
98 757
98 769
99 108
99 169
99 186
99 360
99 388
100 173
100 285
100 547
100 661
101 175
101 237
101 247
101 270
101 287
101 320
101 327
101 336
101 350
101 434
101 482
101 495
101 503
101 506
101 521
101 586
101 651
101 685
101 739
101 786
101 890
102 122
102 148
102 214
102 215
102 237
102 343
102 382
102 430
102 498
102 514
102 657
102 816
102 909
103 279
103 366
103 826
104 182
104 189
104 212
104 249
104 338
104 392
104 477
104 595
104 779
104 821
104 979
105 125
105 348
105 378
105 389
105 402
105 659
106 108
106 161
106 233
106 255
106 299
106 367
106 596
107 138
107 332
107 354
107 468
107 580
107 705
107 714
107 738
107 791
107 1001
108 597
108 876
109 656
110 139
110 206
110 368
110 620
110 752
110 819
110 849
111 148
111 394
111 512
112 164
112 225
112 379
112 649
112 676
112 725
112 730
112 816
112 900
113 140
113 222
113 289
113 356
113 669
113 968
114 314
114 841
115 339
115 559
115 665
116 178
116 219
116 500
116 600
116 734
116 752
116 989
117 261
117 591
118 292
118 384
118 409
118 879
119 182
120 504
120 658
121 437
121 445
121 615
122 143
122 146
122 273
122 317
122 382
122 404
122 416
122 459
123 248
123 265
123 266
123 505
123 527
123 539
123 600
123 798
124 143
124 188
124 217
124 313
124 716
125 267
125 330
125 342
125 413
125 515
125 765
125 905
126 775
127 199
127 359
127 708
127 927
128 130
128 153
128 173
128 238
128 324
128 350
129 412
130 185
130 484
130 972
131 181
131 319
131 344
131 376
131 386
131 402
131 432
131 478
131 482
131 519
131 546
131 607
131 625
131 637
131 795
131 814
131 944
131 981
132 143
132 167
132 252
132 379
132 406
132 424
132 552
132 689
132 929
133 650
134 343
134 674
135 499
135 770
135 928
135 999
136 150
136 228
136 278
136 574
136 682
136 878
137 305
137 358
137 436
137 540
137 572
137 581
138 139
138 296
138 906
139 149
139 283
139 300
139 333
139 446
139 458
139 463
139 520
139 568
139 571
139 633
139 665
139 722
139 762
139 823
139 854
139 924
140 238
140 341
140 378
140 455
140 611
140 696
140 856
142 241
142 286
142 371
142 452
142 595
142 616
143 225
143 317
143 982
144 155
144 381
144 442
144 674
144 720
144 867
145 388
145 472
145 832
146 302
146 335
146 531
146 651
146 847
146 870
147 347
148 270
148 286
148 337
148 965
149 204
149 712
149 920
150 194
150 283
150 383
150 643
150 810
152 260
152 824
154 264
154 339
154 341
154 357
154 715
154 823
155 194
155 250
155 315
155 324
155 405
155 445
155 720
155 822
156 563
156 577
157 176
157 208
157 708
157 710
158 279
158 629
158 638
158 1000
159 232
159 351
159 391
159 406
159 498
159 596
159 783
159 804
160 197
160 231
160 307
160 314
160 327
160 551
160 609
160 662
161 283
161 410
162 196
162 676
162 867
163 190
163 246
163 253
163 499
164 441
164 1001
165 325
165 338
166 355
166 366
166 387
166 469
166 483
166 533
166 550
166 670
166 678
166 699
166 747
166 921
167 184
167 201
167 271
167 289
167 484
167 608
167 681
167 830
167 950
168 226
168 261
168 272
168 960
169 181
169 192
169 349
169 383
169 532
169 538
170 307
170 318
170 321
170 357
170 428
170 721
170 836
170 842
170 945
170 955
171 440
172 256
172 263
172 290
172 315
172 317
172 323
172 647
172 807
173 386
173 952
174 178
174 201
174 216
174 288
174 530
174 626
174 730
174 972
175 179
175 348
175 364
175 368
175 403
175 417
175 449
175 491
175 558
175 863
176 562
176 593
176 642
176 921
176 937
177 399
179 586
180 200
180 491
180 695
181 192
181 611
181 837
183 222
183 590
183 912
184 351
184 463
184 636
185 402
185 751
186 215
186 509
186 980
187 198
187 542
187 615
188 257
188 259
188 480
188 775
189 207
189 221
189 224
189 245
189 375
189 431
189 499
189 562
189 671
189 807
189 844
190 219
190 520
192 372
192 461
192 564
192 952
193 280
193 351
193 414
193 451
193 488
193 517
194 366
194 406
194 843
196 260
196 442
196 531
197 297
197 363
197 513
197 525
197 711
198 737
199 278
199 971
200 244
200 574
201 682
201 800
202 281
202 894
203 282
203 652
204 260
204 300
204 420
204 449
204 471
206 601
206 723
206 846
207 220
207 225
207 509
207 677
207 772
208 543
209 210
209 216
209 274
209 377
209 416
209 551
209 619
209 715
209 815
209 867
210 258
210 385
210 407
210 416
210 473
210 474
210 794
210 864
211 746
212 396
212 531
212 688
213 447
213 689
214 216
214 246
214 617
215 217
215 630
216 274
216 291
216 302
216 415
216 545
216 567
216 612
217 394
217 682
217 687
217 716
217 883
217 908
218 262
218 271
218 290
218 380
218 572
218 707
218 740
218 792
218 866
218 868
218 884
218 900
218 930
218 947
218 977
219 803
220 236
220 277
220 425
220 456
220 461
220 649
220 944
220 950
222 664
223 420
223 427
223 589
223 814
223 861
223 922
225 679
226 228
226 404
226 478
226 575
226 618
226 887
227 985
228 234
228 281
228 331
228 371
228 400
228 479
228 754
228 778
228 848
228 850
228 964
229 533
229 654
229 911
230 987
231 585
231 839
232 235
232 295
232 473
232 643
233 367
233 411
233 718
233 743
233 862
234 328
234 333
234 621
234 623
234 727
234 875
235 401
235 501
235 653
235 703
236 447
237 346
237 475
237 688
238 444
238 504
238 759
238 989
239 507
239 635
240 883
241 299
241 446
241 523
241 690
242 247
242 347
242 356
242 419
242 872
244 404
244 865
244 908
245 259
245 275
245 419
245 622
245 878
247 358
248 539
248 874
249 376
249 420
250 428
250 479
250 559
250 610
250 726
250 749
250 855
250 917
250 925
250 935
251 627
251 655
251 703
251 820
251 969
252 740
253 392
253 455
253 622
253 793
254 284
254 338
254 417
254 557
254 577
254 663
254 818
254 845
255 465
255 545
255 907
256 294
256 398
256 915
257 436
257 620
257 699
258 748
259 305
259 787
259 824
260 659
260 763
260 859
261 272
261 430
261 974
262 266
262 359
262 760
263 632
263 842
264 298
264 390
264 481
264 637
264 695
264 855
265 308
265 326
265 470
265 576
265 614
265 664
265 906
265 926
266 522
267 278
267 303
267 385
267 437
267 461
267 561
267 655
268 276
268 393
268 412
268 414
268 675
269 691
269 1001
270 728
270 745
272 370
272 385
272 535
272 674
272 831
272 927
273 960
274 369
274 476
275 318
275 486
275 683
276 526
277 456
277 644
278 289
278 750
279 510
280 498
280 636
280 697
280 729
281 345
281 864
282 458
282 893
283 285
283 333
283 514
283 735
283 803
283 813
284 525
284 553
285 754
285 941
285 966
286 754
286 771
288 590
289 302
289 393
289 680
290 510
290 845
292 894
293 346
293 396
293 460
293 515
293 521
293 543
293 582
293 603
293 652
293 656
293 919
294 301
295 298
295 430
295 787
296 634
297 533
297 777
298 603
298 928
300 423
301 390
301 619
301 646
302 426
302 506
302 891
303 316
303 397
303 634
303 689
303 806
304 490
305 625
305 666
305 745
305 890
307 363
307 395
307 571
307 724
307 931
308 311
308 588
309 802
310 453
311 353
311 408
311 589
311 982
311 994
313 343
313 534
313 586
313 604
313 759
313 796
313 836
313 993
314 459
314 501
314 948
315 666
317 639
318 836
319 322
319 344
319 353
319 440
319 452
319 541
319 679
319 741
319 817
320 373
320 403
321 512
321 547
321 585
321 635
321 698
321 892
322 398
322 512
322 881
322 885
322 894
322 904
323 829
323 957
324 337
324 599
324 601
324 650
324 786
324 796
325 601
326 460
328 481
328 833
328 942
329 694
329 746
330 413
330 576
330 706
331 345
331 355
331 831
331 996
332 405
332 415
332 560
332 666
334 443
334 578
334 696
335 407
335 670
336 347
336 429
336 505
336 677
336 685
336 864
337 427
337 472
337 489
338 421
338 467
338 653
338 741
339 492
339 508
339 640
339 823
339 852
339 940
340 686
341 901
342 544
342 948
343 500
343 538
344 657
344 764
344 964
345 472
346 500
346 691
346 715
346 832
349 478
349 707
349 756
350 390
350 415
350 423
350 505
350 552
350 961
351 463
351 728
352 755
353 408
353 487
353 508
354 983
355 551
355 565
355 834
355 856
355 967
356 361
356 773
356 789
358 425
358 438
358 443
358 776
358 958
359 769
360 409
360 513
361 748
362 657
362 845
362 879
363 568
363 697
365 766
366 469
366 667
366 690
366 767
366 829
367 519
367 582
368 400
369 464
369 530
369 632
369 805
370 450
370 457
371 490
371 686
371 848
372 564
372 949
373 439
373 443
373 805
373 876
373 923
374 414
374 457
374 648
374 742
374 859
375 801
376 540
376 660
377 444
377 667
377 719
377 755
377 966
378 628
379 384
380 556
380 576
380 716
380 827
380 870
381 825
381 895
382 410
382 433
382 436
382 678
382 698
382 798
382 945
383 530
385 561
385 753
386 930
387 939
388 454
388 935
393 869
394 510
394 528
394 774
394 943
396 540
396 731
396 839
397 818
398 486
398 975
400 801
401 454
402 841
403 421
404 526
404 575
404 809
404 827
404 882
404 887
404 950
405 959
407 474
407 995
409 703
413 434
413 521
413 695
413 833
414 811
416 964
417 467
417 489
417 494
417 509
417 709
417 744
418 670
419 493
419 557
419 797
420 583
421 545
421 562
421 641
421 643
421 704
421 750
421 886
422 992
423 579
424 843
425 438
425 837
425 862
425 872
427 658
429 616
429 828
430 974
431 536
431 560
431 888
433 654
433 673
433 1000
434 642
434 693
434 746
434 804
434 973
435 503
436 480
436 600
437 692
437 892
440 622
441 573
441 732
441 736
441 738
441 898
444 556
445 575
445 610
445 861
446 493
446 628
446 663
446 919
447 986
449 911
449 946
450 583
450 780
451 516
451 618
451 672
451 796
451 852
453 497
453 797
453 875
454 723
456 961
457 491
457 604
458 893
459 708
461 612
463 517
464 704
466 479
466 524
466 541
466 671
466 797
466 832
466 841
466 851
466 883
467 834
467 857
467 1000
470 766
470 769
470 798
470 891
471 882
471 918
474 523
475 638
475 688
476 554
477 526
478 753
479 782
480 496
480 626
480 684
480 963
481 578
482 940
484 588
486 605
486 714
487 552
488 731
488 899
489 792
489 991
491 781
492 742
492 752
492 789
493 709
494 561
494 939
494 963
494 967
495 649
495 760
495 977
496 630
498 914
500 996
500 998
504 717
505 677
505 790
506 890
507 788
508 668
510 737
511 592
511 624
511 909
512 957
513 591
514 550
514 624
515 931
516 664
516 821
519 580
519 637
519 828
520 785
521 650
521 785
523 694
523 702
523 778
524 536
526 571
529 813
531 639
535 692
535 851
536 760
538 711
541 922
543 580
543 598
544 705
544 917
545 920
545 934
551 846
552 780
552 812
553 619
553 706
553 861
554 978
555 615
557 976
559 613
559 857
560 888
560 959
562 704
562 803
563 608
567 602
569 573
569 681
569 755
569 807
569 984
569 997
572 740
572 971
579 597
579 607
580 899
583 871
586 806
587 938
589 813
591 758
592 727
592 764
592 902
593 995
594 744
594 854
595 846
595 880
601 828
601 889
601 903
601 998
602 706
602 966
603 609
603 779
604 648
604 672
604 788
605 636
605 913
606 685
606 990
607 732
607 882
609 840
611 734
614 633
614 969
615 968
616 795
617 705
619 662
621 983
624 653
624 697
624 839
625 765
626 981
630 639
630 690
632 658
632 850
633 914
635 679
635 943
636 729
637 791
639 912
640 886
641 645
644 799
645 932
646 849
648 994
651 778
654 810
655 779
655 802
655 805
656 726
656 739
656 768
656 794
656 984
657 702
657 764
660 837
663 783
663 812
663 953
665 946
667 694
668 765
669 862
670 979
672 735
672 743
672 997
675 723
676 727
676 791
681 975
682 944
683 684
683 885
685 980
689 921
697 761
697 792
697 942
698 808
699 903
699 955
704 709
707 915
708 844
710 978
714 936
716 818
717 948
718 790
718 794
718 918
718 999
722 724
722 773
722 904
723 853
723 877
724 924
726 847
726 970
728 857
728 902
729 732
729 984
732 756
732 900
734 941
735 753
737 817
742 802
743 853
743 928
743 954
747 824
748 784
750 795
753 799
754 926
755 781
756 782
759 951
760 771
771 916
771 994
774 891
777 993
781 871
781 942
782 819
785 849
785 907
785 987
786 923
787 895
788 986
798 965
799 816
801 893
801 977
802 897
808 827
810 811
815 903
833 958
834 854
843 978
848 886
862 880
867 929
875 975
880 884
884 932
890 914
890 951
895 901
917 919
920 991
921 933
924 927
925 926
937 995
938 949
939 971
954 988
958 967
964 980
974 999
