0 3
0 4
0 12
0 13
0 19
0 30
0 33
0 35
0 53
0 77
0 83
0 110
0 121
0 122
0 130
0 135
0 152
0 157
0 174
0 202
0 226
0 245
0 283
0 345
0 393
0 399
0 410
0 535
0 550
0 576
0 579
0 644
0 745
0 765
0 870
0 900
0 902
0 925
0 933
1 3
1 5
1 8
1 17
1 18
1 20
1 28
1 32
1 35
1 36
1 38
1 39
1 43
1 47
1 49
1 55
1 61
1 67
1 79
1 84
1 86
1 95
1 101
1 102
1 106
1 113
1 170
1 177
1 186
1 215
1 220
1 232
1 252
1 253
1 254
1 278
1 293
1 294
1 305
1 312
1 317
1 318
1 338
1 349
1 365
1 375
1 382
1 405
1 421
1 463
1 505
1 557
1 560
1 595
1 601
1 627
1 648
1 671
1 676
1 696
1 715
1 771
1 775
1 792
1 814
1 815
1 830
1 870
2 3
2 4
2 7
2 9
2 14
2 15
2 21
2 26
2 39
2 41
2 43
2 51
2 59
2 62
2 66
2 69
2 71
2 73
2 74
2 88
2 90
2 92
2 99
2 101
2 109
2 145
2 179
2 184
2 193
2 208
2 210
2 231
2 239
2 271
2 272
2 281
2 308
2 321
2 437
2 474
2 551
2 612
2 635
2 664
2 673
2 691
2 707
2 811
2 817
2 822
2 832
2 834
2 903
2 928
2 932
3 4
3 5
3 6
3 7
3 8
3 10
3 11
3 16
3 18
3 21
3 22
3 24
3 25
3 29
3 43
3 46
3 54
3 81
3 120
3 126
3 137
3 144
3 182
3 187
3 207
3 211
3 224
3 227
3 230
3 251
3 261
3 279
3 292
3 294
3 316
3 326
3 329
3 341
3 376
3 402
3 421
3 477
3 542
3 551
3 578
3 608
3 621
3 640
3 670
3 683
3 751
3 784
3 789
3 836
3 849
3 854
3 878
3 903
3 910
3 926
4 5
4 6
4 8
4 9
4 21
4 23
4 26
4 37
4 53
4 66
4 93
4 107
4 114
4 115
4 117
4 125
4 148
4 170
4 178
4 182
4 199
4 212
4 218
4 228
4 247
4 256
4 275
4 277
4 299
4 320
4 334
4 338
4 352
4 397
4 412
4 424
4 443
4 464
4 467
4 480
4 533
4 571
4 615
4 620
4 623
4 644
4 653
4 664
4 666
4 749
4 791
4 796
4 813
4 874
4 881
4 908
4 914
4 931
4 934
4 935
5 6
5 7
5 9
5 10
5 11
5 13
5 15
5 25
5 40
5 42
5 56
5 58
5 71
5 92
5 100
5 165
5 202
5 237
5 257
5 313
5 334
5 335
5 358
5 436
5 456
5 481
5 540
5 590
5 628
5 640
5 659
5 772
5 852
5 885
5 895
6 10
6 13
6 14
6 19
6 22
6 45
6 82
6 107
6 135
6 152
6 159
6 194
6 198
6 221
6 246
6 249
6 360
6 417
6 442
6 646
6 721
6 722
6 742
6 796
6 847
6 852
7 12
7 16
7 29
7 40
7 44
7 51
7 52
7 59
7 63
7 65
7 69
7 80
7 83
7 87
7 111
7 112
7 123
7 136
7 154
7 161
7 188
7 229
7 253
7 262
7 280
7 288
7 298
7 303
7 329
7 332
7 357
7 388
7 392
7 435
7 458
7 495
7 498
7 500
7 503
7 504
7 511
7 520
7 538
7 646
7 660
7 701
7 703
7 711
7 751
7 753
7 892
8 11
8 17
8 36
8 61
8 81
8 91
8 126
8 149
8 151
8 163
8 164
8 172
8 222
8 225
8 232
8 262
8 271
8 274
8 312
8 351
8 364
8 391
8 424
8 474
8 493
8 495
8 517
8 584
8 663
8 672
8 682
8 706
8 756
8 811
8 832
8 867
8 884
9 24
9 31
9 56
9 104
9 140
9 173
9 183
9 186
9 201
9 281
9 543
9 704
9 738
9 848
10 12
10 14
10 20
10 22
10 23
10 30
10 37
10 45
10 52
10 97
10 98
10 112
10 116
10 133
10 161
10 244
10 274
10 308
10 340
10 345
10 348
10 352
10 445
10 454
10 463
10 465
10 490
10 508
10 587
10 588
10 621
10 649
10 669
10 726
10 783
10 872
11 48
11 60
11 68
11 77
11 91
11 113
11 115
11 136
11 138
11 149
11 173
11 198
11 217
11 226
11 228
11 231
11 291
11 300
11 307
11 314
11 323
11 409
11 415
11 573
11 619
11 799
12 15
12 16
12 17
12 28
12 33
12 39
12 41
12 57
12 64
12 67
12 88
12 95
12 102
12 111
12 113
12 123
12 133
12 138
12 145
12 170
12 196
12 207
12 215
12 238
12 261
12 266
12 279
12 296
12 313
12 330
12 387
12 406
12 407
12 409
12 420
12 453
12 485
12 509
12 530
12 532
12 541
12 566
12 626
12 641
12 652
12 677
12 734
12 765
12 819
12 853
12 864
12 922
12 926
13 71
13 146
13 318
13 372
14 23
14 25
14 26
14 31
14 34
14 35
14 38
14 45
14 49
14 50
14 54
14 64
14 75
14 82
14 97
14 127
14 129
14 131
14 147
14 162
14 166
14 167
14 178
14 223
14 241
14 258
14 279
14 322
14 339
14 353
14 385
14 426
14 428
14 478
14 548
14 553
14 559
14 590
14 643
14 645
14 679
14 711
14 718
14 723
14 727
14 733
14 739
14 767
14 825
14 847
14 863
15 189
15 703
16 18
16 19
16 57
16 134
16 138
16 190
16 197
16 201
16 235
16 369
16 412
16 457
16 476
16 671
16 801
17 32
17 33
17 47
17 48
17 54
17 55
17 79
17 80
17 83
17 95
17 108
17 114
17 197
17 215
17 224
17 255
17 312
17 336
17 349
17 362
17 381
17 439
17 460
17 484
17 522
17 526
17 555
17 562
17 592
17 661
17 695
17 709
17 738
17 740
17 847
17 907
18 27
18 37
18 53
18 60
18 229
18 256
18 349
18 394
18 463
18 520
18 593
18 636
18 637
18 760
18 819
18 922
19 20
19 34
19 63
19 105
19 108
19 144
19 150
19 153
19 302
19 361
19 389
19 532
19 768
20 24
20 27
20 31
20 47
20 66
20 72
20 88
20 97
20 127
20 139
20 141
20 142
20 147
20 158
20 209
20 213
20 261
20 264
20 266
20 391
20 404
20 407
20 419
20 546
20 577
20 605
20 620
20 651
20 686
20 707
20 790
20 830
20 874
20 882
21 127
21 192
21 256
21 450
21 529
21 812
21 900
22 40
22 49
22 70
22 78
22 103
22 104
22 129
22 174
22 185
22 266
22 290
22 396
22 485
22 486
22 566
22 577
22 585
22 645
22 699
23 28
23 29
23 44
23 76
23 86
23 179
23 189
23 191
23 196
23 321
23 491
23 494
23 519
23 590
23 614
23 677
23 831
23 851
24 27
24 62
24 72
24 85
24 129
24 140
24 168
24 310
24 316
24 319
24 337
24 355
24 358
24 403
24 510
24 631
24 740
24 812
24 814
24 873
25 30
25 32
25 48
25 51
25 59
25 121
25 148
25 150
25 153
25 166
25 193
25 209
25 249
25 327
25 414
25 419
25 421
25 425
25 449
25 471
25 476
25 531
25 609
25 621
25 630
25 666
25 712
25 748
25 754
25 793
25 809
25 832
25 858
25 877
25 933
26 38
26 63
26 99
26 466
27 89
27 100
27 213
27 258
27 390
27 397
27 582
27 609
27 734
27 800
27 854
27 868
27 897
28 42
28 50
28 58
28 61
28 62
28 73
28 87
28 124
28 126
28 173
28 254
28 284
28 310
28 402
28 413
28 518
28 544
28 560
28 607
28 688
28 737
28 763
28 796
28 835
28 845
28 901
28 923
29 42
29 46
29 50
29 55
29 65
29 117
29 122
29 142
29 155
29 237
29 317
29 328
29 574
29 586
29 630
29 780
29 916
30 52
30 94
30 108
30 386
30 433
30 461
30 698
30 820
31 56
31 65
31 69
31 85
31 98
31 152
31 160
31 171
31 175
31 177
31 183
31 208
31 281
31 284
31 380
31 404
31 432
31 456
31 509
31 510
31 511
31 632
31 639
31 642
31 736
31 881
32 34
32 74
32 84
32 96
32 118
32 128
32 164
32 178
32 204
32 252
32 299
32 350
32 388
32 392
32 455
32 483
32 486
32 495
32 677
32 688
32 689
32 718
32 741
32 752
32 817
32 869
32 879
32 892
33 80
33 84
33 240
33 299
33 538
33 588
33 613
33 631
33 678
33 750
33 768
34 78
34 179
34 225
34 377
34 379
34 461
34 602
35 36
35 46
35 106
35 110
35 146
35 253
35 294
35 305
35 460
35 538
35 607
35 800
35 806
35 862
35 893
36 44
36 90
36 112
36 118
36 124
36 200
36 210
36 226
36 232
36 267
36 286
36 287
36 377
36 408
36 438
36 489
36 490
36 567
36 610
36 641
36 682
36 685
36 803
36 824
36 927
37 75
37 120
37 200
37 260
37 272
37 309
37 427
37 472
37 502
37 769
37 911
38 41
38 240
38 662
39 60
39 104
39 118
39 139
39 151
39 316
39 572
40 78
40 91
40 102
40 119
40 133
40 214
40 264
40 310
40 364
40 480
40 548
40 563
40 567
40 681
40 844
40 920
41 135
41 141
41 190
41 242
41 278
41 435
41 503
41 747
41 848
42 67
42 187
42 330
42 425
42 479
43 90
43 231
43 370
43 408
43 469
43 558
44 131
44 268
45 75
45 213
45 216
45 321
45 342
45 386
45 489
45 593
45 595
45 612
45 643
45 667
45 715
45 909
45 927
46 194
46 203
46 216
46 255
46 454
46 521
46 878
47 342
47 441
47 516
47 659
48 72
48 114
48 200
48 220
48 222
48 234
48 248
48 440
48 453
48 475
48 483
48 639
48 655
48 773
48 788
48 838
49 117
49 158
49 238
49 452
49 688
50 64
50 132
50 168
50 169
50 185
50 214
50 268
50 292
50 377
50 396
50 398
50 478
50 553
50 582
50 618
50 722
50 737
50 816
51 549
51 833
52 314
52 367
52 434
52 728
52 904
52 921
53 57
53 70
53 154
53 189
53 289
53 372
53 466
53 617
53 635
53 670
53 791
54 243
54 302
54 366
54 448
54 663
54 708
54 812
55 73
55 89
55 143
55 146
55 333
55 394
55 410
55 440
55 481
55 606
55 614
55 651
55 676
56 58
56 70
56 77
56 199
56 273
56 381
56 402
56 568
56 642
56 792
56 802
57 107
57 165
57 186
57 221
57 227
57 242
57 479
57 531
57 582
57 699
57 778
57 823
58 68
58 214
58 250
58 540
58 599
58 808
59 123
59 230
59 457
59 663
59 747
60 76
60 92
60 105
60 212
60 233
60 295
60 297
60 357
60 371
60 601
60 686
60 710
60 714
60 726
60 871
60 892
61 79
61 172
61 195
61 557
61 895
61 934
62 68
62 96
62 109
62 183
62 303
62 363
62 413
62 462
62 468
62 477
62 572
62 603
62 858
63 82
63 94
63 168
63 209
63 224
63 319
63 323
63 328
63 353
63 448
63 496
63 539
63 891
64 159
64 229
64 575
64 656
64 683
64 888
65 87
65 101
65 164
65 211
65 212
65 219
65 234
65 262
65 444
65 762
66 103
66 110
66 115
66 163
66 171
66 218
66 235
66 250
66 251
66 286
66 562
66 566
66 615
66 633
66 819
66 857
66 917
67 76
67 85
67 93
67 120
67 124
67 158
67 161
67 197
67 240
67 247
67 269
67 369
67 403
67 452
67 491
67 501
67 585
67 593
67 618
67 627
67 633
67 650
67 730
67 865
67 913
67 920
67 924
68 86
68 119
68 159
68 328
68 532
68 596
69 103
69 140
69 298
69 301
69 376
69 408
69 862
70 203
70 434
70 564
71 74
71 94
71 132
71 187
71 258
71 304
71 351
71 462
71 607
71 794
71 861
71 871
71 880
71 896
71 921
72 148
72 157
72 222
72 296
72 352
72 367
72 508
72 597
72 651
72 830
72 873
73 81
73 195
73 835
74 89
74 198
74 307
74 323
74 451
76 98
76 257
76 275
76 335
76 371
76 383
76 393
76 465
76 500
76 533
76 576
76 623
76 705
76 739
76 766
77 802
78 202
78 233
78 268
78 270
78 359
78 641
78 818
78 844
78 864
79 131
79 184
79 343
79 668
79 776
79 818
79 894
79 917
80 100
80 106
80 154
80 236
80 324
80 330
80 340
80 341
80 411
80 499
80 526
80 766
81 134
81 188
81 248
81 496
81 516
81 911
82 125
82 143
82 188
82 192
82 195
82 220
82 252
82 295
82 315
82 361
82 394
82 492
82 546
82 657
82 706
82 783
82 821
82 930
83 359
83 554
83 664
84 639
84 709
85 169
85 245
85 265
85 277
85 311
85 400
86 234
86 400
86 496
86 597
86 700
86 845
86 890
87 147
87 243
87 329
87 364
88 204
88 216
88 777
89 99
89 105
89 130
89 166
89 660
90 182
90 203
90 392
90 443
90 610
90 757
91 111
91 618
91 893
92 93
92 223
92 464
92 515
92 524
93 169
93 185
93 210
93 344
93 373
93 524
93 592
93 598
93 646
93 767
93 850
93 908
94 96
94 116
94 176
95 368
95 456
95 505
95 696
95 711
96 225
96 280
96 325
96 468
96 762
97 119
97 192
97 290
97 390
97 399
97 401
97 481
97 614
97 889
97 919
98 167
98 448
98 749
99 156
99 274
99 396
99 680
99 928
100 180
100 246
100 331
100 334
100 362
100 426
100 518
100 549
100 575
100 584
100 609
100 649
100 791
100 895
101 239
103 109
103 162
103 241
103 304
103 410
103 537
103 781
104 128
104 499
104 764
104 910
105 228
105 309
105 315
105 370
105 445
105 519
105 826
105 880
107 125
107 144
107 155
107 162
107 247
107 250
107 306
107 346
107 360
107 374
107 443
107 461
107 782
107 785
107 793
108 128
108 194
108 327
108 888
109 239
109 320
110 149
110 174
110 482
110 585
110 694
110 736
110 761
110 877
111 297
111 368
111 603
111 678
111 717
112 137
112 217
112 278
112 333
112 356
112 416
112 499
112 606
112 668
112 772
112 821
112 827
112 872
112 899
112 916
113 116
113 143
113 245
113 246
113 291
113 337
113 512
113 838
113 859
114 142
114 238
114 475
115 163
115 271
115 288
115 300
115 333
115 384
115 400
115 420
115 479
115 656
115 681
115 729
115 871
116 447
116 611
116 733
117 121
117 122
117 181
117 191
117 702
117 770
117 842
118 136
118 155
118 160
118 282
119 427
119 555
119 619
120 206
120 308
122 176
122 586
122 780
123 134
123 153
123 296
123 315
123 430
123 437
123 580
123 595
123 624
123 628
123 763
124 398
124 497
124 766
125 404
125 886
126 130
126 156
126 176
126 181
126 190
126 233
126 243
126 536
126 741
126 904
127 193
127 335
127 506
127 719
127 742
128 419
128 492
128 598
128 723
129 167
129 235
129 344
129 361
129 525
129 665
129 839
130 137
130 181
130 390
130 395
130 625
130 694
130 841
131 132
131 440
131 574
131 786
132 260
132 336
133 201
133 244
133 346
133 714
134 206
134 248
134 363
134 383
134 393
134 411
134 416
134 713
134 774
135 139
135 184
135 205
135 263
135 343
135 472
135 508
135 540
135 544
135 674
135 756
136 151
136 177
136 254
136 270
136 273
136 305
136 487
136 602
136 654
136 852
136 858
136 863
137 383
137 385
137 414
137 418
137 429
137 565
137 696
137 708
137 831
138 457
139 141
139 157
139 175
139 270
139 314
139 337
139 354
139 378
139 502
140 175
140 241
141 145
141 284
141 363
141 365
141 668
141 828
141 891
142 150
142 219
142 283
142 290
144 230
144 484
144 724
144 840
145 276
145 380
145 842
146 165
146 251
146 436
146 487
146 524
146 581
146 610
146 654
146 720
146 890
147 156
147 160
147 348
147 643
147 797
149 744
149 817
150 171
150 227
150 667
150 754
151 219
153 172
153 288
153 304
153 431
154 236
154 324
154 600
154 710
155 541
155 737
156 339
156 522
156 680
156 727
156 730
156 758
158 267
158 297
158 375
158 589
158 631
158 633
158 698
158 743
158 813
159 180
159 207
159 272
159 572
159 620
160 811
161 291
161 701
161 878
162 718
162 774
163 204
163 482
163 551
163 693
164 211
164 545
164 662
164 746
164 772
164 922
165 180
165 731
165 854
168 221
168 285
168 324
168 514
168 537
168 571
168 600
168 780
168 823
169 199
169 206
169 242
169 805
169 829
170 191
170 282
170 384
170 415
170 912
171 208
171 218
171 276
171 293
171 325
171 341
171 367
171 473
171 527
171 579
171 856
172 313
172 326
173 259
173 348
173 795
174 368
174 430
174 469
174 550
174 554
174 580
174 924
175 322
175 339
175 356
175 512
176 205
176 265
176 347
176 378
176 760
177 298
177 494
177 825
177 921
178 259
178 636
179 205
179 439
179 534
179 807
179 918
180 575
180 802
181 509
181 678
181 831
181 843
181 914
182 196
182 426
182 605
182 797
182 855
183 285
183 338
183 350
184 263
184 432
184 507
186 401
186 470
186 770
187 422
188 346
188 534
188 771
190 331
190 365
190 414
190 442
190 512
190 525
190 526
190 598
190 655
190 785
190 838
191 223
191 912
193 422
194 493
194 750
194 913
195 237
197 280
197 331
197 433
197 528
197 556
197 900
197 915
198 301
198 731
198 799
199 265
200 679
200 849
202 264
202 275
202 398
202 477
202 578
204 217
204 332
204 347
204 355
205 637
205 887
205 901
206 476
207 276
207 894
207 925
208 293
208 354
208 449
209 713
211 302
211 439
211 629
211 642
211 930
212 388
212 411
212 507
212 722
213 249
213 478
213 488
213 513
213 576
214 306
214 577
214 753
214 810
214 857
214 883
215 760
215 923
216 527
217 571
217 596
218 527
218 563
219 332
220 269
220 366
220 556
220 744
220 809
220 917
221 255
222 269
222 498
222 692
223 342
224 919
225 771
225 835
226 318
226 725
227 236
227 354
227 500
227 784
227 839
229 679
230 283
230 287
230 379
230 474
230 535
230 597
231 303
231 322
231 366
231 418
231 623
231 728
231 736
232 387
232 415
232 467
233 244
233 528
233 662
233 745
233 797
234 630
234 846
235 285
235 906
237 260
237 287
237 340
237 382
237 420
237 682
237 714
237 795
238 399
238 634
239 257
239 493
240 412
240 418
240 451
240 557
240 734
241 454
242 459
242 569
242 798
242 829
243 327
244 309
244 429
244 587
244 897
245 413
245 455
245 480
245 787
246 360
246 511
247 521
247 827
248 259
248 405
248 617
248 672
249 357
249 676
250 475
251 541
251 837
252 295
252 514
252 725
252 825
252 860
252 874
253 729
253 786
254 282
255 424
255 759
256 494
257 263
257 289
259 267
259 550
259 776
259 790
260 292
260 547
260 570
260 769
261 423
261 452
261 492
261 784
261 875
262 286
262 409
263 273
263 374
263 543
263 846
264 319
264 735
265 277
265 455
265 521
265 608
266 431
266 434
266 436
266 488
266 510
266 765
266 773
266 841
268 307
268 317
268 529
268 675
268 783
268 861
270 564
270 837
270 905
270 915
272 626
273 347
273 485
273 568
274 311
274 405
274 561
275 320
275 561
275 777
276 362
276 375
276 406
276 554
276 925
276 929
277 840
278 547
278 553
278 920
279 458
279 488
279 542
279 809
281 351
282 389
282 616
282 666
282 792
283 289
284 423
284 429
284 504
285 358
285 506
285 586
285 728
287 438
287 472
287 611
287 705
287 741
287 916
288 301
288 431
288 667
288 824
289 306
289 441
289 446
289 450
289 617
289 910
290 745
290 876
291 401
291 552
292 311
292 464
292 587
293 325
293 422
293 659
295 369
295 374
296 300
296 343
296 427
296 640
296 748
296 850
297 523
298 372
298 568
298 757
298 816
299 371
299 391
299 403
299 520
299 544
299 723
299 786
299 806
301 449
301 782
301 908
302 356
302 460
302 692
302 803
302 849
303 326
303 397
303 522
303 826
305 862
306 867
307 450
307 776
308 345
308 373
309 542
310 350
310 715
310 842
312 433
313 656
313 703
313 759
314 462
315 445
315 546
315 716
317 473
317 547
317 721
318 355
318 359
318 417
318 599
318 637
318 704
318 769
319 471
319 501
319 753
319 840
320 470
320 536
320 558
320 561
321 378
321 447
321 503
321 539
321 912
322 785
323 648
323 710
325 764
326 901
327 344
327 635
327 750
328 384
329 570
330 648
330 658
330 898
331 373
331 650
332 407
333 353
333 438
333 487
333 625
333 749
333 800
333 822
334 570
334 834
335 336
335 473
335 616
335 902
338 386
338 387
338 649
339 730
339 758
339 906
340 381
340 442
340 446
340 530
340 559
340 681
340 927
341 370
341 915
342 380
342 382
342 465
342 490
342 543
343 735
345 458
345 468
345 634
345 762
345 767
346 385
346 491
348 539
348 689
348 829
350 379
350 733
351 395
351 569
351 806
352 697
353 441
355 569
355 594
355 653
356 627
356 865
357 716
357 826
358 581
358 583
361 428
361 432
361 683
363 712
364 844
364 885
365 395
366 435
366 444
366 619
366 805
366 884
368 469
368 562
370 376
370 537
371 645
372 638
373 638
375 389
376 513
376 795
376 836
377 437
377 535
377 565
378 423
378 695
379 803
380 406
380 489
380 516
380 675
380 687
381 931
382 504
382 519
382 602
382 671
382 853
382 866
384 416
384 622
385 600
386 589
386 652
386 729
386 903
387 417
387 574
387 606
387 731
388 444
388 889
389 573
390 471
390 588
390 616
390 845
390 909
391 497
391 523
391 584
391 887
391 905
393 555
394 530
394 622
394 702
395 531
396 638
396 647
397 466
397 564
397 592
397 658
397 669
397 684
397 747
403 702
403 827
404 605
406 788
406 914
407 486
409 820
409 843
410 690
410 761
414 428
414 459
414 501
416 622
416 673
417 735
418 451
418 701
418 775
420 430
420 459
420 536
420 615
420 732
420 863
420 880
422 824
423 898
424 425
424 746
425 517
426 517
427 665
428 896
428 930
430 515
431 856
436 599
436 720
437 926
438 742
438 882
439 484
439 724
440 507
440 591
440 611
440 624
440 773
440 905
441 446
441 625
441 657
441 836
442 558
442 594
443 821
445 632
446 447
446 482
446 567
446 578
446 691
446 919
447 513
447 724
447 814
447 894
449 470
449 687
449 740
449 841
450 515
452 453
452 787
452 928
453 548
453 787
453 848
454 589
454 685
456 467
457 818
457 933
458 674
460 525
462 788
463 518
463 560
465 580
466 591
468 505
468 533
468 601
468 613
468 909
470 759
470 770
471 514
472 674
472 789
474 498
474 502
474 545
474 596
474 808
475 483
475 691
476 712
476 924
477 604
477 669
480 583
482 698
483 717
483 754
486 528
486 573
487 692
488 497
488 653
489 604
489 647
490 534
490 732
491 828
496 700
496 828
497 523
497 657
498 545
498 626
500 684
500 725
500 889
502 808
503 506
504 559
506 864
510 556
510 779
511 591
512 552
512 746
512 804
512 931
513 603
514 704
514 873
515 529
515 549
515 565
516 675
517 699
518 697
518 793
519 755
519 898
520 833
522 738
522 779
523 695
527 608
528 552
528 689
528 716
535 581
535 932
536 583
536 693
536 896
537 867
538 629
539 870
539 935
542 913
543 632
543 794
545 563
548 629
550 579
550 604
551 752
552 628
552 636
552 644
552 655
552 804
552 815
552 857
552 888
553 761
553 807
555 881
556 781
557 774
561 634
561 743
562 686
564 697
565 594
565 899
566 727
568 694
571 680
571 868
572 690
573 660
574 890
577 661
578 883
581 856
582 768
585 613
585 705
585 876
587 886
590 907
591 624
595 612
595 886
596 918
597 717
598 869
600 823
600 876
600 902
601 647
603 652
603 778
607 685
607 861
608 904
608 929
610 721
613 650
613 654
615 713
615 875
615 918
617 860
619 739
621 906
622 732
623 684
624 756
625 673
625 744
625 893
631 755
631 846
632 658
632 816
635 707
637 719
638 665
638 794
638 801
641 709
641 743
641 757
642 690
642 891
643 799
643 859
645 781
648 661
650 790
651 670
652 751
653 805
655 804
656 810
660 755
660 884
663 672
664 869
665 693
665 719
665 777
668 807
668 853
672 798
672 887
675 687
678 748
679 860
680 700
680 883
681 879
684 850
684 923
686 726
689 720
691 708
692 815
694 779
697 706
698 813
698 822
700 789
703 764
709 859
727 882
728 752
728 865
730 834
731 872
732 866
740 855
743 875
745 778
747 758
747 820
747 851
751 897
752 798
754 885
761 763
766 810
768 775
768 801
769 851
776 833
779 782
779 837
779 929
781 879
784 839
789 855
796 843
813 899
820 877
824 866
834 868
852 911
866 907
875 932
882 935
898 934
