0 3
0 5
0 8
0 10
0 15
0 27
0 37
0 39
0 45
0 49
0 55
0 61
0 76
0 89
0 92
0 93
0 104
0 105
0 107
0 109
0 114
0 119
0 144
0 153
0 154
0 156
0 165
0 173
0 176
0 178
0 179
0 197
0 237
0 358
0 401
0 422
0 435
0 463
0 479
0 482
0 483
0 504
0 513
0 534
0 540
0 541
0 587
0 593
0 598
0 673
0 690
0 719
0 730
0 756
0 780
0 781
0 855
0 865
0 882
0 898
0 909
0 913
0 929
0 930
0 931
0 973
1 3
1 4
1 11
1 22
1 28
1 29
1 59
1 63
1 64
1 95
1 98
1 114
1 174
1 194
1 206
1 212
1 252
1 258
1 278
1 314
1 356
1 519
1 520
1 523
1 538
1 575
1 590
1 604
1 685
1 750
1 771
1 800
1 814
1 871
1 895
1 944
1 986
1 1004
2 3
2 4
2 5
2 7
2 9
2 10
2 14
2 17
2 27
2 30
2 57
2 69
2 71
2 72
2 73
2 87
2 102
2 117
2 121
2 142
2 155
2 176
2 196
2 208
2 244
2 261
2 266
2 280
2 310
2 315
2 332
2 380
2 383
2 393
2 405
2 408
2 422
2 495
2 508
2 524
2 564
2 569
2 578
2 604
2 657
2 666
2 711
2 760
2 896
2 905
2 938
2 991
3 4
3 6
3 7
3 8
3 9
3 13
3 14
3 19
3 20
3 41
3 44
3 67
3 72
3 75
3 77
3 84
3 85
3 86
3 90
3 116
3 124
3 125
3 127
3 128
3 136
3 148
3 151
3 173
3 175
3 179
3 191
3 211
3 227
3 241
3 254
3 259
3 263
3 272
3 273
3 284
3 293
3 307
3 322
3 351
3 370
3 403
3 415
3 424
3 444
3 467
3 491
3 513
3 520
3 521
3 527
3 551
3 557
3 587
3 613
3 618
3 622
3 647
3 648
3 650
3 683
3 705
3 712
3 787
3 806
3 815
3 817
3 836
3 838
3 867
3 872
3 884
3 889
3 902
3 915
3 950
4 5
4 6
4 7
4 8
4 9
4 12
4 16
4 17
4 18
4 23
4 25
4 26
4 29
4 40
4 43
4 69
4 70
4 74
4 76
4 77
4 83
4 95
4 104
4 114
4 143
4 162
4 164
4 169
4 216
4 224
4 232
4 234
4 240
4 284
4 301
4 323
4 328
4 331
4 364
4 407
4 446
4 461
4 471
4 505
4 534
4 542
4 544
4 545
4 547
4 589
4 597
4 612
4 704
4 728
4 753
4 756
4 798
4 852
4 932
4 966
4 972
4 1005
5 6
5 16
5 17
5 42
5 72
5 87
5 90
5 96
5 113
5 135
5 161
5 166
5 174
5 230
5 316
5 399
5 406
5 434
5 572
5 575
5 579
5 828
5 903
5 962
6 11
6 14
6 30
6 32
6 47
6 49
6 55
6 64
6 77
6 79
6 84
6 93
6 103
6 110
6 115
6 118
6 125
6 142
6 146
6 148
6 191
6 206
6 277
6 285
6 294
6 297
6 304
6 313
6 317
6 345
6 346
6 350
6 354
6 355
6 362
6 371
6 386
6 408
6 424
6 429
6 447
6 481
6 536
6 557
6 584
6 647
6 651
6 671
6 697
6 707
6 754
6 848
6 857
6 959
6 979
7 12
7 13
7 15
7 18
7 19
7 21
7 25
7 27
7 35
7 36
7 39
7 43
7 44
7 50
7 54
7 66
7 73
7 75
7 118
7 127
7 163
7 203
7 204
7 227
7 250
7 276
7 291
7 298
7 311
7 347
7 362
7 368
7 371
7 389
7 395
7 424
7 441
7 446
7 514
7 525
7 529
7 548
7 642
7 659
7 676
7 700
7 719
7 725
7 756
7 808
7 868
7 949
7 970
8 10
8 11
8 12
8 15
8 31
8 33
8 34
8 38
8 70
8 76
8 82
8 108
8 138
8 147
8 153
8 156
8 158
8 201
8 217
8 229
8 232
8 239
8 245
8 251
8 264
8 298
8 326
8 358
8 363
8 385
8 417
8 430
8 474
8 488
8 500
8 517
8 539
8 611
8 629
8 656
8 669
8 694
8 698
8 772
8 792
8 810
8 813
8 833
8 852
8 875
8 886
8 939
8 947
8 966
9 13
9 21
9 34
9 35
9 41
9 42
9 52
9 68
9 83
9 105
9 108
9 128
9 143
9 145
9 156
9 162
9 194
9 210
9 219
9 246
9 255
9 315
9 350
9 411
9 422
9 464
9 473
9 543
9 588
9 612
9 783
9 784
9 827
9 875
9 900
9 925
9 939
10 23
10 26
10 46
10 67
10 74
10 96
10 177
10 195
10 205
10 289
10 327
10 627
10 688
10 725
11 16
11 18
11 21
11 26
11 31
11 32
11 106
11 112
11 141
11 150
11 213
11 287
11 344
11 352
11 360
11 486
11 495
11 501
11 598
11 631
11 669
11 691
11 692
11 761
11 842
11 937
11 1005
12 20
12 36
12 45
12 47
12 61
12 62
12 88
12 92
12 101
12 122
12 149
12 183
12 207
12 230
12 237
12 238
12 266
12 279
12 333
12 386
12 410
12 421
12 440
12 469
12 530
12 553
12 565
12 585
12 603
12 626
12 673
12 712
12 717
12 733
12 743
12 787
12 925
12 946
12 968
13 19
13 22
13 58
13 97
13 123
13 129
13 200
13 204
13 245
13 281
13 413
13 462
13 465
13 501
13 677
13 717
13 951
14 23
14 24
14 46
14 48
14 142
14 175
14 402
14 559
14 652
14 694
14 709
14 940
15 28
15 290
15 590
15 784
15 792
15 876
15 910
16 20
16 29
16 54
16 85
16 169
16 182
16 244
16 360
16 378
16 379
16 382
16 450
16 455
16 456
16 479
16 579
16 597
16 687
16 692
16 732
16 830
16 877
16 885
16 891
16 916
16 984
17 24
17 28
17 37
17 51
17 57
17 59
17 81
17 107
17 146
17 160
17 180
17 183
17 189
17 209
17 219
17 243
17 347
17 370
17 428
17 438
17 451
17 512
17 602
17 706
17 731
17 738
17 766
17 788
17 849
18 255
18 299
18 670
19 22
19 24
19 51
19 81
19 83
19 85
19 89
19 91
19 102
19 110
19 111
19 112
19 118
19 120
19 125
19 154
19 165
19 189
19 267
19 280
19 318
19 327
19 334
19 381
19 392
19 399
19 418
19 419
19 484
19 486
19 498
19 524
19 552
19 558
19 561
19 573
19 582
19 583
19 620
19 634
19 639
19 676
19 681
19 691
19 694
19 700
19 727
19 742
19 834
19 846
19 889
19 907
19 926
19 927
19 942
19 998
19 999
20 32
20 33
20 62
20 68
20 103
20 168
20 212
20 287
20 381
20 432
20 562
20 614
21 25
21 50
21 74
21 111
21 151
21 262
21 396
21 482
21 511
21 564
21 581
21 607
21 624
21 764
21 835
22 33
22 51
22 66
22 71
22 80
22 96
22 119
22 149
22 196
22 223
22 295
22 317
22 335
22 337
22 342
22 403
22 492
22 538
22 556
22 566
22 821
23 37
23 43
23 52
23 57
23 82
23 141
23 152
23 159
23 194
23 215
23 228
23 237
23 309
23 310
23 312
23 336
23 359
23 384
23 386
23 398
23 401
23 466
23 537
23 619
23 723
23 809
24 39
24 42
24 78
24 113
24 137
24 291
24 308
24 517
24 573
24 707
24 869
24 878
25 111
25 147
25 278
25 305
25 412
25 460
25 757
26 30
26 31
26 173
26 236
26 261
26 383
26 795
26 810
27 40
27 48
27 62
27 71
27 78
27 211
27 224
27 283
27 416
27 468
27 619
27 665
27 739
27 744
27 763
27 798
27 944
27 954
28 36
28 40
28 82
28 121
28 122
28 170
28 212
28 225
28 307
28 325
28 382
28 445
28 515
28 664
28 843
28 992
29 55
29 56
29 59
29 60
29 75
29 94
29 97
29 106
29 117
29 129
29 131
29 139
29 144
29 145
29 166
29 187
29 220
29 244
29 272
29 376
29 423
29 427
29 442
29 478
29 591
29 727
29 796
29 799
29 808
29 870
29 930
30 35
30 38
30 47
30 116
30 167
30 307
30 322
30 341
30 376
30 419
30 454
30 630
30 685
30 816
30 847
30 888
30 894
30 898
30 978
31 135
31 192
31 230
31 325
31 400
31 409
31 730
31 848
32 46
32 50
32 54
32 58
32 80
32 110
32 115
32 157
32 166
32 188
32 218
32 222
32 225
32 235
32 239
32 246
32 251
32 268
32 346
32 348
32 393
32 394
32 409
32 416
32 420
32 474
32 475
32 491
32 493
32 543
32 559
32 610
32 625
32 636
32 639
32 662
32 663
32 684
32 701
32 708
32 724
32 758
32 809
32 819
32 827
32 923
33 34
33 52
33 65
33 69
33 73
33 87
33 132
33 139
33 159
33 165
33 199
33 226
33 258
33 354
33 583
33 679
33 883
33 958
33 978
34 80
34 98
34 121
34 349
34 357
34 502
34 531
34 567
34 623
34 641
34 713
34 738
34 816
34 843
34 885
34 995
35 38
35 63
35 70
35 99
35 104
35 108
35 133
35 172
35 182
35 190
35 226
35 260
35 281
35 297
35 320
35 347
35 428
35 433
35 459
35 518
35 519
35 752
35 803
35 853
35 877
35 1004
36 45
36 49
36 56
36 132
36 140
36 190
36 353
36 702
37 394
37 727
37 782
38 88
38 99
38 100
38 127
38 168
38 216
38 221
38 231
38 262
38 288
38 293
38 306
38 329
38 397
38 406
38 439
38 458
38 466
38 539
38 552
38 767
38 768
38 835
38 896
38 943
38 965
39 41
39 78
39 88
39 90
39 105
39 207
39 238
39 312
39 343
39 411
39 704
39 916
40 214
40 770
41 138
42 44
42 89
42 126
42 177
42 221
42 272
42 414
42 599
42 614
42 734
42 918
43 48
43 84
43 94
43 134
43 167
43 210
43 232
43 271
43 274
43 286
43 336
43 402
43 412
43 526
43 545
43 589
43 652
43 783
43 804
43 872
44 53
44 63
44 79
44 201
44 254
44 402
44 507
44 555
44 620
44 728
44 745
45 97
45 124
45 144
45 152
45 268
45 431
45 496
45 641
45 650
45 658
45 668
45 722
45 732
45 751
46 53
46 67
46 92
46 175
46 238
46 296
46 340
46 366
46 454
46 644
46 749
46 822
47 185
47 275
47 280
47 314
47 348
47 457
47 489
47 550
47 582
47 588
47 688
48 53
48 95
48 109
48 130
48 170
48 171
48 253
48 361
48 390
48 441
48 443
48 818
49 56
49 61
49 148
49 199
49 537
49 643
49 714
49 793
49 1001
50 504
50 728
50 742
50 748
50 796
51 405
51 512
51 601
51 652
51 834
52 65
52 100
52 143
52 252
52 384
52 470
52 720
53 109
53 161
53 186
53 228
53 311
53 313
53 319
53 350
53 425
53 447
53 547
53 729
53 746
53 890
53 953
54 65
54 66
54 157
54 200
54 236
54 387
54 507
54 509
54 594
54 610
54 887
55 130
55 282
55 383
55 399
55 449
55 463
55 487
55 629
55 713
56 58
56 60
56 64
56 81
56 86
56 133
56 140
56 277
56 379
56 468
56 498
56 628
56 661
56 683
56 841
57 103
57 123
57 199
57 267
57 278
57 303
57 341
57 464
57 675
57 879
58 60
58 136
58 174
58 859
59 396
59 623
59 664
59 901
60 107
60 385
60 546
60 770
61 101
61 129
61 338
61 433
61 715
61 929
61 984
62 255
62 273
62 330
62 333
62 353
62 367
62 423
62 480
62 802
63 247
63 832
63 945
64 134
64 139
64 141
64 178
64 263
64 325
64 344
64 411
64 636
64 778
64 988
65 328
65 334
65 372
65 413
65 460
65 791
65 924
66 94
66 119
66 184
66 220
66 227
66 231
66 265
66 279
66 305
66 308
66 335
66 392
66 397
66 429
66 437
66 452
66 515
66 644
66 746
66 779
66 800
66 912
66 947
66 975
67 68
67 181
67 336
67 388
67 637
68 91
68 130
68 131
68 283
68 323
68 365
68 522
68 685
69 79
69 264
69 305
69 346
69 581
69 584
69 609
69 628
69 768
69 821
69 831
69 950
69 977
69 982
70 93
70 222
70 223
70 265
70 406
70 740
72 146
72 161
72 320
72 342
72 439
72 577
72 580
72 851
73 169
73 245
73 556
73 706
73 721
73 922
74 270
74 512
74 689
75 100
75 147
75 269
75 321
75 503
75 607
75 722
75 970
76 133
76 189
76 312
76 563
76 861
76 1000
77 115
77 123
77 132
77 180
77 197
77 205
77 407
77 434
77 481
77 574
77 765
77 913
78 361
79 122
79 216
79 304
79 427
79 845
79 963
79 996
80 552
80 621
80 1005
81 140
81 374
81 456
81 710
81 934
81 992
82 86
82 126
82 145
82 163
82 171
82 179
82 191
82 201
82 215
82 268
82 276
82 285
82 392
82 413
82 474
82 496
82 505
82 626
82 684
82 824
82 950
83 102
83 184
83 292
83 363
83 367
83 389
83 637
84 233
84 296
84 609
84 785
85 134
85 202
85 455
85 492
85 576
86 204
86 322
86 377
86 722
86 737
87 101
87 164
87 172
87 241
87 282
87 317
87 331
87 429
87 449
87 542
87 592
87 603
87 656
87 682
87 700
87 739
87 751
87 803
87 894
88 91
88 207
88 421
88 531
88 903
90 223
90 961
91 113
91 120
91 180
91 283
91 303
91 516
91 544
91 931
91 941
91 999
92 908
93 197
93 236
93 295
93 605
93 829
93 854
94 98
94 242
94 300
95 298
95 318
96 247
96 915
97 106
97 117
97 135
97 183
97 198
97 242
97 302
97 476
97 668
97 724
97 780
97 911
97 965
98 99
98 112
98 319
98 352
98 532
98 820
98 825
98 831
98 955
99 124
99 150
99 712
99 831
99 947
100 136
100 181
100 239
100 988
101 164
101 241
101 275
101 374
102 404
102 412
102 545
102 803
103 131
103 762
104 128
104 234
104 286
104 297
104 300
104 540
104 994
105 277
105 604
105 635
105 695
105 745
105 825
106 181
106 187
106 308
106 395
106 397
106 404
106 496
106 506
106 574
106 591
106 736
106 774
106 822
107 243
107 263
107 438
107 499
107 531
107 546
107 699
107 983
108 246
108 489
108 600
109 153
109 301
109 390
109 494
111 126
111 248
111 286
111 549
111 783
112 157
112 160
112 208
112 318
112 344
112 357
112 444
112 462
112 494
112 509
112 532
112 560
112 582
112 631
112 674
113 120
113 193
113 301
113 330
113 378
113 410
113 480
113 510
113 567
113 587
113 962
113 979
113 985
114 116
114 155
114 273
114 864
114 963
115 137
115 152
115 329
115 618
115 811
116 365
116 481
116 887
117 149
117 339
118 511
118 730
119 217
120 203
120 260
120 878
121 170
121 315
121 657
121 663
121 668
122 203
122 329
122 584
122 799
122 829
122 924
123 206
123 679
123 909
124 150
124 185
124 188
124 213
124 257
124 285
124 460
124 553
124 645
124 650
124 708
124 978
125 178
125 309
125 899
126 177
126 205
126 233
126 291
126 457
126 476
126 549
126 554
126 593
126 928
128 234
129 137
129 221
129 231
129 256
129 388
129 562
129 603
129 649
129 673
129 812
129 897
130 154
130 158
130 391
130 393
130 611
130 744
131 262
131 371
131 731
132 226
132 789
132 899
133 219
133 220
133 436
133 812
133 997
134 184
134 289
134 357
134 376
134 738
134 881
134 908
135 304
135 459
135 521
135 839
136 138
136 249
136 259
136 358
136 602
136 720
136 754
137 186
137 414
137 461
137 649
137 828
137 851
138 151
138 155
138 316
138 538
138 986
139 362
139 741
139 954
139 966
140 168
140 502
140 726
140 776
140 960
141 182
141 187
141 208
141 209
141 240
141 293
141 302
141 391
141 679
141 798
141 974
141 985
142 192
142 202
142 536
142 555
142 711
142 900
142 967
143 196
143 210
143 805
143 866
144 243
144 737
144 930
145 160
145 186
145 303
145 440
145 527
145 541
145 718
145 747
145 891
146 190
146 387
146 439
146 441
146 872
146 962
146 977
146 998
147 171
147 172
147 185
147 195
147 224
147 229
147 324
148 242
148 548
148 655
148 766
150 369
150 561
150 995
151 158
151 211
151 247
151 271
151 425
151 448
151 472
151 708
151 769
151 788
151 837
151 844
151 921
151 977
152 159
152 162
152 217
152 345
152 483
152 581
152 662
152 787
152 882
153 259
153 337
153 533
154 926
155 316
155 384
155 631
155 702
155 709
155 976
156 235
156 375
156 380
156 461
156 473
156 504
156 561
156 580
156 725
156 982
157 163
157 167
157 214
157 493
157 617
157 807
158 398
158 990
160 271
161 389
161 454
161 555
161 612
161 649
161 823
161 853
161 905
162 176
162 437
162 607
162 735
162 814
163 850
164 228
164 345
164 430
164 535
164 723
164 853
165 627
166 188
166 258
166 369
166 405
166 435
166 477
166 486
166 566
166 571
166 651
166 720
166 757
166 763
166 768
166 867
166 967
166 973
167 225
167 257
167 269
167 306
167 432
167 642
167 667
167 736
168 253
168 290
168 294
168 340
168 373
168 452
168 464
168 551
168 568
168 660
168 879
168 900
168 964
169 865
170 193
170 290
170 686
170 750
170 789
170 910
171 192
172 655
173 193
173 200
173 351
173 501
173 640
173 683
173 816
173 850
173 870
174 249
174 1002
175 528
175 737
175 974
176 266
176 715
177 198
177 373
177 415
177 621
177 695
177 935
178 369
178 433
178 982
179 215
179 382
179 420
179 513
179 586
180 209
180 661
180 861
181 324
181 332
181 340
181 414
181 566
181 810
181 994
182 484
182 487
183 202
183 663
184 394
184 600
184 701
184 714
184 895
185 311
185 339
185 471
185 514
185 560
185 574
185 785
185 859
185 972
186 400
186 937
186 943
186 975
188 213
188 218
188 235
188 248
188 274
188 332
188 343
188 367
188 401
188 585
188 645
188 691
188 914
188 921
189 248
189 261
189 309
189 364
189 391
189 485
189 578
189 630
191 214
191 233
191 294
191 440
191 487
191 560
191 797
191 866
192 432
192 893
193 764
193 985
194 195
195 596
195 883
196 198
196 254
196 331
196 339
196 589
196 611
197 648
197 882
198 743
199 327
200 260
200 310
200 326
200 353
200 539
200 601
200 615
200 651
200 742
200 911
200 990
201 270
201 468
201 516
201 702
202 289
202 442
202 490
202 880
203 676
203 755
203 830
203 856
203 864
204 256
204 349
204 830
204 866
204 960
205 448
206 373
206 656
206 678
207 960
208 218
208 250
208 465
208 577
208 594
209 438
209 529
209 634
210 354
210 942
211 222
211 279
211 355
211 366
211 500
211 548
211 839
211 840
211 980
212 729
213 274
213 288
213 385
213 387
213 572
214 726
214 871
215 453
215 613
216 348
216 409
216 520
217 275
217 288
217 390
218 251
218 503
218 577
218 636
218 677
218 758
219 257
219 287
219 450
219 492
219 927
219 968
220 229
220 253
220 292
220 498
220 596
220 693
220 752
220 860
221 388
221 562
221 599
222 477
222 847
222 997
223 749
224 250
224 351
224 375
224 426
224 465
224 480
224 868
225 299
225 493
225 506
225 654
225 671
225 736
225 759
225 896
226 324
226 615
226 819
227 343
227 529
227 716
227 875
228 356
229 249
229 375
229 693
229 920
232 252
232 372
232 410
232 703
232 778
234 240
234 836
235 256
235 276
235 302
235 419
235 471
235 534
235 558
236 395
238 341
238 624
238 877
239 269
239 430
239 509
239 524
239 670
239 914
239 953
240 616
240 771
241 267
241 281
242 330
242 338
242 655
242 912
243 654
243 698
244 494
244 699
244 923
244 945
246 265
246 420
246 427
246 455
246 507
246 747
247 428
248 359
248 549
248 822
249 321
250 681
250 868
251 491
251 571
251 666
252 284
253 264
254 519
254 659
255 431
255 761
257 437
257 573
257 646
258 813
259 306
259 381
259 578
259 686
260 335
260 881
261 299
261 364
261 400
261 444
261 632
261 800
261 819
261 876
261 919
262 489
263 608
263 773
264 417
264 425
265 446
266 270
266 356
266 380
266 404
266 557
266 565
266 688
267 620
267 762
267 980
268 497
268 936
269 535
269 826
269 845
269 854
270 642
271 467
272 328
273 377
274 398
274 765
274 906
276 576
276 988
277 443
277 485
277 525
277 563
277 815
278 592
278 703
278 790
278 873
278 921
279 659
280 282
280 314
280 363
280 802
280 981
281 370
281 808
282 368
282 488
282 759
282 851
282 861
283 295
283 510
284 296
284 300
284 408
284 472
284 522
284 760
285 403
285 423
285 563
285 836
286 320
286 360
287 635
287 640
288 458
288 572
288 893
289 435
289 514
289 526
289 918
290 323
290 470
290 784
290 899
290 996
291 292
291 374
291 755
291 809
291 815
291 873
291 907
293 618
294 632
294 665
294 716
294 741
294 794
294 971
295 352
296 319
296 342
297 518
297 532
297 802
297 820
297 887
298 595
298 721
298 862
299 564
299 605
300 338
300 747
301 326
301 359
301 470
301 490
301 975
302 965
303 576
303 617
303 791
303 1004
305 619
305 746
306 752
306 981
308 365
309 378
309 447
309 643
309 715
309 847
310 858
310 991
311 550
311 588
311 772
311 786
311 892
312 313
312 476
312 537
312 705
312 906
312 912
312 935
313 334
313 510
313 705
313 710
313 775
314 517
314 544
314 657
314 981
315 523
315 540
315 543
315 713
315 807
316 321
316 671
316 782
317 355
318 633
318 689
318 696
320 379
322 533
323 653
324 417
324 553
324 767
324 844
325 333
326 366
327 361
327 418
327 860
328 368
328 453
328 467
328 644
328 675
328 928
329 829
330 451
330 796
331 396
331 436
331 449
331 458
331 469
331 843
332 660
334 372
335 550
335 653
335 952
336 337
336 377
336 904
336 940
336 941
337 533
337 669
338 523
338 1000
339 852
340 530
340 672
340 864
340 879
340 989
341 687
341 775
341 980
343 687
345 806
346 349
346 462
346 518
346 571
346 824
347 418
347 475
347 478
347 592
347 616
350 483
350 515
350 753
350 780
351 426
351 490
351 646
351 773
351 1002
352 497
352 622
353 647
353 767
353 911
356 450
356 680
358 522
358 585
358 721
359 983
360 885
361 421
361 443
362 696
362 884
363 459
364 526
364 946
365 609
366 838
366 948
367 477
367 734
367 744
367 865
368 416
368 478
368 1003
369 431
369 692
373 626
373 922
375 426
375 748
375 777
375 811
376 442
376 565
376 670
376 969
376 999
377 596
378 502
378 551
378 608
378 891
379 567
379 857
381 881
384 536
384 855
385 672
388 448
388 569
389 734
389 826
389 833
391 415
391 457
391 623
391 748
392 505
392 583
393 499
393 723
394 698
394 750
394 951
395 615
395 791
395 825
396 436
396 451
396 689
396 718
396 792
396 795
397 516
397 733
398 452
398 508
398 641
399 503
399 678
399 699
399 769
400 709
400 764
400 968
401 407
401 934
402 541
403 456
403 527
403 936
404 445
406 495
406 710
406 781
409 485
409 528
410 463
410 625
410 844
411 674
411 948
413 898
416 554
416 586
416 858
417 675
418 475
418 606
418 776
419 664
420 987
421 621
421 690
423 500
423 711
423 874
424 639
427 570
427 660
428 680
430 528
430 600
430 677
430 840
431 957
432 453
432 559
433 434
433 499
433 786
433 850
434 445
435 610
435 667
436 484
437 645
437 779
438 542
438 605
438 674
439 914
440 597
440 797
442 606
442 842
444 933
445 953
447 749
448 806
449 593
450 909
451 535
451 595
451 696
451 880
452 987
453 633
453 643
454 630
454 927
455 637
455 893
457 556
457 681
458 735
459 469
459 482
459 521
459 525
459 602
459 863
459 888
459 894
460 633
460 972
461 479
461 648
462 606
464 473
464 591
465 466
465 732
468 586
468 665
468 823
468 942
469 632
469 743
470 629
471 472
473 979
474 653
475 634
476 488
476 777
476 786
477 817
478 598
478 1003
479 790
481 575
482 568
482 971
483 753
484 635
484 686
484 763
485 530
485 590
485 622
485 886
485 939
486 740
487 547
487 741
488 724
488 901
490 497
491 827
493 506
493 1001
494 613
494 658
494 745
494 795
494 904
496 594
499 625
499 886
500 617
500 646
500 690
500 697
500 716
500 820
500 902
500 984
502 624
502 867
503 804
503 920
505 508
505 846
506 569
506 735
506 805
506 969
507 511
507 703
507 931
509 658
509 789
511 640
511 840
512 682
512 993
515 915
516 654
517 554
519 608
519 771
522 778
527 695
528 570
531 662
531 956
534 558
534 754
535 568
535 616
535 638
535 769
535 936
535 949
536 994
537 570
537 707
537 876
537 974
538 666
539 775
539 817
540 682
544 595
544 919
544 973
545 546
546 580
546 693
546 874
546 992
548 706
548 948
549 661
550 697
551 837
553 614
553 917
556 807
556 993
558 788
559 860
559 928
560 832
563 599
563 841
564 579
564 758
566 701
567 989
570 628
571 672
571 733
571 1003
574 627
575 601
575 638
575 755
581 793
582 926
584 924
585 739
586 785
590 956
591 895
593 925
598 781
598 903
599 835
600 932
601 718
602 933
603 726
604 704
604 762
604 845
604 905
606 717
606 890
606 959
607 774
607 814
608 729
608 804
609 765
609 938
613 638
613 799
614 760
614 918
615 848
617 684
626 797
628 821
631 920
633 719
634 759
634 838
636 773
638 839
638 883
639 740
640 824
640 910
643 667
645 944
648 856
648 957
649 714
649 986
650 818
652 680
652 932
658 770
658 841
658 946
659 801
660 751
661 854
664 857
664 917
664 951
665 823
666 828
668 678
669 794
669 813
670 832
670 869
670 941
670 963
671 777
671 969
674 976
677 901
679 731
681 869
683 772
683 774
685 862
693 790
695 961
700 834
703 892
707 991
708 952
716 888
717 943
720 766
721 862
722 957
728 757
728 958
729 935
729 949
729 971
730 919
731 871
732 897
734 833
735 934
736 761
736 902
737 908
738 776
738 801
739 954
740 812
743 794
743 805
749 958
752 801
759 987
762 793
764 993
766 855
769 779
769 1001
771 929
771 959
771 970
772 897
775 782
778 849
781 878
781 913
781 955
782 906
787 945
788 818
788 849
788 859
788 863
794 880
795 904
795 940
799 955
805 811
805 952
807 826
812 837
812 937
815 858
815 923
815 983
825 842
828 863
830 846
830 856
832 916
836 874
840 873
840 938
844 933
848 976
854 892
854 964
857 870
865 884
865 890
868 998
873 956
882 961
882 996
887 889
887 1002
889 917
889 922
892 989
902 907
912 967
912 1000
918 964
977 990
982 995
992 997
