0 3
0 4
0 8
0 10
0 14
0 18
0 31
0 46
0 47
0 64
0 79
0 96
0 103
0 118
0 126
0 156
0 160
0 189
0 228
0 240
0 241
0 247
0 273
0 316
0 322
0 328
0 348
0 379
0 411
0 542
0 589
0 610
0 649
0 658
0 708
0 786
0 794
0 806
0 844
0 847
0 951
1 3
1 5
1 6
1 7
1 9
1 10
1 11
1 16
1 17
1 18
1 22
1 32
1 34
1 36
1 45
1 46
1 48
1 81
1 93
1 100
1 101
1 107
1 118
1 121
1 125
1 131
1 151
1 179
1 183
1 193
1 232
1 235
1 250
1 256
1 268
1 270
1 295
1 306
1 350
1 358
1 362
1 368
1 371
1 474
1 503
1 522
1 593
1 638
1 673
1 686
1 820
1 830
1 853
1 861
1 953
1 970
2 3
2 4
2 5
2 8
2 9
2 10
2 12
2 21
2 23
2 26
2 28
2 33
2 37
2 47
2 51
2 64
2 68
2 74
2 76
2 86
2 100
2 134
2 136
2 137
2 142
2 147
2 161
2 168
2 175
2 190
2 203
2 218
2 233
2 245
2 248
2 249
2 273
2 291
2 302
2 305
2 307
2 323
2 333
2 365
2 366
2 386
2 398
2 403
2 409
2 418
2 453
2 498
2 509
2 512
2 603
2 611
2 615
2 621
2 628
2 633
2 637
2 639
2 647
2 692
2 699
2 723
2 725
2 743
2 758
2 780
2 786
2 788
2 816
2 839
2 843
2 863
2 918
2 970
3 4
3 5
3 6
3 7
3 11
3 13
3 15
3 16
3 19
3 24
3 27
3 28
3 30
3 34
3 40
3 42
3 43
3 45
3 53
3 54
3 55
3 57
3 60
3 61
3 65
3 71
3 72
3 73
3 74
3 77
3 84
3 85
3 87
3 89
3 92
3 93
3 96
3 99
3 101
3 102
3 105
3 106
3 109
3 111
3 113
3 117
3 118
3 122
3 123
3 124
3 125
3 129
3 131
3 137
3 141
3 146
3 162
3 164
3 197
3 199
3 202
3 218
3 219
3 222
3 229
3 236
3 249
3 250
3 252
3 253
3 267
3 272
3 284
3 289
3 300
3 304
3 305
3 309
3 312
3 316
3 325
3 330
3 331
3 338
3 341
3 343
3 351
3 356
3 365
3 377
3 378
3 385
3 388
3 389
3 392
3 398
3 411
3 420
3 427
3 430
3 434
3 439
3 459
3 467
3 481
3 492
3 494
3 505
3 543
3 548
3 550
3 566
3 573
3 580
3 615
3 631
3 642
3 650
3 658
3 667
3 686
3 727
3 729
3 746
3 749
3 758
3 773
3 812
3 816
3 843
3 851
3 855
3 866
3 872
3 928
3 937
3 972
4 7
4 9
4 15
4 17
4 19
4 21
4 22
4 29
4 35
4 45
4 56
4 58
4 63
4 87
4 90
4 92
4 104
4 111
4 112
4 135
4 140
4 143
4 217
4 268
4 285
4 286
4 302
4 362
4 381
4 390
4 397
4 422
4 443
4 502
4 517
4 528
4 613
4 629
4 653
4 714
4 730
4 766
4 879
4 902
4 914
5 6
5 13
5 16
5 20
5 23
5 31
5 41
5 44
5 59
5 67
5 95
5 128
5 140
5 143
5 149
5 154
5 157
5 181
5 200
5 213
5 266
5 350
5 448
5 455
5 473
5 524
5 548
5 549
5 592
5 593
5 599
5 679
5 747
5 756
5 762
5 793
5 815
5 888
6 8
6 11
6 12
6 35
6 37
6 39
6 79
6 98
6 114
6 152
6 153
6 175
6 192
6 201
6 208
6 229
6 262
6 391
6 418
6 474
6 485
6 528
6 583
6 641
6 657
6 703
6 712
6 730
6 756
6 851
6 855
6 916
7 12
7 23
7 62
7 64
7 168
7 179
7 209
7 269
7 590
7 598
7 832
7 868
7 900
8 108
8 113
8 164
8 186
8 195
8 279
8 319
8 511
8 534
8 945
8 953
9 15
9 19
9 29
9 30
9 33
9 34
9 57
9 70
9 85
9 86
9 114
9 119
9 122
9 132
9 139
9 170
9 171
9 181
9 184
9 195
9 207
9 251
9 261
9 268
9 295
9 328
9 336
9 358
9 367
9 381
9 394
9 395
9 472
9 492
9 512
9 524
9 557
9 605
9 616
9 636
9 648
9 674
9 771
9 822
9 835
9 848
9 877
9 887
9 912
9 915
10 17
10 47
10 51
10 122
10 212
10 218
10 302
10 551
10 563
10 569
10 666
10 738
10 747
10 825
10 933
10 959
10 969
11 13
11 14
11 20
11 25
11 38
11 66
11 89
11 123
11 148
11 152
11 162
11 171
11 193
11 194
11 246
11 277
11 286
11 299
11 311
11 366
11 382
11 419
11 466
11 510
11 514
11 600
11 607
11 702
11 714
11 719
11 729
11 737
11 824
11 831
11 862
11 890
12 21
12 27
12 36
12 41
12 44
12 49
12 50
12 66
12 67
12 71
12 81
12 87
12 88
12 97
12 102
12 103
12 107
12 116
12 142
12 146
12 166
12 170
12 171
12 186
12 199
12 212
12 230
12 236
12 237
12 242
12 243
12 259
12 267
12 311
12 337
12 370
12 403
12 448
12 466
12 476
12 499
12 500
12 501
12 516
12 545
12 602
12 609
12 616
12 640
12 655
12 707
12 724
12 735
12 753
12 787
12 814
12 834
12 873
12 913
12 920
12 924
12 928
12 947
12 966
13 14
13 48
13 78
13 126
13 162
13 192
13 329
13 540
13 638
13 784
14 18
14 28
14 55
14 227
14 329
14 425
14 513
14 581
14 602
14 633
14 909
14 935
15 26
15 35
15 76
15 127
15 131
15 200
15 284
15 294
15 408
15 462
15 465
15 470
15 569
15 701
16 22
16 41
16 53
16 57
16 65
16 68
16 94
16 104
16 108
16 144
16 193
16 217
16 237
16 244
16 260
16 379
16 382
16 388
16 438
16 447
16 461
16 571
16 588
16 613
16 704
16 741
16 777
16 783
16 803
16 825
16 835
16 901
17 25
17 38
17 39
17 53
17 91
17 214
17 272
17 327
17 343
17 666
17 754
17 829
17 871
17 883
18 20
18 54
18 106
18 147
18 185
18 224
18 318
18 503
18 504
18 614
18 616
18 663
18 675
18 722
18 866
18 875
19 27
19 29
19 52
19 59
19 60
19 80
19 85
19 116
19 202
19 235
19 288
19 300
19 357
19 366
19 389
19 516
19 533
19 564
19 574
19 594
19 639
19 736
19 789
19 813
19 893
20 24
20 25
20 26
20 32
20 33
20 36
20 52
20 73
20 83
20 120
20 130
20 134
20 139
20 201
20 254
20 277
20 389
20 436
20 456
20 472
20 473
20 596
20 826
20 922
20 971
21 24
21 31
21 37
21 50
21 92
21 141
21 283
21 339
21 341
21 360
21 416
21 434
21 721
21 890
22 56
22 75
22 460
22 720
23 40
23 83
23 96
23 326
23 480
23 482
23 484
23 526
23 881
24 69
24 117
24 156
24 221
24 259
24 369
24 461
24 529
24 597
24 645
24 693
24 800
24 962
25 44
25 124
25 148
25 184
25 195
25 205
25 237
25 277
25 292
25 332
25 336
25 339
25 346
25 431
25 454
25 465
25 495
25 728
25 740
25 873
25 900
26 32
26 40
26 151
26 161
26 289
26 319
26 357
26 407
26 597
26 733
26 903
26 930
27 49
27 106
27 327
27 499
27 876
28 38
28 67
28 69
28 120
28 135
28 202
28 207
28 215
28 239
28 242
28 263
28 301
28 316
28 344
28 402
28 603
28 682
28 701
28 784
28 874
28 888
28 974
29 30
29 54
29 60
29 62
29 93
29 99
29 149
29 157
29 183
29 205
29 303
29 450
29 471
29 492
29 506
29 530
29 574
29 588
29 612
29 726
29 937
30 56
30 59
30 63
30 114
30 263
30 266
30 267
30 455
30 821
30 927
31 156
31 164
31 169
31 213
31 224
31 364
31 377
31 527
32 43
32 46
32 52
32 58
32 66
32 70
32 77
32 90
32 159
32 185
32 226
32 261
32 265
32 299
32 329
32 339
32 453
32 460
32 470
32 509
32 518
32 581
32 652
32 678
32 731
32 749
32 869
32 973
32 976
33 58
33 71
33 80
33 230
33 288
33 346
33 475
33 534
33 673
34 43
34 48
34 102
34 105
34 124
34 372
34 547
34 691
35 105
35 127
35 148
35 160
35 216
35 232
35 239
35 340
35 360
35 405
35 428
35 537
35 538
35 600
35 734
35 764
35 805
35 854
35 893
35 946
36 39
36 42
36 270
36 486
36 579
36 586
36 695
36 755
36 819
37 120
37 140
37 230
37 260
37 313
37 452
37 707
37 759
37 912
38 130
38 286
38 330
38 562
38 607
38 678
38 729
39 198
39 594
40 42
40 157
40 172
40 373
40 480
40 486
40 591
40 653
40 936
41 50
41 91
41 153
41 165
41 174
41 442
41 445
41 469
41 538
41 542
41 594
41 598
41 632
41 687
41 769
41 909
42 75
42 97
42 126
42 189
42 362
42 695
42 755
43 100
43 185
43 200
43 226
43 233
43 371
43 394
43 417
43 523
43 826
43 891
43 894
44 155
45 55
45 119
45 138
45 497
45 595
45 806
45 897
45 898
46 109
46 137
46 166
46 207
46 223
46 255
46 270
46 301
46 334
46 379
46 417
46 447
46 449
46 508
46 670
46 676
46 680
46 683
46 724
46 889
46 923
46 964
47 51
47 82
47 216
47 239
47 244
47 264
47 272
47 288
47 291
47 375
47 486
47 565
47 566
47 608
47 772
47 864
48 49
48 61
48 265
48 298
48 350
48 376
48 383
48 401
48 417
48 440
48 644
48 656
48 679
48 852
48 973
49 78
49 84
49 216
49 324
49 355
49 451
49 518
49 519
49 557
49 624
49 669
49 739
49 844
50 61
50 73
50 103
50 104
50 175
50 332
50 445
50 493
50 552
50 663
50 815
50 855
51 70
51 72
51 74
51 95
51 187
51 211
51 234
51 262
51 292
51 371
51 462
51 494
51 605
51 706
51 743
51 803
51 858
52 130
52 257
52 349
53 62
53 75
53 84
53 123
53 141
53 158
53 166
53 174
53 177
53 198
53 242
53 243
53 245
53 251
53 256
53 275
53 327
53 396
53 399
53 469
53 494
53 517
53 570
53 620
53 645
53 675
53 677
53 825
53 975
54 354
54 483
54 580
54 706
55 63
55 69
55 80
55 88
55 128
55 138
55 173
55 219
55 225
55 276
55 593
55 609
55 710
56 81
56 108
56 110
56 133
56 246
56 281
56 750
57 113
57 333
57 906
58 65
58 182
58 413
58 475
58 525
58 742
58 906
59 94
59 132
59 153
59 199
59 255
59 321
59 331
59 504
59 802
60 107
60 155
60 285
60 359
60 391
60 460
60 482
60 543
60 546
60 578
60 803
60 902
60 958
60 961
61 82
61 95
61 109
61 136
61 158
61 256
61 278
61 298
61 325
61 435
61 880
62 627
62 884
62 891
63 79
63 223
63 247
63 280
63 308
63 360
63 376
63 380
63 414
63 481
63 722
63 893
63 914
63 969
64 318
64 334
64 429
64 451
64 719
64 824
64 886
65 68
65 76
65 86
65 90
65 110
65 112
65 150
65 197
65 258
65 361
65 416
65 700
65 843
66 72
66 77
66 78
66 361
66 432
66 443
66 541
66 606
66 797
67 82
67 110
67 585
67 790
67 820
68 83
68 91
68 194
68 196
68 304
68 726
68 773
68 832
68 933
69 89
69 165
69 168
69 320
69 441
69 520
69 533
69 585
69 811
69 901
69 914
69 960
70 150
70 167
70 563
71 217
71 219
71 234
71 370
71 897
71 915
72 111
72 116
72 147
72 172
72 179
72 210
72 228
72 274
72 507
72 685
72 747
72 930
73 88
73 173
73 278
73 599
73 919
73 934
74 133
74 177
74 188
74 258
74 296
74 322
74 406
74 422
74 473
74 478
74 479
74 507
74 515
74 532
74 575
74 583
74 639
74 662
74 685
74 840
74 874
74 918
75 121
75 129
75 189
76 139
76 163
76 261
76 269
76 445
76 458
76 619
76 834
76 968
77 169
77 258
77 448
77 584
77 671
77 860
78 180
78 187
78 215
78 301
78 363
78 676
78 833
78 836
79 101
80 142
80 145
80 151
80 226
80 463
80 671
80 762
80 812
80 926
81 129
81 154
81 188
81 310
81 353
81 428
81 577
81 653
81 919
82 170
82 577
82 603
82 617
83 94
83 176
83 182
83 220
83 271
83 319
83 331
83 491
83 545
83 601
83 640
83 684
83 705
83 715
83 873
83 921
84 190
84 194
84 213
84 234
84 345
84 442
84 479
84 500
84 514
84 699
84 856
85 155
85 737
86 165
86 837
87 276
87 544
87 951
88 98
88 143
88 154
88 641
88 711
88 748
88 899
89 112
89 117
89 144
89 210
89 221
89 279
89 337
89 353
89 400
89 546
89 550
89 608
89 670
89 823
90 351
90 381
90 458
90 554
90 834
90 864
91 99
91 160
91 196
91 240
91 424
91 498
91 576
91 621
91 629
91 695
91 767
91 818
91 886
92 128
92 146
93 98
93 161
93 176
93 283
93 287
93 444
93 570
93 611
93 635
93 716
93 858
93 940
93 943
94 97
94 115
94 149
94 159
94 192
94 238
94 279
94 311
94 321
94 364
94 406
94 466
94 558
94 620
94 634
94 654
94 763
94 813
94 822
95 235
95 253
95 271
95 344
95 349
95 426
95 964
95 972
96 163
96 342
96 373
96 393
96 400
97 115
97 121
97 180
97 191
97 238
97 315
97 363
97 513
97 522
97 668
97 720
97 780
97 796
98 182
98 241
98 433
98 462
98 469
98 836
99 223
99 402
99 419
99 970
100 138
100 177
100 225
100 347
100 496
100 885
100 892
101 382
101 407
101 431
101 434
101 832
101 850
102 306
102 318
102 383
102 570
102 668
102 939
103 178
103 396
103 554
103 558
103 732
103 889
104 115
104 220
104 241
104 372
104 432
104 479
104 587
104 713
104 728
104 741
104 850
105 187
105 210
105 303
105 624
105 658
105 805
105 955
106 144
106 305
106 324
106 409
106 410
106 644
106 652
106 901
106 905
107 136
107 173
107 540
107 567
108 119
108 176
108 369
108 525
108 556
108 821
108 856
108 865
109 125
109 132
109 357
109 768
109 804
109 821
109 867
110 133
110 399
110 560
110 875
111 211
111 225
111 604
111 697
111 881
112 197
112 640
113 668
113 690
113 795
113 809
114 209
114 221
114 395
114 456
114 459
114 482
114 823
115 402
115 412
115 423
115 464
115 609
115 731
116 190
116 198
116 451
117 252
117 322
117 400
117 537
117 584
117 681
117 756
117 809
118 345
119 127
119 369
119 384
119 433
119 495
119 651
119 924
120 313
120 315
121 150
121 222
121 418
121 452
121 558
122 145
122 553
122 626
122 688
123 231
123 787
123 799
123 956
124 134
124 135
124 152
124 174
124 233
124 296
124 333
124 386
124 411
124 468
124 471
124 534
124 565
124 582
124 776
124 913
125 281
125 611
125 742
125 746
126 167
126 265
126 271
126 297
126 300
126 539
126 692
127 145
127 181
127 248
127 294
127 356
127 387
127 413
127 424
127 437
127 441
127 560
127 579
127 627
127 671
127 698
127 961
128 390
128 941
128 964
129 163
129 203
129 314
129 814
129 878
130 158
130 359
130 426
130 543
130 596
130 704
130 807
131 178
131 209
131 293
131 424
131 547
131 582
131 662
131 667
131 761
131 808
131 933
131 947
132 254
132 259
132 303
132 317
132 488
132 564
132 882
132 955
133 498
133 887
134 184
134 264
134 359
134 435
134 481
134 700
134 715
134 743
136 183
136 236
136 273
136 275
136 299
136 335
136 361
136 435
136 501
136 509
136 620
136 685
136 745
136 776
136 882
136 965
137 307
137 426
137 676
138 264
138 347
139 384
139 450
139 651
140 432
140 759
141 541
141 880
141 954
142 169
142 257
142 444
144 324
144 349
144 441
144 790
144 935
144 948
145 298
145 313
145 897
146 206
146 250
146 439
146 489
146 632
146 763
146 810
146 960
147 654
148 159
148 212
148 224
148 269
148 421
148 527
149 191
149 208
150 172
150 191
150 408
150 490
150 491
150 537
150 705
150 768
150 915
151 180
151 290
151 355
151 544
151 569
151 655
152 414
152 507
152 637
152 642
153 475
153 628
154 336
155 206
155 702
156 206
156 412
156 562
156 571
156 702
156 710
156 896
156 934
157 178
157 201
157 215
157 274
157 317
157 458
157 489
157 587
157 764
157 828
157 965
158 621
158 827
158 882
158 968
159 228
159 282
159 354
159 396
159 496
159 563
159 592
159 931
160 282
160 335
160 557
160 748
160 856
160 975
161 167
161 368
161 415
162 214
162 415
162 430
162 623
163 484
163 724
163 741
163 920
163 925
164 208
164 290
164 387
164 423
164 549
164 590
164 622
164 727
165 307
165 521
165 634
165 698
166 374
166 641
167 287
167 419
167 429
167 443
167 552
167 666
167 745
167 872
167 903
168 204
168 205
168 320
168 583
169 257
169 456
170 238
170 308
170 604
170 717
171 353
171 497
171 720
172 660
172 838
173 211
173 367
173 535
173 957
174 243
174 521
174 633
174 673
174 716
176 227
176 231
176 248
176 323
176 556
176 643
176 943
177 280
177 323
177 392
177 767
177 942
177 974
178 294
178 532
179 204
179 285
179 348
179 651
179 697
179 781
180 196
180 471
180 546
180 574
180 823
181 186
181 240
181 249
181 280
181 383
181 393
181 408
181 701
181 947
182 304
182 942
184 188
184 390
184 510
184 630
184 757
184 777
184 846
185 345
185 675
186 344
186 384
186 774
186 782
188 231
188 244
188 296
188 310
188 446
188 561
188 601
188 711
188 788
188 814
188 841
188 874
188 957
189 247
189 378
190 284
190 377
191 306
191 407
191 591
191 669
191 760
191 778
191 796
191 847
191 932
191 936
191 944
192 204
192 245
192 252
192 290
192 485
192 934
193 229
193 255
193 527
194 220
194 254
194 421
194 439
194 457
194 511
194 512
194 619
194 661
194 788
195 227
195 347
195 597
195 664
196 632
196 793
196 831
197 415
197 433
197 523
197 562
198 287
198 312
198 483
198 709
199 214
199 321
199 454
199 461
199 484
199 739
199 770
199 904
200 410
200 571
200 585
201 260
201 464
201 489
201 708
201 969
202 203
202 650
202 710
202 894
202 911
203 330
203 338
203 394
203 706
204 320
204 699
204 801
205 222
205 232
205 262
205 282
205 340
205 380
205 393
205 506
205 850
205 952
205 954
206 652
207 610
209 253
209 346
211 470
211 476
212 246
212 251
212 459
212 477
213 315
213 542
213 667
214 293
214 297
214 437
214 440
215 804
216 266
216 436
216 565
216 752
216 817
217 438
217 592
217 642
217 808
218 352
218 535
218 610
218 791
218 800
218 909
219 326
219 392
219 395
220 281
220 397
220 584
220 917
221 309
221 409
221 421
221 440
221 657
221 826
222 545
222 696
224 591
224 614
224 631
224 655
225 343
226 515
226 738
227 308
228 283
228 385
228 410
228 646
228 797
228 865
228 875
231 376
231 519
231 878
232 476
232 568
232 870
232 923
233 332
233 405
233 575
234 293
234 317
234 718
234 925
234 960
235 352
236 275
236 401
236 414
236 519
236 625
236 680
236 787
236 820
236 907
237 292
237 295
237 309
237 340
237 487
237 730
237 778
238 373
238 540
238 861
238 918
240 274
240 684
240 767
241 474
241 483
241 504
241 522
241 839
242 341
242 342
242 779
242 859
242 928
243 493
243 681
244 436
245 334
245 552
245 564
245 628
245 734
245 744
245 938
246 314
246 372
246 535
246 689
246 746
246 760
247 404
248 386
248 468
248 721
248 785
248 853
248 895
249 291
249 649
249 689
249 835
250 312
250 505
250 511
250 725
250 936
251 457
251 566
251 608
251 693
251 723
251 829
251 887
251 944
252 568
253 502
254 728
254 867
255 365
255 374
255 491
255 765
255 827
256 669
256 725
256 845
257 654
258 263
258 932
259 513
259 869
260 622
260 708
260 917
263 444
263 555
263 819
264 416
264 514
264 600
264 714
264 931
265 510
265 766
266 297
266 530
266 648
266 650
266 744
266 956
267 278
267 428
269 364
269 397
269 807
269 824
269 892
270 517
271 413
271 493
271 846
271 961
272 398
272 449
272 523
272 958
273 276
273 314
274 380
274 420
274 576
274 644
274 690
274 709
274 774
275 422
275 891
276 289
277 857
277 859
278 425
279 829
279 941
280 375
280 378
280 731
280 782
280 798
280 804
281 310
281 406
281 425
281 467
282 490
282 664
283 385
283 450
283 876
283 959
284 589
284 615
284 770
284 792
285 352
285 631
285 949
287 635
288 351
288 607
288 962
289 325
289 464
289 623
290 635
290 870
291 438
292 326
292 830
293 647
294 404
294 531
294 553
294 626
295 442
295 596
295 612
295 618
295 715
295 806
295 853
296 587
297 358
297 463
297 560
297 789
298 388
300 335
300 501
301 465
302 769
305 363
305 399
305 403
305 686
305 773
305 800
305 830
306 692
306 792
306 958
307 752
308 613
309 423
309 705
310 338
310 430
311 920
312 387
312 547
312 940
313 375
314 370
314 446
314 684
314 736
314 752
316 536
316 605
316 805
318 490
319 515
321 524
321 561
321 595
321 636
321 662
321 727
321 943
322 497
322 561
323 531
324 401
324 485
324 520
326 328
326 732
328 549
328 657
328 663
329 356
329 480
329 842
330 348
330 883
330 925
331 647
331 872
332 559
333 342
333 354
333 355
333 405
333 530
333 693
333 881
333 913
334 337
334 404
334 499
335 368
335 572
336 367
336 453
336 502
337 698
337 764
339 503
339 717
339 723
340 518
342 508
342 757
342 779
344 427
344 967
345 525
345 643
347 446
348 508
348 785
348 938
351 526
352 521
353 689
354 496
355 672
355 888
356 412
356 478
356 769
357 487
357 550
357 857
358 828
359 374
359 556
359 700
360 697
362 391
362 447
362 713
362 842
364 452
364 581
364 758
365 580
365 624
365 732
367 766
369 627
370 420
370 551
370 963
372 488
372 532
373 863
373 879
376 437
376 467
376 487
376 751
376 753
376 878
377 536
381 554
382 656
383 531
383 950
384 774
385 538
385 661
385 703
386 904
386 945
387 606
387 740
387 871
387 948
389 506
389 842
390 722
390 748
391 713
391 841
391 857
391 932
391 952
392 588
392 619
392 919
392 974
394 468
394 548
394 573
394 648
394 659
396 589
399 962
400 677
400 687
402 944
404 431
405 478
406 880
408 604
408 716
411 454
412 427
413 696
413 845
414 711
414 833
414 930
415 429
416 967
417 516
417 582
417 762
417 811
417 831
417 883
418 786
418 838
419 694
419 770
419 929
421 860
421 967
422 683
424 839
427 455
429 660
430 590
430 595
431 626
431 704
432 555
432 637
432 712
436 623
436 721
436 783
437 674
439 775
440 555
440 696
440 965
441 505
441 625
441 763
441 899
442 846
443 900
444 572
445 775
447 449
447 457
447 688
449 472
449 488
450 526
450 674
450 691
452 463
452 660
453 972
457 694
461 735
462 477
462 894
463 528
463 908
464 789
464 921
465 617
465 740
465 910
467 573
467 753
468 836
470 841
470 927
470 940
472 649
474 495
474 612
475 477
477 783
479 529
479 572
479 575
479 776
479 792
479 871
482 745
482 799
482 877
484 906
485 664
487 520
487 533
487 544
487 750
489 500
489 759
489 810
491 941
492 568
492 630
493 973
494 618
494 751
494 976
496 677
496 679
496 870
497 579
497 630
499 578
500 617
500 625
500 810
501 885
502 661
502 665
505 688
506 718
506 877
507 541
507 859
508 801
508 849
508 950
511 529
511 869
513 737
513 899
514 682
515 718
515 954
516 586
519 577
519 646
519 884
519 907
519 949
520 735
520 799
522 536
524 681
526 738
526 782
528 602
529 553
529 952
530 539
530 598
530 707
530 809
530 818
532 939
534 670
535 636
535 780
536 578
536 858
536 975
537 559
537 819
538 539
539 838
540 567
540 775
540 861
541 618
541 659
541 683
542 551
542 817
543 599
544 863
544 950
545 576
548 794
550 614
550 645
550 892
550 971
551 837
551 852
553 559
553 802
555 567
555 916
557 634
557 736
557 739
558 938
559 659
560 680
561 754
564 643
565 638
567 854
569 712
571 719
571 860
574 760
579 895
581 749
582 757
583 586
583 703
584 917
586 921
587 772
587 865
587 896
587 922
588 778
588 862
590 690
590 847
591 656
591 886
592 931
597 862
599 601
599 682
600 807
603 606
603 665
603 717
603 848
606 848
607 935
609 784
611 966
612 945
613 646
613 734
615 963
616 796
618 622
619 902
620 629
620 687
620 765
620 798
620 908
622 750
624 815
624 895
625 907
629 808
631 793
631 876
631 946
633 791
633 904
633 910
637 665
637 694
637 726
637 911
638 957
639 828
640 867
641 672
641 761
641 827
642 672
644 678
644 946
645 963
647 923
651 771
651 790
652 926
653 709
654 797
654 884
655 761
658 794
659 744
660 742
660 779
663 908
665 966
666 929
666 959
668 837
674 691
677 849
680 771
681 822
689 754
691 898
692 785
694 791
694 929
699 768
700 866
705 777
709 818
710 864
711 765
712 733
712 852
712 896
712 905
715 755
716 816
717 916
717 939
720 955
725 798
726 733
728 812
730 751
730 801
730 898
731 971
735 781
737 927
738 840
739 949
742 889
745 833
747 772
750 903
753 795
760 956
767 844
771 817
772 802
776 912
779 781
785 868
785 890
787 968
790 795
790 868
793 813
795 905
796 811
805 879
806 854
810 845
814 885
818 851
825 926
826 910
830 953
832 849
836 840
838 942
839 911
849 976
863 937
873 951
896 922
919 924
939 948
