0	0.87554453
1	0.86964232
2	0.87548743
3	0.87564338
4	0.87580662
5	0.86189079
6	0.87558676
7	0.87090154
8	0.87586756
9	0.87553964
10	0.87583340
11	0.87541488
12	0.87560614
13	0.87575336
14	0.87519818
15	0.87554136
16	0.87549415
17	0.87551430
18	0.87536747
19	0.87566852
20	0.87557668
21	0.87545029
22	0.87560653
23	0.87558225
24	0.87537332
28	0.87555441
29	0.87573388
30	0.87552092
33	0.87532044
34	0.87548637
36	0.87552313
37	0.87552428
38	0.87550422
40	0.87554472
41	0.87559655
42	0.87553263
45	0.87447601
48	0.87561084
49	0.87479376
50	0.87538340
53	0.87554491
55	0.87536987
60	0.87567582
61	0.87574568
62	0.87562937
64	0.87517630
68	0.87538580
70	0.87577917
72	0.87567831
77	0.87544213
78	0.87567543
80	0.87481967
83	0.87570134
84	0.87557342
86	0.87497447
100	0.87480768
103	0.87219760
105	0.87362486
106	0.87358752
113	0.87478714
116	0.87071276
123	0.87017361
127	0.87180125
128	0.87512226
129	0.87503695
134	0.87500710
141	0.87046996
142	0.86879674
147	0.87286344
150	0.86695729
157	0.87477534
164	0.87194367
172	0.87240326
178	0.85934271
179	0.85445710
181	0.85793417
184	0.87263925
194	0.87475883
201	0.85560269
204	0.87508551
248	0.86927505
258	0.85076603
263	0.85764914
274	0.86239875
279	0.85758042
280	0.86877495
289	0.84409251
307	0.86686612
309	0.85502361
317	0.84313608
327	0.85987726
338	0.85633570
344	0.86273685
357	0.83322457
360	0.85112294
364	0.86913868
365	0.86541228
372	0.85775787
375	0.84304616
379	0.84172236
388	0.85391488
400	0.82697083
404	0.84158532
405	0.85006286
406	0.83576939
435	0.84941324
453	0.85237073
470	0.84410605
492	0.82640931
506	0.84069491
524	0.80812601
530	0.81128225
532	0.79995288
534	0.79275499
535	0.81302745
544	0.81684415
549	0.79210797
556	0.82014386
557	0.85276036
564	0.74773378
574	0.82488973
578	0.85119165
580	0.81881881
590	0.80764184
598	0.79663244
616	0.80743522
626	0.82643637
628	0.82004731
636	0.80079798
639	0.76320624
644	0.82290720
648	0.82282706
650	0.81114434
665	0.71480326
709	0.79818944
718	0.78237179
722	0.81231516
725	0.77650777
738	0.84388762
759	0.79235950
767	0.76833340
772	0.81903445
785	0.83832908
791	0.77808512
803	0.77276593
808	0.78209203
814	0.78965787
818	0.77178916
833	0.78113013
835	0.79903656
853	0.74135048
885	0.76344088
906	0.77443868
908	0.80615749
909	0.78015307
910	0.77917121
912	0.74136046
933	0.74762083
939	0.76003090
958	0.75114770
961	0.74258177
969	0.75391017
983	0.73350960
984	0.72681084
1009	0.78691737
1023	0.74246440
1029	0.79143656
1045	0.76102946
1053	0.78733090
1075	0.75845835
1077	0.74632265
1085	0.77667754
1098	0.76750163
1099	0.72316814
1119	0.77763263
1130	0.75830902
1141	0.78499645
1142	0.72264693
1145	0.74299309
1153	0.80409712
1159	0.72292015
1163	0.72133800
1180	0.76930365
1192	0.72715902
1215	0.70808676
1238	0.81784155
1242	0.75006488
1258	0.74691267
1278	0.73744942
1296	0.73089530
1396	0.71251468
1407	0.70686411
1432	0.71934846
1436	0.72931257
1440	0.73568589
1447	0.72658215
1465	0.73524415
1466	0.71155086
1471	0.71883090
1492	0.72484750
1503	0.71202917
1522	0.68216459
1528	0.66511852
1538	0.70346910
1540	0.71707754
1558	0.73954741
1560	0.69659952
1583	0.74870106
1596	0.71951814
1615	0.70384933
1618	0.69445566
1631	0.70987965
1634	0.69557476
1648	0.71668906
1675	0.70528359
1676	0.71726353
1682	0.71124597
1692	0.68177140
1701	0.70585720
1725	0.69955086
1750	0.71109827
1760	0.70380576
1802	0.67112917
1821	0.66391900
1868	0.68296228
1874	0.66725825
1954	0.68141075
1995	0.66609827
1996	0.67949319
2004	0.66113570
2027	0.70048992
2030	0.66752207
2051	0.68873791
2064	0.65560480
27	0.87566833
43	0.87551958
121	0.87558839
122	0.87409060
133	0.87113378
149	0.87442303
173	0.87550816
205	0.86560806
206	0.85301948
234	0.86760144
286	0.86015298
324	0.85931545
380	0.85821478
423	0.79817802
452	0.86343109
559	0.83344232
611	0.78655835
614	0.80178820
645	0.80000307
664	0.75425825
666	0.80914616
678	0.76612140
775	0.82047678
813	0.78691209
832	0.75367284
836	0.79520134
882	0.77421651
1054	0.71240134
1082	0.78194319
1115	0.80258033
1125	0.78605288
1149	0.81053397
1216	0.75272121
1295	0.69815940
1360	0.70993004
1371	0.73711631
1647	0.69124712
1669	0.70743081
1790	0.70722965
1816	0.71428839
1839	0.70012889
1939	0.71638724
1981	0.69093119
2068	0.67338167
25	0.87561987
26	0.87556507
31	0.87576161
35	0.87569578
52	0.87556977
59	0.87555192
71	0.87550624
95	0.87450163
101	0.87560221
111	0.87265221
154	0.86012207
167	0.86052409
177	0.86211267
183	0.86832543
193	0.86993061
219	0.84965106
226	0.87274664
230	0.86137793
252	0.86546737
265	0.86257179
268	0.85574914
284	0.87073282
290	0.86993925
300	0.85344914
310	0.86413599
312	0.83820845
321	0.84634578
326	0.83901583
329	0.84364386
425	0.83221727
440	0.81288090
444	0.82995211
464	0.78677351
465	0.82954856
475	0.82787639
490	0.83928916
491	0.81611718
496	0.84497083
551	0.82152841
563	0.78520825
568	0.80840355
573	0.79635413
576	0.83202735
604	0.80939511
612	0.81721152
620	0.80800077
633	0.79655537
655	0.73402927
685	0.82359702
721	0.75617831
744	0.80659328
751	0.78854693
766	0.76612092
780	0.82118954
788	0.76320365
799	0.78287745
811	0.80204347
812	0.79246094
827	0.77719155
828	0.78568186
839	0.78833743
859	0.74607294
873	0.77974309
881	0.77209645
924	0.82170672
925	0.75719203
926	0.76199127
929	0.74812255
930	0.81265384
960	0.79540969
991	0.76081699
1096	0.77454012
1097	0.79858992
1108	0.72032083
1169	0.73441737
1171	0.74902083
1173	0.71485211
1189	0.80326996
1193	0.77946612
1200	0.73772351
1205	0.74013013
1244	0.72347083
1277	0.76040230
1300	0.68661564
1358	0.75498177
1375	0.73007514
1398	0.73244837
1484	0.68051276
1504	0.75204607
1506	0.71631017
1508	0.71716392
1512	0.68497898
1519	0.71482620
1533	0.71094962
1569	0.73166939
1589	0.74914990
1593	0.73283935
1609	0.67747754
1674	0.67779395
1697	0.70757908
1727	0.67723906
1748	0.69843417
1761	0.68767543
1795	0.67022514
1818	0.69512207
1858	0.69771756
1932	0.67039971
1958	0.66696257
2005	0.66174002
2069	0.68695173
2077	0.66136948
32	0.87554424
39	0.87557553
46	0.87579578
51	0.87563772
54	0.87556257
67	0.87504587
82	0.87551449
89	0.87257572
91	0.87552687
93	0.87376823
99	0.87513071
143	0.87174674
145	0.87295298
152	0.87483695
159	0.87212111
190	0.87207428
200	0.86340998
208	0.86535278
209	0.87018349
213	0.87308177
221	0.85662745
229	0.86736948
244	0.85951987
247	0.85639942
255	0.87306948
259	0.86553839
269	0.82206987
283	0.86938983
313	0.87227821
381	0.83429837
384	0.85436622
398	0.86135038
430	0.81917860
434	0.82547102
437	0.80586564
457	0.81408071
462	0.80994443
469	0.79854069
471	0.84889357
482	0.83912802
483	0.83803541
489	0.77671814
526	0.79057284
560	0.81297476
602	0.84194088
603	0.81286631
608	0.79136987
615	0.78526843
617	0.81818455
622	0.84478724
634	0.79449107
651	0.83693417
656	0.83022274
684	0.71665067
704	0.80034117
723	0.76415739
733	0.71416660
741	0.72029770
754	0.79010509
755	0.73868829
792	0.83766583
822	0.80713618
825	0.76480931
844	0.73568820
857	0.77648896
903	0.82305202
922	0.76653119
923	0.80397687
954	0.73288541
962	0.79141823
996	0.75311737
1026	0.76264088
1034	0.78249962
1051	0.72348071
1083	0.74473359
1175	0.71015096
1179	0.75801344
1190	0.74400595
1194	0.73159213
1273	0.75633100
1279	0.67072150
1284	0.77937390
1304	0.70474434
1313	0.73554981
1319	0.68783349
1330	0.74660298
1349	0.74540998
1381	0.71333004
1391	0.72679770
1415	0.74776507
1437	0.70777543
1460	0.75969434
1481	0.72403225
1601	0.72538503
1605	0.68915537
1671	0.71101804
1677	0.68805192
1679	0.66348186
1684	0.70787457
1695	0.69392917
1783	0.72649367
1808	0.72272658
1830	0.69178407
1894	0.68723253
1902	0.67783263
1915	0.68263791
1946	0.67340432
1956	0.66566046
1985	0.68743820
2014	0.65762226
2041	0.67937092
2053	0.68045048
56	0.87556219
65	0.87559136
73	0.87571939
87	0.87559645
94	0.87477226
97	0.87217524
108	0.87355480
118	0.87253896
131	0.87412610
132	0.87417274
136	0.86594760
138	0.86874184
156	0.86197975
158	0.86598551
174	0.87222390
211	0.87147716
214	0.86901305
215	0.87129712
241	0.82895278
254	0.85649635
260	0.86473263
264	0.83023954
271	0.86333628
278	0.84157754
285	0.86232265
295	0.82077793
297	0.86034578
299	0.85648100
337	0.83823004
358	0.84998426
368	0.84521996
382	0.83051804
410	0.85560777
447	0.81967524
449	0.86488369
463	0.84097869
466	0.83981094
503	0.83817754
513	0.82626996
519	0.84399261
570	0.80507764
575	0.83565845
581	0.82997236
594	0.78900355
595	0.78789386
629	0.82085192
649	0.80378983
667	0.84523349
670	0.81127514
680	0.77053752
695	0.77797965
760	0.79136267
764	0.73680221
779	0.81685182
784	0.77688589
798	0.83990739
843	0.81190979
897	0.72564789
931	0.71443292
953	0.74695077
964	0.75062169
1015	0.77308023
1038	0.77323810
1055	0.77506209
1067	0.74855086
1086	0.73799923
1147	0.71828599
1150	0.73407342
1285	0.73317745
1327	0.77011679
1328	0.67742466
1356	0.71165701
1363	0.69540106
1380	0.69921459
1411	0.72506209
1420	0.71865576
1425	0.73588061
1434	0.72348820
1462	0.69279683
1463	0.69540096
1464	0.69390240
1491	0.71464837
1518	0.69725893
1545	0.66661766
1547	0.68397265
1617	0.71808906
1705	0.68980480
1743	0.69920845
1764	0.67135557
1844	0.69991459
1875	0.66590969
1903	0.68790451
1919	0.66756075
1937	0.68758301
1984	0.68455787
2045	0.66715893
79	0.87490758
124	0.86078464
126	0.87528877
163	0.87460010
176	0.87139837
217	0.86733378
281	0.84504127
298	0.85268023
390	0.79592534
508	0.84272073
593	0.84373033
692	0.80340509
826	0.74808589
1007	0.77522015
1014	0.78084357
1019	0.75789933
1032	0.78094194
1042	0.79424712
1342	0.77051699
1408	0.72364434
1602	0.71132121
1620	0.67748474
1742	0.71805106
1784	0.67664655
44	0.87548186
57	0.87590240
63	0.87542188
76	0.87428704
96	0.87471219
107	0.87468647
135	0.86692956
166	0.87375585
182	0.87410566
188	0.86838464
198	0.86551420
240	0.85910269
253	0.87278551
296	0.83635998
302	0.87230816
346	0.85798820
348	0.84673484
370	0.85931296
371	0.81698445
377	0.87125921
386	0.85460845
432	0.83779693
461	0.83972869
502	0.80827889
523	0.84337630
527	0.82656679
571	0.80818695
579	0.78487169
659	0.81132140
686	0.75571027
699	0.81349357
726	0.80730355
735	0.82587198
737	0.79353397
746	0.78983167
783	0.77375797
790	0.81247150
817	0.79669712
864	0.75924674
913	0.77494088
952	0.79928935
955	0.76985432
957	0.78654175
967	0.82337399
994	0.74206171
1033	0.74014750
1041	0.78216459
1100	0.77014463
1102	0.77054155
1174	0.78003109
1201	0.75875154
1237	0.73673205
1264	0.72457975
1335	0.75300758
1365	0.76398839
1430	0.77089069
1526	0.74157639
1566	0.68952063
1577	0.68438820
1585	0.72667610
1606	0.73284146
1640	0.72570182
1721	0.71400326
1754	0.69291939
1769	0.71364923
1788	0.67108906
1863	0.69527985
1911	0.69628925
1947	0.66537342
2063	0.67030633
58	0.87548704
75	0.87526286
273	0.86574280
345	0.81350355
397	0.84901679
541	0.79139261
584	0.82176679
627	0.77251036
658	0.79483359
748	0.83282697
816	0.77228138
823	0.79736334
911	0.78241008
970	0.78028752
1024	0.75856008
1072	0.74124386
1073	0.76686286
1094	0.78633868
1104	0.77029155
1459	0.69252610
1482	0.71493752
1499	0.67859904
1779	0.67334290
1944	0.66548369
1977	0.66949501
47	0.87532764
66	0.87551296
69	0.87574040
81	0.87535605
88	0.87464597
110	0.87390192
112	0.87435681
125	0.87509040
137	0.86080202
151	0.87007582
165	0.86903167
168	0.87095845
169	0.87065950
175	0.87290086
195	0.86557332
236	0.84782150
243	0.86373973
249	0.85580633
251	0.87115893
266	0.86439693
275	0.86884683
287	0.83089894
311	0.85520038
319	0.86406775
340	0.82425461
352	0.83592457
363	0.85199434
392	0.83910211
394	0.80097255
429	0.79638656
450	0.86648541
540	0.83230845
582	0.81787668
600	0.79678829
640	0.84856065
752	0.79754664
763	0.78362687
848	0.77176324
849	0.79078512
869	0.74237620
896	0.81639328
950	0.80799002
977	0.75411286
1081	0.77434060
1134	0.72941804
1157	0.73974117
1158	0.74851603
1178	0.70802226
1212	0.75641363
1217	0.77094712
1230	0.73373580
1255	0.74528263
1281	0.72164568
1282	0.74313714
1293	0.70495489
1315	0.71524328
1359	0.74820106
1405	0.70552726
1422	0.75516161
1457	0.73035605
1550	0.73857726
1555	0.68091987
1592	0.72663033
1626	0.70794866
1627	0.67802236
1749	0.68581996
1856	0.68863618
1864	0.68296804
1922	0.69320816
1930	0.69151113
1940	0.67408532
1965	0.67105643
1975	0.67844578
1979	0.69003772
1982	0.70123157
1987	0.67812946
85	0.86645557
92	0.87304079
187	0.87382793
192	0.87329060
207	0.86759319
216	0.87402831
220	0.85933359
222	0.85548743
223	0.87205902
225	0.86837140
227	0.86070758
261	0.86466046
282	0.84539597
288	0.86463877
306	0.84880605
314	0.86360969
333	0.81729645
353	0.84602831
354	0.85139846
422	0.86937994
459	0.84126718
484	0.82433925
493	0.83853464
507	0.81167553
599	0.82586248
605	0.82935931
607	0.82567678
674	0.81401929
711	0.77680211
729	0.74437678
757	0.76685163
762	0.76883061
765	0.79791036
797	0.75676344
837	0.76700000
840	0.74734299
856	0.73681910
858	0.82760163
875	0.80304990
1046	0.74055125
1219	0.74874549
1247	0.76297044
1252	0.71952226
1280	0.79082649
1364	0.74432380
1376	0.70607716
1441	0.75313407
1494	0.71728628
1539	0.71990259
1611	0.71424664
1646	0.72583436
1668	0.67706056
1704	0.67794990
1714	0.70595211
1741	0.67966929
1758	0.66911622
1772	0.68143983
1775	0.67962102
1812	0.68415413
1882	0.70097524
1885	0.66935461
1900	0.70942457
1916	0.69002361
1941	0.67038157
1994	0.67890413
2056	0.68595058
153	0.86878560
238	0.86735393
318	0.86249856
359	0.79502207
411	0.79553877
446	0.83959789
736	0.79292217
834	0.81212706
887	0.75566766
1036	0.76525835
1172	0.73155662
1234	0.74072063
1245	0.76963177
1249	0.80062879
1263	0.74905576
1286	0.72028896
1320	0.70943349
1410	0.71862726
1477	0.71926651
1515	0.72524194
1578	0.71292207
1587	0.72277025
1608	0.68213695
1651	0.67252207
1747	0.73321564
1781	0.69933474
1823	0.67911699
1896	0.69079779
1920	0.68013848
1963	0.66599578
1998	0.69421459
2049	0.68673301
90	0.87558426
104	0.86894213
162	0.87244491
231	0.86292322
232	0.87104607
233	0.86678388
239	0.86246084
276	0.86164962
303	0.85729146
305	0.86595854
322	0.82807898
383	0.86092083
418	0.84546987
426	0.83975777
448	0.82066727
454	0.84390038
456	0.81912706
473	0.85301468
480	0.82103464
514	0.81714117
554	0.82230106
586	0.77141334
663	0.77896324
689	0.77785288
694	0.79958944
696	0.83024319
730	0.76976785
774	0.78031267
810	0.77038752
824	0.79297745
831	0.74705403
892	0.79340144
900	0.81859952
951	0.74230528
990	0.77826459
1006	0.73352668
1052	0.77605960
1118	0.76114194
1135	0.77677447
1136	0.75036411
1160	0.76954098
1186	0.76008177
1196	0.72853599
1202	0.80424914
1203	0.72401516
1240	0.75976056
1248	0.71678474
1275	0.75411967
1310	0.72003004
1344	0.68421488
1348	0.72778023
1370	0.71552774
1373	0.73802438
1377	0.71178013
1382	0.68840806
1402	0.72581392
1404	0.68981871
1429	0.70913417
1485	0.73573023
1510	0.73379491
1520	0.74744530
1573	0.67664060
1690	0.71069232
1694	0.67982524
1738	0.69447188
1787	0.71021219
1815	0.69939424
1828	0.68616737
1832	0.69795988
1835	0.68077534
1879	0.68167841
1910	0.72422111
1918	0.66582754
1969	0.66762294
2003	0.67606104
2044	0.66661113
2073	0.68614885
109	0.87471209
120	0.86979213
170	0.87295451
199	0.86273340
242	0.87202409
256	0.86157735
277	0.86248877
369	0.78275154
376	0.84723551
378	0.84468157
387	0.84274712
389	0.81368800
396	0.84679031
468	0.75601727
478	0.83800317
485	0.83919952
497	0.84333896
525	0.83760701
545	0.84424213
583	0.76517447
596	0.80466910
609	0.84527793
613	0.82338378
661	0.75987351
673	0.79695067
688	0.72913263
691	0.83662246
713	0.80720096
739	0.76907092
854	0.76331996
870	0.78220845
880	0.76557802
889	0.78921142
893	0.77479376
902	0.83880029
927	0.77968580
928	0.78444885
942	0.77109165
946	0.76381084
949	0.75314530
1020	0.76987015
1208	0.72853570
1223	0.72472226
1231	0.76593791
1274	0.70711862
1294	0.74181977
1318	0.74837668
1339	0.72357361
1368	0.70183311
1438	0.77544827
1489	0.72519971
1629	0.66571564
1729	0.69168071
1735	0.69391219
1766	0.68179655
1819	0.71074530
1831	0.73377246
1834	0.66196046
1878	0.70228772
1913	0.68323618
1955	0.70016756
2019	0.67431161
2060	0.67285029
119	0.87448090
144	0.87494655
155	0.87557015
180	0.87226305
185	0.86289866
212	0.87046017
235	0.85818119
291	0.86935086
323	0.85939587
336	0.86034607
343	0.83249827
356	0.85552466
412	0.83852658
427	0.83572649
455	0.84491209
537	0.78374597
543	0.80403119
546	0.83206727
566	0.82999904
585	0.81295115
642	0.83459904
646	0.80217140
652	0.80491286
657	0.78595566
672	0.82633455
705	0.75084060
719	0.82354280
745	0.81791324
756	0.81663704
769	0.74731219
795	0.74752975
846	0.76352745
917	0.74492821
1001	0.77082102
1079	0.75849088
1091	0.78494357
1105	0.75371065
1111	0.78371766
1124	0.72435691
1206	0.74477332
1225	0.77860701
1239	0.74266958
1307	0.68995029
1334	0.72643148
1393	0.72347438
1473	0.71196075
1531	0.69446219
1662	0.68002274
1693	0.67514520
1717	0.71415298
1737	0.68630979
1765	0.70401152
1780	0.68097073
1791	0.67814760
1811	0.69666363
1893	0.68196027
1970	0.67153714
2024	0.66829050
2035	0.66856536
2047	0.66463042
2052	0.67020701
2076	0.66583800
210	0.86739559
237	0.87159223
294	0.83760576
301	0.85738762
325	0.85013608
335	0.84908868
339	0.87141996
341	0.85174127
385	0.84661651
391	0.85256363
393	0.84893532
407	0.84004885
420	0.85779021
592	0.77916622
641	0.77382121
669	0.81512678
781	0.78491996
850	0.79153292
865	0.79382207
888	0.76018186
901	0.79852869
919	0.76639184
972	0.76961708
1050	0.76444539
1117	0.75946027
1132	0.77279626
1146	0.71253244
1183	0.74551392
1324	0.73820259
1326	0.71840720
1357	0.70445393
1388	0.72575480
1453	0.70990787
1478	0.72984587
1502	0.76357150
1570	0.68799616
1637	0.69875403
1681	0.71202524
1726	0.68764559
1751	0.68419338
1759	0.67463887
1857	0.68659136
2079	0.66351180
139	0.86482898
203	0.87139568
332	0.82782476
408	0.83038282
431	0.84854559
505	0.82180019
533	0.83466478
558	0.79564242
610	0.80516718
668	0.82458896
675	0.83738512
714	0.81419472
724	0.80734635
731	0.78877946
782	0.77254914
793	0.83111248
899	0.74235432
915	0.76520480
918	0.75653512
974	0.77419655
976	0.78891996
1035	0.78680854
1065	0.73957793
1112	0.75377390
1123	0.75948378
1299	0.74266084
1302	0.73271804
1427	0.72163349
1513	0.73296689
1524	0.71354079
1548	0.72671027
1559	0.70912111
1562	0.67282217
1621	0.69607572
1625	0.67884050
1752	0.68800154
1867	0.68031900
1938	0.68347399
2083	0.67531219
102	0.86329405
114	0.87295480
117	0.87542457
130	0.87303589
186	0.87135086
189	0.84230681
191	0.86360298
250	0.87402284
257	0.83083925
270	0.85047025
292	0.85534837
293	0.86162418
342	0.81240585
349	0.83394779
362	0.85483484
373	0.83928618
395	0.84657169
403	0.86107380
415	0.85323532
416	0.85636631
417	0.84636679
428	0.85456324
436	0.80716699
441	0.84177754
451	0.75358023
515	0.81295940
520	0.80300326
561	0.82108042
647	0.81734319
671	0.80968666
690	0.77053752
706	0.80754117
732	0.80608417
773	0.81459136
776	0.81693512
815	0.80804789
860	0.77356795
886	0.76428532
898	0.77662706
944	0.78459856
1002	0.74559223
1060	0.75630710
1109	0.79095451
1116	0.76945221
1167	0.77152418
1229	0.75161344
1232	0.69373359
1254	0.71319175
1256	0.73244242
1276	0.71382418
1311	0.78311891
1355	0.68681286
1385	0.68320326
1403	0.74595624
1424	0.72066056
1474	0.71339904
1488	0.67735845
1546	0.70833129
1598	0.69531497
1624	0.72943464
1663	0.71555336
1712	0.67478369
1718	0.72393474
1744	0.70505298
1786	0.69319261
1798	0.68422514
1852	0.70654875
1859	0.71876324
1860	0.69016929
1889	0.67249875
1964	0.70741180
1986	0.66113570
2021	0.66853033
2046	0.67118983
2062	0.67774213
2070	0.66588071
74	0.87569856
98	0.87437630
115	0.86631152
140	0.87573589
148	0.87258042
196	0.87287687
197	0.85674031
245	0.86709223
328	0.86472255
330	0.85387025
331	0.84839482
350	0.85822236
355	0.86045528
367	0.83334434
409	0.79572370
414	0.83767361
421	0.86316305
460	0.80913464
479	0.79922332
488	0.84204223
509	0.77173417
511	0.82274664
517	0.83500988
529	0.79983129
565	0.82882226
587	0.84089367
588	0.83717975
589	0.83569894
601	0.83854088
697	0.79145873
717	0.81578781
753	0.80269731
758	0.77487975
789	0.77251104
794	0.80934693
809	0.77818167
861	0.79416977
866	0.75289568
874	0.78634088
989	0.73151209
1000	0.78509280
1005	0.79364367
1012	0.74898340
1018	0.79638119
1039	0.79889549
1047	0.80455374
1087	0.78426411
1166	0.74905883
1213	0.79590058
1251	0.74003829
1262	0.74557188
1316	0.73650806
1343	0.72290422
1346	0.71120288
1379	0.69715365
1401	0.73152889
1435	0.69667850
1468	0.68343052
1496	0.70813551
1584	0.73347917
1622	0.73106747
1630	0.70335480
1639	0.67549088
1652	0.70619117
1656	0.72112169
1730	0.69825518
1756	0.67424434
1776	0.74062553
1825	0.67252495
1853	0.67594808
1907	0.69631315
1914	0.66980067
1925	0.67046708
1928	0.67984856
1929	0.66427063
1948	0.67577380
1957	0.66916008
1990	0.66415154
2028	0.66718848
2075	0.66082514
2078	0.65080374
161	0.87102572
224	0.86355749
315	0.85543685
419	0.86436459
439	0.85791708
467	0.81386286
494	0.84841488
516	0.83223541
518	0.81965537
538	0.84431967
606	0.80808925
662	0.76066977
693	0.79644818
707	0.82805854
712	0.80070029
750	0.79295211
768	0.85366305
805	0.75723215
863	0.79477898
867	0.75230998
883	0.81575077
938	0.80639012
945	0.77717313
992	0.75426545
999	0.74447054
1037	0.79945845
1043	0.77558916
1044	0.81580873
1058	0.74012428
1090	0.79306871
1092	0.79027649
1138	0.71209635
1143	0.76247303
1154	0.72368464
1155	0.72462965
1170	0.72672169
1218	0.74171440
1268	0.73556756
1287	0.74733628
1341	0.76975969
1372	0.69332044
1378	0.74985960
1483	0.70922418
1490	0.67074770
1501	0.70403992
1563	0.76033954
1595	0.70716766
1613	0.70999367
1632	0.66514942
1666	0.66752322
1723	0.68277706
1833	0.70687514
1837	0.70489299
1854	0.68307150
1870	0.66296468
1872	0.70277294
1973	0.70317073
2007	0.67228196
2012	0.66475681
2057	0.67276737
2061	0.67110940
316	0.83313417
351	0.85466180
424	0.85155345
495	0.84969923
555	0.84399587
577	0.75171248
638	0.78682054
681	0.84118177
708	0.82245797
716	0.80026248
787	0.80436891
806	0.81220307
838	0.74133810
871	0.75773589
878	0.79494146
884	0.78739827
907	0.77554511
934	0.78710393
959	0.76705739
971	0.79729875
981	0.78851939
1022	0.76117207
1056	0.75050154
1059	0.76567457
1068	0.74779271
1151	0.75374530
1197	0.78653608
1226	0.69389376
1227	0.75278532
1261	0.75415528
1266	0.76251958
1283	0.70765518
1306	0.77328369
1309	0.73908205
1323	0.75267956
1345	0.74973349
1417	0.71655480
1445	0.73093225
1523	0.67181737
1610	0.67420960
1614	0.72239520
1642	0.70601555
1659	0.70490768
1703	0.70945374
1708	0.70116027
1710	0.72108023
1715	0.67113992
1731	0.73791891
1755	0.69110739
1770	0.67896871
1773	0.70367322
1820	0.66482236
1827	0.68360566
1861	0.66916785
1912	0.69471555
1962	0.66016363
1989	0.67162764
2002	0.67361910
2013	0.67105269
2031	0.66611795
2040	0.67362975
2080	0.67386843
2081	0.66979184
443	0.82852706
522	0.76184050
567	0.82040816
677	0.77362505
700	0.82453704
727	0.82851382
800	0.82033954
801	0.79370499
829	0.76660595
842	0.77472457
852	0.80304664
997	0.75722035
1030	0.71509367
1063	0.75133321
1137	0.81054136
1152	0.71091977
1221	0.72207917
1291	0.71857121
1336	0.77917850
1383	0.75716248
1448	0.72499885
1479	0.74292889
1530	0.69608474
1574	0.72222246
1644	0.71196315
1658	0.71461094
1719	0.68850489
1887	0.68781814
1950	0.65683704
1951	0.68259942
2025	0.67239539
308	0.85874184
399	0.83708810
401	0.83849760
413	0.83650864
474	0.84437361
498	0.83655691
572	0.79635144
618	0.79770441
624	0.79394722
653	0.78973388
654	0.83012630
676	0.77573196
687	0.81148464
702	0.78532303
703	0.82316075
728	0.78041919
804	0.77896459
820	0.78323992
821	0.81273004
851	0.71379155
855	0.75520326
862	0.75765777
876	0.77622447
904	0.80221833
965	0.80093081
986	0.74967226
1017	0.79581123
1064	0.76822610
1069	0.71858157
1078	0.76216440
1093	0.79073580
1107	0.72194818
1122	0.71388973
1129	0.80636699
1181	0.78383868
1305	0.74392140
1322	0.73615393
1374	0.73743656
1387	0.76782390
1419	0.72511670
1421	0.70348829
1443	0.73525480
1444	0.70548685
1451	0.74290979
1458	0.72664232
1493	0.70361641
1753	0.66917889
1763	0.70581209
1843	0.71055710
1848	0.69532102
1866	0.69799635
1898	0.65615384
1961	0.67839894
2009	0.67987620
2034	0.66960566
202	0.87472534
262	0.85013090
267	0.85821641
438	0.78127111
442	0.84499770
499	0.82509971
512	0.82005048
521	0.84784635
683	0.83019808
743	0.75941046
947	0.77083311
963	0.72101766
966	0.74905854
1004	0.78335144
1010	0.72664722
1013	0.74295787
1021	0.75825912
1066	0.71449683
1076	0.73997063
1106	0.68876939
1110	0.73487342
1168	0.70287850
1177	0.75538234
1209	0.74888724
1250	0.72605988
1272	0.75163244
1292	0.72788464
1308	0.75106094
1333	0.76295298
1347	0.72212284
1384	0.70254904
1392	0.70664760
1418	0.72317793
1472	0.71128455
1564	0.70297274
1645	0.68359702
1655	0.69714626
1672	0.71022601
1699	0.71455106
1740	0.69813762
1793	0.69136036
1799	0.71433628
1813	0.71824386
1850	0.69343292
1876	0.67849107
1877	0.67935221
1884	0.68190000
1899	0.67935749
1917	0.67864530
1936	0.68131200
1976	0.68926238
2022	0.67959338
2055	0.66712226
304	0.85575144
445	0.79565393
501	0.81208925
547	0.83425806
632	0.81549578
720	0.75745461
830	0.78049040
979	0.83812956
1062	0.71244203
1071	0.77688119
1101	0.72861785
1214	0.72491219
1233	0.74453906
1260	0.72651411
1267	0.74219866
1270	0.78807639
1386	0.69264798
1549	0.69479136
1552	0.66237649
1561	0.76315077
1567	0.69593973
1572	0.69390777
1590	0.67918522
1599	0.72134232
1635	0.73238896
1709	0.71149981
1732	0.69065115
1734	0.67525672
1836	0.69917322
1862	0.67816756
1966	0.70841238
1993	0.66998004
2010	0.66587390
2038	0.67303800
171	0.84223484
272	0.86575432
366	0.85348129
458	0.82577236
500	0.81786228
510	0.83480106
528	0.79477543
536	0.85782994
569	0.80782802
623	0.78019069
734	0.81640509
747	0.78345163
777	0.75788225
807	0.78145403
845	0.79373887
935	0.77687054
936	0.78446027
1057	0.76081209
1080	0.75836238
1127	0.75708762
1133	0.78280403
1148	0.72050432
1185	0.74140825
1303	0.78875768
1314	0.76921315
1317	0.68905576
1351	0.68815988
1362	0.71520067
1394	0.73866017
1395	0.75229060
1409	0.72383637
1416	0.75872063
1426	0.69779357
1480	0.70546526
1557	0.71022505
1649	0.69753455
1654	0.70481209
1664	0.68545768
1685	0.69429482
1688	0.69195662
1733	0.68151727
1736	0.68155566
1794	0.67687774
1800	0.66690672
1807	0.72286536
1841	0.67832361
1847	0.67107418
1871	0.67276823
1921	0.68057322
1924	0.65873522
1931	0.67976353
1952	0.67662735
1978	0.68708301
1988	0.67612937
2015	0.67712207
2017	0.67690595
2037	0.66333704
2059	0.66004012
347	0.83848359
476	0.80064347
531	0.84333560
553	0.78774578
710	0.80069597
770	0.78400345
847	0.77068829
868	0.76478608
914	0.79394530
916	0.76295048
1095	0.72756651
1121	0.71388023
1126	0.75879914
1176	0.70992591
1204	0.71893407
1210	0.73693656
1241	0.80921756
1298	0.72263474
1366	0.72947553
1500	0.72979664
1565	0.69123013
1594	0.72635096
1616	0.69292582
1619	0.69720653
1706	0.73110825
1804	0.67138042
1810	0.70514012
1817	0.67542678
1849	0.67159155
1904	0.68459539
1905	0.67438800
1934	0.68996104
2072	0.67925979
374	0.82832159
487	0.83770211
539	0.85028647
550	0.82462793
631	0.83786334
742	0.83083992
932	0.72441008
973	0.77741036
975	0.81385154
1025	0.76406497
1028	0.77005048
1487	0.71287726
1575	0.73075633
1580	0.69871641
1604	0.69565624
1707	0.66737869
1792	0.72309818
1846	0.69916296
1953	0.66233225
1972	0.68285058
1974	0.67586123
2032	0.68054760
2033	0.67431516
2067	0.66977284
552	0.83927745
591	0.84705864
619	0.83975499
698	0.77532265
740	0.81039578
895	0.78997620
921	0.77484981
987	0.78815768
998	0.80406238
1084	0.76983013
1113	0.73073311
1207	0.75082495
1259	0.77427562
1455	0.70906987
1495	0.71832226
2048	0.68603177
872	0.80748273
891	0.74640259
920	0.78462121
940	0.77908800
948	0.75743887
1016	0.78703704
1128	0.68763810
1161	0.75016305
1162	0.68747006
1211	0.78300480
1389	0.68793724
1446	0.73428743
1461	0.71236823
1586	0.68267083
1657	0.68680461
1805	0.68868071
1888	0.68653791
1997	0.69974712
146	0.86196900
246	0.85958301
320	0.86443829
630	0.77727562
894	0.78331440
1088	0.75963100
1195	0.75494741
1265	0.71950307
1332	0.71566142
1397	0.70948177
1423	0.72708820
1582	0.69239559
1597	0.71997418
1683	0.70133244
1700	0.68089971
1797	0.71435096
1806	0.68878033
1967	0.67504328
2000	0.66780336
2006	0.67507601
486	0.82340461
504	0.77441727
635	0.84751065
682	0.82760058
701	0.82170710
956	0.73705451
1003	0.73546219
1061	0.79059952
1074	0.71307284
1114	0.73185019
1271	0.70505758
1331	0.68750835
1399	0.68469885
1431	0.72720950
1623	0.68987764
1767	0.71154107
2001	0.70398704
2018	0.67107946
2074	0.66900595
978	0.77912265
1011	0.77469539
1253	0.72938033
1340	0.76749664
1439	0.72609875
1454	0.71300038
1529	0.70243829
1537	0.71642294
1628	0.66970202
1762	0.66085701
1796	0.66782265
1892	0.69973887
2066	0.67397956
228	0.86489175
472	0.82841766
597	0.82768426
819	0.78491919
941	0.81553013
968	0.72950797
1312	0.72677044
1329	0.73946353
1498	0.71985720
1532	0.74960749
1661	0.70462572
1711	0.70006612
1771	0.68149578
1822	0.67910413
1824	0.67307274
1845	0.66684846
1901	0.69131411
1942	0.67923061
1945	0.67641459
2020	0.66299885
477	0.82529971
879	0.79883081
1199	0.73952274
1228	0.72245729
1354	0.75002668
1361	0.75596766
1433	0.73675202
1449	0.69744559
1469	0.71094347
1475	0.69246372
1542	0.70775912
1638	0.70277332
1897	0.67962486
2029	0.66187236
218	0.87391152
402	0.80142418
433	0.84733560
542	0.76368369
943	0.79604088
995	0.76453628
1243	0.74872322
1369	0.74875883
1527	0.71278138
1535	0.73504165
1886	0.66869021
1943	0.66411939
1992	0.66508388
160	0.86841852
637	0.79155797
890	0.79838503
1198	0.69719251
1414	0.71884741
1511	0.70862169
1553	0.68561430
1603	0.72062236
1716	0.69607438
1757	0.69642274
1782	0.68998608
1785	0.66679021
1971	0.65737131
1991	0.67304971
2011	0.66634194
2043	0.68478532
1442	0.70552073
1516	0.74367831
1543	0.71950038
1680	0.68915480
1949	0.68278791
334	0.86448503
1049	0.76973244
1103	0.70161468
1350	0.71419424
1556	0.70250537
1591	0.69280202
1670	0.72450010
1678	0.68459702
1713	0.69659357
1880	0.68648714
1999	0.67992332
2050	0.67162015
562	0.82647332
625	0.82823839
660	0.75051334
1325	0.70190845
1337	0.76229050
1367	0.72614568
1456	0.67523532
1641	0.73554098
1720	0.68176948
1774	0.69008503
1851	0.68819702
1959	0.70691766
2036	0.68157054
2065	0.66806612
937	0.76025144
993	0.75279271
1182	0.76088858
1288	0.70197735
1612	0.69844789
1745	0.72622015
1895	0.67313772
749	0.80192965
982	0.81122092
1301	0.71672514
1551	0.67931977
1653	0.70338349
1778	0.66908455
1908	0.70667466
1926	0.67529021
2026	0.66466612
905	0.77696200
1027	0.74412543
1224	0.72460960
1467	0.73231660
1554	0.70011900
1581	0.69863877
1728	0.67883637
1777	0.66692706
1829	0.69360029
1881	0.66636296
985	0.78472898
1352	0.73156420
1187	0.72556401
1257	0.75635816
1290	0.72544530
1486	0.68720182
1507	0.67409760
1544	0.69091392
1909	0.70154674
361	0.86050950
778	0.78787716
802	0.80419453
1289	0.72468925
1131	0.77609357
1521	0.70630221
1525	0.69738839
786	0.80444837
1089	0.77124021
1476	0.73364031
1600	0.71721785
1803	0.68116929
679	0.79052946
1826	0.68722015
1840	0.69946775
1509	0.66317131
1814	0.68137035
1686	0.66683129
1739	0.75424635
2039	0.66497706
481	0.85033752
643	0.77570537
1571	0.68194107
1768	0.68459818
1891	0.68267726
1927	0.66026699
2008	0.67116660
2071	0.65337841
1338	0.71496363
1588	0.72711276
1650	0.69189559
1883	0.70685259
2042	0.67311017
1191	0.74523628
1428	0.72976910
1698	0.68245979
1724	0.71529232
1164	0.69756699
1667	0.66480403
1505	0.68374712
1636	0.67924770
1687	0.68019683
1838	0.67192898
1139	0.77557073
1140	0.74957332
1156	0.76170662
1246	0.74206046
1450	0.72002975
1673	0.68270058
1801	0.69122562
2016	0.66628925
621	0.78395019
1576	0.68673042
1960	0.66003407
761	0.78021065
1413	0.70758090
1689	0.69290355
1890	0.67759012
2054	0.66654280
2058	0.69234242
841	0.78474261
1070	0.79578762
1873	0.66961152
988	0.80005940
1406	0.72959789
1660	0.67627956
1865	0.65553829
1933	0.68717678
1040	0.76271296
1470	0.71024127
1869	0.66842073
1048	0.77465106
1144	0.78214750
1746	0.70694904
1269	0.75862917
1855	0.67341152
1643	0.68358695
980	0.76270432
877	0.78117735
1184	0.78488474
1235	0.74712687
715	0.76264069
1691	0.66830902
548	0.82030480
1390	0.75864520
1568	0.71936785
1165	0.75748100
2082	0.68487303
1220	0.71894021
1222	0.75332927
1452	0.76028349
1031	0.78729443
1353	0.78259837
1906	0.69760777
1983	0.66730134
1120	0.74597015
1534	0.69377802
1607	0.68046113
1980	0.68324664
1935	0.67470662
1702	0.68214827
1665	0.69582380
2023	0.64455729
1514	0.72382678
1536	0.70009712
1789	0.70619088
771	0.77674021
1412	0.66961526
1541	0.72035499
1633	0.71118935
1722	0.67780278
1809	0.70070269
1696	0.71029002
1236	0.74908013
1321	0.73803704
796	0.84256219
1579	0.72640336
1188	0.72071017
1842	0.69274338
1008	0.76967965
1297	0.76956958
1400	0.68438992
1497	0.72606036
1968	0.67319251
1923	0.67489021
1517	0.68731036
