0	0.87551436
1	0.87571551
2	0.87571102
3	0.87537598
4	0.87543655
5	0.87567530
6	0.87541347
7	0.87520094
8	0.87571196
9	0.87452324
10	0.87506903
11	0.87550757
12	0.87532230
13	0.87534183
14	0.87536627
15	0.87560867
16	0.87550162
17	0.87541744
18	0.87529399
19	0.87546413
20	0.87541076
21	0.87554037
22	0.87560418
23	0.87547958
24	0.87534026
25	0.87551478
26	0.87516522
28	0.87541211
29	0.87556198
30	0.87519008
31	0.87550339
32	0.87547352
35	0.87548888
36	0.87539728
37	0.87542037
40	0.87544856
41	0.87559384
42	0.87530172
43	0.87534413
44	0.87514747
47	0.87563258
48	0.87558997
49	0.87545264
50	0.87559029
51	0.87499906
52	0.87544950
53	0.87366350
56	0.87556710
58	0.86647687
62	0.87485692
65	0.87553347
66	0.87548794
68	0.87548512
71	0.87444919
73	0.87537044
76	0.87530037
82	0.86856794
83	0.87251112
88	0.87432533
93	0.87339864
96	0.87390778
98	0.86576574
100	0.85843384
101	0.87158956
104	0.87481044
108	0.87445640
111	0.87537410
115	0.85677911
121	0.87393222
122	0.87533619
124	0.87166339
125	0.86766057
132	0.87120888
144	0.87231279
149	0.86932543
150	0.87361681
152	0.87300846
154	0.86930381
159	0.87430997
173	0.86454757
177	0.87204919
191	0.86013661
193	0.85510632
196	0.85538026
199	0.86087645
218	0.86341922
227	0.85931969
241	0.85147812
246	0.84503666
248	0.83140219
250	0.85807269
257	0.85532230
261	0.82952762
262	0.86459781
263	0.84809514
279	0.85766183
282	0.86508992
284	0.84710183
288	0.85023499
291	0.87258924
292	0.83066486
299	0.85347666
300	0.84305201
301	0.85553264
305	0.84658183
315	0.86209807
319	0.86212982
323	0.86928146
325	0.81330736
328	0.84271154
330	0.85914162
343	0.85185556
344	0.81682966
349	0.86395039
364	0.83820251
366	0.81051937
367	0.84065556
369	0.83213723
387	0.85103238
408	0.78356700
420	0.82723269
425	0.83851227
432	0.83279948
437	0.85146548
438	0.85264909
441	0.78978454
445	0.81134851
447	0.84903154
462	0.83076355
463	0.79580762
476	0.83517316
495	0.81829023
504	0.83666381
529	0.79542903
538	0.83251896
553	0.76346945
562	0.77197462
579	0.80136501
582	0.83549117
583	0.84225473
584	0.80069473
593	0.80136501
598	0.81091885
607	0.81232627
616	0.81315593
620	0.71533911
627	0.79103269
629	0.79262757
630	0.80546298
634	0.78042830
648	0.79843070
651	0.79636324
660	0.83454601
662	0.80404042
664	0.84917086
668	0.78906298
675	0.82740021
685	0.82289410
702	0.79683321
707	0.78247300
728	0.78009170
758	0.76331833
765	0.81441076
779	0.79832031
783	0.79314580
786	0.81475332
790	0.77974444
798	0.80079728
803	0.75748846
811	0.75180961
814	0.77131029
829	0.77718851
844	0.78670486
856	0.79992313
862	0.73973170
878	0.75667645
884	0.73358726
898	0.78549535
906	0.77446507
915	0.76841932
931	0.74708282
939	0.76872188
946	0.76513514
959	0.79954569
976	0.73922914
982	0.77278872
988	0.76593775
1019	0.76885640
1026	0.73617608
1045	0.73902736
1047	0.75547217
1056	0.78429807
1063	0.74489849
1084	0.76209556
1086	0.71867854
1091	0.75826381
1098	0.79901598
1105	0.76519655
1112	0.70791206
1125	0.73554966
1134	0.74318287
1135	0.71950945
1147	0.72250621
1149	0.73367164
1150	0.67640909
1169	0.70327091
1187	0.72071697
1192	0.74308188
1193	0.70743739
1200	0.77825159
1228	0.69985556
1234	0.75217243
1248	0.73478235
1287	0.75269556
1339	0.69550360
1346	0.70099969
1355	0.73080157
1402	0.71576491
1404	0.69319258
1410	0.70032439
1411	0.68389222
1439	0.69933943
1444	0.71053305
1449	0.70235645
1465	0.73745264
1478	0.68794371
1481	0.68177901
1492	0.71195426
1497	0.70273264
1502	0.72315102
1504	0.70509149
1512	0.67047676
1516	0.70369869
1518	0.71224292
1525	0.70410674
1535	0.68738433
1544	0.68860157
1551	0.69848167
1555	0.71416783
1591	0.69248595
1615	0.70234319
1619	0.70772627
1620	0.67979634
1637	0.69349755
1639	0.68035551
1656	0.70007979
1658	0.67705755
1699	0.67387175
1700	0.68709191
1702	0.67360470
1703	0.67912877
1705	0.69998642
1714	0.70465097
1720	0.69097911
1730	0.69307969
1743	0.68799739
1764	0.69191102
1770	0.68355791
1771	0.68107551
1774	0.66789713
1781	0.69395708
1806	0.67637211
1854	0.66727697
1860	0.67938256
1863	0.66138183
1866	0.66598465
1872	0.66653044
1882	0.67956157
1890	0.67469034
1895	0.66837399
1900	0.66040282
27	0.87548345
34	0.87529661
45	0.87557044
59	0.87539478
72	0.87538580
79	0.87489932
81	0.87513473
90	0.87530632
94	0.87556052
95	0.87276428
103	0.87309922
114	0.87391321
127	0.87512084
129	0.87479311
135	0.87450329
138	0.87516877
146	0.87126183
151	0.86790695
156	0.87354935
169	0.85410371
171	0.87051885
174	0.86779781
182	0.86656460
183	0.86730110
239	0.86558559
240	0.86000000
260	0.87448909
264	0.85742486
269	0.85075885
285	0.82368010
297	0.84052825
303	0.82507822
312	0.86871008
317	0.85527102
334	0.82482903
338	0.79876648
348	0.85422339
370	0.81332794
422	0.85051990
426	0.84815332
427	0.82446016
436	0.85196501
455	0.83302726
464	0.84177431
486	0.83212418
491	0.82304407
496	0.81336689
501	0.83528627
522	0.82234569
524	0.85213410
550	0.78999718
557	0.81950486
611	0.81855540
628	0.82996982
645	0.77766120
686	0.82684940
689	0.84613922
697	0.79284950
731	0.83411718
735	0.84310799
750	0.75169671
784	0.78404888
791	0.78579488
792	0.76429608
848	0.78300324
927	0.74224282
963	0.73130037
975	0.79129984
979	0.77641389
993	0.73157702
1017	0.78614486
1085	0.70759687
1089	0.74717086
1095	0.77514862
1099	0.76534580
1127	0.72450820
1154	0.71745295
1159	0.77205681
1220	0.73689368
1227	0.74432616
1235	0.70591039
1261	0.73072940
1281	0.72416042
1286	0.74847645
1292	0.71770444
1315	0.73583373
1324	0.69485420
1351	0.69458789
1359	0.74308585
1378	0.70663342
1412	0.67463457
1416	0.70034977
1417	0.70056919
1425	0.73966287
1431	0.70033097
1507	0.69306454
1511	0.69430496
1536	0.69397869
1565	0.69896188
1622	0.70964230
1624	0.67365316
1665	0.69736627
1756	0.68577775
1767	0.69905525
1801	0.68035822
1824	0.67485326
1873	0.68752564
1899	0.67486475
38	0.87546068
61	0.87397379
89	0.87541963
97	0.87509305
105	0.87190757
109	0.87537264
134	0.87500282
140	0.86787342
166	0.87359645
168	0.87144616
200	0.86875499
237	0.87016794
238	0.86693838
272	0.81652052
306	0.85162653
307	0.86686120
321	0.81474037
350	0.81895081
383	0.84198736
405	0.84202245
430	0.81743864
457	0.83470371
483	0.81366099
487	0.79082329
564	0.82639718
570	0.83656251
585	0.81482601
586	0.85939614
591	0.83670590
609	0.75589869
617	0.77868449
663	0.81305932
665	0.80117901
747	0.82697587
764	0.79020042
773	0.76759520
818	0.78289159
837	0.75208313
838	0.74834872
885	0.74186715
913	0.75916480
953	0.76623634
972	0.76243958
984	0.75839593
990	0.73654778
996	0.79386016
1008	0.76047603
1027	0.70275154
1031	0.74350517
1042	0.77111039
1078	0.76066799
1113	0.76607238
1121	0.77328940
1262	0.73769922
1278	0.77595133
1318	0.71237587
1426	0.70227760
1464	0.68115081
1494	0.69051927
1533	0.67874507
1554	0.71065943
1603	0.69187979
1618	0.68729817
1623	0.69488063
1832	0.67929337
1838	0.67647342
1847	0.66436042
39	0.87541274
46	0.87543791
54	0.87539540
55	0.87498914
63	0.87552303
67	0.87551875
69	0.87522454
75	0.87464491
84	0.87518830
85	0.87534298
91	0.87451384
102	0.87493097
112	0.87447164
113	0.87506433
116	0.86505232
120	0.86376574
128	0.87480982
155	0.87423311
158	0.87266830
164	0.83981681
180	0.87290862
184	0.87264167
190	0.85436595
195	0.86954872
208	0.87381462
211	0.86407091
223	0.86512773
247	0.86701922
266	0.85358444
270	0.82708606
275	0.86739446
280	0.85955384
294	0.87252919
302	0.86701044
309	0.86057786
332	0.84243488
340	0.85056303
351	0.84717514
358	0.83210590
360	0.79751781
376	0.83297890
384	0.80877055
390	0.83942632
395	0.84258580
412	0.74952167
415	0.84864188
416	0.83596397
418	0.82647070
450	0.80295697
466	0.81272637
479	0.84837504
489	0.80146830
502	0.81434172
518	0.84341003
528	0.80590256
532	0.82917483
542	0.82330068
575	0.78486193
578	0.81159457
594	0.82715791
625	0.80438580
652	0.75721525
680	0.77122433
692	0.79843258
695	0.79442381
709	0.79093107
736	0.79414872
749	0.76733264
761	0.75589713
785	0.79821984
809	0.72743948
815	0.74580428
816	0.76467352
830	0.77101984
831	0.74922538
834	0.78598757
852	0.78807530
874	0.77048648
876	0.80863540
889	0.79731885
907	0.76866548
942	0.77078601
951	0.80078423
978	0.76540627
980	0.73292146
986	0.77956971
987	0.77816856
1021	0.76300940
1035	0.74381368
1046	0.77976564
1054	0.79525462
1061	0.76119332
1067	0.77550736
1081	0.72041890
1108	0.75932585
1141	0.74094903
1160	0.75708804
1163	0.74092804
1164	0.70360762
1175	0.74610256
1180	0.70996397
1237	0.69627520
1265	0.72084313
1288	0.70207070
1298	0.76115039
1311	0.69009567
1320	0.69924157
1335	0.71426621
1343	0.70626956
1376	0.73460658
1391	0.74611603
1413	0.72438005
1468	0.69988574
1474	0.74779102
1505	0.68642569
1547	0.72675833
1588	0.69580470
1604	0.71392439
1634	0.69433807
1635	0.68379708
1672	0.67307227
1709	0.69672198
1715	0.68139854
1736	0.69547937
1739	0.67136157
1766	0.70657086
1773	0.66622413
1842	0.66372585
1852	0.67539384
1865	0.67843050
1897	0.67053775
1912	0.68669483
33	0.87555614
87	0.87507551
143	0.86899415
189	0.84226674
209	0.87120292
219	0.85308815
234	0.86989974
243	0.84427582
283	0.86471039
295	0.81809222
311	0.84977337
404	0.85289786
459	0.82700585
475	0.86449211
492	0.80663760
543	0.84624366
561	0.80310517
596	0.83086162
636	0.79411311
644	0.76697065
712	0.80666851
729	0.80244627
737	0.77848783
741	0.80637535
762	0.81245514
774	0.81188104
781	0.78423175
819	0.79032668
826	0.78374005
846	0.75852324
847	0.79446392
851	0.75883039
857	0.82137692
868	0.77302851
954	0.77407352
1013	0.74874287
1097	0.70602611
1101	0.71916157
1153	0.74835614
1161	0.78779833
1174	0.73253859
1290	0.76255864
1317	0.72033514
1340	0.70860397
1357	0.66993316
1377	0.70238966
1432	0.70286162
1440	0.70063561
1441	0.73098454
1491	0.68424595
1520	0.70435227
1527	0.70990183
1529	0.66663979
1532	0.70529504
1567	0.70671896
1650	0.69036501
1663	0.67869399
1716	0.67781086
1725	0.66331311
1740	0.69291645
1786	0.69452919
1803	0.67589702
1817	0.68357305
1830	0.69950026
60	0.87506131
74	0.87527029
77	0.87509514
78	0.87389619
86	0.87505608
99	0.87373859
107	0.87542830
117	0.87007478
126	0.87084648
142	0.87089880
148	0.87255332
157	0.86853462
175	0.87329681
176	0.87213692
178	0.87413713
198	0.86447728
220	0.85136397
245	0.85472167
251	0.87416762
265	0.86485723
267	0.85657932
273	0.82125128
298	0.82078162
333	0.81924950
336	0.84483770
337	0.86309170
353	0.86054402
363	0.83469222
372	0.85458809
380	0.86080950
398	0.86322642
401	0.86792846
442	0.84919854
452	0.83686068
465	0.82479822
493	0.84236501
531	0.82539666
536	0.79006966
555	0.82089849
563	0.76477232
576	0.78888313
614	0.81554517
656	0.76667164
659	0.80715154
673	0.81538099
676	0.80404125
788	0.79058914
801	0.75939655
808	0.80033650
855	0.79128616
860	0.76735300
887	0.71429076
900	0.79663708
911	0.76330893
917	0.75294402
921	0.74818465
956	0.78663603
994	0.75026621
1011	0.77038684
1039	0.70229838
1059	0.70980564
1062	0.75763144
1064	0.76854663
1071	0.75690037
1074	0.75807091
1103	0.81095342
1110	0.74800888
1128	0.75994057
1133	0.69543676
1143	0.75498026
1151	0.67943979
1162	0.72857504
1178	0.71846225
1184	0.72935645
1197	0.73149661
1203	0.76137869
1204	0.74097953
1240	0.75370392
1254	0.73657702
1267	0.71436230
1271	0.72126799
1276	0.76487363
1296	0.73585243
1307	0.70952658
1309	0.69626204
1323	0.71100021
1326	0.73541159
1330	0.70454465
1369	0.67699572
1375	0.68799070
1458	0.73005389
1463	0.68170099
1472	0.72247822
1483	0.72127446
1498	0.69969473
1508	0.72630057
1612	0.69310454
1617	0.66521828
1629	0.71890308
1653	0.69922371
1662	0.67429807
1690	0.69208700
1712	0.70956449
1762	0.73339363
1775	0.67339770
1809	0.66772084
1877	0.68739614
1878	0.65599843
1881	0.66827081
1898	0.67400742
80	0.87165044
133	0.87530726
137	0.86914987
145	0.87534590
170	0.85661713
207	0.87262183
214	0.87208616
231	0.86107781
236	0.84868554
252	0.84324460
259	0.82909117
271	0.84887050
290	0.86237399
326	0.85982883
345	0.80146402
381	0.80953650
453	0.81802256
494	0.81566423
544	0.79145138
545	0.75748616
552	0.77557462
567	0.80167394
595	0.80233849
612	0.80159311
638	0.83262277
672	0.80710841
696	0.79319645
699	0.79837953
738	0.78636355
751	0.80124595
825	0.79469828
836	0.78304397
880	0.79232272
883	0.75302705
892	0.76427885
893	0.76381577
938	0.78378966
944	0.74470663
958	0.77134914
973	0.74890789
985	0.70434726
1080	0.73805828
1093	0.76367676
1114	0.70001097
1117	0.76816209
1123	0.77991478
1146	0.72988460
1170	0.77462266
1207	0.71969786
1280	0.72911833
1319	0.70353483
1370	0.70337661
1395	0.69532219
1447	0.72091572
1501	0.72093671
1530	0.71126799
1562	0.72494569
1673	0.68235666
1688	0.68196606
1694	0.68094715
1721	0.68365316
1738	0.66459802
1769	0.66628115
1892	0.66669316
110	0.87524000
185	0.87041828
192	0.86742329
204	0.86727144
206	0.86827614
232	0.85726078
233	0.85721358
249	0.85374935
255	0.85867488
335	0.86381138
342	0.85649911
386	0.83411279
391	0.82496449
521	0.85641922
554	0.78160762
681	0.75869755
746	0.79468710
752	0.79756564
865	0.74100209
871	0.79891739
875	0.79655728
1033	0.75923927
1245	0.77265326
1250	0.74280188
1272	0.77010830
1329	0.75552815
1342	0.69611551
1367	0.71729399
1381	0.73999436
1435	0.72203185
1457	0.71248366
1539	0.66095373
1574	0.68716689
1741	0.67793347
1827	0.66660407
1853	0.68449170
1875	0.67228073
1884	0.67320992
1886	0.68123185
1904	0.67019405
1905	0.68333984
1910	0.65801493
57	0.87493713
130	0.87383896
136	0.87334977
147	0.86688407
153	0.87404856
179	0.87470287
186	0.86843509
187	0.86369316
188	0.86900073
194	0.87293629
244	0.83858966
313	0.86094715
371	0.82444982
406	0.84527269
407	0.84189869
449	0.86632167
474	0.82332084
510	0.83988856
549	0.82057003
568	0.80768731
572	0.83430580
600	0.81629295
637	0.82318110
684	0.84663937
690	0.77739927
703	0.73737817
733	0.85245525
805	0.79125253
877	0.72262799
896	0.80242277
932	0.73458883
936	0.77127906
952	0.73571499
1106	0.73671582
1219	0.69478903
1222	0.70351802
1231	0.72216094
1244	0.77416522
1313	0.73575864
1405	0.69444324
1543	0.71727457
1572	0.64814496
1593	0.67052543
1594	0.71034590
1595	0.67042298
1596	0.71127415
1601	0.73188136
1645	0.66754225
1646	0.70126308
1713	0.67254193
1726	0.71812877
1763	0.67538423
1776	0.67894757
1779	0.70721368
1780	0.70046026
1804	0.67395958
1810	0.68741420
1814	0.67272804
1828	0.70972334
1870	0.66837577
106	0.87523352
411	0.84494277
472	0.82678893
482	0.79602705
674	0.75785974
688	0.76187728
711	0.76232689
717	0.84821702
849	0.77949493
859	0.76191697
909	0.78331530
983	0.75810527
991	0.77386454
1075	0.74064355
1270	0.69710674
1293	0.70087144
1295	0.68248804
1322	0.72984825
1380	0.71624000
1489	0.72629473
1598	0.69503144
1605	0.67714162
1671	0.69083509
1727	0.69873619
1797	0.67666277
1798	0.67331008
1913	0.68086862
119	0.87431405
141	0.87402893
162	0.87277493
167	0.86433974
203	0.86310141
341	0.85392846
347	0.85776752
359	0.85088940
435	0.82503927
481	0.82271708
505	0.85153180
506	0.79913420
540	0.81435854
546	0.79410329
551	0.85347593
597	0.83011530
622	0.81689389
642	0.81909243
646	0.78784052
647	0.76126747
655	0.80026956
694	0.79629650
782	0.75227520
789	0.75816491
869	0.72648052
894	0.74312146
1009	0.70044554
1020	0.77078392
1058	0.74250444
1158	0.76317044
1196	0.73788856
1216	0.75642924
1275	0.69299050
1385	0.71390674
1400	0.69795896
1423	0.70318381
1424	0.70369953
1438	0.72378830
1454	0.70443561
1487	0.73500825
1490	0.76912574
1559	0.71210726
1566	0.68451018
1660	0.68035321
1675	0.69979311
1677	0.67272219
1683	0.70082005
1697	0.69341410
1701	0.67989107
1744	0.68974705
1751	0.66604261
1861	0.68358893
1888	0.67795948
64	0.87524209
139	0.86835363
197	0.85562621
258	0.83892386
346	0.81767081
355	0.82847373
356	0.83876167
378	0.86556167
385	0.81276606
454	0.77602851
467	0.77165264
469	0.82491718
640	0.74397765
661	0.82727238
682	0.77211687
687	0.74758674
745	0.79696063
794	0.76461629
832	0.81667875
842	0.79160178
872	0.79316303
890	0.75218653
920	0.76658924
933	0.74815864
941	0.75350475
943	0.78959112
1003	0.74412721
1016	0.75431802
1051	0.80251781
1087	0.71969211
1120	0.74882444
1177	0.79208930
1224	0.74384230
1279	0.77711896
1282	0.74061170
1331	0.77430601
1364	0.70966590
1374	0.71563258
1408	0.67598413
1443	0.69046903
1445	0.70137264
1499	0.74190809
1569	0.73522078
1573	0.70542747
1657	0.67107060
1661	0.67130486
1678	0.69172313
1691	0.69263123
1698	0.66624794
1708	0.66273650
1749	0.68359029
1754	0.70889399
1785	0.69019854
1808	0.66745117
1813	0.70530402
1871	0.66863363
1874	0.68077337
1893	0.68701483
92	0.87392742
123	0.87254715
202	0.87104867
205	0.85845629
216	0.86208209
225	0.84572063
230	0.85140554
357	0.82481692
382	0.87058486
393	0.83329932
443	0.82571802
451	0.81656564
473	0.77599258
500	0.78074360
513	0.81667718
606	0.85042527
631	0.73644522
769	0.76034642
778	0.76078308
806	0.81904752
888	0.73067123
897	0.77221775
1049	0.69170141
1104	0.73392554
1165	0.74384000
1414	0.69045702
1746	0.69351509
1820	0.68512856
118	0.85827655
163	0.86891175
212	0.87382736
324	0.86526705
392	0.85725003
516	0.76903760
547	0.85221713
581	0.79345170
704	0.80893619
726	0.83552773
730	0.75933723
824	0.73370266
839	0.78559614
870	0.79096366
910	0.72941713
997	0.74554319
1050	0.71044376
1055	0.79692752
1068	0.75989932
1088	0.71590329
1132	0.69416930
1168	0.75935018
1199	0.69483279
1249	0.74355572
1269	0.78692616
1274	0.75502841
1289	0.75065473
1455	0.67442214
1480	0.70596251
1521	0.65696846
1558	0.68917995
1561	0.69645765
1760	0.70477995
1800	0.68114966
215	0.86973420
217	0.86886914
229	0.86385264
274	0.85403332
293	0.85374298
322	0.86669452
375	0.84072888
394	0.82286945
419	0.81218319
433	0.86012961
446	0.84039070
535	0.78773138
559	0.80880752
605	0.77152282
653	0.76767791
763	0.79107551
840	0.76221316
974	0.75866172
989	0.74257525
1023	0.73261765
1029	0.75521984
1152	0.74029880
1156	0.69210444
1194	0.72142611
1403	0.75676418
1436	0.70749514
1442	0.65658047
1446	0.76277170
1631	0.68125504
1704	0.69298538
1799	0.66992742
1826	0.70658841
1914	0.66949546
268	0.85963467
289	0.86270360
296	0.85228554
389	0.81395196
399	0.82965379
448	0.82346120
526	0.85064188
560	0.82851070
633	0.77005587
715	0.76750005
771	0.77735990
772	0.78586799
886	0.74250924
1001	0.76730214
1257	0.70419603
1312	0.70350319
1428	0.67564668
1461	0.73462413
1467	0.69130601
1477	0.70067091
1524	0.68787979
1534	0.70390078
1729	0.67940230
1731	0.69414392
131	0.87484188
210	0.87236428
224	0.87284470
235	0.86686830
281	0.86972094
327	0.84820303
339	0.85742862
354	0.82533828
362	0.81837744
377	0.86046183
400	0.85050486
456	0.83676355
468	0.84990266
480	0.84286298
517	0.75852167
523	0.80412470
527	0.81554350
530	0.83070454
534	0.80138632
537	0.78494486
618	0.79787467
626	0.79833681
669	0.80201911
677	0.79147666
693	0.81375634
722	0.80110392
748	0.78694256
776	0.75299634
796	0.77882319
800	0.79533180
807	0.78281796
828	0.81206757
843	0.76900136
903	0.78557034
912	0.72156324
918	0.71202339
934	0.77149441
955	0.77488021
957	0.79359394
960	0.74669723
977	0.78839039
992	0.67942381
995	0.79713744
1002	0.74823342
1004	0.70922319
1012	0.78739373
1018	0.80197347
1060	0.67151384
1076	0.71987687
1136	0.71383958
1202	0.73008867
1226	0.69898559
1251	0.72622757
1256	0.71912752
1285	0.73650266
1321	0.72095321
1341	0.69933076
1421	0.68566517
1451	0.73035248
1519	0.70839739
1522	0.67774214
1557	0.72216846
1626	0.68281337
1641	0.71135958
1667	0.69064491
1742	0.73585984
1753	0.69661316
1816	0.68169431
1819	0.67484825
1846	0.68410339
1856	0.67560407
1869	0.67304909
1891	0.67946266
1911	0.65751394
181	0.87436982
201	0.82199467
213	0.87402705
256	0.86253702
310	0.85083029
365	0.76043655
396	0.82870997
417	0.82491363
434	0.79512606
477	0.78183770
490	0.80144313
508	0.83106924
541	0.75606214
573	0.79355927
577	0.80347081
590	0.78858559
603	0.80319436
608	0.84922538
623	0.83088021
632	0.79063060
635	0.81766569
671	0.78165567
714	0.83665525
721	0.77356010
754	0.80413086
755	0.75789493
760	0.79390496
767	0.77289953
777	0.75996146
797	0.77319645
802	0.77290893
813	0.80787321
820	0.78568637
850	0.77370903
861	0.70365493
891	0.74733901
901	0.74817556
923	0.75287196
929	0.80866402
964	0.78365681
969	0.78634392
1007	0.74612522
1010	0.77380272
1040	0.77678287
1052	0.74824679
1066	0.71299373
1073	0.76640710
1096	0.72669525
1124	0.74987426
1155	0.74348543
1157	0.72066830
1166	0.71977117
1179	0.71959802
1217	0.73400104
1221	0.78672094
1239	0.73481796
1253	0.73045567
1255	0.75096846
1258	0.71905880
1284	0.75640240
1299	0.69978830
1338	0.74035770
1347	0.73380940
1358	0.68734319
1372	0.71077368
1388	0.73294068
1542	0.68653055
1545	0.67199645
1549	0.68663582
1607	0.71703332
1610	0.66684950
1611	0.69316710
1625	0.67391791
1628	0.65730298
1718	0.69176533
1724	0.69222507
1737	0.68446590
1748	0.69057410
1883	0.67719843
1889	0.67220648
1896	0.66271123
320	0.84845420
329	0.83944261
509	0.81475352
520	0.77696251
566	0.82936376
592	0.80312501
599	0.78196178
658	0.78735405
683	0.80872825
793	0.72814663
823	0.73098402
845	0.81597849
863	0.77638695
962	0.77652063
965	0.75738726
966	0.75204658
1109	0.75310475
1122	0.73655561
1140	0.71778204
1167	0.77419520
1171	0.73396031
1211	0.74959217
1233	0.72584752
1373	0.73230674
1526	0.71324940
1556	0.69794016
1584	0.71324867
1590	0.69283666
1643	0.66027248
1733	0.67618298
1745	0.69253473
1759	0.66175238
1788	0.69191008
70	0.87549859
165	0.86225264
222	0.86940679
226	0.86039760
316	0.83915676
352	0.82485546
361	0.86466642
368	0.83447258
373	0.85318047
379	0.78797431
414	0.85211415
444	0.80637462
484	0.82923666
525	0.81278078
539	0.76124825
574	0.81465431
587	0.72101065
705	0.79105379
708	0.79500282
756	0.79105034
835	0.78244251
905	0.74781222
925	0.72038517
940	0.79318151
1072	0.79778674
1077	0.71794339
1094	0.76014621
1118	0.77621316
1182	0.68780104
1209	0.71304146
1218	0.69503352
1247	0.71164010
1277	0.75222162
1305	0.67962830
1366	0.70775958
1450	0.66143687
1486	0.72271478
1528	0.70945483
1632	0.66449097
1687	0.69989681
1710	0.69004303
1747	0.68763551
1750	0.69427676
1755	0.69878141
1867	0.67843624
1907	0.66767039
1909	0.68127175
276	0.87112679
286	0.85191520
403	0.81700773
428	0.86172512
431	0.83347593
460	0.82207332
498	0.83115687
514	0.80387478
558	0.81072157
621	0.81758496
624	0.81080449
649	0.81172856
654	0.80602235
732	0.81207446
768	0.71129399
770	0.72437514
854	0.79634517
899	0.75398037
904	0.74361180
945	0.77710350
968	0.77658642
981	0.78639144
998	0.75170726
1037	0.71559540
1102	0.70471822
1111	0.72012366
1241	0.73749734
1260	0.71595070
1283	0.69740856
1308	0.70519196
1325	0.74265076
1337	0.71013755
1348	0.73055791
1350	0.72814569
1390	0.72395760
1392	0.76462256
1398	0.69092554
1471	0.67067405
1577	0.69314131
1581	0.69422266
1592	0.67330799
1602	0.68334799
1651	0.71164230
1664	0.66801661
1689	0.69369504
1707	0.73134350
1717	0.71377358
1734	0.67931426
1795	0.67035499
1815	0.68607029
1858	0.66345963
221	0.87206768
278	0.83143144
331	0.83070820
423	0.80791593
519	0.83520867
615	0.77499123
720	0.74146433
757	0.81912961
795	0.76878987
804	0.73551990
821	0.75216136
864	0.75806883
930	0.76729838
949	0.78000533
1014	0.76215728
1032	0.72732094
1034	0.72308272
1083	0.76907332
1116	0.69605514
1130	0.73953504
1145	0.75163875
1185	0.76476115
1190	0.76428804
1215	0.75055269
1223	0.72463561
1263	0.72976742
1291	0.73221504
1345	0.70525629
1365	0.72933890
1514	0.68782329
1523	0.69097849
1531	0.68536146
1587	0.73171123
1613	0.67968460
1627	0.72177159
1633	0.67741191
1642	0.66752198
1805	0.65909765
1851	0.67395258
1864	0.66225608
253	0.87215321
314	0.85142820
440	0.85541034
471	0.86218204
485	0.78881097
533	0.84893775
679	0.82934287
727	0.79743948
817	0.70963018
879	0.81042287
1044	0.74168261
1183	0.71971039
1189	0.70291185
1191	0.68487050
1210	0.72396825
1212	0.69487509
1268	0.78869849
1387	0.71756679
1482	0.70706695
1578	0.70840971
1621	0.67648157
1768	0.67708742
1835	0.68738162
1837	0.68939812
161	0.86871394
254	0.87203279
461	0.83373076
499	0.76123133
507	0.77979258
588	0.82131937
619	0.82045692
716	0.82349107
759	0.78223687
822	0.78679645
882	0.75395478
1041	0.73436961
1090	0.76334423
1115	0.75774601
1119	0.73842757
1208	0.75467687
1327	0.72390089
1328	0.72011822
1379	0.74754339
1406	0.72033608
1427	0.70354569
1469	0.66763812
1484	0.72255112
1552	0.69541107
1586	0.71141849
1609	0.68807593
1669	0.68954809
1695	0.67489650
1811	0.68892272
1834	0.65771446
228	0.87016397
458	0.83147666
488	0.84210287
571	0.77532585
657	0.80144334
678	0.76330548
701	0.80378444
719	0.79373734
780	0.77308909
1048	0.75146423
1198	0.74316230
1230	0.75868836
1236	0.70812125
1252	0.73891478
1360	0.68536867
1422	0.71305473
1434	0.73765869
1448	0.71586245
1466	0.70529629
1515	0.70993974
1538	0.67509577
1541	0.70925514
1548	0.67959426
1580	0.67350339
1681	0.69012689
1686	0.67437379
1692	0.67770256
1791	0.67116773
1818	0.66598151
1845	0.67644616
1850	0.66034674
1855	0.68965493
1908	0.66927154
413	0.82033274
700	0.78754486
723	0.72664366
724	0.77442486
739	0.78100616
971	0.73332376
1036	0.73851896
1038	0.74283446
1092	0.73027603
1139	0.73138569
1186	0.74191426
1407	0.68386172
1429	0.72545755
1496	0.69710705
1576	0.69190569
1655	0.68879446
1685	0.67906172
304	0.86331875
318	0.84521859
515	0.84262413
602	0.77486496
610	0.76988272
667	0.76992804
787	0.70761598
1024	0.72791290
1065	0.75162997
1069	0.79014548
1137	0.73457347
1172	0.75070632
1259	0.70144355
1264	0.71772480
1333	0.72038151
1479	0.70899123
1582	0.69156460
1659	0.67304000
172	0.85895112
277	0.87081441
439	0.77405504
478	0.82374183
503	0.71944574
511	0.83677514
604	0.77036198
670	0.82326141
725	0.74879802
924	0.73113723
1043	0.75054851
1131	0.79367655
1316	0.72042809
1362	0.72279227
1382	0.71573065
1401	0.71101995
1616	0.67141285
1807	0.65293358
1862	0.66129399
947	0.76566695
1176	0.75915875
1546	0.70652700
1585	0.71841222
1589	0.70796721
1666	0.68427457
1693	0.71264804
1735	0.66592366
1840	0.67986047
402	0.85793577
409	0.82042204
421	0.80706851
565	0.81596877
691	0.77610715
740	0.79062235
926	0.79127708
928	0.76461619
935	0.73726256
1028	0.71652010
1238	0.70425368
1294	0.69960407
1306	0.73328794
1648	0.66720794
1857	0.66474026
569	0.78228533
580	0.82721222
1173	0.72929838
1303	0.74199906
1314	0.77313880
1354	0.66465159
1459	0.69935634
1475	0.72113201
1802	0.69125608
410	0.84606851
775	0.75231238
810	0.75550131
853	0.77008230
922	0.76523843
961	0.77692501
1005	0.76235405
1266	0.71419802
1409	0.70874256
1782	0.67574350
1783	0.66690016
160	0.86941901
1232	0.71867091
1470	0.71768919
1473	0.69493420
1493	0.73096898
1676	0.66800512
1794	0.66789379
388	0.84399050
397	0.80619081
548	0.74193556
643	0.83733065
718	0.76735290
858	0.79936679
873	0.73969567
1025	0.77898935
1079	0.75789211
1302	0.72191279
1353	0.76460522
1579	0.71454705
1599	0.71119185
1652	0.67850256
1696	0.69417452
650	0.83237305
1107	0.76525953
1206	0.71360773
1229	0.76695185
1356	0.71587791
1550	0.68954381
1728	0.66815781
1765	0.68326538
1812	0.70677786
1879	0.68189974
424	0.83611812
429	0.83213504
666	0.83195655
1022	0.73365567
1205	0.72585253
1300	0.68788386
1393	0.71942705
1540	0.73827561
1674	0.67432386
1831	0.70252031
1843	0.66741963
919	0.74365285
1129	0.71612930
1201	0.73357692
1363	0.68499645
1415	0.70671269
1485	0.71642444
1571	0.68611102
1630	0.69459405
1644	0.72809525
1829	0.69555227
710	0.78202977
866	0.81193159
1297	0.73788752
1334	0.72370245
1389	0.75796710
1506	0.69512334
1600	0.72980971
1792	0.67942005
1822	0.68310329
1841	0.67775290
308	0.84457117
766	0.80362580
1000	0.76566789
1126	0.74693274
1396	0.66813264
1509	0.70782893
1761	0.68447467
1790	0.67482883
1859	0.67556752
242	0.86921943
601	0.72873003
867	0.77959112
895	0.81102559
948	0.75270496
1188	0.77263102
1214	0.75898705
1433	0.70080449
1564	0.68680992
1711	0.66913880
1789	0.69135488
1844	0.67912104
641	0.79786893
908	0.74389441
950	0.79067384
999	0.75409086
1368	0.71993462
1513	0.69598851
1636	0.69966026
1836	0.69155436
1906	0.67688961
589	0.84437222
1148	0.72207833
1181	0.79377546
1371	0.70944668
1397	0.72106214
1418	0.67944595
1787	0.69046601
1793	0.67372136
1880	0.67445692
613	0.83244700
914	0.76027436
1006	0.78800585
1361	0.70695185
1848	0.67349849
1903	0.68065305
734	0.79437765
744	0.80966684
970	0.77207227
1030	0.75771906
1070	0.73418601
1453	0.72687488
1614	0.66463509
1682	0.70037608
937	0.81087446
1242	0.75414872
1452	0.71224386
1575	0.68755039
1868	0.68188888
967	0.75512742
1225	0.70527050
1430	0.68611990
1640	0.66810674
1654	0.66288073
1757	0.70115582
374	0.84511749
639	0.76598298
698	0.80784104
812	0.78482517
841	0.77217473
1142	0.74330924
1144	0.68079185
1304	0.71101023
1383	0.70879185
1752	0.69719916
1772	0.66205922
1784	0.67741577
287	0.83484689
1488	0.67428898
1638	0.71437744
1719	0.69173076
512	0.83242162
799	0.76760919
1053	0.81809859
1608	0.66897692
1732	0.66733556
1849	0.66576125
470	0.83365775
497	0.79376595
742	0.78590099
1399	0.72108230
1462	0.73236010
1336	0.74434663
1344	0.74339185
1894	0.67250883
706	0.80528125
1563	0.71901420
1243	0.67176146
1310	0.71971551
1777	0.66723540
743	0.76993149
827	0.83083833
1352	0.66623206
1670	0.69044543
1597	0.74454005
1419	0.74460167
1503	0.68095634
1680	0.67217723
1821	0.65887603
1476	0.76619990
1517	0.68633347
1876	0.66310935
902	0.75676637
753	0.80782663
916	0.76186924
1668	0.67002402
556	0.79487227
713	0.72326433
1100	0.73678392
1647	0.67649201
1679	0.70411634
1213	0.76056491
1437	0.69402110
1537	0.73171509
1583	0.67796689
1273	0.74301138
1649	0.72502507
1246	0.76442935
1420	0.71478872
1568	0.69084439
1825	0.67820104
1570	0.68368178
1384	0.76063102
1386	0.69934507
1833	0.68349128
1500	0.71273034
1723	0.67446141
1138	0.71873462
1722	0.66527499
1332	0.71210538
1495	0.75600157
1301	0.67924543
1778	0.66300240
1553	0.73379896
1758	0.67347185
1195	0.73962298
1510	0.70310507
1460	0.70324595
1057	0.72595697
881	0.78255885
1839	0.65229744
1349	0.68856877
833	0.77465702
1885	0.66922736
1887	0.65984794
1456	0.68052000
1902	0.66516334
1015	0.78265086
1082	0.72137326
1706	0.68547300
1606	0.68141201
1684	0.66196251
1560	0.70527561
1901	0.69001358
1823	0.68326329
1394	0.73660251
1796	0.66800042
