0 1
0 2
0 3
0 4
0 5
0 6
0 7
0 8
0 9
0 10
0 11
0 12
0 13
0 14
0 15
0 16
0 17
0 18
0 19
0 20
0 21
0 22
0 23
0 25
0 32
0 37
0 38
0 41
0 44
0 45
0 47
0 48
0 51
0 52
0 53
0 55
0 60
0 63
0 65
0 67
0 68
0 70
0 71
0 74
0 76
0 77
0 78
0 79
0 81
0 85
0 87
0 90
0 94
0 100
0 103
0 104
0 112
0 113
0 120
0 138
0 140
0 142
0 150
0 152
0 153
0 163
0 164
0 175
0 181
0 183
0 184
0 187
0 189
0 192
0 193
0 197
0 199
0 212
0 215
0 237
0 241
0 247
0 253
0 258
0 268
0 269
0 274
0 275
0 277
0 278
0 289
0 291
0 294
0 299
0 304
0 313
0 317
0 329
0 330
0 348
0 358
0 362
0 369
0 372
0 379
0 387
0 391
0 398
0 407
0 414
0 425
0 439
0 441
0 444
0 453
0 464
0 467
0 489
0 491
0 499
0 500
0 517
0 523
0 525
1 9
1 10
1 11
1 15
1 19
1 30
1 49
1 79
1 107
1 124
1 128
1 129
1 134
1 179
1 227
1 275
1 285
1 343
1 361
1 376
1 451
2 9
2 10
2 11
2 15
2 21
2 22
2 25
2 33
2 57
2 59
2 62
2 70
2 79
2 81
2 86
2 89
2 117
2 145
2 146
2 208
2 225
2 248
2 265
2 302
2 314
2 378
2 400
2 418
2 461
2 471
3 9
3 10
3 11
3 12
3 14
3 15
3 17
3 18
3 27
3 30
3 34
3 39
3 40
3 43
3 44
3 50
3 55
3 62
3 63
3 66
3 75
3 80
3 81
3 84
3 86
3 93
3 97
3 98
3 102
3 103
3 105
3 113
3 114
3 121
3 123
3 126
3 136
3 140
3 165
3 174
3 192
3 195
3 206
3 209
3 219
3 229
3 243
3 257
3 275
3 278
3 300
3 307
3 325
3 327
3 332
3 335
3 336
3 340
3 356
3 362
3 397
3 420
3 421
3 441
3 463
3 479
3 482
3 500
3 509
3 514
4 9
4 10
4 12
4 14
4 26
4 31
4 34
4 52
4 54
4 77
4 94
4 109
4 124
4 139
4 150
4 195
4 205
4 206
4 220
4 223
4 228
4 232
4 254
4 259
4 264
4 279
4 314
4 319
4 334
4 380
4 382
4 416
4 438
4 442
5 9
5 11
5 12
5 13
5 17
5 18
5 21
5 22
5 26
5 29
5 38
5 55
5 65
5 71
5 75
5 86
5 88
5 92
5 96
5 97
5 100
5 103
5 105
5 106
5 109
5 114
5 131
5 136
5 146
5 152
5 153
5 163
5 167
5 181
5 212
5 215
5 222
5 249
5 252
5 271
5 273
5 327
5 352
5 403
5 419
5 452
5 454
5 485
6 9
6 10
6 12
6 13
6 14
6 19
6 31
6 61
6 63
6 77
6 93
6 106
6 113
6 118
6 136
6 151
6 156
6 160
6 194
6 203
6 290
6 341
6 357
6 394
6 408
6 415
6 451
6 453
6 523
6 525
7 9
7 10
7 11
7 13
7 14
7 15
7 16
7 21
7 24
7 26
7 29
7 30
7 53
7 54
7 57
7 63
7 73
7 78
7 82
7 93
7 106
7 107
7 108
7 111
7 116
7 124
7 156
7 157
7 182
7 201
7 203
7 220
7 233
7 250
7 253
7 254
7 270
7 273
7 280
7 285
7 293
7 299
7 321
7 356
7 364
7 407
7 423
7 432
7 435
7 449
7 459
7 460
7 499
7 510
7 514
7 521
9 10
9 11
9 12
9 13
9 14
9 15
9 16
9 17
9 18
9 19
9 23
9 27
9 28
9 35
9 41
9 42
9 43
9 55
9 60
9 64
9 66
9 73
9 79
9 80
9 82
9 90
9 96
9 99
9 107
9 108
9 110
9 115
9 141
9 144
9 147
9 152
9 153
9 155
9 158
9 168
9 174
9 181
9 184
9 196
9 198
9 204
9 212
9 246
9 271
9 279
9 301
9 304
9 306
9 316
9 328
9 333
9 340
9 376
9 389
9 431
9 436
9 447
9 451
9 452
9 464
9 473
9 504
9 524
10 11
10 12
10 13
10 16
10 17
10 18
10 21
10 22
10 27
10 29
10 31
10 33
10 37
10 38
10 39
10 41
10 48
10 49
10 50
10 57
10 60
10 64
10 65
10 68
10 70
10 71
10 78
10 80
10 81
10 86
10 87
10 89
10 93
10 94
10 97
10 98
10 101
10 102
10 103
10 108
10 111
10 115
10 118
10 119
10 127
10 134
10 137
10 140
10 143
10 146
10 156
10 161
10 162
10 164
10 165
10 172
10 179
10 182
10 188
10 189
10 190
10 202
10 203
10 205
10 210
10 219
10 221
10 234
10 259
10 271
10 295
10 305
10 310
10 311
10 314
10 335
10 358
10 388
10 396
10 402
10 429
10 433
10 437
10 440
10 446
10 451
10 456
10 465
10 496
10 517
11 12
11 13
11 14
11 16
11 17
11 18
11 19
11 20
11 22
11 24
11 25
11 30
11 33
11 34
11 38
11 40
11 42
11 44
11 52
11 57
11 58
11 63
11 67
11 71
11 72
11 73
11 74
11 108
11 119
11 124
11 137
11 146
11 147
11 158
11 164
11 182
11 188
11 191
11 197
11 198
11 207
11 213
11 214
11 215
11 217
11 218
11 228
11 231
11 265
11 274
11 281
11 307
11 311
11 313
11 335
11 336
11 344
11 346
11 350
11 370
11 387
11 389
11 393
11 399
11 408
11 414
11 418
11 427
11 428
11 443
11 452
11 485
11 496
11 517
12 13
12 14
12 15
12 17
12 20
12 27
12 28
12 29
12 30
12 33
12 35
12 45
12 48
12 52
12 56
12 58
12 59
12 63
12 65
12 68
12 75
12 76
12 78
12 88
12 101
12 112
12 119
12 122
12 124
12 130
12 162
12 165
12 167
12 169
12 170
12 178
12 207
12 208
12 209
12 213
12 221
12 223
12 260
12 263
12 337
12 346
12 372
12 382
12 390
12 393
12 468
12 478
12 484
13 16
13 20
13 23
13 28
13 31
13 39
13 43
13 45
13 50
13 51
13 53
13 54
13 55
13 56
13 62
13 68
13 73
13 85
13 91
13 100
13 113
13 121
13 122
13 135
13 145
13 147
13 152
13 184
13 185
13 188
13 191
13 225
13 246
13 269
13 308
13 340
13 377
13 385
13 430
13 461
13 473
13 479
13 493
13 500
13 511
13 513
14 15
14 16
14 19
14 20
14 21
14 23
14 24
14 25
14 27
14 32
14 36
14 39
14 42
14 43
14 44
14 46
14 49
14 52
14 55
14 58
14 59
14 60
14 69
14 70
14 74
14 78
14 83
14 85
14 86
14 92
14 95
14 98
14 105
14 108
14 113
14 114
14 116
14 117
14 118
14 122
14 127
14 136
14 141
14 148
14 154
14 168
14 171
14 177
14 179
14 188
14 190
14 196
14 202
14 206
14 210
14 237
14 238
14 240
14 242
14 243
14 254
14 256
14 285
14 314
14 324
14 329
14 338
14 353
14 360
14 385
14 397
14 404
14 407
14 421
14 435
14 450
14 454
14 458
14 480
14 484
14 490
14 493
14 510
14 521
14 522
15 16
15 17
15 18
15 20
15 22
15 24
15 33
15 34
15 36
15 38
15 45
15 48
15 49
15 57
15 58
15 59
15 68
15 75
15 81
15 85
15 91
15 119
15 122
15 142
15 143
15 144
15 151
15 161
15 167
15 170
15 180
15 186
15 204
15 232
15 238
15 252
15 253
15 257
15 278
15 293
15 298
15 315
15 322
15 332
15 337
15 365
15 382
15 412
15 417
15 426
15 449
15 474
15 477
15 494
15 496
15 507
15 508
15 510
15 522
15 525
16 19
16 20
16 24
16 27
16 31
16 32
16 40
16 41
16 55
16 72
16 85
16 86
16 93
16 94
16 97
16 115
16 118
16 120
16 132
16 137
16 153
16 163
16 178
16 180
16 181
16 193
16 213
16 214
16 217
16 221
16 226
16 230
16 257
16 271
16 309
16 312
16 322
16 334
16 383
16 406
16 415
16 435
16 437
16 472
17 18
17 21
17 23
17 27
17 28
17 31
17 32
17 33
17 35
17 37
17 39
17 43
17 44
17 50
17 56
17 62
17 72
17 74
17 75
17 83
17 98
17 108
17 129
17 130
17 136
17 142
17 147
17 149
17 150
17 154
17 158
17 161
17 164
17 167
17 169
17 197
17 211
17 216
17 226
17 238
17 262
17 265
17 283
17 286
17 301
17 313
17 319
17 351
17 365
17 372
17 373
17 404
17 408
17 414
17 422
17 425
17 434
17 436
17 437
17 489
17 491
17 497
17 503
18 19
18 20
18 23
18 24
18 25
18 38
18 42
18 53
18 79
18 114
18 157
18 170
18 185
18 206
18 235
18 337
18 504
19 21
19 22
19 23
19 24
19 26
19 28
19 29
19 34
19 35
19 36
19 42
19 45
19 46
19 47
19 48
19 49
19 51
19 56
19 57
19 58
19 62
19 63
19 64
19 66
19 67
19 70
19 82
19 84
19 87
19 93
19 97
19 98
19 103
19 109
19 111
19 114
19 117
19 125
19 127
19 146
19 148
19 149
19 150
19 154
19 161
19 169
19 174
19 175
19 177
19 178
19 183
19 189
19 192
19 195
19 200
19 203
19 221
19 223
19 225
19 226
19 231
19 264
19 276
19 281
19 294
19 317
19 321
19 344
19 353
19 356
19 366
19 377
19 390
19 399
19 406
19 416
19 425
19 430
19 437
19 460
19 471
19 472
19 474
19 477
19 502
19 504
19 505
20 22
20 25
20 28
20 31
20 37
20 42
20 46
20 47
20 61
20 66
20 81
20 84
20 87
20 88
20 91
20 95
20 100
20 110
20 128
20 136
20 137
20 146
20 178
20 180
20 184
20 194
20 202
20 203
20 218
20 241
20 257
20 260
20 266
20 270
20 317
20 325
20 372
20 386
20 393
20 396
20 402
20 428
20 442
20 450
20 451
20 511
20 516
21 23
21 25
21 27
21 28
21 36
21 39
21 42
21 53
21 61
21 74
21 84
21 88
21 90
21 91
21 95
21 96
21 98
21 99
21 104
21 112
21 119
21 132
21 135
21 143
21 154
21 155
21 156
21 160
21 169
21 180
21 186
21 188
21 201
21 211
21 217
21 234
21 249
21 263
21 266
21 274
21 296
21 300
21 305
21 324
21 338
21 347
21 370
21 371
21 380
21 383
21 483
21 494
21 522
22 24
22 25
22 26
22 29
22 32
22 33
22 35
22 36
22 40
22 41
22 43
22 47
22 80
22 83
22 102
22 106
22 107
22 112
22 115
22 130
22 160
22 177
22 178
22 185
22 210
22 230
22 240
22 257
22 272
22 296
22 307
22 316
22 354
22 368
22 372
22 373
22 375
22 380
22 384
22 444
22 458
22 467
22 503
23 26
23 34
23 36
23 39
23 40
23 43
23 44
23 46
23 49
23 51
23 56
23 58
23 61
23 65
23 68
23 77
23 79
23 83
23 90
23 95
23 96
23 106
23 120
23 121
23 131
23 139
23 142
23 143
23 148
23 165
23 166
23 177
23 180
23 201
23 221
23 224
23 228
23 230
23 231
23 237
23 245
23 249
23 259
23 262
23 272
23 287
23 306
23 323
23 342
23 397
23 411
23 417
23 446
23 458
23 468
23 479
23 500
23 509
23 520
24 26
24 30
24 32
24 47
24 50
24 51
24 58
24 67
24 74
24 90
24 111
24 114
24 127
24 129
24 142
24 146
24 149
24 162
24 163
24 168
24 186
24 187
24 204
24 223
24 236
24 272
24 308
24 327
24 329
24 362
24 434
24 450
24 456
24 480
24 493
24 501
25 26
25 28
25 32
25 35
25 40
25 42
25 48
25 54
25 65
25 87
25 99
25 101
25 102
25 107
25 109
25 116
25 120
25 128
25 143
25 153
25 157
25 159
25 164
25 185
25 192
25 197
25 208
25 213
25 234
25 236
25 239
25 243
25 253
25 278
25 289
25 300
25 308
25 313
25 337
25 353
25 367
25 398
25 400
25 405
25 407
25 414
25 438
25 486
25 515
25 518
25 525
26 29
26 31
26 36
26 47
26 62
26 82
26 97
26 117
26 128
26 133
26 141
26 167
26 198
26 294
26 319
26 507
26 509
26 511
26 523
27 30
27 34
27 35
27 37
27 40
27 41
27 46
27 50
27 57
27 63
27 74
27 75
27 77
27 78
27 104
27 112
27 128
27 156
27 175
27 186
27 220
27 222
27 226
27 227
27 228
27 230
27 266
27 268
27 269
27 284
27 329
27 342
27 348
27 378
27 402
27 410
27 416
27 424
27 443
27 515
28 29
28 30
28 35
28 36
28 46
28 56
28 67
28 89
28 101
28 110
28 127
28 135
28 152
28 154
28 172
28 176
28 187
28 194
28 210
28 222
28 240
28 250
28 269
28 283
28 287
28 288
28 306
28 322
28 381
28 395
28 403
28 427
28 428
28 452
28 496
28 498
28 504
28 505
29 37
29 44
29 57
29 61
29 68
29 122
29 136
29 148
29 195
29 213
29 247
29 267
29 297
29 341
29 382
29 402
29 434
29 449
29 485
30 37
30 40
30 49
30 118
30 200
30 215
30 266
30 304
30 348
30 349
30 453
30 514
31 32
31 41
31 45
31 52
31 54
31 61
31 66
31 67
31 68
31 72
31 78
31 104
31 107
31 110
31 115
31 125
31 129
31 154
31 171
31 195
31 196
31 209
31 220
31 241
31 248
31 280
31 284
31 292
31 303
31 306
31 310
31 319
31 339
31 347
31 364
31 368
31 377
31 387
31 424
31 438
31 454
31 457
31 468
31 497
32 33
32 34
32 39
32 51
32 66
32 69
32 73
32 77
32 93
32 96
32 150
32 178
32 186
32 209
32 221
32 223
32 238
32 287
32 318
32 320
32 323
32 325
32 337
32 350
32 361
32 366
32 386
32 396
32 401
32 416
32 425
32 426
33 38
33 41
33 44
33 45
33 52
33 56
33 85
33 116
33 173
33 224
33 231
33 244
33 262
33 283
33 288
33 299
33 310
33 324
33 341
33 342
33 439
33 449
33 504
34 38
34 47
34 54
34 59
34 64
34 80
34 84
34 91
34 92
34 99
34 101
34 118
34 125
34 133
34 134
34 137
34 138
34 149
34 181
34 224
34 256
34 271
34 276
34 307
34 311
34 312
34 384
34 479
34 488
34 507
35 37
35 46
35 56
35 58
35 59
35 67
35 70
35 84
35 114
35 139
35 158
35 160
35 175
35 176
35 191
35 229
35 233
35 240
35 241
35 243
35 264
35 295
35 296
35 307
35 308
35 316
35 322
35 328
35 329
35 330
35 347
35 360
35 378
35 381
35 398
35 412
35 419
35 426
35 436
35 461
35 464
35 479
35 489
35 492
35 509
35 521
36 60
36 88
36 94
36 95
36 98
36 108
36 125
36 165
36 170
36 179
36 194
36 249
36 274
36 277
36 303
36 316
36 334
36 357
36 391
36 427
36 445
36 456
36 472
37 77
37 83
37 85
37 126
37 130
37 132
37 177
37 189
37 201
37 233
37 246
37 408
38 51
38 64
38 72
38 73
38 82
38 88
38 128
38 130
38 145
38 196
38 204
38 207
38 242
38 266
38 268
38 286
38 355
38 358
38 398
38 405
38 471
38 483
38 520
39 47
39 50
39 52
39 62
39 64
39 71
39 84
39 102
39 103
39 116
39 129
39 135
39 166
39 185
39 204
39 214
39 218
39 245
39 250
39 286
39 290
39 309
39 310
39 347
39 349
39 366
39 378
39 394
39 397
39 404
39 452
39 460
39 493
39 510
39 514
39 518
40 43
40 73
40 83
40 101
40 127
40 128
40 176
40 179
40 211
40 249
40 277
40 281
40 323
40 379
40 396
40 500
41 46
41 48
41 49
41 87
41 96
41 100
41 104
41 111
41 160
41 165
41 176
41 187
41 200
41 218
41 234
41 252
41 256
41 261
41 273
41 290
41 331
41 345
41 369
41 417
41 427
41 429
41 435
41 442
41 447
41 459
41 475
41 515
41 522
42 45
42 74
42 89
42 119
42 130
42 168
42 207
42 223
42 332
42 408
42 446
43 48
43 60
43 286
43 332
43 346
43 370
44 50
44 69
44 82
44 138
44 157
44 183
44 214
44 227
44 238
44 244
44 265
44 305
44 366
44 368
44 385
44 391
44 401
44 426
44 470
44 490
45 53
45 59
45 61
45 69
45 79
45 89
45 92
45 142
45 158
45 205
45 452
45 463
45 464
45 499
46 51
46 72
46 82
46 134
46 139
46 144
46 173
46 226
46 228
46 233
46 239
46 247
46 249
46 294
46 335
46 374
46 389
46 440
46 462
46 481
46 503
46 510
46 525
47 54
47 65
47 72
47 75
47 76
47 117
47 121
47 134
47 135
47 137
47 154
47 155
47 169
47 200
47 219
47 254
47 318
47 352
47 406
47 423
47 447
47 457
47 514
48 53
48 71
48 72
48 76
48 91
48 122
48 135
48 145
48 159
48 173
48 176
48 343
48 362
48 363
48 400
48 470
48 506
49 126
49 148
49 154
49 176
49 216
49 288
49 323
49 353
49 387
49 408
49 487
49 492
50 54
50 55
50 60
50 66
50 70
50 76
50 88
50 115
50 123
50 201
50 258
50 264
50 279
50 308
50 314
50 337
50 344
50 400
50 409
50 419
50 439
50 469
51 87
51 93
51 106
51 110
51 125
51 126
51 153
51 375
51 423
51 427
51 449
51 495
51 525
52 53
52 64
52 77
52 84
52 88
52 90
52 92
52 102
52 131
52 151
52 164
52 182
52 196
52 206
52 246
52 250
52 252
52 282
52 291
52 310
52 327
52 342
52 348
52 423
52 446
52 448
52 456
52 464
52 473
52 480
52 483
52 513
52 524
53 59
53 62
53 139
53 223
53 310
53 465
53 508
54 61
54 65
54 75
54 83
54 92
54 95
54 99
54 105
54 116
54 121
54 123
54 134
54 145
54 151
54 181
54 224
54 236
54 237
54 257
54 339
54 374
54 387
54 446
54 454
54 461
54 474
54 497
54 510
54 524
55 66
55 76
55 80
55 81
55 106
55 116
55 132
55 149
55 197
55 240
55 258
55 268
55 283
55 291
55 293
55 313
55 330
55 355
55 392
55 397
55 407
55 456
55 460
56 86
56 94
56 120
56 204
56 290
56 432
56 501
57 71
57 76
57 81
57 82
57 90
57 99
57 103
57 104
57 142
57 150
57 193
57 210
57 267
57 306
57 318
57 334
57 338
57 350
57 361
57 367
57 384
57 398
57 413
57 441
57 496
57 519
58 64
58 80
58 115
58 147
58 157
58 161
58 183
58 212
58 283
58 289
58 291
58 325
58 379
58 390
58 394
58 396
58 412
59 60
59 69
59 70
59 80
59 103
59 105
59 152
59 271
59 282
59 393
59 400
60 69
60 145
60 192
60 311
60 369
60 390
60 445
60 466
61 98
61 146
61 162
61 166
61 171
61 172
61 200
61 201
61 242
61 255
61 267
61 272
61 289
61 306
61 425
61 437
62 86
62 96
62 111
62 112
62 119
62 123
62 125
62 129
62 130
62 140
62 178
62 203
62 207
62 226
62 235
62 244
62 254
62 255
62 256
62 285
62 325
62 336
62 345
62 347
62 361
62 370
62 373
62 395
62 406
62 412
62 463
62 488
63 99
63 141
63 151
63 232
63 265
63 293
63 299
63 329
63 340
63 348
63 385
63 409
63 467
63 504
64 112
64 124
64 133
64 234
64 251
64 267
64 270
64 285
64 288
64 292
64 298
64 330
64 361
64 397
64 451
64 454
65 67
65 83
65 90
65 94
65 95
65 123
65 125
65 157
65 175
65 263
65 280
65 289
65 300
65 324
65 420
65 505
66 69
66 131
66 164
66 169
66 170
66 177
66 181
66 261
66 278
66 328
66 391
66 414
67 69
67 79
67 109
67 173
67 183
67 217
67 226
67 245
67 279
67 303
67 367
67 403
67 411
67 444
67 524
68 78
68 97
68 128
68 202
68 217
68 224
68 225
68 284
68 348
68 429
68 434
69 92
69 126
69 159
69 239
69 272
69 277
69 339
69 354
69 359
69 427
70 71
70 73
70 87
70 89
70 110
70 121
70 136
70 148
70 153
70 198
70 237
70 264
70 304
70 338
70 366
70 369
70 398
70 425
70 450
70 453
71 144
71 151
71 160
71 171
71 183
71 188
71 193
71 208
71 223
71 235
71 260
71 262
71 275
71 293
71 316
71 327
71 341
71 344
71 352
71 356
71 359
71 401
71 424
71 444
71 451
72 76
72 100
72 122
72 168
72 185
72 234
72 253
72 361
72 405
73 85
73 142
73 149
73 166
73 172
73 190
73 191
73 213
73 246
73 257
73 301
73 357
73 364
73 375
73 394
73 437
73 466
73 476
73 483
74 96
74 120
74 127
74 138
74 140
74 177
74 242
74 275
74 277
74 330
74 448
75 138
75 159
75 251
75 262
75 293
75 359
75 381
76 89
76 107
76 108
76 137
76 139
76 163
76 225
76 242
76 255
76 320
76 441
76 486
76 503
77 100
77 189
77 231
77 270
77 384
77 432
78 89
78 137
79 91
79 95
79 104
79 123
79 124
79 168
79 170
79 179
79 265
79 323
79 330
79 372
79 445
79 446
79 508
80 91
80 109
80 131
80 167
80 184
80 186
80 189
80 206
80 282
80 295
80 307
80 310
80 329
80 375
80 394
80 426
80 438
81 173
81 178
81 195
81 243
81 281
81 284
81 321
81 395
81 415
81 448
82 92
82 100
82 110
82 126
82 130
82 171
82 190
82 195
82 218
82 239
82 251
82 267
82 274
82 282
82 309
82 315
82 374
82 389
82 402
82 407
82 422
82 431
82 459
82 477
82 490
82 520
83 124
83 141
83 263
83 352
83 390
83 461
83 462
83 514
84 94
84 97
84 99
84 101
84 132
84 133
84 140
84 210
84 214
84 273
84 304
84 323
84 351
84 369
84 389
84 453
84 466
85 118
85 140
85 148
85 205
85 213
85 229
85 248
85 299
85 300
85 336
85 358
85 373
85 386
85 453
86 141
86 157
86 166
86 168
86 206
86 217
86 317
86 332
86 334
86 340
86 470
86 501
86 512
87 126
87 240
87 263
87 270
87 364
88 102
88 105
88 120
88 147
88 149
88 184
88 186
88 222
88 276
88 292
88 363
88 390
89 102
89 104
89 203
89 220
89 362
89 491
90 111
90 117
90 144
90 176
90 208
90 303
90 339
90 454
90 473
91 107
91 215
91 307
91 388
91 390
91 436
91 497
92 106
92 172
92 360
92 497
93 118
93 152
93 317
93 332
93 341
94 105
94 116
94 129
94 131
94 143
94 199
94 267
94 298
94 321
94 351
94 417
94 502
95 150
95 151
95 167
95 224
95 261
95 298
95 312
95 383
95 509
96 139
96 200
96 235
96 244
96 303
96 304
96 351
96 364
96 384
96 412
96 504
96 508
97 101
97 129
97 158
97 239
97 273
97 277
97 288
97 357
97 392
97 485
97 487
97 519
97 521
98 138
98 174
98 250
98 261
98 388
98 513
99 135
99 197
99 243
99 253
99 307
99 322
99 327
99 384
99 430
99 473
100 126
100 134
100 158
100 214
100 237
100 331
100 356
101 127
101 147
101 152
101 184
101 196
101 302
101 492
102 119
102 134
102 209
102 258
102 278
102 296
102 320
102 326
102 339
102 344
102 417
102 419
102 441
102 465
103 105
103 109
103 111
103 112
103 113
103 133
103 148
103 231
103 260
103 284
103 292
103 305
103 311
103 318
103 354
103 372
103 423
103 450
103 475
103 497
104 188
104 193
104 196
104 225
104 236
104 242
104 333
104 367
104 431
104 439
104 489
104 507
104 523
105 114
105 120
105 248
105 263
105 277
105 328
105 340
105 345
105 396
105 463
106 147
106 191
106 245
106 287
106 295
106 351
106 375
106 376
106 447
106 496
106 519
107 131
107 192
107 198
107 202
107 380
107 409
107 473
107 474
107 480
107 510
108 109
108 144
108 215
108 228
108 316
108 403
109 110
109 113
109 121
109 132
109 149
109 158
109 172
109 180
109 284
109 324
109 364
109 408
109 458
109 478
109 516
109 519
110 113
110 115
110 163
110 170
110 184
110 193
110 232
110 241
110 247
110 289
110 352
110 357
110 401
110 410
110 481
111 121
111 123
111 135
111 143
111 159
111 216
111 262
111 335
111 410
111 423
111 472
112 117
112 139
112 144
112 296
112 318
112 428
112 518
113 132
113 138
113 174
113 175
113 179
113 182
113 190
113 208
113 211
113 253
113 261
113 266
113 273
113 287
113 432
113 487
114 125
114 131
114 209
114 222
114 283
114 297
114 312
114 314
114 318
114 376
114 385
114 447
115 138
115 172
115 175
115 218
115 235
115 383
115 507
116 117
116 150
116 159
116 187
116 246
116 254
116 259
116 338
116 368
116 389
116 410
116 423
116 424
116 476
116 485
116 498
116 512
117 123
117 133
117 198
117 205
117 212
117 229
117 231
117 296
117 297
117 311
117 317
117 358
118 133
118 181
118 183
118 194
118 207
118 215
118 272
118 388
118 392
118 463
118 499
118 512
119 133
119 167
119 191
119 192
119 216
119 220
119 246
119 265
119 297
119 331
119 404
119 431
120 122
120 144
120 163
120 179
120 204
120 225
120 253
120 268
120 279
120 323
120 354
120 378
120 476
120 478
120 487
121 141
121 143
121 164
121 182
122 156
122 207
122 358
122 367
123 132
123 162
123 188
123 482
124 141
124 155
124 156
124 162
124 205
124 210
124 267
124 294
124 309
124 321
124 358
124 374
124 468
124 515
125 145
125 161
125 246
125 252
125 261
125 319
125 411
125 441
126 195
126 200
126 239
126 326
127 159
127 160
127 161
127 187
127 198
127 229
127 281
127 290
127 299
127 421
127 429
128 155
128 226
128 247
128 281
128 325
128 365
128 366
128 420
128 462
129 140
129 174
129 190
129 255
129 263
129 282
129 308
129 370
129 378
129 487
130 247
130 297
130 393
130 484
131 322
131 377
131 381
132 258
132 324
132 377
133 166
133 198
133 251
133 261
133 268
133 276
133 288
133 292
133 429
133 431
134 176
134 211
134 232
134 354
134 395
134 462
135 155
135 157
135 199
135 219
135 227
135 248
135 382
135 404
135 433
135 436
135 485
136 268
136 471
137 155
137 216
137 241
137 368
137 399
137 440
137 497
138 161
138 230
138 290
138 392
138 523
139 172
139 222
139 259
139 278
139 300
139 301
139 346
139 361
139 362
139 382
139 385
139 418
139 419
139 438
139 444
139 473
139 522
140 217
140 247
140 282
140 291
140 321
140 353
140 426
140 489
141 171
141 201
141 214
141 276
141 334
141 349
141 469
141 501
142 145
142 173
142 235
142 264
142 359
142 467
142 516
143 211
143 238
143 278
143 295
143 360
143 367
143 428
143 451
143 486
143 498
143 513
144 163
144 220
144 248
144 326
144 342
144 363
144 388
144 475
144 484
145 173
145 220
145 258
145 296
145 340
145 492
146 153
146 169
146 200
146 402
147 166
147 174
147 209
147 212
147 216
147 222
147 228
147 250
147 280
147 349
147 374
147 380
147 391
147 397
147 460
147 522
148 151
148 199
148 202
148 236
148 239
148 244
148 251
148 256
148 258
148 285
148 301
148 358
148 373
148 392
148 440
148 443
148 461
148 478
148 501
148 516
149 169
149 269
149 335
149 459
149 460
149 498
150 182
150 201
150 205
150 436
151 155
151 159
151 180
151 185
151 191
151 213
151 225
151 235
151 262
151 289
151 333
151 334
151 401
151 424
151 471
152 206
152 212
152 266
152 300
152 306
152 315
152 317
152 379
152 413
152 420
152 495
153 189
153 243
153 292
153 349
153 373
153 504
154 156
154 162
154 175
154 183
154 197
154 221
154 230
154 257
154 275
154 342
154 363
154 365
154 392
154 413
154 430
154 432
154 434
154 442
154 448
154 450
154 457
154 462
154 502
155 160
155 162
155 165
155 173
155 190
155 221
155 233
155 234
155 268
155 271
155 277
155 280
155 290
155 333
155 345
155 350
155 450
155 478
155 501
156 193
156 245
156 339
156 415
156 428
156 476
157 174
157 189
157 190
157 350
157 387
157 404
157 433
157 455
158 301
158 309
158 331
158 357
158 410
158 467
159 343
159 388
159 485
159 519
160 166
160 199
160 203
160 285
160 301
160 398
160 454
160 483
160 511
161 238
161 418
162 217
162 254
162 317
162 331
162 393
162 399
162 412
163 165
163 171
163 255
163 288
163 326
163 418
164 196
164 308
165 285
165 289
165 303
165 355
165 421
165 471
165 512
166 214
166 233
166 239
166 240
166 270
166 311
166 341
166 368
166 445
166 508
166 515
167 168
167 180
167 252
167 276
167 298
167 365
167 380
167 466
167 488
168 211
169 170
169 171
169 177
169 248
169 252
169 410
169 435
169 444
170 204
171 244
171 272
171 286
171 299
171 304
171 374
171 439
172 237
172 264
172 326
172 371
172 423
173 219
173 242
173 305
173 329
173 332
173 337
173 357
173 365
173 376
173 384
173 477
174 443
174 445
174 471
174 505
175 224
175 275
175 364
175 516
176 182
176 218
176 249
176 262
176 293
176 416
176 512
177 185
177 192
177 260
177 305
177 319
177 361
177 405
177 497
177 506
177 524
178 229
179 232
179 276
179 350
179 364
179 382
179 389
179 438
180 205
180 359
180 463
181 186
181 191
181 207
181 298
181 377
182 187
182 280
182 312
182 396
182 414
182 456
182 469
182 507
183 202
183 224
183 251
183 298
183 324
183 342
183 376
183 388
183 404
183 417
183 437
183 522
184 375
184 384
184 469
185 197
185 208
185 236
185 295
185 356
185 418
186 187
186 208
186 251
186 254
186 321
186 353
186 356
186 406
186 430
187 194
187 247
187 250
187 256
187 371
187 400
187 409
187 422
187 435
187 438
187 513
188 194
188 237
188 245
188 287
188 322
188 395
188 406
188 417
188 525
189 303
189 332
189 347
189 368
189 373
189 376
189 440
189 502
190 193
190 194
190 411
190 468
191 199
191 219
191 236
191 295
191 393
191 443
191 455
192 199
192 211
192 245
192 248
192 348
192 360
192 520
193 260
193 284
193 331
193 494
194 238
194 244
194 251
194 314
194 410
194 411
194 465
195 328
195 331
195 372
195 470
196 202
196 286
196 299
196 345
196 403
196 405
196 448
196 455
196 511
197 343
198 199
198 233
199 215
199 216
199 273
199 281
199 319
199 341
199 468
199 482
199 501
200 269
200 320
200 335
201 230
201 255
201 433
201 448
201 518
202 234
202 260
202 313
202 333
202 355
202 369
202 394
202 403
202 422
202 440
202 443
202 453
203 212
203 227
204 210
204 360
204 460
205 229
205 286
205 362
205 427
206 250
206 309
206 323
206 369
206 397
207 209
208 236
208 256
208 375
208 380
208 476
208 506
209 429
209 442
210 249
210 381
210 413
210 458
211 222
211 227
211 290
211 318
211 354
211 371
211 392
211 488
212 227
212 259
212 431
212 433
212 480
212 492
212 499
213 216
213 219
213 230
213 235
213 264
213 272
213 279
213 280
213 402
213 430
213 524
214 231
214 244
214 292
214 302
214 316
214 381
214 495
214 498
215 252
215 386
216 218
216 292
216 297
216 352
216 360
216 436
216 521
217 233
217 245
217 256
217 258
217 263
217 279
217 282
217 294
217 326
217 339
217 394
217 421
217 493
217 520
218 219
219 379
219 403
219 441
220 376
222 227
222 409
222 484
223 273
223 327
223 349
224 229
224 346
224 371
225 265
225 287
225 405
225 415
225 459
226 232
226 269
226 505
227 228
227 232
227 241
227 274
227 297
227 355
227 411
227 424
227 425
229 240
229 255
229 352
229 482
229 503
229 517
230 322
230 349
231 243
231 279
231 280
231 293
231 403
232 255
232 302
232 383
233 341
233 432
233 457
234 241
234 291
234 491
236 242
236 294
236 320
236 333
236 426
236 474
236 508
236 512
236 518
237 351
237 475
238 281
238 287
238 294
238 470
238 505
239 270
239 283
240 284
240 485
241 261
241 304
241 353
241 439
241 460
241 514
242 325
242 420
242 439
242 442
242 468
242 502
243 330
243 413
244 333
245 336
245 343
246 302
246 385
247 286
247 362
248 274
248 343
248 350
248 388
248 458
248 481
248 500
248 511
249 328
249 343
249 437
250 266
250 267
250 269
250 271
250 283
250 325
250 363
250 366
250 369
251 355
252 274
252 394
252 493
252 516
253 300
253 337
253 501
254 275
254 308
254 454
254 466
255 260
255 301
255 464
255 520
256 259
256 291
256 315
256 390
256 466
256 475
256 496
257 259
257 312
257 433
258 409
258 474
259 363
259 414
259 421
259 469
259 472
259 475
259 523
260 456
260 513
261 426
261 463
261 486
262 309
262 328
262 428
262 492
262 506
262 518
263 270
263 276
264 405
264 448
264 476
264 484
264 509
265 320
265 367
265 381
265 399
265 477
266 424
266 489
266 508
267 297
267 360
267 365
267 408
268 342
269 393
269 402
269 444
269 482
270 291
270 466
271 295
271 296
271 315
271 368
271 379
271 422
271 434
271 455
271 462
272 288
272 328
272 386
272 406
273 305
274 312
274 315
274 335
274 383
274 395
274 416
274 464
274 489
275 355
275 450
275 481
275 493
276 282
276 313
276 320
276 345
276 355
276 370
277 345
278 302
278 449
279 318
279 431
279 447
279 477
279 500
280 311
280 371
280 389
280 467
281 320
281 419
281 459
281 523
283 338
283 357
283 411
283 444
284 310
284 324
284 386
284 407
285 336
285 399
285 413
285 470
285 503
286 346
286 359
286 386
286 400
286 405
286 422
286 506
288 319
288 330
288 348
288 395
288 412
288 457
288 483
288 509
289 429
289 464
289 465
289 481
289 483
290 302
290 309
290 314
290 401
290 503
291 334
291 420
291 486
292 312
292 399
293 302
293 359
293 404
293 409
293 478
294 298
294 347
294 349
294 382
294 461
294 518
296 326
296 476
296 491
297 303
297 316
297 333
297 494
298 315
299 339
299 395
299 398
299 455
299 471
300 326
300 346
300 375
300 427
301 359
301 507
302 306
302 401
302 472
302 522
303 305
303 313
303 371
303 422
303 428
303 467
303 525
304 420
304 488
305 479
306 392
306 455
307 343
307 439
308 321
308 495
308 506
310 327
310 331
310 351
310 379
310 468
310 502
311 315
311 344
311 352
311 474
311 479
311 516
312 391
312 415
312 443
312 495
313 435
314 487
315 336
315 383
315 449
315 452
316 338
318 344
319 377
319 413
320 378
321 387
321 416
321 480
321 495
322 370
323 345
323 420
324 371
324 406
324 512
325 351
325 356
325 374
325 421
326 336
326 340
326 363
326 511
326 524
327 434
327 455
328 347
328 413
328 461
328 505
330 391
330 410
330 421
331 381
331 429
331 499
332 338
332 436
333 374
333 424
334 515
335 346
335 377
335 432
336 366
336 473
336 489
337 344
337 354
337 415
337 463
337 490
337 519
338 379
339 354
339 383
339 480
341 441
343 430
344 386
344 448
344 518
345 353
346 367
346 373
346 470
346 498
347 350
347 465
347 517
349 499
349 515
350 476
355 396
355 503
357 478
358 378
358 415
358 457
358 478
359 363
359 365
359 370
359 511
359 512
360 482
362 433
362 442
363 380
363 400
364 457
365 446
365 482
366 458
367 385
369 418
371 452
372 432
373 399
373 422
373 430
373 491
374 514
376 391
377 447
377 490
378 411
378 414
378 502
379 387
379 456
380 440
381 401
381 465
382 407
383 435
384 416
384 488
384 516
385 409
386 462
387 425
387 507
388 483
388 499
388 519
389 524
390 419
390 433
390 490
391 520
392 457
393 442
394 412
394 443
395 417
395 469
395 492
396 434
396 446
398 455
398 494
398 505
399 445
399 465
401 418
401 474
401 486
402 459
402 487
406 419
406 462
407 488
408 445
408 506
411 481
413 491
414 472
415 431
416 523
417 496
418 453
419 479
421 498
422 470
424 438
424 445
424 469
425 449
426 472
427 521
428 467
430 484
432 459
432 466
433 447
433 481
436 498
437 440
437 477
437 494
438 484
438 520
439 469
439 493
440 458
440 491
441 481
443 506
444 475
444 480
448 492
451 487
453 482
453 515
454 477
454 494
456 488
459 490
459 517
460 486
461 502
462 475
466 495
466 509
466 519
470 517
473 510
476 513
484 486
484 495
484 521
485 521
486 513
487 490
490 494
494 500
500 517
503 508
