0 1
0 2
0 3
0 4
0 5
0 6
0 7
0 8
0 9
0 10
0 11
0 12
0 13
0 14
0 15
0 16
0 17
0 20
0 21
0 22
0 23
0 24
0 27
0 29
0 33
0 39
0 41
0 43
0 44
0 47
0 48
0 49
0 50
0 52
0 53
0 54
0 55
0 63
0 75
0 80
0 82
0 92
0 96
0 100
0 104
0 105
0 109
0 114
0 130
0 140
0 158
0 160
0 162
0 176
0 184
0 186
0 193
0 214
0 222
0 230
0 233
0 235
0 237
0 241
0 254
0 256
0 259
0 272
0 278
0 281
0 287
0 289
0 291
0 293
0 306
0 346
0 349
0 357
0 363
0 374
0 381
0 386
0 402
0 426
0 428
0 434
0 436
0 438
0 440
0 447
0 453
0 470
0 476
0 478
0 490
0 494
0 504
0 508
0 524
0 525
0 532
0 534
0 536
0 550
0 557
0 566
0 572
1 9
1 10
1 12
1 13
1 15
1 16
1 17
1 18
1 25
1 29
1 32
1 35
1 37
1 40
1 42
1 43
1 46
1 57
1 68
1 75
1 80
1 89
1 93
1 100
1 104
1 106
1 134
1 156
1 162
1 167
1 175
1 178
1 183
1 199
1 204
1 240
1 288
1 376
1 380
1 388
1 396
1 403
1 423
1 447
1 454
1 458
1 468
1 488
1 530
2 22
2 92
2 98
2 188
2 289
2 352
2 356
2 478
3 9
3 10
3 11
3 13
3 14
3 16
3 17
3 25
3 27
3 29
3 33
3 46
3 47
3 48
3 51
3 62
3 73
3 78
3 88
3 96
3 97
3 127
3 134
3 163
3 188
3 189
3 198
3 199
3 207
3 243
3 268
3 329
3 360
3 367
3 385
3 419
3 423
3 451
3 500
3 514
4 9
4 10
4 11
4 16
4 19
4 20
4 23
4 33
4 38
4 43
4 44
4 86
4 87
4 93
4 122
4 144
4 154
4 170
4 175
4 176
4 181
4 186
4 187
4 190
4 207
4 208
4 210
4 217
4 259
4 267
4 278
4 281
4 304
4 310
4 311
4 324
4 341
4 407
4 427
4 446
4 452
4 458
4 460
4 497
4 503
4 523
4 530
4 533
4 554
4 563
5 9
5 10
5 12
5 13
5 14
5 15
5 18
5 20
5 22
5 29
5 30
5 31
5 38
5 39
5 45
5 47
5 50
5 59
5 66
5 83
5 84
5 85
5 90
5 94
5 103
5 109
5 119
5 130
5 147
5 152
5 171
5 195
5 196
5 197
5 201
5 204
5 210
5 220
5 222
5 229
5 251
5 255
5 295
5 319
5 323
5 326
5 335
5 363
5 393
5 396
5 464
5 477
5 483
5 505
5 519
5 553
6 9
6 11
6 12
6 14
6 15
6 19
6 21
6 24
6 30
6 32
6 41
6 45
6 52
6 56
6 58
6 59
6 60
6 63
6 72
6 79
6 80
6 81
6 84
6 85
6 88
6 101
6 112
6 120
6 122
6 126
6 132
6 149
6 165
6 177
6 179
6 182
6 202
6 204
6 217
6 219
6 228
6 244
6 269
6 276
6 296
6 302
6 316
6 329
6 352
6 353
6 373
6 402
6 403
6 415
6 419
6 424
6 446
6 454
6 455
6 478
6 480
6 498
6 502
6 505
6 523
6 529
6 530
6 568
7 9
7 10
7 11
7 15
7 21
7 24
7 48
7 51
7 57
7 80
7 86
7 94
7 123
7 127
7 153
7 169
7 248
7 323
7 324
7 412
7 520
7 530
7 545
8 9
8 10
8 11
8 12
8 13
8 14
8 18
8 20
8 23
8 24
8 26
8 28
8 30
8 32
8 34
8 35
8 46
8 61
8 79
8 86
8 90
8 94
8 97
8 122
8 126
8 134
8 142
8 179
8 194
8 211
8 220
8 226
8 234
8 237
8 242
8 279
8 284
8 289
8 296
8 310
8 351
8 364
8 423
8 445
8 459
8 466
8 480
8 486
8 500
8 502
8 504
8 522
9 10
9 11
9 12
9 13
9 14
9 15
9 16
9 17
9 18
9 19
9 20
9 21
9 22
9 23
9 25
9 26
9 28
9 30
9 32
9 33
9 34
9 36
9 37
9 38
9 39
9 41
9 42
9 44
9 45
9 47
9 48
9 49
9 55
9 60
9 62
9 64
9 65
9 66
9 67
9 70
9 71
9 72
9 73
9 77
9 78
9 83
9 90
9 97
9 98
9 99
9 104
9 112
9 117
9 118
9 124
9 127
9 128
9 132
9 134
9 138
9 139
9 149
9 150
9 151
9 159
9 165
9 166
9 168
9 171
9 173
9 185
9 187
9 188
9 201
9 206
9 209
9 211
9 212
9 217
9 221
9 226
9 235
9 241
9 247
9 251
9 254
9 255
9 257
9 259
9 266
9 267
9 269
9 271
9 276
9 285
9 286
9 290
9 291
9 293
9 294
9 326
9 337
9 362
9 387
9 388
9 395
9 398
9 408
9 416
9 421
9 435
9 442
9 444
9 449
9 461
9 462
9 465
9 476
9 482
9 495
9 502
9 509
9 525
9 526
9 528
9 533
9 547
9 552
9 555
9 559
9 572
10 11
10 12
10 13
10 14
10 17
10 19
10 22
10 23
10 27
10 30
10 32
10 34
10 38
10 45
10 47
10 50
10 51
10 63
10 76
10 79
10 91
10 94
10 95
10 105
10 109
10 110
10 116
10 118
10 134
10 136
10 146
10 164
10 168
10 170
10 179
10 197
10 200
10 203
10 225
10 235
10 250
10 258
10 268
10 273
10 277
10 284
10 293
10 341
10 355
10 363
10 369
10 379
10 388
10 389
10 411
10 476
10 478
10 506
10 507
10 518
10 527
10 531
10 545
10 569
11 12
11 13
11 16
11 17
11 18
11 19
11 21
11 22
11 24
11 26
11 28
11 30
11 31
11 37
11 38
11 44
11 45
11 46
11 47
11 55
11 57
11 63
11 79
11 96
11 100
11 103
11 108
11 111
11 117
11 118
11 125
11 132
11 141
11 146
11 148
11 159
11 161
11 166
11 169
11 170
11 175
11 180
11 181
11 182
11 183
11 190
11 193
11 207
11 210
11 221
11 223
11 249
11 250
11 256
11 261
11 267
11 272
11 276
11 287
11 303
11 311
11 323
11 324
11 335
11 345
11 347
11 351
11 373
11 375
11 380
11 396
11 419
11 439
11 444
11 453
11 462
11 475
11 482
11 486
11 488
11 514
11 558
11 568
11 571
12 14
12 15
12 16
12 18
12 20
12 23
12 26
12 29
12 38
12 40
12 41
12 65
12 71
12 72
12 73
12 76
12 77
12 87
12 92
12 100
12 106
12 108
12 119
12 127
12 149
12 153
12 163
12 212
12 213
12 214
12 222
12 234
12 244
12 246
12 258
12 261
12 264
12 270
12 271
12 273
12 282
12 287
12 297
12 303
12 336
12 357
12 404
12 474
12 501
12 512
12 513
12 532
12 533
12 550
12 572
13 25
13 52
13 57
13 69
13 80
13 88
13 112
13 115
13 155
13 158
13 183
13 204
13 212
13 232
13 266
13 269
13 287
13 381
13 394
13 423
13 425
13 432
13 471
13 472
13 479
13 517
14 15
14 16
14 17
14 21
14 24
14 25
14 26
14 28
14 31
14 36
14 38
14 40
14 42
14 43
14 44
14 55
14 56
14 59
14 61
14 73
14 83
14 91
14 112
14 113
14 124
14 125
14 140
14 147
14 157
14 182
14 184
14 190
14 195
14 198
14 229
14 234
14 235
14 238
14 239
14 250
14 255
14 269
14 284
14 286
14 290
14 294
14 301
14 305
14 314
14 319
14 337
14 348
14 350
14 362
14 383
14 395
14 421
14 436
14 444
14 484
14 488
14 495
14 502
14 529
14 539
14 572
14 574
14 575
15 19
15 22
15 26
15 28
15 34
15 37
15 55
15 58
15 80
15 81
15 85
15 86
15 89
15 93
15 104
15 114
15 117
15 124
15 131
15 199
15 206
15 239
15 293
15 297
15 314
15 326
15 329
15 365
15 417
15 430
15 462
15 513
15 527
15 531
15 532
15 553
16 17
16 18
16 19
16 20
16 23
16 27
16 29
16 32
16 39
16 46
16 50
16 53
16 58
16 61
16 67
16 70
16 71
16 79
16 90
16 114
16 116
16 122
16 129
16 136
16 140
16 143
16 146
16 148
16 152
16 156
16 157
16 166
16 174
16 184
16 185
16 189
16 196
16 198
16 205
16 208
16 212
16 216
16 231
16 233
16 244
16 246
16 262
16 263
16 288
16 310
16 312
16 315
16 325
16 328
16 342
16 353
16 366
16 378
16 384
16 391
16 409
16 438
16 439
16 442
16 449
16 460
16 469
16 485
16 521
16 548
16 557
16 562
16 563
16 567
16 570
17 18
17 19
17 21
17 22
17 24
17 25
17 27
17 29
17 31
17 35
17 36
17 44
17 51
17 54
17 59
17 64
17 65
17 89
17 96
17 102
17 103
17 116
17 120
17 136
17 137
17 151
17 154
17 175
17 194
17 197
17 263
17 275
17 276
17 286
17 308
17 316
17 321
17 348
17 395
17 411
17 420
17 423
17 425
17 470
17 492
17 514
17 537
17 563
17 567
17 571
18 23
18 28
18 37
18 46
18 54
18 59
18 61
18 65
18 67
18 69
18 81
18 87
18 94
18 107
18 122
18 130
18 131
18 177
18 181
18 185
18 193
18 233
18 275
18 283
18 331
18 349
18 373
18 376
18 401
18 420
18 446
18 496
18 507
18 527
18 537
18 543
18 563
19 20
19 21
19 27
19 37
19 41
19 43
19 44
19 46
19 60
19 62
19 65
19 67
19 68
19 69
19 82
19 84
19 97
19 102
19 110
19 121
19 122
19 147
19 152
19 155
19 167
19 188
19 196
19 216
19 281
19 286
19 287
19 305
19 316
19 336
19 350
19 372
19 380
19 400
19 431
19 435
19 459
19 463
19 482
19 488
19 528
19 535
19 538
19 541
19 555
19 560
20 42
20 49
20 67
20 69
20 85
20 95
20 133
20 158
20 176
20 198
20 200
20 243
20 265
20 289
20 299
20 305
20 313
20 319
20 339
20 348
20 366
20 409
20 433
20 454
20 529
20 555
21 24
21 25
21 26
21 27
21 34
21 38
21 42
21 45
21 70
21 73
21 75
21 110
21 127
21 131
21 136
21 141
21 142
21 145
21 149
21 167
21 180
21 199
21 207
21 224
21 229
21 236
21 243
21 254
21 255
21 259
21 260
21 265
21 304
21 307
21 340
21 346
21 371
21 402
21 435
21 443
21 471
21 475
21 482
21 513
21 522
21 529
21 549
21 556
21 569
22 26
22 34
22 35
22 49
22 53
22 54
22 55
22 57
22 116
22 124
22 138
22 142
22 167
22 175
22 185
22 199
22 210
22 214
22 229
22 230
22 241
22 317
22 322
22 347
22 357
22 360
22 368
22 392
22 441
22 462
22 476
22 500
22 519
22 530
22 536
22 557
22 564
23 25
23 31
23 34
23 35
23 39
23 41
23 44
23 46
23 49
23 50
23 53
23 59
23 62
23 64
23 72
23 83
23 91
23 98
23 133
23 135
23 141
23 143
23 149
23 154
23 158
23 160
23 185
23 196
23 197
23 223
23 279
23 288
23 293
23 296
23 309
23 360
23 368
23 388
23 394
23 399
23 425
23 463
23 491
23 501
23 516
23 560
23 568
24 30
24 31
24 45
24 56
24 58
24 62
24 68
24 70
24 71
24 79
24 93
24 96
24 99
24 102
24 107
24 108
24 120
24 134
24 140
24 146
24 152
24 157
24 173
24 192
24 193
24 207
24 209
24 214
24 215
24 225
24 241
24 255
24 262
24 263
24 267
24 269
24 307
24 328
24 368
24 370
24 387
24 390
24 396
24 397
24 425
24 427
24 436
24 437
24 459
24 472
24 531
24 562
25 27
25 28
25 29
25 32
25 35
25 39
25 40
25 51
25 53
25 54
25 57
25 63
25 64
25 76
25 81
25 83
25 85
25 91
25 95
25 117
25 125
25 128
25 129
25 150
25 151
25 155
25 160
25 170
25 171
25 189
25 209
25 222
25 227
25 232
25 236
25 249
25 252
25 264
25 274
25 280
25 343
25 344
25 349
25 351
25 380
25 382
25 384
25 445
25 447
25 450
25 456
25 470
25 479
25 492
25 499
25 514
25 526
25 535
26 28
26 31
26 36
26 43
26 48
26 52
26 56
26 74
26 102
26 107
26 133
26 147
26 153
26 177
26 180
26 184
26 224
26 228
26 238
26 239
26 247
26 257
26 270
26 286
26 328
26 354
26 390
26 429
26 465
26 470
26 537
26 555
26 558
27 35
27 36
27 39
27 63
27 64
27 71
27 107
27 111
27 114
27 131
27 169
27 173
27 181
27 186
27 189
27 194
27 196
27 221
27 224
27 236
27 252
27 307
27 321
27 355
27 362
27 368
27 384
27 441
27 453
27 467
27 506
27 521
27 526
27 533
28 32
28 37
28 39
28 40
28 42
28 47
28 49
28 55
28 61
28 76
28 78
28 79
28 94
28 100
28 101
28 106
28 107
28 119
28 127
28 129
28 131
28 139
28 143
28 149
28 155
28 223
28 253
28 264
28 267
28 286
28 298
28 313
28 320
28 349
28 353
28 370
28 377
28 381
28 387
28 397
28 412
28 440
28 469
28 482
28 522
28 549
29 30
29 31
29 33
29 36
29 60
29 62
29 67
29 81
29 90
29 92
29 101
29 132
29 138
29 139
29 152
29 162
29 173
29 180
29 195
29 203
29 279
29 301
29 306
29 323
29 343
29 365
29 422
30 33
30 37
30 40
30 48
30 64
30 65
30 77
30 91
30 102
30 129
30 137
30 151
30 180
30 187
30 191
30 288
30 295
30 336
30 340
30 344
30 357
30 383
30 395
30 441
30 466
31 33
31 36
31 43
31 50
31 53
31 57
31 62
31 74
31 75
31 78
31 93
31 97
31 114
31 123
31 133
31 149
31 179
31 186
31 198
31 223
31 252
31 280
31 284
31 347
31 372
31 379
31 394
31 399
31 403
31 469
31 486
31 525
31 549
32 33
32 35
32 56
32 58
32 68
32 74
32 75
32 88
32 95
32 106
32 126
32 130
32 132
32 145
32 168
32 169
32 226
32 244
32 302
32 339
32 348
32 350
32 352
32 378
32 397
32 459
32 492
32 503
32 506
32 539
33 34
33 42
33 49
33 60
33 68
33 88
33 105
33 108
33 119
33 126
33 129
33 154
33 168
33 176
33 184
33 198
33 226
33 241
33 251
33 253
33 275
33 285
33 294
33 298
33 302
33 310
33 322
33 356
33 367
33 368
33 410
33 426
33 433
33 448
33 468
33 480
33 487
33 492
33 497
33 506
33 523
33 541
33 573
34 42
34 92
34 108
34 119
34 135
34 142
34 163
34 193
34 256
34 277
34 382
34 435
34 454
34 464
34 466
34 488
34 527
34 539
34 556
35 36
35 54
35 56
35 67
35 77
35 89
35 99
35 141
35 145
35 172
35 174
35 181
35 191
35 193
35 195
35 209
35 211
35 220
35 266
35 267
35 305
35 327
35 361
35 385
35 399
35 418
35 431
35 461
35 498
35 512
35 544
35 552
36 40
36 41
36 50
36 52
36 61
36 76
36 78
36 85
36 88
36 95
36 96
36 112
36 136
36 174
36 180
36 192
36 206
36 214
36 224
36 237
36 245
36 274
36 275
36 292
36 297
36 303
36 311
36 327
36 339
36 386
36 419
36 421
36 430
36 486
36 511
36 517
36 524
37 48
37 72
37 78
37 87
37 93
37 101
37 123
37 128
37 137
37 139
37 148
37 156
37 160
37 171
37 173
37 178
37 184
37 186
37 224
37 240
37 243
37 251
37 262
37 271
37 281
37 291
37 296
37 325
37 332
37 345
37 406
37 410
37 416
37 422
37 504
37 569
38 40
38 63
38 66
38 70
38 85
38 114
38 115
38 128
38 132
38 171
38 172
38 179
38 192
38 193
38 202
38 226
38 231
38 233
38 283
38 284
38 290
38 292
38 302
38 351
38 392
38 393
38 405
38 412
38 422
38 430
38 485
38 493
39 43
39 48
39 51
39 70
39 76
39 89
39 96
39 99
39 101
39 106
39 139
39 141
39 145
39 158
39 161
39 202
39 232
39 240
39 248
39 270
39 296
39 328
39 341
39 343
39 380
39 396
39 435
39 447
39 512
39 517
39 527
39 541
40 41
40 45
40 77
40 93
40 111
40 116
40 206
40 320
40 332
40 417
40 448
40 454
40 491
40 499
40 515
40 556
41 58
41 59
41 61
41 68
41 77
41 82
41 86
41 100
41 105
41 111
41 117
41 121
41 124
41 157
41 167
41 169
41 264
41 271
41 275
41 282
41 290
41 300
41 315
41 384
41 401
41 438
41 472
41 483
41 490
41 498
41 521
41 548
42 54
42 56
42 62
42 69
42 70
42 77
42 82
42 87
42 101
42 107
42 109
42 123
42 129
42 137
42 145
42 169
42 176
42 178
42 215
42 228
42 282
42 290
42 296
42 300
42 330
42 364
42 392
42 408
42 429
42 440
42 441
42 453
42 466
42 533
43 51
43 55
43 67
43 150
43 190
43 206
43 227
43 313
43 387
43 429
43 507
43 519
44 50
44 52
44 53
44 100
44 127
44 128
44 135
44 150
44 155
44 159
44 205
44 215
44 275
44 280
44 282
44 300
44 301
44 312
44 334
44 340
44 353
44 355
44 371
44 387
44 418
44 432
44 435
44 485
44 518
44 542
44 568
45 47
45 51
45 53
45 58
45 66
45 73
45 137
45 139
45 143
45 162
45 172
45 175
45 183
45 208
45 219
45 222
45 224
45 236
45 321
45 355
45 368
45 374
45 406
45 454
45 467
45 549
45 550
46 71
46 83
46 84
46 117
46 121
46 164
46 166
46 263
46 291
46 366
46 410
46 446
46 470
46 497
46 507
46 552
47 52
47 73
47 78
47 87
47 115
47 146
47 148
47 213
47 238
47 239
47 248
47 305
47 329
47 337
47 342
47 347
47 356
47 473
48 49
48 71
48 73
48 76
48 89
48 92
48 95
48 98
48 117
48 120
48 151
48 156
48 162
48 168
48 231
48 239
48 247
48 268
48 386
48 398
48 400
48 431
48 450
48 544
49 54
49 57
49 59
49 61
49 102
49 107
49 142
49 165
49 170
49 171
49 334
49 368
49 385
49 525
50 56
50 58
50 119
50 157
50 165
50 177
50 420
50 434
50 449
51 52
51 60
51 63
51 69
51 71
51 78
51 87
51 109
51 111
51 120
51 138
51 143
51 147
51 155
51 159
51 171
51 172
51 184
51 196
51 200
51 220
51 223
51 236
51 245
51 265
51 270
51 272
51 281
51 303
51 357
51 369
51 386
51 416
51 419
51 432
51 457
51 471
51 501
51 510
51 532
51 541
51 546
52 74
52 77
52 98
52 110
52 123
52 197
52 348
52 386
52 479
52 528
52 545
52 558
53 64
53 66
53 75
53 84
53 105
53 113
53 121
53 145
53 173
53 208
53 225
53 292
53 433
53 452
53 455
53 460
53 514
53 530
53 574
54 65
54 66
54 72
54 81
54 82
54 96
54 112
54 115
54 124
54 130
54 133
54 160
54 170
54 219
54 253
54 257
54 258
54 318
54 321
54 407
54 487
54 548
54 552
55 66
55 85
55 108
55 135
55 161
55 200
55 203
55 255
55 323
55 373
55 374
55 394
55 473
55 573
56 90
56 95
56 115
56 360
56 457
57 81
57 87
57 90
57 91
57 99
57 119
57 138
57 142
57 192
57 199
57 254
57 311
57 338
57 363
57 424
57 443
57 454
57 464
58 60
58 66
58 68
58 75
58 97
58 98
58 123
58 128
58 141
58 155
58 177
58 203
58 205
58 213
58 228
58 250
58 261
58 270
58 307
58 318
58 319
58 334
58 407
58 437
58 511
58 537
59 60
59 69
59 72
59 125
59 178
59 186
59 266
59 324
59 348
59 379
59 385
59 391
59 422
59 427
59 442
59 456
59 483
59 497
59 508
59 513
59 523
59 565
60 88
60 197
60 198
60 302
60 341
61 64
61 80
61 192
61 229
61 235
61 245
61 254
61 260
61 286
61 324
61 332
61 358
61 359
61 378
61 415
61 477
61 537
61 558
62 68
62 74
62 92
62 94
62 110
62 111
62 122
62 132
62 142
62 144
62 150
62 174
62 212
62 293
62 343
62 412
62 432
62 491
62 551
63 70
63 74
63 79
63 113
63 135
63 137
63 156
63 167
63 169
63 191
63 240
63 251
63 273
63 289
63 308
63 330
63 365
63 378
63 382
63 417
63 424
63 428
63 471
63 519
63 560
63 570
63 574
64 65
64 86
64 98
64 106
64 110
64 124
64 197
64 222
64 225
64 236
64 238
64 239
64 257
64 269
64 276
64 308
64 320
64 323
64 415
64 426
64 438
64 460
64 470
65 75
65 80
65 84
65 150
65 172
65 245
65 311
65 353
65 354
65 361
65 375
65 383
65 436
65 438
65 459
65 472
65 502
65 504
65 509
65 564
66 82
66 89
66 131
66 136
66 167
66 204
66 207
66 277
66 291
66 294
66 356
66 401
66 404
66 428
66 480
66 543
67 69
67 86
67 101
67 104
67 210
67 230
67 251
67 264
67 269
67 274
67 287
67 300
67 313
67 358
67 382
67 390
67 402
67 410
67 451
67 455
67 544
67 573
68 103
68 105
68 119
68 125
68 151
68 156
68 164
68 211
68 231
68 235
68 259
68 261
68 332
68 333
68 367
68 376
68 532
68 561
69 82
69 84
69 94
69 141
69 167
69 178
69 190
69 237
69 242
69 337
69 487
70 72
70 83
70 98
70 107
70 116
70 126
70 214
70 247
70 248
70 317
70 338
70 340
70 355
70 417
70 504
70 512
70 534
71 74
71 118
71 121
71 154
71 192
71 215
71 231
71 251
71 262
71 265
71 278
71 309
71 358
71 360
71 369
71 417
71 452
71 468
71 489
71 508
71 564
72 135
72 142
72 211
72 417
72 423
72 463
73 74
73 90
73 112
73 163
73 174
73 176
73 180
73 308
73 347
73 389
73 396
73 409
73 448
73 510
73 574
74 143
74 147
74 150
74 209
74 257
74 349
74 352
74 425
74 480
75 76
75 83
75 86
75 92
75 103
75 105
75 121
75 182
75 205
75 219
75 224
75 233
75 240
75 265
75 274
75 309
75 330
75 361
75 426
75 451
75 468
75 483
75 496
75 550
75 569
76 81
76 88
76 91
76 117
76 175
76 198
76 200
76 307
76 346
76 375
76 384
76 399
76 420
76 432
76 566
77 99
77 219
77 228
77 303
77 315
77 362
77 388
77 414
77 418
77 515
78 82
78 108
78 109
78 126
78 144
78 154
78 159
78 163
78 164
78 196
78 204
78 217
78 220
78 243
78 272
78 327
78 330
78 363
78 375
78 381
78 391
78 393
78 398
78 404
78 426
78 452
78 460
78 478
78 494
78 501
78 541
79 260
79 274
79 279
79 288
79 439
79 444
80 95
80 99
80 109
80 162
80 164
80 185
80 205
80 246
80 378
80 399
80 403
80 415
80 532
81 133
81 140
81 168
81 173
81 178
81 271
81 275
81 392
81 406
81 450
81 457
81 475
81 478
81 484
82 89
82 93
82 112
82 115
82 130
82 200
82 202
82 243
82 278
82 286
82 295
82 332
82 363
82 394
82 459
82 517
83 84
83 135
83 138
83 180
83 218
83 227
83 237
83 268
83 303
83 304
83 316
83 370
83 376
83 385
83 386
83 423
83 444
83 516
83 547
83 560
83 561
84 97
84 103
84 118
84 202
84 263
84 268
84 277
84 364
84 365
84 374
84 420
84 463
84 563
85 100
85 102
85 106
85 116
85 125
85 134
85 146
85 165
85 194
85 201
85 208
85 221
85 241
85 242
85 262
85 283
85 291
85 340
85 361
85 416
85 421
85 464
85 481
86 91
86 101
86 110
86 114
86 130
86 131
86 153
86 206
86 233
86 248
86 261
86 264
86 313
86 344
86 359
86 494
87 154
87 173
87 183
87 257
87 359
87 362
87 474
87 517
87 532
87 536
87 538
87 554
88 99
88 109
88 126
88 128
88 131
88 146
88 150
88 221
88 225
88 267
88 349
88 473
89 116
89 140
89 148
89 153
89 164
89 166
89 174
89 189
89 194
89 215
89 226
89 259
89 260
89 264
89 294
89 301
89 317
89 359
89 385
89 391
89 441
89 452
89 455
89 459
89 471
89 491
89 510
89 548
90 118
90 126
90 137
90 151
90 166
90 191
90 301
90 315
90 317
90 354
90 373
90 417
91 147
91 202
91 249
91 379
92 103
92 127
92 143
92 148
92 159
92 208
92 211
92 225
92 273
92 296
92 372
92 377
92 466
92 487
92 518
93 113
93 121
93 125
93 145
93 157
93 168
93 183
93 190
93 216
93 257
93 265
93 367
93 392
93 395
93 400
93 441
93 493
94 165
94 195
94 218
94 232
94 281
94 285
94 339
94 526
94 559
95 97
95 106
95 136
95 195
95 225
95 260
95 325
95 352
95 418
95 459
95 497
96 104
96 113
96 163
96 187
96 190
96 215
96 233
96 242
96 255
96 256
96 284
96 290
96 307
96 318
96 345
96 364
96 407
96 414
96 453
96 469
96 507
96 553
97 103
97 110
97 113
97 133
97 170
97 195
97 229
97 279
97 302
97 309
97 321
97 328
97 351
97 354
97 461
97 517
97 519
97 526
97 534
97 571
98 140
98 141
98 157
98 186
98 199
98 290
98 299
98 319
98 332
98 376
98 418
98 524
98 571
98 573
99 105
99 121
99 124
99 140
99 144
99 238
99 331
99 402
99 482
99 500
100 118
100 168
100 174
100 186
100 201
100 230
100 237
100 273
100 304
100 332
100 344
100 504
100 509
100 571
100 573
101 102
101 104
101 132
101 133
101 154
101 201
101 221
101 240
101 272
101 290
101 322
101 323
101 327
101 428
101 474
101 482
101 520
102 111
102 122
102 199
102 302
102 352
102 413
102 457
103 104
103 113
103 212
103 266
103 318
103 363
103 407
103 434
103 520
104 128
104 212
104 221
104 250
104 268
104 274
104 322
104 342
104 343
104 408
104 443
104 477
104 521
104 571
105 108
105 118
105 143
105 171
105 178
105 243
105 251
105 254
105 320
105 384
105 427
105 429
105 449
105 518
106 138
106 158
106 247
106 305
106 447
106 472
106 480
106 575
107 156
107 254
107 298
107 326
107 344
107 351
107 361
107 379
107 397
107 419
108 114
108 152
108 177
108 216
108 292
108 338
108 398
109 123
109 158
109 165
109 229
109 248
109 297
109 354
109 430
109 444
110 111
110 113
110 153
110 161
110 166
110 182
110 206
110 218
110 223
110 227
110 234
110 239
110 258
110 358
110 380
110 390
110 413
110 551
111 123
111 197
111 211
111 215
111 231
111 299
111 306
111 408
111 414
111 521
111 554
112 115
112 120
112 137
112 138
112 161
112 191
112 200
112 214
112 216
112 227
112 244
112 278
112 279
112 335
112 345
112 392
112 405
112 542
113 175
113 183
113 213
113 228
113 288
113 350
113 448
113 476
113 522
113 545
114 115
114 129
114 134
114 151
114 226
114 250
114 268
114 316
114 325
114 326
114 365
114 414
114 428
114 431
114 434
114 435
114 445
114 477
114 544
115 205
115 234
115 411
115 462
115 548
116 144
116 162
116 179
116 204
116 282
116 294
116 346
116 347
116 375
116 392
116 400
116 489
116 490
116 505
116 508
116 520
117 120
117 129
117 148
117 179
117 230
117 281
117 370
117 463
117 499
117 506
117 510
118 120
118 130
118 195
118 203
118 228
118 314
118 376
118 474
118 506
118 539
119 135
119 312
119 334
119 348
119 371
119 374
119 418
119 538
119 539
120 238
120 279
120 285
120 320
120 371
120 475
120 536
121 153
121 155
121 213
121 226
121 235
121 309
121 334
121 377
121 390
121 462
121 495
121 509
122 159
122 344
122 447
122 488
123 125
123 179
123 187
123 219
123 271
123 314
123 351
123 362
123 374
123 382
123 393
123 420
123 424
123 457
124 145
124 149
124 161
124 208
124 246
124 247
124 248
124 262
124 300
124 334
124 338
124 339
124 420
124 489
124 506
124 507
124 523
124 547
124 562
125 136
125 144
125 172
125 187
125 222
125 253
125 270
125 294
125 314
125 335
125 337
125 465
125 502
125 545
126 170
126 191
126 278
126 295
126 310
126 413
126 558
127 159
127 182
127 383
127 421
127 439
127 495
128 139
128 194
128 209
128 240
128 262
128 449
129 162
129 209
129 245
129 277
129 321
129 395
129 407
129 464
129 517
129 531
129 556
130 218
130 247
130 325
130 326
130 365
130 414
130 424
130 539
131 181
131 188
131 191
131 228
131 232
131 252
131 258
131 404
131 409
132 161
132 177
132 181
132 187
132 189
132 191
132 205
132 218
132 221
132 249
132 369
132 439
132 444
132 450
132 463
132 515
132 536
133 185
133 203
133 232
133 236
133 270
133 305
133 339
133 350
133 447
133 508
133 566
134 172
134 210
134 250
134 440
134 467
135 156
135 215
135 288
135 343
135 480
136 144
136 146
136 192
136 322
136 328
136 350
137 148
137 172
137 200
137 220
137 245
137 311
137 507
137 556
138 139
138 152
138 187
138 217
138 261
138 315
138 336
138 366
138 431
138 444
139 158
139 210
139 244
139 339
139 369
139 392
139 508
139 555
139 573
140 196
140 206
140 207
140 308
141 166
141 231
141 237
141 277
141 358
141 397
141 408
141 473
141 494
142 144
142 160
142 161
142 163
142 169
142 203
142 232
142 252
142 263
142 278
142 280
142 403
142 468
142 490
142 527
143 160
143 203
143 217
143 315
143 394
143 544
144 160
144 274
144 285
144 346
144 356
144 383
144 442
145 147
145 163
145 164
145 178
145 331
146 277
146 287
146 469
146 565
147 153
147 306
147 416
148 152
148 165
148 201
148 216
148 299
148 379
148 473
148 550
149 164
149 346
149 376
149 486
149 511
149 561
149 566
150 213
150 284
150 311
150 400
151 157
151 402
151 432
151 457
151 570
152 185
152 267
152 295
152 358
152 436
154 189
154 336
154 341
154 362
154 430
154 525
155 184
155 298
155 388
156 242
156 282
156 327
156 338
156 378
156 384
156 477
156 499
157 282
157 309
157 407
157 410
158 246
158 381
158 453
158 524
159 181
159 326
159 327
159 345
159 380
159 430
159 546
160 182
160 188
160 240
160 280
160 314
160 342
160 393
160 399
160 427
160 547
161 214
162 245
162 266
162 269
162 297
162 326
162 344
162 370
162 378
162 414
162 512
162 540
162 557
163 219
163 222
163 366
163 545
164 340
164 487
164 491
164 556
164 561
165 183
165 192
165 204
165 217
165 220
165 241
165 277
165 283
165 298
165 307
165 319
165 322
165 333
165 397
165 468
165 529
165 552
166 401
166 412
166 429
166 479
166 482
166 572
167 229
167 249
167 327
167 391
167 475
167 520
167 522
167 570
168 230
168 234
168 242
168 253
168 273
168 281
168 317
168 333
168 355
168 421
168 422
168 434
168 449
168 451
168 452
168 494
168 497
168 501
168 540
168 557
169 176
169 190
169 263
169 310
169 320
169 338
169 364
169 462
169 469
169 518
170 301
170 511
170 553
171 201
171 331
171 361
171 418
171 434
171 436
171 450
171 475
172 174
172 176
172 238
172 297
172 346
172 487
172 529
173 177
173 225
173 285
173 323
173 426
174 188
174 189
174 525
174 553
175 201
175 246
175 254
175 291
175 298
175 318
175 351
175 367
175 458
175 465
175 474
175 511
175 567
176 223
176 279
176 280
176 302
176 480
176 503
177 335
177 367
178 213
178 227
178 232
178 246
178 300
178 369
178 479
178 543
178 575
179 249
179 253
179 287
179 386
179 409
179 479
179 566
180 259
180 283
180 356
180 525
181 182
181 219
181 306
181 308
181 353
181 403
181 425
182 210
182 218
182 238
182 239
182 243
182 301
182 320
182 347
182 373
182 389
182 443
182 446
182 526
182 549
182 559
182 565
183 202
183 207
183 352
183 377
183 400
183 471
184 205
184 230
184 237
184 276
184 294
184 472
185 208
185 259
185 283
185 318
185 386
185 470
186 442
186 448
186 551
187 188
187 249
187 291
187 333
187 341
187 379
187 440
187 481
187 491
187 537
187 559
188 245
188 252
188 256
188 292
188 387
188 400
188 498
188 533
188 573
189 193
189 194
189 213
189 224
189 230
189 234
189 241
189 321
189 349
189 408
189 446
189 509
190 330
190 528
190 547
190 561
190 565
190 568
191 220
191 227
191 273
191 276
191 305
191 315
191 387
192 194
192 334
192 336
192 372
192 382
192 401
192 409
192 417
192 478
192 495
193 202
193 218
193 357
193 428
194 324
195 211
195 233
195 255
195 271
195 343
195 500
196 209
196 266
196 399
196 419
196 422
196 476
196 484
196 493
196 575
197 303
197 321
197 356
197 409
197 416
197 430
197 477
198 289
198 370
198 440
198 451
198 519
198 542
199 236
199 262
199 330
199 343
199 377
199 457
199 468
200 258
200 299
200 313
200 320
200 329
200 371
200 407
200 448
200 562
201 216
201 260
201 325
201 366
201 374
201 427
201 494
201 567
202 297
202 307
202 312
202 354
202 359
202 400
202 406
202 496
202 560
203 256
203 265
203 285
203 372
203 411
203 547
203 574
204 257
204 340
205 256
205 271
205 330
205 337
205 356
205 437
205 497
205 531
205 540
205 551
206 212
206 217
206 289
206 295
206 299
206 312
206 490
207 250
207 345
207 442
207 457
207 523
207 535
207 553
207 562
208 247
208 261
208 289
208 383
208 449
208 473
208 476
209 218
209 312
209 414
209 498
209 575
210 308
210 324
210 524
210 559
211 276
211 451
212 253
212 391
212 433
212 452
212 486
212 536
213 227
213 481
214 295
214 317
214 425
214 540
215 216
215 235
215 242
215 248
215 260
215 268
215 273
215 301
215 331
215 512
216 361
216 440
216 489
217 266
217 283
217 292
217 295
217 396
217 428
217 501
217 545
218 231
218 252
218 293
218 300
218 528
219 249
219 330
219 355
219 367
219 464
219 522
219 556
220 223
220 242
220 316
220 338
220 383
220 405
220 442
220 488
220 493
221 265
221 410
221 426
221 496
221 525
222 313
222 433
223 329
223 337
223 381
223 439
223 529
223 538
224 258
224 260
224 336
224 411
224 498
224 538
225 270
225 341
226 339
226 375
226 388
227 244
227 253
227 261
227 346
227 394
227 479
228 256
228 361
228 424
229 300
229 393
229 420
230 234
230 283
230 285
230 325
230 389
230 404
230 445
230 451
230 458
230 559
230 570
231 278
231 292
231 316
231 336
231 359
231 360
231 375
231 489
231 515
231 526
231 567
232 258
232 272
232 311
232 333
232 358
232 370
232 398
232 440
232 450
232 559
233 298
233 496
233 506
235 263
235 297
235 366
235 466
235 484
235 531
236 337
236 410
236 421
236 541
237 526
237 528
238 292
238 414
238 500
239 264
239 405
239 411
239 557
240 272
240 274
240 313
240 350
240 364
240 439
240 483
240 504
240 510
240 538
241 244
241 280
241 296
241 328
241 446
241 562
241 573
242 329
242 373
243 342
243 429
244 299
244 381
244 415
244 468
245 246
245 306
245 309
245 491
245 494
245 499
245 509
245 533
245 553
246 252
246 272
246 357
246 487
246 508
247 406
247 432
247 489
247 534
247 550
248 398
248 437
248 498
248 521
248 544
249 360
249 390
249 509
249 534
250 288
250 319
250 322
250 433
250 445
250 550
251 353
251 544
252 415
252 541
253 314
253 412
253 413
254 314
254 328
255 298
255 329
255 365
255 383
255 428
255 473
256 282
256 421
257 565
258 299
258 315
258 352
258 465
258 559
259 371
259 374
259 520
259 541
259 551
260 404
260 405
260 456
260 520
261 552
262 293
263 304
263 332
263 333
263 493
263 515
264 345
264 434
264 456
264 461
265 310
265 463
265 467
265 545
265 548
266 317
266 360
266 377
266 380
266 518
266 546
267 275
267 304
267 382
267 408
267 554
267 568
268 284
268 350
268 445
268 539
269 312
269 367
269 393
269 552
270 280
270 344
270 371
270 377
270 443
270 466
270 492
270 564
271 335
272 372
272 572
273 308
274 443
274 471
274 489
274 511
274 572
275 306
275 514
276 303
276 322
276 364
277 404
277 501
277 512
277 543
277 564
278 327
278 396
278 403
278 426
279 412
279 536
280 319
280 342
280 408
280 515
281 387
282 333
282 338
282 520
283 403
283 413
284 335
284 453
284 495
284 524
285 309
285 318
285 331
285 490
286 359
286 362
286 456
286 488
286 544
286 549
287 304
287 353
287 461
287 513
287 542
288 342
288 406
288 467
289 375
289 389
290 304
290 312
290 523
291 486
291 560
292 354
292 391
292 543
293 345
293 363
293 372
293 422
293 503
293 555
294 438
294 561
295 365
295 423
295 574
296 354
296 451
296 547
297 306
297 437
298 317
298 394
298 464
299 310
299 378
300 505
301 324
301 370
301 401
302 318
303 422
304 331
304 456
304 484
304 490
306 377
306 445
306 509
307 316
307 456
309 413
309 418
311 398
311 427
311 455
311 467
311 519
312 325
312 563
313 395
313 397
313 404
313 456
313 522
314 342
314 453
314 481
314 554
315 401
315 507
316 341
316 390
317 357
317 492
318 521
319 472
319 481
319 531
320 399
321 415
321 432
321 481
321 549
323 355
323 366
323 474
323 575
324 334
324 373
324 433
324 439
324 449
324 485
325 406
326 347
327 405
327 446
327 546
328 442
328 492
328 495
328 551
329 331
329 411
329 438
329 516
329 518
329 530
329 547
330 333
330 340
330 483
331 483
331 543
332 335
332 349
332 379
332 561
333 371
333 475
333 564
334 376
335 389
335 402
335 431
335 467
336 358
336 381
336 484
336 503
336 537
337 397
337 443
337 500
338 405
339 448
339 533
339 560
340 558
340 574
341 461
341 476
341 511
342 429
342 441
343 458
343 467
345 393
345 499
346 485
346 501
347 348
347 359
347 469
347 486
348 424
348 564
349 405
349 434
349 465
349 535
349 548
350 413
350 504
350 535
351 543
351 570
352 391
352 461
352 465
352 519
353 368
354 385
354 402
354 411
356 413
356 505
357 364
357 372
358 385
358 571
359 389
359 415
359 527
360 390
360 495
360 496
362 369
362 513
363 463
364 431
364 483
365 406
365 503
365 542
366 388
366 438
366 478
367 518
367 574
368 369
368 382
368 491
368 510
368 532
368 552
369 384
369 433
369 436
369 472
369 515
370 430
372 410
372 565
373 395
373 460
375 460
375 553
376 445
377 528
377 566
378 481
378 496
379 497
380 508
380 566
382 477
383 435
383 458
383 464
383 484
384 437
384 494
385 564
386 448
388 389
388 398
388 437
388 511
389 469
391 412
392 460
393 496
393 542
394 416
395 419
395 465
395 534
395 540
395 556
397 431
397 527
398 455
398 474
398 548
399 409
399 416
399 492
399 512
399 534
399 561
399 562
400 401
400 474
400 503
400 555
401 489
403 425
403 437
403 575
404 462
405 516
406 513
406 540
407 450
409 443
409 516
411 523
411 546
411 571
412 458
413 516
414 436
414 542
415 447
415 473
415 475
416 461
416 575
417 499
418 450
419 454
419 487
419 560
419 567
420 570
421 470
421 543
422 471
423 424
423 429
424 452
426 427
428 479
433 485
433 572
434 458
434 502
434 505
437 500
438 441
439 455
439 538
439 546
440 539
442 455
446 513
446 514
446 530
448 477
448 514
448 531
448 565
450 522
452 466
452 516
452 540
453 503
454 485
454 499
454 538
455 546
457 557
461 535
461 549
463 481
463 493
463 565
464 516
465 484
466 535
468 570
470 493
473 517
474 535
475 567
476 505
477 490
477 493
477 569
478 510
479 498
479 505
480 550
481 555
483 485
483 551
484 510
486 502
486 529
486 566
487 546
488 551
491 562
503 536
503 569
504 515
505 554
505 563
511 540
511 554
512 524
515 521
517 569
521 537
522 524
526 528
527 558
528 557
532 563
533 534
533 542
535 569
541 554
543 558
546 568
554 568
560 567
