0 1
0 2
0 3
0 4
0 5
0 6
0 7
0 8
0 9
0 10
0 12
0 14
0 15
0 16
0 17
0 18
0 20
0 22
0 23
0 24
0 25
0 27
0 28
0 30
0 31
0 32
0 34
0 36
0 38
0 39
0 40
0 41
0 42
0 43
0 44
0 45
0 49
0 53
0 55
0 56
0 58
0 59
0 65
0 66
0 67
0 68
0 70
0 71
0 72
0 73
0 75
0 78
0 84
0 93
0 94
0 95
0 96
0 98
0 101
0 107
0 110
0 115
0 121
0 122
0 125
0 128
0 130
0 134
0 135
0 141
0 143
0 162
0 164
0 180
0 184
0 192
0 199
0 201
0 226
0 233
0 239
0 243
0 244
0 246
0 257
0 264
0 269
0 279
0 282
0 283
0 287
0 296
0 297
0 298
0 302
0 316
0 319
0 321
0 323
0 347
0 355
0 359
0 360
0 364
0 377
0 386
0 397
0 400
1 9
1 12
1 20
1 22
1 26
1 27
1 29
1 32
1 34
1 46
1 48
1 50
1 53
1 59
1 64
1 74
1 75
1 80
1 86
1 97
1 118
1 213
1 219
1 225
1 234
1 244
1 274
1 289
1 291
1 292
1 299
1 307
1 363
2 10
2 22
2 81
2 110
2 158
2 389
3 9
3 10
3 11
3 13
3 17
3 20
3 27
3 37
3 40
3 44
3 49
3 50
3 64
3 75
3 87
3 106
3 114
3 134
3 154
3 178
3 223
3 227
3 241
3 251
3 279
3 305
3 317
3 350
3 397
4 9
4 10
4 11
4 12
4 15
4 17
4 22
4 24
4 36
4 39
4 51
4 52
4 54
4 61
4 67
4 70
4 75
4 83
4 86
4 88
4 105
4 133
4 139
4 144
4 153
4 174
4 175
4 229
4 235
4 275
4 292
4 331
4 339
4 350
4 359
4 371
4 373
5 9
5 10
5 11
5 13
5 16
5 17
5 18
5 21
5 22
5 24
5 26
5 31
5 33
5 34
5 37
5 41
5 46
5 56
5 63
5 90
5 100
5 113
5 120
5 126
5 149
5 153
5 156
5 157
5 174
5 181
5 193
5 194
5 207
5 219
5 224
5 227
5 230
5 252
5 270
5 298
5 299
5 311
5 324
5 334
5 342
5 402
5 409
6 9
6 10
6 11
6 12
6 13
6 15
6 16
6 17
6 19
6 23
6 25
6 27
6 30
6 34
6 36
6 38
6 39
6 58
6 60
6 61
6 66
6 77
6 78
6 83
6 84
6 88
6 91
6 93
6 94
6 98
6 103
6 104
6 115
6 122
6 133
6 143
6 150
6 152
6 161
6 163
6 166
6 167
6 169
6 178
6 183
6 187
6 191
6 203
6 209
6 211
6 216
6 221
6 227
6 250
6 267
6 268
6 272
6 289
6 291
6 293
6 294
6 318
6 319
6 323
6 328
6 329
6 332
6 337
6 346
6 355
6 373
6 385
6 390
6 400
6 410
7 9
7 11
7 13
7 14
7 23
7 39
7 133
7 149
7 263
7 325
7 367
8 9
8 10
8 11
8 12
8 13
8 14
8 19
8 21
8 25
8 31
8 33
8 35
8 41
8 53
8 54
8 55
8 60
8 62
8 73
8 87
8 93
8 95
8 97
8 107
8 113
8 136
8 146
8 189
8 194
8 198
8 209
8 219
8 254
8 265
8 276
8 294
8 351
8 361
8 372
9 10
9 11
9 12
9 13
9 14
9 15
9 16
9 17
9 18
9 22
9 23
9 25
9 26
9 28
9 32
9 33
9 34
9 35
9 43
9 49
9 57
9 58
9 59
9 67
9 68
9 77
9 84
9 88
9 91
9 98
9 100
9 116
9 117
9 119
9 122
9 125
9 127
9 130
9 137
9 157
9 159
9 160
9 175
9 186
9 199
9 204
9 205
9 210
9 223
9 228
9 232
9 236
9 239
9 240
9 245
9 268
9 272
9 280
9 284
9 285
9 287
9 306
9 307
9 315
9 327
9 328
9 332
9 363
9 372
9 388
9 390
9 392
10 11
10 12
10 13
10 14
10 16
10 17
10 18
10 19
10 20
10 23
10 26
10 30
10 33
10 35
10 40
10 42
10 45
10 47
10 51
10 52
10 57
10 62
10 66
10 68
10 70
10 72
10 82
10 83
10 85
10 101
10 119
10 123
10 124
10 130
10 131
10 138
10 141
10 145
10 161
10 174
10 179
10 180
10 186
10 192
10 194
10 201
10 202
10 222
10 233
10 256
10 282
10 285
10 292
10 300
10 301
10 315
10 329
10 333
10 342
10 363
10 393
10 403
11 12
11 14
11 15
11 16
11 17
11 18
11 19
11 20
11 21
11 25
11 40
11 44
11 46
11 48
11 49
11 50
11 51
11 52
11 55
11 57
11 64
11 65
11 68
11 69
11 73
11 74
11 82
11 94
11 97
11 102
11 103
11 107
11 108
11 109
11 115
11 116
11 118
11 123
11 134
11 137
11 141
11 143
11 169
11 172
11 173
11 177
11 180
11 182
11 188
11 189
11 195
11 204
11 209
11 220
11 240
11 257
11 259
11 268
11 278
11 283
11 284
11 292
11 304
11 313
11 325
11 330
11 338
11 339
11 349
11 368
11 380
11 400
12 13
12 14
12 15
12 16
12 20
12 21
12 23
12 24
12 26
12 27
12 29
12 31
12 32
12 36
12 42
12 46
12 53
12 67
12 70
12 77
12 78
12 87
12 90
12 93
12 94
12 96
12 98
12 102
12 104
12 106
12 107
12 108
12 112
12 118
12 128
12 135
12 136
12 147
12 152
12 171
12 187
12 193
12 196
12 203
12 212
12 221
12 225
12 230
12 247
12 316
12 336
12 338
12 343
12 347
12 349
12 365
12 367
12 371
12 380
12 405
13 14
13 15
13 16
13 19
13 21
13 25
13 28
13 32
13 39
13 42
13 44
13 45
13 47
13 49
13 51
13 52
13 54
13 58
13 60
13 61
13 67
13 70
13 74
13 76
13 78
13 79
13 80
13 81
13 84
13 89
13 100
13 101
13 106
13 108
13 111
13 112
13 117
13 128
13 129
13 130
13 134
13 139
13 140
13 144
13 160
13 182
13 217
13 231
13 241
13 243
13 244
13 245
13 250
13 254
13 266
13 274
13 275
13 276
13 287
13 296
13 298
13 301
13 303
13 318
13 319
13 320
13 325
13 336
13 355
13 358
13 373
13 390
13 391
13 395
13 403
13 404
14 15
14 18
14 21
14 22
14 26
14 27
14 39
14 42
14 43
14 44
14 47
14 51
14 53
14 57
14 66
14 69
14 72
14 73
14 75
14 77
14 87
14 102
14 112
14 114
14 120
14 125
14 131
14 138
14 140
14 145
14 165
14 167
14 169
14 180
14 184
14 190
14 195
14 212
14 224
14 236
14 239
14 245
14 261
14 275
14 279
14 280
14 288
14 315
14 320
14 325
14 326
14 343
14 371
14 377
14 392
15 19
15 28
15 29
15 30
15 35
15 36
15 37
15 40
15 41
15 50
15 60
15 71
15 76
15 78
15 85
15 86
15 88
15 91
15 114
15 118
15 124
15 126
15 130
15 140
15 150
15 167
15 172
15 180
15 208
15 246
15 272
15 274
15 281
15 299
15 301
15 314
15 320
15 330
15 335
15 344
15 346
15 357
15 364
15 370
15 377
15 398
15 401
15 408
16 18
16 19
16 20
16 24
16 27
16 28
16 30
16 34
16 37
16 38
16 45
16 50
16 54
16 68
16 83
16 85
16 86
16 89
16 105
16 110
16 116
16 120
16 121
16 125
16 126
16 144
16 145
16 147
16 148
16 151
16 153
16 167
16 171
16 172
16 177
16 196
16 200
16 205
16 225
16 233
16 238
16 240
16 251
16 259
16 290
16 295
16 297
16 300
16 320
16 331
16 336
16 353
16 356
16 406
16 408
16 410
16 411
16 412
17 18
17 21
17 23
17 31
17 33
17 35
17 38
17 42
17 45
17 52
17 60
17 82
17 108
17 112
17 115
17 123
17 135
17 155
17 157
17 165
17 169
17 180
17 195
17 206
17 210
17 219
17 227
17 237
17 241
17 256
17 257
17 292
17 354
17 378
17 387
17 390
17 395
17 396
18 19
18 20
18 21
18 22
18 24
18 25
18 26
18 29
18 31
18 39
18 40
18 61
18 69
18 79
18 80
18 109
18 114
18 119
18 123
18 125
18 133
18 143
18 145
18 156
18 158
18 160
18 165
18 179
18 189
18 213
18 236
18 237
18 246
18 259
18 297
18 337
18 341
18 352
18 357
18 358
18 377
18 399
19 28
19 48
19 59
19 67
19 114
19 136
19 155
19 167
19 196
19 211
19 235
19 310
19 338
19 382
19 387
20 24
20 25
20 29
20 30
20 37
20 41
20 43
20 49
20 50
20 51
20 64
20 66
20 69
20 71
20 72
20 76
20 79
20 85
20 91
20 105
20 108
20 123
20 135
20 146
20 157
20 161
20 164
20 165
20 192
20 208
20 220
20 224
20 226
20 232
20 238
20 267
20 280
20 281
20 291
20 311
20 318
20 339
20 349
20 382
20 408
20 411
20 412
21 30
21 31
21 33
21 35
21 38
21 43
21 46
21 48
21 52
21 56
21 57
21 61
21 76
21 78
21 87
21 92
21 95
21 96
21 112
21 124
21 139
21 145
21 153
21 163
21 167
21 176
21 197
21 199
21 200
21 202
21 215
21 225
21 227
21 243
21 251
21 273
21 366
21 399
21 402
22 23
22 27
22 28
22 29
22 32
22 34
22 42
22 68
22 69
22 76
22 81
22 83
22 88
22 92
22 110
22 115
22 144
22 145
22 156
22 168
22 172
22 175
22 179
22 182
22 193
22 238
22 248
22 251
22 317
22 320
22 350
22 357
22 358
22 361
22 362
22 365
22 367
22 369
22 370
22 387
23 24
23 29
23 30
23 33
23 35
23 51
23 82
23 89
23 101
23 147
23 167
23 188
23 198
23 209
23 231
23 247
23 248
23 249
23 257
23 269
23 288
23 311
23 330
23 364
24 29
24 32
24 43
24 52
24 57
24 58
24 60
24 65
24 68
24 85
24 89
24 92
24 129
24 135
24 142
24 148
24 159
24 176
24 188
24 197
24 206
24 210
24 240
24 244
24 252
24 261
24 264
24 268
24 280
24 285
24 314
24 320
24 330
24 355
24 372
25 26
25 31
25 36
25 41
25 45
25 47
25 62
25 68
25 71
25 88
25 98
25 100
25 103
25 106
25 137
25 156
25 164
25 177
25 181
25 193
25 211
25 232
25 235
25 236
25 256
25 259
25 290
25 301
25 340
25 356
25 379
25 383
25 410
26 45
26 80
26 153
26 174
26 179
26 189
26 193
26 216
26 254
26 309
26 313
26 329
26 370
26 375
27 28
27 37
27 41
27 44
27 55
27 62
27 74
27 77
27 79
27 86
27 95
27 98
27 104
27 117
27 124
27 171
27 188
27 201
27 218
27 236
27 296
27 310
27 324
27 329
27 344
27 368
27 378
28 38
28 54
28 56
28 61
28 71
28 79
28 93
28 109
28 151
28 200
28 201
28 212
28 222
28 260
28 272
28 315
28 331
28 337
28 345
28 354
28 364
28 379
28 393
29 35
29 39
29 44
29 60
29 63
29 65
29 93
29 96
29 101
29 104
29 114
29 131
29 141
29 146
29 170
29 173
29 189
29 196
29 220
29 222
29 275
29 307
29 315
29 339
29 369
29 391
30 36
30 37
30 40
30 62
30 121
30 128
30 189
30 216
30 271
30 285
30 303
30 317
30 359
30 374
30 396
31 32
31 38
31 69
31 78
31 81
31 94
31 109
31 117
31 158
31 160
31 172
31 178
31 179
31 183
31 190
31 201
31 215
31 221
31 226
31 282
31 330
31 390
31 409
32 33
32 34
32 36
32 38
32 48
32 50
32 56
32 59
32 62
32 64
32 71
32 91
32 109
32 127
32 148
32 185
32 190
32 195
32 210
32 237
32 245
32 246
32 255
32 268
32 303
32 316
32 322
32 337
32 362
32 366
32 391
32 398
33 53
33 54
33 55
33 95
33 111
33 124
33 129
33 131
33 152
33 172
33 181
33 200
33 223
33 226
33 228
33 270
33 283
33 324
33 327
33 387
33 398
34 53
34 58
34 99
34 221
34 225
34 242
34 293
34 382
34 405
35 37
35 40
35 44
35 48
35 50
35 58
35 78
35 121
35 126
35 139
35 149
35 155
35 173
35 176
35 181
35 185
35 208
35 291
35 316
35 322
35 335
35 343
35 363
35 364
35 392
35 399
35 404
35 412
36 42
36 47
36 55
36 57
36 82
36 84
36 95
36 102
36 126
36 133
36 139
36 147
36 157
36 161
36 166
36 205
36 226
36 257
36 270
36 294
36 314
36 315
36 359
36 364
36 387
36 401
37 46
37 47
37 54
37 73
37 92
37 94
37 102
37 131
37 175
37 191
37 229
37 310
37 331
37 353
37 359
37 384
37 393
38 48
38 64
38 70
38 73
38 85
38 87
38 92
38 97
38 99
38 154
38 184
38 194
38 201
38 202
38 220
38 221
38 244
38 250
38 260
38 303
38 305
38 307
38 333
38 352
38 358
38 405
39 41
39 46
39 47
39 91
39 110
39 111
39 116
39 129
39 132
39 138
39 140
39 163
39 173
39 189
39 191
39 217
39 224
39 231
39 251
39 263
39 304
39 310
39 375
39 403
40 43
40 55
40 56
40 88
40 99
40 132
40 199
40 206
40 211
40 213
40 234
40 241
40 391
41 45
41 48
41 56
41 63
41 65
41 67
41 83
41 187
41 198
41 211
41 235
41 266
41 334
41 346
42 43
42 49
42 74
42 84
42 88
42 89
42 110
42 117
42 125
42 187
42 188
42 195
42 218
42 220
42 254
42 269
42 307
42 336
42 372
42 377
42 406
43 73
43 74
43 81
43 86
43 119
43 124
43 149
43 159
43 170
43 187
43 205
43 211
43 225
43 271
43 283
43 306
43 395
43 411
44 46
44 55
44 63
44 66
44 82
44 97
44 98
44 132
44 136
44 177
44 190
44 212
44 217
44 255
44 266
44 282
44 297
44 340
44 371
44 398
44 412
45 47
45 51
45 79
45 89
45 118
45 123
45 157
45 158
45 159
45 161
45 191
45 228
45 272
45 277
45 300
45 313
45 318
45 331
45 332
45 342
45 343
45 352
45 358
45 386
46 53
46 60
46 83
46 91
46 101
46 146
46 147
46 185
46 194
46 206
46 217
46 384
46 392
47 49
47 76
47 105
47 141
47 152
47 154
47 155
47 166
47 186
47 202
47 215
47 242
47 249
47 267
47 318
47 333
47 335
47 372
47 376
48 59
48 61
48 89
48 107
48 109
48 164
48 175
48 190
48 278
48 326
48 391
48 395
48 397
49 52
49 56
49 57
49 65
49 66
49 79
49 100
49 121
49 126
49 130
49 137
49 151
49 154
49 175
49 183
49 202
49 231
49 266
49 269
49 280
49 281
49 313
49 329
49 335
49 389
50 64
50 90
50 112
50 117
50 119
50 137
50 171
50 212
50 244
50 258
50 262
50 304
50 357
50 382
51 65
51 72
51 89
51 102
51 115
51 138
51 140
51 160
51 184
51 218
51 229
51 259
51 265
51 307
51 361
52 105
52 162
52 170
52 264
52 269
52 379
52 382
52 383
53 54
53 62
53 63
53 79
53 183
53 221
53 253
53 255
53 268
53 350
53 376
54 59
54 75
54 80
54 99
54 101
54 138
54 176
54 197
54 261
54 301
54 304
54 312
54 332
54 407
55 80
55 84
55 93
55 99
55 113
55 128
55 132
55 151
55 193
55 231
55 252
55 333
55 342
55 397
55 412
56 58
56 61
56 62
56 64
56 66
56 77
56 81
56 90
56 128
56 146
56 168
56 174
56 179
56 200
56 216
56 232
56 261
56 288
56 295
56 314
56 318
56 373
56 382
56 404
56 410
57 59
57 72
57 75
57 76
57 77
57 82
57 87
57 96
57 98
57 112
57 120
57 121
57 122
57 127
57 136
57 146
57 148
57 153
57 162
57 163
57 186
57 190
57 195
57 198
57 202
57 207
57 211
57 214
57 217
57 218
57 222
57 228
57 234
57 238
57 241
57 242
57 243
57 247
57 248
57 274
57 285
57 286
57 288
57 302
57 319
57 321
57 328
57 340
57 374
57 380
57 384
58 94
58 96
58 109
58 111
58 158
58 187
58 204
58 207
58 209
58 237
58 250
58 262
58 319
58 339
58 355
58 401
59 63
59 67
59 70
59 75
59 90
59 92
59 111
59 134
59 138
59 147
59 188
59 224
59 240
59 255
59 261
59 381
59 385
60 63
60 74
60 77
60 101
60 106
60 140
60 210
60 264
60 276
60 340
60 347
60 360
60 374
61 70
61 81
61 104
61 108
61 127
61 128
61 129
61 212
61 310
61 378
62 63
62 90
62 91
62 103
62 114
62 129
62 137
62 155
62 157
62 180
62 199
62 240
62 257
62 264
62 270
62 284
62 294
62 299
62 319
62 352
62 395
62 410
63 65
63 83
63 85
63 102
63 105
63 127
63 152
63 177
63 193
63 221
63 287
63 295
63 329
63 345
63 373
63 406
64 72
64 90
64 107
64 109
64 111
64 115
64 116
64 126
64 135
64 175
64 185
64 190
64 229
64 265
64 278
64 286
64 306
64 308
64 326
64 341
64 344
64 389
64 399
65 69
65 71
65 80
65 104
65 113
65 122
65 128
65 135
65 162
65 169
65 173
65 273
65 286
65 308
65 314
65 315
65 344
65 380
65 383
66 76
66 103
66 165
66 166
66 169
66 237
66 238
66 258
66 277
66 295
67 69
67 71
67 127
67 213
67 272
67 297
67 305
67 312
67 385
67 403
67 407
68 73
68 96
68 119
68 132
68 142
68 149
68 150
68 186
68 252
68 398
69 93
69 103
69 116
69 213
69 215
69 259
69 334
69 339
69 369
69 411
70 94
70 108
70 123
71 72
71 74
71 105
71 115
71 119
71 120
71 140
71 183
71 233
71 289
71 290
71 350
72 82
72 86
72 97
72 111
72 129
72 136
72 155
72 156
72 183
72 274
72 332
72 347
73 149
73 179
73 200
73 241
73 262
73 293
73 296
74 84
74 85
74 90
74 100
74 112
74 147
74 164
74 193
74 260
74 295
74 306
74 322
74 367
75 117
75 129
75 189
75 223
75 277
75 358
75 370
76 81
76 99
76 159
76 254
76 404
76 405
77 80
77 97
77 99
77 141
77 162
77 174
77 180
77 181
77 182
77 296
77 356
77 365
78 92
78 96
78 99
78 100
78 114
78 120
78 134
78 142
78 163
78 205
78 246
78 302
78 340
78 373
78 393
79 140
79 247
79 251
79 255
79 278
79 308
79 323
79 349
79 399
80 86
80 87
80 113
80 154
80 163
80 164
80 167
80 168
80 208
80 214
80 264
80 296
81 97
81 136
81 151
81 203
81 216
81 227
81 256
82 148
82 363
82 370
82 385
83 102
83 144
83 148
83 151
83 265
83 321
83 345
83 352
83 394
84 100
84 106
84 188
84 196
84 260
84 292
84 342
84 360
84 400
85 104
85 163
85 171
85 228
85 287
85 376
85 380
86 135
86 194
86 202
86 237
86 276
86 279
86 294
86 297
86 337
86 344
86 351
87 92
87 106
87 107
87 120
87 142
87 143
87 154
87 158
87 166
87 176
87 178
87 191
87 192
87 199
87 205
87 232
87 233
87 237
87 256
87 272
87 347
88 117
88 126
88 142
88 156
88 268
88 311
88 345
88 376
89 103
89 118
89 151
89 170
89 187
89 251
89 261
89 271
89 280
89 343
90 282
90 322
90 351
90 360
90 363
91 103
91 111
91 122
91 133
91 165
91 171
91 210
91 223
91 241
91 311
91 326
91 327
91 348
92 95
92 110
92 121
92 151
92 168
92 182
92 248
92 265
92 275
92 283
92 298
92 302
92 319
92 327
92 336
92 371
92 374
92 375
92 384
93 95
93 141
93 158
93 171
93 194
93 215
93 306
93 329
93 375
93 378
93 388
93 391
94 105
94 125
94 220
94 246
94 278
94 302
94 317
94 321
94 350
94 357
94 376
94 401
94 404
95 130
95 168
95 197
95 252
95 338
95 354
95 381
95 394
95 406
96 130
96 132
96 178
96 183
96 187
96 194
96 207
96 213
96 223
96 298
96 305
96 315
96 318
96 322
96 348
96 411
97 118
97 155
97 287
97 341
97 384
98 107
98 116
98 143
98 144
98 208
98 242
98 249
98 329
98 337
99 110
99 122
99 137
99 139
99 149
99 296
99 312
99 314
99 340
99 377
99 390
99 397
99 406
100 106
100 121
100 150
100 177
100 204
100 219
100 230
100 259
100 295
100 338
100 407
101 104
101 119
101 145
101 157
101 209
101 250
101 290
101 291
101 333
102 108
102 120
102 148
102 166
102 200
102 247
102 260
102 262
102 397
103 113
103 118
103 125
103 176
103 239
103 286
104 122
104 132
104 144
104 165
104 238
104 263
104 345
104 365
105 113
105 131
105 137
105 231
105 243
105 336
105 356
105 386
106 146
106 159
106 162
106 176
106 196
106 223
106 272
107 141
107 143
107 152
107 153
107 156
107 166
107 170
107 181
107 216
107 220
107 282
107 289
107 292
107 300
107 303
107 319
107 346
107 348
107 366
107 378
108 227
108 248
108 249
108 253
108 328
108 370
109 116
109 175
109 279
109 360
109 369
110 113
110 196
110 310
110 354
110 366
110 383
111 123
111 150
111 179
111 184
111 263
111 284
111 348
111 375
111 402
112 138
112 152
112 153
112 165
112 222
112 228
112 400
113 131
113 142
113 172
113 173
113 186
113 216
113 242
113 253
113 309
114 253
114 304
114 375
114 392
115 217
115 263
115 265
115 394
115 399
116 124
116 131
116 148
116 184
116 214
116 224
116 226
116 244
117 154
117 163
117 236
117 248
117 266
117 273
117 293
117 408
118 124
118 133
118 134
118 159
118 168
118 170
118 218
118 221
118 313
118 335
118 351
118 370
118 371
118 406
119 144
119 156
119 191
119 326
120 139
120 402
121 181
121 185
121 214
121 245
121 256
121 355
122 127
122 146
122 190
122 365
122 371
123 133
123 173
123 214
123 229
123 233
123 333
123 396
124 127
124 138
124 139
124 166
124 244
124 317
124 376
125 134
125 136
125 142
125 150
125 201
125 209
125 214
125 236
125 259
125 294
125 344
125 347
125 400
126 177
127 132
127 145
127 171
127 192
127 206
127 215
127 234
127 248
127 253
127 348
127 366
127 374
127 392
128 142
128 176
128 184
128 210
128 304
128 317
128 326
128 344
129 169
129 252
129 262
130 227
130 290
130 312
130 326
131 160
131 269
131 275
131 297
131 299
131 318
131 324
131 358
131 392
132 149
132 213
132 276
132 323
132 362
133 155
133 214
133 245
133 274
133 282
133 286
134 332
135 154
135 160
135 172
135 191
135 196
135 197
135 353
135 384
136 161
136 170
136 361
137 143
137 150
137 161
137 168
137 182
137 237
137 243
137 258
137 281
137 283
137 305
137 362
137 369
137 397
138 160
138 161
138 162
138 219
138 265
138 276
138 356
138 362
139 147
139 240
139 323
139 345
139 366
140 158
140 168
140 195
140 203
140 206
140 246
140 249
140 273
140 353
141 225
141 254
141 306
141 312
141 321
141 347
142 186
142 202
142 212
142 219
142 235
142 249
142 380
142 399
142 410
143 162
143 181
143 197
143 234
143 317
143 328
143 336
143 408
144 152
144 231
144 233
144 286
144 323
144 341
144 345
144 405
144 408
145 174
145 273
145 309
145 311
145 395
146 164
146 198
146 226
146 286
146 289
146 302
146 310
146 324
146 343
146 353
146 359
146 366
146 385
147 197
147 258
147 308
147 327
148 150
148 164
148 209
148 290
148 367
148 369
148 398
149 169
149 177
149 185
149 198
149 199
149 239
149 263
149 293
149 325
149 346
150 186
150 207
150 291
150 331
150 374
151 170
151 255
151 352
151 356
151 357
152 159
152 309
152 367
152 410
153 185
153 192
153 204
153 279
154 323
154 338
154 370
154 391
155 206
155 217
155 241
155 245
155 281
155 382
156 173
156 238
156 240
156 250
156 266
156 269
156 353
157 232
157 256
157 279
157 282
157 298
157 300
157 342
157 386
158 267
158 297
158 316
158 322
158 334
158 360
159 182
159 403
159 411
160 320
160 348
160 372
161 192
161 254
161 258
161 276
161 290
161 322
161 328
161 332
161 368
161 409
162 203
162 253
162 258
163 230
163 291
164 178
164 182
165 239
166 222
166 324
166 384
166 392
166 411
167 188
167 191
167 192
167 331
168 178
168 201
168 278
168 405
169 198
169 242
169 257
169 274
169 358
170 174
170 183
170 215
170 225
170 235
170 284
170 385
171 178
171 229
171 230
171 232
171 277
172 231
172 273
172 328
172 334
172 399
173 184
173 222
173 266
173 271
173 299
173 301
173 320
174 197
174 208
174 252
174 270
175 262
175 277
175 283
175 341
175 381
175 407
175 409
176 185
176 275
176 341
177 204
177 230
177 239
177 250
177 334
177 357
177 361
177 366
177 379
177 388
178 206
178 243
178 274
178 298
179 204
179 216
179 309
179 339
180 203
180 258
180 269
180 270
180 275
180 293
180 332
180 368
181 195
181 199
181 218
181 253
181 292
181 301
181 341
181 346
181 368
181 381
182 228
182 239
182 277
182 402
183 204
183 220
183 388
183 404
184 203
184 211
184 246
184 247
184 277
184 330
184 409
184 412
185 252
185 287
185 333
185 362
186 198
186 224
186 249
186 251
186 281
186 352
186 361
186 383
186 386
187 205
187 207
187 270
187 295
188 205
188 214
188 230
188 232
188 247
188 263
188 264
188 279
188 296
188 345
188 412
189 223
189 238
189 268
189 311
189 316
189 354
189 361
190 314
191 207
191 222
191 234
191 364
191 379
191 382
192 271
192 298
193 271
193 307
193 402
194 200
194 207
194 226
194 278
194 326
195 203
195 234
195 289
195 348
195 360
195 367
196 208
196 303
196 398
197 367
198 242
198 322
198 351
198 369
199 235
199 331
200 229
200 267
200 288
200 293
201 233
201 281
201 308
201 310
202 218
202 228
202 258
202 316
202 338
202 393
203 208
204 212
204 217
204 245
204 261
204 351
204 394
205 210
205 235
205 353
205 364
206 308
206 311
206 348
206 363
207 215
207 219
207 247
207 266
207 402
208 213
208 242
211 262
211 267
212 234
212 267
212 343
213 327
214 248
214 257
214 265
214 299
214 302
214 312
214 317
215 335
215 343
215 387
215 401
216 218
216 236
217 280
217 353
218 271
218 288
218 303
219 302
219 359
219 396
220 224
220 243
220 255
220 351
220 381
220 384
220 408
221 267
221 277
221 359
223 229
223 300
223 327
223 407
224 308
225 307
225 321
225 349
225 385
226 379
227 262
227 312
227 355
227 390
227 400
228 276
229 230
229 313
229 411
230 289
230 372
230 388
232 260
232 354
232 365
232 396
233 249
233 313
233 357
233 386
233 396
234 256
234 278
234 287
234 328
234 354
235 260
235 337
235 376
235 381
236 288
236 300
236 309
236 403
237 293
237 306
237 349
237 393
238 335
238 368
239 255
239 305
239 375
241 253
241 261
241 289
241 362
242 264
242 300
242 333
243 346
243 356
243 395
244 306
245 354
245 365
245 398
246 327
246 350
247 250
247 290
247 291
247 309
248 312
249 280
249 295
249 407
250 254
250 273
253 281
253 284
253 344
253 355
253 394
255 260
255 284
256 397
257 304
259 273
259 376
259 402
261 270
261 284
261 350
262 263
262 271
262 304
262 313
262 323
262 403
263 309
264 374
266 325
266 341
266 361
271 294
272 285
272 305
272 337
273 286
273 405
274 308
274 314
274 373
274 391
276 400
277 288
277 340
277 401
278 283
278 285
278 303
278 342
279 285
279 379
280 388
280 389
283 378
283 387
284 294
284 299
284 301
284 305
284 335
285 396
290 321
290 346
290 375
291 409
292 374
294 393
295 321
295 338
295 404
297 325
297 330
299 378
299 394
302 352
303 330
304 334
304 342
305 347
307 380
308 410
309 349
309 365
309 385
309 388
310 360
310 389
311 324
314 316
314 389
315 362
316 324
316 325
316 334
316 404
317 379
317 393
318 373
320 339
322 386
324 378
325 369
326 336
327 340
328 356
328 381
328 386
328 395
329 372
331 349
331 371
332 381
333 380
336 408
338 351
338 409
340 363
347 368
353 377
353 383
356 383
357 368
357 388
359 387
359 403
363 394
363 406
366 394
366 409
369 412
374 406
375 377
375 383
375 389
376 389
378 407
379 407
381 396
382 390
386 401
391 405
394 401
