0 1
0 2
0 3
0 4
0 5
0 6
0 7
0 8
0 9
0 10
0 11
0 12
0 13
0 14
0 16
0 17
0 18
0 21
0 22
0 24
0 26
0 31
0 32
0 38
0 42
0 43
0 55
0 59
0 60
0 62
0 65
0 72
0 77
0 83
0 109
0 111
0 117
0 126
0 130
0 132
0 134
0 141
0 149
0 160
0 168
0 170
0 182
0 183
0 184
0 187
0 190
0 193
0 199
0 206
0 214
0 216
0 217
0 239
0 241
0 247
0 251
0 261
0 275
0 288
0 297
0 301
0 308
0 312
0 315
0 328
0 364
0 391
0 396
0 397
0 398
0 413
0 418
0 420
0 421
0 429
0 432
0 436
0 473
0 496
0 505
0 507
0 532
0 545
0 546
0 547
0 549
0 552
0 556
0 557
0 564
0 567
0 571
0 578
0 579
0 584
0 588
0 590
0 591
1 9
1 10
1 11
1 12
1 13
1 17
1 18
1 20
1 30
1 31
1 38
1 40
1 46
1 60
1 62
1 67
1 76
1 87
1 101
1 112
1 113
1 115
1 120
1 123
1 174
1 177
1 198
1 201
1 208
1 227
1 239
1 264
1 300
1 307
1 318
1 322
1 345
1 384
1 395
1 409
1 447
1 448
1 454
1 457
1 464
1 469
1 475
1 499
1 512
1 554
1 558
1 572
1 587
1 590
2 11
2 13
2 16
2 17
2 19
2 22
2 24
2 27
2 32
2 35
2 49
2 52
2 55
2 67
2 68
2 81
2 84
2 97
2 104
2 119
2 122
2 141
2 151
2 153
2 176
2 186
2 199
2 211
2 225
2 229
2 252
2 263
2 292
2 305
2 314
2 335
2 362
2 405
2 446
2 453
2 455
2 509
2 520
2 533
2 551
2 558
2 564
2 588
3 9
3 10
3 12
3 13
3 14
3 15
3 17
3 20
3 21
3 23
3 24
3 32
3 34
3 36
3 49
3 63
3 66
3 80
3 82
3 94
3 95
3 105
3 123
3 130
3 132
3 133
3 140
3 149
3 151
3 189
3 232
3 265
3 269
3 273
3 274
3 279
3 287
3 307
3 328
3 337
3 386
3 437
3 491
3 496
3 524
3 570
4 9
4 10
4 12
4 14
4 15
4 19
4 20
4 21
4 46
4 50
4 52
4 64
4 74
4 80
4 97
4 104
4 131
4 135
4 145
4 147
4 156
4 157
4 159
4 165
4 184
4 194
4 202
4 205
4 214
4 219
4 226
4 230
4 231
4 234
4 235
4 259
4 287
4 297
4 302
4 319
4 321
4 322
4 388
4 413
4 434
4 441
4 462
4 474
4 478
4 508
4 531
4 568
5 9
5 11
5 12
5 14
5 15
5 16
5 20
5 23
5 25
5 37
5 60
5 61
5 66
5 73
5 83
5 100
5 105
5 117
5 118
5 123
5 128
5 133
5 137
5 145
5 154
5 160
5 171
5 181
5 195
5 204
5 223
5 232
5 239
5 252
5 258
5 272
5 282
5 292
5 301
5 308
5 316
5 317
5 318
5 323
5 357
5 383
5 421
5 427
5 438
5 465
5 470
5 484
5 529
5 532
5 545
5 552
5 567
6 9
6 10
6 11
6 13
6 16
6 19
6 25
6 33
6 34
6 37
6 38
6 40
6 41
6 46
6 48
6 50
6 53
6 58
6 87
6 90
6 92
6 104
6 109
6 123
6 125
6 135
6 148
6 169
6 180
6 202
6 210
6 212
6 217
6 221
6 259
6 291
6 333
6 335
6 349
6 350
6 352
6 353
6 376
6 386
6 430
6 447
6 474
6 497
6 582
7 9
7 10
7 11
7 12
7 13
7 14
7 15
7 16
7 17
7 21
7 25
7 35
7 41
7 44
7 45
7 52
7 70
7 88
7 93
7 104
7 109
7 134
7 190
7 197
7 202
7 233
7 246
7 247
7 266
7 276
7 279
7 290
7 313
7 333
7 336
7 365
7 366
7 400
7 418
7 419
7 428
7 435
7 464
7 525
7 566
8 9
8 10
8 11
8 14
8 20
8 24
8 42
8 97
8 112
8 182
8 211
8 224
8 286
8 331
8 372
8 514
8 551
8 565
8 576
9 10
9 13
9 15
9 17
9 18
9 19
9 21
9 25
9 26
9 29
9 30
9 31
9 38
9 41
9 42
9 43
9 44
9 46
9 47
9 51
9 52
9 61
9 67
9 76
9 79
9 87
9 91
9 103
9 104
9 108
9 109
9 113
9 120
9 121
9 125
9 127
9 138
9 145
9 148
9 151
9 153
9 159
9 172
9 185
9 193
9 213
9 214
9 240
9 257
9 270
9 293
9 300
9 314
9 318
9 321
9 353
9 359
9 368
9 382
9 404
9 407
9 427
9 438
9 490
9 498
9 523
9 530
9 575
9 577
9 581
9 590
9 591
10 11
10 12
10 14
10 15
10 16
10 17
10 18
10 21
10 22
10 25
10 28
10 29
10 30
10 33
10 34
10 35
10 40
10 41
10 44
10 45
10 46
10 49
10 51
10 56
10 58
10 69
10 71
10 72
10 74
10 75
10 79
10 84
10 86
10 88
10 89
10 90
10 93
10 98
10 99
10 100
10 102
10 106
10 116
10 121
10 123
10 124
10 125
10 136
10 143
10 144
10 154
10 165
10 166
10 167
10 168
10 171
10 173
10 181
10 185
10 190
10 194
10 200
10 201
10 208
10 211
10 215
10 220
10 221
10 236
10 240
10 242
10 254
10 255
10 256
10 259
10 260
10 265
10 275
10 289
10 293
10 295
10 297
10 300
10 302
10 320
10 329
10 340
10 344
10 349
10 356
10 374
10 381
10 386
10 389
10 398
10 405
10 414
10 415
10 425
10 426
10 449
10 456
10 461
10 465
10 470
10 476
10 479
10 482
10 491
10 508
10 524
10 540
10 553
10 586
10 588
11 12
11 16
11 18
11 22
11 23
11 26
11 28
11 29
11 30
11 32
11 35
11 36
11 38
11 39
11 44
11 47
11 48
11 58
11 64
11 68
11 70
11 71
11 73
11 75
11 76
11 83
11 85
11 87
11 89
11 91
11 95
11 101
11 108
11 114
11 115
11 118
11 122
11 127
11 140
11 152
11 156
11 160
11 163
11 191
11 204
11 209
11 213
11 217
11 227
11 230
11 241
11 255
11 266
11 267
11 268
11 271
11 278
11 289
11 313
11 314
11 323
11 325
11 341
11 344
11 349
11 370
11 378
11 380
11 400
11 422
11 441
11 449
11 460
11 467
11 475
11 488
11 489
11 499
11 504
11 511
11 514
11 516
11 533
11 554
11 560
12 13
12 14
12 15
12 19
12 21
12 22
12 23
12 24
12 27
12 35
12 37
12 39
12 44
12 47
12 52
12 54
12 57
12 58
12 59
12 60
12 61
12 62
12 66
12 68
12 70
12 72
12 75
12 77
12 78
12 84
12 89
12 91
12 96
12 102
12 113
12 118
12 122
12 129
12 131
12 138
12 141
12 158
12 161
12 166
12 179
12 181
12 189
12 194
12 196
12 206
12 216
12 221
12 230
12 250
12 262
12 263
12 279
12 281
12 299
12 318
12 340
12 343
12 345
12 352
12 354
12 358
12 366
12 369
12 373
12 400
12 408
12 417
12 420
12 430
12 449
12 454
12 476
12 493
12 495
12 498
12 507
12 524
12 525
12 535
12 550
12 570
12 574
13 20
13 26
13 32
13 42
13 43
13 47
13 48
13 56
13 62
13 73
13 76
13 86
13 92
13 105
13 108
13 111
13 113
13 129
13 143
13 155
13 207
13 214
13 218
13 221
13 229
13 232
13 233
13 244
13 248
13 254
13 264
13 267
13 269
13 286
13 299
13 309
13 371
13 381
13 388
13 429
13 435
13 443
13 480
13 497
13 514
13 519
13 528
13 529
13 560
13 573
14 15
14 16
14 17
14 20
14 22
14 23
14 24
14 25
14 27
14 28
14 29
14 30
14 35
14 39
14 43
14 47
14 48
14 49
14 51
14 67
14 69
14 70
14 79
14 82
14 84
14 90
14 96
14 103
14 119
14 121
14 124
14 134
14 137
14 140
14 154
14 157
14 158
14 160
14 166
14 170
14 174
14 180
14 186
14 203
14 204
14 209
14 219
14 220
14 245
14 246
14 268
14 272
14 275
14 277
14 289
14 299
14 302
14 307
14 314
14 353
14 359
14 361
14 393
14 396
14 402
14 409
14 425
14 426
14 431
14 455
14 466
14 488
14 491
14 515
14 521
14 527
14 554
14 569
14 580
14 585
14 587
14 589
15 18
15 23
15 26
15 27
15 30
15 33
15 34
15 35
15 37
15 39
15 48
15 49
15 51
15 63
15 64
15 69
15 84
15 86
15 90
15 94
15 96
15 97
15 100
15 107
15 110
15 116
15 121
15 139
15 143
15 146
15 157
15 163
15 176
15 178
15 179
15 185
15 193
15 195
15 199
15 210
15 223
15 230
15 235
15 241
15 249
15 253
15 260
15 265
15 278
15 282
15 286
15 287
15 295
15 298
15 305
15 340
15 346
15 355
15 363
15 369
15 377
15 385
15 419
15 421
15 451
15 470
15 476
15 493
15 544
15 555
15 566
16 18
16 19
16 24
16 27
16 28
16 40
16 41
16 44
16 45
16 51
16 81
16 99
16 100
16 101
16 113
16 114
16 121
16 125
16 126
16 128
16 129
16 134
16 150
16 173
16 194
16 197
16 199
16 231
16 240
16 260
16 278
16 283
16 288
16 290
16 303
16 329
16 352
16 385
16 411
16 416
16 417
16 425
16 431
16 462
16 472
16 505
16 510
17 18
17 19
17 22
17 24
17 26
17 27
17 28
17 29
17 31
17 33
17 36
17 38
17 52
17 58
17 61
17 63
17 64
17 65
17 68
17 69
17 80
17 82
17 83
17 90
17 93
17 95
17 99
17 101
17 106
17 108
17 109
17 116
17 119
17 132
17 144
17 145
17 151
17 154
17 187
17 200
17 216
17 225
17 245
17 253
17 266
17 281
17 320
17 321
17 323
17 325
17 326
17 336
17 342
17 348
17 362
17 367
17 368
17 369
17 391
17 412
17 432
17 434
17 456
17 461
17 468
17 497
17 526
17 537
17 553
18 19
18 20
18 23
18 26
18 27
18 28
18 32
18 36
18 39
18 40
18 51
18 55
18 62
18 63
18 64
18 73
18 79
18 80
18 89
18 93
18 159
18 166
18 191
18 193
18 196
18 200
18 213
18 220
18 228
18 230
18 237
18 250
18 257
18 258
18 265
18 274
18 275
18 296
18 313
18 319
18 397
18 407
18 423
18 440
18 443
18 444
18 457
18 474
18 484
18 487
18 506
18 512
18 522
18 543
18 553
18 580
19 21
19 22
19 26
19 29
19 33
19 36
19 37
19 39
19 42
19 45
19 46
19 48
19 50
19 55
19 57
19 58
19 67
19 70
19 74
19 77
19 82
19 86
19 93
19 94
19 96
19 99
19 103
19 105
19 112
19 115
19 116
19 124
19 132
19 137
19 147
19 153
19 158
19 159
19 164
19 174
19 179
19 195
19 197
19 209
19 218
19 219
19 226
19 242
19 243
19 254
19 259
19 285
19 328
19 332
19 333
19 336
19 344
19 355
19 356
19 365
19 366
19 368
19 391
19 429
19 440
19 446
19 451
19 453
19 526
19 529
19 556
20 34
20 43
20 50
20 65
20 73
20 82
20 100
20 116
20 120
20 132
20 154
20 170
20 184
20 185
20 188
20 189
20 206
20 226
20 236
20 242
20 245
20 262
20 267
20 271
20 330
20 339
20 389
20 390
20 391
20 404
20 454
20 519
20 530
20 559
20 588
21 23
21 28
21 31
21 34
21 36
21 42
21 49
21 50
21 53
21 56
21 57
21 59
21 60
21 71
21 74
21 84
21 115
21 121
21 135
21 144
21 145
21 157
21 167
21 170
21 172
21 176
21 177
21 192
21 196
21 198
21 236
21 247
21 249
21 255
21 265
21 289
21 298
21 304
21 309
21 312
21 343
21 362
21 365
21 373
21 379
21 392
21 469
21 472
21 479
21 484
21 512
21 532
21 580
22 25
22 30
22 32
22 36
22 44
22 45
22 51
22 55
22 57
22 70
22 71
22 75
22 82
22 95
22 111
22 126
22 133
22 140
22 155
22 158
22 161
22 164
22 182
22 183
22 184
22 196
22 207
22 213
22 221
22 243
22 245
22 262
22 395
22 411
22 417
22 431
22 446
22 463
22 464
22 499
22 552
22 570
23 27
23 28
23 31
23 42
23 43
23 44
23 45
23 49
23 50
23 63
23 64
23 69
23 78
23 102
23 107
23 112
23 128
23 136
23 158
23 167
23 187
23 192
23 209
23 226
23 227
23 228
23 234
23 246
23 249
23 275
23 293
23 306
23 307
23 344
23 379
23 384
23 397
23 406
23 421
23 422
23 424
23 426
23 430
23 433
23 465
23 488
23 522
23 525
23 534
23 543
23 559
23 563
23 579
24 25
24 29
24 45
24 53
24 83
24 95
24 115
24 141
24 165
24 166
24 182
24 191
24 205
24 346
24 403
24 477
24 507
24 571
24 587
25 29
25 31
25 40
25 41
25 77
25 80
25 82
25 87
25 89
25 104
25 139
25 148
25 153
25 171
25 190
25 205
25 238
25 271
25 372
25 381
25 534
25 549
25 554
25 559
26 34
26 39
26 40
26 48
26 50
26 54
26 60
26 65
26 88
26 95
26 97
26 118
26 126
26 134
26 138
26 173
26 175
26 199
26 223
26 239
26 283
26 293
26 301
26 315
26 338
26 339
26 360
26 439
26 449
26 501
26 520
26 528
26 529
27 30
27 32
27 33
27 46
27 54
27 57
27 67
27 69
27 89
27 97
27 110
27 125
27 145
27 155
27 173
27 174
27 177
27 187
27 213
27 225
27 233
27 234
27 235
27 236
27 290
27 292
27 296
27 308
27 349
27 364
27 366
27 376
27 441
27 450
27 482
27 485
27 505
27 513
27 544
28 33
28 34
28 45
28 53
28 59
28 65
28 95
28 98
28 100
28 118
28 126
28 128
28 130
28 131
28 135
28 139
28 152
28 159
28 175
28 195
28 202
28 208
28 221
28 258
28 314
28 315
28 346
28 351
28 362
28 413
28 423
28 426
28 443
28 456
28 464
28 510
28 517
28 533
28 570
28 578
29 31
29 33
29 54
29 55
29 62
29 108
29 124
29 125
29 131
29 154
29 156
29 161
29 171
29 186
29 190
29 193
29 218
29 225
29 241
29 259
29 283
29 294
29 299
29 332
29 340
29 381
29 395
29 436
29 461
29 462
29 468
29 481
30 47
30 59
30 72
30 77
30 107
30 110
30 127
30 139
30 141
30 164
30 168
30 211
30 248
30 255
30 257
30 262
30 271
30 273
30 298
30 310
30 324
30 343
30 367
30 428
30 432
30 478
30 496
30 513
30 569
30 591
31 46
31 56
31 59
31 72
31 80
31 81
31 215
31 231
31 303
31 406
31 409
31 469
31 492
31 526
31 551
32 35
32 51
32 57
32 72
32 81
32 85
32 89
32 97
32 102
32 106
32 127
32 147
32 149
32 164
32 200
32 215
32 220
32 240
32 288
32 331
32 332
32 353
32 437
32 442
32 443
32 446
32 517
32 578
32 582
33 36
33 37
33 42
33 43
33 47
33 48
33 54
33 61
33 62
33 69
33 72
33 89
33 93
33 102
33 110
33 234
33 264
33 277
33 281
33 313
33 323
33 326
33 357
33 367
33 393
33 449
33 466
33 514
33 536
33 539
33 573
34 37
34 49
34 53
34 58
34 59
34 61
34 76
34 80
34 86
34 92
34 93
34 105
34 122
34 130
34 143
34 147
34 152
34 180
34 181
34 183
34 185
34 188
34 240
34 258
34 269
34 295
34 297
34 307
34 311
34 332
34 356
34 364
34 380
34 453
34 457
34 461
34 463
34 493
34 536
34 560
34 592
35 41
35 43
35 54
35 56
35 64
35 77
35 88
35 125
35 126
35 136
35 184
35 192
35 251
35 257
35 266
35 350
35 480
35 493
35 508
35 554
35 574
36 37
36 38
36 41
36 62
36 73
36 75
36 83
36 85
36 150
36 154
36 175
36 193
36 219
36 285
36 311
36 321
36 524
37 38
37 39
37 50
37 56
37 58
37 67
37 70
37 85
37 119
37 139
37 144
37 160
37 192
37 210
37 224
37 237
37 244
37 273
37 274
37 278
37 326
37 328
37 427
37 458
37 495
37 526
37 569
37 575
37 589
38 63
38 78
38 81
38 99
38 106
38 130
38 148
38 155
38 161
38 173
38 203
38 247
38 294
38 331
38 335
38 338
38 346
38 350
38 356
38 394
38 410
38 458
38 521
38 574
38 579
39 40
39 47
39 68
39 76
39 91
39 105
39 154
39 263
39 311
39 388
39 409
39 414
39 467
39 494
39 499
39 514
40 55
40 57
40 66
40 74
40 79
40 84
40 133
40 141
40 150
40 169
40 176
40 204
40 247
40 263
40 273
40 336
40 355
40 360
40 377
40 390
40 424
40 426
40 447
40 516
40 578
40 579
41 63
41 65
41 87
41 115
41 129
41 148
41 220
41 228
41 264
41 278
41 342
41 388
41 463
41 486
41 509
41 523
41 525
41 539
41 566
41 580
42 52
42 111
42 118
42 138
42 142
42 144
42 167
42 175
42 207
42 257
42 276
42 280
42 305
42 325
42 333
42 385
42 399
42 436
42 477
42 565
43 53
43 65
43 67
43 74
43 92
43 106
43 116
43 148
43 152
43 157
43 164
43 166
43 173
43 190
43 203
43 229
43 243
43 279
43 280
43 367
43 381
43 382
43 384
43 401
43 409
43 431
43 448
43 464
43 482
43 516
43 521
43 564
43 592
44 53
44 61
44 76
44 88
44 91
44 106
44 134
44 136
44 147
44 165
44 206
44 257
44 266
44 312
44 319
44 322
44 324
44 327
44 329
44 377
44 382
44 407
44 412
44 504
44 521
44 583
45 87
45 146
45 155
45 172
45 179
45 256
45 282
45 308
45 309
45 382
45 462
45 523
45 590
46 52
46 56
46 59
46 60
46 71
46 72
46 90
46 92
46 98
46 101
46 121
46 136
46 139
46 162
46 198
46 201
46 202
46 212
46 222
46 234
46 257
46 261
46 291
46 294
46 357
46 370
46 377
46 395
46 416
46 433
46 444
46 458
46 472
46 481
46 490
46 492
46 557
46 587
47 54
47 64
47 83
47 100
47 108
47 129
47 132
47 138
47 151
47 153
47 176
47 178
47 179
47 197
47 199
47 201
47 203
47 217
47 219
47 244
47 308
47 349
47 351
47 366
47 395
47 495
47 500
47 520
47 532
47 571
48 55
48 60
48 78
48 90
48 123
48 226
48 243
48 249
48 281
48 285
48 301
48 323
48 327
48 351
48 398
48 423
48 440
48 558
48 571
48 585
49 68
49 71
49 74
49 75
49 85
49 88
49 109
49 122
49 197
49 214
49 216
49 248
49 261
49 282
49 283
49 304
49 319
49 340
49 352
49 353
49 370
49 374
49 400
49 425
49 518
49 544
49 548
49 565
50 56
50 73
50 75
50 120
50 161
50 167
50 175
50 178
50 191
50 245
50 253
50 292
50 295
50 306
50 309
50 320
50 339
50 380
50 418
50 430
50 449
50 454
50 479
50 481
50 490
50 505
50 547
50 568
51 68
51 124
51 147
51 162
51 189
51 199
51 201
51 226
51 232
51 264
51 275
51 337
51 383
51 385
51 408
51 452
51 500
51 521
51 561
52 53
52 66
52 81
52 88
52 95
52 105
52 112
52 119
52 126
52 133
52 137
52 149
52 163
52 176
52 188
52 220
52 257
52 282
52 284
52 296
52 311
52 321
52 379
52 404
52 441
52 442
52 443
52 494
53 54
53 61
53 73
53 100
53 120
53 128
53 129
53 131
53 136
53 150
53 177
53 182
53 192
53 208
53 250
53 262
53 264
53 265
53 267
53 291
53 297
53 395
53 404
53 424
53 511
53 531
54 70
54 82
54 85
54 92
54 98
54 117
54 135
54 144
54 198
54 226
54 239
54 245
54 246
54 260
54 284
54 355
54 358
54 396
54 473
54 528
54 550
54 586
55 57
55 69
55 96
55 98
55 103
55 139
55 186
55 201
55 204
55 223
55 227
55 231
55 256
55 272
55 283
55 356
55 390
55 420
55 434
55 497
55 502
55 537
55 548
55 592
56 66
56 103
56 108
56 110
56 146
56 156
56 183
56 188
56 203
56 211
56 256
56 269
56 271
56 281
56 354
56 355
56 363
56 367
56 508
56 528
56 539
56 542
57 63
57 77
57 86
57 101
57 117
57 160
57 208
57 241
57 276
57 303
57 312
57 389
57 447
57 530
58 99
58 127
58 135
58 152
58 156
58 196
58 243
58 250
58 274
58 284
58 287
58 346
58 353
58 436
58 454
58 462
58 580
59 91
59 96
59 101
59 102
59 114
59 131
59 162
59 166
59 226
59 228
59 281
59 294
59 311
59 371
59 384
59 413
59 419
59 420
59 426
59 462
59 467
59 544
60 132
60 142
60 163
60 167
60 170
60 172
60 229
60 258
60 321
60 330
60 399
60 478
60 485
60 489
60 511
61 65
61 68
61 79
61 143
61 147
61 150
61 195
61 205
61 213
61 215
61 233
61 235
61 240
61 282
61 302
61 365
61 368
61 373
61 375
61 460
61 477
61 479
61 512
61 584
61 591
62 66
62 78
62 79
62 86
62 94
62 114
62 121
62 134
62 161
62 171
62 201
62 218
62 247
62 266
62 311
62 360
62 376
62 420
62 432
62 434
62 469
62 485
62 508
62 538
62 577
63 87
63 88
63 94
63 99
63 108
63 136
63 205
63 206
63 229
63 250
63 331
63 341
63 348
63 349
63 366
63 372
63 450
63 473
63 541
63 559
64 66
64 74
64 93
64 98
64 111
64 146
64 153
64 166
64 168
64 212
64 218
64 267
64 286
64 288
64 298
64 299
64 306
64 330
64 351
64 387
64 397
64 424
64 453
64 484
64 516
65 78
65 138
65 146
65 151
65 163
65 177
65 189
65 195
65 230
65 244
65 401
65 428
65 461
65 554
65 586
66 71
66 103
66 138
66 153
66 188
66 215
66 223
66 268
66 315
66 325
66 337
66 343
66 398
66 521
66 541
66 554
66 582
67 78
67 79
67 101
67 141
67 238
67 239
67 287
67 300
67 433
67 483
67 513
67 521
67 550
67 562
68 190
68 294
68 412
68 501
68 527
69 71
69 81
69 98
69 124
69 129
69 136
69 142
69 245
69 248
69 253
69 309
69 347
69 385
69 445
69 486
69 530
69 563
70 76
70 92
70 125
70 162
70 181
70 229
70 233
70 299
70 303
70 315
70 371
70 460
70 478
70 494
70 513
70 568
70 570
71 103
71 106
71 139
71 223
71 263
71 358
71 418
72 75
72 84
72 86
72 103
72 117
72 118
72 175
72 289
72 314
72 363
72 418
72 434
72 470
72 474
72 494
72 499
72 504
73 85
73 91
73 94
73 110
73 116
73 119
73 160
73 161
73 168
73 178
73 193
73 218
73 221
73 222
73 264
73 268
73 333
73 337
73 338
73 373
73 379
73 387
73 401
73 415
73 417
73 445
73 450
73 518
73 564
73 571
74 77
74 92
74 102
74 263
74 276
74 279
74 487
74 549
74 561
75 80
75 83
75 159
75 208
75 263
75 310
75 364
75 388
75 408
75 422
75 463
75 537
76 81
76 130
76 278
76 355
76 427
77 78
77 130
77 152
77 183
77 236
77 276
77 277
77 286
77 290
77 341
77 408
77 451
77 482
77 492
77 523
78 122
78 142
78 148
78 160
78 165
78 222
78 243
78 322
78 419
78 534
78 562
78 585
79 97
79 117
79 137
79 152
79 162
79 191
79 204
79 225
79 237
79 284
79 288
79 415
79 418
79 429
79 452
79 456
79 474
79 481
79 484
79 533
79 567
79 575
80 90
80 94
80 98
80 104
80 107
80 124
80 144
80 145
80 175
80 194
80 198
80 268
80 295
80 334
80 344
80 435
80 457
80 460
80 491
80 498
80 500
80 524
80 552
80 565
80 567
81 85
81 225
81 348
81 415
81 476
82 96
82 113
82 142
82 146
82 157
82 170
82 209
82 242
82 269
82 301
82 340
82 359
82 360
82 361
82 406
82 420
82 439
82 499
82 500
82 511
82 556
82 582
83 96
83 116
83 149
83 159
83 212
83 215
83 219
83 224
83 227
83 273
83 304
83 308
83 341
83 358
83 376
83 403
83 419
83 496
83 502
84 102
84 164
84 203
84 242
84 335
84 396
84 402
84 478
84 507
84 550
85 107
85 122
85 148
85 155
85 179
85 254
85 337
85 361
85 368
85 375
85 479
85 490
85 506
85 512
85 531
85 591
86 107
86 117
86 120
86 143
86 153
86 157
86 172
86 179
86 192
86 214
86 238
86 244
86 284
86 335
86 357
86 468
86 482
86 538
86 548
86 560
86 570
87 91
87 94
87 120
87 158
87 174
87 288
87 393
87 394
87 577
88 137
88 176
88 344
88 486
89 111
89 140
89 173
89 283
89 330
89 372
89 395
89 409
89 483
89 552
89 590
90 107
90 114
90 145
90 155
90 168
90 210
90 233
90 237
90 360
90 378
90 447
90 507
90 513
90 519
90 573
91 143
91 230
91 268
91 330
91 351
92 143
92 205
92 212
92 252
92 282
92 324
92 375
92 411
92 537
92 556
92 582
93 112
93 113
93 115
93 122
93 128
93 149
93 171
93 228
93 251
93 255
93 258
93 277
93 308
93 354
93 368
93 392
93 438
93 501
93 540
93 550
94 110
94 114
94 126
94 128
94 159
94 185
94 240
94 244
94 288
94 364
94 490
94 538
94 588
95 171
95 183
95 189
95 325
95 335
95 346
95 376
95 393
95 411
95 476
95 527
96 105
96 124
96 131
96 140
96 172
96 187
96 287
96 356
96 398
96 512
96 519
96 541
97 109
97 123
97 135
97 163
97 180
97 192
97 227
97 272
97 274
97 293
97 306
97 373
97 380
97 390
97 444
97 505
97 551
98 99
98 113
98 114
98 115
98 196
98 235
98 348
98 362
98 537
98 579
99 111
99 178
99 207
99 216
99 231
99 285
99 291
99 316
99 320
99 345
99 385
99 386
99 400
99 405
99 408
99 511
99 516
99 544
100 104
100 114
100 119
100 127
100 156
100 162
100 182
100 198
100 227
100 280
100 289
100 309
100 320
100 321
100 359
100 376
100 412
100 455
100 485
100 505
100 563
100 569
101 140
101 156
101 171
101 216
101 358
101 387
101 512
101 582
102 109
102 131
102 158
102 243
102 550
103 112
103 119
103 133
103 146
103 168
103 194
103 198
103 249
103 251
103 267
103 285
103 467
103 489
103 562
103 592
104 137
104 265
104 303
104 334
104 336
104 405
104 473
105 106
105 107
105 112
105 174
105 192
105 194
105 319
105 350
105 361
105 476
105 518
105 579
106 110
106 132
106 137
106 142
106 147
106 178
106 180
106 222
106 231
106 272
106 336
106 389
106 390
106 440
106 466
106 526
107 123
107 178
107 203
107 204
107 211
107 250
107 403
107 464
107 479
107 487
107 500
107 563
108 111
108 133
108 169
108 172
108 191
108 203
108 294
108 298
108 350
108 426
108 545
109 138
109 177
109 212
109 270
109 354
109 392
109 401
109 423
109 459
109 497
109 504
110 120
110 164
110 169
110 211
110 258
110 324
110 332
110 345
110 384
110 431
110 459
110 503
110 541
110 544
110 558
110 560
110 575
110 587
111 149
111 209
111 266
111 296
111 370
111 395
111 410
111 459
111 481
111 541
112 117
112 127
112 167
112 168
112 232
112 236
112 240
112 270
112 302
112 310
112 334
112 361
112 399
112 486
112 563
113 118
113 129
113 133
113 261
113 290
113 320
113 422
113 424
113 465
113 534
114 144
114 146
114 228
114 247
114 268
114 273
114 436
114 533
115 274
115 306
116 177
116 225
116 252
116 275
116 311
116 350
116 378
116 431
116 451
116 482
116 498
116 522
116 576
117 127
117 180
117 187
117 209
117 210
117 214
117 320
117 363
117 369
117 374
117 381
117 466
117 470
117 471
117 483
117 506
117 507
117 553
118 251
118 265
118 302
118 480
118 557
118 577
119 128
119 304
119 346
119 518
119 520
119 553
120 130
120 277
121 150
121 222
121 231
121 315
121 347
121 442
121 515
122 167
122 170
122 188
122 205
122 224
122 264
122 271
122 328
122 339
122 372
122 387
122 418
122 479
122 526
123 210
123 233
123 326
123 430
123 583
124 165
124 169
124 224
124 227
124 228
124 237
124 241
124 255
124 300
124 312
124 342
124 343
124 349
124 352
124 365
124 419
124 457
124 460
124 466
124 486
124 521
124 557
125 186
125 196
125 216
125 222
125 319
125 542
125 585
126 141
126 155
126 172
126 175
126 312
126 341
126 348
126 413
126 432
126 435
126 477
126 480
126 561
126 582
127 151
127 162
127 163
127 164
127 270
127 292
127 298
127 303
127 364
127 492
127 514
127 522
128 181
128 200
128 242
128 252
128 254
128 273
128 549
128 575
129 253
129 433
129 488
129 515
130 374
130 377
130 397
130 485
130 506
131 134
131 135
131 165
131 186
131 187
131 194
131 206
131 251
131 261
131 279
131 284
131 285
131 289
131 306
131 317
131 319
131 337
131 339
131 354
131 448
131 490
131 512
131 576
131 586
132 150
132 216
132 236
132 252
132 270
132 277
132 334
132 495
132 496
132 503
133 169
133 173
133 180
133 202
133 245
133 250
133 262
133 309
133 356
133 364
133 523
134 142
134 150
134 162
134 174
134 242
134 292
134 296
134 326
134 342
134 346
134 357
134 406
134 439
134 505
134 573
134 579
135 180
135 301
135 304
135 329
135 405
135 430
135 439
135 492
135 519
135 541
136 152
136 182
136 186
136 191
136 317
136 365
136 375
136 423
136 447
136 503
136 530
136 567
136 572
137 163
137 303
137 363
137 441
137 471
137 557
137 561
137 586
138 140
138 201
138 269
138 270
138 295
138 368
138 411
138 414
138 487
138 590
139 142
139 179
139 342
139 358
139 394
139 430
139 519
139 586
140 157
140 198
140 206
140 217
140 235
140 302
140 308
140 389
140 544
140 564
141 185
141 196
141 287
141 405
141 442
141 470
141 528
142 151
142 161
142 169
142 174
142 193
142 256
142 353
142 383
142 450
142 511
142 524
143 149
143 183
143 283
143 303
143 365
143 456
143 561
143 566
143 589
144 189
144 387
144 465
144 481
145 176
145 281
145 292
145 296
145 352
145 357
145 378
145 387
145 416
145 455
145 555
145 560
145 583
146 186
146 220
146 248
146 274
146 316
146 332
146 555
146 584
147 158
147 188
147 210
147 304
147 335
147 347
147 380
147 433
147 450
147 457
147 469
147 473
148 156
148 169
148 182
148 185
148 197
148 209
148 253
148 256
148 275
148 299
148 301
148 310
148 338
148 359
148 394
148 459
148 536
149 319
149 363
149 416
150 213
150 217
150 296
150 317
150 429
150 430
150 506
150 560
151 218
151 371
151 425
151 533
152 293
153 215
153 420
154 401
154 562
154 575
155 234
155 313
155 316
155 547
155 565
156 215
156 306
156 324
156 331
156 436
157 181
157 238
157 276
157 288
157 419
158 170
158 250
158 255
158 317
158 325
158 335
158 399
158 414
158 437
158 566
159 195
159 199
159 225
159 228
159 237
159 248
159 251
159 317
159 343
159 405
159 475
159 489
159 507
159 520
159 535
159 538
160 261
160 270
160 340
160 450
160 576
161 200
161 235
161 276
161 338
161 474
161 483
161 549
161 561
162 184
162 221
162 235
162 246
162 260
162 266
162 312
162 464
162 568
163 183
163 214
163 220
163 253
163 259
163 291
163 294
163 299
163 305
163 310
163 547
164 165
164 184
164 241
164 394
164 411
165 208
165 283
165 310
165 324
165 361
165 370
165 377
165 422
165 463
166 177
166 249
166 317
166 328
166 501
166 518
166 527
166 540
166 588
167 300
168 181
168 191
168 218
168 253
168 307
168 364
168 386
168 390
168 392
168 410
168 449
168 452
168 484
168 490
168 559
169 184
169 205
169 280
169 322
169 440
169 508
169 510
169 514
170 247
170 252
170 322
170 380
170 451
170 465
170 572
171 200
171 287
171 316
171 397
172 217
172 224
172 262
172 271
172 318
172 407
172 423
173 187
173 222
173 267
173 278
173 305
173 318
173 320
173 358
173 509
173 535
174 197
174 204
174 222
174 272
174 391
175 206
175 237
175 304
175 389
175 448
175 470
175 485
175 556
176 178
176 195
176 223
176 238
176 244
176 315
176 327
176 328
176 334
176 374
176 387
176 415
176 486
176 540
177 424
177 444
177 504
178 239
178 279
178 313
179 189
179 307
179 347
179 417
179 568
179 586
180 213
180 334
180 443
180 545
181 207
181 256
181 326
181 402
181 431
181 484
182 211
182 238
182 290
182 345
182 401
182 435
182 441
182 490
182 503
182 522
182 576
183 208
183 329
184 327
184 409
184 444
184 463
184 555
185 197
185 237
185 292
185 388
185 421
185 453
185 520
186 188
186 212
186 238
186 248
186 256
186 291
186 305
186 327
186 338
186 357
186 358
186 376
186 389
186 400
186 448
186 458
186 469
186 540
186 574
186 581
187 190
187 207
187 270
187 343
187 367
187 445
187 581
188 217
188 233
188 267
188 339
188 386
188 417
188 442
188 563
189 286
189 297
189 428
190 202
190 210
190 231
190 238
190 286
190 337
190 347
190 419
190 460
190 464
190 475
190 487
190 488
190 516
190 564
190 591
191 200
191 243
191 413
191 435
192 207
192 223
192 232
192 246
192 258
192 281
192 349
192 378
192 410
192 440
192 504
192 530
192 532
193 236
193 242
193 289
193 336
193 412
193 429
193 453
193 469
193 496
193 580
194 249
194 262
194 307
194 352
194 456
194 501
194 545
194 550
194 584
195 202
195 381
195 442
195 466
195 592
196 239
196 259
196 309
196 438
196 488
196 531
196 532
196 536
196 559
197 254
197 295
197 297
197 347
197 388
197 415
197 422
197 481
197 519
198 251
198 284
198 347
198 367
198 414
198 455
199 254
199 272
199 324
200 207
200 229
200 311
200 322
200 323
200 382
200 539
200 571
201 391
201 475
202 246
202 254
202 263
202 318
202 338
202 439
202 447
202 500
203 291
203 509
204 246
204 252
204 255
204 261
204 371
204 372
204 384
204 429
204 432
204 511
204 573
204 575
205 212
205 296
205 399
205 427
205 500
206 219
206 277
206 304
206 330
206 375
206 471
206 507
207 348
207 428
207 561
208 368
208 433
208 473
209 260
210 291
210 471
210 489
210 556
211 260
211 339
211 394
211 477
211 488
211 567
212 259
212 391
212 437
213 244
213 397
214 219
214 224
214 285
214 305
214 329
214 400
214 425
214 427
214 442
214 448
214 498
214 579
215 445
215 458
216 495
217 232
217 310
217 365
217 427
217 520
217 584
217 590
218 293
218 342
218 381
218 457
219 232
219 261
219 278
219 280
219 290
219 396
219 403
219 451
219 454
219 461
219 467
220 230
220 234
220 241
220 272
220 297
220 467
220 469
220 477
220 484
220 492
220 543
221 234
221 588
222 229
222 274
222 353
222 567
223 224
223 316
223 318
223 326
223 333
223 451
223 548
224 313
224 386
224 410
224 458
224 494
224 515
224 532
224 543
225 321
226 383
228 280
228 439
228 444
228 517
228 522
228 525
228 530
228 553
229 300
229 383
229 529
229 559
230 576
231 305
231 354
231 371
231 494
231 534
232 269
232 379
232 421
232 497
232 522
232 583
233 260
233 390
233 404
233 411
233 483
233 537
233 560
234 462
235 248
235 359
235 369
235 432
236 282
236 325
236 371
236 526
237 333
238 350
240 268
240 345
240 472
240 509
241 326
241 459
241 525
241 585
242 249
242 273
242 277
242 302
242 361
242 362
242 407
242 503
243 312
243 338
243 344
243 392
243 504
244 300
244 408
244 444
245 314
245 385
245 494
245 505
245 559
247 271
247 399
247 506
247 530
248 293
248 332
248 369
248 388
249 276
249 279
249 316
249 341
249 491
249 528
249 535
250 331
250 352
250 401
250 482
251 445
251 462
251 570
252 403
252 424
252 486
253 301
253 325
253 378
253 508
253 509
253 524
254 323
254 374
255 329
255 461
255 517
256 343
256 387
256 412
256 424
256 429
256 503
256 545
256 549
258 285
258 443
258 519
259 546
259 562
260 437
260 453
260 494
260 555
261 269
261 315
261 434
261 496
261 511
261 552
262 331
262 348
262 354
262 360
262 369
262 406
262 418
262 487
262 491
263 334
263 550
263 572
264 475
264 558
265 331
265 445
265 573
266 458
267 306
267 328
267 378
267 416
267 446
267 463
267 479
267 543
267 556
267 587
268 480
268 491
268 543
269 361
269 404
269 409
269 497
270 336
270 342
270 351
271 284
271 295
271 566
271 592
272 290
272 329
272 363
272 450
272 586
273 280
273 327
273 366
273 414
273 589
274 342
274 435
274 463
274 578
275 280
275 382
275 408
275 421
275 427
275 438
275 529
276 366
276 480
276 568
277 426
277 539
278 359
278 390
278 406
278 432
278 445
278 470
278 517
278 557
279 286
279 294
279 324
280 316
280 330
280 332
280 355
280 379
281 416
282 345
282 393
282 466
282 473
283 472
283 577
284 528
284 557
285 322
285 413
285 455
285 535
285 581
286 446
286 459
286 468
286 574
287 578
287 587
288 298
288 372
288 475
288 508
288 591
289 330
289 337
289 403
289 410
289 452
289 563
290 362
290 456
290 534
291 341
291 529
292 367
292 481
292 501
292 532
293 378
293 386
293 480
294 327
294 334
294 339
294 383
295 357
295 373
295 416
295 438
295 483
295 543
295 574
296 375
296 499
297 298
297 345
297 347
297 552
298 374
298 437
298 446
298 493
299 392
299 541
299 580
300 356
300 379
300 498
301 314
301 402
301 438
301 471
301 510
302 313
302 323
302 393
302 399
302 402
302 510
302 518
302 551
302 558
303 310
303 327
303 340
303 344
303 441
303 548
304 590
305 341
305 502
305 535
305 574
306 525
307 452
307 502
307 525
307 589
308 360
309 415
309 435
310 373
310 402
310 452
310 454
310 504
310 585
311 492
311 584
312 398
312 441
312 531
313 384
313 389
313 460
313 471
314 333
314 540
314 565
315 407
315 503
316 317
316 370
316 375
316 399
316 407
316 546
317 348
318 523
319 428
319 434
319 472
319 478
320 351
320 382
320 433
320 487
320 531
320 533
321 501
321 516
322 527
322 572
323 377
324 373
325 400
326 423
326 458
328 396
328 412
328 539
329 355
329 459
329 556
330 371
330 382
331 523
331 585
332 459
332 549
332 551
332 557
335 350
335 410
335 538
336 420
336 422
336 485
336 515
337 402
338 351
338 376
338 380
338 466
339 414
339 492
339 564
340 499
340 544
341 431
341 577
342 394
342 421
342 488
342 537
343 360
343 379
343 383
343 391
343 468
344 354
344 454
345 486
347 392
347 572
348 404
348 416
348 540
350 375
350 402
350 405
351 362
351 393
352 363
352 434
353 576
354 412
354 414
355 439
356 428
357 359
357 406
357 417
357 442
357 477
357 480
357 517
357 589
358 452
358 578
359 408
359 445
359 506
360 436
360 510
360 528
360 531
362 478
362 538
363 369
363 370
363 438
363 457
364 370
364 377
365 372
365 383
365 446
366 384
366 394
367 404
367 570
368 374
370 546
370 573
371 380
371 449
372 569
373 392
373 396
374 447
374 448
374 455
374 489
374 514
375 450
375 474
375 489
375 529
375 578
376 423
376 433
377 542
377 592
378 398
378 468
378 483
378 489
378 522
378 540
379 417
379 468
381 397
381 437
381 495
382 531
383 385
383 569
384 406
385 501
386 453
386 548
386 583
387 396
387 403
387 471
388 393
390 425
390 436
390 506
390 561
391 401
391 425
391 513
391 553
392 398
392 482
392 535
392 547
393 542
393 582
394 437
394 547
395 407
395 410
395 439
395 527
395 572
397 415
397 536
398 444
399 472
399 473
400 509
400 555
401 456
402 403
402 497
402 589
403 536
403 538
403 539
404 583
405 555
406 510
407 496
409 411
409 443
410 413
411 422
411 471
411 520
412 476
412 518
413 487
414 452
414 467
415 498
415 537
415 581
415 589
417 474
418 440
418 465
418 468
418 472
419 428
423 574
425 493
426 515
426 546
427 483
427 583
429 517
430 502
430 503
431 491
431 526
431 587
432 451
432 455
433 548
433 558
434 440
435 460
435 467
436 461
436 592
437 502
438 536
444 542
445 547
447 448
447 476
447 502
447 518
447 523
447 542
447 547
447 549
449 551
450 478
452 465
452 493
452 510
452 513
454 513
454 542
455 475
457 543
460 509
460 524
461 517
462 515
464 564
467 568
470 538
470 571
471 477
471 498
472 495
472 539
472 551
472 558
473 567
475 541
476 533
477 580
479 485
479 493
479 515
480 542
481 527
481 548
484 500
487 516
487 562
487 566
487 576
488 495
488 546
493 584
496 545
498 527
498 534
499 562
501 502
503 546
505 555
508 591
509 545
511 536
514 563
516 566
516 585
520 575
521 565
522 584
526 554
530 581
532 534
532 562
532 571
533 535
536 577
537 553
537 583
538 565
539 552
540 546
540 577
540 588
547 581
555 569
556 573
560 569
561 572
563 568
578 581
