0 1
0 2
0 3
0 4
0 5
0 6
0 7
0 8
0 9
0 10
0 11
0 12
0 13
0 15
0 20
0 22
0 23
0 27
0 30
0 32
0 33
0 35
0 38
0 41
0 44
0 47
0 49
0 51
0 52
0 53
0 71
0 73
0 74
0 76
0 78
0 79
0 81
0 83
0 88
0 91
0 92
0 102
0 105
0 109
0 111
0 114
0 122
0 125
0 135
0 136
0 143
0 144
0 145
0 148
0 149
0 163
0 164
0 172
0 179
0 194
0 221
0 225
0 228
0 231
0 238
0 242
0 247
0 252
0 253
0 269
0 276
0 290
0 298
0 300
0 315
0 321
0 322
0 346
0 347
0 350
0 356
0 371
0 389
0 396
0 398
0 414
0 417
0 422
0 425
0 427
0 431
0 435
1 9
1 10
1 11
1 13
1 18
1 20
1 21
1 25
1 28
1 30
1 31
1 33
1 40
1 43
1 45
1 47
1 48
1 49
1 54
1 72
1 78
1 82
1 85
1 89
1 104
1 107
1 109
1 153
1 157
1 158
1 159
1 163
1 168
1 169
1 196
1 223
1 230
1 238
1 250
1 256
1 269
1 273
1 284
1 301
1 341
1 346
1 365
1 373
1 393
1 400
1 401
1 407
1 409
1 419
1 449
2 9
2 14
2 16
2 17
2 19
2 24
2 35
2 36
2 44
2 51
2 60
2 62
2 72
2 83
2 93
2 95
2 100
2 103
2 143
2 160
2 161
2 164
2 166
2 175
2 183
2 238
2 251
2 282
2 301
2 325
2 326
2 404
2 414
2 419
2 432
3 10
3 11
3 12
3 14
3 15
3 17
3 23
3 28
3 34
3 40
3 43
3 76
3 93
3 109
3 140
3 251
3 273
3 293
3 338
3 370
3 418
3 437
4 9
4 10
4 12
4 13
4 14
4 15
4 16
4 20
4 21
4 22
4 23
4 24
4 28
4 34
4 37
4 51
4 55
4 110
4 134
4 144
4 164
4 214
4 222
4 260
4 278
4 312
4 313
4 333
4 363
4 391
4 404
4 432
4 453
5 9
5 10
5 11
5 13
5 14
5 15
5 17
5 18
5 19
5 21
5 24
5 27
5 31
5 38
5 39
5 42
5 44
5 52
5 65
5 73
5 74
5 75
5 112
5 113
5 115
5 116
5 118
5 120
5 131
5 135
5 142
5 154
5 162
5 166
5 168
5 193
5 199
5 218
5 220
5 232
5 243
5 246
5 257
5 287
5 288
5 290
5 303
5 313
5 314
5 341
5 359
5 364
5 429
6 9
6 10
6 11
6 12
6 17
6 18
6 19
6 26
6 37
6 42
6 44
6 45
6 48
6 90
6 97
6 101
6 110
6 112
6 132
6 142
6 144
6 169
6 171
6 173
6 197
6 237
6 262
6 284
6 345
6 357
6 367
6 369
6 435
7 9
7 14
7 27
7 40
7 59
7 101
7 103
7 126
7 177
7 178
7 237
7 255
7 263
7 331
7 333
7 362
7 411
7 421
8 9
8 10
8 11
8 12
8 13
8 16
8 18
8 19
8 20
8 22
8 23
8 25
8 26
8 29
8 33
8 34
8 36
8 39
8 46
8 52
8 85
8 88
8 99
8 115
8 118
8 122
8 123
8 130
8 137
8 148
8 157
8 167
8 171
8 173
8 174
8 181
8 187
8 191
8 200
8 201
8 209
8 210
8 213
8 231
8 239
8 242
8 243
8 249
8 250
8 263
8 268
8 285
8 296
8 302
8 304
8 312
8 314
8 337
8 350
8 360
8 380
8 388
8 408
8 423
8 438
8 451
8 452
9 10
9 11
9 12
9 15
9 16
9 17
9 18
9 22
9 28
9 29
9 31
9 32
9 33
9 38
9 39
9 43
9 48
9 52
9 55
9 57
9 59
9 62
9 65
9 73
9 81
9 82
9 89
9 90
9 91
9 98
9 102
9 105
9 107
9 121
9 122
9 124
9 125
9 126
9 128
9 139
9 140
9 142
9 145
9 149
9 160
9 162
9 182
9 183
9 187
9 189
9 194
9 214
9 233
9 241
9 259
9 274
9 277
9 302
9 303
9 315
9 325
9 331
9 332
9 335
9 342
9 350
9 395
9 399
9 402
9 415
9 424
9 429
9 430
9 451
9 452
10 11
10 12
10 13
10 14
10 15
10 19
10 21
10 23
10 24
10 26
10 29
10 32
10 34
10 36
10 37
10 42
10 48
10 51
10 53
10 55
10 56
10 62
10 68
10 69
10 70
10 71
10 79
10 80
10 91
10 92
10 101
10 102
10 104
10 108
10 119
10 120
10 135
10 140
10 150
10 199
10 200
10 206
10 207
10 211
10 224
10 239
10 247
10 257
10 258
10 263
10 265
10 267
10 270
10 272
10 279
10 280
10 283
10 291
10 295
10 300
10 301
10 309
10 313
10 322
10 331
10 337
10 381
10 395
10 401
10 404
10 421
10 429
10 446
11 12
11 13
11 14
11 16
11 19
11 20
11 21
11 24
11 25
11 27
11 35
11 36
11 42
11 46
11 47
11 51
11 55
11 56
11 59
11 64
11 65
11 66
11 67
11 77
11 80
11 83
11 84
11 85
11 86
11 90
11 93
11 96
11 98
11 107
11 111
11 117
11 123
11 127
11 129
11 130
11 141
11 143
11 144
11 153
11 154
11 155
11 193
11 201
11 205
11 216
11 218
11 232
11 234
11 250
11 258
11 274
11 278
11 288
11 289
11 302
11 307
11 309
11 310
11 335
11 340
11 348
11 362
11 370
11 374
11 385
11 390
11 407
11 425
11 426
11 434
11 446
12 13
12 16
12 17
12 18
12 19
12 22
12 23
12 29
12 30
12 31
12 33
12 39
12 45
12 47
12 53
12 61
12 72
12 76
12 87
12 88
12 89
12 90
12 93
12 94
12 96
12 98
12 106
12 108
12 112
12 113
12 120
12 125
12 130
12 133
12 141
12 144
12 167
12 169
12 172
12 180
12 183
12 198
12 203
12 210
12 224
12 232
12 233
12 234
12 243
12 260
12 267
12 273
12 287
12 292
12 298
12 310
12 326
12 334
12 337
12 343
12 344
12 351
12 355
12 359
12 362
12 363
12 366
12 394
12 408
12 409
12 411
12 414
12 430
13 14
13 15
13 16
13 17
13 20
13 21
13 26
13 27
13 30
13 31
13 43
13 44
13 52
13 53
13 54
13 58
13 67
13 68
13 86
13 88
13 116
13 123
13 131
13 147
13 152
13 155
13 157
13 180
13 187
13 189
13 216
13 217
13 218
13 220
13 231
13 252
13 300
13 332
13 336
13 341
13 342
13 352
13 372
13 377
13 430
13 442
13 445
14 15
14 16
14 17
14 18
14 21
14 23
14 25
14 27
14 29
14 32
14 42
14 43
14 44
14 54
14 62
14 63
14 68
14 75
14 78
14 96
14 104
14 105
14 107
14 110
14 115
14 118
14 123
14 134
14 152
14 153
14 156
14 188
14 193
14 198
14 199
14 221
14 235
14 244
14 251
14 254
14 259
14 264
14 266
14 272
14 282
14 296
14 301
14 313
14 343
14 353
14 358
14 368
14 403
14 407
14 428
14 443
14 450
15 18
15 24
15 25
15 30
15 37
15 39
15 42
15 50
15 66
15 93
15 114
15 116
15 151
15 172
15 186
15 194
15 196
15 202
15 203
15 209
15 217
15 240
15 245
15 247
15 253
15 283
15 290
15 307
15 311
15 318
15 320
15 323
15 328
15 366
15 367
15 398
15 403
15 428
15 444
15 447
16 21
16 28
16 29
16 30
16 35
16 36
16 37
16 43
16 46
16 54
16 58
16 66
16 80
16 110
16 118
16 121
16 131
16 148
16 149
16 171
16 172
16 175
16 197
16 214
16 232
16 233
16 241
16 289
16 291
16 311
16 356
16 367
16 374
16 390
16 403
16 422
16 441
16 443
17 19
17 20
17 22
17 25
17 26
17 28
17 38
17 48
17 49
17 50
17 62
17 67
17 71
17 74
17 86
17 87
17 88
17 91
17 95
17 104
17 111
17 122
17 129
17 137
17 148
17 156
17 158
17 161
17 173
17 182
17 188
17 191
17 207
17 214
17 237
17 240
17 250
17 259
17 268
17 275
17 279
17 301
17 303
17 309
17 314
17 331
17 355
17 366
17 377
17 379
17 383
18 20
18 23
18 24
18 26
18 27
18 34
18 40
18 44
18 62
18 68
18 70
18 82
18 85
18 87
18 92
18 101
18 103
18 113
18 126
18 151
18 156
18 157
18 175
18 196
18 200
18 206
18 215
18 225
18 234
18 246
18 248
18 256
18 261
18 264
18 265
18 266
18 267
18 268
18 294
18 308
18 323
18 333
18 338
18 372
18 400
18 404
18 435
19 22
19 26
19 39
19 49
19 56
19 75
19 77
19 106
19 111
19 143
19 163
19 216
19 268
19 273
19 278
19 297
19 306
19 321
19 339
19 344
19 367
19 391
19 423
20 32
20 38
20 41
20 42
20 43
20 47
20 48
20 50
20 57
20 58
20 64
20 65
20 69
20 79
20 81
20 86
20 97
20 99
20 100
20 101
20 104
20 106
20 113
20 114
20 123
20 128
20 131
20 158
20 159
20 161
20 164
20 168
20 171
20 172
20 176
20 179
20 183
20 193
20 205
20 206
20 234
20 238
20 251
20 252
20 304
20 307
20 323
20 336
20 363
20 379
20 383
20 385
20 387
20 426
20 429
21 22
21 26
21 27
21 29
21 30
21 32
21 34
21 37
21 41
21 46
21 53
21 54
21 56
21 73
21 91
21 101
21 103
21 108
21 120
21 121
21 129
21 139
21 146
21 163
21 170
21 180
21 181
21 186
21 189
21 207
21 208
21 224
21 230
21 239
21 247
21 271
21 285
21 296
21 307
21 308
21 311
21 314
21 324
21 347
21 348
21 371
21 373
21 378
21 388
21 394
21 409
21 415
21 420
21 421
21 433
21 434
21 438
21 440
22 25
22 30
22 31
22 39
22 41
22 45
22 59
22 78
22 79
22 81
22 100
22 107
22 128
22 133
22 151
22 154
22 156
22 178
22 190
22 193
22 200
22 216
22 220
22 227
22 260
22 308
22 315
22 319
22 366
22 367
22 412
22 443
23 24
23 28
23 33
23 34
23 36
23 37
23 52
23 54
23 57
23 58
23 59
23 69
23 77
23 79
23 80
23 81
23 92
23 94
23 95
23 117
23 119
23 130
23 139
23 140
23 141
23 156
23 177
23 184
23 214
23 226
23 300
23 320
23 326
23 331
23 354
23 356
23 371
23 416
23 430
24 25
24 33
24 36
24 46
24 63
24 78
24 80
24 114
24 117
24 152
24 176
24 184
24 191
24 199
24 200
24 228
24 229
24 244
24 260
24 275
24 302
24 316
24 351
24 372
24 385
25 29
25 41
25 45
25 58
25 63
25 103
25 106
25 110
25 119
25 123
25 150
25 151
25 169
25 176
25 182
25 184
25 201
25 204
25 212
25 213
25 226
25 241
25 255
25 285
25 303
25 311
25 353
25 374
25 406
25 437
25 443
26 31
26 35
26 38
26 50
26 52
26 60
26 61
26 66
26 67
26 102
26 113
26 115
26 154
26 162
26 203
26 219
26 223
26 228
26 247
26 280
26 358
26 392
26 430
27 28
27 40
27 44
27 45
27 46
27 49
27 53
27 56
27 59
27 69
27 70
27 97
27 112
27 119
27 144
27 145
27 157
27 162
27 188
27 195
27 220
27 230
27 250
27 288
27 328
27 330
27 334
27 340
27 351
27 361
27 370
27 378
27 381
27 411
27 451
28 32
28 35
28 40
28 41
28 42
28 51
28 57
28 65
28 72
28 84
28 116
28 136
28 217
28 218
28 223
28 226
28 240
28 244
28 260
28 308
28 332
28 382
28 419
28 440
29 32
29 33
29 35
29 38
29 56
29 57
29 63
29 64
29 69
29 76
29 87
29 91
29 96
29 101
29 103
29 144
29 153
29 159
29 167
29 181
29 196
29 212
29 245
29 247
29 255
29 259
29 271
29 293
29 360
29 410
29 418
29 423
29 428
29 437
29 451
30 31
30 35
30 36
30 37
30 43
30 60
30 63
30 69
30 77
30 78
30 88
30 99
30 105
30 112
30 132
30 135
30 156
30 179
30 197
30 205
30 222
30 225
30 227
30 242
30 265
30 311
30 315
30 359
30 384
30 390
31 49
31 52
31 124
31 140
31 208
31 232
31 262
31 303
31 311
31 329
31 357
31 389
31 390
31 429
31 444
32 50
32 54
32 65
32 68
32 71
32 75
32 95
32 102
32 106
32 125
32 130
32 145
32 172
32 181
32 213
32 272
32 312
32 362
32 365
32 410
32 447
33 34
33 41
33 50
33 84
33 86
33 97
33 112
33 129
33 141
33 160
33 168
33 173
33 182
33 215
33 260
33 265
33 268
33 270
33 281
33 299
33 305
33 322
33 359
33 388
33 414
33 437
33 442
34 40
34 53
34 60
34 68
34 70
34 74
34 124
34 125
34 137
34 140
34 147
34 154
34 169
34 189
34 230
34 264
34 345
34 374
34 384
34 444
35 46
35 53
35 57
35 66
35 74
35 110
35 111
35 121
35 127
35 130
35 161
35 174
35 180
35 188
35 208
35 220
35 245
35 246
35 275
35 341
35 349
35 352
35 361
35 376
35 396
36 38
36 39
36 47
36 64
36 71
36 76
36 83
36 88
36 92
36 103
36 107
36 131
36 132
36 135
36 139
36 145
36 153
36 163
36 174
36 186
36 204
36 219
36 233
36 238
36 249
36 251
36 256
36 303
36 305
36 312
36 372
36 376
36 386
36 388
36 399
36 418
36 425
37 41
37 45
37 51
37 55
37 63
37 64
37 65
37 68
37 71
37 72
37 77
37 91
37 92
37 94
37 96
37 107
37 135
37 139
37 146
37 155
37 157
37 175
37 182
37 188
37 193
37 194
37 195
37 197
37 200
37 202
37 205
37 207
37 214
37 217
37 218
37 235
37 237
37 253
37 260
37 262
37 274
37 282
37 285
37 287
37 288
37 289
37 290
37 340
37 363
37 398
37 408
37 412
37 421
37 428
37 449
37 452
38 40
38 48
38 60
38 61
38 63
38 69
38 75
38 79
38 82
38 91
38 92
38 113
38 129
38 162
38 170
38 241
38 271
38 278
38 284
38 316
38 318
38 384
39 61
39 77
39 108
39 120
39 146
39 151
39 160
39 167
39 197
39 198
39 219
39 228
39 233
39 276
39 315
39 375
39 382
39 393
39 408
39 412
39 436
39 449
40 54
40 61
40 73
40 76
40 100
40 110
40 186
40 206
40 210
40 228
40 306
40 308
40 332
40 339
40 360
40 376
40 383
41 48
41 64
41 70
41 71
41 84
41 132
41 134
41 163
41 165
41 193
41 227
41 253
41 316
41 328
41 329
41 364
41 413
41 451
42 59
42 61
42 95
42 97
42 110
42 129
42 138
42 157
42 190
42 211
42 215
42 325
42 412
42 421
43 46
43 62
43 66
43 74
43 109
43 124
43 125
43 131
43 146
43 147
43 155
43 171
43 184
43 210
43 230
43 313
43 316
43 329
43 404
43 410
43 420
43 436
44 45
44 47
44 49
44 50
44 64
44 117
44 119
44 142
44 145
44 149
44 176
44 183
44 185
44 221
44 236
44 239
44 287
44 378
44 422
45 47
45 50
45 55
45 64
45 68
45 86
45 96
45 136
45 158
45 209
45 246
45 293
45 298
45 319
45 326
45 356
45 433
46 49
46 56
46 61
46 66
46 67
46 78
46 86
46 89
46 108
46 170
46 175
46 178
46 197
46 211
46 219
46 221
46 222
46 224
46 232
46 261
46 333
46 340
46 350
46 362
46 368
46 382
46 393
46 394
46 398
47 55
47 56
47 58
47 77
47 80
47 82
47 100
47 109
47 128
47 144
47 159
47 174
47 185
47 212
47 273
47 280
47 282
47 286
47 289
47 301
47 338
47 424
48 58
48 67
48 70
48 87
48 133
48 147
48 165
48 174
48 222
48 268
48 318
48 398
48 406
49 51
49 57
49 69
49 76
49 100
49 105
49 143
49 150
49 154
49 164
49 210
49 216
49 217
49 290
49 304
49 320
49 342
49 399
49 431
49 446
50 58
50 67
50 99
50 132
50 172
50 195
50 220
50 232
50 255
50 281
50 294
50 349
50 387
51 60
51 62
51 67
51 70
51 73
51 83
51 90
51 98
51 99
51 102
51 104
51 114
51 116
51 117
51 121
51 122
51 125
51 135
51 142
51 180
51 195
51 198
51 199
51 209
51 212
51 227
51 239
51 240
51 245
51 250
51 258
51 263
51 267
51 303
51 321
51 322
51 331
51 334
51 354
51 373
51 376
51 378
51 400
51 424
51 440
51 446
52 60
52 72
52 74
52 95
52 127
52 141
52 181
52 194
52 201
52 213
52 229
52 264
52 277
52 330
52 352
52 374
52 423
53 55
53 61
53 72
53 81
53 85
53 102
53 137
53 142
53 200
53 205
53 225
53 241
53 252
53 257
53 261
53 296
53 365
53 401
53 408
54 57
54 81
54 93
54 133
54 166
54 175
54 176
54 188
54 198
54 211
54 404
54 433
54 441
55 59
55 79
55 95
55 128
55 141
55 153
55 154
55 215
55 229
55 233
55 258
55 369
55 421
55 428
55 434
55 441
55 442
56 66
56 88
56 109
56 185
56 198
56 257
56 268
56 289
56 298
56 313
57 82
57 98
57 111
57 137
57 158
57 195
57 224
57 281
57 292
57 294
57 295
57 334
57 338
57 389
57 440
58 60
58 65
58 71
58 84
58 109
58 124
58 126
58 127
58 152
58 170
58 179
58 184
58 221
58 223
58 265
58 267
58 321
58 329
58 334
58 347
58 361
58 372
58 386
58 411
59 76
59 92
59 93
59 127
59 160
59 163
59 185
59 201
59 202
59 223
59 240
59 243
59 285
59 286
59 376
59 390
59 391
59 402
59 442
60 63
60 90
60 121
60 126
60 136
60 179
60 187
60 191
60 205
60 206
60 223
60 275
60 297
60 328
60 338
60 386
60 391
60 423
61 75
61 84
61 96
61 108
61 109
61 166
61 168
61 170
61 179
61 199
61 202
61 296
61 323
61 330
61 332
61 361
61 362
61 405
61 442
62 72
62 75
62 94
62 98
62 111
62 118
62 137
62 160
62 162
62 191
62 254
62 276
62 305
62 368
62 369
62 387
62 402
62 409
62 434
62 438
63 70
63 82
63 83
63 84
63 131
63 138
63 147
63 204
63 225
63 306
63 368
63 377
63 427
63 451
64 77
64 80
64 97
64 104
64 116
64 127
64 143
64 150
64 158
64 159
64 166
64 189
64 199
64 212
64 227
64 239
64 252
64 269
64 271
64 274
64 277
64 294
64 320
64 332
64 339
64 342
64 357
64 361
64 365
64 381
64 393
64 403
64 406
64 426
65 73
65 84
65 86
65 87
65 94
65 98
65 121
65 132
65 149
65 152
65 168
65 174
65 187
65 242
65 246
65 255
65 282
65 367
65 382
65 435
65 453
66 75
66 79
66 94
66 148
66 162
66 203
66 209
66 212
66 234
66 273
66 283
66 352
66 356
66 418
66 434
66 443
67 82
67 89
67 117
67 120
67 121
67 138
67 141
67 150
67 151
67 177
67 207
67 227
67 245
67 280
67 303
67 315
67 325
67 354
67 362
67 372
67 384
67 453
68 126
68 166
68 201
68 275
68 295
68 321
68 344
68 386
68 428
68 441
69 94
69 132
69 148
69 151
69 157
69 178
69 317
69 338
70 74
70 96
70 100
70 113
70 117
70 134
70 147
70 165
70 167
70 203
70 244
70 318
70 324
70 356
71 73
71 83
71 89
71 114
71 120
71 134
71 225
71 397
72 78
72 80
72 93
72 155
72 169
72 192
72 217
72 248
72 258
72 296
72 307
72 316
72 423
72 439
73 83
73 99
73 137
73 150
73 152
73 186
73 190
73 194
73 222
73 278
73 279
73 344
73 347
73 438
74 81
74 87
74 178
74 208
74 211
74 231
74 243
74 248
74 253
74 328
74 341
74 379
74 388
74 424
74 445
75 87
75 99
75 105
75 183
75 207
75 222
75 248
75 270
75 310
75 328
75 330
75 395
75 399
75 401
75 417
75 448
76 94
76 122
76 128
76 161
76 169
76 261
76 288
76 368
76 387
76 416
76 424
76 428
77 85
77 111
77 114
77 115
77 119
77 120
77 123
77 133
77 148
77 196
77 204
77 226
77 229
77 235
77 262
77 277
77 333
77 340
77 341
77 356
77 363
77 396
77 436
78 89
78 129
78 190
79 95
79 106
79 166
79 293
79 450
80 100
80 115
80 116
80 181
80 240
80 275
80 277
80 280
80 299
80 308
80 335
80 394
80 402
81 89
81 118
81 133
81 165
81 184
81 219
81 279
81 294
81 313
81 325
81 373
81 406
81 412
81 448
82 85
82 97
82 130
82 161
82 170
82 254
82 353
82 357
82 365
82 397
82 434
83 85
83 90
83 97
83 106
83 135
83 146
83 158
83 159
83 182
83 222
83 223
83 247
83 290
83 292
83 312
83 316
83 326
84 90
84 101
84 112
84 114
84 156
84 158
84 213
84 215
84 256
84 265
84 293
84 386
84 388
84 422
84 425
84 452
85 123
85 126
85 276
85 287
85 305
85 354
85 385
85 429
86 105
86 112
86 127
86 138
86 150
86 153
86 155
86 187
86 194
86 196
86 229
86 238
86 412
86 416
86 443
86 453
87 98
87 103
87 104
87 139
87 143
87 153
87 253
87 337
87 349
87 400
87 435
88 143
88 240
88 269
88 301
88 311
88 327
88 413
89 108
89 136
89 171
89 175
89 215
89 233
89 254
89 287
89 428
89 431
89 434
89 445
90 146
90 177
90 202
90 225
90 236
90 254
90 266
90 328
90 395
90 418
91 99
91 124
91 331
91 333
91 371
91 440
92 108
92 122
92 129
92 140
92 147
92 167
92 173
92 177
92 190
92 194
92 204
92 210
92 270
92 276
92 346
92 378
92 380
93 126
93 130
93 382
94 122
94 133
94 139
94 177
94 223
94 226
94 263
94 343
94 390
94 413
94 415
94 432
95 102
95 131
95 236
95 247
95 266
96 128
96 178
96 266
96 267
96 453
97 117
97 138
97 149
97 257
97 264
97 272
97 285
97 331
97 360
97 395
97 424
98 161
98 178
98 192
98 203
98 238
98 253
98 269
98 379
98 391
98 406
98 412
99 106
99 216
99 250
99 292
99 376
99 416
100 113
100 115
100 141
100 214
100 259
100 271
100 302
100 336
100 358
100 393
100 404
100 424
100 438
101 105
101 329
102 116
102 147
102 149
102 191
102 197
102 241
102 317
102 327
102 333
102 362
102 370
102 392
102 407
102 431
102 446
103 118
103 145
103 296
103 297
103 330
103 404
104 115
104 133
104 138
104 165
104 185
104 206
104 212
104 236
104 281
104 282
104 284
104 324
104 402
104 417
105 107
105 127
105 142
105 164
105 173
105 224
105 232
105 355
105 364
105 436
106 146
106 159
106 180
106 200
106 256
106 257
106 270
106 312
106 317
106 358
106 372
106 415
107 211
107 262
107 264
107 319
107 332
107 357
107 438
108 180
108 259
108 315
108 327
108 399
108 403
108 405
108 427
108 450
109 186
109 243
109 317
110 119
110 167
110 213
110 225
110 240
110 314
111 163
111 171
111 189
111 192
111 239
111 272
111 283
111 340
111 342
111 379
112 195
112 218
112 242
112 256
112 277
112 279
112 280
112 339
113 183
113 235
113 245
113 275
113 281
113 284
113 319
113 325
113 344
113 380
113 410
114 124
114 160
114 165
114 188
114 220
114 234
114 237
114 241
114 245
114 250
114 342
114 355
114 379
114 385
114 440
114 448
115 137
115 164
115 235
115 429
116 118
116 119
116 125
116 192
116 198
116 203
116 209
116 288
116 315
116 403
116 417
116 427
116 437
117 139
117 173
117 219
117 230
117 270
117 283
117 310
117 448
118 145
118 150
118 160
118 167
118 192
118 358
118 386
118 416
119 124
119 128
119 136
119 148
119 152
119 266
119 267
119 287
119 294
119 400
120 132
120 136
120 138
120 146
120 166
120 175
120 249
120 298
120 328
120 366
120 390
120 391
120 416
120 442
121 134
121 136
121 142
121 168
121 177
121 246
121 336
121 347
121 386
121 420
121 433
122 140
122 214
122 319
122 420
122 432
123 134
123 261
123 383
123 447
124 151
124 202
124 208
124 241
124 314
125 180
125 215
125 218
125 335
126 192
126 203
126 209
126 233
126 288
126 291
127 191
127 262
127 311
127 418
128 134
128 181
128 185
128 216
128 242
128 262
128 278
128 392
128 427
128 436
129 193
130 186
130 208
130 219
130 305
130 389
131 208
131 320
131 359
131 364
131 382
131 392
132 169
132 179
132 201
132 246
132 281
132 329
132 368
132 388
133 149
133 152
133 276
133 297
133 348
133 363
134 165
134 199
134 208
134 229
134 348
135 231
135 270
135 298
135 345
135 394
136 168
136 215
136 249
136 255
136 277
136 375
136 452
137 138
137 188
137 230
137 345
138 155
138 333
138 381
138 403
139 183
139 190
139 192
139 269
139 286
139 292
139 353
139 359
139 371
140 176
140 190
140 437
141 156
141 190
141 304
141 335
141 343
142 266
142 272
142 292
142 295
142 309
142 384
142 401
142 407
142 446
143 162
143 374
144 171
144 265
144 304
144 336
144 349
144 352
144 396
144 430
145 181
145 248
145 277
145 293
145 299
145 358
146 164
146 185
146 228
146 231
146 293
146 309
146 353
147 178
147 186
147 201
147 213
147 261
147 280
147 361
147 383
147 450
148 187
148 191
148 196
148 275
148 284
148 304
148 323
148 384
148 396
148 397
149 154
149 176
149 182
149 220
149 299
149 312
149 390
150 195
150 270
150 286
150 302
150 364
150 378
150 380
150 384
150 400
151 159
151 165
151 170
151 172
151 174
151 184
151 224
151 237
151 249
151 298
151 301
151 359
151 407
151 410
152 174
152 288
152 354
153 155
153 399
153 409
154 161
154 209
154 278
154 339
154 345
154 380
155 176
155 211
155 284
156 173
157 179
157 187
157 266
157 385
157 397
158 205
158 228
158 268
158 292
158 308
158 309
158 335
158 377
159 170
159 319
160 184
160 216
160 229
160 244
160 343
160 396
161 234
161 236
161 257
161 267
161 310
161 321
161 352
161 381
162 196
162 206
162 248
162 262
162 359
162 396
163 432
163 433
164 202
164 251
164 407
164 435
165 226
165 265
165 424
165 453
166 231
166 344
166 452
167 197
167 244
167 261
167 263
167 274
167 337
167 360
167 450
168 177
168 182
168 227
168 263
168 299
168 300
168 346
168 394
169 221
169 224
169 302
169 330
169 340
169 396
169 451
170 226
170 322
170 375
171 248
171 385
171 446
172 439
174 238
174 444
175 256
175 271
175 324
175 350
175 380
176 204
177 185
177 205
177 219
177 289
177 325
178 221
178 289
178 291
178 304
178 403
179 192
179 198
179 210
179 318
179 394
179 423
179 445
180 257
180 307
181 297
181 322
181 324
182 237
183 189
183 221
183 255
183 264
183 316
183 337
183 353
183 410
184 217
184 276
184 443
184 450
185 195
185 227
185 261
185 286
185 364
185 368
186 207
186 213
186 271
186 309
186 349
186 353
186 360
186 398
186 406
186 430
186 449
187 189
188 234
188 304
188 317
188 334
188 447
189 249
189 258
189 274
189 344
189 349
189 360
189 439
190 308
190 347
190 374
191 204
191 211
191 217
191 316
191 391
191 411
192 290
192 349
192 382
193 254
193 274
193 351
193 363
193 395
193 431
194 204
194 239
194 320
194 323
194 369
194 374
194 392
194 442
195 210
195 295
195 391
195 417
196 206
196 243
196 294
197 218
197 283
197 329
198 235
198 246
198 366
199 202
199 271
199 350
200 299
200 377
200 412
201 423
202 236
202 249
202 282
202 447
203 207
203 354
203 379
203 413
203 433
204 212
204 254
204 323
204 387
204 450
205 255
205 286
205 386
206 280
206 324
206 357
206 364
206 369
206 375
206 450
207 242
207 249
207 354
207 392
208 226
208 237
208 295
209 236
209 252
209 282
209 339
209 356
210 228
210 231
210 253
210 274
210 295
210 310
210 334
210 357
210 401
211 263
211 419
212 336
212 341
212 365
212 426
212 445
213 229
213 283
213 294
213 297
213 327
213 432
213 449
214 272
214 285
215 342
216 376
216 419
217 302
217 402
218 222
218 230
218 244
218 324
219 377
219 379
220 346
221 259
221 284
221 408
221 419
222 251
222 264
222 291
222 307
222 366
222 377
222 413
223 235
223 244
223 289
223 341
224 269
225 327
225 370
226 258
226 321
226 339
227 236
227 242
227 243
227 245
227 279
227 369
227 415
228 285
228 295
228 299
229 279
229 281
229 306
229 378
230 235
230 256
230 273
230 276
230 415
231 260
231 320
231 344
231 348
233 248
233 345
233 346
234 252
234 305
234 353
234 355
234 445
235 342
235 343
235 441
236 272
236 439
237 252
237 405
237 426
237 446
238 373
238 419
238 439
238 445
239 254
239 299
239 322
239 399
239 414
240 298
240 306
240 380
240 385
241 318
242 306
243 370
243 418
243 435
244 258
244 336
244 352
244 427
245 251
245 286
246 296
246 383
247 345
247 351
247 367
247 425
248 300
248 352
249 314
249 422
249 451
250 297
250 306
250 335
250 360
250 449
251 358
252 291
252 417
252 440
253 345
253 393
254 319
254 336
254 413
255 259
256 273
256 278
256 329
256 347
256 376
256 381
256 405
256 426
257 387
258 300
258 318
258 400
258 420
259 330
259 343
259 419
259 445
260 384
260 387
260 447
261 327
261 348
262 287
262 297
262 310
262 326
262 338
262 416
263 439
264 389
266 405
266 421
267 269
267 322
267 348
267 375
268 279
268 321
268 330
268 414
269 411
270 290
270 370
271 283
271 337
271 420
272 351
272 355
273 291
273 448
274 319
274 326
274 383
275 281
275 291
275 312
275 317
275 429
276 292
276 318
277 335
277 426
277 442
278 286
278 293
278 313
278 325
279 439
280 317
280 436
281 326
281 350
281 351
281 364
282 320
282 422
283 340
283 431
284 327
284 343
284 381
284 409
287 354
288 357
289 368
289 448
290 365
290 441
291 305
291 306
291 425
292 305
292 392
293 300
293 314
293 317
293 371
293 405
293 411
294 449
296 324
296 406
296 410
297 334
297 369
298 323
298 425
299 309
299 371
299 408
300 377
301 370
302 338
302 339
302 393
302 427
302 449
303 437
304 438
305 448
306 307
308 310
308 375
308 405
309 383
310 433
313 327
313 348
313 349
313 436
314 409
315 389
315 441
316 350
318 418
319 358
319 415
320 372
320 407
321 361
321 375
321 415
322 422
322 432
323 444
324 361
325 346
325 347
325 355
326 332
326 351
328 381
328 434
330 402
331 382
332 337
332 393
333 371
333 440
334 363
335 397
336 401
338 355
338 392
339 365
339 422
341 398
342 346
343 367
343 369
345 398
345 413
346 431
348 413
349 397
351 373
352 375
352 387
352 389
352 408
354 414
354 435
355 394
355 405
355 453
356 389
357 373
357 410
357 431
358 409
359 366
359 378
359 388
359 395
359 402
360 441
362 397
363 443
364 417
365 433
365 437
366 416
368 444
369 400
370 380
370 444
372 373
374 399
377 452
380 395
381 421
383 420
384 411
391 447
392 453
393 417
394 397
395 420
396 439
396 452
398 401
399 427
402 406
404 430
406 426
406 432
408 438
410 447
412 414
414 425
416 444
428 436
446 448
