0 1
0 2
0 3
0 4
0 5
0 6
0 7
0 8
0 9
0 10
0 11
0 12
0 13
0 14
0 16
0 17
0 19
0 20
0 21
0 22
0 23
0 24
0 25
0 26
0 27
0 31
0 33
0 37
0 41
0 43
0 44
0 47
0 48
0 49
0 53
0 54
0 55
0 56
0 58
0 59
0 62
0 63
0 64
0 65
0 68
0 69
0 71
0 73
0 77
0 81
0 91
0 96
0 125
0 128
0 129
0 131
0 132
0 135
0 138
0 139
0 142
0 144
0 150
0 164
0 170
0 177
0 179
0 196
0 197
0 200
0 206
0 207
0 212
0 225
0 227
0 228
0 229
0 235
0 243
0 245
0 251
0 256
0 259
0 272
0 276
0 282
0 286
0 287
0 295
0 298
0 306
0 311
0 312
0 327
0 328
0 341
0 356
0 357
0 361
0 366
0 380
0 384
0 388
0 397
0 404
0 411
0 420
0 421
0 430
0 434
0 450
0 453
0 467
0 468
0 476
0 500
0 501
0 502
0 503
0 510
0 516
0 535
0 547
0 560
0 565
0 568
0 588
0 589
1 9
1 10
1 11
1 12
1 14
1 15
1 16
1 19
1 24
1 34
1 35
1 45
1 50
1 60
1 62
1 65
1 68
1 71
1 85
1 86
1 92
1 93
1 115
1 120
1 166
1 178
1 179
1 201
1 209
1 226
1 232
1 259
1 284
1 289
1 290
1 319
1 325
1 332
1 340
1 345
1 367
1 420
1 465
1 472
1 476
1 484
1 487
1 501
1 505
1 511
1 545
1 561
1 563
2 9
2 10
2 13
2 14
2 15
2 25
2 26
2 27
2 31
2 34
2 44
2 46
2 58
2 62
2 70
2 77
2 83
2 90
2 98
2 107
2 116
2 122
2 131
2 140
2 162
2 163
2 186
2 239
2 249
2 254
2 274
2 290
2 292
2 293
2 294
2 304
2 320
2 328
2 331
2 351
2 354
2 367
2 401
2 409
2 439
2 451
2 513
2 541
2 542
2 556
3 9
3 11
3 12
3 16
3 17
3 18
3 20
3 25
3 27
3 28
3 30
3 42
3 44
3 50
3 52
3 66
3 133
3 141
3 189
3 199
3 204
3 214
3 252
3 255
3 263
3 333
3 357
3 394
3 440
3 483
3 485
3 500
3 518
3 551
3 563
3 576
4 12
4 16
4 21
4 24
4 29
4 81
4 122
4 137
4 139
4 152
4 170
4 179
4 186
4 220
4 237
4 253
4 348
4 363
4 364
4 540
4 562
5 9
5 10
5 12
5 13
5 15
5 17
5 19
5 21
5 22
5 23
5 25
5 27
5 35
5 43
5 47
5 56
5 57
5 70
5 85
5 106
5 122
5 128
5 155
5 161
5 169
5 176
5 186
5 190
5 193
5 210
5 211
5 229
5 241
5 243
5 274
5 284
5 325
5 329
5 343
5 347
5 349
5 372
5 388
5 414
5 451
5 551
5 553
5 562
5 577
5 589
5 590
6 9
6 10
6 11
6 14
6 25
6 26
6 29
6 30
6 42
6 43
6 49
6 51
6 69
6 78
6 92
6 99
6 101
6 107
6 108
6 109
6 112
6 115
6 136
6 141
6 143
6 150
6 152
6 188
6 194
6 196
6 213
6 247
6 262
6 276
6 278
6 301
6 307
6 317
6 323
6 324
6 327
6 371
6 373
6 409
6 410
6 490
6 503
6 554
6 570
6 571
6 590
7 9
7 10
7 11
7 13
7 14
7 20
7 22
7 23
7 27
7 28
7 29
7 33
7 39
7 55
7 67
7 81
7 82
7 85
7 89
7 94
7 112
7 116
7 126
7 134
7 146
7 161
7 175
7 191
7 202
7 209
7 211
7 216
7 219
7 223
7 242
7 270
7 283
7 297
7 298
7 304
7 320
7 360
7 361
7 407
7 413
7 425
7 480
7 498
7 521
7 536
7 545
7 552
7 571
7 585
8 9
8 10
8 11
8 13
8 18
8 20
8 28
8 34
8 51
8 65
8 71
8 78
8 87
8 93
8 100
8 103
8 118
8 128
8 175
8 220
8 266
8 302
8 304
8 317
8 327
8 367
8 370
8 387
8 440
8 477
8 511
8 534
8 566
9 10
9 11
9 12
9 13
9 14
9 15
9 16
9 17
9 18
9 20
9 21
9 27
9 29
9 34
9 37
9 38
9 40
9 43
9 51
9 57
9 59
9 62
9 72
9 74
9 76
9 78
9 89
9 93
9 95
9 106
9 110
9 112
9 114
9 119
9 120
9 123
9 129
9 133
9 153
9 171
9 181
9 182
9 185
9 194
9 201
9 202
9 213
9 232
9 247
9 263
9 276
9 279
9 281
9 287
9 294
9 296
9 307
9 310
9 326
9 341
9 379
9 382
9 427
9 430
9 454
9 488
9 496
9 516
9 541
9 545
9 581
10 11
10 12
10 13
10 17
10 22
10 24
10 28
10 31
10 32
10 35
10 36
10 38
10 42
10 43
10 44
10 45
10 46
10 47
10 49
10 50
10 60
10 68
10 69
10 79
10 83
10 84
10 86
10 88
10 89
10 104
10 109
10 110
10 123
10 125
10 126
10 127
10 142
10 147
10 157
10 173
10 174
10 182
10 183
10 196
10 198
10 222
10 225
10 245
10 249
10 256
10 260
10 312
10 316
10 332
10 337
10 381
10 394
10 408
10 413
10 416
10 417
10 420
10 430
10 432
10 439
10 443
10 447
10 448
10 468
10 480
10 487
10 501
10 506
10 509
10 516
10 522
10 527
10 538
10 557
10 572
10 576
11 12
11 14
11 15
11 17
11 18
11 19
11 21
11 22
11 23
11 24
11 25
11 26
11 30
11 36
11 38
11 47
11 58
11 60
11 69
11 82
11 85
11 90
11 91
11 102
11 124
11 126
11 159
11 165
11 170
11 183
11 187
11 190
11 193
11 198
11 212
11 218
11 226
11 232
11 243
11 248
11 251
11 254
11 256
11 258
11 265
11 277
11 290
11 291
11 297
11 317
11 364
11 371
11 374
11 390
11 392
11 398
11 415
11 418
11 419
11 444
11 446
11 456
11 476
11 479
11 488
11 502
11 574
12 13
12 15
12 16
12 18
12 20
12 22
12 26
12 27
12 30
12 34
12 36
12 42
12 44
12 46
12 60
12 63
12 72
12 75
12 83
12 84
12 89
12 93
12 94
12 101
12 110
12 121
12 132
12 135
12 145
12 153
12 164
12 165
12 167
12 171
12 186
12 200
12 224
12 238
12 266
12 272
12 295
12 310
12 318
12 342
12 347
12 353
12 372
12 382
12 384
12 392
12 401
12 413
12 425
12 455
12 465
12 500
12 513
12 520
12 553
12 569
12 573
12 584
13 14
13 15
13 16
13 18
13 20
13 24
13 25
13 29
13 32
13 36
13 38
13 41
13 44
13 47
13 51
13 54
13 55
13 66
13 71
13 74
13 79
13 84
13 90
13 97
13 105
13 111
13 115
13 137
13 151
13 157
13 163
13 173
13 181
13 184
13 208
13 210
13 219
13 237
13 240
13 243
13 255
13 264
13 275
13 304
13 319
13 324
13 332
13 334
13 369
13 375
13 383
13 392
13 407
13 411
13 417
13 421
13 434
13 438
13 458
13 463
13 479
13 480
13 508
13 516
13 531
13 536
13 539
13 548
13 552
13 553
13 559
13 563
13 564
13 588
14 15
14 16
14 19
14 20
14 21
14 23
14 25
14 26
14 30
14 32
14 33
14 34
14 35
14 39
14 40
14 43
14 48
14 51
14 52
14 57
14 64
14 71
14 72
14 73
14 76
14 77
14 79
14 83
14 84
14 91
14 101
14 105
14 106
14 118
14 143
14 147
14 151
14 163
14 166
14 181
14 185
14 186
14 189
14 190
14 198
14 210
14 212
14 216
14 218
14 223
14 232
14 242
14 243
14 256
14 262
14 265
14 272
14 286
14 301
14 302
14 319
14 327
14 333
14 339
14 350
14 351
14 361
14 365
14 380
14 426
14 450
14 466
14 481
14 493
14 494
14 495
14 504
14 506
14 512
14 515
14 526
14 542
14 563
14 581
15 17
15 18
15 30
15 31
15 33
15 36
15 40
15 41
15 57
15 61
15 77
15 90
15 96
15 102
15 122
15 132
15 133
15 157
15 160
15 161
15 190
15 194
15 230
15 233
15 235
15 251
15 276
15 334
15 344
15 364
15 369
15 393
15 415
15 440
15 445
15 455
15 489
15 522
15 525
15 570
16 17
16 19
16 23
16 40
16 46
16 48
16 58
16 61
16 92
16 94
16 99
16 105
16 118
16 175
16 209
16 227
16 234
16 244
16 274
16 307
16 321
16 360
16 364
16 386
16 419
16 420
16 483
16 484
16 527
16 528
16 552
16 576
16 579
17 18
17 19
17 31
17 32
17 38
17 42
17 52
17 56
17 57
17 69
17 72
17 74
17 85
17 107
17 112
17 114
17 135
17 155
17 156
17 162
17 218
17 220
17 226
17 227
17 237
17 243
17 256
17 266
17 280
17 282
17 305
17 307
17 319
17 384
17 432
17 460
17 474
17 531
17 547
17 551
17 557
17 569
18 19
18 28
18 31
18 35
18 37
18 41
18 44
18 56
18 57
18 63
18 67
18 73
18 79
18 88
18 97
18 98
18 99
18 106
18 131
18 145
18 148
18 149
18 151
18 152
18 165
18 178
18 182
18 187
18 189
18 252
18 286
18 294
18 296
18 306
18 325
18 338
18 343
18 344
18 363
18 393
18 397
18 431
18 432
18 443
18 446
18 457
18 466
18 476
18 477
18 528
18 561
18 580
19 21
19 22
19 23
19 24
19 26
19 30
19 32
19 37
19 39
19 50
19 63
19 74
19 79
19 84
19 85
19 86
19 99
19 126
19 134
19 139
19 148
19 149
19 162
19 171
19 176
19 178
19 186
19 188
19 194
19 213
19 221
19 228
19 231
19 238
19 240
19 241
19 251
19 284
19 288
19 307
19 317
19 324
19 326
19 328
19 337
19 373
19 410
19 415
19 422
19 423
19 434
19 443
19 451
19 457
19 471
19 488
19 505
19 523
20 21
20 27
20 28
20 30
20 32
20 33
20 37
20 50
20 53
20 54
20 58
20 59
20 62
20 63
20 71
20 74
20 83
20 84
20 97
20 99
20 107
20 108
20 110
20 114
20 116
20 123
20 133
20 138
20 146
20 150
20 152
20 163
20 165
20 166
20 172
20 176
20 177
20 178
20 187
20 191
20 202
20 203
20 228
20 237
20 239
20 245
20 254
20 284
20 289
20 306
20 308
20 318
20 333
20 350
20 352
20 355
20 361
20 362
20 365
20 381
20 403
20 414
20 429
20 452
20 454
20 456
20 469
20 474
20 489
20 503
20 505
20 520
20 521
20 524
20 551
20 561
20 577
20 581
20 588
21 22
21 23
21 31
21 32
21 35
21 36
21 38
21 39
21 41
21 49
21 52
21 59
21 65
21 73
21 79
21 84
21 91
21 95
21 98
21 100
21 102
21 103
21 109
21 111
21 113
21 115
21 119
21 122
21 130
21 132
21 139
21 140
21 145
21 156
21 157
21 158
21 175
21 182
21 190
21 196
21 201
21 212
21 219
21 220
21 223
21 233
21 252
21 261
21 262
21 275
21 280
21 283
21 289
21 295
21 310
21 311
21 313
21 331
21 341
21 343
21 349
21 360
21 372
21 396
21 402
21 435
21 437
21 467
21 477
21 504
21 518
21 530
22 24
22 34
22 38
22 40
22 41
22 45
22 55
22 68
22 80
22 87
22 89
22 98
22 101
22 107
22 143
22 150
22 160
22 167
22 177
22 179
22 189
22 202
22 204
22 212
22 224
22 227
22 234
22 247
22 267
22 291
22 293
22 312
22 316
22 321
22 352
22 362
22 363
22 371
22 410
22 418
22 459
22 479
22 482
22 492
22 515
23 28
23 39
23 42
23 47
23 48
23 54
23 64
23 66
23 67
23 78
23 79
23 80
23 82
23 92
23 103
23 117
23 130
23 191
23 266
23 274
23 305
23 310
23 342
23 352
23 375
23 391
23 434
23 445
23 460
23 476
23 492
23 496
23 507
23 511
23 590
24 26
24 29
24 49
24 54
24 56
24 57
24 63
24 70
24 84
24 92
24 101
24 118
24 167
24 170
24 179
24 180
24 198
24 204
24 223
24 240
24 280
24 293
24 308
24 321
24 326
24 329
24 333
24 334
24 407
24 431
24 465
24 473
24 493
24 526
24 550
24 559
24 578
25 28
25 39
25 43
25 45
25 46
25 85
25 91
25 95
25 98
25 100
25 114
25 136
25 208
25 305
25 306
25 313
25 318
25 339
25 341
25 344
25 393
25 422
25 434
25 441
25 451
25 457
25 493
25 500
25 514
25 524
25 532
25 545
25 574
25 583
25 587
26 29
26 62
26 105
26 108
26 117
26 122
26 127
26 133
26 146
26 185
26 232
26 258
26 303
26 349
26 412
26 435
26 448
26 479
26 534
26 546
27 33
27 34
27 37
27 39
27 49
27 53
27 56
27 61
27 67
27 105
27 108
27 109
27 116
27 122
27 133
27 143
27 148
27 171
27 172
27 192
27 207
27 215
27 226
27 238
27 246
27 248
27 252
27 254
27 261
27 282
27 293
27 299
27 314
27 317
27 363
27 387
27 390
27 400
27 459
27 477
27 483
27 491
27 547
27 558
27 563
27 576
27 579
27 586
28 29
28 33
28 35
28 36
28 37
28 40
28 41
28 49
28 53
28 54
28 56
28 67
28 75
28 102
28 104
28 105
28 117
28 119
28 121
28 131
28 142
28 144
28 156
28 159
28 195
28 209
28 224
28 233
28 239
28 258
28 312
28 330
28 389
28 507
28 518
28 529
28 550
28 555
28 556
28 578
29 35
29 39
29 58
29 61
29 66
29 71
29 80
29 88
29 90
29 93
29 95
29 98
29 99
29 104
29 113
29 116
29 129
29 227
29 239
29 245
29 249
29 250
29 270
29 288
29 334
29 339
29 359
29 376
29 380
29 390
29 404
29 422
29 448
29 483
29 509
29 571
30 31
30 32
30 45
30 64
30 65
30 66
30 72
30 76
30 77
30 82
30 124
30 168
30 207
30 217
30 235
30 244
30 276
30 291
30 299
30 329
30 386
30 395
30 410
30 427
31 36
31 52
31 113
31 120
31 166
31 190
31 207
31 221
31 329
31 377
31 408
31 523
31 536
31 537
31 554
32 33
32 40
32 42
32 46
32 53
32 59
32 64
32 66
32 73
32 75
32 80
32 87
32 109
32 146
32 247
32 277
32 305
32 322
32 337
32 347
32 397
32 399
32 403
32 415
32 420
32 424
32 463
32 495
32 528
32 529
32 587
33 37
33 41
33 42
33 50
33 52
33 59
33 61
33 63
33 66
33 70
33 73
33 79
33 80
33 102
33 119
33 129
33 130
33 135
33 142
33 154
33 159
33 169
33 171
33 173
33 174
33 176
33 180
33 181
33 185
33 200
33 207
33 257
33 262
33 265
33 267
33 271
33 283
33 309
33 314
33 321
33 341
33 344
33 354
33 362
33 379
33 394
33 405
33 450
33 453
33 470
33 500
33 505
33 508
33 566
33 570
33 589
34 47
34 48
34 51
34 78
34 81
34 88
34 119
34 129
34 131
34 146
34 176
34 183
34 195
34 216
34 222
34 268
34 289
34 296
34 302
34 337
34 452
34 459
34 463
34 534
34 543
34 563
34 571
34 582
34 586
35 55
35 76
35 103
35 130
35 134
35 139
35 151
35 156
35 167
35 255
35 257
35 298
35 300
35 324
35 335
35 351
35 373
35 399
35 449
36 50
36 57
36 64
36 69
36 70
36 75
36 78
36 91
36 94
36 95
36 106
36 110
36 114
36 115
36 122
36 135
36 147
36 149
36 153
36 163
36 211
36 217
36 219
36 236
36 241
36 242
36 250
36 258
36 261
36 285
36 286
36 328
36 397
36 446
36 454
36 470
36 481
36 507
36 519
36 527
36 535
36 546
37 38
37 40
37 43
37 45
37 54
37 58
37 67
37 73
37 78
37 88
37 89
37 100
37 102
37 104
37 108
37 109
37 118
37 132
37 150
37 160
37 181
37 183
37 220
37 223
37 251
37 252
37 278
37 283
37 295
37 299
37 314
37 332
37 336
37 338
37 344
37 376
37 569
37 571
37 583
37 586
38 60
38 74
38 81
38 144
38 145
38 167
38 196
38 236
38 259
38 269
38 292
38 344
38 349
38 353
38 361
38 369
38 372
38 374
38 381
38 427
38 429
38 524
39 44
39 45
39 51
39 54
39 59
39 63
39 75
39 117
39 121
39 195
39 196
39 206
39 251
39 257
39 263
39 279
39 394
39 427
39 433
39 442
39 447
39 480
39 502
39 566
40 46
40 48
40 55
40 58
40 65
40 68
40 80
40 90
40 98
40 103
40 111
40 142
40 149
40 160
40 165
40 166
40 184
40 191
40 215
40 230
40 253
40 272
40 314
40 318
40 339
40 341
40 348
40 359
40 390
40 396
40 409
40 413
40 436
40 474
40 496
40 504
40 518
40 536
40 553
40 560
41 49
41 53
41 55
41 68
41 70
41 74
41 75
41 87
41 96
41 97
41 101
41 155
41 191
41 195
41 203
41 231
41 237
41 252
41 255
41 259
41 305
41 327
41 340
41 352
41 358
41 392
41 404
41 437
41 440
41 471
41 489
41 499
41 551
42 52
42 68
42 76
42 77
42 88
42 123
42 148
42 149
42 192
42 233
42 239
42 266
42 372
43 46
43 86
43 101
43 135
43 214
43 224
43 273
43 278
43 362
43 390
43 438
43 439
43 501
44 45
44 51
44 72
44 95
44 105
44 108
44 111
44 113
44 128
44 131
44 139
44 170
44 179
44 192
44 254
44 268
44 300
44 303
44 338
44 339
44 366
44 377
44 384
44 406
44 407
44 409
44 418
44 451
44 470
44 474
44 489
44 499
44 504
44 518
44 544
44 548
44 570
45 47
45 48
45 50
45 59
45 65
45 83
45 159
45 168
45 213
45 217
45 222
45 232
45 235
45 278
45 382
45 436
45 460
45 478
45 530
45 542
46 60
46 62
46 87
46 88
46 119
46 130
46 139
46 147
46 164
46 174
46 212
46 245
46 271
46 295
46 313
46 415
46 437
46 476
46 480
46 585
47 48
47 52
47 53
47 56
47 64
47 67
47 68
47 82
47 106
47 116
47 124
47 144
47 146
47 148
47 158
47 167
47 172
47 190
47 199
47 204
47 215
47 296
47 300
47 306
47 324
47 331
47 351
47 365
47 433
47 437
47 452
47 461
47 540
48 72
48 75
48 93
48 97
48 111
48 153
48 170
48 315
48 387
48 414
48 558
49 64
49 89
49 97
49 102
49 145
49 152
49 158
49 164
49 199
49 210
49 221
49 231
49 246
49 249
49 267
49 270
49 273
49 316
49 331
49 371
49 433
49 448
49 471
49 503
50 53
50 61
50 71
50 74
50 92
50 93
50 96
50 103
50 117
50 124
50 128
50 155
50 205
50 206
50 209
50 226
50 233
50 291
50 302
50 340
50 376
50 426
50 439
50 441
50 447
50 463
50 464
50 489
50 530
50 564
50 578
51 60
51 66
51 69
51 82
51 86
51 90
51 91
51 96
51 152
51 155
51 156
51 159
51 184
51 195
51 212
51 245
51 255
51 257
51 262
51 281
51 292
51 300
51 314
51 345
51 349
51 398
51 424
51 436
51 440
51 461
51 469
51 581
52 72
52 78
52 107
52 121
52 142
52 145
52 171
52 173
52 236
52 246
52 253
52 282
52 294
52 297
52 303
52 332
52 388
52 394
52 405
52 446
52 462
52 493
52 544
53 55
53 83
53 94
53 99
53 136
53 178
53 204
53 206
53 228
53 229
53 248
53 272
53 283
53 312
53 327
53 330
53 352
53 367
53 378
53 381
53 421
53 427
53 488
53 552
53 563
54 69
54 83
54 109
54 251
54 425
54 473
54 554
55 86
55 107
55 216
55 456
55 525
56 75
56 111
56 384
56 389
56 538
57 60
57 61
57 62
57 80
57 82
57 94
57 101
57 103
57 120
57 127
57 131
57 136
57 154
57 160
57 173
57 178
57 192
57 199
57 208
57 211
57 227
57 258
57 264
57 269
57 273
57 290
57 297
57 326
57 356
57 445
57 456
57 463
57 501
57 520
57 540
58 61
58 77
58 111
58 115
58 127
58 137
58 141
58 144
58 154
58 162
58 175
58 184
58 224
58 339
58 422
58 463
58 497
58 525
58 552
58 567
58 588
58 590
59 76
59 81
59 98
59 117
59 121
59 239
59 273
59 297
59 298
59 352
59 362
59 416
59 428
59 503
60 67
60 118
60 128
60 136
60 169
60 208
60 211
60 243
60 264
60 350
60 386
60 521
60 526
60 527
60 532
60 553
60 573
60 582
61 76
61 87
61 102
61 104
61 119
61 123
61 125
61 127
61 156
61 172
61 183
61 185
61 192
61 200
61 205
61 229
61 255
61 261
61 285
61 310
61 353
61 360
61 363
61 373
61 382
61 391
61 411
61 413
61 416
61 433
61 455
61 459
61 468
61 482
61 483
61 496
61 546
61 565
61 569
61 580
62 70
62 76
62 87
62 94
62 103
62 107
62 110
62 117
62 126
62 127
62 129
62 140
62 147
62 165
62 168
62 187
62 195
62 212
62 214
62 218
62 225
62 244
62 266
62 267
62 277
62 302
62 304
62 319
62 333
62 385
62 407
62 433
62 458
62 490
62 498
62 506
62 522
62 533
62 550
63 214
63 226
63 297
63 332
63 433
64 65
64 81
64 104
64 121
64 138
64 208
64 311
64 314
64 343
64 375
64 461
64 463
64 473
64 531
64 543
64 556
65 194
65 278
65 332
65 370
65 373
65 392
65 492
65 537
66 156
66 173
66 200
66 208
66 323
66 429
66 444
66 446
66 453
66 458
66 551
66 572
66 577
67 70
67 73
67 94
67 95
67 108
67 114
67 129
67 140
67 153
67 241
67 368
67 377
67 482
67 504
67 509
67 555
68 77
68 106
68 108
68 114
68 140
68 158
68 172
68 176
68 264
68 268
68 308
68 330
68 358
68 430
68 510
68 526
68 564
69 81
69 112
69 124
69 127
69 142
69 148
69 155
69 166
69 168
69 174
69 231
69 238
69 245
69 301
69 333
69 366
69 390
69 431
69 469
69 478
69 528
69 539
69 557
69 573
69 589
70 87
70 100
70 115
70 173
70 177
70 182
70 193
70 293
70 298
70 299
70 323
70 347
70 348
70 362
70 394
70 444
70 511
70 569
70 581
71 82
71 116
71 130
71 140
71 187
71 193
71 196
71 213
71 266
71 269
71 305
71 308
71 312
71 327
71 378
71 400
71 417
71 479
71 485
71 512
71 535
71 575
72 96
72 117
72 152
72 162
72 164
72 225
72 314
72 349
72 383
72 511
73 80
73 86
73 165
73 170
73 187
73 222
73 257
73 282
73 317
73 335
73 349
73 378
73 396
73 421
73 425
73 433
73 469
73 569
74 110
74 148
74 158
74 203
74 232
74 264
74 278
74 364
74 376
74 405
74 408
74 412
74 475
75 85
75 90
75 100
75 159
75 257
75 296
75 312
75 572
76 134
76 145
76 166
76 315
76 328
76 354
76 418
76 508
76 585
76 591
77 121
77 204
77 244
77 296
77 514
78 112
78 164
78 176
78 185
78 186
78 222
78 241
78 242
78 264
78 281
78 330
78 344
78 379
78 386
78 489
78 534
79 88
79 91
79 92
79 96
79 112
79 134
79 151
79 196
79 211
79 220
79 261
79 302
79 309
79 365
79 387
79 457
79 498
79 565
80 86
80 92
80 104
80 151
80 369
80 390
80 412
80 426
80 547
81 100
81 113
81 120
81 147
81 158
81 159
81 188
81 198
81 204
81 223
81 258
81 279
81 288
81 351
81 376
81 448
81 497
81 502
81 509
81 523
81 530
81 561
81 582
82 114
82 143
82 148
82 200
82 238
82 249
82 255
82 303
82 329
82 365
82 374
82 426
83 112
83 132
83 139
83 142
83 158
83 197
83 229
83 257
83 264
83 282
83 317
83 405
83 409
83 523
83 583
84 97
84 113
84 174
84 203
84 208
84 252
84 264
84 336
84 420
84 513
84 546
84 586
85 89
85 104
85 151
85 154
85 193
85 205
85 228
85 241
85 276
85 342
85 357
85 379
85 396
85 400
85 467
85 470
85 483
86 106
86 136
86 143
86 153
86 176
86 180
86 201
86 253
86 265
86 272
86 275
86 305
86 346
86 509
86 576
87 100
87 118
87 120
87 123
87 125
87 137
87 157
87 209
87 285
87 346
87 383
87 443
87 466
87 475
87 500
88 96
88 132
88 133
88 202
88 239
88 295
88 360
88 395
88 408
88 420
88 537
89 110
89 381
89 428
89 453
89 483
89 504
89 550
89 588
90 144
90 157
90 183
90 239
90 244
90 279
90 289
90 358
90 383
90 395
90 423
90 488
90 517
90 525
90 541
90 558
90 567
91 169
91 220
91 235
91 247
91 353
91 369
91 498
91 528
92 93
92 95
92 118
92 125
92 134
92 161
92 172
92 197
92 236
92 265
92 283
92 417
92 419
92 448
92 469
92 581
93 113
93 179
93 221
93 272
93 287
93 371
93 397
93 399
93 486
93 530
93 558
94 115
94 127
94 146
94 161
94 164
94 168
94 179
94 181
94 188
94 234
94 258
94 300
94 311
94 316
94 320
94 388
94 412
94 421
94 424
94 466
94 470
94 494
94 538
94 551
95 97
95 141
95 231
95 454
95 516
95 517
96 119
96 149
96 209
96 270
96 294
96 322
96 325
96 346
96 375
96 455
96 481
96 514
96 522
97 124
97 125
97 224
97 240
97 260
97 284
97 344
97 439
97 447
97 471
97 552
97 583
97 585
98 99
98 131
98 137
98 193
98 227
98 268
98 306
98 325
98 326
98 335
98 376
98 416
98 424
98 461
98 471
98 538
98 558
99 111
99 120
99 135
99 172
99 175
99 182
99 197
99 248
99 253
99 267
99 275
99 297
99 357
99 389
99 394
99 402
99 404
99 435
99 474
99 487
99 515
99 539
99 559
99 568
99 575
100 136
100 138
100 162
100 167
100 175
100 197
100 198
100 199
100 224
100 271
100 272
100 378
100 466
100 495
100 521
100 540
100 574
101 116
101 123
101 128
101 166
101 199
101 230
101 238
101 357
101 416
101 460
101 462
101 477
101 546
102 105
102 124
102 183
102 248
102 268
102 304
102 309
102 438
102 473
102 525
102 548
103 161
103 174
103 205
103 216
103 389
103 464
103 471
103 534
104 162
104 303
104 309
104 347
104 402
104 452
104 462
104 468
104 486
104 487
105 109
105 113
105 134
105 174
105 217
105 230
105 281
105 315
105 330
105 334
105 355
105 393
106 120
106 136
106 143
106 177
106 323
106 335
106 379
106 412
106 425
107 126
107 141
107 146
107 147
107 150
107 157
107 185
107 194
107 225
107 232
107 256
107 260
107 320
107 350
107 353
107 356
107 395
107 445
107 462
107 507
107 513
107 544
108 132
108 135
108 169
108 181
108 182
108 187
108 254
108 260
108 271
108 290
108 342
108 345
108 385
108 409
108 439
108 458
108 502
108 591
109 123
109 143
109 163
109 168
109 188
109 203
109 222
109 233
109 238
109 301
109 302
109 368
109 486
109 494
109 521
109 557
109 565
109 585
110 125
110 126
110 154
110 189
110 396
110 420
110 554
111 184
111 218
111 234
111 240
111 241
111 347
111 363
111 491
111 502
111 504
111 569
112 129
112 138
112 171
112 180
112 203
112 280
112 306
112 336
112 380
112 408
112 426
112 534
113 130
113 141
113 313
113 357
114 133
114 218
114 270
114 277
114 311
114 326
114 337
114 361
114 467
114 487
114 505
114 562
114 586
115 156
115 189
115 191
115 206
115 226
115 281
115 295
115 366
115 378
115 444
115 533
115 545
116 177
116 247
116 250
116 439
117 134
117 178
117 221
117 231
117 260
117 322
117 386
117 478
117 483
117 520
118 121
118 178
118 192
118 205
118 269
118 301
118 331
118 532
119 149
119 154
119 186
119 233
119 234
119 410
120 125
120 137
120 150
120 155
120 167
120 169
120 194
120 224
120 248
120 284
120 321
120 399
120 400
120 452
120 482
120 486
120 539
120 571
120 584
121 124
121 213
121 229
121 246
121 250
121 269
121 287
121 337
121 442
121 453
121 461
121 515
121 549
122 203
122 342
122 375
122 443
122 454
123 154
123 180
123 207
123 283
123 308
123 353
123 369
123 375
123 386
124 126
124 138
124 164
124 279
124 403
124 459
124 497
124 553
125 128
125 137
125 163
125 248
125 271
125 287
125 424
125 475
125 520
125 559
126 130
126 140
126 206
126 230
126 285
126 321
126 322
126 342
126 365
126 368
126 392
126 447
126 478
127 137
127 141
127 288
127 465
128 138
128 149
128 150
128 163
128 168
128 210
128 221
128 223
128 263
128 290
128 292
128 365
128 375
128 435
128 458
128 510
128 538
129 138
129 201
129 296
129 310
129 351
129 408
129 491
129 496
129 585
130 225
130 234
130 267
130 409
130 562
131 207
131 213
131 228
131 452
131 504
131 514
131 529
132 144
132 195
132 199
132 221
132 229
132 242
132 281
132 415
132 423
132 445
132 468
132 525
132 548
132 559
132 562
132 590
133 192
133 214
133 222
133 271
133 422
133 460
133 559
134 165
134 184
134 198
134 230
134 395
134 413
134 451
134 454
134 496
134 564
135 236
135 430
135 486
136 140
136 141
136 152
136 181
136 222
136 288
136 299
136 305
136 313
136 338
136 363
136 367
136 372
136 432
136 455
136 501
136 535
136 542
136 587
137 172
137 237
137 290
137 341
137 358
137 371
137 423
137 549
138 180
138 219
138 246
138 269
138 356
138 406
138 473
139 193
139 220
139 253
139 273
139 414
139 440
139 447
140 153
140 159
140 160
140 195
140 202
140 215
140 274
140 286
140 292
140 348
140 414
140 442
140 542
141 162
141 322
141 332
141 351
141 447
141 495
142 151
142 177
142 180
142 192
142 227
142 268
142 316
142 334
142 378
142 400
142 512
142 549
143 144
143 145
143 215
143 234
143 308
143 323
143 436
144 153
144 160
144 161
144 191
144 205
144 229
144 253
144 273
144 335
144 347
144 395
144 406
144 423
144 438
144 491
144 501
144 533
145 154
145 155
145 157
145 330
145 396
146 147
146 187
146 323
146 392
146 484
146 509
146 567
146 573
147 161
147 216
147 249
147 250
147 261
147 270
147 331
147 340
147 365
147 385
147 499
147 521
147 523
147 570
147 573
148 205
148 258
148 276
148 278
148 293
148 313
148 318
148 389
148 398
148 445
148 479
148 503
148 541
148 555
149 171
149 197
149 209
149 402
149 425
149 559
150 168
150 169
150 201
150 207
150 215
150 226
150 233
150 294
150 319
150 321
150 373
150 416
150 485
150 488
150 566
150 571
151 197
151 206
151 240
151 348
151 367
151 371
151 411
151 480
151 513
152 185
152 201
152 210
152 216
152 244
152 364
152 383
152 388
152 406
152 550
152 554
153 158
153 183
153 211
153 236
153 250
153 291
153 419
153 502
153 524
153 567
154 300
154 346
154 417
155 213
155 225
155 282
155 286
155 366
155 432
156 188
156 189
156 200
156 218
156 235
156 256
156 292
156 313
156 383
156 398
156 464
156 477
156 524
156 529
156 541
156 574
156 580
157 201
157 280
157 318
157 326
157 363
157 417
157 419
157 421
157 529
157 532
157 568
158 160
158 246
158 251
158 253
158 288
158 307
158 340
158 364
158 432
158 513
158 521
159 211
159 244
159 356
159 401
159 423
159 458
159 482
159 549
159 578
160 197
160 214
160 247
160 249
160 354
160 359
160 460
160 468
160 482
160 524
161 182
161 416
161 485
162 170
162 184
162 261
162 321
162 486
163 169
163 230
163 260
163 269
163 306
163 328
163 387
163 478
163 567
164 358
164 472
164 536
164 581
165 238
165 295
165 345
165 441
165 521
165 542
165 574
166 223
166 301
166 444
166 490
166 535
167 175
167 184
167 285
167 290
167 382
167 401
167 491
167 492
168 278
168 336
168 385
168 391
168 461
169 325
169 404
169 413
170 173
170 246
170 299
170 336
170 391
170 462
170 539
171 193
171 228
171 240
171 263
171 340
171 352
171 355
171 377
171 446
171 480
171 490
171 536
172 174
172 198
172 206
172 217
172 274
172 291
172 425
172 429
172 507
173 177
173 188
173 240
173 279
173 308
173 348
173 370
173 393
173 582
174 260
174 314
174 348
174 385
174 387
174 557
175 188
175 235
175 256
175 429
175 452
175 463
176 199
176 202
176 257
176 309
176 396
176 406
176 435
176 476
176 486
176 495
176 518
177 208
177 237
177 275
177 297
177 403
177 465
178 189
178 210
178 219
178 277
178 303
178 453
178 478
178 506
178 512
178 548
178 579
178 588
179 180
179 200
179 221
179 350
179 426
179 444
180 204
180 214
180 259
180 291
180 322
180 384
180 450
180 578
181 273
181 275
181 413
181 443
181 455
182 217
182 242
182 263
182 287
182 354
182 374
182 400
182 419
182 438
182 484
182 493
182 495
182 506
182 566
183 311
183 343
183 403
183 449
183 453
183 457
184 262
184 320
184 322
184 403
184 476
184 534
185 302
185 309
185 350
185 422
185 585
186 191
186 246
186 334
186 419
186 485
186 562
187 273
187 343
187 398
187 437
188 303
188 340
189 190
189 277
189 298
189 319
190 194
190 428
190 436
190 482
190 518
190 539
190 554
191 214
191 271
191 293
191 397
191 451
191 530
192 280
192 286
192 349
192 435
192 458
192 479
192 512
193 242
193 259
193 280
193 327
193 577
194 219
194 352
194 399
194 499
194 559
195 219
195 235
195 265
195 338
195 366
195 464
195 475
195 520
195 528
195 577
196 203
196 210
196 274
196 316
196 399
196 408
196 457
196 544
197 202
197 339
197 513
197 526
197 577
198 348
198 400
198 429
198 431
198 477
198 564
199 216
199 411
199 441
200 205
200 215
200 217
200 340
200 375
200 418
200 517
201 359
201 438
202 231
202 265
202 285
202 328
202 335
202 380
202 405
202 481
203 261
203 267
203 270
203 378
204 241
204 268
204 279
204 300
204 359
204 370
204 475
204 537
205 360
205 380
205 467
205 554
206 572
207 285
207 291
207 436
207 533
207 556
208 217
208 243
208 265
208 270
208 293
208 303
208 316
208 323
208 379
208 381
209 218
209 236
209 275
209 276
209 358
209 361
209 364
209 370
209 377
209 398
209 419
209 421
209 441
209 510
209 535
209 583
210 309
210 328
210 358
210 499
210 517
210 572
211 355
211 391
211 442
211 514
212 287
213 428
214 215
214 250
214 389
214 402
214 423
214 445
214 455
214 527
215 393
216 228
216 252
216 393
216 408
216 568
217 269
217 286
217 589
218 225
218 309
218 366
218 442
219 230
219 254
219 534
219 549
220 271
220 292
220 355
220 444
220 459
220 481
220 508
220 591
221 336
221 405
221 430
222 490
222 498
222 539
223 231
223 237
223 245
223 307
223 367
223 446
223 449
223 544
224 281
224 288
224 376
224 383
224 397
224 473
224 479
224 497
224 519
224 523
225 362
225 368
225 407
225 414
225 490
226 338
226 452
227 236
227 263
227 294
227 312
227 323
227 345
227 347
227 373
227 398
227 415
227 440
227 456
228 234
228 242
228 412
228 514
229 244
229 254
229 368
229 467
229 503
230 267
230 369
230 370
231 248
231 250
231 313
231 386
231 410
231 529
231 546
231 584
232 325
232 481
232 505
232 510
232 579
233 318
233 487
234 249
234 260
234 345
234 382
234 399
234 411
234 437
234 494
234 574
234 583
235 307
235 421
236 259
236 432
236 468
236 514
236 538
236 550
237 336
237 450
237 505
237 573
238 277
238 401
239 266
239 304
239 585
240 284
240 406
240 451
240 508
241 247
241 330
241 359
241 530
241 538
242 324
242 359
242 385
242 516
242 543
242 570
243 515
244 274
244 403
244 471
244 515
244 555
245 262
245 284
245 315
245 334
245 391
245 519
246 449
247 342
247 431
247 445
247 549
248 255
248 428
248 434
248 520
248 527
248 532
249 552
250 275
250 389
250 464
251 268
251 289
251 495
252 287
252 294
252 326
252 401
252 507
252 515
253 259
253 280
253 324
253 470
253 493
253 495
254 262
254 331
254 355
254 438
254 456
254 527
254 543
255 279
255 481
256 368
256 389
256 472
257 283
257 497
257 557
257 574
258 281
258 360
258 380
258 574
259 331
259 380
259 561
259 580
259 584
260 311
260 317
260 368
260 388
260 456
260 487
260 575
261 308
261 568
262 263
262 464
262 494
263 282
264 277
264 319
264 350
264 357
264 425
265 298
265 316
265 355
267 296
267 311
267 356
268 285
268 315
268 368
269 315
269 394
270 288
270 578
271 402
271 404
271 407
271 454
271 536
271 558
272 378
272 497
273 354
273 397
273 522
274 338
274 359
274 505
275 346
275 370
275 379
275 512
276 333
276 511
276 560
276 588
277 289
277 575
278 299
278 335
278 384
278 462
278 524
278 529
278 557
278 584
279 315
279 412
279 426
279 519
279 532
280 301
280 318
280 341
280 434
281 480
281 519
281 526
281 531
282 289
282 477
282 490
282 498
282 528
283 333
283 346
283 441
283 496
284 292
284 338
284 356
284 384
284 405
284 506
285 320
285 322
285 324
285 401
286 299
286 391
287 439
287 447
287 572
288 300
288 424
288 427
288 481
288 549
288 568
288 580
289 298
289 343
290 508
293 464
293 494
294 354
294 446
294 553
295 310
295 418
295 461
296 304
296 414
296 469
296 509
297 320
297 330
297 335
297 373
297 424
297 474
297 548
298 301
298 337
298 381
298 489
298 500
299 329
299 358
300 310
300 320
300 329
300 360
300 369
300 370
300 372
300 471
300 498
300 533
300 550
302 339
302 393
302 411
303 406
303 459
304 325
304 342
304 431
304 508
305 457
305 507
305 591
306 315
306 437
306 484
306 562
306 571
307 350
307 396
307 470
307 497
309 587
309 589
310 377
310 385
311 345
311 402
311 541
312 366
312 500
313 551
314 385
314 386
314 422
314 426
314 556
315 353
315 355
315 405
315 564
316 371
316 376
317 337
317 428
318 357
318 382
318 560
319 395
319 402
319 461
319 547
319 555
320 388
320 542
320 582
321 336
321 415
321 484
321 499
322 351
322 442
322 564
323 398
323 510
325 329
325 587
326 354
326 403
326 404
326 412
326 431
326 491
326 494
327 346
327 367
327 416
327 449
327 460
327 499
327 537
327 564
328 556
329 374
329 475
329 517
329 543
331 356
331 411
331 562
333 346
333 379
333 493
335 343
335 576
335 589
336 436
336 462
337 377
337 443
337 478
338 531
339 374
339 528
340 406
340 488
341 465
341 469
342 345
342 353
342 391
342 431
342 510
342 512
342 531
342 589
343 362
343 482
343 517
343 566
344 409
344 591
345 382
346 381
346 418
346 517
346 543
347 435
347 443
347 542
350 501
351 410
351 539
351 545
351 579
351 582
352 361
352 383
352 558
353 545
354 533
354 548
354 587
355 456
355 457
355 561
356 489
357 374
358 417
358 462
358 486
360 377
360 392
360 428
360 570
361 450
361 473
361 575
362 448
362 536
363 417
363 466
364 387
365 435
365 535
366 374
366 442
367 444
367 543
367 573
369 498
370 449
370 511
371 372
371 414
371 427
371 484
372 474
372 475
373 401
373 472
373 533
373 546
373 587
374 395
374 410
376 390
376 527
377 424
377 429
378 454
378 572
379 407
379 474
379 492
379 522
380 434
380 438
381 399
381 519
382 428
383 388
383 430
383 569
384 423
384 466
384 516
385 442
385 490
386 387
386 510
387 430
387 459
387 469
387 506
387 540
387 572
387 579
388 440
389 427
389 485
390 465
390 472
390 487
390 543
391 422
391 448
391 453
391 514
393 478
395 404
395 432
396 400
396 441
396 544
397 578
398 467
398 492
398 588
399 473
400 433
400 472
400 567
401 492
401 573
403 488
403 557
404 523
404 529
404 541
404 545
405 556
407 429
408 449
409 547
410 468
411 418
412 465
413 464
413 497
415 566
416 470
417 449
418 472
418 511
418 586
420 450
421 513
422 437
422 522
423 436
423 526
423 579
424 507
424 582
425 538
425 546
425 568
425 577
428 441
428 544
429 520
430 455
430 550
433 467
433 584
435 547
435 575
436 554
437 532
437 580
437 586
438 485
438 537
439 530
439 547
439 567
440 491
440 580
443 533
444 485
444 549
446 450
449 492
449 516
449 565
450 506
451 491
451 494
451 556
453 458
453 582
454 466
455 496
455 508
455 519
455 525
457 484
457 576
458 460
458 540
459 563
462 493
462 499
462 522
462 552
462 579
462 583
463 472
463 570
464 503
464 548
466 544
467 531
470 509
470 524
470 578
470 583
472 575
473 475
473 561
475 535
475 555
475 560
477 537
477 590
478 576
479 512
480 502
482 515
482 518
484 526
484 540
490 525
492 587
494 561
497 532
497 567
503 523
503 591
504 560
508 565
509 565
510 517
510 531
511 519
512 565
514 560
516 541
516 591
518 537
519 568
520 575
526 581
530 555
532 560
533 590
533 591
537 540
539 580
540 584
542 558
542 566
546 555
552 553
552 577
559 584
564 586
573 590
