0 1
0 2
0 3
0 4
0 5
0 6
0 7
0 8
0 9
0 10
0 11
0 12
0 13
0 14
0 19
0 20
0 23
0 25
0 27
0 28
0 29
0 30
0 31
0 35
0 37
0 39
0 40
0 42
0 47
0 49
0 50
0 53
0 55
0 56
0 58
0 60
0 62
0 63
0 65
0 67
0 68
0 70
0 71
0 76
0 84
0 88
0 92
0 97
0 101
0 103
0 105
0 110
0 112
0 125
0 129
0 133
0 136
0 145
0 147
0 154
0 159
0 160
0 161
0 187
0 196
0 203
0 211
0 213
0 225
0 232
0 234
0 241
0 242
0 247
0 256
0 260
0 262
0 275
0 280
0 285
0 286
0 295
0 316
0 324
0 337
0 343
0 348
0 349
0 353
0 354
0 356
0 357
0 365
0 380
0 381
0 383
0 399
0 402
0 412
0 418
0 426
0 438
0 443
0 446
0 451
0 454
0 457
0 465
0 476
0 484
0 489
0 495
0 498
0 516
1 9
1 10
1 12
1 38
1 52
1 57
1 61
1 116
1 120
1 142
1 161
1 178
1 221
1 309
1 341
1 399
1 413
1 427
1 445
1 448
1 453
1 495
2 9
2 10
2 11
2 13
2 14
2 15
2 17
2 18
2 19
2 21
2 23
2 24
2 25
2 27
2 29
2 32
2 33
2 34
2 40
2 51
2 67
2 88
2 93
2 96
2 99
2 105
2 107
2 113
2 115
2 130
2 134
2 141
2 148
2 149
2 174
2 182
2 185
2 188
2 200
2 231
2 246
2 262
2 278
2 283
2 288
2 293
2 297
2 302
2 329
2 330
2 331
2 342
2 364
2 373
2 394
2 399
2 415
2 433
2 454
2 473
2 482
2 490
2 497
2 507
3 9
3 10
3 11
3 13
3 15
3 17
3 19
3 20
3 23
3 26
3 35
3 38
3 39
3 43
3 44
3 45
3 53
3 59
3 62
3 63
3 66
3 69
3 70
3 72
3 76
3 78
3 83
3 85
3 95
3 104
3 112
3 119
3 126
3 137
3 141
3 142
3 147
3 163
3 167
3 180
3 191
3 197
3 199
3 205
3 211
3 213
3 218
3 219
3 253
3 258
3 271
3 276
3 277
3 281
3 284
3 293
3 297
3 300
3 305
3 318
3 319
3 321
3 326
3 335
3 353
3 374
3 403
3 417
3 423
3 424
3 435
3 437
3 440
3 451
3 477
3 491
3 497
3 515
4 10
4 11
4 12
4 15
4 18
4 19
4 22
4 40
4 41
4 46
4 54
4 61
4 80
4 82
4 94
4 96
4 99
4 107
4 116
4 127
4 128
4 132
4 145
4 148
4 212
4 237
4 238
4 243
4 249
4 262
4 294
4 311
4 319
4 320
4 355
4 369
4 432
4 442
4 452
4 479
4 483
4 484
4 486
4 502
5 9
5 11
5 12
5 15
5 17
5 43
5 45
5 50
5 55
5 68
5 89
5 96
5 106
5 138
5 152
5 159
5 175
5 237
5 264
5 285
5 303
5 337
5 375
5 450
5 452
5 460
5 520
6 9
6 10
6 11
6 12
6 14
6 16
6 20
6 27
6 40
6 49
6 54
6 64
6 69
6 79
6 80
6 89
6 99
6 115
6 123
6 144
6 153
6 157
6 163
6 184
6 190
6 197
6 211
6 220
6 225
6 226
6 256
6 271
6 275
6 286
6 291
6 295
6 301
6 320
6 339
6 343
6 346
6 363
6 367
6 376
6 383
6 386
6 413
6 449
6 464
6 478
6 497
6 500
6 504
6 508
7 9
7 13
7 15
7 19
7 21
7 28
7 37
7 39
7 66
7 69
7 73
7 81
7 109
7 112
7 117
7 119
7 125
7 127
7 134
7 156
7 161
7 175
7 176
7 179
7 196
7 207
7 220
7 224
7 245
7 260
7 271
7 292
7 294
7 296
7 324
7 331
7 415
7 458
7 482
7 507
8 9
8 10
8 12
8 16
8 18
8 42
8 58
8 59
8 75
8 77
8 79
8 80
8 81
8 121
8 132
8 143
8 156
8 166
8 171
8 181
8 203
8 220
8 237
8 246
8 288
8 289
8 323
8 372
8 376
8 379
8 453
8 456
8 489
8 493
9 10
9 11
9 12
9 13
9 14
9 15
9 16
9 17
9 19
9 21
9 22
9 24
9 25
9 27
9 30
9 31
9 33
9 34
9 41
9 43
9 48
9 51
9 55
9 69
9 70
9 74
9 75
9 78
9 85
9 87
9 88
9 90
9 95
9 99
9 102
9 113
9 119
9 122
9 126
9 132
9 150
9 153
9 156
9 158
9 169
9 174
9 192
9 199
9 215
9 216
9 221
9 226
9 230
9 231
9 239
9 240
9 241
9 252
9 256
9 257
9 263
9 265
9 268
9 271
9 272
9 308
9 326
9 350
9 352
9 362
9 375
9 390
9 393
9 410
9 413
9 431
9 438
9 448
9 451
9 455
9 456
9 459
9 466
9 467
9 483
9 493
10 11
10 12
10 13
10 14
10 16
10 20
10 21
10 22
10 23
10 24
10 26
10 27
10 28
10 30
10 31
10 33
10 34
10 36
10 37
10 38
10 42
10 44
10 46
10 49
10 51
10 52
10 53
10 58
10 59
10 60
10 63
10 64
10 67
10 71
10 79
10 82
10 90
10 92
10 97
10 98
10 106
10 114
10 115
10 117
10 135
10 145
10 154
10 180
10 184
10 190
10 197
10 201
10 214
10 216
10 220
10 229
10 234
10 236
10 257
10 261
10 266
10 280
10 282
10 289
10 304
10 306
10 312
10 317
10 325
10 326
10 328
10 334
10 338
10 369
10 389
10 394
10 411
10 419
10 422
10 437
10 447
10 452
10 455
10 471
10 474
10 486
10 490
10 491
10 492
10 499
10 500
10 511
11 13
11 14
11 15
11 17
11 18
11 19
11 20
11 21
11 22
11 24
11 25
11 26
11 29
11 30
11 32
11 34
11 35
11 36
11 44
11 46
11 47
11 49
11 50
11 52
11 56
11 57
11 58
11 62
11 66
11 68
11 74
11 75
11 78
11 88
11 95
11 98
11 117
11 120
11 126
11 127
11 131
11 133
11 134
11 135
11 147
11 148
11 149
11 152
11 154
11 157
11 161
11 165
11 167
11 168
11 181
11 213
11 215
11 220
11 230
11 235
11 238
11 254
11 261
11 263
11 265
11 272
11 273
11 288
11 299
11 303
11 306
11 311
11 313
11 328
11 329
11 334
11 338
11 340
11 360
11 364
11 365
11 367
11 379
11 398
11 432
11 439
11 441
11 453
11 454
11 455
11 461
11 463
11 465
11 470
11 474
11 491
11 492
11 508
11 519
11 523
12 13
12 14
12 15
12 16
12 17
12 18
12 21
12 22
12 23
12 26
12 35
12 41
12 43
12 44
12 46
12 56
12 58
12 61
12 72
12 85
12 88
12 94
12 101
12 103
12 117
12 120
12 123
12 137
12 142
12 143
12 144
12 147
12 164
12 173
12 188
12 189
12 206
12 222
12 241
12 267
12 269
12 277
12 287
12 289
12 290
12 300
12 310
12 325
12 354
12 358
12 360
12 372
12 374
12 386
12 387
12 388
12 392
12 395
12 398
12 412
12 419
12 439
12 449
12 454
12 455
12 459
12 510
12 512
12 514
12 515
13 14
13 16
13 17
13 18
13 23
13 24
13 25
13 28
13 29
13 30
13 31
13 32
13 38
13 39
13 41
13 50
13 52
13 57
13 60
13 63
13 64
13 65
13 73
13 74
13 76
13 80
13 83
13 86
13 91
13 96
13 105
13 106
13 108
13 127
13 128
13 129
13 133
13 134
13 135
13 160
13 168
13 170
13 171
13 185
13 187
13 192
13 201
13 212
13 231
13 232
13 239
13 241
13 275
13 278
13 279
13 295
13 308
13 322
13 338
13 340
13 342
13 354
13 388
13 429
13 435
13 446
13 464
13 514
13 523
14 16
14 20
14 33
14 38
14 39
14 45
14 47
14 50
14 56
14 62
14 67
14 96
14 99
14 104
14 113
14 123
14 141
14 154
14 171
14 189
14 200
14 214
14 274
14 299
14 313
14 315
14 324
14 325
14 339
14 355
14 392
14 440
14 442
14 447
14 514
15 16
15 17
15 20
15 22
15 24
15 30
15 32
15 37
15 39
15 40
15 46
15 48
15 53
15 56
15 57
15 60
15 67
15 69
15 78
15 84
15 85
15 89
15 93
15 95
15 96
15 99
15 101
15 103
15 106
15 119
15 134
15 156
15 167
15 168
15 177
15 178
15 198
15 210
15 212
15 216
15 220
15 233
15 247
15 254
15 261
15 280
15 319
15 350
15 353
15 360
15 361
15 373
15 381
15 411
15 416
15 422
15 456
15 520
16 18
16 25
16 28
16 29
16 34
16 41
16 45
16 49
16 55
16 57
16 59
16 63
16 72
16 79
16 92
16 118
16 133
16 158
16 174
16 179
16 193
16 201
16 205
16 210
16 227
16 244
16 256
16 260
16 286
16 298
16 300
16 302
16 308
16 333
16 337
16 359
16 361
16 377
16 387
16 407
16 419
16 422
16 432
16 436
16 490
16 496
16 500
16 507
16 511
17 18
17 19
17 20
17 25
17 28
17 29
17 31
17 38
17 44
17 46
17 49
17 50
17 52
17 66
17 77
17 84
17 86
17 88
17 99
17 110
17 132
17 149
17 151
17 164
17 167
17 170
17 174
17 180
17 187
17 189
17 195
17 204
17 209
17 210
17 239
17 245
17 257
17 265
17 274
17 276
17 288
17 313
17 320
17 322
17 326
17 362
17 377
17 400
17 408
17 417
17 434
17 444
17 451
17 461
17 495
17 515
18 22
18 24
18 26
18 32
18 33
18 34
18 35
18 42
18 52
18 57
18 60
18 61
18 64
18 65
18 66
18 73
18 76
18 95
18 98
18 111
18 120
18 121
18 124
18 128
18 130
18 139
18 144
18 148
18 149
18 155
18 160
18 166
18 172
18 181
18 184
18 207
18 211
18 214
18 217
18 218
18 222
18 235
18 241
18 246
18 248
18 251
18 258
18 259
18 263
18 267
18 272
18 279
18 284
18 286
18 298
18 304
18 310
18 379
18 389
18 408
18 429
18 438
18 463
18 471
18 480
18 498
18 503
18 517
19 21
19 22
19 23
19 27
19 33
19 34
19 35
19 42
19 50
19 55
19 58
19 61
19 62
19 71
19 94
19 109
19 148
19 149
19 162
19 166
19 168
19 170
19 183
19 191
19 233
19 270
19 273
19 282
19 284
19 296
19 365
19 384
19 410
19 434
19 470
19 492
19 493
19 504
19 513
20 21
20 25
20 26
20 31
20 33
20 35
20 44
20 51
20 53
20 61
20 67
20 68
20 71
20 72
20 76
20 83
20 91
20 113
20 127
20 136
20 156
20 166
20 167
20 169
20 171
20 175
20 192
20 265
20 278
20 317
20 336
20 367
20 376
20 424
20 458
20 462
20 513
21 26
21 27
21 29
21 32
21 33
21 37
21 40
21 41
21 42
21 48
21 53
21 59
21 63
21 80
21 81
21 82
21 92
21 98
21 119
21 121
21 125
21 136
21 137
21 142
21 148
21 152
21 159
21 176
21 177
21 195
21 203
21 207
21 213
21 221
21 229
21 235
21 240
21 253
21 277
21 295
21 299
21 306
21 313
21 320
21 322
21 328
21 339
21 340
21 344
21 362
21 368
21 386
21 397
21 399
21 406
21 411
21 431
21 440
21 449
22 23
22 36
22 40
22 45
22 54
22 65
22 71
22 74
22 94
22 123
22 125
22 132
22 138
22 148
22 164
22 182
22 234
22 255
22 291
22 323
22 344
22 371
22 382
22 399
22 416
22 428
22 480
22 498
23 24
23 27
23 30
23 34
23 36
23 39
23 42
23 47
23 48
23 55
23 64
23 65
23 72
23 75
23 86
23 87
23 114
23 116
23 129
23 132
23 160
23 162
23 167
23 170
23 180
23 197
23 206
23 207
23 208
23 212
23 219
23 224
23 237
23 238
23 254
23 255
23 275
23 298
23 321
23 339
23 341
23 348
23 357
23 456
23 486
23 517
24 26
24 30
24 31
24 43
24 47
24 51
24 70
24 74
24 91
24 108
24 113
24 115
24 175
24 181
24 191
24 195
24 213
24 214
24 224
24 227
24 236
24 269
24 283
24 290
24 304
24 362
24 398
24 401
24 423
24 434
24 484
24 524
25 28
25 41
25 49
25 50
25 58
25 59
25 65
25 66
25 71
25 80
25 82
25 89
25 103
25 123
25 152
25 172
25 176
25 262
25 266
25 289
25 319
25 372
25 384
25 424
25 512
25 518
26 29
26 31
26 35
26 37
26 43
26 45
26 48
26 54
26 57
26 62
26 79
26 81
26 96
26 100
26 118
26 123
26 124
26 125
26 126
26 134
26 146
26 187
26 193
26 198
26 203
26 206
26 217
26 243
26 244
26 246
26 266
26 278
26 301
26 302
26 377
26 417
26 418
26 445
26 460
26 471
26 479
26 516
27 28
27 46
27 51
27 60
27 67
27 82
27 89
27 100
27 125
27 137
27 142
27 154
27 161
27 165
27 168
27 188
27 193
27 194
27 216
27 222
27 245
27 246
27 250
27 290
27 352
27 378
27 423
27 433
27 477
28 37
28 38
28 48
28 68
28 73
28 90
28 120
28 124
28 174
28 178
28 186
28 189
28 192
28 219
28 229
28 250
28 252
28 315
28 339
28 357
28 365
28 384
28 466
28 491
29 32
29 38
29 54
29 58
29 62
29 84
29 100
29 104
29 107
29 137
29 144
29 160
29 178
29 182
29 184
29 200
29 212
29 228
29 230
29 254
29 268
29 270
29 368
29 415
29 467
29 483
29 511
29 524
30 36
30 44
30 55
30 56
30 82
30 93
30 97
30 124
30 129
30 138
30 146
30 178
30 183
30 184
30 203
30 239
30 252
30 255
30 270
30 342
30 349
30 361
30 376
30 461
30 490
30 501
31 32
31 45
31 53
31 82
31 104
31 111
31 177
31 179
31 196
31 230
31 231
31 247
31 253
31 272
31 279
31 285
31 305
31 341
31 345
31 395
31 487
31 505
32 42
32 56
32 63
32 69
32 73
32 110
32 114
32 115
32 119
32 124
32 141
32 146
32 171
32 186
32 210
32 216
32 230
32 239
32 251
32 273
32 297
32 314
32 342
32 378
32 392
32 396
32 425
32 437
32 441
32 442
32 499
32 516
33 36
33 47
33 77
33 93
33 100
33 101
33 115
33 116
33 117
33 122
33 126
33 129
33 143
33 150
33 151
33 162
33 163
33 221
33 222
33 240
33 272
33 276
33 277
33 291
33 303
33 341
33 479
33 481
33 496
33 502
33 516
33 523
34 36
34 37
34 53
34 83
34 87
34 98
34 108
34 149
34 155
34 162
34 163
34 181
34 202
34 225
34 227
34 314
34 324
34 327
34 355
34 362
34 429
34 467
35 36
35 41
35 43
35 54
35 72
35 91
35 98
35 109
35 116
35 117
35 130
35 140
35 143
35 159
35 232
35 261
35 275
35 387
35 401
35 426
35 468
35 484
35 498
35 504
36 48
36 72
36 86
36 92
36 101
36 109
36 110
36 176
36 225
36 254
36 267
36 304
36 325
36 366
36 370
36 387
36 416
36 487
37 39
37 45
37 48
37 51
37 59
37 64
37 67
37 75
37 77
37 78
37 104
37 111
37 121
37 128
37 130
37 151
37 157
37 163
37 169
37 174
37 194
37 200
37 208
37 234
37 239
37 240
37 253
37 260
37 262
37 270
37 272
37 285
37 300
37 314
37 322
37 333
37 335
37 336
37 356
37 365
37 375
37 387
37 395
37 419
37 436
37 448
37 462
37 463
37 487
37 494
37 502
38 40
38 44
38 95
38 112
38 113
38 131
38 149
38 177
38 179
38 277
38 285
38 290
38 294
38 305
38 318
38 323
38 336
38 361
38 388
38 436
38 451
38 459
38 481
38 484
38 489
39 43
39 46
39 47
39 54
39 65
39 76
39 86
39 90
39 116
39 120
39 131
39 144
39 205
39 225
39 247
39 253
39 270
39 340
39 351
39 407
39 415
39 438
39 477
39 511
40 81
40 103
40 113
40 118
40 129
40 155
40 195
40 368
40 410
40 495
41 52
41 54
41 77
41 180
41 218
41 359
41 397
41 477
41 485
42 59
42 62
42 109
42 160
42 179
42 187
42 277
42 283
42 314
42 339
42 347
42 470
42 510
42 522
43 78
43 100
43 111
43 121
43 144
43 153
43 164
43 171
43 190
43 200
43 205
43 228
43 247
43 255
43 295
43 307
43 350
43 352
43 383
43 397
43 405
43 414
43 415
43 427
43 468
43 515
44 47
44 57
44 91
44 108
44 118
44 140
44 141
44 149
44 155
44 217
44 264
44 282
44 283
44 296
44 302
44 341
44 450
44 478
44 503
44 504
45 77
45 85
45 107
45 133
45 163
45 186
45 307
45 323
45 334
45 358
45 444
45 462
45 504
45 515
46 52
46 63
46 74
46 90
46 97
46 104
46 133
46 140
46 164
46 166
46 206
46 314
46 324
46 331
46 351
46 381
46 382
46 430
46 437
46 463
46 497
47 49
47 61
47 68
47 70
47 71
47 74
47 77
47 78
47 81
47 92
47 100
47 102
47 105
47 122
47 143
47 210
47 217
47 239
47 251
47 252
47 287
47 293
47 380
47 385
47 402
47 420
47 428
47 432
47 448
47 458
47 468
47 487
47 490
47 502
47 516
47 520
48 64
48 73
48 74
48 79
48 85
48 87
48 94
48 114
48 118
48 125
48 165
48 172
48 173
48 218
48 268
48 269
48 276
48 361
48 363
48 404
48 425
48 440
48 510
48 517
49 55
49 56
49 117
49 139
49 235
49 287
49 366
49 385
49 391
49 449
49 452
49 511
50 51
50 64
50 70
50 136
50 170
50 224
50 330
50 463
50 465
50 485
51 87
51 101
51 107
51 168
51 179
51 181
51 185
51 192
51 195
51 204
51 219
51 221
51 236
51 237
51 244
51 327
51 346
51 348
51 367
51 371
51 376
51 384
51 392
51 400
51 406
51 447
51 453
51 461
51 509
52 92
52 97
52 98
52 100
52 128
52 143
52 202
52 242
52 243
52 260
52 266
52 270
52 289
52 299
52 351
52 409
52 470
52 492
52 510
53 66
53 153
53 163
53 184
53 204
53 214
53 216
53 224
53 228
53 245
53 278
53 296
53 309
53 322
53 338
53 351
53 406
53 412
53 434
53 457
53 462
53 521
54 68
54 108
54 136
54 139
54 148
54 150
54 186
54 241
54 280
54 461
54 479
54 491
54 498
54 519
55 83
55 114
55 124
55 223
55 278
55 472
56 60
56 61
56 84
56 107
56 135
56 150
56 183
56 193
56 253
56 258
56 292
56 322
56 341
56 366
57 102
57 112
57 150
57 219
57 266
57 268
57 281
57 313
57 315
57 374
57 410
57 413
57 503
57 517
58 60
58 102
58 139
58 180
58 199
58 207
58 211
58 250
58 256
58 352
58 372
58 436
58 455
58 464
59 70
59 111
59 120
59 130
59 170
59 194
59 293
59 303
59 327
59 328
59 348
59 374
60 73
60 76
60 79
60 90
60 102
60 103
60 108
60 118
60 122
60 176
60 203
60 290
60 334
60 353
60 361
60 388
60 420
60 470
60 475
60 476
60 478
60 491
61 66
61 71
61 89
61 91
61 162
61 283
61 311
61 329
61 334
61 338
61 349
61 391
61 407
61 408
61 445
61 494
62 78
62 83
62 86
62 105
62 127
62 140
62 146
62 157
62 165
62 173
62 180
62 280
62 302
62 372
62 383
62 401
62 406
62 409
62 455
62 474
62 478
62 505
63 65
63 69
63 84
63 87
63 103
63 106
63 116
63 122
63 164
63 177
63 183
63 194
63 208
63 305
63 309
63 310
63 315
63 329
63 420
63 422
63 444
63 481
63 485
63 499
64 77
64 126
64 140
64 172
64 178
64 192
64 195
64 209
64 221
64 236
64 251
64 260
64 386
64 403
64 444
64 453
65 75
65 84
65 89
65 128
65 142
65 173
65 227
65 337
65 384
65 419
65 491
65 492
66 68
66 87
66 93
66 145
66 153
66 191
66 211
66 251
67 69
67 72
67 85
67 169
67 322
67 326
67 506
68 70
68 75
68 98
68 152
68 233
68 234
68 269
68 298
68 300
68 462
69 90
69 92
69 135
69 202
69 242
69 258
69 346
69 420
69 473
70 73
70 120
70 159
70 188
70 200
70 231
70 331
70 395
70 396
70 429
70 443
70 444
70 465
70 499
70 503
71 119
71 126
71 143
71 198
71 200
71 222
71 257
71 260
71 273
71 279
71 280
71 329
71 349
71 368
71 494
71 512
72 75
72 79
72 91
72 100
72 101
72 105
72 115
72 126
72 141
72 165
72 244
72 261
72 285
72 305
72 328
72 348
72 402
72 405
72 465
72 469
73 103
73 124
73 133
73 134
73 247
73 271
73 380
73 454
73 508
74 81
74 82
74 85
74 115
74 132
74 135
74 151
74 181
74 224
74 230
74 256
74 268
74 279
74 290
74 298
74 304
74 316
74 330
74 335
74 371
74 387
74 462
75 76
75 86
75 87
75 89
75 93
75 106
75 109
75 146
75 168
75 183
75 189
75 192
75 205
75 244
75 249
75 254
75 255
75 317
75 369
75 381
75 385
75 416
75 443
75 454
75 476
76 81
76 83
76 84
76 93
76 110
76 114
76 116
76 129
76 139
76 142
76 145
76 150
76 195
76 224
76 261
76 275
76 296
76 301
76 390
76 404
76 447
76 460
76 463
76 472
76 479
76 515
77 121
77 188
77 202
77 205
77 293
77 345
77 366
77 392
77 466
77 469
77 485
77 489
77 502
77 524
78 80
78 94
78 102
78 119
78 131
78 158
78 169
78 185
78 194
78 198
78 205
78 209
78 245
78 264
78 274
78 296
78 311
78 367
78 400
78 408
78 472
78 478
79 80
79 91
79 136
79 144
79 166
79 172
79 191
79 209
79 212
79 259
79 291
79 312
79 342
79 430
79 446
79 453
80 173
80 198
80 217
80 252
80 411
80 418
80 426
80 521
81 83
81 88
81 94
81 107
81 121
81 159
81 165
81 200
81 218
81 227
81 268
81 291
81 292
81 298
81 319
81 374
81 391
81 404
81 418
81 475
81 481
81 486
82 104
82 263
82 401
82 404
82 429
82 494
83 88
83 90
83 99
83 101
83 105
83 112
83 183
83 186
83 193
83 198
83 273
83 301
83 320
83 331
83 359
83 494
84 86
84 93
84 112
84 121
84 128
84 131
84 134
84 215
84 248
84 308
84 442
84 470
84 509
84 519
85 109
85 136
85 164
85 172
85 185
85 201
85 213
85 219
85 228
85 250
85 274
85 426
86 95
86 106
86 108
86 130
86 169
86 223
86 242
86 305
86 359
86 366
86 421
86 466
86 500
87 97
87 112
87 151
87 154
87 223
87 225
87 233
87 267
87 353
87 413
87 480
88 327
89 114
89 118
89 175
89 203
89 217
89 277
89 334
89 396
89 421
89 437
89 444
89 490
90 110
90 127
90 129
90 137
90 139
90 140
90 145
90 154
90 167
90 196
90 202
90 236
90 237
90 271
90 280
90 353
90 396
91 94
91 97
91 108
91 132
91 171
91 189
91 190
91 198
91 201
91 209
91 214
91 252
91 269
91 298
91 299
91 309
91 343
91 354
91 368
91 386
91 443
91 446
92 97
92 110
92 117
92 153
92 158
92 205
92 292
92 316
92 329
92 344
92 363
92 374
92 390
92 415
92 448
92 484
93 113
93 172
93 188
93 193
93 202
93 204
93 207
93 226
93 238
93 251
93 265
93 279
93 318
93 338
93 388
93 404
93 420
93 496
94 95
94 106
94 123
94 133
94 140
94 160
94 180
94 199
94 235
94 236
94 284
94 292
94 317
94 345
94 456
94 466
94 493
94 506
94 509
95 96
95 122
95 128
95 140
95 176
95 234
95 277
95 312
95 335
95 399
95 413
95 425
95 524
96 131
96 182
96 201
96 468
97 109
97 122
97 323
97 422
97 439
98 104
98 111
98 138
98 151
98 152
98 156
98 182
98 216
98 222
98 235
98 250
98 259
98 282
98 287
98 288
98 289
98 297
98 336
98 355
98 364
98 385
98 427
98 432
98 434
98 479
98 480
98 498
98 501
98 510
98 521
98 524
99 102
99 158
99 166
99 240
99 373
99 426
99 460
100 102
100 110
100 111
100 146
100 158
100 208
100 218
100 242
100 299
100 456
100 488
101 105
101 210
101 215
101 226
101 243
101 250
101 273
101 282
101 342
101 363
101 378
101 419
101 441
102 141
102 157
102 166
102 192
102 237
102 264
102 274
102 299
102 319
102 441
103 107
103 155
103 162
103 190
103 226
103 228
103 254
103 286
103 335
103 347
103 366
103 369
103 383
103 389
103 425
103 437
104 111
104 147
104 165
104 276
104 351
104 501
104 510
105 189
105 394
106 124
106 136
106 152
106 159
106 261
106 282
106 306
106 356
106 393
106 401
106 408
106 426
106 442
106 461
107 142
107 157
107 204
107 215
107 223
107 268
107 270
107 288
107 321
107 392
107 414
107 458
107 518
107 519
108 118
108 145
108 159
108 170
108 227
108 244
108 281
108 308
108 315
108 363
108 372
108 375
109 114
109 263
110 122
110 167
110 208
110 223
110 303
110 423
110 446
110 471
110 485
110 505
111 138
111 146
111 209
111 400
111 421
111 470
111 507
112 174
112 273
112 301
112 336
112 385
112 454
112 512
113 130
113 153
113 155
113 156
113 175
113 187
113 206
113 216
113 294
113 374
113 387
113 521
114 157
114 473
114 480
115 146
115 151
115 155
115 181
115 220
115 238
115 333
115 342
115 384
115 395
115 396
115 446
115 508
115 521
116 156
116 179
116 287
116 344
116 345
116 370
116 477
117 135
117 143
117 169
117 300
117 323
117 327
117 328
117 375
117 505
118 127
118 138
118 182
118 194
118 225
118 245
118 370
118 410
118 444
118 465
119 123
119 125
119 135
119 145
119 191
119 215
119 223
119 240
119 288
119 290
119 292
119 304
119 331
119 355
119 412
120 144
120 147
120 199
120 211
120 217
120 377
120 389
120 399
120 431
121 131
121 184
121 199
121 212
121 214
121 234
121 294
121 318
121 380
121 406
121 478
122 245
122 284
122 367
122 391
122 423
122 447
122 474
123 131
123 147
123 161
123 165
123 173
123 191
123 219
123 253
123 284
123 306
123 326
123 349
123 403
123 429
123 433
124 137
124 138
124 141
124 178
124 274
124 344
124 356
124 394
124 417
124 473
124 524
125 147
125 158
125 207
125 245
125 313
125 387
125 424
126 153
126 168
126 199
126 247
126 269
126 363
126 382
126 405
126 472
126 522
127 130
127 158
127 177
127 232
127 258
127 317
127 335
127 343
127 362
127 391
127 411
127 413
127 425
127 432
127 473
127 503
128 137
128 138
128 150
128 175
128 188
128 190
128 196
128 228
128 256
128 294
128 296
128 317
128 333
128 347
128 350
128 353
128 357
128 364
128 392
128 414
128 431
128 473
128 490
129 184
129 287
129 301
129 308
129 410
129 420
129 466
130 169
130 170
130 175
130 186
130 225
130 248
130 267
130 283
130 293
130 317
130 320
130 418
130 424
130 433
130 468
130 482
131 161
131 187
131 211
131 312
131 478
131 504
132 303
132 314
132 328
132 381
132 474
132 476
132 482
132 514
132 518
133 139
133 150
133 213
133 220
133 237
133 264
133 316
133 337
133 340
133 355
133 367
133 374
133 385
133 394
133 497
134 162
134 347
134 414
135 154
135 161
135 186
135 209
135 221
135 232
135 238
135 248
135 255
135 301
135 307
135 309
135 312
135 358
135 373
135 401
135 404
135 450
135 508
135 523
136 139
136 233
136 263
136 318
136 438
136 447
137 236
137 239
137 251
137 337
137 388
137 471
137 505
138 194
138 229
138 311
138 321
138 373
138 395
139 197
139 243
139 297
139 304
139 348
139 373
139 398
139 402
139 417
139 460
139 475
139 518
139 524
140 164
140 185
140 188
140 307
140 353
140 377
140 421
140 483
141 178
141 204
141 243
141 438
142 223
142 284
142 292
142 307
142 359
142 379
142 484
143 155
143 183
143 208
143 212
143 229
143 307
143 380
143 398
143 405
143 408
143 409
144 172
144 222
144 235
144 307
144 329
144 423
144 521
145 202
145 266
145 332
145 352
145 377
146 151
146 152
146 182
146 248
146 249
146 276
146 324
146 331
146 382
146 475
146 506
147 201
147 231
147 254
147 444
148 318
148 324
148 366
148 404
148 440
149 484
150 162
150 173
150 228
150 333
150 344
150 382
150 394
150 441
150 463
150 470
150 476
150 487
150 521
151 190
151 233
151 263
151 310
151 389
152 276
152 474
152 522
153 350
153 352
154 206
154 210
154 218
154 227
154 289
154 316
154 384
154 439
155 157
155 176
155 190
155 236
155 241
155 283
155 292
155 365
155 487
156 160
156 163
156 196
156 323
156 330
156 344
156 448
156 518
156 520
157 209
157 242
157 244
157 279
157 310
158 186
158 394
158 419
159 174
159 206
159 226
159 234
159 310
159 500
159 518
160 173
160 197
160 258
160 358
160 440
160 449
160 488
161 198
161 300
161 317
161 343
161 414
162 171
162 179
162 191
162 221
162 249
162 257
162 259
162 299
162 357
162 379
163 185
163 187
163 276
164 215
164 286
164 323
164 346
164 385
165 176
165 247
165 248
165 253
165 295
165 338
165 356
165 358
166 226
166 256
166 291
166 320
166 412
166 432
166 434
167 311
168 182
168 241
168 366
168 402
169 218
169 361
169 465
170 224
170 240
170 301
170 334
170 364
170 390
170 493
170 513
171 177
171 193
171 195
171 206
171 233
171 244
171 259
171 513
172 197
172 328
172 416
172 439
172 498
173 177
173 380
173 501
174 251
174 270
174 343
174 345
174 356
176 183
176 231
177 332
177 346
177 407
177 445
178 231
178 437
178 480
179 185
179 208
179 228
179 229
179 240
179 339
179 432
179 482
180 196
180 232
180 246
180 248
180 262
180 267
180 349
180 351
180 405
181 204
181 325
181 408
182 189
182 193
182 196
182 199
182 204
182 210
182 271
182 421
182 430
182 449
182 504
182 509
183 201
183 219
183 290
183 303
183 306
183 314
183 341
183 348
183 393
183 454
184 222
184 229
184 266
184 278
184 485
184 500
185 335
185 381
185 514
186 259
186 278
186 370
186 389
186 489
187 238
187 252
187 264
187 370
187 439
188 248
188 272
188 274
188 337
189 203
189 269
189 350
189 360
189 375
189 428
190 194
190 202
190 300
190 311
190 316
190 407
190 416
190 431
190 458
190 471
191 242
191 250
191 281
191 285
191 303
191 371
191 382
191 383
191 482
191 506
191 514
192 227
192 255
192 362
192 467
192 469
192 517
193 197
193 233
193 281
193 285
193 388
193 398
193 465
194 226
194 287
194 295
194 371
194 424
194 496
195 208
195 264
195 313
195 331
195 430
196 275
196 281
196 378
196 464
196 473
196 482
197 223
197 393
197 489
198 321
198 352
198 379
198 384
198 475
198 500
199 330
199 367
199 439
200 262
200 289
200 291
200 311
200 326
201 214
201 229
201 279
201 293
201 314
201 421
201 431
201 442
202 207
202 312
203 249
203 273
203 330
204 213
204 217
204 232
205 249
205 267
205 282
205 306
205 471
205 493
205 503
206 215
206 230
206 235
206 350
206 397
206 437
206 447
206 458
207 250
207 263
207 338
207 346
207 510
208 243
208 249
208 298
208 319
209 294
209 403
209 416
209 446
210 467
210 473
211 238
211 243
211 335
211 340
211 357
211 403
211 407
211 428
211 433
211 464
211 486
211 488
212 309
212 322
212 358
212 389
213 230
213 346
213 390
214 258
214 268
214 359
215 242
215 257
215 291
216 246
216 260
217 269
217 332
217 400
218 249
218 271
218 360
218 369
218 378
218 404
218 494
219 232
219 281
219 412
219 440
219 487
220 409
220 425
220 460
221 283
221 352
221 409
222 265
222 281
222 423
222 425
223 351
223 383
223 406
223 414
224 333
224 342
224 347
224 391
224 417
224 418
225 302
225 406
225 422
226 266
226 296
226 386
226 400
226 402
226 469
226 501
227 246
227 451
227 475
228 329
228 433
228 493
228 495
229 321
229 364
229 391
229 407
229 479
229 522
230 265
230 370
231 255
231 259
231 407
231 419
231 471
232 345
232 364
232 381
232 438
232 477
232 492
233 336
233 347
233 358
233 439
234 321
234 376
234 415
235 312
236 252
236 516
237 257
237 293
237 363
237 464
237 496
237 504
238 259
238 261
238 507
239 398
239 456
239 492
240 330
241 523
242 272
242 302
243 330
243 448
244 310
244 351
244 435
244 436
244 513
244 523
245 258
245 339
245 410
245 417
246 284
246 377
246 447
246 508
246 520
247 308
247 412
248 264
248 306
248 354
248 458
248 496
248 518
249 441
249 488
250 262
250 396
251 286
251 304
251 406
251 469
251 497
251 499
251 500
252 286
252 310
252 354
252 474
253 265
253 288
253 327
253 426
253 522
254 267
254 297
254 376
255 257
255 295
255 326
255 378
255 492
256 450
258 321
259 294
259 315
259 332
259 368
259 380
259 422
259 488
260 307
260 327
260 370
260 416
260 445
260 459
260 481
260 485
260 488
261 393
261 430
261 433
261 481
262 349
262 369
262 411
263 333
263 340
264 346
264 410
264 461
264 480
265 275
265 320
265 332
265 368
265 395
265 397
265 415
265 445
265 506
265 515
266 287
266 315
266 373
266 382
266 394
266 524
267 282
267 360
267 475
267 519
269 274
269 297
269 390
270 405
270 481
271 313
271 349
271 472
271 476
272 316
272 398
272 441
272 456
272 501
273 305
273 460
274 280
274 347
274 427
275 354
276 397
276 497
277 319
277 333
277 396
277 424
277 442
277 480
277 502
278 308
278 468
279 309
279 360
280 486
280 517
280 520
281 297
281 393
281 403
281 511
282 325
282 399
283 309
283 324
283 357
284 355
284 371
285 488
286 302
286 382
287 332
287 397
288 305
288 312
288 365
288 409
288 413
288 414
288 428
288 464
288 483
289 334
289 411
291 327
291 431
291 450
291 512
291 520
292 364
292 420
292 459
292 478
293 332
293 337
293 386
293 427
293 455
293 483
293 516
295 421
296 332
296 336
296 359
296 375
296 483
297 391
297 402
298 422
298 434
299 466
300 427
300 502
301 336
302 370
302 400
302 512
303 372
303 385
303 418
303 508
303 511
303 523
304 396
304 401
305 414
306 325
306 375
306 487
307 368
308 435
309 383
309 425
309 457
310 315
310 318
310 343
310 365
310 389
310 397
311 344
311 379
311 443
311 513
312 356
312 360
313 356
313 359
313 474
314 318
314 358
314 369
314 451
314 457
315 316
315 372
315 405
315 450
315 494
316 357
316 429
316 486
317 347
317 393
317 469
320 386
320 494
322 325
324 436
325 469
326 343
327 458
327 482
328 421
329 363
329 388
329 408
329 411
331 369
332 345
332 429
332 430
332 451
332 462
332 481
333 341
334 371
334 379
335 409
335 457
335 519
336 340
338 355
339 377
340 390
341 400
342 354
342 362
342 376
342 496
342 498
342 506
343 469
344 345
344 348
344 428
345 522
346 361
347 430
347 505
348 350
348 435
349 371
349 428
350 378
351 472
354 412
355 380
357 443
357 467
357 476
357 505
358 491
358 495
359 452
359 519
362 401
363 393
363 452
364 405
364 440
364 510
365 459
368 392
368 462
368 467
369 463
371 381
371 457
372 373
372 418
372 436
372 452
372 489
372 507
373 450
375 402
375 445
375 520
376 378
377 468
378 455
378 477
379 457
380 390
380 433
381 434
382 403
383 445
383 457
386 479
386 499
387 435
388 472
388 514
389 516
390 508
391 403
392 490
393 395
393 424
394 409
394 431
394 468
394 496
395 417
397 450
397 472
398 427
398 464
399 438
399 503
400 442
400 443
401 420
401 452
401 509
402 446
402 515
405 423
405 427
405 460
405 497
406 426
406 428
410 461
411 495
413 519
416 503
417 448
417 509
418 453
419 512
420 489
420 522
421 435
422 483
424 435
424 507
426 449
427 430
427 441
428 443
428 476
433 501
433 511
434 436
437 459
439 467
439 502
441 513
443 449
443 475
444 499
445 486
445 522
450 523
452 453
453 514
457 459
458 505
458 512
461 488
463 499
463 506
465 466
465 493
472 517
474 495
474 501
474 509
475 477
476 509
480 485
487 517
487 518
495 507
497 506
505 513
519 521
