0 1
0 2
0 3
0 4
0 5
0 6
0 7
0 8
0 9
0 10
0 11
0 12
0 14
0 16
0 20
0 22
0 23
0 24
0 25
0 26
0 27
0 28
0 31
0 32
0 34
0 35
0 36
0 37
0 42
0 44
0 46
0 50
0 53
0 54
0 58
0 61
0 62
0 70
0 71
0 72
0 73
0 80
0 90
0 103
0 105
0 109
0 110
0 117
0 120
0 121
0 122
0 125
0 126
0 132
0 133
0 136
0 137
0 144
0 148
0 149
0 151
0 159
0 163
0 164
0 177
0 186
0 194
0 197
0 198
0 200
0 212
0 221
0 224
0 225
0 230
0 255
0 258
0 261
0 264
0 265
0 266
0 267
0 296
0 306
0 308
0 318
0 321
0 330
0 331
0 356
0 360
0 363
0 378
0 410
0 418
0 421
0 428
0 430
1 9
1 10
1 11
1 12
1 13
1 19
1 20
1 21
1 23
1 26
1 28
1 30
1 33
1 34
1 35
1 37
1 40
1 44
1 48
1 61
1 63
1 69
1 74
1 75
1 85
1 86
1 95
1 102
1 112
1 139
1 147
1 156
1 180
1 181
1 192
1 202
1 217
1 239
1 261
1 265
1 309
1 324
1 346
1 402
1 411
1 415
2 9
2 10
2 12
2 13
2 14
2 19
2 27
2 34
2 36
2 37
2 45
2 52
2 73
2 74
2 86
2 90
2 111
2 135
2 146
2 163
2 168
2 205
2 235
2 238
2 286
2 293
2 343
2 349
2 351
2 364
2 381
2 404
3 9
3 10
3 11
3 14
3 15
3 18
3 19
3 20
3 26
3 29
3 31
3 33
3 34
3 38
3 42
3 43
3 48
3 50
3 52
3 63
3 66
3 67
3 71
3 72
3 74
3 75
3 82
3 84
3 97
3 103
3 105
3 113
3 115
3 129
3 131
3 152
3 153
3 155
3 173
3 178
3 182
3 184
3 213
3 253
3 254
3 263
3 269
3 271
3 274
3 278
3 283
3 287
3 303
3 311
3 341
3 359
3 401
3 407
3 409
4 11
4 12
4 13
4 16
4 40
4 57
4 69
4 91
4 93
4 94
4 113
4 115
4 127
4 153
4 164
4 179
4 231
4 259
4 260
4 322
4 328
4 342
4 361
4 406
5 9
5 22
5 39
5 43
5 59
5 72
5 103
5 139
5 149
5 151
5 218
5 271
5 272
5 283
5 306
5 341
5 383
5 399
5 403
5 406
6 9
6 10
6 11
6 12
6 13
6 15
6 17
6 22
6 24
6 28
6 47
6 56
6 57
6 84
6 88
6 103
6 121
6 145
6 155
6 209
6 218
6 221
6 225
6 246
6 258
6 267
6 272
6 278
6 296
6 304
6 307
6 322
6 323
6 344
6 357
6 373
6 386
6 416
7 9
7 10
7 13
7 14
7 15
7 18
7 20
7 22
7 25
7 28
7 31
7 32
7 37
7 41
7 52
7 55
7 64
7 67
7 79
7 81
7 88
7 99
7 100
7 102
7 103
7 107
7 112
7 123
7 124
7 154
7 222
7 227
7 239
7 248
7 253
7 258
7 262
7 309
7 321
7 326
7 334
7 347
7 358
8 9
8 10
8 11
8 12
8 14
8 17
8 20
8 29
8 41
8 45
8 46
8 52
8 53
8 57
8 58
8 83
8 86
8 87
8 92
8 95
8 98
8 108
8 116
8 117
8 122
8 159
8 231
8 251
8 257
8 272
8 277
8 284
8 295
8 297
8 324
8 332
8 358
8 360
8 384
8 389
8 401
8 423
9 10
9 11
9 13
9 14
9 15
9 16
9 19
9 27
9 31
9 32
9 33
9 35
9 39
9 48
9 49
9 50
9 51
9 52
9 59
9 60
9 65
9 66
9 70
9 71
9 76
9 78
9 90
9 95
9 97
9 98
9 105
9 106
9 108
9 111
9 113
9 132
9 135
9 146
9 158
9 159
9 162
9 165
9 166
9 167
9 189
9 194
9 199
9 223
9 224
9 233
9 235
9 242
9 277
9 285
9 296
9 310
9 326
9 329
9 342
9 351
9 366
9 382
9 410
10 11
10 12
10 13
10 14
10 15
10 16
10 17
10 18
10 19
10 20
10 23
10 25
10 26
10 28
10 29
10 31
10 36
10 42
10 44
10 47
10 50
10 51
10 52
10 53
10 55
10 59
10 62
10 66
10 68
10 70
10 74
10 80
10 89
10 95
10 96
10 101
10 106
10 112
10 128
10 131
10 134
10 145
10 148
10 156
10 160
10 163
10 164
10 166
10 169
10 174
10 181
10 182
10 187
10 190
10 194
10 200
10 202
10 203
10 210
10 215
10 219
10 220
10 222
10 226
10 259
10 282
10 284
10 286
10 294
10 300
10 301
10 311
10 334
10 346
10 359
10 360
10 391
10 400
10 408
10 411
10 412
10 416
10 430
11 12
11 15
11 17
11 18
11 19
11 24
11 25
11 27
11 30
11 32
11 33
11 34
11 35
11 36
11 39
11 40
11 42
11 48
11 62
11 66
11 70
11 71
11 72
11 74
11 76
11 78
11 79
11 83
11 86
11 87
11 89
11 98
11 102
11 104
11 107
11 109
11 117
11 122
11 138
11 143
11 151
11 156
11 160
11 162
11 171
11 173
11 177
11 180
11 181
11 203
11 208
11 234
11 298
11 305
11 308
11 312
11 316
11 336
11 338
11 368
11 381
11 382
11 387
11 397
11 418
11 423
11 424
11 425
12 13
12 14
12 16
12 17
12 18
12 20
12 21
12 22
12 23
12 24
12 25
12 26
12 29
12 34
12 35
12 40
12 42
12 43
12 45
12 46
12 47
12 49
12 52
12 56
12 65
12 67
12 72
12 78
12 88
12 97
12 103
12 105
12 109
12 110
12 123
12 124
12 126
12 127
12 133
12 150
12 159
12 165
12 167
12 175
12 186
12 202
12 205
12 208
12 214
12 215
12 224
12 228
12 232
12 235
12 238
12 247
12 262
12 267
12 268
12 276
12 283
12 292
12 294
12 297
12 302
12 304
12 307
12 332
12 357
12 367
12 374
12 390
12 394
12 403
12 412
12 424
12 427
13 15
13 16
13 17
13 21
13 30
13 34
13 42
13 43
13 49
13 53
13 55
13 58
13 59
13 60
13 80
13 84
13 85
13 88
13 90
13 93
13 95
13 96
13 99
13 100
13 102
13 106
13 107
13 112
13 116
13 118
13 122
13 133
13 135
13 140
13 141
13 170
13 173
13 183
13 187
13 188
13 201
13 220
13 225
13 244
13 260
13 270
13 272
13 284
13 289
13 303
13 309
13 334
13 335
13 369
13 430
14 15
14 16
14 17
14 18
14 19
14 21
14 22
14 23
14 24
14 25
14 26
14 30
14 32
14 37
14 39
14 41
14 48
14 49
14 63
14 65
14 66
14 72
14 73
14 81
14 90
14 91
14 96
14 97
14 110
14 120
14 121
14 126
14 128
14 131
14 136
14 139
14 140
14 141
14 152
14 156
14 161
14 163
14 167
14 183
14 192
14 196
14 203
14 204
14 212
14 216
14 224
14 252
14 255
14 275
14 276
14 289
14 298
14 300
14 314
14 315
14 348
14 365
14 368
14 372
14 386
14 398
14 420
14 430
15 16
15 17
15 18
15 19
15 21
15 22
15 25
15 26
15 27
15 28
15 31
15 33
15 37
15 38
15 41
15 44
15 46
15 47
15 48
15 54
15 60
15 61
15 74
15 77
15 79
15 80
15 81
15 82
15 83
15 86
15 90
15 92
15 97
15 100
15 106
15 112
15 116
15 119
15 125
15 131
15 145
15 149
15 168
15 178
15 186
15 188
15 189
15 193
15 237
15 240
15 243
15 249
15 266
15 270
15 273
15 279
15 281
15 290
15 320
15 356
15 357
15 363
15 367
15 379
15 398
15 413
15 428
15 429
16 18
16 20
16 21
16 26
16 27
16 28
16 29
16 30
16 32
16 33
16 36
16 38
16 43
16 45
16 50
16 51
16 53
16 54
16 56
16 60
16 61
16 66
16 67
16 68
16 69
16 77
16 85
16 94
16 96
16 99
16 101
16 107
16 117
16 124
16 127
16 129
16 134
16 151
16 163
16 167
16 168
16 170
16 177
16 179
16 200
16 202
16 206
16 207
16 219
16 239
16 254
16 260
16 263
16 268
16 288
16 289
16 316
16 323
16 327
16 343
16 344
16 352
16 402
16 407
16 408
16 409
16 417
17 21
17 22
17 30
17 36
17 39
17 45
17 118
17 124
17 169
17 179
17 197
17 231
17 243
17 253
17 309
17 324
17 353
17 357
17 384
17 385
17 392
17 394
17 408
17 410
18 21
18 32
18 38
18 40
18 53
18 56
18 58
18 65
18 73
18 79
18 81
18 85
18 92
18 93
18 100
18 104
18 119
18 120
18 126
18 142
18 151
18 153
18 166
18 167
18 172
18 182
18 185
18 190
18 203
18 215
18 229
18 234
18 277
18 315
18 324
18 331
18 395
19 23
19 30
19 45
19 52
19 58
19 72
19 75
19 77
19 81
19 94
19 130
19 144
19 151
19 158
19 161
19 166
19 185
19 197
19 203
19 212
19 213
19 232
19 273
19 308
19 314
19 321
19 327
19 346
19 380
19 404
20 23
20 24
20 29
20 40
20 46
20 55
20 104
20 114
20 115
20 129
20 131
20 166
20 187
20 210
20 253
20 297
20 338
20 353
20 355
20 407
21 24
21 25
21 29
21 31
21 32
21 34
21 41
21 47
21 54
21 61
21 97
21 107
21 119
21 152
21 154
21 155
21 156
21 161
21 171
21 224
21 225
21 226
21 237
21 246
21 273
21 305
21 313
21 368
21 373
21 379
21 385
21 406
21 414
22 23
22 24
22 50
22 59
22 76
22 77
22 83
22 98
22 111
22 131
22 149
22 167
22 169
22 173
22 197
22 207
22 226
22 247
22 248
22 289
22 318
22 338
22 344
22 369
22 370
22 376
22 381
22 386
22 395
22 425
23 31
23 35
23 38
23 41
23 44
23 56
23 59
23 62
23 66
23 67
23 71
23 80
23 86
23 92
23 101
23 110
23 111
23 126
23 132
23 162
23 168
23 182
23 183
23 215
23 220
23 230
23 236
23 238
23 240
23 252
23 256
23 303
23 316
23 339
23 359
23 365
23 367
23 371
23 387
23 393
23 396
23 415
23 419
23 429
24 35
24 60
24 74
24 80
24 82
24 102
24 145
24 152
24 154
24 155
24 160
24 165
24 169
24 254
24 269
24 336
24 350
24 351
24 401
24 402
24 422
25 27
25 28
25 29
25 47
25 67
25 68
25 70
25 77
25 80
25 100
25 103
25 108
25 114
25 133
25 139
25 141
25 152
25 184
25 217
25 232
25 233
25 237
25 265
25 267
25 394
26 27
26 30
26 63
26 64
26 97
26 99
26 105
26 113
26 155
26 167
26 176
26 208
26 295
26 371
26 392
27 36
27 38
27 49
27 61
27 76
27 84
27 115
27 120
27 142
27 146
27 150
27 196
27 240
27 350
27 355
27 368
27 391
27 410
28 33
28 39
28 42
28 43
28 44
28 46
28 51
28 53
28 54
28 58
28 60
28 65
28 70
28 78
28 87
28 107
28 110
28 124
28 129
28 143
28 146
28 149
28 157
28 159
28 175
28 200
28 201
28 206
28 222
28 227
28 244
28 255
28 299
28 314
28 352
28 397
28 427
29 36
29 37
29 43
29 62
29 65
29 69
29 71
29 76
29 84
29 91
29 115
29 121
29 127
29 129
29 141
29 161
29 179
29 185
29 198
29 206
29 213
29 223
29 255
29 262
29 281
29 285
29 287
29 300
29 304
29 331
29 339
29 345
29 372
29 413
29 417
30 33
30 45
30 51
30 53
30 62
30 67
30 71
30 78
30 82
30 91
30 139
30 140
30 153
30 190
30 214
30 221
30 245
30 247
30 282
30 285
30 347
30 353
30 354
30 366
30 410
30 421
30 426
31 35
31 38
31 46
31 49
31 58
31 63
31 69
31 74
31 79
31 83
31 85
31 101
31 108
31 117
31 123
31 126
31 140
31 145
31 148
31 152
31 153
31 154
31 159
31 162
31 165
31 176
31 179
31 184
31 185
31 193
31 195
31 209
31 211
31 236
31 240
31 280
31 286
31 302
31 319
31 361
31 362
31 369
31 374
31 385
31 388
31 406
31 416
31 419
32 40
32 41
32 73
32 84
32 89
32 101
32 109
32 120
32 131
32 136
32 140
32 207
32 212
32 229
32 243
32 256
32 284
32 300
32 301
32 387
32 413
33 38
33 39
33 49
33 56
33 57
33 60
33 65
33 82
33 91
33 94
33 98
33 112
33 115
33 117
33 118
33 144
33 163
33 164
33 166
33 182
33 196
33 200
33 251
33 274
33 285
33 292
33 298
33 301
33 317
33 321
33 345
33 356
33 405
33 406
33 420
33 423
34 37
34 40
34 44
34 51
34 56
34 68
34 78
34 81
34 87
34 118
34 124
34 143
34 175
34 179
34 191
34 197
34 204
34 207
34 225
34 244
34 248
34 249
34 288
34 332
34 374
34 386
34 409
34 424
34 429
35 55
35 57
35 64
35 75
35 99
35 102
35 105
35 116
35 119
35 123
35 124
35 163
35 186
35 195
35 241
35 251
35 258
35 272
35 308
35 364
35 375
35 380
36 43
36 45
36 54
36 63
36 64
36 68
36 73
36 81
36 83
36 88
36 93
36 101
36 104
36 111
36 117
36 127
36 134
36 143
36 157
36 165
36 168
36 169
36 174
36 176
36 189
36 203
36 208
36 209
36 265
36 277
36 279
36 288
36 298
36 315
36 319
36 340
36 343
36 362
36 376
36 385
36 393
36 402
36 406
37 39
37 47
37 49
37 59
37 64
37 89
37 94
37 114
37 125
37 132
37 136
37 150
37 174
37 204
37 218
37 251
37 252
37 274
37 287
37 340
37 367
37 414
38 46
38 51
38 76
38 132
38 139
38 213
38 216
38 228
38 233
38 254
38 281
38 322
38 330
39 48
39 55
39 57
39 63
39 75
39 76
39 143
39 189
39 249
39 298
39 313
39 320
39 322
39 327
39 412
39 421
40 41
40 42
40 44
40 69
40 70
40 73
40 77
40 78
40 88
40 100
40 104
40 128
40 157
40 175
40 184
40 188
40 203
40 211
40 221
40 237
40 244
40 255
40 284
40 291
40 304
40 312
40 341
40 361
40 369
40 395
40 429
41 55
41 56
41 59
41 69
41 72
41 76
41 82
41 109
41 116
41 123
41 132
41 146
41 160
41 199
41 231
41 248
41 256
41 281
41 397
41 405
41 419
42 50
42 54
42 64
42 84
42 95
42 99
42 101
42 114
42 129
42 144
42 160
42 178
42 183
42 193
42 212
42 219
42 234
42 273
42 293
42 304
42 338
42 368
42 371
42 376
42 390
43 48
43 51
43 54
43 75
43 81
43 110
43 142
43 149
43 154
43 175
43 199
43 203
43 211
43 246
43 250
43 257
43 296
43 322
43 328
43 347
43 373
43 378
44 67
44 106
44 112
44 127
44 148
44 176
44 214
44 215
44 249
44 250
44 264
44 268
44 271
44 325
44 335
44 348
44 375
45 47
45 50
45 60
45 63
45 64
45 68
45 92
45 108
45 109
45 114
45 165
45 168
45 205
45 301
45 311
45 388
45 427
45 430
46 57
46 61
46 68
46 71
46 155
46 160
46 187
46 219
46 238
46 253
46 313
46 316
46 373
46 401
46 417
46 427
47 77
47 78
47 84
47 85
47 96
47 138
47 147
47 199
47 291
47 302
47 306
47 310
47 323
47 409
48 57
48 58
48 79
48 88
48 103
48 136
48 144
48 146
48 162
48 186
48 207
48 210
48 239
48 333
48 409
48 417
49 87
49 95
49 100
49 114
49 196
49 228
49 250
49 298
49 367
49 383
50 55
50 62
50 68
50 116
50 118
50 138
50 178
50 195
50 204
50 224
50 234
50 333
50 357
50 377
50 415
51 83
51 86
51 89
51 111
51 130
51 176
51 197
51 286
51 294
51 334
51 355
51 363
51 383
52 87
52 91
52 211
52 235
52 321
52 336
52 362
52 364
52 428
53 96
53 99
53 105
53 111
53 126
53 128
53 130
53 137
53 173
53 218
53 225
53 235
53 240
53 242
53 305
53 422
53 423
54 143
54 191
54 217
54 223
54 268
54 272
54 290
54 292
54 303
54 305
54 392
55 85
55 100
55 122
55 192
55 195
55 257
55 303
55 312
55 329
55 397
56 144
56 150
56 152
56 188
56 196
56 199
56 211
56 226
56 318
56 327
56 376
57 65
57 70
57 125
57 210
57 216
57 271
57 281
57 408
58 61
58 130
58 135
58 272
58 278
58 401
59 92
59 144
59 153
59 154
59 158
59 181
59 300
59 306
59 322
59 330
59 338
59 352
59 369
60 62
60 79
60 147
60 151
60 156
60 158
60 165
60 180
60 185
60 193
60 216
60 249
60 276
60 281
60 287
60 342
60 346
60 372
60 407
60 413
61 64
61 75
61 93
61 102
61 104
61 129
61 137
61 148
61 152
61 158
61 172
61 178
61 185
61 187
61 198
61 202
61 207
61 230
61 290
61 311
61 316
61 336
61 354
61 365
61 394
61 399
62 73
62 90
62 104
62 116
62 170
62 187
62 188
62 246
62 249
62 260
62 305
62 400
62 419
63 109
63 133
63 173
63 180
63 383
64 82
64 87
64 89
64 105
64 114
64 126
64 127
64 131
64 140
64 162
64 211
64 218
64 226
64 239
64 245
64 252
64 260
64 264
64 274
64 326
64 362
65 66
65 69
65 96
65 108
65 122
65 134
65 136
65 222
65 239
65 269
65 299
65 300
65 331
65 344
65 352
66 83
66 92
66 94
66 134
66 254
66 265
66 285
66 299
66 378
66 421
67 98
67 115
67 160
67 215
68 172
68 190
68 198
68 236
68 251
68 290
68 317
68 377
68 422
69 75
69 91
69 94
69 96
69 98
69 124
69 140
69 171
69 210
69 233
69 255
69 281
69 285
69 290
69 349
69 350
69 370
69 388
69 412
70 80
70 95
70 113
70 207
70 212
70 215
70 243
70 259
70 274
70 290
70 305
70 384
71 77
71 82
71 93
71 125
71 135
71 138
71 142
71 147
71 168
71 170
71 179
71 201
71 226
71 229
71 261
71 273
71 295
71 329
71 375
71 413
71 419
72 155
72 158
72 196
72 219
72 310
72 374
72 377
73 108
73 119
73 141
73 150
73 216
73 279
73 293
73 312
73 325
73 355
73 385
73 424
74 108
74 113
74 118
74 143
74 147
74 170
74 206
74 214
74 218
74 243
74 302
74 313
74 375
74 389
75 107
75 119
75 148
75 169
75 172
75 217
75 247
75 268
75 278
75 319
75 349
76 79
76 85
76 113
76 116
76 157
76 202
76 205
76 227
76 237
76 263
76 270
76 308
76 315
76 397
76 408
77 89
77 120
77 133
77 204
77 205
77 231
77 260
77 288
77 358
77 361
77 362
78 414
79 94
79 110
79 137
79 142
79 147
79 149
79 171
79 173
79 213
79 304
79 346
79 354
80 106
80 130
80 302
80 384
81 87
81 122
81 137
81 138
81 178
81 298
81 314
81 363
81 407
82 102
82 174
82 188
82 415
82 423
82 424
83 88
83 97
83 122
83 130
83 154
83 241
83 284
83 292
83 328
83 368
84 86
84 133
84 137
84 177
84 214
84 378
84 384
84 390
84 405
85 92
85 123
85 180
85 238
85 295
85 318
85 336
86 89
86 93
86 134
86 191
86 223
86 236
86 256
86 269
86 292
86 296
86 311
86 323
86 328
86 334
86 410
86 418
86 422
86 425
87 90
87 150
87 154
87 278
87 319
87 335
88 139
88 144
88 172
88 260
88 269
88 278
88 289
88 304
88 322
88 337
88 417
89 91
89 93
89 120
89 128
89 183
89 186
89 217
89 225
89 258
89 271
89 309
89 393
90 109
90 169
90 170
90 200
90 240
90 244
90 282
90 403
90 409
91 210
91 222
91 227
91 253
91 281
91 326
91 334
91 382
92 98
92 106
92 119
92 128
92 156
92 200
92 214
92 292
92 354
93 99
93 121
93 157
93 159
93 172
93 235
93 363
93 411
93 414
93 427
94 148
94 181
94 231
94 284
94 317
94 337
94 374
94 382
95 101
95 123
95 190
95 206
95 317
95 326
95 333
95 388
95 391
96 104
96 106
96 111
96 118
96 120
96 128
96 158
96 199
96 221
96 275
96 293
96 310
96 315
96 366
96 398
96 416
97 121
97 142
97 233
97 245
97 247
97 277
97 282
97 359
98 130
98 190
98 191
98 196
98 223
98 253
98 277
98 287
98 308
98 335
98 336
98 340
98 345
98 365
98 379
98 381
98 424
98 426
99 110
99 132
99 175
99 180
99 181
99 189
99 202
99 310
99 357
99 398
100 107
100 112
100 140
100 173
100 183
100 184
100 274
100 342
100 345
101 125
101 127
101 135
101 145
101 161
101 199
101 250
101 269
101 348
101 365
102 115
102 117
102 121
102 123
102 128
102 136
102 142
102 178
102 189
102 199
102 244
102 245
102 262
102 285
102 334
102 395
102 399
103 196
103 270
103 347
103 408
104 130
104 141
104 178
104 184
104 190
104 192
104 209
104 220
104 267
104 314
104 315
104 332
104 354
104 359
104 392
104 414
104 416
105 190
105 290
105 302
105 332
105 337
105 402
106 132
106 139
106 166
106 221
106 241
106 274
106 318
106 330
106 348
107 113
107 119
107 137
107 182
107 193
107 198
107 219
107 233
107 234
107 245
107 280
107 309
108 221
108 229
108 335
108 344
108 395
109 138
109 149
109 165
109 167
109 184
109 209
109 221
109 256
109 275
109 287
109 325
109 331
109 351
109 354
109 376
109 377
109 379
109 390
109 395
109 423
109 428
110 121
110 169
110 205
110 278
110 296
110 360
110 426
111 194
111 220
111 257
111 259
111 294
112 114
112 125
112 145
112 156
112 161
112 164
112 177
112 204
112 213
112 223
112 234
112 246
112 292
112 293
112 295
112 297
112 304
112 309
112 317
112 322
112 324
112 345
112 360
112 401
112 430
113 135
113 164
113 174
113 248
113 250
113 256
113 288
113 325
114 118
114 129
114 145
114 205
114 230
114 251
114 258
114 262
114 301
114 375
114 389
114 395
114 401
114 424
115 133
115 164
115 170
115 176
115 177
115 189
115 194
115 246
115 266
115 290
115 310
115 323
115 341
115 408
116 186
116 223
116 232
116 259
116 263
116 337
116 381
116 417
117 125
117 244
117 283
117 320
117 338
117 390
117 392
118 135
118 161
118 208
118 266
118 276
118 288
118 343
118 371
118 429
119 134
119 143
119 147
119 177
119 191
119 286
119 303
119 342
119 375
119 411
120 155
120 157
120 182
120 187
120 216
120 233
120 242
120 314
120 332
121 138
121 141
121 150
121 174
121 193
121 201
121 210
121 228
121 231
121 244
121 327
121 356
121 368
121 372
122 164
122 175
122 185
122 188
122 189
122 204
122 238
122 241
122 250
122 352
122 364
122 386
122 404
123 136
123 138
123 242
123 283
123 370
124 162
124 209
124 229
125 141
125 194
125 249
125 389
125 403
126 179
126 180
126 220
126 266
126 312
126 313
127 134
127 142
127 157
127 214
127 234
127 264
127 270
127 301
127 317
127 350
127 375
128 174
128 192
128 201
128 212
128 219
128 228
128 369
129 137
129 153
129 191
129 198
129 208
129 232
129 234
129 303
129 425
130 182
130 192
130 195
130 208
130 237
130 243
130 313
130 341
130 391
131 146
131 158
131 161
131 162
131 194
131 197
131 217
131 256
131 342
131 348
131 372
131 383
131 405
132 184
132 216
132 227
132 242
132 248
132 263
132 264
133 191
133 316
134 233
134 248
134 306
134 307
134 376
134 427
135 261
135 275
135 276
135 346
135 350
136 150
136 186
136 206
136 259
136 283
136 328
136 380
137 220
137 246
137 249
137 306
137 319
138 151
138 192
138 195
138 198
138 225
138 366
138 412
139 148
139 153
139 269
139 279
139 280
139 282
139 312
139 337
139 346
139 408
139 414
139 426
140 146
140 176
140 185
140 193
140 217
140 222
140 235
140 266
140 267
140 275
140 276
140 349
140 377
141 147
141 163
141 171
141 210
141 214
141 238
141 241
141 258
141 265
141 274
141 277
142 229
142 280
142 296
142 337
142 341
143 228
143 254
143 257
143 321
143 344
143 376
144 183
144 243
144 266
144 307
145 348
145 349
145 358
145 399
146 157
146 177
146 230
146 252
146 299
146 335
146 347
146 370
146 397
146 425
147 206
147 342
148 191
148 211
148 241
148 242
148 261
148 264
148 430
149 170
149 172
149 315
150 197
150 212
150 232
150 289
150 325
150 355
150 364
151 171
151 218
151 248
151 261
151 351
151 389
152 166
152 174
152 296
152 345
152 391
153 251
153 307
153 373
153 402
154 160
154 201
154 219
154 255
154 263
154 268
154 319
154 329
155 269
155 282
155 305
155 346
155 382
155 419
156 176
156 187
156 229
156 230
156 325
156 349
156 429
157 159
157 201
157 224
157 245
157 247
157 287
157 353
159 175
159 242
159 252
159 310
159 407
159 412
160 192
160 220
160 367
161 289
161 367
161 393
161 404
162 188
162 211
162 260
162 426
163 180
163 224
163 226
163 247
163 255
163 257
163 270
163 280
163 282
163 327
163 347
163 363
163 364
163 391
163 394
163 420
164 235
164 370
165 168
165 171
165 339
166 171
166 230
166 320
166 332
166 339
166 351
166 372
167 318
167 427
168 181
168 207
168 294
168 298
168 358
169 172
169 209
169 259
169 350
169 373
169 382
169 386
169 421
169 428
170 239
170 246
170 252
170 294
170 321
170 351
170 362
170 414
170 429
171 349
171 356
171 366
172 218
172 257
172 367
172 398
173 208
173 227
173 311
173 326
173 356
174 213
174 228
174 232
174 238
174 263
174 396
175 198
175 251
175 309
175 333
175 409
176 241
176 294
176 316
177 194
177 265
177 284
177 396
177 411
178 209
179 275
179 280
179 334
179 384
179 413
180 181
180 201
180 252
180 350
180 354
180 391
180 392
180 402
180 427
181 183
181 303
181 308
181 357
181 379
181 392
182 193
182 262
182 361
183 267
183 366
183 371
183 407
184 266
184 293
185 202
185 216
185 237
185 307
185 328
185 356
185 372
185 426
186 287
186 317
186 379
186 400
188 312
188 362
188 380
189 195
189 204
189 205
189 264
189 265
189 326
189 327
189 328
189 340
191 241
191 348
192 200
192 226
192 285
192 295
193 195
194 276
194 277
194 374
194 382
195 243
195 320
195 371
197 279
197 383
198 422
199 317
199 336
200 307
200 353
200 358
200 371
200 390
201 215
201 291
201 343
201 370
202 230
202 373
202 385
202 417
202 420
203 206
203 213
203 279
203 305
203 381
203 396
203 430
204 364
204 365
205 275
205 276
205 340
205 348
206 222
206 232
206 273
206 400
207 227
207 370
207 389
208 279
208 409
208 429
209 245
209 329
209 330
209 351
210 253
210 313
211 217
211 222
211 236
211 254
211 279
211 320
211 394
212 231
212 270
213 227
213 236
213 297
213 407
214 229
214 261
214 340
214 361
216 223
216 377
217 306
217 413
218 228
218 247
218 358
218 393
219 236
219 262
219 270
219 271
219 356
219 381
219 406
220 405
221 291
222 373
222 380
222 418
223 250
223 272
223 388
223 419
223 426
225 320
225 335
225 380
226 236
227 242
227 259
227 293
227 330
227 353
227 374
227 404
228 257
229 306
229 324
229 344
229 403
229 418
230 291
230 353
230 366
230 400
231 295
231 320
231 404
232 237
232 268
232 358
232 397
233 245
233 329
233 359
233 369
234 240
234 261
234 264
234 283
234 301
234 339
234 378
234 387
235 239
235 256
235 308
235 388
235 401
235 423
236 282
236 291
236 382
237 254
237 268
237 286
237 301
237 406
238 297
238 311
238 333
238 335
238 339
239 240
239 286
239 321
239 329
240 302
240 368
241 258
241 328
242 250
243 387
244 280
244 299
244 331
244 336
245 420
246 294
246 340
246 420
247 271
248 338
248 413
249 291
249 410
249 418
250 280
250 291
250 378
250 387
251 271
251 288
252 310
254 262
254 396
255 267
255 343
255 350
255 400
256 319
256 331
256 379
256 386
256 399
257 329
257 361
258 263
258 288
258 355
259 283
259 316
259 323
259 403
260 275
261 398
262 330
263 360
263 391
263 393
264 319
265 293
265 414
265 421
266 286
266 425
267 366
268 342
268 387
269 273
269 333
270 273
270 360
270 384
270 389
271 297
271 404
271 417
272 365
272 383
273 410
274 278
274 418
275 354
276 370
276 377
278 299
278 300
278 313
278 388
278 400
278 405
278 422
279 302
279 394
280 365
280 385
280 395
281 318
281 339
281 357
282 318
282 326
282 378
283 289
283 299
283 325
284 416
285 307
285 420
285 426
287 292
287 376
288 311
288 324
289 295
289 345
290 315
290 349
291 300
292 325
292 402
293 314
293 355
294 330
294 364
294 386
294 424
295 297
295 338
295 361
295 387
298 299
298 404
300 323
300 344
301 323
301 339
302 312
304 347
305 333
305 421
306 314
306 333
307 416
307 422
307 428
308 324
308 385
308 393
309 332
309 377
310 345
312 399
314 359
314 360
314 363
314 374
315 337
316 423
317 369
319 327
319 399
321 331
321 340
321 343
321 390
321 405
321 415
322 337
322 380
322 384
322 389
325 397
326 388
327 347
327 403
329 352
329 355
329 412
329 420
330 372
331 396
332 341
332 371
332 375
333 341
334 416
336 379
338 403
339 411
340 343
340 381
341 353
342 422
347 352
350 352
350 390
353 362
353 400
357 359
358 380
359 383
360 363
362 405
365 394
366 393
366 398
367 419
369 378
369 411
373 428
376 396
377 412
378 415
379 392
382 398
389 399
390 415
392 411
395 396
396 428
402 415
403 421
405 425
416 418
419 425
