0	0.80431110
1	0.80371286
2	0.80410104
3	0.80370487
4	0.80379233
5	0.79679433
6	0.80441733
7	0.80354593
8	0.80373762
9	0.80292133
10	0.80388299
11	0.80353674
12	0.80365855
13	0.80335503
14	0.80413858
15	0.80389137
16	0.80348682
17	0.80420847
18	0.80404513
19	0.80350280
20	0.80369688
21	0.80396805
22	0.80346286
23	0.80401558
24	0.80428195
26	0.80406789
33	0.80397804
37	0.80406310
38	0.80353954
42	0.80392851
44	0.80352516
53	0.80385823
56	0.79271885
57	0.80370567
58	0.80414177
59	0.80391653
60	0.80433866
62	0.80410343
63	0.80374840
65	0.80377037
66	0.80376957
74	0.80375639
77	0.79764337
78	0.80389217
79	0.79272883
82	0.80390735
86	0.80225479
88	0.80362260
96	0.80402276
99	0.80366414
101	0.80437500
106	0.79690296
108	0.80353634
110	0.80391014
111	0.80235343
117	0.80398722
124	0.80340096
131	0.79791494
132	0.80417652
133	0.80229233
134	0.80098243
135	0.79331230
140	0.79896046
142	0.80410184
148	0.80061542
172	0.80328674
174	0.80405871
176	0.79453874
192	0.79692492
205	0.80190815
206	0.79208506
207	0.80409505
209	0.80380990
210	0.80351078
216	0.80090375
221	0.80316813
222	0.79599800
224	0.80185623
225	0.79469569
244	0.80285903
250	0.78914457
251	0.80065216
253	0.76966214
260	0.77760543
270	0.77832468
289	0.79743730
290	0.78604433
292	0.80436142
294	0.80061302
298	0.77171526
302	0.79520527
306	0.79126478
314	0.79536422
318	0.79224161
323	0.78779433
334	0.78110783
338	0.80179313
342	0.74062740
347	0.79230511
361	0.79289058
363	0.79727756
364	0.79874681
372	0.80382109
406	0.78301837
411	0.77243411
417	0.75261981
421	0.77507188
422	0.74259105
424	0.78309385
428	0.79941534
443	0.77526957
446	0.79914217
447	0.79655431
457	0.77028714
458	0.79092332
462	0.76638898
464	0.78941693
473	0.75245168
478	0.76135024
503	0.78775519
505	0.74287460
513	0.79265495
516	0.74092372
531	0.77651038
545	0.76852556
558	0.73551398
561	0.77466374
567	0.78003035
569	0.78732987
573	0.72369848
585	0.76878554
604	0.75860503
627	0.77535224
642	0.78271565
645	0.73268091
657	0.79875639
671	0.76672125
682	0.76404233
696	0.78769409
708	0.68009864
722	0.76515575
727	0.78922684
731	0.74801677
732	0.72674161
748	0.78330631
749	0.79418970
762	0.69598882
766	0.78632109
777	0.70249121
779	0.76800319
805	0.69727276
842	0.77304673
843	0.70124042
852	0.77158706
899	0.78182069
905	0.71343890
942	0.66730950
967	0.68035703
988	0.79732508
1000	0.73817572
1006	0.78011981
1025	0.70240775
1061	0.60638778
1069	0.72978474
1083	0.64500399
1097	0.76348203
1102	0.67178474
1109	0.72505591
1134	0.73448962
1141	0.78758826
1144	0.75750200
1180	0.71722923
1210	0.70626478
1214	0.69030671
1216	0.71855232
1223	0.70236981
1229	0.74857907
1250	0.68150879
1279	0.66551518
1282	0.68944928
1289	0.72196406
1293	0.65316134
1315	0.68322444
1321	0.68341254
1335	0.63814537
1350	0.71080072
1405	0.67731150
1426	0.73958227
1431	0.77672364
1445	0.70737620
1473	0.72968610
1474	0.72994249
1475	0.70133866
1476	0.72219010
1478	0.66716733
1490	0.70240096
1508	0.77311302
1516	0.56587101
1538	0.65976518
1571	0.64269050
1579	0.59855072
1581	0.69096006
1584	0.67549880
1598	0.67871406
1608	0.62406430
1655	0.70418530
1669	0.68032268
1684	0.69110743
1689	0.71885903
1705	0.69789417
1735	0.67239497
1775	0.67578674
1779	0.71228235
1787	0.67679593
1839	0.67974281
1874	0.72558706
1880	0.62237300
1903	0.67389617
1923	0.64965455
1947	0.70085743
2015	0.73619848
2025	0.60939377
2033	0.59792612
2035	0.63964337
2060	0.63498003
2093	0.66249681
2114	0.66720887
2158	0.60479553
2187	0.72064976
2202	0.61727716
2221	0.61099601
2229	0.68956150
2245	0.63644089
2267	0.63987380
2311	0.60784625
2318	0.68797804
2322	0.68167732
2369	0.71212021
2384	0.57274641
2398	0.67677157
2401	0.69717891
2422	0.63069209
2445	0.61422524
2450	0.56144409
2509	0.67714177
2519	0.67553275
2525	0.55655990
2555	0.62094848
2566	0.62227436
2577	0.62242212
2580	0.62041813
2602	0.71536222
2606	0.63074042
2622	0.60604752
2632	0.55678674
2639	0.61711222
2674	0.65447724
2682	0.71222923
2710	0.64624561
2721	0.60668051
2722	0.61864297
2756	0.56453834
2837	0.60611262
2838	0.74247764
2862	0.64513179
2904	0.62178714
2968	0.63854952
2992	0.63981430
3017	0.60032109
3037	0.62047564
3077	0.64602436
3089	0.63803754
3090	0.52688419
3117	0.58239856
3169	0.58022244
3179	0.56612740
3195	0.55293530
3225	0.58055232
3247	0.62926797
3252	0.66822564
3301	0.55338339
3376	0.56654593
3398	0.59971246
3459	0.58662380
3512	0.59336262
3523	0.57280911
3531	0.70406629
3537	0.58528395
3563	0.54502157
3570	0.61599521
3588	0.57131310
3642	0.63009904
3661	0.61895527
3680	0.63612700
3695	0.53693331
3699	0.59842372
3710	0.61125439
3725	0.59205671
3729	0.59815535
3742	0.60269289
3758	0.57699441
3763	0.51818331
3797	0.63983107
3807	0.59970567
3813	0.59476398
3859	0.55642252
3886	0.61423323
3913	0.58700919
3914	0.57452476
3967	0.52260343
3993	0.61730751
4009	0.59304353
4033	0.58702756
4135	0.53552117
4141	0.57851797
4155	0.56789896
4190	0.57905631
4203	0.60454313
4209	0.64483267
4261	0.56159305
4278	0.54217452
4396	0.57245407
4403	0.58385583
4430	0.52570288
4437	0.53996406
4441	0.59430671
4472	0.52548802
4490	0.58968610
4497	0.58998363
4506	0.53843051
4524	0.59829712
4548	0.54665176
4552	0.58071845
4554	0.59972604
4595	0.61725120
4598	0.53098363
4613	0.51766014
4638	0.56420966
4701	0.56937700
4704	0.54199161
4725	0.55158107
4732	0.52428514
4798	0.56278954
4812	0.51827596
4824	0.52913339
4849	0.56453714
4881	0.52707508
4899	0.54668371
4900	0.54817772
4988	0.52938259
4993	0.54516933
29	0.80341294
35	0.80388578
47	0.80358227
61	0.80217292
83	0.80346486
157	0.79422764
163	0.80456989
208	0.78159984
241	0.76573283
252	0.76897125
262	0.77803954
269	0.80381430
311	0.79558187
316	0.80244688
331	0.79967851
339	0.78613938
352	0.79761981
355	0.79384944
366	0.79762899
368	0.76727037
370	0.79212061
466	0.79725200
498	0.73658027
501	0.73623522
526	0.79902356
543	0.73784105
588	0.77322524
608	0.75718011
648	0.79719768
675	0.77373283
694	0.78902636
745	0.73129832
781	0.77794010
858	0.73760104
869	0.72667173
933	0.77388339
936	0.76013978
1100	0.72040136
1105	0.72372165
1132	0.69646366
1193	0.73339816
1222	0.75888658
1308	0.65644968
1462	0.71090016
1467	0.74124002
1529	0.62065375
1540	0.69668850
1559	0.62643650
1602	0.71877676
1693	0.72528714
1728	0.65767292
1769	0.65592252
1789	0.67644329
1801	0.67682069
1814	0.64443770
1884	0.63628554
1890	0.68957907
1895	0.60303435
1914	0.69738698
1930	0.64434026
2117	0.63351398
2129	0.65259105
2135	0.63956270
2298	0.61283746
2334	0.57120367
2350	0.66732628
2358	0.61063858
2371	0.64599641
2461	0.62379353
2512	0.59837899
2673	0.71342851
2701	0.59263538
2799	0.59217093
2805	0.59019169
2849	0.60133626
2854	0.59184545
2871	0.67571286
2879	0.58198962
3004	0.53518970
3021	0.60924960
3135	0.57058826
3139	0.55949401
3161	0.56876757
3196	0.58146126
3231	0.59045847
3394	0.57095807
3405	0.61775120
3573	0.55635104
3688	0.60971845
3875	0.61469369
3910	0.58173482
3947	0.54184385
3958	0.57875958
3995	0.60432708
4001	0.54837740
4136	0.66733786
4178	0.58225919
4207	0.57904912
4249	0.60134465
4295	0.51781989
4376	0.58825759
4512	0.55476398
4553	0.54008626
4556	0.53881909
4572	0.52722564
4719	0.53877955
4800	0.55768251
4853	0.53743450
4957	0.59988259
4977	0.57041454
25	0.80348083
28	0.80438898
68	0.80397764
75	0.80368291
80	0.80375359
94	0.79581869
98	0.79416094
105	0.77456150
119	0.79732947
122	0.79249800
123	0.78461542
171	0.80215815
183	0.80188299
197	0.78597764
240	0.79441773
242	0.80192851
296	0.78962540
305	0.79751757
309	0.79390176
312	0.77680831
322	0.78438019
327	0.80309105
353	0.78327676
395	0.79305591
397	0.75848482
407	0.76709465
415	0.76485184
433	0.75704473
438	0.75068171
450	0.79606869
471	0.77501198
482	0.78393970
489	0.78753954
528	0.76990136
550	0.74093251
578	0.78909385
687	0.73480711
688	0.64460623
756	0.66421486
758	0.73452556
857	0.70585463
859	0.68190655
891	0.76682508
894	0.66433307
930	0.70539417
935	0.75417133
1056	0.71535503
1074	0.71671046
1084	0.73658906
1131	0.65646605
1169	0.63792252
1200	0.74328834
1251	0.71221286
1278	0.72956430
1290	0.71660543
1374	0.75238658
1420	0.68005631
1427	0.72487819
1525	0.70724960
1531	0.66873842
1658	0.64482748
1752	0.73146645
1776	0.72140855
1784	0.68826078
1808	0.67357468
1843	0.69775919
1894	0.65457348
1906	0.68160743
1911	0.69447404
1932	0.61764217
2003	0.67228075
2100	0.71706989
2171	0.59812300
2249	0.63385823
2257	0.63651757
2331	0.72164617
2352	0.68823363
2372	0.67654433
2381	0.68041374
2414	0.64147045
2452	0.68332748
2471	0.61765335
2502	0.58528435
2554	0.58386462
2557	0.53863458
2610	0.59127157
2612	0.58988179
2620	0.63833986
2635	0.59506070
2689	0.58224760
2693	0.68026757
2740	0.58196006
2771	0.63194289
2794	0.70531669
2915	0.62743530
2976	0.58871885
2997	0.62517093
3113	0.58200679
3168	0.62898602
3281	0.60264537
3304	0.61639177
3335	0.57393171
3347	0.63078195
3404	0.67330671
3414	0.59344169
3500	0.58795727
3532	0.59812500
3631	0.59663379
3730	0.53734385
3744	0.61138818
3904	0.54667452
4040	0.54986022
4062	0.59583666
4063	0.58056669
4108	0.54319529
4189	0.53893131
4230	0.54188498
4320	0.60301877
4333	0.56429513
4349	0.52420567
4388	0.56003674
4450	0.54376198
4601	0.61275919
4618	0.56767452
4644	0.57907508
4708	0.52397165
4871	0.58533147
4932	0.56229433
4943	0.56799920
40	0.80366214
97	0.80371685
100	0.80339097
141	0.78761901
212	0.80045687
299	0.77476757
310	0.80207228
332	0.76528714
382	0.80243291
431	0.73956270
484	0.79763538
500	0.71348003
540	0.74582788
552	0.78598482
564	0.74101238
634	0.75744569
699	0.71693530
808	0.76864377
825	0.72019968
845	0.76543490
964	0.77125479
1249	0.71055152
1256	0.75635543
1277	0.69791733
1294	0.67539816
1382	0.68858107
1451	0.69603634
1456	0.65082788
1569	0.68337700
1717	0.78472724
1905	0.63675639
1972	0.67568970
2154	0.71866853
2353	0.64290256
2539	0.62038139
2675	0.63528914
2700	0.56918091
2704	0.63184625
2723	0.61373522
2873	0.57425000
2876	0.57210543
2921	0.61402915
2960	0.63519169
3101	0.66217452
3362	0.56929633
3806	0.56263938
3899	0.62930591
4357	0.53292053
4468	0.62502835
4517	0.56441853
4547	0.56758506
4590	0.55805831
4782	0.51165735
4892	0.54861981
4973	0.55971765
27	0.80341813
30	0.80361342
39	0.80398442
52	0.80367013
113	0.80365815
116	0.80047404
125	0.80311462
137	0.79735304
145	0.79742492
155	0.71586102
166	0.80191813
181	0.80399760
202	0.79094848
214	0.80411302
215	0.77471006
223	0.78337300
254	0.77341214
263	0.78103155
350	0.79041134
388	0.80088538
404	0.80059824
425	0.80034065
432	0.80411821
455	0.77969129
459	0.79929752
479	0.78587899
480	0.75610463
502	0.77954553
515	0.77131030
533	0.80276997
562	0.77256310
591	0.75882827
662	0.74813339
669	0.75705671
683	0.76472644
692	0.79256869
741	0.76876717
764	0.72655511
774	0.77369808
784	0.68027117
791	0.77511502
824	0.78559105
847	0.75242732
851	0.74968091
909	0.75781949
913	0.77141454
946	0.70743530
970	0.72703035
1009	0.76410623
1119	0.65737101
1145	0.62189457
1171	0.70755751
1191	0.72173283
1203	0.70877316
1227	0.71697244
1318	0.73508946
1370	0.72332907
1387	0.71851398
1411	0.65605351
1414	0.76056030
1502	0.73139537
1523	0.64437740
1604	0.64522404
1747	0.67492332
1809	0.70062141
1993	0.69308746
2201	0.61749880
2272	0.66243171
2440	0.63680990
2655	0.67354193
2707	0.59205911
2746	0.63871486
2843	0.58684065
2875	0.63079952
3048	0.59966014
3078	0.64290096
3145	0.58715016
3217	0.65776997
3248	0.59885343
3283	0.57509305
3310	0.58511701
3426	0.64628395
3429	0.59826997
3499	0.60928794
3550	0.61408107
3625	0.59002276
3634	0.55822204
3679	0.54358906
3841	0.58833786
3905	0.60321246
3972	0.55292372
4019	0.55330351
4204	0.61762979
4212	0.53560783
4416	0.53091414
4462	0.56320128
4538	0.56602436
4713	0.54504952
4891	0.57412500
4904	0.57253834
72	0.80248762
85	0.80376438
139	0.80392212
285	0.79844768
437	0.79095168
488	0.75245288
606	0.75073922
613	0.72407548
680	0.78611701
800	0.70396925
1541	0.73153195
1827	0.74255312
1962	0.62525120
2145	0.62718930
2146	0.63699840
2173	0.62392891
2774	0.58711022
2965	0.60137061
3122	0.60937260
3339	0.59804153
3644	0.55642891
3687	0.55826398
3865	0.56598323
3950	0.58858906
4117	0.54733506
4147	0.58236302
4309	0.56225519
4650	0.57568970
4662	0.52162460
4663	0.54487460
31	0.80395128
32	0.80338738
46	0.80365335
51	0.80347284
76	0.80387540
95	0.80353115
114	0.80316454
121	0.80367212
127	0.80357668
128	0.78899241
144	0.80322883
153	0.79567891
160	0.80311621
165	0.80375639
239	0.73160783
293	0.80212380
304	0.80197244
354	0.80217212
494	0.77017292
579	0.78883666
584	0.77360423
612	0.79857987
615	0.77185064
628	0.79129433
638	0.62267931
640	0.72352955
643	0.71808307
703	0.77667931
716	0.73976358
742	0.69149161
785	0.74966653
921	0.70091014
939	0.71718690
980	0.75434545
1017	0.77177796
1058	0.68671166
1076	0.61590815
1128	0.64143211
1166	0.78303075
1178	0.70412740
1220	0.73008626
1283	0.76530312
1310	0.65240056
1340	0.69620367
1439	0.68861342
1640	0.68841973
1721	0.70753315
1924	0.76227835
2049	0.62714736
2193	0.71038019
2323	0.66575080
2364	0.61132308
2368	0.61251677
2428	0.63518011
2817	0.57345407
2877	0.63186462
2886	0.58700919
2934	0.63542931
2961	0.64475639
2988	0.56442252
3006	0.63545367
3033	0.67978714
3065	0.61117252
3207	0.54028115
3254	0.59599081
3323	0.55121845
3388	0.58541214
3506	0.54803395
3694	0.58682109
3774	0.56514058
3804	0.54691893
3882	0.61411861
3928	0.58850439
4192	0.60792093
4222	0.57407508
4233	0.56560863
4236	0.57770248
4294	0.55592612
4354	0.56746605
4498	0.55779233
4583	0.55977955
4724	0.56936102
4741	0.59318291
4778	0.54642372
4794	0.52404073
4991	0.56129952
43	0.80325599
49	0.80374201
55	0.80343211
64	0.80335903
112	0.80353554
115	0.79741334
150	0.80202396
156	0.79701677
158	0.79555871
199	0.74965775
218	0.79805312
234	0.76552915
245	0.79486342
283	0.78797284
286	0.78585903
295	0.78535463
359	0.80006709
383	0.77849161
386	0.80272045
426	0.74930871
475	0.76702196
506	0.78420168
520	0.79594728
523	0.66892093
566	0.78464936
587	0.78109425
614	0.70573243
633	0.71555112
660	0.73631190
759	0.74745128
883	0.66704752
910	0.73637420
911	0.74729513
947	0.72839177
966	0.67854433
987	0.77691134
1014	0.73639856
1049	0.69186901
1065	0.76977796
1157	0.70264457
1190	0.64621725
1268	0.64962979
1284	0.76082628
1346	0.61904313
1376	0.64821446
1389	0.68979433
1534	0.69166454
1636	0.69612620
1649	0.73149601
1694	0.65437660
1741	0.69799002
1751	0.69105112
1830	0.64762500
1834	0.67248442
1835	0.64468810
1883	0.76681829
1981	0.66228195
2109	0.69621845
2175	0.64969728
2179	0.58146765
2211	0.71888219
2269	0.69112819
2287	0.64410703
2324	0.61898323
2433	0.55990695
2453	0.63495248
2598	0.65420168
2747	0.58232588
2757	0.54828594
2902	0.67821126
2996	0.64773962
3030	0.60298802
3045	0.61113179
3054	0.57045487
3103	0.54666813
3130	0.63806150
3147	0.61917212
3271	0.59040695
3277	0.59018770
3292	0.57895048
3365	0.59484625
3504	0.68002516
3518	0.55001158
3569	0.64173842
3571	0.61585264
3668	0.59024561
3690	0.56752436
3788	0.55331589
3837	0.57914377
3946	0.57115495
3963	0.56609385
4173	0.59655272
4193	0.56879393
4194	0.55155471
4214	0.57541613
4273	0.57580631
4494	0.56460024
4514	0.53671845
4561	0.60461502
4604	0.55321326
4639	0.53064936
4711	0.60931510
4754	0.51922125
4781	0.56902955
4797	0.55169609
4895	0.55647364
4909	0.55157867
4923	0.53829872
4954	0.52453594
5005	0.53591853
70	0.80321206
84	0.80412859
104	0.80362859
143	0.80097204
146	0.80332428
184	0.80405591
203	0.75918450
204	0.80379233
237	0.79859704
256	0.79909105
273	0.80104513
301	0.80428315
340	0.79869888
348	0.74895727
358	0.75204034
369	0.78917053
442	0.76369728
461	0.80251198
465	0.80258626
507	0.72026837
511	0.78311222
519	0.78461941
529	0.70253155
532	0.75584425
534	0.79235463
544	0.79417971
546	0.69901158
559	0.79985982
575	0.72672644
580	0.73149241
593	0.73594688
609	0.74588698
616	0.75838219
658	0.76729553
711	0.73223083
790	0.78454792
820	0.71087420
828	0.76673482
830	0.75252556
833	0.68984784
844	0.76229792
862	0.78458786
903	0.74424561
914	0.67221885
918	0.70316693
1002	0.66066693
1011	0.70145927
1018	0.75580072
1019	0.64161262
1027	0.76344249
1057	0.76432588
1094	0.73491853
1095	0.68796326
1158	0.66106829
1170	0.77784585
1202	0.62249321
1207	0.70760743
1247	0.69603155
1325	0.72211781
1360	0.63345008
1373	0.63651078
1378	0.73450998
1392	0.71191813
1452	0.73056989
1457	0.70814177
1465	0.71909145
1499	0.62849880
1513	0.60459385
1549	0.71859465
1578	0.73450559
1600	0.60416813
1609	0.63999720
1692	0.67205431
1701	0.64646965
1757	0.64968291
1816	0.62052077
1821	0.73008546
1841	0.73303275
1857	0.69794089
1862	0.60632308
1869	0.69426038
1955	0.68146166
2036	0.54811941
2050	0.68170447
2156	0.66880711
2246	0.64624121
2285	0.63346206
2362	0.68225200
2404	0.66590335
2426	0.64190575
2439	0.67658067
2451	0.62710583
2533	0.59987540
2541	0.66406190
2617	0.59594289
2625	0.62383666
2729	0.67350280
2798	0.61833466
2814	0.59948123
2820	0.62093610
2832	0.56775439
2835	0.61729073
2863	0.67024161
2959	0.60753355
2987	0.55765415
3028	0.66552995
3112	0.61944569
3137	0.57210024
3188	0.60807628
3272	0.56473043
3322	0.59829433
3397	0.55775839
3467	0.60913938
3663	0.58029433
3682	0.59807308
3736	0.55038698
3822	0.58070327
3846	0.57064936
3941	0.62053115
3978	0.54001438
4006	0.55145367
4024	0.58386781
4092	0.59648922
4113	0.54981430
4191	0.56559545
4284	0.60314736
4297	0.55994449
4402	0.53850160
4475	0.55444569
4592	0.55153514
4606	0.55971645
4674	0.58484185
4700	0.55651358
4833	0.53552037
4898	0.54389976
34	0.80361102
45	0.80382987
48	0.80219249
67	0.80420687
87	0.80220088
90	0.80386861
93	0.80336142
118	0.80357987
130	0.80389617
138	0.80364257
159	0.80382428
162	0.80350839
173	0.80353874
190	0.77314177
227	0.77959864
236	0.80207149
243	0.79098323
249	0.77173962
287	0.77482308
356	0.78766573
365	0.77309704
379	0.79092292
413	0.79240935
420	0.79879952
430	0.78467532
436	0.78667173
451	0.79443770
453	0.79535583
460	0.76852835
537	0.77312460
551	0.78943610
677	0.76971006
678	0.78121925
704	0.76850280
706	0.74585823
780	0.71232947
813	0.76971605
835	0.73633187
846	0.77462181
855	0.62371925
863	0.74924641
886	0.75059026
976	0.75138858
993	0.72718291
1031	0.78417212
1071	0.72635024
1090	0.76005511
1091	0.65303355
1194	0.73504992
1254	0.65602037
1276	0.68975599
1295	0.70382708
1324	0.68119449
1326	0.57092053
1334	0.69822764
1336	0.66081190
1354	0.67350240
1404	0.74807668
1416	0.64964896
1442	0.68327835
1446	0.67435703
1453	0.67328634
1459	0.75887939
1498	0.70570288
1537	0.75063139
1545	0.64824760
1580	0.69650000
1607	0.68934904
1629	0.66883626
1666	0.61556550
1742	0.63550559
1745	0.75090615
1756	0.61908227
1761	0.70766733
1805	0.68171446
1811	0.62540256
1897	0.70946965
1909	0.74252516
1916	0.73138259
1920	0.72073283
1944	0.65628155
1988	0.68659305
1995	0.68233546
2000	0.64957109
2023	0.70119688
2057	0.64282588
2104	0.70414896
2118	0.68172165
2208	0.60603954
2247	0.70272564
2274	0.62391973
2294	0.60608906
2312	0.71021885
2335	0.57732588
2339	0.55969728
2423	0.63192931
2497	0.70276238
2517	0.61749321
2540	0.67059984
2629	0.54300958
2661	0.64350359
2667	0.67157308
2671	0.60803994
2680	0.64104593
2709	0.66687780
2714	0.64803914
2731	0.63023083
2735	0.63370807
2745	0.59692931
2761	0.59332947
2764	0.56655152
2819	0.59023722
2822	0.60171685
2853	0.62348203
2916	0.66902396
2955	0.58363099
3000	0.70457348
3022	0.54861302
3060	0.58425280
3081	0.59381749
3181	0.54823602
3229	0.59730511
3269	0.57925958
3317	0.65816214
3330	0.55648522
3379	0.60301797
3385	0.62566573
3391	0.57089217
3418	0.65252077
3443	0.60167612
3451	0.58509545
3456	0.55914657
3478	0.57374641
3484	0.65753075
3519	0.62041893
3593	0.51608107
3683	0.51958706
3715	0.61431430
3791	0.58255950
3809	0.55805871
3825	0.56817931
3868	0.60416773
3957	0.52740256
3959	0.58860383
4003	0.55034145
4021	0.58739097
4034	0.55366214
4042	0.58858546
4079	0.57415136
4091	0.58028195
4153	0.56742851
4195	0.65802276
4199	0.61109984
4228	0.58389018
4241	0.61420527
4348	0.54821725
4374	0.59299760
4410	0.59457907
4465	0.53056829
4507	0.59660783
4528	0.55185184
4545	0.57690136
4559	0.53876597
4567	0.52586182
4579	0.56118331
4615	0.54832668
4702	0.57140296
4721	0.56646086
4768	0.57460863
4775	0.53841414
4841	0.54052636
4846	0.53374800
4866	0.54832428
4880	0.57414537
4983	0.52441254
4990	0.54054034
36	0.80397364
69	0.80364896
102	0.80197604
120	0.80215535
126	0.80409385
180	0.79733826
191	0.80191254
220	0.80101318
267	0.79374201
272	0.80066014
308	0.78430911
337	0.65291773
371	0.76518730
396	0.80036222
402	0.73310264
419	0.80360623
490	0.80429353
512	0.73786621
518	0.77191014
571	0.78652636
603	0.73490096
607	0.76985184
610	0.78697524
624	0.76364696
679	0.77346286
690	0.77997804
697	0.72364976
707	0.78004513
724	0.77622484
760	0.79598522
815	0.72558826
817	0.73645727
874	0.76376198
893	0.76086062
902	0.74784784
904	0.76716933
923	0.76499561
961	0.69265735
962	0.66268411
1004	0.72656230
1052	0.79430591
1080	0.70423922
1137	0.75578275
1228	0.68038458
1233	0.62714896
1241	0.75246845
1261	0.72992971
1262	0.72806310
1272	0.59671126
1316	0.68654792
1347	0.76667971
1352	0.74080431
1357	0.72494050
1363	0.66709984
1388	0.72362141
1413	0.67358906
1418	0.77627476
1501	0.70598802
1515	0.63876198
1591	0.64333666
1626	0.66914617
1634	0.70285942
1652	0.66121006
1664	0.61902596
1703	0.68122963
1709	0.66544089
1727	0.61613778
1736	0.72651717
1783	0.69766334
1786	0.70898722
1790	0.69023842
1803	0.62389577
1837	0.61957708
1852	0.71662141
1877	0.69599760
1934	0.67051198
1937	0.70889976
1940	0.58553275
1948	0.74299002
1957	0.67163139
1994	0.70879792
2011	0.66901917
2013	0.59683107
2084	0.60715855
2147	0.63701997
2196	0.63333826
2222	0.64655391
2282	0.71869329
2306	0.61574840
2337	0.67365735
2380	0.58056949
2397	0.60462979
2465	0.56936502
2475	0.66500160
2478	0.68214577
2511	0.63040495
2514	0.61906390
2530	0.64296725
2552	0.64307548
2571	0.62396246
2576	0.57219529
2594	0.65699601
2618	0.61282029
2678	0.67838818
2702	0.67370288
2874	0.59848962
2897	0.65445008
2899	0.66594409
2903	0.60107867
2950	0.62096126
2986	0.59960623
3023	0.56999880
3071	0.57203834
3148	0.62825759
3190	0.61732907
3191	0.64468970
3198	0.61046006
3218	0.58054313
3234	0.64792492
3280	0.59676198
3296	0.60953075
3300	0.64655751
3303	0.65946126
3308	0.58397564
3319	0.59942572
3440	0.60143570
3492	0.67344968
3507	0.58232827
3549	0.57767053
3610	0.50678914
3651	0.64464497
3665	0.59625439
3691	0.58022883
3696	0.56170088
3749	0.56624641
3770	0.62396605
3819	0.62595407
3828	0.55325839
3839	0.58345327
3849	0.63366374
3867	0.57263259
3900	0.56455631
3906	0.55299681
3909	0.63529712
4018	0.65740216
4035	0.58055351
4067	0.57704353
4126	0.56112899
4171	0.55631470
4177	0.57222324
4181	0.58846765
4183	0.59021286
4264	0.54662540
4311	0.54325479
4344	0.57724081
4421	0.59158466
4464	0.55334625
4488	0.56743930
4515	0.59651038
4541	0.58523243
4568	0.61086502
4569	0.54348403
4597	0.54451278
4667	0.55357308
4808	0.55294569
4901	0.54385623
4930	0.50545008
4950	0.54987620
4970	0.53521605
50	0.80350359
81	0.80400958
167	0.74745687
168	0.80050240
169	0.80375240
170	0.80382987
179	0.80406949
185	0.80435903
189	0.80244808
201	0.80365775
235	0.80357668
247	0.77762700
268	0.80365216
282	0.80213778
357	0.74764936
389	0.79549401
400	0.80251717
403	0.79777037
405	0.77962101
418	0.75382149
448	0.79906350
463	0.79396206
468	0.80082109
472	0.78604952
525	0.72840855
576	0.77794688
590	0.76366174
594	0.78767732
625	0.77334265
647	0.75718850
656	0.72037061
670	0.76268930
695	0.67514297
714	0.76928794
720	0.69618291
736	0.78633586
747	0.70908387
789	0.75060024
795	0.68615176
803	0.70743730
849	0.70909026
876	0.71822484
912	0.75736222
915	0.76109904
917	0.68185104
925	0.73268650
949	0.69329073
954	0.67667692
992	0.69012660
999	0.76859145
1008	0.77157428
1016	0.73579593
1041	0.73493930
1086	0.68495927
1114	0.61888219
1117	0.75343331
1130	0.70513458
1155	0.72121685
1186	0.73789776
1287	0.68995767
1369	0.67186981
1372	0.72966054
1384	0.70056350
1412	0.73326797
1443	0.68049441
1454	0.69910264
1506	0.75856589
1533	0.69255711
1616	0.63057308
1661	0.64160224
1697	0.71380831
1750	0.67638818
1774	0.63843810
1825	0.70518011
1907	0.70062181
1936	0.61769449
1946	0.67992412
1954	0.65105351
2048	0.66090695
2105	0.61438458
2157	0.64638978
2162	0.71412500
2227	0.69758427
2250	0.69928474
2261	0.61624800
2276	0.54975519
2283	0.59971126
2284	0.69101318
2292	0.65140335
2308	0.71392732
2329	0.65123882
2341	0.62882188
2410	0.66746685
2424	0.61597284
2459	0.60635104
2481	0.66283586
2567	0.61903914
2570	0.53685463
2581	0.60316773
2583	0.62042612
2601	0.58681589
2605	0.65902636
2623	0.63204673
2626	0.60306589
2627	0.57561462
2651	0.68172923
2677	0.67349042
2748	0.61250399
2825	0.61915016
2829	0.68343970
2924	0.62068970
2969	0.59315216
3007	0.59336861
3008	0.64662580
3035	0.66076957
3107	0.63966054
3127	0.60134864
3205	0.58202157
3228	0.62553075
3260	0.62679952
3324	0.57672963
3341	0.65454393
3382	0.59789816
3487	0.58677196
3542	0.60187979
3564	0.57057149
3603	0.58683826
3604	0.54541893
3613	0.64519089
3677	0.62901957
3767	0.57428435
3842	0.55661821
3844	0.58872644
3850	0.54846246
3939	0.57739776
3955	0.63515935
4058	0.55139976
4080	0.60143890
4106	0.51286342
4172	0.58489137
4206	0.58366294
4232	0.58491334
4276	0.57560104
4314	0.59203075
4322	0.54828514
4350	0.57281270
4409	0.53367492
4540	0.55933906
4564	0.50656470
4580	0.56390176
4666	0.60771725
4766	0.56587300
4770	0.52582149
4843	0.58522125
4851	0.54997564
4924	0.50009265
4939	0.56772045
71	0.80421046
107	0.80365775
329	0.78138738
394	0.80032987
401	0.79534864
444	0.75920208
504	0.80394649
568	0.76620327
572	0.77418411
661	0.77103874
668	0.67832308
673	0.76215136
674	0.78420168
702	0.70279792
754	0.74054992
782	0.73644928
812	0.75682428
865	0.69126118
875	0.72514058
931	0.69620208
948	0.70809065
1012	0.72387300
1092	0.76335064
1118	0.78000759
1133	0.74653834
1152	0.76181110
1198	0.70417332
1240	0.68631829
1257	0.70688059
1273	0.66698962
1307	0.74851478
1403	0.69591853
1423	0.67368211
1510	0.76513179
1645	0.69378075
1662	0.58165535
1665	0.71548283
1683	0.64769928
1698	0.68994728
1795	0.66894329
1879	0.70600719
1967	0.70260903
1978	0.66705431
2030	0.65120567
2038	0.58522045
2115	0.64273762
2119	0.69784185
2132	0.67818810
2170	0.64957069
2204	0.65555032
2259	0.64984465
2302	0.62391613
2388	0.60148003
2391	0.59345687
2442	0.60806390
2463	0.67576957
2489	0.65170887
2582	0.68004792
2609	0.56261661
2669	0.55658706
2717	0.55712141
2724	0.65934665
2777	0.61594888
2842	0.61747764
2850	0.57092612
2852	0.65148283
2896	0.59330511
3184	0.63349201
3221	0.63217931
3383	0.55239936
3415	0.60911661
3425	0.58961741
3481	0.57905152
3510	0.57138099
3540	0.53912460
3589	0.57390216
3596	0.54171526
3654	0.54715575
3689	0.62264137
3705	0.54201358
3726	0.56468131
3802	0.55306669
3832	0.61413179
3857	0.61559904
3962	0.62922404
4043	0.57394289
4217	0.57426797
4251	0.55623083
4365	0.59356789
4423	0.57278794
4461	0.53239497
4493	0.55937101
4539	0.57905152
4685	0.56762181
4756	0.55826757
4767	0.53404673
4785	0.55685264
4867	0.55981510
4987	0.53247244
54	0.79922444
73	0.80070288
109	0.80211062
136	0.80329792
149	0.77609425
151	0.80379832
152	0.79759265
175	0.79740495
177	0.80397484
188	0.80393930
211	0.76995088
219	0.80022045
248	0.78473403
258	0.77312700
265	0.78936542
274	0.79122923
284	0.80367732
307	0.76869848
349	0.80302875
381	0.76822125
385	0.77686701
390	0.80201118
499	0.76110623
510	0.77040296
524	0.77370208
599	0.78306030
632	0.77346605
636	0.58360982
663	0.76871086
701	0.69809026
718	0.68509864
737	0.75513778
744	0.70930232
786	0.67506550
811	0.79860503
819	0.73769010
867	0.69157428
870	0.64946286
938	0.71251997
950	0.63046206
1003	0.76364696
1029	0.68981909
1037	0.66548482
1038	0.69437580
1066	0.76667173
1135	0.75766014
1175	0.69952236
1237	0.70751278
1320	0.73473203
1338	0.65118930
1385	0.70753435
1430	0.59174601
1435	0.70816653
1492	0.71250120
1500	0.65449561
1548	0.60801358
1572	0.69776438
1587	0.70577396
1611	0.71541054
1673	0.65443331
1682	0.71847005
1688	0.67040615
1712	0.65599960
1744	0.72232748
1770	0.67885823
1799	0.67493131
1806	0.71185264
1844	0.70550559
1892	0.67020248
1985	0.61612620
2040	0.63977436
2061	0.71689018
2110	0.62723842
2112	0.62694249
2126	0.59770288
2131	0.66582827
2223	0.66115535
2255	0.71500280
2262	0.68065535
2279	0.61721406
2482	0.62862859
2531	0.60458906
2572	0.66262939
2573	0.68808626
2578	0.67887380
2631	0.70393211
2637	0.67053435
2643	0.64464137
2645	0.64823682
2668	0.62860903
2733	0.57226358
2755	0.66903754
2767	0.64002356
2773	0.63020727
2801	0.56422963
2803	0.62895727
2831	0.58885463
2861	0.68207548
2866	0.54664736
2893	0.57054952
2910	0.66742931
2937	0.57228714
2944	0.67835823
3010	0.63499561
3043	0.65759984
3092	0.59160423
3097	0.56724601
3178	0.61051597
3199	0.62225040
3219	0.63061941
3224	0.58216653
3346	0.60483986
3363	0.67460144
3368	0.61995527
3458	0.56747324
3474	0.56404034
3489	0.56068211
3497	0.62200839
3503	0.67204633
3582	0.54220767
3611	0.54649920
3614	0.56409744
3738	0.54353315
3739	0.59288219
3765	0.59519888
3833	0.54838578
3840	0.61280391
3870	0.55654353
3878	0.54668131
3891	0.58994329
4065	0.56892412
4084	0.54517772
4163	0.53437340
4187	0.54824401
4225	0.53069249
4445	0.52273522
4527	0.58211422
4599	0.53067292
4623	0.50645128
4628	0.57097284
4717	0.51614856
4771	0.56628514
4844	0.54696446
4859	0.57780950
4906	0.54993251
4967	0.55478275
41	0.80337620
259	0.80410503
261	0.79081150
279	0.80205112
374	0.78929113
449	0.79250519
509	0.77423802
535	0.75387580
605	0.76533107
761	0.72369289
772	0.70741853
806	0.74881789
906	0.71465615
975	0.67513818
1060	0.73111861
1099	0.73778155
1143	0.73970407
1221	0.65597923
1288	0.70424840
1343	0.75855032
1393	0.71742692
1402	0.65925439
1415	0.72018251
1485	0.70077236
1610	0.66718890
1621	0.72970527
1633	0.70638299
1667	0.72840655
1824	0.68811022
1836	0.64922284
1867	0.62704593
1875	0.69447244
1881	0.74747524
1901	0.62197963
1945	0.62410224
2070	0.63800799
2169	0.68019010
2190	0.66390415
2366	0.59683227
2367	0.64647644
2437	0.64187021
2524	0.68219728
2663	0.65839217
2715	0.63692372
2754	0.56128994
2775	0.61282947
2894	0.62767732
2936	0.64161861
3049	0.64473762
3129	0.55183746
3156	0.59791653
3176	0.58645367
3211	0.60328275
3256	0.67043291
3302	0.65420168
3311	0.55639696
3457	0.58235823
3701	0.58048802
3949	0.59513858
3998	0.61292612
4026	0.56652556
4120	0.52115415
4122	0.50147244
4243	0.58397684
4383	0.55321565
4518	0.55291573
4584	0.56327236
4681	0.54209704
4934	0.55776238
89	0.80322125
178	0.76048562
187	0.80350280
278	0.79539137
303	0.77357827
321	0.77927077
328	0.78668251
360	0.70908466
393	0.80216454
491	0.73799201
542	0.73793131
556	0.75707348
565	0.79731110
589	0.75940775
611	0.78912021
639	0.75827436
667	0.75900160
721	0.78473442
801	0.72183067
866	0.74333666
877	0.78643810
878	0.73661062
887	0.66879792
943	0.73563578
944	0.73243211
990	0.74133506
1088	0.66721286
1108	0.65759265
1115	0.70753994
1146	0.64635184
1150	0.69073922
1156	0.76194249
1164	0.76089736
1305	0.71122644
1329	0.71272045
1366	0.71526917
1375	0.73483986
1410	0.69971965
1595	0.72701038
1615	0.76241014
1631	0.72571366
1651	0.63384185
1674	0.73167612
1691	0.68366134
1707	0.68677157
1749	0.67846965
1794	0.60156669
1828	0.67983866
1896	0.66573562
1913	0.65613219
1996	0.68981030
2014	0.63642252
2037	0.70575719
2065	0.60337141
2067	0.64185144
2086	0.62198762
2090	0.70738778
2121	0.55008307
2125	0.64807308
2151	0.70075679
2166	0.62887300
2192	0.56100639
2195	0.64150319
2217	0.68132348
2258	0.60434065
2315	0.61450399
2373	0.57680671
2400	0.57423762
2553	0.61637141
2585	0.66054792
2687	0.57877516
2727	0.66885144
2770	0.70115016
2807	0.60928075
2856	0.58548083
2878	0.58375879
2914	0.67998962
2920	0.64657788
3014	0.54495128
3040	0.64145607
3098	0.62035583
3226	0.61383387
3246	0.60159065
3258	0.60265296
3353	0.60658786
3357	0.56094888
3468	0.65621526
3623	0.53547204
3637	0.55771885
3653	0.55939297
3656	0.62435264
3666	0.55652835
3681	0.52569329
3716	0.60464137
3951	0.59344968
3952	0.58358147
4014	0.58009026
4152	0.54690615
4254	0.59781190
4301	0.53703714
4351	0.51800998
4378	0.59774441
4426	0.56600240
4620	0.58360663
4668	0.56099880
4691	0.54350599
4731	0.54205791
4739	0.57222284
4762	0.55018610
4774	0.57917891
4850	0.58568091
4878	0.54008506
4879	0.53393970
4963	0.53521486
103	0.80216653
164	0.80212141
257	0.72483826
344	0.79285343
346	0.77626438
351	0.80166014
375	0.77654912
409	0.79331030
410	0.70419569
445	0.69268890
481	0.75259824
493	0.79638458
536	0.77994728
555	0.77848722
630	0.78126198
685	0.79754912
691	0.76723522
712	0.78323482
746	0.77633466
792	0.71048203
797	0.76202835
924	0.64288818
974	0.78931949
1013	0.70551957
1106	0.64491773
1138	0.74306270
1182	0.73832268
1215	0.76126118
1252	0.66078594
1263	0.77167292
1269	0.69279593
1344	0.68097564
1349	0.71838978
1380	0.72169529
1447	0.62095487
1483	0.68610623
1488	0.69288498
1514	0.68818051
1695	0.64489217
1708	0.68976038
1723	0.65973962
1733	0.73475319
1780	0.61253035
1853	0.64970248
1886	0.65280431
1960	0.62338339
1965	0.68660942
1989	0.63840935
2004	0.63846805
2046	0.66107548
2069	0.71749042
2142	0.54834385
2150	0.60604832
2155	0.67185144
2186	0.62404952
2295	0.63690455
2313	0.63898922
2321	0.70418091
2357	0.65428155
2510	0.63371006
2543	0.60976038
2559	0.58320727
2743	0.58881909
2763	0.58913698
2780	0.59343930
2791	0.57873283
2800	0.58363658
2864	0.63198442
2957	0.64654912
3002	0.65750719
3042	0.58033986
3068	0.56240535
3084	0.69230272
3111	0.58875559
3124	0.57076438
3128	0.61612460
3152	0.65287181
3164	0.63003954
3201	0.62027276
3213	0.63951518
3232	0.59017732
3235	0.59142532
3275	0.54367053
3305	0.57504233
3321	0.66562220
3342	0.65400879
3400	0.62761182
3508	0.59628594
3617	0.58246406
3773	0.55456070
3830	0.57714696
3863	0.55190974
3933	0.64940535
4093	0.61258027
4156	0.60269489
4164	0.58653395
4180	0.55652835
4200	0.58548123
4234	0.50675559
4370	0.53318570
4389	0.56600479
4394	0.56892572
4444	0.66259904
4474	0.55652196
4505	0.53886142
4510	0.49693490
4511	0.51324321
4555	0.56237700
4677	0.58709225
4746	0.58637220
4830	0.52721126
4854	0.56821486
4870	0.57273283
4929	0.54030032
4952	0.51117452
91	0.80237260
147	0.80344369
194	0.79064537
231	0.79952516
232	0.80409465
264	0.80352276
319	0.79893171
324	0.77484465
326	0.76003235
333	0.71180551
435	0.79622244
439	0.79714337
487	0.67488498
492	0.72511342
592	0.79116813
637	0.75730272
854	0.69777596
951	0.77179513
996	0.70200240
1022	0.72517572
1070	0.68655272
1120	0.75108946
1154	0.69261821
1162	0.73631829
1205	0.58526078
1303	0.74590335
1424	0.68661901
1521	0.70695008
1606	0.74471366
1657	0.55843091
1668	0.68791733
1699	0.66259984
1918	0.67668770
1959	0.67682668
2007	0.64815974
2043	0.65708666
2073	0.53034824
2108	0.68177356
2240	0.67350359
2241	0.68168371
2314	0.62185224
2320	0.60903674
2348	0.63838299
2394	0.67240256
2405	0.63654433
2418	0.64799960
2447	0.69116254
2526	0.66737141
2561	0.68160463
2574	0.64637979
2795	0.59165895
2796	0.58540216
2797	0.59457788
2841	0.63202236
2931	0.64811861
2939	0.63192692
2945	0.61089617
3070	0.69784105
3173	0.60305671
3223	0.58364696
3250	0.57228874
3284	0.55279872
3331	0.59831190
3349	0.60441653
3412	0.62426078
3431	0.54771845
3435	0.66400998
3548	0.58516014
3600	0.57116813
3821	0.52553674
3827	0.57992013
3883	0.58006150
4047	0.56427835
4188	0.62391454
4321	0.57766573
4435	0.58659026
4469	0.55936182
4521	0.54189577
4657	0.58681230
4696	0.54201318
4818	0.59678714
313	0.80064417
320	0.75924561
335	0.77679433
336	0.79732468
367	0.76658427
474	0.80425040
596	0.78309744
709	0.70112181
719	0.76344010
726	0.70432708
735	0.72942732
743	0.77500439
802	0.73486701
907	0.75260982
973	0.63208546
979	0.73808307
1072	0.65451558
1112	0.69163818
1125	0.73825719
1265	0.74785903
1330	0.68019848
1356	0.73151797
1396	0.65428594
1463	0.65051957
1464	0.70040735
1491	0.74094848
1495	0.65409345
1519	0.67639936
1526	0.73621406
1539	0.76985783
1672	0.70139097
1760	0.68025080
1792	0.60590016
1800	0.67650559
1804	0.65768810
1873	0.74998562
2012	0.59456669
2074	0.63814257
2092	0.67551957
2174	0.66105791
2275	0.63034345
2291	0.53363179
2402	0.65801797
2548	0.69442133
2659	0.66567652
2725	0.66731749
2840	0.65599321
2907	0.54461901
2909	0.54339856
2930	0.66201078
2949	0.65953355
2994	0.55783427
3080	0.61114417
3114	0.60642093
3189	0.56582268
3210	0.62096805
3241	0.62431669
3278	0.55960383
3327	0.60149241
3355	0.57244449
3402	0.57877716
3449	0.62195128
3539	0.60295327
3594	0.56287061
3796	0.58832029
3834	0.56620927
3881	0.60866773
3916	0.57690775
3917	0.55321206
3921	0.60815535
3983	0.57779193
4150	0.58329113
4326	0.59804193
4453	0.56762700
4456	0.55919688
4566	0.53396326
4611	0.50623163
4612	0.55854073
4743	0.59958107
4796	0.53508586
4883	0.56766454
4893	0.61294010
4916	0.54524241
4938	0.53583866
4940	0.55114137
195	0.74144409
230	0.77998762
387	0.78749321
441	0.78627875
469	0.77161502
620	0.73101038
629	0.73432708
641	0.78884065
723	0.70294808
773	0.73938978
775	0.78598922
798	0.69189736
928	0.73665855
957	0.74118131
998	0.72501478
1015	0.75571246
1028	0.70386701
1067	0.66758307
1077	0.72689936
1089	0.73588259
1196	0.67191853
1234	0.75262061
1312	0.66343570
1319	0.65943490
1554	0.58066973
1576	0.67832468
1772	0.65254313
1823	0.67048283
1861	0.60285783
1887	0.65100000
2052	0.62545407
2106	0.67192652
2107	0.65142692
2136	0.62061701
2149	0.64779113
2161	0.66922045
2207	0.62184944
2265	0.68942013
2288	0.62885264
2343	0.65893211
2354	0.54312380
2420	0.68824681
2485	0.63534185
2518	0.67038179
2528	0.59982388
2542	0.58506909
2556	0.58641014
2564	0.66248882
2584	0.63634704
2646	0.64003834
2652	0.61580911
2772	0.60010304
2785	0.56273642
2891	0.59168610
2964	0.61432907
2977	0.59219768
3016	0.67005671
3170	0.62710982
3287	0.59152796
3298	0.60145088
3306	0.58708387
3318	0.59172244
3423	0.61559784
3521	0.59774121
3553	0.55954832
3566	0.58054792
3581	0.57254233
3632	0.63173163
3713	0.60619010
3714	0.54637700
3848	0.63884225
3866	0.55172604
3920	0.57076637
4007	0.57544728
4045	0.56700559
4075	0.58346605
4146	0.54553355
4285	0.55332788
4390	0.55458107
4399	0.54126198
4635	0.53558267
4642	0.58187220
4720	0.54039856
4734	0.53424601
4799	0.56916414
4886	0.56880711
92	0.80385024
182	0.80373762
193	0.79606150
233	0.76698602
266	0.80026358
276	0.80094688
343	0.80415615
362	0.74878874
454	0.77780072
539	0.79255871
554	0.79737500
563	0.65397564
570	0.78728315
621	0.78625839
623	0.72251398
715	0.74625799
739	0.77656190
776	0.71711581
794	0.73792292
807	0.76198123
955	0.71864297
965	0.70392252
978	0.70086062
984	0.69301398
1020	0.69803395
1035	0.70860383
1036	0.68180152
1136	0.69939657
1139	0.64834704
1219	0.72517173
1224	0.71999121
1232	0.66094329
1235	0.70424760
1244	0.73327157
1245	0.66223203
1301	0.72050000
1328	0.67858466
1341	0.66735064
1371	0.71327835
1432	0.68172444
1481	0.77194688
1565	0.71709105
1583	0.69380351
1632	0.59269728
1671	0.62696965
1734	0.65480391
1748	0.65148403
1759	0.64805152
1773	0.69554992
1829	0.64342971
1860	0.70787101
1891	0.75939018
1986	0.69744609
2042	0.59662740
2054	0.61570647
2116	0.69623203
2203	0.64338019
2242	0.63137979
2254	0.64777596
2297	0.64782228
2299	0.60792173
2307	0.61851558
2406	0.70579034
2438	0.69934185
2547	0.58019888
2591	0.65313858
2918	0.64032827
3052	0.64490535
3094	0.62577995
3240	0.61140335
3472	0.59664097
3624	0.59535903
3630	0.56588259
3717	0.61900479
3779	0.59754153
4000	0.52217532
4057	0.57859625
4090	0.53716653
4110	0.61610024
4119	0.64018011
4123	0.53683586
4143	0.54506390
4167	0.58984744
4238	0.54554193
4324	0.58037340
4404	0.57031510
4471	0.56766573
4481	0.55312500
4495	0.55798802
4576	0.54657149
4587	0.57435423
4621	0.58035743
4645	0.56893610
4670	0.55917133
4826	0.54185982
4840	0.56142173
4992	0.52914177
5001	0.54700639
186	0.80359665
198	0.79723562
226	0.78750240
399	0.80087540
414	0.74774281
547	0.79744968
652	0.77624920
916	0.77444649
1021	0.77799601
1177	0.68333906
1242	0.56594409
1353	0.60130351
1493	0.75406510
1732	0.64939856
1739	0.72184305
1762	0.60785064
1763	0.62543211
1842	0.65351757
1888	0.67368730
1910	0.70258866
1919	0.63810982
1998	0.60958187
2017	0.65917572
2124	0.61622604
2243	0.60948323
2277	0.63817612
2336	0.64525559
2351	0.65110144
2628	0.57061102
2690	0.63966773
3038	0.57656230
3050	0.57104752
3106	0.59644728
3154	0.63498682
3155	0.58404473
3407	0.55144928
3476	0.62654872
3562	0.64320288
3598	0.60477995
3633	0.58099521
3918	0.57233866
3985	0.58031270
4054	0.54555950
4210	0.57128315
4338	0.57567492
4648	0.54881430
4703	0.53077117
5003	0.54817572
217	0.79728914
288	0.80404992
297	0.79989217
376	0.79232708
392	0.79834505
452	0.80250479
497	0.79536142
517	0.76699441
686	0.77795647
693	0.73957029
705	0.76560743
713	0.73804193
730	0.78750679
755	0.74263219
770	0.72181470
788	0.67565735
822	0.78643171
823	0.77482867
836	0.74888299
850	0.67809984
872	0.78145367
873	0.70581550
895	0.74551518
929	0.76353115
969	0.72663219
972	0.76209385
997	0.75255591
1026	0.63670248
1050	0.69158227
1073	0.72627875
1087	0.74625479
1159	0.71385184
1168	0.72164058
1206	0.64802756
1313	0.66862540
1390	0.74563978
1409	0.68387819
1433	0.68195407
1440	0.73642372
1460	0.71229832
1625	0.65066054
1647	0.76876478
1791	0.62579912
1810	0.74110982
1819	0.69157428
1847	0.70280911
1855	0.71815136
1858	0.61733586
1908	0.62728395
1922	0.62052955
1963	0.66843610
1970	0.71829273
1980	0.62026478
1991	0.59647764
2039	0.60017093
2045	0.74091534
2068	0.63884505
2128	0.60172404
2164	0.68154073
2184	0.58631789
2188	0.57914577
2189	0.64031030
2218	0.62705072
2239	0.73125919
2454	0.59361382
2493	0.60925799
2650	0.56276318
2762	0.59210863
2858	0.57579992
2901	0.62044569
2923	0.58856190
2974	0.62509425
2995	0.59669489
3123	0.58997963
3151	0.56435743
3273	0.57240016
3293	0.54351677
3336	0.53228315
3340	0.61744329
3369	0.54389058
3380	0.61583227
3475	0.63644010
3718	0.62869609
3816	0.59336262
3855	0.61127955
4052	0.57487899
4060	0.56775879
4078	0.58514377
4082	0.58706110
4102	0.51338858
4259	0.57857867
4282	0.54659665
4292	0.49388778
4300	0.53040375
4363	0.56447804
4385	0.56162780
4393	0.60021885
4446	0.57873363
4485	0.54329073
4581	0.51475879
4630	0.58381749
4660	0.55174081
4758	0.52427436
4847	0.54345567
4931	0.59173602
129	0.80094409
161	0.80476478
229	0.80194409
300	0.80210583
429	0.77932428
602	0.76544688
631	0.73170927
717	0.78313818
769	0.73302516
885	0.79720887
889	0.75063019
890	0.77000040
958	0.78438458
1110	0.69662740
1236	0.73133267
1243	0.73349241
1368	0.63182588
1395	0.69946965
1577	0.76397085
1641	0.67801198
1912	0.65435423
1975	0.66406589
1977	0.63249201
2028	0.72346526
2098	0.59904872
2123	0.59141054
2289	0.67850240
2342	0.67351238
2431	0.61734904
2466	0.67734065
2468	0.65579113
2538	0.54148363
2599	0.61031430
2654	0.62066813
2686	0.58839976
2804	0.63024481
2982	0.67009784
3142	0.56948682
3243	0.61300879
3373	0.54532628
3393	0.61629313
3464	0.61101757
3509	0.66040216
3522	0.56120887
3686	0.55344010
3707	0.61104992
3709	0.52735064
3854	0.55601118
4004	0.56943091
4107	0.54821805
4196	0.56774002
4347	0.57037021
4420	0.61911901
4819	0.53731749
271	0.79417692
626	0.71905671
757	0.73946765
814	0.72524121
919	0.68000160
922	0.72520487
960	0.70381709
1093	0.63812780
1398	0.68784904
1486	0.70253914
1497	0.75464058
1612	0.71863179
1680	0.69828195
2024	0.67522444
2159	0.69127356
2194	0.64446685
2290	0.64355112
2345	0.65265695
2359	0.61282308
2376	0.68161781
2419	0.65283546
2589	0.60460663
2611	0.63044768
2630	0.58189337
2830	0.72503954
2839	0.59199601
2857	0.60127835
2999	0.61937300
3209	0.60608946
3288	0.64971126
3433	0.53743331
3446	0.60587181
3590	0.56036941
3862	0.61730232
3929	0.60017013
4109	0.57606869
4162	0.59169329
4202	0.55174840
4211	0.55974800
4240	0.63181629
4408	0.55326438
4513	0.56427995
4522	0.56131310
4624	0.54358187
4675	0.57237500
4683	0.54871166
277	0.79308826
341	0.74310823
378	0.80380152
416	0.78884185
434	0.79094489
750	0.66860903
829	0.74415216
888	0.77016773
932	0.78298323
986	0.72512061
1204	0.74298882
1339	0.62244808
1407	0.71959225
1570	0.66697045
1646	0.74258147
1656	0.70410503
1832	0.72836462
2077	0.63341853
2078	0.58829872
2087	0.72219928
2213	0.59628355
2508	0.64183506
2696	0.65107188
2699	0.64772085
2928	0.59479872
3003	0.56882149
3046	0.56962859
3274	0.61914177
3356	0.57089097
3359	0.61251478
3364	0.57754433
3545	0.56282548
3595	0.55278554
3708	0.57856310
4005	0.53873642
4015	0.61929912
4077	0.60488938
4170	0.60828195
4425	0.53211502
4500	0.57880671
4863	0.58184904
4969	0.56096326
4980	0.50660463
246	0.80379273
280	0.78321166
315	0.76816494
325	0.78746765
514	0.79574681
582	0.78959465
646	0.70578674
698	0.77963978
765	0.76839257
778	0.67583387
787	0.75446286
810	0.78090096
898	0.74160982
1048	0.72371805
1068	0.56936941
1103	0.66082428
1107	0.71853474
1121	0.75246725
1197	0.74436262
1209	0.73629513
1255	0.71409984
1377	0.71118131
1421	0.68776597
1670	0.64479952
1704	0.69175280
1866	0.63027037
1984	0.63008906
2008	0.57613219
2018	0.65616094
2085	0.69164856
2127	0.64794688
2224	0.63929153
2232	0.68843810
2256	0.61733027
2286	0.59197404
2449	0.62680511
2568	0.70605032
2588	0.68479233
2603	0.59649840
2808	0.62538099
2991	0.62532069
3032	0.57874601
3108	0.61719169
3115	0.55166534
3116	0.65584824
3120	0.63339457
3220	0.61608267
3237	0.62222085
3337	0.56478634
3374	0.61266813
3413	0.60787580
3452	0.54392891
3734	0.62861062
3835	0.55945887
3924	0.57916733
3931	0.61712939
4064	0.55152556
4121	0.57886302
4176	0.57708227
4274	0.58691374
4379	0.56469489
4480	0.56440375
4695	0.54816893
4787	0.56688019
4903	0.52903994
196	0.80025759
255	0.73467133
826	0.73892133
1034	0.70738179
1046	0.70946446
1085	0.71514936
1167	0.72182987
1199	0.72515375
1230	0.72679034
1266	0.77017931
1300	0.60285903
1472	0.69112021
1586	0.64626238
1654	0.67360064
1710	0.73461901
1738	0.71996246
1942	0.68496446
1951	0.51332987
1990	0.60303235
2181	0.64908626
2209	0.65968171
2238	0.60804393
2248	0.59524401
2513	0.64668171
2520	0.61413738
2523	0.65300799
2551	0.66878235
2728	0.69436781
2730	0.63342652
2812	0.63473482
2913	0.59813738
3086	0.61424800
3204	0.57735024
3276	0.65246086
3561	0.61279473
3618	0.59360903
3649	0.56459145
3698	0.57410264
3785	0.60927995
3795	0.58022963
3810	0.55470168
3893	0.63380911
3945	0.54791573
4224	0.54847005
4267	0.60943291
4358	0.64992452
4372	0.55934625
4400	0.56123562
4401	0.53855511
4492	0.55146326
4537	0.58053994
4600	0.56769888
4647	0.54870927
4915	0.53413578
4933	0.54168690
4951	0.56909824
4966	0.58238898
384	0.79560823
456	0.76363498
557	0.76217772
577	0.74275679
583	0.73963578
617	0.79561342
622	0.77837061
804	0.73938498
879	0.71317093
963	0.64609704
1001	0.68841334
1032	0.68996166
1039	0.71367931
1075	0.67554233
1123	0.70429153
1124	0.78634625
1291	0.75896526
1400	0.75258347
1504	0.72458466
1512	0.71380950
1535	0.68485703
1702	0.67693490
1715	0.64176038
1722	0.68813538
1893	0.69613698
1931	0.63484505
1938	0.66078954
1943	0.66723482
2053	0.68673842
2165	0.70426358
2266	0.55664457
2280	0.72371965
2293	0.68011581
2332	0.69135423
2346	0.63057109
2379	0.63516414
2457	0.66394968
2504	0.63347404
2506	0.65378914
2535	0.57913858
2621	0.60881550
2742	0.66551917
2984	0.61345887
3011	0.60932628
3143	0.62801637
3222	0.65110264
3264	0.58076158
3578	0.59175160
3650	0.54492612
3672	0.55795607
3748	0.59458227
3803	0.54039137
4016	0.59317292
4104	0.58994050
4312	0.57505871
4436	0.51955591
4443	0.61261142
4654	0.55961102
4714	0.60319888
4971	0.54560304
4997	0.57576797
200	0.80390535
423	0.80050559
560	0.77348283
783	0.75277396
896	0.71584026
953	0.73501677
1010	0.71239816
1417	0.74292772
1489	0.71240615
1849	0.67982029
1878	0.72249840
1898	0.59314736
1964	0.63178634
2089	0.68865655
2374	0.62386981
2436	0.60474081
2660	0.67998882
2786	0.55146845
2809	0.64811302
3136	0.61284784
3372	0.57576717
3399	0.64478554
3441	0.57073203
3926	0.56611901
4010	0.59524720
4353	0.51936901
4910	0.54325559
476	0.68638938
1078	0.69256909
1479	0.71269609
1487	0.68051158
1494	0.68589297
1547	0.66729673
1593	0.72679832
1939	0.62214577
2083	0.65279633
2180	0.67504872
2237	0.63029034
2251	0.70381230
2560	0.66251637
2596	0.70585304
3118	0.53653634
3334	0.56116094
3424	0.64164217
3662	0.58188818
3864	0.52934465
3871	0.54931510
3956	0.63654193
4139	0.58372404
4248	0.50678155
4646	0.56428435
4982	0.54720687
291	0.80063618
330	0.80415056
486	0.80067292
809	0.76185743
853	0.70121046
926	0.70387859
1005	0.78730671
1007	0.71393011
1063	0.74896006
1217	0.74598403
1299	0.73533466
1317	0.73804912
1322	0.76197085
1449	0.69901558
1461	0.74096006
1574	0.65238419
2361	0.59151278
2488	0.59204073
2579	0.57675599
2640	0.62088578
2759	0.62214018
2813	0.68310383
2827	0.60293211
2956	0.64162899
2963	0.58655671
2979	0.61207348
3102	0.58495647
3386	0.54684305
3568	0.54487420
3673	0.56452117
4032	0.60462220
4262	0.53240296
4310	0.53686821
4516	0.57406110
4616	0.58705391
4626	0.56275879
4788	0.57103794
154	0.80397843
213	0.76589457
725	0.68913978
763	0.76380551
995	0.70409425
1055	0.74125359
1059	0.75241693
1098	0.64780032
1111	0.74537580
1189	0.64138019
1361	0.62240655
1555	0.62534105
1868	0.65780312
2020	0.59479113
2088	0.66905232
2178	0.61576558
2197	0.71748682
2200	0.66898522
2234	0.65577476
2264	0.58191334
2268	0.62406949
2395	0.57379313
2448	0.64630431
2501	0.61772005
2527	0.67368730
2537	0.64942412
2935	0.58518051
2993	0.62048043
3055	0.55473682
3121	0.61294728
3244	0.66560903
3265	0.61864816
3294	0.55171446
3378	0.60451558
3465	0.56742053
3646	0.67364896
3684	0.62740455
3697	0.59014976
3740	0.65949641
3991	0.53574241
4089	0.56985623
4130	0.58048882
4247	0.57516494
4329	0.56799002
4335	0.55291733
4341	0.58999281
4526	0.54652236
4603	0.56779912
4962	0.54883906
228	0.80210224
470	0.76506310
581	0.76052995
1081	0.69285184
1096	0.70933027
1129	0.72547045
1225	0.76678714
1437	0.68307588
1588	0.65422644
1628	0.64484704
1676	0.70293371
2027	0.63693570
2377	0.68002835
2467	0.67533546
2781	0.55972724
2947	0.61766773
2972	0.60143331
3483	0.58838139
3609	0.63293850
3660	0.61114018
3852	0.56727356
4175	0.54346126
4476	0.52766294
4508	0.53715016
4693	0.53741374
4707	0.56140495
4750	0.59191254
4976	0.59675639
238	0.79569529
635	0.74098562
1259	0.73780032
1406	0.60965256
1434	0.70380112
1482	0.69587500
1638	0.68709625
1731	0.71212540
2309	0.59150559
2473	0.67690974
2990	0.65122404
3087	0.66249441
3104	0.64759944
3494	0.62842612
3585	0.55408147
3727	0.58495128
4112	0.63194289
4242	0.52911262
4395	0.54046805
4795	0.52932668
4806	0.53340895
4936	0.55976278
598	0.76023442
664	0.77435543
681	0.79102476
856	0.63039177
1160	0.75385264
1820	0.72572484
1933	0.68343490
1992	0.68367133
2191	0.57072165
2273	0.67238259
2338	0.64201158
2340	0.65095767
2387	0.68313778
3146	0.59619649
3233	0.57523403
3268	0.62581789
4697	0.55801198
4733	0.56978514
4769	0.58685583
4822	0.54835543
4837	0.54212061
5006	0.55608906
398	0.79538179
483	0.79676597
768	0.72241374
901	0.77282867
1172	0.72252716
1365	0.78006749
1567	0.69627636
1614	0.68303554
1660	0.64500359
2148	0.63334545
2182	0.64308387
2455	0.61447883
2549	0.65754712
2636	0.60943171
2691	0.62690256
2752	0.64621925
2882	0.57079752
2898	0.63611941
2952	0.62212380
3013	0.61766414
3338	0.61245407
3416	0.57924561
3658	0.63565655
3930	0.58065495
3960	0.60009585
3974	0.58821645
4179	0.57372324
4380	0.57566813
4392	0.50956989
4417	0.56909784
4588	0.54050519
4961	0.53085304
530	0.78916893
541	0.78565096
834	0.71906430
839	0.75850000
920	0.76713618
1281	0.62203554
1331	0.66085503
1503	0.73629832
1719	0.68972724
1848	0.58527196
1925	0.66591893
1929	0.61265855
1968	0.55825040
2319	0.60308906
2383	0.66900639
2390	0.63679633
2411	0.64113978
2460	0.63835264
2486	0.66039217
2569	0.59018530
2681	0.68746446
2706	0.59417851
2792	0.61757548
2938	0.68586142
2966	0.62388179
3012	0.64319449
3047	0.64772005
3784	0.59053355
3790	0.64952756
4128	0.57359665
4271	0.53408147
4277	0.64008387
4411	0.58814776
4574	0.54027436
4669	0.54671166
4671	0.54195687
4688	0.55134305
4692	0.54042212
4981	0.54835903
527	0.78918810
586	0.77130391
934	0.78139776
983	0.77189377
1051	0.71850639
1054	0.75680990
1264	0.73969249
1444	0.74878035
1585	0.60731669
1635	0.67987300
1648	0.72518091
2047	0.62838738
2278	0.71991334
2303	0.68300599
2716	0.62855831
2718	0.61074161
2885	0.62948442
3144	0.60316733
3253	0.59960982
3432	0.59809385
3557	0.66095447
3565	0.58979193
3669	0.55008706
3781	0.60126797
3980	0.57220407
4296	0.56441174
4643	0.55147804
4738	0.55119369
4751	0.55511901
4914	0.53366933
4958	0.54883107
281	0.79248642
521	0.78308826
549	0.77472125
595	0.77223203
892	0.74254752
991	0.74752915
1163	0.68143011
1201	0.64288658
1397	0.66614577
1522	0.66886222
1644	0.67664537
1840	0.64775240
1864	0.65774960
1871	0.71538019
1953	0.66253594
2228	0.58018890
2301	0.68302716
2912	0.69455871
3034	0.60804872
3100	0.64955471
3480	0.55768450
3544	0.59153235
3759	0.59871406
3938	0.53515136
4097	0.53673482
4208	0.53681150
4223	0.56570208
4268	0.58518371
4272	0.57433307
4753	0.53733506
4828	0.52773323
373	0.78770966
408	0.78917212
968	0.73812420
1101	0.76973123
1122	0.70414177
1142	0.73804273
1589	0.68825879
1720	0.76011542
1846	0.58236062
2009	0.57738139
2071	0.64112220
2176	0.57717292
2226	0.66258307
2236	0.70583227
2382	0.66081190
2458	0.60955112
2806	0.61092971
3088	0.69627037
3180	0.55758506
3257	0.64977037
3447	0.57875479
3448	0.55775000
3482	0.59323762
3527	0.60777875
3676	0.60001438
3851	0.54847883
4069	0.59474042
4076	0.59621605
4103	0.57920407
4129	0.53384465
4131	0.53751877
4137	0.55801118
4280	0.57224960
4362	0.55181510
4371	0.52119050
4406	0.54346286
4412	0.58019888
4742	0.55460304
4777	0.55572244
4789	0.51462700
4807	0.56418730
4907	0.51597125
4955	0.53882628
380	0.80024361
548	0.79584625
553	0.77109225
1113	0.72354273
1116	0.70225200
1126	0.72064097
1342	0.73466893
1605	0.74073562
1856	0.57067612
2076	0.61613498
2168	0.72185423
2260	0.68036701
2421	0.66062101
2575	0.64014856
2656	0.69640935
2766	0.62039856
2967	0.57045727
2980	0.62754912
3020	0.57418850
3076	0.60470647
3175	0.58215375
3261	0.64825479
3332	0.62429153
3421	0.59849960
3599	0.57110583
3755	0.58556270
3843	0.54968371
4002	0.55803235
4306	0.58246486
4375	0.55150759
4386	0.59229433
4501	0.59504073
4573	0.51808387
4679	0.55658147
4865	0.54807508
4897	0.54677955
4942	0.49324481
740	0.79684824
1183	0.63809704
1327	0.65895727
1386	0.66416054
1528	0.66410503
1822	0.67838618
2062	0.66211102
2296	0.64673682
2330	0.66733626
2370	0.56411981
2479	0.57650160
2624	0.64469609
2633	0.69439217
2765	0.57876078
2769	0.67215176
3025	0.60921366
3075	0.64639696
3083	0.63035184
3194	0.58081270
3352	0.59297804
3547	0.57054912
3873	0.59355511
4633	0.51442652
4655	0.53841773
4665	0.58091454
4885	0.56415535
4912	0.57916214
672	0.67395327
837	0.78156949
884	0.76727476
1161	0.74945567
1536	0.66226118
1746	0.65459505
1851	0.64532029
1870	0.66566254
2905	0.60583267
3454	0.62572244
3575	0.61437939
4111	0.56888778
4144	0.56272324
4649	0.58348922
4723	0.63513379
4925	0.55306869
4926	0.54663778
574	0.80085383
600	0.73184944
1379	0.59694010
1399	0.73775080
1468	0.65083187
1758	0.73321565
1917	0.65168211
2698	0.66065375
3134	0.59168091
3485	0.55784385
3495	0.57531230
3530	0.56294649
3943	0.55804792
4028	0.50147804
4048	0.51775559
4557	0.55001478
4593	0.53210903
601	0.73286062
1188	0.68641214
1226	0.61230391
1323	0.72557867
1627	0.59216653
1700	0.74559465
2304	0.66418810
2492	0.64633387
2665	0.58856669
3894	0.60957588
3988	0.56581350
4127	0.58006989
4160	0.53523562
4387	0.56413339
4884	0.52279153
793	0.70744249
840	0.78186821
1212	0.72672484
1546	0.66539776
1663	0.69337700
1686	0.69961581
2183	0.65901158
2597	0.63982268
2672	0.65541054
2732	0.61925399
2943	0.64004353
3099	0.64673962
3320	0.57599800
3408	0.57145168
3812	0.53994010
3847	0.55481030
3895	0.56925120
4149	0.62061142
4327	0.60908187
4765	0.52104113
4978	0.54096925
597	0.69780471
848	0.65235184
941	0.79228275
959	0.71541733
1044	0.71561701
1062	0.72492612
1358	0.68574121
1496	0.68975679
1511	0.66537340
1563	0.63040096
1624	0.69164856
1650	0.71210543
1690	0.68163658
1813	0.64953794
1817	0.65143650
1831	0.67382149
1902	0.59486182
2026	0.63929473
2095	0.65467772
2134	0.68807827
2152	0.65129673
2413	0.61079193
2536	0.61775599
2749	0.60924241
2758	0.62516134
2779	0.57532827
3019	0.60640016
3027	0.61251038
3062	0.67025679
3354	0.59485024
3498	0.54853634
3622	0.63663778
3750	0.55311382
3753	0.57087300
3940	0.57381749
3979	0.59956390
4252	0.61421286
4328	0.59512780
4336	0.54667492
4869	0.55619169
4995	0.53539217
1104	0.73595847
1239	0.73456470
1455	0.64010863
1685	0.64501278
1737	0.67508147
2363	0.64934105
2365	0.66740176
2430	0.70726478
2529	0.66908466
2971	0.56469129
3361	0.53007188
3490	0.59163938
3514	0.56455312
3567	0.58836422
4334	0.58562780
767	0.64139657
860	0.70312660
981	0.76540895
1532	0.64318890
2826	0.56073442
3165	0.59490096
3371	0.64838219
3535	0.52913658
3728	0.55948602
3762	0.60610823
3808	0.57213778
3823	0.66396685
3925	0.59347843
4293	0.55359225
4440	0.52000120
4792	0.58240335
4972	0.55528035
644	0.77776238
651	0.77168610
684	0.78272364
897	0.72662899
982	0.71218570
1053	0.78791094
1509	0.68162101
1520	0.66747564
1556	0.63693930
1687	0.59328155
2281	0.59196206
2396	0.66592532
2477	0.64968171
2600	0.58865216
2744	0.62998522
2790	0.57064137
2868	0.61279393
2869	0.68516414
3163	0.57740895
3171	0.59980112
3236	0.65269050
3477	0.54505990
3655	0.60151957
3992	0.53194369
4049	0.55128674
4142	0.56938458
4356	0.53087380
1185	0.65296925
1285	0.75832827
2225	0.72343690
2392	0.63038339
2464	0.64369449
2532	0.55135583
3158	0.65751677
3761	0.56634545
4438	0.53240974
4864	0.52978155
659	0.75872045
665	0.77340495
799	0.76160024
1253	0.68812380
1260	0.73034944
2059	0.65249641
2544	0.65479832
3015	0.59008307
3329	0.54509465
3627	0.58244569
3692	0.51620527
3794	0.54351837
3826	0.54330152
3892	0.56878235
4012	0.59175359
4359	0.54030272
4544	0.50324681
4549	0.52441573
4575	0.55782069
4653	0.56262340
4672	0.57725519
4832	0.53230871
4876	0.55762181
538	0.79882109
654	0.76838059
728	0.74439696
729	0.79068810
733	0.76738299
1082	0.77169089
1187	0.71721366
1725	0.66423083
1966	0.68604952
2019	0.66576877
2111	0.65768650
2399	0.62203514
2499	0.69914577
2634	0.59976358
2726	0.65786342
2737	0.58496046
3026	0.53881869
3525	0.59819209
3552	0.58058986
3556	0.59524840
3829	0.54814856
3874	0.57391054
3970	0.60307029
4269	0.62053914
4313	0.56324201
4439	0.50295008
4459	0.58898642
412	0.79408706
1024	0.72466813
1033	0.62047444
3057	0.56762580
3606	0.62886382
3877	0.52278115
4483	0.54047045
4632	0.57585543
738	0.78127356
1653	0.70256909
1850	0.64004593
1950	0.64824281
2097	0.62227716
2870	0.58728115
3093	0.57772644
3095	0.57073602
3764	0.55453754
4114	0.53195927
4263	0.54017572
4531	0.57862899
4622	0.58833946
4641	0.55631190
345	0.80192891
1551	0.73142372
2816	0.61902915
3516	0.57544449
4520	0.54964736
4814	0.53385304
4835	0.50667732
1597	0.66264417
1765	0.64134425
2476	0.60494209
2592	0.62530312
2741	0.61407188
2911	0.62085024
3044	0.58333227
3291	0.52108387
3584	0.57390535
3685	0.53756070
3783	0.57897484
4245	0.58056589
4607	0.52619728
4625	0.57100200
4744	0.54063778
2214	0.72293291
2484	0.64463658
2586	0.59037939
2981	0.63620847
3366	0.61425799
3410	0.61751238
3641	0.60011302
3674	0.57568530
4337	0.55483586
4735	0.54400399
317	0.79417532
440	0.77776957
700	0.72666334
752	0.73036981
871	0.69973842
1258	0.61317452
1564	0.66885144
1590	0.67898722
1596	0.70859185
1601	0.71370088
1778	0.64954273
1885	0.69240096
1974	0.69937819
2427	0.68678315
2607	0.58835942
2694	0.67381629
2872	0.59812420
3559	0.57055272
3987	0.55137939
4022	0.57103355
4298	0.61243970
4917	0.57544888
5002	0.56589736
427	0.76029792
989	0.76057388
1064	0.73305711
1148	0.71367053
1552	0.58062380
1797	0.67536502
2002	0.61238019
2205	0.65004034
2356	0.68003554
2919	0.60728834
3157	0.59647724
3214	0.53522085
3313	0.65980112
3551	0.57233387
3747	0.57584026
3769	0.56614617
4068	0.58848243
4258	0.62557149
4265	0.55939657
4342	0.55966733
4405	0.53509265
4752	0.52924201
1469	0.74542292
1622	0.72523363
1845	0.63670807
4888	0.53263339
4896	0.53895687
485	0.78989137
496	0.80100759
1238	0.72623882
1419	0.67143970
1743	0.67834784
1872	0.63461621
1956	0.67695487
2210	0.58538139
2908	0.62073482
3024	0.58315535
3760	0.58544529
3799	0.50480112
3911	0.58193570
3984	0.57513858
4073	0.57877676
4802	0.51764816
952	0.72018970
1267	0.77140655
1280	0.73779872
1362	0.70733546
1383	0.74735423
1477	0.59806510
1542	0.64799800
1982	0.62400319
2022	0.62103674
2064	0.61572444
2385	0.62556829
2434	0.62597165
2638	0.58224681
2720	0.63204034
2783	0.66200639
2802	0.57902875
2823	0.62889696
2881	0.69287939
2942	0.64799760
3091	0.62861062
3515	0.56614577
3526	0.64315695
3577	0.55804872
3670	0.62248163
3702	0.52764097
3731	0.58965415
3876	0.59799960
4020	0.58236022
4098	0.54036062
4257	0.56897444
4260	0.54170727
4419	0.51005511
4431	0.52574920
4543	0.54340335
4839	0.54375759
4911	0.56904313
4945	0.57756230
908	0.71030591
1355	0.62287260
1818	0.66435663
1889	0.66422005
2091	0.66528315
2199	0.58991214
2270	0.71029952
2310	0.63973163
2470	0.68178754
2558	0.71375519
2608	0.66102196
2811	0.67533387
3160	0.61382069
3460	0.62529153
3536	0.60634305
3766	0.56592173
3786	0.57557149
4081	0.56765136
4186	0.54852276
4237	0.50055312
4352	0.56497764
4546	0.52449521
4793	0.55798922
4908	0.57371046
4920	0.57875319
618	0.75540375
1286	0.69639856
1599	0.73284744
1630	0.65770487
1637	0.69159505
1771	0.67511382
1785	0.68029353
1904	0.65447724
2016	0.67212420
2044	0.72364137
2072	0.67198083
2075	0.63627316
2082	0.67528594
2167	0.54259545
2846	0.62088498
2900	0.62075998
2973	0.59335863
3255	0.59814257
3787	0.58867652
4025	0.54026637
4037	0.59499641
4355	0.56758307
4479	0.48570327
4680	0.55762061
4831	0.53196725
861	0.76244569
1603	0.75874002
2056	0.69294089
2244	0.65339696
2496	0.68218051
2836	0.58642292
3297	0.59979113
3636	0.56484984
3965	0.51599281
4281	0.54093371
4745	0.52523962
4872	0.54513419
4949	0.53712061
4968	0.51474002
666	0.79068690
1023	0.79190815
1359	0.67508546
1711	0.75838978
1753	0.69936062
1926	0.62386302
2305	0.71995407
2393	0.61896446
2487	0.64545407
2498	0.67552236
2845	0.58841693
2933	0.67034385
4466	0.51623562
4609	0.53385903
771	0.76149561
971	0.75037300
1140	0.74687899
1208	0.72582748
1401	0.71748482
1470	0.68007508
1679	0.68954313
2010	0.63686462
2063	0.65543171
2711	0.67185543
2940	0.57525919
3227	0.57264816
3789	0.52594928
3836	0.61125519
3838	0.55636182
3907	0.57244329
4046	0.55508307
4227	0.58039497
4499	0.58262420
4726	0.57386542
4838	0.54155032
391	0.69603355
508	0.72980551
522	0.78834425
927	0.71375958
1471	0.55588778
1833	0.70593091
2417	0.65740056
3066	0.64484505
3067	0.57091573
3628	0.58514457
3645	0.55983786
3879	0.56600240
4036	0.55623602
4220	0.55009345
4339	0.55611422
4458	0.54795048
4534	0.55953355
4614	0.56599161
4722	0.56247364
4773	0.53715615
1042	0.73289537
1179	0.68632788
1517	0.62071126
2326	0.61243411
2333	0.64496486
2865	0.64314776
3212	0.60802356
3538	0.64980631
3558	0.56290096
3869	0.54480791
4086	0.53240296
4151	0.54533546
4816	0.51478714
377	0.79224281
832	0.65935942
2474	0.66601318
3064	0.67560304
3455	0.55794848
3586	0.54976837
3626	0.57872524
3885	0.59976877
4921	0.55304513
4937	0.57104233
753	0.78916494
1218	0.77503035
1782	0.68634505
1927	0.66565895
1952	0.57188858
1961	0.68670647
2917	0.55667492
2929	0.59151278
2962	0.57771605
3511	0.61920487
3529	0.59657708
3722	0.59298922
4935	0.54318730
841	0.79081949
1436	0.70443850
1617	0.64907069
1618	0.69299321
2833	0.66218930
3934	0.57581270
4134	0.58058906
2066	0.62422045
3486	0.51148522
4570	0.56445168
4946	0.54883307
1333	0.63682548
1724	0.66439776
1921	0.66063658
2081	0.65119329
2317	0.61131749
3328	0.56901078
4133	0.56575080
4727	0.57893411
1213	0.68327356
1408	0.72211102
2041	0.63980351
2253	0.60809984
2522	0.62605551
2851	0.58339936
2922	0.61889337
3771	0.59056669
649	0.72014097
977	0.73359545
1364	0.72321366
1557	0.63323123
3110	0.57012340
3345	0.60436781
3367	0.59839577
3757	0.59941134
495	0.78912380
734	0.69744848
1619	0.66263618
2712	0.72045088
3693	0.59981629
3831	0.55954752
3999	0.62258946
4415	0.54352157
4428	0.58355591
4487	0.54684425
4783	0.52557268
2347	0.60614896
3131	0.62728634
4629	0.55794010
4699	0.52454393
821	0.74920128
985	0.73968730
1030	0.63507428
1854	0.58053275
2983	0.56936821
4239	0.56599641
4457	0.61925839
4651	0.55486182
467	0.77145767
655	0.79278075
1298	0.71185383
1466	0.70949601
1530	0.71427516
1730	0.66729872
1899	0.66392452
2821	0.62569129
3073	0.59346885
3074	0.57851238
3409	0.61888658
3935	0.55812380
4433	0.52105831
4786	0.50647125
751	0.78173003
1192	0.62681709
1766	0.63973842
2029	0.68024720
2788	0.54842252
2932	0.60288099
3242	0.60046126
3434	0.60251078
3466	0.56104712
3772	0.57230631
4221	0.55326118
4270	0.56726877
4368	0.56109265
4755	0.51299521
4776	0.54672284
994	0.72020487
1246	0.67653914
2472	0.59301757
2708	0.63995847
3193	0.63647204
3890	0.59156869
4174	0.54973682
4748	0.54349401
477	0.80247564
1544	0.65427037
1575	0.73836382
1740	0.66884065
2887	0.63667851
3872	0.57855551
3990	0.57097284
4050	0.56610823
4323	0.58539577
1642	0.67557308
1754	0.66216334
2409	0.59962380
3036	0.58360583
3138	0.54843970
3208	0.59775799
3427	0.63047364
3469	0.63864736
1314	0.58526757
1678	0.68513379
1781	0.62042812
2032	0.71751198
3082	0.55001398
3185	0.62208706
3267	0.54039816
3756	0.57114097
3775	0.53494089
4205	0.59664377
4343	0.53177955
4809	0.60463578
1151	0.75499002
1173	0.73301637
1527	0.66895727
1696	0.62399720
2139	0.66283626
3942	0.56574641
1311	0.63036821
1448	0.64831110
1675	0.63523762
2172	0.61242971
2403	0.63006110
2469	0.57609864
2595	0.67680351
2848	0.57306709
3751	0.57587979
3889	0.56544249
4447	0.54015296
4690	0.54159505
4960	0.53529593
689	0.78133347
956	0.59940136
1560	0.70903834
1562	0.65744409
1865	0.72021206
2138	0.58539457
2491	0.62511861
2495	0.58578155
2844	0.59160663
3149	0.60134225
3743	0.53070447
3768	0.60472923
3989	0.55494649
4198	0.55451478
4308	0.56468530
4519	0.53395487
2446	0.58257548
3381	0.60966134
3572	0.59180272
1729	0.66080551
2103	0.70696965
2153	0.64794649
2613	0.59786581
3902	0.58509225
3908	0.61688339
880	0.76385104
1480	0.64651358
1561	0.65142692
1659	0.69776877
1935	0.70076917
2563	0.66580152
2683	0.61154473
4118	0.54368251
4154	0.55990815
2099	0.60784505
2490	0.65159225
2810	0.56447324
3126	0.57555072
4801	0.55777476
2946	0.56586741
3051	0.55307907
4286	0.56581230
831	0.78099641
1882	0.69114657
2230	0.63814177
2847	0.61756749
4056	0.54019728
1149	0.64145966
1524	0.65618970
2590	0.64328355
2614	0.59502276
2884	0.64800399
3041	0.63634744
3053	0.61927716
3133	0.57544888
3315	0.56383986
3395	0.57574441
3430	0.60604952
3659	0.55971206
3732	0.56568411
3953	0.54374960
4448	0.55308347
4664	0.57557867
1127	0.72520248
1381	0.73115136
2006	0.57861142
2102	0.60766134
2619	0.57244449
2867	0.59047364
3358	0.51445966
3591	0.59941534
3801	0.56715695
3858	0.59522404
4235	0.52773363
4340	0.60146965
4382	0.54482788
4460	0.57073283
4813	0.58852117
1296	0.64037260
2480	0.66875559
4823	0.55149920
1505	0.58875040
1815	0.70596126
2034	0.68035383
2443	0.57602476
2958	0.63159665
3375	0.62226398
3815	0.56929992
4316	0.53346526
4454	0.55932548
4877	0.54832987
945	0.68531150
1211	0.68313618
1900	0.67877676
3162	0.62297484
3678	0.56904593
4287	0.56752077
4303	0.53867812
4432	0.56601158
4434	0.55194649
676	0.75921645
3056	0.61376957
3109	0.62849920
3238	0.59311861
3471	0.57225998
3608	0.57385104
4589	0.54526198
4656	0.55144329
4842	0.52898083
796	0.72331949
940	0.74777157
2462	0.59309984
3406	0.53535064
2953	0.56087260
3370	0.53377756
4216	0.60966014
4331	0.55940695
4369	0.61555471
2177	0.62874481
3005	0.67655032
3817	0.61119848
4631	0.53544089
4678	0.56453994
4817	0.53719089
3377	0.57069329
4749	0.54855192
2133	0.64156470
2692	0.57718890
4148	0.59165815
710	0.77630990
1181	0.66240695
2163	0.58362620
2416	0.65250639
2653	0.60770847
3141	0.59314137
3853	0.56322923
3903	0.54653994
4011	0.60162181
4985	0.51951038
1292	0.59487181
1573	0.64798083
2688	0.63530072
2889	0.59273802
3496	0.53399521
3703	0.60587300
3923	0.64475998
4099	0.56422284
4617	0.54811102
4710	0.54188419
4779	0.58347484
4998	0.54507268
1677	0.67843570
2500	0.66088858
2662	0.65439696
4360	0.52261342
4790	0.56131949
1550	0.62400958
2160	0.64108826
2344	0.68349681
3295	0.56127157
3856	0.57270008
4095	0.55450759
4477	0.52624760
4503	0.55186502
4602	0.53545966
4610	0.56586462
4836	0.54009665
2143	0.73478794
2738	0.59790615
3039	0.63556749
3159	0.68802995
3463	0.65465695
3820	0.53077955
3975	0.53999681
4608	0.51739058
5004	0.52733866
2055	0.67394329
2252	0.70728155
2435	0.64809065
3187	0.58358946
3954	0.54014657
4246	0.60008067
4956	0.59166534
1566	0.76186901
3001	0.58411901
3420	0.57888458
4008	0.57411502
4317	0.53426358
2505	0.62722644
3125	0.59475839
4017	0.59784425
4716	0.58677476
1174	0.69776997
1367	0.69748243
1755	0.65333227
3172	0.55759904
3997	0.53935224
1718	0.60025719
4145	0.59492372
2456	0.65317452
2926	0.57559145
3861	0.60463658
4299	0.56587580
4551	0.57074880
4861	0.55991454
827	0.77798003
868	0.75388978
1302	0.73886741
1807	0.66528315
1987	0.63653155
3994	0.53420727
4169	0.57539337
4640	0.58193331
4729	0.52587540
4845	0.55200200
3932	0.54953115
937	0.77498363
1274	0.78075359
3174	0.59313099
3350	0.55342692
3286	0.61589257
3314	0.64486901
4366	0.55444249
1973	0.59771685
3579	0.60105232
4913	0.51656789
1714	0.69641094
2615	0.59943211
3700	0.54516214
4125	0.54164377
4815	0.53731150
1507	0.74139537
1928	0.59209465
2760	0.69258586
4132	0.53127037
4250	0.52729513
4975	0.52278714
5000	0.57037500
2649	0.58812061
2789	0.58023083
3351	0.62053395
3392	0.58826318
2005	0.59055791
3723	0.58527236
4470	0.56762101
4533	0.54482668
4857	0.53054393
5007	0.54801877
650	0.76982508
1248	0.67802636
1309	0.71263059
1345	0.73662300
1425	0.60799760
1428	0.69027396
1716	0.71369529
2113	0.66284265
3079	0.61551238
4318	0.61416414
4504	0.57129752
4582	0.55936781
4709	0.54857748
4811	0.52725439
1582	0.66512380
1706	0.69647284
2951	0.57732508
2328	0.56915256
2954	0.60143770
4984	0.55960024
619	0.76030831
1802	0.61117372
2141	0.61288379
2641	0.59467412
4451	0.53586462
4772	0.56268131
1915	0.63145008
1999	0.65467732
2787	0.57916414
3724	0.58204433
4491	0.57276478
4994	0.53896925
2828	0.62854752
3428	0.57265855
3706	0.54535703
4687	0.51952955
275	0.77942732
1863	0.60110264
2389	0.61441294
2703	0.57055791
3517	0.56913259
4974	0.53047484
2316	0.59332428
3675	0.53713458
1047	0.69003275
2695	0.57241813
4044	0.55122804
4219	0.58425599
1304	0.71083187
1812	0.67727835
2144	0.65470887
3741	0.61959824
4740	0.55926398
2859	0.62562340
3445	0.64028794
3948	0.58808506
4100	0.58360863
4562	0.51754353
1045	0.61108347
2122	0.65267252
2895	0.60565695
3437	0.61947165
3711	0.57141534
4315	0.55338658
4791	0.58657788
3436	0.56566853
3444	0.55347284
2051	0.64126677
3721	0.55960343
4482	0.53087460
4759	0.58221885
881	0.65893450
1553	0.65114177
3360	0.60156749
4072	0.58357508
4577	0.53856110
4890	0.54180711
3450	0.66233466
4161	0.54341454
2120	0.61744808
2507	0.63848003
3307	0.60341054
653	0.76832867
1351	0.62320088
1971	0.60944569
2386	0.57535343
3488	0.57370767
4332	0.62662340
1793	0.70375160
2001	0.61351877
2818	0.59153794
3664	0.54673562
3657	0.58389217
4256	0.61465855
4889	0.55023762
818	0.71878075
4868	0.53705351
2664	0.61063978
2587	0.63019050
2880	0.61747444
3543	0.70104433
3063	0.63400639
2676	0.65646046
4661	0.55979992
1838	0.67387061
3140	0.62047804
3177	0.57082348
3417	0.60247843
882	0.72987021
2058	0.66692931
2327	0.63797284
2494	0.60811422
3186	0.58881869
3555	0.58049081
4965	0.53716933
1484	0.59627516
2130	0.54830391
2753	0.54977796
2793	0.59428235
2546	0.64892492
3966	0.56431390
2235	0.66229073
3344	0.53412340
3616	0.54197923
3629	0.63361102
4821	0.55151717
4882	0.53254073
1558	0.59015575
1949	0.62908347
1969	0.63366254
2719	0.62547005
4184	0.58411262
4289	0.55789337
4532	0.54645966
1458	0.68830591
2948	0.63196645
3150	0.55953514
3712	0.61767971
3733	0.62512899
4275	0.60430990
4542	0.54376478
4689	0.52601358
4947	0.54196605
1639	0.65240735
2407	0.62885264
3245	0.56463458
4229	0.53828954
1275	0.72216893
1518	0.58565855
1768	0.70253914
1997	0.60430751
2231	0.68608746
2562	0.63533746
3018	0.63006510
3061	0.68482268
3259	0.58152756
3780	0.53750399
3927	0.55484585
3944	0.57706430
3971	0.60166294
3977	0.63347444
4959	0.51283786
3805	0.60122604
4116	0.59005631
1613	0.67653794
3309	0.59819768
3312	0.61780032
3638	0.64637340
4055	0.55991933
4158	0.55490056
4496	0.54727196
4619	0.55800439
1767	0.57390895
4736	0.55213219
3745	0.52536821
4578	0.54532308
2021	0.65448283
2220	0.63195088
3119	0.57049960
4452	0.57722724
2079	0.68001438
3348	0.57398403
3520	0.56294409
4605	0.53549321
4996	0.54503115
4367	0.52234305
4637	0.56435783
1079	0.56912340
1337	0.71998243
2713	0.58018411
3387	0.58249561
2101	0.64951837
3884	0.56627516
4027	0.52082348
1043	0.76420088
1271	0.65341893
1391	0.63512141
2441	0.61454752
3192	0.59013578
4038	0.56570966
4373	0.54837380
4780	0.57409625
1796	0.67032867
3202	0.58879433
2198	0.64156470
2432	0.69749161
4197	0.60027037
3239	0.65753155
4414	0.54652636
2094	0.64147524
2271	0.63524960
2604	0.64014657
2890	0.67989657
3513	0.58819129
3554	0.59180671
1348	0.72644169
3200	0.58712141
1941	0.60672125
3919	0.51742931
3798	0.63806430
4427	0.54972724
4827	0.53879553
4855	0.54484585
3215	0.60751198
3462	0.55000080
4384	0.60104992
3422	0.55948722
4066	0.57869169
900	0.76367013
2216	0.72862260
2534	0.63165575
3289	0.52441573
4088	0.57088618
4201	0.53860304
4858	0.49351318
1153	0.73923043
3105	0.58037580
3502	0.55151278
4061	0.55802835
4345	0.55926877
1195	0.63154593
1623	0.66587460
3251	0.53842053
3982	0.60669529
4105	0.57238818
4226	0.56752716
4283	0.55944249
1983	0.63012780
3085	0.64343690
3602	0.56746206
3898	0.54031869
3249	0.58515974
3936	0.63053754
3720	0.59800919
4820	0.53375359
2031	0.61750679
3439	0.56626118
3896	0.60129792
2444	0.61765176
3915	0.55009385
2985	0.54707029
4757	0.58364257
1184	0.65636581
2096	0.65411701
2658	0.58208387
3299	0.58667452
3969	0.58574880
3897	0.53405871
838	0.76066094
2516	0.64831350
4304	0.55614257
1040	0.68493650
1764	0.60112101
3058	0.52906510
3166	0.57610144
3326	0.59175879
3648	0.56605192
3860	0.59172564
3961	0.55311262
3505	0.54188458
4424	0.52129273
1713	0.66732149
2642	0.60930990
2824	0.59008826
4291	0.53076917
4927	0.50792252
1777	0.64958107
1979	0.71498842
2425	0.67665296
3069	0.69974201
1592	0.68159465
2782	0.55598403
4071	0.59813818
1429	0.63508826
1958	0.68330511
2378	0.67532348
4550	0.57860503
4636	0.54837061
4825	0.53502196
816	0.71238259
2137	0.64625200
3230	0.57256629
3777	0.61425080
3601	0.52404113
1681	0.73043570
2415	0.71026837
3453	0.53548762
4535	0.54695847
2860	0.63491214
3782	0.59339856
3996	0.57299760
1270	0.70737021
2408	0.57432708
2834	0.58521046
4157	0.60018530
3592	0.55629233
2219	0.61100399
3671	0.54992292
2503	0.64796805
3333	0.60332029
3643	0.58235104
4455	0.54642931
4029	0.59325439
4594	0.54200479
2657	0.59789776
3203	0.62085663
4397	0.53119609
1976	0.68693051
4255	0.52045927
1876	0.64193530
2697	0.65580032
4288	0.57709425
1297	0.65428315
3438	0.56747804
3560	0.59622883
1594	0.64477716
3343	0.63807388
3607	0.58531629
4213	0.54642492
2206	0.59625080
2778	0.63039696
3981	0.54200040
4728	0.56869609
4804	0.54654992
4875	0.52893131
2978	0.64261901
3621	0.56108307
1422	0.61732388
1441	0.70383267
2685	0.59808107
2750	0.58513419
4486	0.54517492
4902	0.50808067
4083	0.52607109
4087	0.55441973
2521	0.60467212
1147	0.69158946
3183	0.53138339
4290	0.57417332
864	0.78503514
2212	0.69648642
2325	0.61084265
2705	0.70923442
3167	0.55783946
4325	0.56730950
3667	0.53363379
4418	0.54830112
2263	0.60141214
3132	0.57256150
4860	0.54156470
2550	0.63813339
2644	0.57690176
3752	0.57410024
4381	0.54473962
1394	0.67034625
4585	0.55978754
1438	0.68028275
4166	0.53229673
2233	0.70744928
2815	0.64010503
3912	0.60278195
4442	0.53395607
3652	0.64159904
4307	0.58215655
4763	0.53594649
2855	0.60615855
4530	0.57707029
1568	0.66385024
2215	0.66248363
3442	0.59030711
4391	0.54822484
4502	0.55319609
2185	0.64321206
2670	0.62533506
2679	0.63029553
2515	0.63654712
3597	0.55912500
4059	0.56939018
3153	0.57709984
1306	0.70556230
4705	0.50990974
2647	0.65259704
4096	0.53073043
4165	0.55135903
1165	0.71263578
3096	0.54846565
4627	0.57718530
4941	0.50635663
2593	0.63344489
3419	0.59342252
4652	0.56018211
2892	0.66544928
3574	0.53834944
1798	0.74453994
2545	0.66761821
3792	0.55351797
4215	0.58887300
1620	0.71019089
2970	0.64290895
3533	0.54384984
1450	0.65737660
3737	0.58345168
4478	0.52999641
3528	0.68207468
4761	0.59016893
3491	0.52414457
2883	0.66260903
3754	0.59384545
3793	0.55754992
4764	0.52052196
2989	0.61576997
3580	0.60590935
3824	0.54932748
3976	0.57558546
3639	0.55654792
3640	0.62540335
4944	0.50018371
3534	0.57073842
4346	0.57839097
3922	0.53993810
4509	0.53389776
4429	0.60456869
4185	0.53863498
4463	0.49765096
4989	0.52298802
1231	0.78624521
4013	0.61972404
4361	0.58088179
3411	0.54858706
2616	0.67649880
2736	0.62707588
4053	0.64815695
3059	0.66546126
2941	0.55356070
3009	0.60928474
3182	0.59663858
3746	0.58181949
4928	0.58980032
2300	0.55468051
4523	0.54248802
3403	0.59864137
3390	0.59387780
3776	0.56744728
3964	0.64407628
3587	0.52877516
2429	0.62024201
3605	0.58358027
4634	0.51277716
3216	0.58946725
2768	0.59521685
4905	0.54034904
4115	0.56793530
4525	0.59017931
4682	0.55306669
2349	0.63841773
3290	0.67188578
2906	0.56943570
2375	0.63818371
4484	0.56571406
3263	0.56583107
4413	0.50952756
4565	0.53513419
1643	0.56592532
4330	0.56117372
3888	0.55170527
1859	0.68674441
2412	0.67549121
3901	0.56627835
4231	0.54026917
4887	0.55010903
3389	0.54825759
2927	0.57387500
3031	0.59674281
4489	0.52722364
2140	0.65319968
2355	0.54836182
2975	0.63514936
4218	0.58178435
4948	0.54614097
4737	0.50968331
3635	0.53105831
2360	0.64934585
2998	0.60300759
4536	0.56439257
3279	0.65596526
2684	0.50761302
4919	0.49061022
4030	0.53719649
4856	0.51760982
4999	0.56445847
3479	0.55492492
1543	0.63856230
3282	0.54862460
3316	0.60609744
4266	0.53058387
4874	0.53021605
2925	0.55298522
3620	0.54997085
2751	0.60614696
4834	0.49534265
3612	0.61773003
2080	0.62078914
4473	0.52274601
4810	0.54417173
1332	0.65559265
2666	0.56121046
3541	0.59179593
2888	0.52915296
3880	0.60646885
3473	0.50343890
4862	0.51662181
2565	0.64539657
4659	0.54865935
4377	0.50946166
4873	0.55228395
3583	0.60648602
4586	0.57542612
4718	0.55148243
2739	0.54844129
3546	0.55808666
4706	0.56789058
3647	0.60260703
4529	0.57742891
4571	0.54214217
4673	0.55615695
3811	0.53592372
3266	0.52081350
4159	0.48714058
4686	0.54060104
4398	0.54176558
4560	0.56470487
1726	0.72162300
3501	0.59643890
4407	0.53717612
4712	0.50966613
4041	0.54354433
4449	0.54366214
4918	0.53040136
4676	0.51933826
4805	0.55651318
4168	0.56913179
1176	0.64921765
3401	0.55492492
3845	0.57058227
4253	0.60773203
4658	0.57423722
3470	0.53676957
4894	0.51618011
1826	0.65741334
4051	0.59010823
4979	0.52282788
4070	0.55948123
3576	0.56129153
3887	0.56858067
4319	0.51149681
4953	0.56790974
3704	0.60611901
2784	0.63676358
4364	0.59489577
4591	0.57866014
3285	0.55054633
1788	0.61877077
2648	0.55302396
4803	0.52406190
4467	0.51444848
3197	0.53381230
3986	0.55158826
3384	0.55953075
4302	0.54989018
4852	0.54657029
4031	0.48090096
2483	0.60653594
3396	0.61276917
3778	0.55933227
4694	0.50654433
3029	0.60271206
4760	0.52901078
4563	0.50171286
4074	0.56307548
4684	0.55004393
3524	0.57036382
3968	0.52739696
4730	0.53069489
3072	0.55770647
3973	0.53044449
3735	0.54715895
4085	0.52751717
4848	0.51583067
4140	0.54368131
4596	0.56132548
4715	0.53510304
4747	0.51624880
4124	0.54348882
4305	0.52279633
4182	0.55806789
3719	0.57210144
3818	0.57590775
4422	0.52393530
4279	0.53266334
4094	0.55443850
3461	0.54196446
2734	0.55136462
4558	0.56107947
3619	0.60776877
4829	0.53887859
4784	0.51137780
3493	0.56588179
3325	0.56575040
3270	0.56454553
3262	0.52411062
4964	0.55192212
4101	0.50920687
3206	0.58701118
3937	0.57243970
4922	0.51792772
3615	0.58721565
2776	0.57261861
3800	0.55169449
4039	0.51605072
4986	0.49358466
4698	0.51932388
4023	0.51987500
4244	0.51733986
4138	0.53596046
3814	0.54051158
