0	0.80439376
1	0.80437717
2	0.80413902
3	0.80421840
4	0.79812836
5	0.80450000
6	0.80495893
7	0.80384953
8	0.80485111
9	0.80439376
10	0.80484716
11	0.80421090
12	0.80461730
14	0.80463349
15	0.80459360
16	0.80456951
17	0.80471367
21	0.80489258
24	0.80460308
25	0.80443128
34	0.80438586
38	0.80450987
40	0.80440403
41	0.80382859
46	0.80431517
47	0.80384084
48	0.80506043
52	0.80405174
61	0.80504897
64	0.80426896
70	0.80418562
71	0.80434439
72	0.80404621
75	0.80421603
76	0.80443128
80	0.80431872
81	0.79781161
87	0.80456280
88	0.80529976
92	0.80427133
96	0.80435348
104	0.80471485
118	0.80146564
120	0.80250000
121	0.80419313
125	0.80473736
126	0.79835466
128	0.79959163
129	0.80474487
135	0.80510821
162	0.80422077
176	0.79529068
180	0.80220063
186	0.80258768
194	0.78065521
198	0.80449131
219	0.78375039
235	0.77407346
245	0.79480134
266	0.80443088
268	0.77248065
277	0.80313942
280	0.78466548
281	0.79994431
349	0.79826343
374	0.78795379
381	0.78533136
383	0.77576027
387	0.80177449
388	0.79955845
391	0.79476066
392	0.79673697
394	0.70458017
426	0.79445142
449	0.78205529
457	0.76563270
464	0.77928318
469	0.79611374
485	0.78466667
499	0.73036058
517	0.77315482
518	0.76759084
519	0.79971919
532	0.74781003
537	0.79952212
553	0.77606596
597	0.74773025
601	0.71469431
603	0.78369076
611	0.64199605
616	0.78684755
622	0.76944866
626	0.79794234
642	0.78703357
649	0.77050553
653	0.73972946
673	0.77238033
677	0.75281675
694	0.74210150
699	0.75121801
702	0.75761098
703	0.77259084
726	0.80405411
727	0.68998183
728	0.78716232
790	0.71320853
824	0.75320735
843	0.72559953
858	0.62758768
865	0.70484834
879	0.78024250
895	0.71096840
907	0.75650829
926	0.78314376
939	0.73843207
959	0.78495695
968	0.75802251
974	0.69855450
999	0.68847235
1000	0.74796011
1006	0.67716114
1008	0.64492536
1053	0.75901264
1075	0.74707464
1079	0.71153002
1080	0.67948736
1143	0.75867812
1163	0.71763981
1199	0.73157346
1217	0.65650908
1260	0.74643878
1289	0.66243918
1324	0.67521485
1357	0.73391706
1359	0.63397433
1376	0.70634716
1384	0.70365205
1385	0.75350908
1421	0.60357899
1433	0.70351896
1444	0.71743246
1476	0.77680529
1482	0.66445340
1514	0.64986690
1531	0.61160742
1572	0.69947630
1573	0.68503791
1602	0.60044945
1632	0.74356201
1642	0.56803081
1708	0.66753673
1754	0.72694984
1851	0.64684992
1908	0.67893839
1927	0.69629028
1965	0.68871485
2099	0.67932899
2228	0.65326145
2239	0.66460348
2269	0.69331477
2322	0.60954779
2348	0.66180845
2366	0.65029739
2371	0.65040719
2424	0.58728633
2433	0.60202765
2435	0.67021643
2445	0.60037441
2450	0.63715205
2466	0.60458847
2558	0.63938349
2641	0.58308452
2686	0.65707859
2695	0.65839731
2704	0.63915442
2710	0.60193246
2714	0.66494550
2731	0.67750987
2752	0.60990521
2765	0.62725829
2767	0.58725632
2771	0.63788626
2815	0.57498262
2868	0.61829779
2893	0.60517930
2918	0.63359755
2926	0.52274842
2948	0.59094392
2961	0.62128318
2979	0.66911572
2999	0.59709439
3049	0.52615877
3118	0.60361493
3121	0.59391667
3167	0.55076343
3184	0.63517575
3195	0.56026935
3369	0.64046209
3381	0.65029107
3427	0.59213784
3504	0.61624961
3517	0.57896880
3607	0.60368325
3609	0.61456240
3620	0.62604463
3632	0.57624882
3642	0.55943760
3653	0.60169431
3662	0.61963665
3731	0.53256319
3758	0.56472907
3779	0.59845419
3786	0.55659597
3918	0.56956161
3922	0.60859518
3965	0.60991114
4036	0.56198420
4087	0.56528120
4151	0.52791706
4170	0.54373855
4357	0.52888744
4365	0.56157109
4385	0.59714258
4435	0.54846564
4487	0.57623539
4494	0.61270221
4629	0.56357109
4687	0.52615561
4766	0.58943641
4783	0.55874329
4838	0.54216114
5033	0.56823183
5042	0.55030450
5049	0.54708254
5055	0.53778555
13	0.80479897
18	0.80461216
20	0.80459992
22	0.80491390
50	0.80447709
51	0.80490916
53	0.80452646
55	0.80498499
58	0.80426975
62	0.80431201
68	0.80424684
94	0.80446130
151	0.80451343
152	0.79917812
167	0.80485703
170	0.80435821
172	0.79337441
178	0.80041588
212	0.80024131
218	0.80308531
224	0.79145537
230	0.76239021
247	0.79047117
251	0.80261414
299	0.80167417
303	0.79998065
307	0.78524052
316	0.80156082
327	0.75980411
352	0.74147472
362	0.73335506
371	0.68970419
384	0.72709597
399	0.79158136
419	0.78969431
461	0.75188784
473	0.80441114
482	0.79138942
492	0.77851659
510	0.76894866
544	0.75970142
558	0.79012204
602	0.75461532
605	0.78199447
621	0.79172472
651	0.78178436
656	0.73744945
695	0.76132227
715	0.77522314
730	0.71631872
797	0.78878949
802	0.69599526
845	0.77234360
864	0.76089968
867	0.77996169
920	0.76270972
937	0.73323736
953	0.69822038
1014	0.74170142
1024	0.77432464
1078	0.74802844
1086	0.72718997
1094	0.73871485
1133	0.68251382
1135	0.70194629
1161	0.65664573
1184	0.68102528
1192	0.67095063
1208	0.77866035
1241	0.56653278
1244	0.66482030
1389	0.66967773
1399	0.70052725
1403	0.70309321
1448	0.69673381
1450	0.68357978
1506	0.71321919
1529	0.67895972
1556	0.59064494
1620	0.67556240
1690	0.65688112
1696	0.62429463
1755	0.66410664
1846	0.63728555
1895	0.54375632
1935	0.65036098
1958	0.65827962
2008	0.58894866
2176	0.64990561
2216	0.62298420
2236	0.70979305
2255	0.62104700
2361	0.70975592
2363	0.68845735
2364	0.64396959
2365	0.61117654
2449	0.63276224
2456	0.59718088
2463	0.62747117
2481	0.63046327
2491	0.67416667
2513	0.56347354
2540	0.63431951
2545	0.62266272
2546	0.71167299
2676	0.60187796
2798	0.64027567
2826	0.59835427
2880	0.66130450
2905	0.66487599
2924	0.63700039
2937	0.65981122
2962	0.59391311
2967	0.64139139
3000	0.56634281
3189	0.64398657
3218	0.53379660
3237	0.61980450
3261	0.59826382
3322	0.60809558
3390	0.64212638
3455	0.56650829
3474	0.59050790
3555	0.56010229
3564	0.65978357
3592	0.56045379
3682	0.60026501
3689	0.59234637
3748	0.56805055
3767	0.60857030
3877	0.51206477
4030	0.62123460
4035	0.56648262
4142	0.58599329
4146	0.54731201
4154	0.55364771
4206	0.50563863
4234	0.60172670
4254	0.55547156
4258	0.61617812
4337	0.59091667
4419	0.55391548
4445	0.61562441
4538	0.56020577
4561	0.56965442
4575	0.61301856
4600	0.54088705
4748	0.51682306
4751	0.50559992
4773	0.55214297
4799	0.55846445
4847	0.56770774
4872	0.54547986
5006	0.53243286
32	0.80456714
57	0.80448499
59	0.80448776
73	0.80426777
90	0.80455450
122	0.74024961
138	0.79191548
144	0.80248341
145	0.80482464
164	0.80480727
175	0.79306912
179	0.80417062
265	0.78515679
283	0.79911769
288	0.79134992
344	0.78967654
404	0.72092773
410	0.78348736
427	0.80108412
478	0.77276659
516	0.75508649
551	0.79193167
575	0.77868088
737	0.77588270
749	0.73747828
759	0.75917180
760	0.66119747
761	0.77335348
766	0.72719668
770	0.74482622
901	0.72526619
927	0.77581043
966	0.78201461
1015	0.75929858
1031	0.69522788
1038	0.76434084
1040	0.70493760
1057	0.67267022
1158	0.70038823
1218	0.64838665
1288	0.78973934
1362	0.68244471
1434	0.65700908
1437	0.66324408
1536	0.73062559
1545	0.61918602
1618	0.64573381
1656	0.71439652
1673	0.67262243
1725	0.75317536
1731	0.65190403
1733	0.69545182
1767	0.68866825
1983	0.68563468
2023	0.63864455
2317	0.67291864
2370	0.67280529
2414	0.64751935
2510	0.58264297
2783	0.60340521
2878	0.61757899
2901	0.63518009
2923	0.70954265
3117	0.63397393
3171	0.60542733
3482	0.57883491
3503	0.61823894
3533	0.58920103
3708	0.58581951
3774	0.55377883
3841	0.53447512
3923	0.51520537
3958	0.54547117
4029	0.58415482
4051	0.55995537
4246	0.55458017
4402	0.52822038
4416	0.53854384
4479	0.55407662
4541	0.57589100
4692	0.58210624
4769	0.53605608
4829	0.54560071
5038	0.56949487
19	0.80511848
27	0.80484439
30	0.80478357
35	0.80478160
44	0.80471959
49	0.80432622
65	0.80166667
69	0.80443404
84	0.80289455
86	0.80266825
89	0.78827804
95	0.80448697
101	0.80490126
103	0.80474763
117	0.80473973
119	0.79282385
136	0.80316469
137	0.80242378
154	0.79957030
159	0.80464968
166	0.80307662
173	0.80249210
189	0.79833728
193	0.80417891
195	0.78508096
202	0.78990956
248	0.77118246
257	0.79986335
297	0.78994076
309	0.77901461
311	0.78028633
315	0.74017852
329	0.80264100
356	0.80092378
367	0.71719194
398	0.77862480
431	0.78290047
439	0.79944984
450	0.79458926
480	0.79472275
520	0.77062678
530	0.78030371
547	0.77239573
550	0.62260032
552	0.78335269
569	0.78188112
570	0.74627014
587	0.71287204
589	0.73745142
604	0.77038191
624	0.76802804
670	0.75793523
679	0.78201224
689	0.77253318
698	0.77860703
709	0.69795656
742	0.69866272
771	0.66320498
794	0.75285821
796	0.77223697
837	0.72897117
863	0.73518246
868	0.74373618
877	0.67747393
884	0.72589810
909	0.69843246
914	0.77552923
916	0.74970853
941	0.67945261
945	0.70035664
949	0.69319194
993	0.74662757
1019	0.65579976
1056	0.73550987
1084	0.71881043
1092	0.77212875
1093	0.76776817
1100	0.76432820
1123	0.68679423
1127	0.68747156
1178	0.78027844
1179	0.75768523
1195	0.76105174
1202	0.68580529
1214	0.73189692
1229	0.76293918
1251	0.70851106
1256	0.65380608
1284	0.69213823
1319	0.65372907
1335	0.73715995
1338	0.72769194
1343	0.70480885
1394	0.68563073
1411	0.69702251
1418	0.76728949
1425	0.69343049
1451	0.76325079
1470	0.71723065
1474	0.65500829
1508	0.72048815
1523	0.72512717
1528	0.65300355
1541	0.76759005
1554	0.66045142
1585	0.64728120
1590	0.72896880
1605	0.64691114
1617	0.68827133
1625	0.71272986
1681	0.62874566
1694	0.67279305
1724	0.56521801
1727	0.71584953
1732	0.61606991
1734	0.68528594
1746	0.65005687
1762	0.62329265
1774	0.71185387
1815	0.70524447
1858	0.67718602
1863	0.61316035
1882	0.69511967
1934	0.73000829
1937	0.67254937
1943	0.69344905
1947	0.70792496
1989	0.63197907
2025	0.64241311
2049	0.68540324
2101	0.59881951
2144	0.69209834
2161	0.66766153
2166	0.69654897
2172	0.68911335
2175	0.58224961
2181	0.68017891
2191	0.55358373
2240	0.66016746
2247	0.58427923
2285	0.59223894
2306	0.68535624
2309	0.62109439
2319	0.58550079
2327	0.69012046
2341	0.65987085
2358	0.67922749
2368	0.64071248
2392	0.64058689
2418	0.58544392
2439	0.70634755
2444	0.66961927
2506	0.64037638
2517	0.57291390
2518	0.57811730
2582	0.57486177
2594	0.64543404
2609	0.60043325
2657	0.60191193
2665	0.65301066
2713	0.58913547
2722	0.69199013
2729	0.61796998
2733	0.58453870
2742	0.65182859
2755	0.59515916
2814	0.61491706
2839	0.64720893
2886	0.55386690
2919	0.68706082
2982	0.52481833
3069	0.64061256
3095	0.62553002
3133	0.66326698
3159	0.66654542
3176	0.58882425
3188	0.63857899
3197	0.58916904
3253	0.59525158
3259	0.63380411
3324	0.55728752
3330	0.56818878
3343	0.55205964
3411	0.68966627
3413	0.59266074
3426	0.57802528
3468	0.58429581
3473	0.58393049
3480	0.62579186
3483	0.55855371
3494	0.57494550
3499	0.60364889
3526	0.62163902
3619	0.61303278
3663	0.59546840
3694	0.66444313
3765	0.66806398
3789	0.56493523
3803	0.56339929
3811	0.63222275
3840	0.57284242
3846	0.55507148
3855	0.60662954
3913	0.64080371
3978	0.55081991
4072	0.62121169
4077	0.59903357
4085	0.55184913
4121	0.62003910
4159	0.58434044
4197	0.58890442
4243	0.56488665
4253	0.57007543
4294	0.55494945
4338	0.56338310
4346	0.55337520
4387	0.55527409
4433	0.56200316
4505	0.58406082
4558	0.56914455
4563	0.56171524
4583	0.61029897
4651	0.57434755
4654	0.58132425
4675	0.55538863
4757	0.55358886
4800	0.57347038
4862	0.58464613
4972	0.54247946
4980	0.55198894
4985	0.57651777
5005	0.55335229
33	0.80505569
114	0.80449921
241	0.77896209
264	0.79038507
274	0.80095498
286	0.79109479
343	0.78090995
508	0.69469787
531	0.75642575
556	0.77568641
612	0.77382346
666	0.75644471
754	0.77246288
834	0.72930924
1048	0.74862954
1095	0.72384874
1136	0.74828041
1173	0.66445972
1247	0.76291035
1380	0.60997393
2320	0.63687401
2661	0.60037362
2720	0.59542220
2973	0.63738902
3111	0.63434558
4192	0.55697354
4341	0.61483847
4452	0.60990403
4568	0.59367970
29	0.80469036
39	0.80424092
43	0.80432425
60	0.80453199
74	0.79059281
153	0.76275948
214	0.79342022
236	0.80148934
239	0.76743049
262	0.80326461
305	0.79812441
334	0.74706872
340	0.78382227
452	0.71408807
496	0.73711809
634	0.78822117
655	0.79498381
723	0.72890087
750	0.65990561
769	0.74815166
869	0.76773736
872	0.77759202
935	0.69816469
957	0.77387954
1130	0.71964179
1255	0.71472314
1265	0.75954937
1370	0.63412401
1393	0.66763705
1461	0.60820735
1594	0.70951975
1616	0.72731517
1627	0.69039850
1629	0.58558096
1654	0.71135900
1749	0.66485782
1871	0.70309874
1883	0.67237559
1929	0.61788073
2192	0.71964968
2457	0.60986098
2490	0.72100158
2715	0.63748302
2995	0.65463902
3052	0.58428081
3082	0.63693720
3225	0.57634123
3226	0.64231754
3236	0.54357899
3292	0.60360071
3535	0.53424882
3762	0.55399921
4185	0.53598460
4448	0.60535269
4460	0.56916074
4496	0.56329384
4529	0.56501777
4605	0.51154937
4657	0.51994510
4682	0.57946090
4697	0.52744115
4755	0.56466153
4889	0.57113586
4903	0.56182583
4910	0.56826619
4970	0.55979660
5041	0.55209242
99	0.79948894
112	0.80117022
160	0.79951303
163	0.79957030
165	0.79760229
201	0.79599803
204	0.79649447
220	0.79596445
246	0.80440640
254	0.78993997
324	0.78855806
325	0.80506240
338	0.78505569
347	0.76209202
354	0.80429897
375	0.78184795
475	0.76240916
498	0.78475316
572	0.79454621
600	0.76283965
633	0.80133373
672	0.77865561
684	0.74967536
756	0.77261611
786	0.74144747
792	0.71168444
844	0.78536019
853	0.79222275
881	0.74532938
912	0.71312085
979	0.77096288
1013	0.73211809
1052	0.70834360
1099	0.74213112
1104	0.72922551
1146	0.72586453
1185	0.71732109
1366	0.70112204
1475	0.65502725
1509	0.72085427
1510	0.68230134
1640	0.69009913
1648	0.71302172
1761	0.71625750
1768	0.69471367
1855	0.64374961
1887	0.59855016
2003	0.67110664
2016	0.74374605
2027	0.61910150
2094	0.69034518
2129	0.65504581
2281	0.64048973
2290	0.65147472
2351	0.64177528
2432	0.65154779
2454	0.63737599
2470	0.66956319
2547	0.62144076
2580	0.69194273
2817	0.58260900
3081	0.66146169
3096	0.63737757
3266	0.63784597
3328	0.59984597
3410	0.56940837
3593	0.56505727
3800	0.59874605
4064	0.53733412
4091	0.57476501
4130	0.60828120
4153	0.55514850
4242	0.61133373
4289	0.53913784
4352	0.55487322
4382	0.61781359
4459	0.57074131
4765	0.58500948
4809	0.52797235
4874	0.51479226
5045	0.55866548
23	0.80493562
66	0.80283728
77	0.80438073
108	0.79290600
133	0.78719589
199	0.79490126
221	0.79773539
227	0.80321248
312	0.78662243
409	0.76725948
471	0.79162994
476	0.79954186
501	0.77370261
693	0.69699882
747	0.73327291
823	0.77256319
910	0.75971327
1027	0.77216825
1170	0.70817417
1304	0.58071169
1414	0.62406043
1462	0.67431635
1469	0.67826580
1496	0.68944984
1524	0.75826422
1542	0.70648894
1735	0.70614336
1816	0.67252014
1827	0.66588073
1964	0.63874250
2032	0.64960861
2177	0.62900079
2223	0.69060664
2249	0.59608333
2334	0.67647196
2419	0.62430016
2602	0.63225276
2615	0.61027291
2617	0.70021603
2630	0.62283689
2679	0.64058531
2838	0.62457109
3044	0.61822986
3089	0.60810821
3352	0.63746209
3375	0.63062954
3485	0.60216864
3616	0.65052646
3621	0.58060900
3785	0.58092338
3847	0.55982622
3869	0.61353752
3943	0.49555964
3995	0.55678436
4098	0.63573855
4110	0.57431438
4423	0.58568997
4464	0.60655964
4643	0.55569510
4649	0.58396524
4833	0.51953989
5019	0.51046564
28	0.80444787
37	0.80420577
45	0.80468602
56	0.80426461
109	0.80226619
155	0.80128712
215	0.80460703
216	0.80285861
252	0.80063863
267	0.80296722
293	0.79676343
302	0.80135071
348	0.79630095
414	0.80277883
441	0.78008689
445	0.76722235
451	0.80108017
483	0.77068918
491	0.74303002
527	0.77573104
529	0.77869984
580	0.76911730
610	0.75926856
675	0.76876975
716	0.77526975
768	0.73021248
810	0.64849289
832	0.74999329
938	0.73659834
984	0.72585900
1016	0.73477370
1018	0.78837717
1020	0.78203752
1044	0.63760308
1070	0.72264613
1087	0.68879542
1101	0.65841074
1124	0.67724131
1138	0.74621130
1149	0.72393049
1164	0.60007385
1190	0.77227923
1268	0.66884795
1282	0.70966825
1323	0.76307780
1363	0.75171959
1378	0.76742615
1569	0.57312678
1575	0.75609795
1593	0.61438033
1601	0.74509084
1608	0.73084558
1646	0.63095932
1669	0.60226896
1689	0.59526580
1763	0.64516035
1877	0.67054542
1896	0.67221524
1959	0.72569313
1960	0.67524289
2001	0.59874605
2030	0.68232267
2046	0.62130569
2061	0.57474052
2131	0.67306043
2147	0.64952133
2246	0.60033136
2287	0.69497077
2311	0.66644945
2352	0.54239850
2493	0.67098381
2519	0.67736769
2561	0.64078318
2578	0.66424092
2629	0.70506754
2644	0.66652291
2670	0.63863152
2773	0.64381912
2782	0.62900869
2871	0.61679542
2879	0.69322117
2940	0.61602212
2952	0.62331635
3005	0.59363073
3042	0.63905608
3064	0.64667062
3094	0.58762915
3150	0.59687085
3164	0.62385940
3169	0.59829226
3196	0.60814060
3205	0.58436769
3258	0.65684597
3335	0.57237243
3341	0.55066746
3439	0.61919471
3467	0.56847354
3488	0.60615956
3532	0.61160190
3559	0.61140837
3561	0.67293602
3692	0.54397077
3828	0.65652291
4052	0.57742930
4070	0.57482070
4089	0.64077370
4205	0.60490245
4208	0.57419945
4468	0.53603002
4532	0.53246524
4556	0.62065640
4611	0.54406201
4671	0.57299289
4705	0.54411690
4707	0.56445419
4723	0.62463073
4866	0.57298973
4941	0.57260821
5054	0.56344945
26	0.80465008
31	0.80465956
79	0.80087954
85	0.80315956
91	0.80480924
93	0.80434755
102	0.80458254
105	0.80410150
115	0.78995932
124	0.80457978
134	0.80279660
141	0.80477251
147	0.80411651
161	0.80255648
168	0.80325158
169	0.80512520
183	0.79642852
184	0.79357741
209	0.78532227
210	0.79507030
213	0.78403831
217	0.78365640
242	0.80339929
243	0.80083294
250	0.78684637
263	0.80172314
276	0.78224052
289	0.78209913
321	0.73046919
328	0.80332820
341	0.80143404
346	0.80009044
355	0.79199052
360	0.78875079
366	0.79364810
372	0.75369589
396	0.79596090
405	0.77985308
408	0.78184716
443	0.79961848
446	0.78836493
465	0.71295379
515	0.78876817
528	0.78543365
536	0.77219273
555	0.74010900
574	0.75446880
585	0.77102133
590	0.79799131
598	0.76957662
638	0.74688389
657	0.75756872
668	0.78392852
688	0.69156359
708	0.70494826
718	0.78037994
743	0.77713823
753	0.77412441
757	0.77431082
774	0.78734913
778	0.78495379
781	0.68985664
798	0.74160071
799	0.64695419
819	0.77756319
842	0.68673894
857	0.69837954
859	0.76301619
922	0.77230924
925	0.75987836
931	0.67618602
932	0.75679976
933	0.74370024
972	0.78562243
976	0.64195498
978	0.65505490
1011	0.74935071
1021	0.67907070
1022	0.68416706
1060	0.77980490
1063	0.69563507
1069	0.74700395
1096	0.74203160
1098	0.75293839
1117	0.77556872
1139	0.68331003
1142	0.70802765
1148	0.75788310
1187	0.68531714
1203	0.76767378
1230	0.74983491
1235	0.71618523
1249	0.74674408
1298	0.69839100
1331	0.68887638
1332	0.77370142
1347	0.58247196
1352	0.70330371
1368	0.73415047
1387	0.65496761
1412	0.70663705
1447	0.74963547
1459	0.77080687
1463	0.74783570
1479	0.72862164
1518	0.68821288
1537	0.68724566
1562	0.72741351
1564	0.68742970
1633	0.74313863
1660	0.68567259
1663	0.66509044
1675	0.70874724
1695	0.68414060
1702	0.66296919
1703	0.66458215
1723	0.71925711
1744	0.67385940
1748	0.60611651
1775	0.62756003
1780	0.62260111
1786	0.71022630
1804	0.68385308
1824	0.65384597
1833	0.76117417
1890	0.66121288
1906	0.63246564
1926	0.67954660
1946	0.62771248
1956	0.63422630
1975	0.67077844
1978	0.66997314
1991	0.71588033
2010	0.58267694
2014	0.66143523
2020	0.63886809
2034	0.69682701
2040	0.74146643
2069	0.61305727
2081	0.71320419
2111	0.67602370
2119	0.71307385
2134	0.69668404
2140	0.64894036
2149	0.64824645
2202	0.66186690
2203	0.57948144
2211	0.60632385
2225	0.65170814
2245	0.63465719
2337	0.65816746
2350	0.66359795
2353	0.57786967
2357	0.66774447
2382	0.57278476
2411	0.62478002
2473	0.66292575
2496	0.58898618
2502	0.62043760
2514	0.72540363
2515	0.64377370
2542	0.60668681
2550	0.62133807
2564	0.61817180
2573	0.59857346
2639	0.60075158
2649	0.64526264
2654	0.62235624
2701	0.60864218
2753	0.61119313
2769	0.64684795
2778	0.68554542
2803	0.70491430
2842	0.59873539
2850	0.63086335
2855	0.62494708
2856	0.63583333
2869	0.58276580
2870	0.66982385
2873	0.58147196
2942	0.59194905
2968	0.65310703
2969	0.57020182
3021	0.66755924
3033	0.55517022
3077	0.65157030
3079	0.55325039
3108	0.58040956
3116	0.55958531
3137	0.57418365
3166	0.61491864
3281	0.58074329
3315	0.59184874
3325	0.64726027
3360	0.64860664
3366	0.61754344
3377	0.58753436
3414	0.54374210
3422	0.56191153
3436	0.59759558
3442	0.53885387
3465	0.62789060
3497	0.64073539
3511	0.59866232
3586	0.60693681
3588	0.55151817
3610	0.56516785
3681	0.56356280
3738	0.64681833
3763	0.58771406
3783	0.66362717
3797	0.67928555
3820	0.55824487
3826	0.67628357
3890	0.54238191
3901	0.54891509
4033	0.56047788
4047	0.61316627
4053	0.52657662
4067	0.55667378
4069	0.53570735
4107	0.60307662
4166	0.57646880
4172	0.54691904
4265	0.54056596
4270	0.56159163
4310	0.50682938
4335	0.58897077
4367	0.56853712
4405	0.53129226
4421	0.57277844
4444	0.53419076
4461	0.56531833
4554	0.55988152
4576	0.55172630
4596	0.64202370
4650	0.56279502
4706	0.59044747
4746	0.56331517
4750	0.57599803
4764	0.50067259
4786	0.58757385
4891	0.57989968
4936	0.58468444
4943	0.52936374
4976	0.57152330
5004	0.54893957
42	0.80435545
83	0.80425000
97	0.80417575
107	0.80120221
127	0.80479976
132	0.77876501
171	0.78142259
205	0.79500671
225	0.79928989
322	0.80164968
336	0.79186809
345	0.72114850
350	0.77951422
357	0.73037322
376	0.75807701
380	0.78674645
385	0.79842852
389	0.79457780
403	0.79978515
418	0.79307188
459	0.74476382
460	0.79189179
477	0.75171880
494	0.79659202
497	0.76229502
504	0.70755529
539	0.71119984
541	0.77569629
548	0.75170340
609	0.75673025
680	0.71284439
780	0.77757188
826	0.76446090
886	0.74272196
890	0.67300671
961	0.74401659
1071	0.69051738
1088	0.72961414
1120	0.70914613
1213	0.56620063
1246	0.68559005
1287	0.74014021
1314	0.72864731
1358	0.75926777
1364	0.64533965
1388	0.74969550
1446	0.70658965
1454	0.73794036
1527	0.63581872
1571	0.66998657
1707	0.61146840
1719	0.69777370
1783	0.73992773
1792	0.71762085
1841	0.66981240
1843	0.68668128
1961	0.66296130
2007	0.69692299
2028	0.67619747
2029	0.65139771
2084	0.67280648
2090	0.65192615
2126	0.70494392
2230	0.65736058
2355	0.63103831
2539	0.71615600
2643	0.63570024
2675	0.64498183
2692	0.64528120
2779	0.63105806
2831	0.64222235
2834	0.64848973
2922	0.55963863
2987	0.58934716
3068	0.59074052
3100	0.59205964
3293	0.58420063
3356	0.57789573
3457	0.64360703
3495	0.61490798
3636	0.56772117
3673	0.56922196
3691	0.65181240
3702	0.54254700
3810	0.61934044
3892	0.60032978
4155	0.54848499
4181	0.53434202
4236	0.56007464
4312	0.54852883
4370	0.55495498
4436	0.53589889
4497	0.54551461
4630	0.54890521
4639	0.55215126
4678	0.55540719
4821	0.54884044
4849	0.54049961
4886	0.60009597
4944	0.54581319
4990	0.58727607
5040	0.54413942
54	0.80453239
100	0.80252291
111	0.79330766
146	0.80468207
158	0.80447433
191	0.80301501
192	0.80081596
229	0.80436888
270	0.79617496
308	0.80077962
323	0.79959558
368	0.78359874
370	0.79665205
386	0.76150711
395	0.79915047
413	0.73378041
415	0.74680292
453	0.78875592
479	0.79169589
509	0.78873025
511	0.75963665
535	0.70320537
538	0.78006793
559	0.75271367
573	0.78148262
581	0.79491825
592	0.77993088
607	0.79287480
681	0.75061532
686	0.78385742
706	0.74385861
721	0.73672196
729	0.71946564
734	0.77221564
748	0.65852251
783	0.78514929
809	0.74829463
833	0.69654739
860	0.76902607
861	0.75139692
903	0.74344629
948	0.62920458
960	0.70779344
1017	0.74975869
1113	0.73365008
1126	0.69903594
1131	0.70310703
1162	0.78196406
1204	0.71897314
1207	0.70947512
1252	0.73206043
1267	0.66978278
1305	0.75242930
1306	0.75328870
1310	0.64834874
1313	0.71140679
1330	0.66598302
1333	0.64028041
1349	0.77561295
1354	0.65344194
1439	0.62743562
1456	0.69318562
1467	0.67467891
1494	0.63741114
1512	0.66259755
1540	0.75441904
1550	0.65437401
1588	0.62374447
1603	0.65938744
1737	0.68708689
1739	0.69845221
1818	0.66308491
1836	0.65952528
1891	0.58724250
1930	0.66001777
1996	0.63050158
2026	0.68205016
2050	0.66265916
2082	0.65754028
2117	0.65210861
2130	0.60514652
2184	0.66918878
2204	0.63920616
2226	0.70134044
2271	0.61157188
2278	0.62722986
2307	0.61152370
2375	0.62894392
2404	0.54245972
2429	0.65506398
2520	0.57017891
2595	0.66661453
2705	0.62260071
2711	0.67245537
2723	0.70991469
2740	0.71117338
2867	0.64344036
2947	0.66829779
3008	0.64054502
3013	0.58567970
3018	0.64065245
3043	0.64341469
3168	0.61008215
3241	0.56792654
3247	0.53922512
3276	0.56188902
3306	0.62626224
3498	0.65798539
3635	0.57297788
3647	0.57474724
3716	0.54888981
3766	0.61439534
3891	0.56802330
3920	0.53280687
3982	0.55061453
3986	0.57582464
4006	0.56483333
4015	0.57763784
4025	0.62901106
4027	0.50196288
4041	0.58565166
4227	0.63209637
4356	0.61788665
4360	0.57433491
4399	0.55014218
4451	0.59727962
4472	0.56816627
4523	0.60196485
4552	0.56288270
4693	0.54241983
4710	0.49926145
4729	0.56116035
4932	0.50838033
4988	0.58600592
36	0.80438349
63	0.80395024
78	0.80448302
157	0.80419510
187	0.78950711
196	0.80131003
197	0.80409044
208	0.77881517
223	0.80468641
238	0.80448223
294	0.80307622
369	0.80434558
434	0.78503002
455	0.79520537
563	0.75616864
583	0.77731833
584	0.75195577
641	0.76395024
647	0.76941153
665	0.73618681
671	0.69672196
692	0.77140047
755	0.73344313
758	0.75507622
775	0.73856438
782	0.74658570
801	0.67059716
862	0.78538310
875	0.79962243
936	0.72118286
965	0.77823341
967	0.77405766
985	0.75318602
994	0.69973934
1007	0.74028002
1030	0.73697433
1049	0.65493878
1050	0.74512085
1054	0.68719036
1064	0.76936335
1168	0.74645972
1226	0.69180292
1259	0.75803712
1275	0.75748618
1295	0.75141904
1317	0.73326856
1322	0.75000553
1365	0.65784795
1381	0.72649368
1386	0.77031161
1430	0.67073025
1498	0.71929700
1501	0.66794194
1505	0.64682030
1559	0.76826106
1570	0.71923223
1577	0.67399171
1678	0.58759874
1692	0.61963112
1714	0.72917970
1720	0.67941746
1777	0.67237362
1832	0.63733649
1852	0.71163191
1894	0.60678949
1901	0.61788626
1907	0.65975908
1955	0.60020814
1982	0.63275000
1987	0.70076145
2002	0.66143997
2012	0.65689692
2052	0.71222038
2073	0.60356951
2257	0.66466114
2292	0.55335506
2296	0.65614376
2303	0.63672867
2315	0.65655253
2326	0.57621445
2413	0.69343760
2436	0.62763152
2486	0.62095932
2525	0.55558412
2559	0.63737599
2636	0.59559084
2690	0.55241035
2698	0.61983294
2702	0.64187559
2706	0.61812915
2707	0.65307622
2749	0.70663902
2785	0.59623065
2792	0.66944668
2822	0.53916825
2896	0.60299368
2913	0.62754384
3071	0.63085190
3074	0.60670656
3087	0.64216074
3122	0.60394747
3145	0.56511848
3158	0.61485821
3206	0.60835308
3211	0.54837362
3278	0.58772591
3338	0.61788626
3363	0.57584321
3368	0.60535782
3392	0.61936374
3431	0.55649329
3466	0.57399052
3513	0.55049250
3516	0.58601461
3550	0.51203397
3579	0.58728476
3590	0.58115284
3623	0.60975671
3639	0.61820419
3651	0.62303002
3652	0.56148025
3676	0.60477646
3742	0.58709953
4002	0.54720656
4012	0.54376501
4117	0.54384321
4178	0.58570695
4183	0.62926817
4230	0.57778239
4285	0.57469155
4296	0.55205292
4315	0.55688863
4321	0.58893997
4359	0.57140956
4372	0.53606122
4381	0.58410861
4396	0.54887441
4424	0.55368246
4442	0.54882425
4465	0.54070577
4503	0.57639889
4521	0.58614494
4588	0.52789771
4656	0.57738389
4691	0.61198776
4719	0.52946011
4733	0.58091232
4776	0.50384321
4793	0.55854147
4802	0.58247630
4812	0.53882148
4865	0.58777646
4890	0.56341588
4926	0.57455964
4964	0.52358649
4997	0.53911414
5036	0.57406201
5052	0.55535387
106	0.80470379
139	0.79821761
148	0.80416311
190	0.80434795
222	0.76436888
228	0.80136848
234	0.79696761
249	0.76259637
253	0.78178594
258	0.80471248
260	0.80345458
261	0.78887441
275	0.79358412
278	0.78402844
301	0.78024842
304	0.78536967
306	0.79760387
314	0.80442496
424	0.79838073
432	0.79485664
454	0.80164929
534	0.76687125
543	0.77566825
564	0.67907188
571	0.76083096
577	0.75263152
635	0.78818681
712	0.78366232
722	0.72703594
788	0.72815403
818	0.77238231
866	0.75788823
876	0.77830371
892	0.73257346
894	0.72569273
919	0.76412994
923	0.74697156
946	0.74348420
952	0.72884400
969	0.78516114
1067	0.64717180
1109	0.69163231
1140	0.71168918
1169	0.74997393
1177	0.66151303
1211	0.73572433
1223	0.73708491
1377	0.74156833
1391	0.68483610
1423	0.67125790
1435	0.70121919
1453	0.63542536
1458	0.75145853
1477	0.62440798
1492	0.70295024
1600	0.63075513
1611	0.70697117
1637	0.64836335
1643	0.67796248
1699	0.67564218
1782	0.66311888
1796	0.72551619
1939	0.61968009
1941	0.67269905
1973	0.69531675
2021	0.69167654
2045	0.59559202
2068	0.69525829
2205	0.62445695
2289	0.68514534
2387	0.63112520
2437	0.67154542
2443	0.57962954
2461	0.71908412
2485	0.61769629
2591	0.63273973
2634	0.56973578
2687	0.65214336
2744	0.59201817
2758	0.57485782
2764	0.55838705
2818	0.59055055
2820	0.63075118
2840	0.61326580
2992	0.57461256
3022	0.64998420
3032	0.64373223
3063	0.60309163
3110	0.62620419
3127	0.61036295
3162	0.69367457
3183	0.61109953
3248	0.61449842
3300	0.59034084
3528	0.59703239
3536	0.58598302
3571	0.56001580
3585	0.63460940
3602	0.56490008
3615	0.62700158
3650	0.57949605
3674	0.60372828
3675	0.62594313
3707	0.58581517
3839	0.58070142
3858	0.60196761
3925	0.62309163
4066	0.56827133
4068	0.56029779
4150	0.57782780
4162	0.55869115
4175	0.53652133
4237	0.57744984
4260	0.57625395
4261	0.55809637
4273	0.59223381
4316	0.59065245
4408	0.57273302
4434	0.59557227
4667	0.60709321
4737	0.61342417
4900	0.49624131
67	0.80472156
82	0.80519194
98	0.80399645
113	0.80310348
130	0.80401303
140	0.80411295
143	0.80406398
150	0.80327923
182	0.79314455
206	0.80457978
237	0.77263665
279	0.73883096
284	0.80416746
300	0.80151580
319	0.78893760
335	0.79772709
393	0.79965877
400	0.79494115
402	0.75311374
406	0.80468207
411	0.80413191
417	0.78982701
420	0.79536927
425	0.80435703
438	0.75126659
444	0.79602172
448	0.78856872
484	0.75615205
566	0.71906793
595	0.74648539
618	0.78992141
627	0.77574842
628	0.74854107
632	0.76626501
652	0.77427212
660	0.75144313
662	0.80124250
663	0.80089100
676	0.77737678
696	0.75119076
711	0.75106161
717	0.60851777
772	0.75965679
779	0.70357306
807	0.73269826
822	0.64537204
891	0.76443088
893	0.78332780
899	0.71293444
906	0.73528239
950	0.79969905
955	0.71769866
963	0.72734044
973	0.70009479
995	0.69484123
1025	0.65942575
1032	0.71741153
1074	0.68233452
1152	0.75663863
1154	0.71140600
1159	0.75022709
1172	0.74407148
1176	0.67411058
1201	0.72051777
1231	0.65642220
1261	0.77610703
1264	0.69501422
1272	0.71104305
1278	0.67090482
1286	0.77230213
1291	0.73210348
1292	0.68571959
1299	0.67710585
1334	0.72602804
1372	0.76574092
1382	0.66651224
1396	0.70505253
1398	0.72080687
1401	0.63391114
1428	0.63430016
1429	0.73841193
1436	0.70002923
1452	0.69503633
1468	0.71133491
1543	0.71102725
1547	0.74497788
1576	0.66484518
1614	0.71632504
1655	0.69965679
1676	0.74200829
1712	0.67106359
1747	0.62777686
1788	0.66003712
1835	0.62107227
1844	0.74799566
1847	0.75770182
1880	0.65307188
1913	0.69702725
1924	0.70739297
1940	0.69525158
1966	0.68418720
2015	0.65688073
2018	0.66279028
2075	0.65690087
2089	0.58251856
2123	0.66639258
2136	0.62133294
2174	0.62468562
2180	0.67249368
2199	0.64853120
2210	0.61770893
2235	0.68239692
2253	0.65121445
2265	0.60981635
2267	0.69537717
2280	0.61794431
2302	0.63415442
2336	0.57889100
2397	0.59228318
2398	0.60220300
2425	0.66784400
2446	0.62638981
2460	0.61450276
2487	0.65353712
2488	0.61828515
2507	0.60799368
2509	0.61799645
2516	0.63508649
2603	0.64375829
2607	0.56509242
2638	0.61456912
2708	0.61639731
2709	0.65062243
2743	0.65134953
2745	0.59715719
2746	0.59515521
2843	0.65994708
2847	0.61631714
2849	0.60201185
2885	0.56636137
2899	0.64206043
2925	0.60011256
2939	0.60663942
2945	0.61178831
2991	0.62264692
3065	0.59228120
3099	0.58553160
3114	0.60324605
3115	0.57446485
3135	0.54408215
3223	0.64339297
3255	0.57926659
3275	0.58374921
3336	0.65826382
3349	0.60350197
3372	0.56190600
3401	0.54578555
3407	0.57930924
3469	0.57277883
3478	0.60556754
3501	0.56317694
3502	0.63426224
3560	0.59095893
3582	0.55414573
3587	0.54881517
3596	0.60683294
3601	0.59219273
3677	0.59514968
3722	0.51513823
3773	0.55033926
3823	0.62610348
3831	0.55368878
3850	0.59239139
3871	0.61333373
3898	0.58055253
3941	0.55689336
3949	0.55522946
3992	0.59743444
4100	0.53274566
4193	0.58425079
4210	0.54428081
4213	0.52031359
4217	0.48472038
4255	0.56943523
4320	0.53608412
4351	0.55207425
4374	0.55824684
4417	0.53252528
4474	0.57915916
4481	0.60219155
4488	0.58867022
4512	0.60772354
4603	0.54934716
4621	0.55810940
4632	0.54736888
4677	0.56640482
4714	0.55687243
4741	0.56374803
4785	0.55373736
4920	0.55500039
4952	0.54393049
4983	0.56435269
5024	0.52626461
5060	0.54423420
110	0.80433136
181	0.77266351
200	0.80278870
211	0.80461137
256	0.78021603
272	0.79971130
330	0.76588033
429	0.77035308
430	0.72471801
436	0.77575079
440	0.77580608
487	0.77688507
524	0.72716153
615	0.73062085
725	0.73867930
738	0.79499447
831	0.73660782
898	0.66295221
942	0.69195735
1002	0.72277488
1103	0.77702804
1197	0.66816943
1257	0.73851896
1271	0.74355371
1283	0.68547077
1404	0.67849447
1443	0.70920261
1473	0.65004305
1493	0.67415324
1525	0.62326382
1533	0.74033649
1534	0.64364139
1551	0.64216627
1613	0.68587915
1634	0.73785150
1704	0.65612164
1759	0.66584755
1921	0.62258412
1974	0.69207701
1984	0.67601738
2103	0.68500355
2148	0.70335782
2188	0.56490877
2219	0.63037204
2256	0.68583452
2263	0.66910071
2273	0.61645498
2548	0.62117970
2579	0.59678160
2694	0.71277093
2793	0.64866469
2810	0.70652093
2911	0.64221051
3030	0.69206951
3092	0.56490679
3097	0.62736335
3112	0.59666825
3143	0.66093997
3151	0.60524526
3179	0.62967101
3220	0.66102804
3260	0.60699921
3320	0.58593167
3358	0.58119076
3429	0.51677686
3462	0.60319352
3472	0.64816430
3541	0.57784558
3603	0.54576738
3624	0.58580885
3671	0.56481714
3721	0.57655213
3725	0.54697788
3827	0.55827962
3905	0.56163310
4050	0.61111967
4055	0.54397156
4099	0.56489060
4199	0.62280964
4201	0.57902646
4231	0.53878949
4248	0.52793957
4268	0.60024092
4305	0.56047156
4318	0.53287559
4331	0.53422709
4676	0.57612994
4760	0.57606359
4817	0.55990837
4899	0.54237125
4905	0.56524250
4916	0.53905885
5053	0.53106951
5057	0.55666548
232	0.74863033
255	0.80117615
472	0.79453357
505	0.80291035
512	0.78962046
588	0.75606201
682	0.78679937
710	0.74342615
800	0.77044155
804	0.75421524
812	0.74950158
852	0.76808531
915	0.79146524
934	0.78372354
1119	0.75141509
1325	0.66112520
1390	0.73361769
1484	0.77406833
1672	0.71588705
1716	0.75157188
1760	0.64065719
1810	0.62623776
1948	0.66150355
2043	0.60185664
2152	0.67609518
2231	0.70011730
2262	0.60666864
2332	0.58243167
2338	0.62103397
2389	0.60830845
2471	0.65838231
2719	0.62264179
2854	0.59375671
2857	0.60290047
2902	0.59218009
3012	0.60682148
3053	0.59918878
3129	0.57482148
3149	0.65018049
3190	0.60978041
3310	0.60491074
3487	0.61633175
3490	0.55189850
3573	0.59544905
3661	0.55487125
3851	0.52492773
3947	0.58617812
4046	0.58903791
4129	0.57175908
4284	0.59045695
4373	0.59239021
4375	0.55363665
4612	0.56473855
4673	0.56152172
4732	0.61625434
4908	0.52723341
4954	0.56152844
5046	0.57308452
116	0.79153949
131	0.80187006
185	0.80431556
188	0.80457504
203	0.79833728
231	0.78856122
282	0.79827567
298	0.73542536
331	0.79475829
333	0.79179186
373	0.77918799
377	0.73874803
382	0.79761848
390	0.71758570
433	0.78291153
470	0.69704542
502	0.73494747
523	0.78652528
542	0.72721603
594	0.79817733
608	0.71448973
623	0.78512994
644	0.76302804
654	0.74635940
705	0.77562796
733	0.72598144
827	0.76467575
908	0.74537717
930	0.67119589
1111	0.73339494
1112	0.74634202
1128	0.78391153
1147	0.71330727
1181	0.68688863
1224	0.74980174
1245	0.73350118
1263	0.62725197
1311	0.68025000
1424	0.61625553
1465	0.69639573
1483	0.67162954
1485	0.66488310
1515	0.64998183
1595	0.68999250
1612	0.68425395
1631	0.70530055
1680	0.68673262
1869	0.61959755
1893	0.70644115
1898	0.64866825
1928	0.69491232
1938	0.69927172
1957	0.67416351
1988	0.67300869
2013	0.67604028
2019	0.72707543
2044	0.64747788
2072	0.61187401
2085	0.68559163
2100	0.67289415
2118	0.67551224
2121	0.68102646
2217	0.64545853
2238	0.56841864
2248	0.66805253
2264	0.72132741
2385	0.55164179
2400	0.62747828
2417	0.59990482
2474	0.62614455
2497	0.66636769
2534	0.71414613
2565	0.59050632
2570	0.61617180
2601	0.66015877
2727	0.58621406
2739	0.55865166
2943	0.60514258
2955	0.68061572
2960	0.56041074
2985	0.54719392
2989	0.57568602
3014	0.63546248
3015	0.68723934
3016	0.58420261
3029	0.55803436
3047	0.68741035
3105	0.60658017
3232	0.56962994
3397	0.52345221
3403	0.58542654
3460	0.56171682
3489	0.60190008
3512	0.61009637
3529	0.61480095
3562	0.56487757
3641	0.52145656
3687	0.56970379
3735	0.60974763
3755	0.58105450
3769	0.59212717
3806	0.63402291
3818	0.62239139
3861	0.59218720
3872	0.52582188
3980	0.54269155
3987	0.55195340
4003	0.54197551
4007	0.59089771
4011	0.56334163
4020	0.55219550
4043	0.53290047
4123	0.61356003
4220	0.58800908
4263	0.58553989
4269	0.57108610
4302	0.58564731
4307	0.53280292
4380	0.57788270
4398	0.52321169
4407	0.56156793
4432	0.54414929
4471	0.59085664
4511	0.58096485
4534	0.54848657
4637	0.55564652
4711	0.55848736
4712	0.57816746
4747	0.53115719
4752	0.53576817
4777	0.54256319
4816	0.55333768
4831	0.60178002
4834	0.58260111
4923	0.52971130
4929	0.51819036
5008	0.57080885
5018	0.57282425
142	0.80428831
207	0.77566785
240	0.78694905
361	0.77072867
379	0.79674882
401	0.79633373
462	0.79929265
613	0.78853357
619	0.77372393
620	0.73072156
815	0.66925790
874	0.70121524
905	0.69961453
987	0.73042259
1205	0.70320261
1269	0.70481398
1297	0.75648302
1337	0.62461414
1340	0.69818720
1405	0.67731438
1420	0.73181912
1438	0.76129976
1522	0.74533215
1552	0.70974526
1582	0.63723736
1604	0.65993246
1619	0.67423697
1650	0.68718444
1742	0.65834400
1770	0.72564534
1829	0.67641035
1868	0.66804779
1870	0.72853357
1914	0.69358294
1998	0.63573381
2017	0.68386414
2022	0.62256517
2077	0.68253239
2114	0.62353594
2156	0.57459518
2193	0.66631951
2195	0.62289139
2476	0.68906122
2482	0.61621445
2544	0.55338547
2560	0.70160229
2569	0.61510427
2616	0.57128515
2651	0.66269194
2776	0.59383057
2914	0.59234242
2978	0.60049250
3041	0.61333768
3086	0.58780411
3109	0.58933057
3180	0.62800513
3340	0.63212875
3387	0.56835585
3452	0.63281161
3627	0.59058333
3669	0.60366904
3680	0.64182583
3802	0.57453160
3859	0.55432070
4075	0.58765363
4081	0.53301066
4137	0.56755095
4139	0.61188389
4211	0.52322551
4228	0.59993128
4363	0.58902172
4394	0.56176738
4395	0.57643444
4477	0.54096209
4577	0.56356003
4652	0.55509913
4665	0.56452014
4738	0.60962006
4840	0.55065324
4852	0.51176619
4896	0.53873381
4898	0.54861730
4925	0.57647275
4945	0.51502962
5062	0.56968404
320	0.80425632
447	0.76888112
456	0.77221761
521	0.79429976
533	0.77931872
565	0.72077054
636	0.77233175
645	0.75618641
661	0.74851975
719	0.77577804
793	0.74232899
817	0.74663705
870	0.66640442
887	0.74296011
944	0.74797077
1047	0.77124171
1068	0.73673341
1194	0.73528081
1481	0.68277646
1566	0.68556635
1581	0.69581675
1626	0.58630727
1682	0.64687520
1726	0.67438586
1785	0.72892654
1805	0.67593720
1808	0.66939218
1910	0.55015403
1919	0.64052251
2091	0.65205885
2092	0.65503594
2132	0.65814060
2308	0.67634518
2384	0.62910229
2393	0.65325553
2394	0.59884716
2423	0.61321485
2441	0.59237046
2584	0.57963863
2627	0.60175513
2633	0.62752291
2642	0.57923815
2712	0.62889021
2721	0.67622314
2882	0.64570103
2921	0.64025829
3054	0.62566351
3154	0.59764455
3219	0.60054976
3235	0.60033412
3285	0.56986256
3405	0.58274961
3611	0.60805608
3670	0.57976896
3749	0.55704976
3795	0.64679858
3812	0.58578436
3848	0.57724289
4088	0.64531754
4095	0.57755529
4141	0.57619826
4147	0.55598934
4240	0.55493246
4299	0.55229779
4336	0.62576027
4378	0.57238507
4437	0.54727923
4592	0.52443483
4595	0.62442970
4784	0.51778870
4801	0.56854660
4830	0.56535940
4969	0.55354660
313	0.76779542
342	0.74542496
353	0.77559913
437	0.77242496
442	0.79410940
486	0.70493483
744	0.75443009
971	0.74481280
1035	0.73965521
1089	0.78414455
1097	0.71002844
1121	0.76730648
1132	0.77398262
1237	0.59567575
1266	0.74651461
1308	0.69694076
1440	0.66763349
1579	0.67738231
1621	0.67237638
1652	0.65620419
1685	0.66783531
1700	0.64843720
1718	0.62940166
1822	0.73385269
1923	0.62118088
2051	0.72716430
2259	0.57454779
2416	0.64044115
2477	0.66815363
2505	0.64655845
2521	0.66787006
2574	0.61968997
2600	0.66802646
2625	0.67584795
2662	0.63747867
2681	0.65292812
2693	0.61156556
2716	0.54081793
2737	0.64070379
2866	0.63440679
2959	0.58076106
3031	0.56643128
3170	0.60166035
3252	0.63269629
3386	0.60981991
3425	0.55828160
3508	0.64218404
3695	0.64060348
3756	0.55368523
3825	0.61814218
3867	0.54579621
3888	0.57911374
4057	0.52919787
4119	0.59088586
4209	0.59572314
4295	0.56823420
4344	0.52915205
4470	0.57627093
4525	0.61676106
4546	0.59828160
4797	0.59549210
4877	0.52982188
4977	0.53909084
5003	0.53739850
358	0.76407385
506	0.79159755
507	0.77220103
562	0.78175553
829	0.74031596
888	0.69326540
1072	0.77384755
1076	0.72750750
1108	0.68874210
1150	0.64519076
1151	0.76344273
1167	0.71955253
1240	0.68689415
1307	0.77856438
1318	0.76428910
1361	0.75360466
1558	0.69193562
1645	0.68388981
1801	0.72582701
1859	0.66618918
1886	0.72573618
1931	0.69345893
1942	0.71093997
1969	0.72239100
1995	0.68860071
2031	0.65350355
2066	0.60812875
2157	0.65003555
2243	0.63382425
2420	0.65651975
2498	0.71886532
2566	0.65131872
2583	0.60807701
2586	0.55547235
2653	0.59098973
2763	0.60861216
2797	0.57268641
2816	0.69687520
3055	0.59083254
3106	0.63050671
3204	0.59403081
3348	0.56926817
3574	0.62732820
3595	0.58886414
3613	0.65017930
3698	0.55724882
3741	0.56784202
3875	0.53755806
3889	0.59699368
4004	0.59720972
4014	0.55977765
4038	0.58210861
4086	0.59571209
4115	0.59055174
4482	0.51026856
4485	0.58914850
4491	0.53470379
4674	0.56484913
4690	0.58729897
4744	0.56792694
4756	0.54748578
4901	0.57638586
4994	0.56136572
5000	0.55197038
149	0.80496406
287	0.80312006
428	0.77227804
495	0.68251935
513	0.80284953
554	0.73828515
561	0.77550869
567	0.79000750
579	0.75619036
591	0.79637401
637	0.74199329
646	0.77365956
659	0.77712322
667	0.80505055
700	0.75685979
707	0.66329700
720	0.69388033
731	0.68029305
795	0.73693009
997	0.72734281
1029	0.69204186
1082	0.78727330
1253	0.65787125
1276	0.69144155
1341	0.69251382
1419	0.72114179
1609	0.70272156
1647	0.70302528
1657	0.62073183
2065	0.60686888
2143	0.62426896
2198	0.67121367
2377	0.65667417
2426	0.53099842
2427	0.58167733
2557	0.59905016
2622	0.58728397
2647	0.70149842
2730	0.60025987
2766	0.63103870
2775	0.62308570
2780	0.66239810
2835	0.56297551
2872	0.57435071
2877	0.57338112
3009	0.52293681
3011	0.61811098
3174	0.59268483
3446	0.62300553
3556	0.63240442
3599	0.60716114
3711	0.59335348
3730	0.56158491
3775	0.55394747
3815	0.61169076
3883	0.54507504
3921	0.59062520
3929	0.56014889
3951	0.60517022
3960	0.52480845
3962	0.56137441
3977	0.55388152
4024	0.65799210
4353	0.57822749
4490	0.56023460
4519	0.58215166
4543	0.55020853
4545	0.53080450
4553	0.55330016
4572	0.53590837
4607	0.57451224
4659	0.51985585
4699	0.55655569
4819	0.57892141
4991	0.54528397
4995	0.54848183
365	0.80255213
412	0.69501540
467	0.74998420
825	0.71272670
839	0.76890640
913	0.75962796
975	0.75467220
988	0.72393444
992	0.77181872
1116	0.68531754
1122	0.76464258
1155	0.64879937
1175	0.73948144
1216	0.72089297
1383	0.69493799
1415	0.76397788
1441	0.70491627
1495	0.69192496
1596	0.66242852
1610	0.62753515
1638	0.66493602
1667	0.75098855
1674	0.61976027
1771	0.70644471
1809	0.60355766
2033	0.66626264
2053	0.64215521
2139	0.66752646
2396	0.72227330
2431	0.60485940
2472	0.62926896
2626	0.66630095
2805	0.72245142
2898	0.61800395
2931	0.57743878
3102	0.64224645
3138	0.62109637
3187	0.61329937
3282	0.61670814
3295	0.58400513
3301	0.56151777
3393	0.55720656
3432	0.57756991
3558	0.58868286
3577	0.60372907
3685	0.62085900
3743	0.52001856
3838	0.55781398
3957	0.60509163
3964	0.60034005
4028	0.56156793
4079	0.59068365
4413	0.51341627
4640	0.58937638
4641	0.56523894
4718	0.54737954
4763	0.54841627
4804	0.57734360
4810	0.56534281
4937	0.53734400
292	0.79498381
318	0.78383452
458	0.80421564
468	0.79981556
489	0.78546682
490	0.79263507
560	0.78190403
568	0.75785506
593	0.77503160
606	0.74381003
630	0.79507978
752	0.73664455
773	0.72282662
806	0.73887283
821	0.74330213
854	0.77593839
929	0.70136335
956	0.77358254
980	0.73658531
990	0.70594550
1012	0.68483531
1033	0.73744826
1061	0.73074803
1141	0.71028002
1180	0.75319273
1182	0.67904107
1189	0.68092852
1250	0.63553081
1374	0.67918997
1375	0.63240403
1466	0.67740600
1503	0.67237559
1517	0.67124684
1532	0.69983649
1586	0.62784874
1597	0.70649329
1711	0.57781596
1721	0.65303318
1756	0.61524842
1791	0.63222709
1828	0.67101777
1889	0.67294392
2035	0.62120774
2070	0.66937125
2108	0.71820379
2142	0.67718602
2178	0.68404186
2179	0.70643641
2293	0.66306319
2342	0.65690877
2421	0.65779542
2448	0.64633807
2549	0.66112046
2620	0.62500632
2760	0.60223973
2790	0.59233254
2796	0.65299921
2808	0.65687994
2812	0.63088507
2938	0.60366469
2971	0.64087599
2972	0.64723381
3038	0.58352488
3046	0.57602212
3075	0.62329384
3080	0.63365600
3181	0.59242299
3217	0.61618246
3233	0.55350592
3273	0.58711493
3308	0.56644945
3321	0.54064573
3357	0.62763468
3383	0.59513823
3406	0.58251343
3454	0.57947828
3486	0.57624684
3509	0.56331201
3527	0.57941983
3547	0.52794668
3584	0.59847946
3605	0.54067575
3614	0.62594392
3700	0.61770419
3733	0.54704384
3776	0.57126224
3938	0.61448618
3948	0.53589771
4021	0.54556201
4034	0.56289218
4358	0.57001738
4400	0.55972196
4463	0.54905055
4614	0.55061058
4631	0.52188586
4736	0.56636809
4739	0.55548736
4778	0.59837480
4893	0.51850197
4907	0.55711374
4911	0.55174131
4922	0.57649684
4953	0.58079147
5030	0.56475158
296	0.79633373
466	0.79184597
599	0.72375869
631	0.78508886
739	0.77334795
767	0.76918128
882	0.79989652
1222	0.70794668
1227	0.64693681
1356	0.61751896
1422	0.72676896
1511	0.73404107
1766	0.63761137
1831	0.67936611
1915	0.65627449
2133	0.63236374
2362	0.71449882
2452	0.66794471
2526	0.58557780
2528	0.64229226
2699	0.59524882
2970	0.57409123
3066	0.58760585
3332	0.64383452
3333	0.56024171
3355	0.58764889
3479	0.52618483
3493	0.60530450
3628	0.60962717
3727	0.56982109
3782	0.59410348
3882	0.57310348
3903	0.60508610
3961	0.56393523
3975	0.59383215
4054	0.57321130
4332	0.56302251
4681	0.53583689
4774	0.57461098
5059	0.55525474
285	0.78388784
363	0.76455727
525	0.79785664
740	0.67599250
814	0.65537520
847	0.69825434
896	0.80251619
902	0.72402054
1003	0.76108689
1487	0.70818246
1688	0.69874487
1701	0.69859321
1992	0.65028239
1999	0.73718641
2098	0.73384558
2187	0.69197670
2201	0.64530332
2251	0.56611651
2274	0.60683649
2331	0.69625355
2524	0.62128199
2556	0.62857780
2589	0.65133768
2678	0.59562559
3271	0.62339731
3287	0.58398025
3434	0.59376935
3437	0.52649487
3464	0.59060545
3580	0.55510190
3594	0.59211769
3933	0.56747196
4322	0.55849408
4418	0.55670458
4539	0.54051343
4824	0.54859084
4837	0.57462599
4841	0.51339810
5021	0.56320063
226	0.77059716
326	0.79439021
364	0.79614731
421	0.78850790
614	0.72369629
674	0.74602686
704	0.75630529
816	0.74794194
1188	0.73212520
1262	0.68397591
1342	0.74366311
1400	0.68238784
1410	0.68043128
1488	0.68367062
1500	0.70941351
1561	0.73567496
1622	0.63714455
1658	0.71722907
1717	0.69958491
1803	0.68055687
1825	0.72590837
1854	0.58918997
1985	0.66837520
2042	0.65505450
2127	0.60681635
2154	0.68413191
2162	0.57769313
2190	0.62593365
2227	0.65474289
2282	0.66620498
2297	0.61652330
2677	0.57123302
2845	0.62131319
2848	0.63912599
2890	0.64202093
3040	0.62120695
3062	0.62579147
3177	0.51345735
3268	0.64187480
3286	0.71791548
3304	0.56460821
3318	0.61991193
3443	0.54883017
3496	0.61924921
3640	0.57965205
3713	0.57120221
3852	0.54387717
3879	0.63235466
3974	0.55519155
3983	0.55648697
4062	0.55481280
4073	0.55062362
4281	0.58570103
4286	0.61299526
4297	0.56852844
4453	0.54369747
4467	0.53738428
4527	0.56155924
4571	0.61159676
4623	0.56313586
4634	0.58247354
4661	0.59046919
4698	0.55367891
4807	0.54081635
4827	0.54246840
4867	0.55071445
4959	0.55506635
5002	0.52314731
271	0.79975829
422	0.78840995
423	0.78233373
474	0.79183491
503	0.79190758
522	0.79019076
648	0.79089060
735	0.71926145
803	0.76562717
820	0.61468997
873	0.65781872
1045	0.73561848
1055	0.75464652
1174	0.69654542
1193	0.73195537
1309	0.75143444
1409	0.70944826
1416	0.70673578
1513	0.66800790
1565	0.68153199
1599	0.64343839
1624	0.64989258
1781	0.74676935
1864	0.73682425
1878	0.62904463
1963	0.71929186
2048	0.63395024
2122	0.70384084
2145	0.70461927
2186	0.72258886
2224	0.60848302
2258	0.58917378
2345	0.61148539
2480	0.63253989
2532	0.60394115
2555	0.61327962
2734	0.65693602
2828	0.55486058
2863	0.59224763
3173	0.57781161
3207	0.63289534
3208	0.61944905
3351	0.58427133
3367	0.53268918
3399	0.57922591
3570	0.56981714
3646	0.54265284
3690	0.55339376
3723	0.59521840
3750	0.64850118
3944	0.59848420
3954	0.57452962
3963	0.55703949
4390	0.54706201
4393	0.58095814
4594	0.54088547
4626	0.54416706
4636	0.54246801
4666	0.57210782
4806	0.53111690
4844	0.56116351
4873	0.60672077
5025	0.56113705
5034	0.55683136
123	0.80414139
310	0.79511927
713	0.79503041
724	0.77703555
736	0.79669155
776	0.68490363
889	0.77332978
954	0.74996169
1065	0.68041746
1107	0.70135506
1134	0.75943562
1171	0.71708965
1243	0.67262559
1457	0.70142180
1471	0.64324210
1535	0.67271998
1684	0.65818878
1830	0.69181043
1916	0.64684795
1980	0.62106833
2024	0.70196288
2163	0.63710821
2232	0.65815205
2242	0.59554581
2330	0.64079937
2402	0.65861019
2588	0.66808136
2624	0.60972591
2663	0.61985032
2666	0.63393286
2757	0.67033491
2794	0.61001975
2824	0.54836019
2887	0.59582188
2980	0.57636374
2994	0.54873104
3039	0.62430687
3070	0.60863981
3347	0.64670695
3378	0.56969747
3597	0.54077370
3629	0.55223894
3819	0.53290363
3956	0.54546959
4279	0.60351422
4308	0.54870774
4343	0.58421090
4391	0.54435624
4431	0.56323262
4466	0.54063112
4520	0.61475553
4530	0.55684202
4633	0.53751975
4684	0.57166983
4725	0.53413626
4914	0.53580095
4951	0.54699645
5032	0.58859953
174	0.79665284
269	0.79294787
317	0.78718602
332	0.78464534
337	0.70976501
836	0.74437125
951	0.72704384
1001	0.73731872
1039	0.74036967
1059	0.74686216
1062	0.61160861
1073	0.78065916
1090	0.72933768
1137	0.73233570
1279	0.74814297
1285	0.74040916
1345	0.72443404
1346	0.76580332
1580	0.68554976
1636	0.69963349
1662	0.67442575
1826	0.64357543
2071	0.68262915
2182	0.68905885
2189	0.61946406
2266	0.73210190
2291	0.58258847
2299	0.65803949
2344	0.63739258
2381	0.63051027
2409	0.59693167
2447	0.64346643
2501	0.64525395
2543	0.61666469
2640	0.59395616
2726	0.66296603
2762	0.58911098
2825	0.54521919
2832	0.60130608
2957	0.67417773
3157	0.60538468
3194	0.57950237
3384	0.66000237
3492	0.59410348
3520	0.57285427
3665	0.57869826
3757	0.60174131
3900	0.61643523
4001	0.56049763
4076	0.56042101
4207	0.60965877
4262	0.57250790
4328	0.55029226
4403	0.57113191
4412	0.57792378
4476	0.54900079
4720	0.55678949
4772	0.56503752
4791	0.56820063
4888	0.57626619
5001	0.55879502
5028	0.56032820
5037	0.51188586
351	0.78002093
416	0.79507701
617	0.74139810
986	0.72919471
1328	0.77688468
1402	0.64560782
1546	0.69043009
1729	0.64517970
1838	0.71932741
1867	0.72030529
2106	0.60348341
2146	0.68728476
2310	0.70463270
2356	0.54675158
2535	0.57473736
2590	0.65707780
2703	0.63034834
3402	0.57261769
3418	0.56156714
3706	0.55205845
3768	0.59379937
4093	0.56305766
4715	0.54712836
784	0.75985585
1085	0.76131635
1460	0.64166469
1549	0.74842220
1555	0.69212520
1574	0.61342812
1874	0.69505411
2095	0.63881793
2194	0.68555411
2876	0.63383886
2900	0.56650632
2966	0.60188507
3428	0.59065166
3476	0.54854621
3565	0.58588073
3617	0.58731556
3732	0.62629897
3845	0.56982543
4301	0.57286532
4618	0.54217733
4647	0.53737164
4986	0.55457662
5051	0.54548341
849	0.69486019
1026	0.75951461
1046	0.69799052
1129	0.73995814
1166	0.74517378
1326	0.74694471
1665	0.62393602
1905	0.61618404
1970	0.70353397
2275	0.65203949
2469	0.64396761
2756	0.57950395
2897	0.62266390
2927	0.57075000
3036	0.57438626
3222	0.55233294
3290	0.62271801
3376	0.58080134
3420	0.54991311
3740	0.57451738
3830	0.60369352
3973	0.54990126
4229	0.61802093
4420	0.58870577
4779	0.55050632
4790	0.53765916
4814	0.54457662
5047	0.53298776
664	0.75755134
777	0.77239494
855	0.78492299
1236	0.75431359
1670	0.76119273
1819	0.64717180
1925	0.66007306
2036	0.68250632
2037	0.70201422
2151	0.67298262
2300	0.65981833
2572	0.64183057
2788	0.61170182
2930	0.53241469
3020	0.62637204
3152	0.65001422
3199	0.59559597
3309	0.54090284
3583	0.60521327
3672	0.59887994
3729	0.56988310
4032	0.58720063
4186	0.58891509
4218	0.56809281
4447	0.55519747
4762	0.55477172
4803	0.55681872
4897	0.56022156
5009	0.55213349
5016	0.56483017
701	0.77315324
1348	0.68223223
1538	0.70632030
1630	0.67734360
1683	0.72558215
1779	0.64172512
1789	0.71757622
1850	0.70940403
2080	0.66902804
2369	0.65487717
2438	0.57605055
2597	0.61258886
2791	0.61012125
3090	0.60339297
3175	0.60462875
3212	0.63893246
3305	0.61139929
3737	0.62263152
3844	0.62138507
3966	0.63914258
3968	0.54567773
4009	0.57120182
4179	0.58930016
4935	0.52400592
481	0.78996959
746	0.77595221
1125	0.75966074
1302	0.71146445
1449	0.68680529
1584	0.65374329
1635	0.65792970
1666	0.75811216
1687	0.71312125
1722	0.68884281
1778	0.61926738
1857	0.66607622
1876	0.71280687
1903	0.62436888
2041	0.68287520
2096	0.64208728
2128	0.66619431
2158	0.71442338
2298	0.58213231
2576	0.66792970
3334	0.61152291
3346	0.55676935
3481	0.55867101
3667	0.58069945
3699	0.56000197
3821	0.55656833
3976	0.58599368
4114	0.58092220
4184	0.58569787
4441	0.49886690
4457	0.53304028
4892	0.57145340
4933	0.58325790
5063	0.51640916
177	0.79161651
339	0.79700276
545	0.74509202
691	0.73536019
765	0.73635900
964	0.68053160
1036	0.68872828
1442	0.66448341
1445	0.71482780
1936	0.67558689
2164	0.63445774
2562	0.63216667
2682	0.62638942
2789	0.63559321
2795	0.54199605
3001	0.68390442
3134	0.62116706
3214	0.55573736
3279	0.58090245
3444	0.65685545
3546	0.60023302
3656	0.62371919
3720	0.57170774
3751	0.55033175
3981	0.59369629
4103	0.61032859
4275	0.58585900
4610	0.56318088
4672	0.57006003
640	0.72220379
785	0.76893957
1034	0.65643483
1327	0.59590324
1413	0.73859953
1548	0.69447512
1639	0.65306003
1668	0.64696919
2004	0.64695893
2563	0.66141667
2950	0.58435821
3007	0.56367615
3024	0.59697867
3456	0.60120300
3816	0.58288231
3868	0.56821643
3916	0.60152409
3991	0.56686216
4251	0.55864258
4303	0.56663191
4313	0.57772867
4781	0.54279107
4912	0.54898381
5027	0.52485782
741	0.76327488
1489	0.69317852
1583	0.69192496
1750	0.71436256
1962	0.64190205
2058	0.66286651
2150	0.62738112
2324	0.73256082
2349	0.67446722
2405	0.61491430
2475	0.61997907
2492	0.64030450
2846	0.64223657
3534	0.64207267
3643	0.53923262
3885	0.57630608
4101	0.56186098
4369	0.52827054
4515	0.55063033
4942	0.58904818
586	0.69349724
883	0.70634242
1077	0.74342970
1165	0.75342378
1209	0.69835821
1351	0.67119036
1360	0.72758768
1367	0.64835387
1455	0.75312559
1507	0.66616469
1738	0.60844905
1817	0.72931003
1820	0.70138863
1933	0.61011295
1951	0.62154897
1971	0.65500869
2260	0.66471485
2551	0.67903357
2614	0.54683491
2728	0.59674684
2875	0.57166430
2928	0.60003199
3409	0.58139415
3421	0.60502725
3539	0.59380924
3792	0.56642615
4136	0.55858886
4203	0.57926027
4327	0.50067536
4368	0.54418207
4406	0.56641272
4548	0.55072077
4564	0.52757464
4648	0.56806438
4713	0.55179265
4843	0.54095814
5048	0.53119194
359	0.79738586
378	0.76692733
683	0.80277054
850	0.76615916
1010	0.75776738
1157	0.69043641
1225	0.73690995
1232	0.68065442
1303	0.67269787
1623	0.72087796
1839	0.58082070
1861	0.66149408
1979	0.62590166
1997	0.67635269
2038	0.72862204
2087	0.67947038
2207	0.63574131
2340	0.62424684
2376	0.61800908
2599	0.63533017
2671	0.67637836
2684	0.55048855
2993	0.61652054
3073	0.58733807
3172	0.60327962
3240	0.57747828
3249	0.59539455
3350	0.56852962
3396	0.60173697
3423	0.57793562
3424	0.52303594
3549	0.62033728
3683	0.57434321
4017	0.66312401
4019	0.52787757
4074	0.54870932
4187	0.54470656
4233	0.53753041
4241	0.54241627
4550	0.55212559
4724	0.52148815
4770	0.56322038
4818	0.55366588
4957	0.54894036
5050	0.53594076
290	0.79945221
596	0.78017496
1743	0.67418207
1842	0.72256754
1853	0.61141588
1909	0.65128791
2941	0.53750474
3296	0.57270853
3801	0.56156991
3927	0.51968997
4128	0.63243167
4516	0.57311414
4581	0.55851422
4796	0.49245024
4984	0.53897591
488	0.75014060
582	0.76922196
2054	0.64425039
2173	0.60991785
2571	0.59037362
2577	0.62231122
2688	0.60491390
2908	0.59987204
2997	0.61312875
3374	0.60020458
3441	0.53929542
4864	0.55534755
5026	0.54279463
1023	0.76593720
1183	0.74219471
1198	0.73706556
1793	0.70780924
2000	0.70192299
2011	0.68384202
2153	0.71752686
2360	0.63413626
2635	0.59233373
2725	0.61674447
2881	0.62474724
3280	0.64671406
3354	0.65187204
3438	0.62155134
3589	0.59194510
3736	0.59419905
3873	0.64299921
4409	0.56253436
4507	0.53884281
4609	0.59522828
463	0.79945537
970	0.75471840
1004	0.72743681
1009	0.78662085
1196	0.73690284
1659	0.71842615
1812	0.64874684
2284	0.66284716
2321	0.64989968
2504	0.64188863
2631	0.66310466
3113	0.58271288
3155	0.63191114
3238	0.63906635
3379	0.58262125
3660	0.64214889
3764	0.56328357
3950	0.57962006
3984	0.58429186
4078	0.51972670
4083	0.57756319
4306	0.54367694
4439	0.52584123
4531	0.59091943
4660	0.54868325
4848	0.53761769
273	0.80019273
791	0.77378239
921	0.69664376
1118	0.69939692
1504	0.73215324
1745	0.73721801
2169	0.57282425
2221	0.63774961
2386	0.65298341
2581	0.66274052
2736	0.64595458
3448	0.59875869
3450	0.65833254
3718	0.57687836
3796	0.55837006
4108	0.61751501
4428	0.54023894
4730	0.58761256
4962	0.54560229
156	0.79442022
678	0.77878002
762	0.70969273
841	0.79330687
983	0.73558452
989	0.75158965
1220	0.68434755
1242	0.76791706
1502	0.70598934
1607	0.63704818
2056	0.59958965
2383	0.63834795
2531	0.61206912
2802	0.68572551
2903	0.59250553
3003	0.63242970
3004	0.65333136
3057	0.67253752
3148	0.61138428
3182	0.57603318
3250	0.60209755
3604	0.55338389
4111	0.57295656
4191	0.57284992
4276	0.54581793
4559	0.57441232
4620	0.57322986
4805	0.59080529
4882	0.52635387
4974	0.51341351
557	0.80127607
808	0.78013349
947	0.63611769
1081	0.75456793
1296	0.66804028
1406	0.69663586
1407	0.70314258
1773	0.64681675
1799	0.72225000
2059	0.59594234
2102	0.65974447
2171	0.70637796
2359	0.62009005
2380	0.63278041
2494	0.64648341
2541	0.65847077
2648	0.67131161
2894	0.56977449
3084	0.64564573
3132	0.57483096
3234	0.62268325
3461	0.56012401
3772	0.63369826
3790	0.58215442
4238	0.56176106
4708	0.53273302
4787	0.52012441
514	0.78811335
1221	0.72092378
1248	0.70339258
1339	0.74699250
1710	0.65439968
1885	0.72083215
1911	0.73738310
2076	0.72631359
2529	0.63359163
2623	0.59212164
2700	0.58864652
2983	0.61463191
3085	0.62637441
3191	0.57754739
3371	0.54103081
3545	0.60530332
3566	0.61457978
3909	0.56969036
4161	0.59534716
4171	0.57281556
4245	0.53916074
4506	0.54716548
4616	0.53121880
295	0.79776422
805	0.74664692
1329	0.70841667
1661	0.67577093
1697	0.67102330
2168	0.64036216
2478	0.57979858
3887	0.61477212
4013	0.52140719
4259	0.56664139
4298	0.57998262
4354	0.57976145
4753	0.55676540
4894	0.54086967
526	0.79849921
697	0.77591351
1206	0.65523420
2965	0.59375118
3370	0.62607938
3505	0.58084005
3703	0.60033452
3710	0.56705687
3897	0.54079937
3999	0.57095103
4116	0.60826856
4917	0.52006438
4931	0.56635861
732	0.76618325
880	0.75980292
962	0.75989258
1110	0.71425948
1431	0.62457701
1823	0.65320616
1860	0.62122670
2064	0.55541351
2155	0.58582030
2314	0.73217891
2372	0.68217457
2606	0.68038468
2750	0.61501343
3035	0.61819352
3294	0.67909084
3344	0.61663784
3530	0.59703357
3906	0.56334242
4167	0.56840087
4204	0.57638349
4314	0.59404028
4362	0.58630766
4449	0.54198262
500	0.76918444
1212	0.73652607
1254	0.72860111
1490	0.55346682
1519	0.76921880
1705	0.74138784
1866	0.71099645
2276	0.65645656
2328	0.64202488
3056	0.60975869
3231	0.56032504
3298	0.60537757
3302	0.59339060
3484	0.64034874
3719	0.58048657
3842	0.60008452
4454	0.55186967
4998	0.55364652
643	0.78042062
828	0.77523104
835	0.62111058
856	0.75780253
1037	0.76781359
1553	0.67768049
1849	0.63408017
1920	0.64716114
2208	0.65651224
2467	0.64843681
2554	0.58573736
2807	0.59106596
2864	0.56010782
3270	0.59362046
3297	0.61772433
3458	0.53242536
3552	0.58405885
3777	0.54366153
3791	0.52630885
4023	0.57440561
4045	0.55076145
4624	0.60365600
4863	0.59523736
4948	0.53916746
233	0.78668365
904	0.75397314
1160	0.70295774
1350	0.76265324
1578	0.62769313
1776	0.70022749
1856	0.69858017
1872	0.66144984
1972	0.65012875
2401	0.72230450
2459	0.54702409
2656	0.65139534
2718	0.59190166
3010	0.58552646
3119	0.61457543
3210	0.68891983
3600	0.53776264
3634	0.56485664
3659	0.66789415
3837	0.61281872
4026	0.56509992
4044	0.55032267
4340	0.54726422
4389	0.55351422
4696	0.56483333
4854	0.53585269
4947	0.54041469
244	0.80304147
977	0.77622038
1153	0.70685664
1316	0.74179700
1344	0.67237480
1814	0.69970063
3185	0.60175474
3836	0.57955134
3866	0.59370656
4042	0.53174210
4956	0.54877449
407	0.80321603
813	0.74340205
1315	0.63389534
1392	0.75789179
1567	0.69237085
1765	0.60851461
1954	0.67886651
2455	0.60812520
2610	0.58753712
2660	0.54067694
3142	0.56813665
3453	0.69523934
3884	0.63424724
4288	0.53912638
4613	0.54386888
991	0.74810229
1258	0.75568444
1321	0.74801264
1606	0.64026659
2218	0.63409321
2811	0.56168878
2917	0.69834084
3416	0.60211848
4040	0.58268681
4177	0.63885466
4345	0.56657780
4547	0.56017180
4758	0.57313902
650	0.72872551
940	0.76905174
1486	0.74815521
1741	0.71937480
2079	0.62282306
2160	0.73347472
2347	0.67376698
2527	0.60808294
2717	0.59080411
2874	0.58839100
2936	0.66797314
3136	0.61695261
3203	0.60361532
3227	0.62092220
3435	0.60228120
3679	0.52673065
4118	0.56650750
4144	0.58559597
4392	0.52802370
4524	0.59833570
435	0.72884913
851	0.73583373
1497	0.64525553
3365	0.64231991
4092	0.55202291
4247	0.62910821
4514	0.52018009
4598	0.58747946
4788	0.54539810
4857	0.55217220
291	0.79944510
811	0.74212520
1083	0.76093760
1234	0.70658254
1693	0.74195932
1713	0.66582267
1794	0.69805292
2105	0.58753989
2804	0.60671327
3019	0.58745261
3147	0.55974684
3161	0.67051066
3224	0.65985071
3849	0.62311769
3854	0.58945142
4277	0.56207109
4427	0.58277093
4513	0.52918602
4909	0.55281201
4996	0.52968365
1353	0.66116272
1568	0.62432899
1811	0.69188705
2124	0.59571880
2339	0.60351501
2462	0.59410940
2567	0.67224052
2575	0.57742022
4194	0.60187283
4853	0.53725513
4871	0.58594036
1740	0.69693365
1944	0.74328278
2086	0.71467259
2220	0.69054621
2406	0.65012283
2442	0.60638349
2735	0.56799052
2806	0.64334874
2861	0.57763863
3400	0.58404344
3507	0.61186019
3514	0.60221880
3522	0.57579739
3760	0.58541351
3860	0.56549131
3946	0.61846445
4257	0.51209439
4342	0.56455332
4617	0.59220419
4619	0.58390324
4960	0.56668562
4993	0.51654463
1102	0.74625829
1200	0.69686058
1274	0.70006359
1373	0.70008136
2904	0.69414534
4022	0.54202528
4401	0.55224921
4458	0.56652291
2906	0.63202883
2964	0.61269510
3967	0.59035979
4906	0.51038586
1598	0.70967378
1900	0.58754937
2888	0.58443286
2981	0.57114652
3277	0.57646051
4686	0.53307464
1379	0.67717575
1902	0.65937441
2055	0.69866588
2318	0.65362678
3101	0.56484913
3289	0.57505253
4537	0.58586019
4625	0.54117615
546	0.80120458
669	0.77901856
1005	0.73880964
1649	0.70302725
2039	0.65150276
2270	0.58250869
2390	0.61988033
2464	0.62446248
2522	0.58910585
2536	0.63028870
2862	0.56803120
3272	0.52141904
3359	0.58445695
3717	0.59185466
3808	0.63069550
4323	0.55687046
4397	0.58444905
4557	0.60017970
4565	0.57639692
4645	0.56332109
4825	0.54040916
4836	0.52807741
1191	0.73466074
1795	0.70976856
2254	0.70914731
2512	0.66749645
3389	0.57925632
3524	0.65740166
4071	0.52796840
4549	0.55377133
4815	0.52966232
625	0.71753002
1114	0.69515403
1932	0.69867259
2115	0.66962678
2407	0.70476619
2428	0.63109992
2434	0.73443997
2479	0.63380490
2669	0.62954502
2976	0.53907188
3518	0.50700829
3540	0.58951461
3705	0.58451027
3753	0.55190205
3834	0.55367852
3997	0.53893049
4223	0.59217575
4232	0.51034163
4300	0.51215363
4455	0.57298460
4608	0.53559479
4644	0.52465995
4688	0.56015798
4721	0.50423460
4846	0.54424605
5043	0.52750276
2229	0.61994431
2612	0.64581003
3525	0.60178910
3567	0.64254265
4570	0.52328594
5044	0.56681082
1320	0.72906596
1426	0.66794708
1651	0.68725869
1736	0.70943128
1950	0.64672433
2395	0.64755569
2910	0.52480411
3515	0.59189139
259	0.79961335
629	0.77917496
830	0.69192259
1186	0.68739771
1751	0.67735545
1806	0.67439613
2212	0.62322393
2658	0.67302725
2889	0.63067259
3034	0.56920735
3242	0.60969826
3245	0.60732780
4127	0.52926896
4366	0.52325039
4928	0.56966311
5056	0.52012520
397	0.79138231
1671	0.72089613
3693	0.54247828
3996	0.51155174
4789	0.54575948
1228	0.68419589
1615	0.65302330
1753	0.71144392
3025	0.56856082
3618	0.55678199
3644	0.54433294
4486	0.53895498
1042	0.69051540
1432	0.72120300
2279	0.64653910
2592	0.64545853
2860	0.67285703
2891	0.62950237
3254	0.54582425
3551	0.57269589
3581	0.61488744
4106	0.57796880
4443	0.53892220
4578	0.53452449
4794	0.54248381
1520	0.65053002
1993	0.63919984
3622	0.63411374
3862	0.58229937
4122	0.52799408
1043	0.70956359
2057	0.60970142
2604	0.60498065
2784	0.57953870
3198	0.58937125
3246	0.63444629
3274	0.61472038
3316	0.64036177
3538	0.59505055
3955	0.58729344
4196	0.56012796
4290	0.53443286
4319	0.54581991
4551	0.51880332
4646	0.56465719
4870	0.53898578
5014	0.53594826
5015	0.50870142
1041	0.73068562
1478	0.71097551
2412	0.66982070
4157	0.56511295
549	0.68827330
982	0.70018720
1293	0.70611374
1845	0.63673657
1968	0.74162717
1994	0.61102449
2006	0.64323973
2083	0.60664179
2209	0.59507583
2354	0.60662559
3027	0.59720893
3083	0.57487441
3269	0.61932978
3657	0.58445261
3686	0.56315403
4188	0.60969826
4216	0.62447156
4250	0.55062915
4272	0.55990047
4622	0.53277093
4754	0.57428752
4835	0.56656359
4989	0.52152449
2786	0.60849092
3061	0.59709084
4112	0.55012559
4411	0.51357978
4680	0.52456556
4811	0.60467101
578	0.78198894
1239	0.71633570
3709	0.62090087
4526	0.56974882
4627	0.56331161
4795	0.53916193
493	0.76594787
1233	0.71597946
1953	0.61479186
2391	0.64560703
2451	0.60677133
3098	0.58577172
3311	0.61283096
3395	0.57755371
3578	0.58591509
3591	0.61055845
3787	0.55212125
3788	0.57972393
4080	0.60491509
4125	0.60244984
4138	0.58146485
4775	0.54454937
1312	0.69346524
2422	0.60354858
2668	0.66342970
3178	0.62116074
3216	0.55966351
3265	0.62736690
4522	0.54878633
4655	0.55205885
4662	0.59505213
4728	0.57419036
4955	0.55223776
1807	0.73065679
3569	0.55379186
4542	0.55279502
1417	0.68075908
2500	0.60528515
3045	0.66433965
3542	0.59275592
4493	0.56455095
4734	0.58721643
1091	0.68871761
1480	0.61503357
1544	0.70664376
1862	0.68583807
2125	0.61655371
2141	0.65826501
2533	0.64492812
2645	0.75002883
2830	0.63585624
2975	0.56816588
3449	0.60807346
3746	0.61448104
4132	0.55723381
5023	0.52945024
2468	0.61564179
2655	0.61024763
2800	0.66594352
3051	0.58748815
3475	0.53776106
3822	0.58895656
1653	0.72404779
2724	0.72793760
3447	0.61335545
3798	0.57588389
4484	0.60853870
1589	0.69078318
2587	0.65328002
3124	0.63394234
3299	0.60031122
3391	0.58332227
4224	0.52977923
4333	0.54691904
789	0.75419747
2410	0.67594194
2747	0.58563665
3314	0.59100039
3778	0.58584321
4190	0.56957978
4361	0.58297551
4473	0.56208847
4927	0.54072117
1144	0.70701540
3307	0.58414139
3353	0.60416351
3408	0.58741193
3637	0.56527567
3754	0.58464494
3939	0.53787599
4414	0.58097117
4694	0.55710861
4842	0.57308886
848	0.76726580
1664	0.56374210
2213	0.56307701
2325	0.61580766
2841	0.62259005
3125	0.65022196
3394	0.60328120
4084	0.56994036
4182	0.54830569
4440	0.56339968
658	0.69977962
998	0.76059637
1277	0.70185585
1290	0.76638586
1784	0.62163033
2116	0.69844273
2165	0.64036256
2237	0.60184044
2858	0.58938231
3688	0.57775118
3701	0.60504818
4429	0.54881912
4717	0.56019036
1238	0.64216588
1628	0.65517338
1800	0.68837559
2732	0.61960150
2738	0.58383452
3264	0.68660387
3339	0.56807622
3761	0.54908807
4094	0.61194826
4291	0.49904265
4410	0.55367101
4946	0.58605529
751	0.77383689
1301	0.64330608
2399	0.65382346
2458	0.57927133
2801	0.66900237
2935	0.56322630
5012	0.56347591
1395	0.68747038
1840	0.65186295
2499	0.63520221
4131	0.57773499
4780	0.53956596
4881	0.52479344
878	0.71611295
943	0.76217220
1066	0.74825829
2530	0.61172235
2974	0.54247235
3902	0.60677686
4782	0.56688744
924	0.70655648
928	0.68194352
1798	0.73055529
3128	0.65478199
3329	0.64151540
4832	0.54405253
1728	0.69046248
3829	0.57181043
3935	0.59510506
4200	0.54570024
4586	0.56682425
4587	0.56981517
4913	0.54880411
1764	0.65686611
2078	0.66014494
2608	0.62063863
2956	0.56351185
3123	0.57446880
3200	0.56168997
3648	0.59420340
3805	0.57415403
685	0.78192812
1539	0.70831122
1787	0.68553120
2047	0.61319194
2294	0.67463665
2367	0.59233333
2770	0.59685821
2777	0.58443602
2836	0.62932504
2929	0.61804423
2996	0.60988389
3131	0.61305450
3209	0.66608768
3415	0.57741904
3734	0.57557267
3874	0.53450237
3915	0.57105411
4377	0.61320024
4589	0.52671248
4679	0.54241074
5013	0.54720498
1106	0.77588942
1281	0.70790758
1427	0.68568128
1802	0.73858728
2650	0.62765482
2667	0.64361453
4102	0.54844234
4349	0.55398973
4446	0.59684913
4642	0.60236058
714	0.63406596
1051	0.73261848
1336	0.66138665
1587	0.64997749
2167	0.64870261
2689	0.55994984
4168	0.63424447
1219	0.68673855
1837	0.65032030
2388	0.69497275
2453	0.64390126
2552	0.68941943
2691	0.66657543
3606	0.58251422
3880	0.58734992
3932	0.57619194
4535	0.56979621
745	0.76762362
1516	0.67733096
3037	0.63746524
3638	0.57124131
3857	0.56817496
3953	0.56452765
4037	0.51477844
4082	0.54705766
2895	0.62245616
4364	0.54405213
4704	0.53294115
2986	0.63078199
3684	0.66296564
3230	0.65515205
3506	0.61485861
1028	0.68872235
1270	0.67284281
2244	0.72451224
2283	0.65041825
2553	0.63380964
3002	0.61987520
3093	0.60521445
3380	0.64698302
3385	0.59912401
4510	0.57588389
4987	0.54515758
4992	0.55050908
1772	0.61536888
3865	0.55059795
4264	0.57470103
1730	0.67690837
2408	0.72539376
4902	0.53782227
900	0.76270142
2112	0.67258847
2215	0.55043918
3257	0.56809202
3726	0.58725829
3804	0.51820261
4371	0.56375553
1757	0.69891074
2214	0.60241430
3388	0.60193286
3942	0.53403555
1644	0.75961493
3714	0.55330332
3896	0.56666588
4048	0.58572077
4517	0.53094668
1686	0.64856161
1884	0.70317654
1967	0.70828239
2109	0.53893128
3759	0.58411809
1294	0.69032859
1491	0.67260979
1790	0.60308847
2787	0.57577330
3557	0.59035111
3575	0.61028278
3770	0.56653870
4743	0.54272986
5029	0.51806359
3103	0.58375355
4148	0.54224289
4858	0.51998341
2097	0.69207780
2852	0.67079107
2809	0.66841746
2829	0.65508886
3312	0.61449329
3500	0.62419352
3568	0.59568483
3793	0.59691153
3919	0.46955766
4735	0.54855766
846	0.71818325
2774	0.60820379
2821	0.56649882
2851	0.64061493
3243	0.56306122
3894	0.57632583
3988	0.56676303
4239	0.56968918
4930	0.55511651
764	0.73084439
3048	0.56822077
4555	0.52150000
2761	0.64884755
3165	0.55653239
3531	0.55386848
4120	0.53908728
576	0.74217615
2685	0.58720972
3998	0.59032622
4376	0.61459242
2346	0.64057899
2949	0.61927251
4918	0.56309479
2268	0.58265008
2288	0.60656912
2915	0.59671564
3201	0.58232978
3704	0.62905727
2063	0.65972986
2110	0.59860821
2598	0.64028752
2619	0.59059676
2958	0.62275039
3163	0.58588152
4528	0.56317733
1280	0.70609795
2159	0.64073381
2286	0.59531043
3362	0.59579897
4604	0.55350197
2120	0.70303041
3655	0.58420656
4097	0.53617062
918	0.67724487
981	0.76454265
1560	0.68376422
1591	0.68750711
2170	0.66923539
2206	0.62631122
2954	0.66111967
996	0.75325632
2088	0.73099408
2523	0.58216785
3985	0.57135664
4544	0.61200908
1369	0.63238902
1698	0.67645419
2884	0.69077291
3543	0.59571643
3911	0.58907780
4438	0.55252172
2104	0.63876896
4008	0.53262520
4792	0.55695577
1892	0.68085900
2196	0.68191074
3712	0.58078989
4126	0.55208807
4212	0.54191351
1105	0.77581596
1521	0.64215561
1715	0.67493720
2659	0.59565719
4274	0.56153239
1981	0.60653199
2916	0.57756003
3139	0.55686532
3327	0.58760269
3417	0.56807899
4924	0.58428318
2844	0.58222946
3697	0.53054186
3928	0.52446880
4745	0.55190324
2295	0.66105213
4347	0.58436414
4919	0.56005806
690	0.79471801
1557	0.71418720
1677	0.64862994
2343	0.63396801
2951	0.63999605
3598	0.58752804
3744	0.54525671
4010	0.52453594
4502	0.52806240
1848	0.64251975
2277	0.60993009
2934	0.60222433
3160	0.61303278
4868	0.52187401
639	0.66133926
1300	0.69670379
1709	0.69558373
1945	0.63198736
2074	0.59705332
3419	0.56006003
3899	0.57935742
4869	0.55407030
2067	0.67287125
2664	0.57257306
3141	0.56278752
3666	0.58085782
4105	0.54253712
1917	0.67407346
2107	0.60675276
2646	0.68625197
2883	0.60357583
3263	0.62126027
3523	0.62260585
4469	0.57608412
4582	0.58405806
1834	0.71276659
2932	0.63578002
3006	0.53946327
3017	0.62145735
3213	0.60790205
4904	0.51362678
4982	0.52938349
885	0.73540324
3028	0.64575987
3088	0.70994984
3186	0.54206240
3239	0.57339100
787	0.77997709
2304	0.56958452
2316	0.61459479
3491	0.53459518
3784	0.56955687
897	0.79970932
1952	0.59869194
3471	0.59852923
4226	0.55541746
4560	0.55310900
4878	0.55635545
4968	0.58121761
1371	0.72898025
2305	0.63416509
4134	0.55896761
4597	0.56918957
763	0.73152567
1881	0.59179068
3026	0.59343878
3433	0.60163468
1472	0.64370932
3548	0.55529937
4483	0.56187243
2252	0.65192733
1949	0.69046248
3572	0.59071090
4884	0.53119668
1912	0.73530213
2272	0.65360348
2754	0.59542496
3058	0.63912125
4670	0.55990403
2185	0.71572354
2378	0.65478436
2977	0.55224408
3470	0.58275434
4293	0.54084913
4415	0.52577330
4540	0.58917417
4895	0.53588586
2403	0.59857109
3323	0.63503870
3445	0.53931122
3631	0.59359676
4593	0.55641548
4845	0.52442417
2683	0.65516351
2912	0.63239731
3856	0.58877014
3886	0.52810071
4615	0.54236769
4826	0.53754423
1679	0.67920616
2998	0.59567694
3608	0.50718878
3824	0.59720182
4198	0.53738270
4324	0.60354660
2009	0.65149250
4202	0.52931477
4215	0.60704621
1986	0.63675592
3146	0.58881991
4822	0.54505292
4828	0.51345379
4879	0.53123973
3970	0.57129818
4355	0.56660703
2637	0.62756596
917	0.61952251
1215	0.74976185
1464	0.74546682
1526	0.63374289
1873	0.73360900
2323	0.59890166
3140	0.59671130
1115	0.72748539
1977	0.63248144
2335	0.59698776
2751	0.64259321
2833	0.60812678
3303	0.64540561
3345	0.56802765
3853	0.63199605
4049	0.54886177
1899	0.71432464
2632	0.62143167
2672	0.70493167
2907	0.58883215
3153	0.63804463
4939	0.53242378
3107	0.68238507
4266	0.57261927
4533	0.55957070
4949	0.51170932
4606	0.55503002
1408	0.67410900
4653	0.55036177
3078	0.66125790
3430	0.55516311
3696	0.63896524
3382	0.59171367
4149	0.55811532
4664	0.53769550
4160	0.56508175
4271	0.56023973
3326	0.63141785
3878	0.59209005
3440	0.55047038
3459	0.59212243
3809	0.58607583
2920	0.61139652
3256	0.57639968
3284	0.65335308
4566	0.57287915
911	0.67738349
3863	0.61789336
4309	0.53329542
4727	0.53910506
2946	0.69648815
2953	0.66579384
3645	0.57305332
4921	0.55638626
3771	0.56283215
4668	0.51365087
4950	0.54583096
3876	0.54722275
3993	0.51192930
4456	0.57459123
1813	0.68894234
2593	0.62937362
2819	0.64720063
2568	0.56506793
4823	0.51173381
2312	0.64536019
4058	0.60167852
2652	0.58235979
4999	0.58932741
540	0.74189218
2005	0.58239100
3799	0.54563665
4317	0.54261927
3626	0.63335190
1865	0.64718444
3059	0.66890798
3404	0.64497196
3907	0.55992773
4256	0.56631675
4601	0.56852686
4663	0.58735229
1397	0.69393404
1888	0.64080608
1918	0.65281912
3342	0.59739021
4326	0.57302291
2465	0.67048223
3870	0.60671209
3910	0.61141904
4509	0.53935782
4966	0.52980687
2484	0.59848381
3864	0.58054423
4061	0.53930332
3553	0.58446682
4742	0.47157148
1976	0.61793878
4379	0.53869194
5011	0.52288310
1592	0.71758254
2329	0.61800395
2837	0.56993325
3192	0.63434518
4475	0.53277291
4702	0.53919826
4384	0.56041469
3817	0.54848894
3373	0.63603673
4856	0.54733531
1922	0.63853436
4958	0.52177291
4018	0.59697670
4425	0.56496840
2605	0.67282701
2741	0.57164613
4165	0.56668720
4388	0.56087559
1156	0.71010466
4599	0.59104265
4860	0.58229423
840	0.69350790
4325	0.59216311
4761	0.53784755
958	0.64380885
1897	0.66206556
4759	0.56478199
5007	0.53145537
2618	0.56515877
2628	0.65167852
2865	0.58909913
4060	0.57637204
4585	0.57306201
1821	0.77525829
4133	0.56027251
4628	0.57466667
2333	0.59884439
3267	0.67287283
3510	0.62309992
3728	0.59385071
3914	0.57470300
1769	0.74212401
2827	0.57778476
2799	0.55004147
3931	0.58234360
3937	0.60317615
3291	0.60167536
2963	0.68265047
3060	0.65665166
2113	0.67726738
3563	0.60217259
3994	0.58730569
4404	0.53458254
1758	0.65006003
2489	0.63438547
3630	0.67285190
3747	0.53272156
4518	0.54409202
4963	0.58245182
2759	0.59883610
4287	0.62752172
4749	0.53931991
2241	0.66927646
4726	0.54539494
4005	0.56337125
4722	0.52645774
3752	0.57614731
4569	0.56679700
4961	0.52288033
4965	0.56206280
2062	0.59562678
2233	0.66748341
1641	0.75962283
3519	0.56515324
3554	0.56506556
838	0.75146090
3745	0.63455845
4584	0.59569747
1145	0.70744431
2984	0.63585190
4267	0.54574210
1990	0.63062164
2222	0.60176856
3814	0.56942654
2892	0.56825000
3361	0.60856319
4875	0.52755450
4176	0.60693128
4334	0.54706398
4249	0.56150474
1273	0.73548262
1691	0.67926777
2813	0.61778397
3067	0.59876817
3940	0.55206872
4000	0.55221643
4156	0.51794194
4383	0.54750355
2200	0.67305332
4031	0.62438705
4768	0.55362875
3668	0.57485861
3215	0.67586967
2373	0.64819589
3715	0.54083491
4225	0.58697038
4938	0.53456635
5017	0.50505055
4065	0.56826896
4348	0.58230766
4221	0.57162441
4685	0.52681951
4422	0.58565916
4602	0.58919984
3130	0.63751303
3990	0.57889455
4562	0.55965719
4158	0.58068128
4967	0.51667733
687	0.74775395
1879	0.64101935
4573	0.51804660
2183	0.65649763
4731	0.55532504
1530	0.66606872
2093	0.63905648
3952	0.59680095
2261	0.60678199
4386	0.53558412
2748	0.59059755
3229	0.65015205
2495	0.63046090
2197	0.69994589
3262	0.58945893
3893	0.61638389
3924	0.58114455
4244	0.53884597
3625	0.62470300
4219	0.57140284
3544	0.56018957
2137	0.73559795
2138	0.55352528
2768	0.60332938
4350	0.56008807
4174	0.56958847
5035	0.53912243
3917	0.59056161
3228	0.58096998
4311	0.56340442
2673	0.59685821
2933	0.61427014
2990	0.62602212
4063	0.57907662
2508	0.62124882
3908	0.58849329
5039	0.51036137
3658	0.61190284
3193	0.64241272
4180	0.54395577
1058	0.62119866
1752	0.69584242
3934	0.57332583
3156	0.62231675
2853	0.60648025
3904	0.59548618
2301	0.52133649
3724	0.61270340
4109	0.54847038
5061	0.54510900
2674	0.55881793
4590	0.53606043
4861	0.56993325
2483	0.54710229
3337	0.56853831
4056	0.51976106
4813	0.53772907
2696	0.67393878
4426	0.54574605
3654	0.61950000
4096	0.60206043
4876	0.54072077
4222	0.53704581
3023	0.60036414
3244	0.57948499
3288	0.60048025
5020	0.54426501
3050	0.68216983
4339	0.51839850
2250	0.61616114
3412	0.56331359
1563	0.76898934
3313	0.59684953
4700	0.54396801
5010	0.54372709
4880	0.54551027
4214	0.52802291
2781	0.60831991
3881	0.54598894
4508	0.53812875
3463	0.63222156
2613	0.59534479
4940	0.54993602
4278	0.53122275
2585	0.59876066
2060	0.63623460
3612	0.54895537
3794	0.59729502
5058	0.53251422
4579	0.55255411
3833	0.56362796
4855	0.54408807
2503	0.62011967
2538	0.56634360
4716	0.56011256
3979	0.52282109
4887	0.54840205
1355	0.64545577
1875	0.68374803
2234	0.65667852
4282	0.58266469
4504	0.52615008
2415	0.57258531
3537	0.60660466
1706	0.60051027
3072	0.65952291
2537	0.56800237
3364	0.62071682
3398	0.59025039
4189	0.52478081
2680	0.58083057
3251	0.57429147
4971	0.53766153
2135	0.63831319
3780	0.55029344
2374	0.72254107
2697	0.68857267
2772	0.66335782
4143	0.53333412
2823	0.60720103
2313	0.64721090
4500	0.52762994
1210	0.69338191
4669	0.56975711
2944	0.59230766
3807	0.53640561
3989	0.55823302
2859	0.64872393
4283	0.48613073
2909	0.55672393
871	0.72796959
3319	0.54375750
3781	0.55689179
4850	0.50371880
3664	0.54050632
3832	0.58240916
2430	0.66486019
4885	0.54717575
4163	0.58730845
4574	0.58753594
4567	0.55666667
4329	0.63286730
1499	0.65629976
4703	0.59562243
3576	0.51960861
4635	0.50250237
2511	0.67946485
3202	0.58860506
4235	0.55174566
4430	0.59057899
3317	0.57633452
4492	0.56506398
4140	0.53723144
4330	0.59742812
4489	0.51503949
4695	0.54075632
3091	0.63434755
3283	0.60689060
4016	0.59529265
3930	0.52330332
3331	0.57778278
4658	0.53596248
3104	0.56007701
5022	0.50894510
2440	0.60878633
4450	0.55024566
3451	0.56962915
3813	0.59070774
4859	0.52342812
2596	0.68058728
4169	0.50354186
4173	0.54377923
4709	0.54376106
3972	0.51008926
4152	0.51532070
4883	0.52761374
3633	0.53588428
2611	0.58080174
4135	0.57584360
3521	0.59219155
2988	0.58215363
4104	0.52470458
3936	0.55993404
3926	0.51969431
3649	0.59521406
4771	0.50499921
4580	0.52464376
4495	0.53771761
4979	0.51499961
4462	0.53455332
4113	0.51856280
5031	0.56123381
3843	0.55694668
4767	0.48643720
4798	0.49903397
4059	0.52908136
4740	0.53268562
3678	0.56674052
4701	0.50186967
4689	0.54348420
4090	0.54414060
3126	0.58072433
4683	0.50198736
4934	0.57115324
2379	0.61784321
4280	0.55509044
3895	0.59247117
4808	0.49446722
4981	0.54663073
2621	0.56285269
4501	0.56821603
4292	0.50681438
3969	0.60368878
3477	0.58157346
4304	0.52656635
1797	0.65471288
3959	0.53132030
4195	0.55990719
4164	0.56449171
4039	0.58551698
4499	0.53580964
4124	0.49747551
4591	0.55186256
4480	0.53543878
4820	0.51062678
4973	0.53255411
3739	0.61144392
4978	0.49247235
3835	0.55213073
4851	0.50541667
4478	0.54571130
4145	0.54564336
3221	0.60523104
4975	0.53266588
3120	0.58101817
4252	0.57107780
3971	0.57175790
4536	0.53597235
3144	0.59356596
3076	0.61587164
1904	0.61782425
3945	0.54272393
4498	0.53710427
4915	0.53244945
4638	0.50818404
4839	0.49229858
3912	0.56123302
