0 1
0 2
0 3
0 4
0 5
0 6
0 7
0 8
0 9
0 10
0 11
0 12
0 13
0 14
0 15
0 16
0 17
0 18
0 19
0 20
0 21
0 22
0 23
0 24
0 25
0 26
0 27
0 28
0 29
0 30
0 31
0 32
0 34
0 35
0 36
0 39
0 41
0 42
0 46
0 48
0 53
0 56
0 58
0 59
0 65
0 67
0 68
0 69
0 74
0 78
0 79
0 80
0 85
0 86
0 88
0 90
0 96
0 106
0 108
0 109
0 113
0 115
0 124
0 126
0 128
0 130
0 142
0 146
0 150
0 154
0 156
0 159
0 166
0 168
0 173
0 174
0 175
0 197
0 203
0 206
0 208
0 210
0 213
0 218
0 220
0 221
0 230
0 236
0 237
0 238
0 247
0 254
0 258
0 260
0 262
0 264
0 267
0 271
0 272
0 287
0 294
0 299
0 300
0 301
0 304
0 306
0 328
0 330
0 333
0 337
0 341
0 363
0 365
0 367
0 368
0 372
0 380
0 381
0 383
0 387
0 393
0 402
0 407
0 418
0 422
0 423
0 434
0 435
0 454
0 459
1 16
1 17
1 18
1 19
1 20
1 22
1 23
1 29
1 34
1 41
1 42
1 45
1 47
1 49
1 52
1 53
1 59
1 60
1 62
1 64
1 67
1 69
1 75
1 76
1 78
1 81
1 89
1 90
1 101
1 108
1 120
1 123
1 127
1 129
1 143
1 147
1 159
1 175
1 177
1 178
1 179
1 182
1 186
1 205
1 212
1 224
1 227
1 237
1 241
1 244
1 248
1 273
1 292
1 293
1 296
1 306
1 307
1 312
1 314
1 335
1 338
1 358
1 368
1 373
1 376
1 398
1 443
1 445
1 448
2 16
2 17
2 19
2 20
2 21
2 23
2 24
2 27
2 31
2 32
2 37
2 39
2 40
2 43
2 46
2 51
2 52
2 53
2 55
2 56
2 60
2 67
2 70
2 75
2 78
2 80
2 88
2 91
2 95
2 99
2 105
2 117
2 119
2 127
2 131
2 133
2 154
2 160
2 163
2 167
2 169
2 173
2 175
2 184
2 187
2 195
2 217
2 218
2 222
2 230
2 233
2 236
2 240
2 245
2 246
2 249
2 263
2 264
2 265
2 274
2 279
2 281
2 289
2 304
2 310
2 316
2 321
2 337
2 343
2 349
2 366
2 369
2 406
2 419
2 421
2 428
2 441
2 452
2 453
2 456
2 459
3 16
3 17
3 18
3 19
3 20
3 21
3 22
3 23
3 24
3 28
3 30
3 33
3 36
3 37
3 44
3 46
3 49
3 50
3 69
3 81
3 82
3 85
3 86
3 114
3 119
3 121
3 123
3 128
3 140
3 141
3 144
3 155
3 156
3 182
3 185
3 191
3 192
3 196
3 197
3 210
3 211
3 230
3 263
3 275
3 278
3 312
3 315
3 316
3 328
3 336
3 337
3 338
3 343
3 344
3 360
3 417
3 426
3 438
4 16
4 17
4 18
4 19
4 22
4 23
4 26
4 28
4 30
4 32
4 35
4 37
4 39
4 40
4 41
4 42
4 46
4 47
4 48
4 51
4 52
4 58
4 59
4 69
4 70
4 73
4 76
4 80
4 82
4 85
4 91
4 92
4 93
4 103
4 117
4 122
4 126
4 135
4 142
4 143
4 144
4 146
4 149
4 151
4 158
4 163
4 165
4 166
4 167
4 175
4 178
4 182
4 183
4 190
4 196
4 198
4 213
4 216
4 217
4 222
4 226
4 236
4 251
4 252
4 262
4 264
4 279
4 304
4 321
4 326
4 330
4 343
4 346
4 354
4 356
4 371
4 375
4 389
4 405
4 418
4 444
4 457
5 16
5 17
5 18
5 19
5 20
5 21
5 22
5 25
5 27
5 28
5 29
5 30
5 37
5 39
5 40
5 43
5 44
5 45
5 48
5 49
5 50
5 57
5 63
5 67
5 73
5 87
5 88
5 94
5 99
5 102
5 107
5 109
5 110
5 113
5 114
5 119
5 121
5 123
5 132
5 138
5 143
5 152
5 161
5 162
5 167
5 170
5 186
5 190
5 214
5 218
5 228
5 239
5 246
5 249
5 284
5 285
5 299
5 313
5 314
5 340
5 344
5 380
5 391
5 427
5 437
5 442
6 16
6 17
6 18
6 20
6 22
6 23
6 24
6 25
6 34
6 36
6 44
6 46
6 51
6 54
6 56
6 58
6 62
6 73
6 85
6 86
6 104
6 106
6 107
6 111
6 116
6 124
6 128
6 131
6 132
6 137
6 143
6 189
6 201
6 217
6 240
6 245
6 273
6 323
6 354
6 370
6 373
6 376
6 378
6 380
6 387
6 399
6 435
7 16
7 17
7 18
7 19
7 20
7 21
7 23
7 24
7 25
7 26
7 31
7 33
7 37
7 44
7 48
7 55
7 61
7 64
7 71
7 73
7 75
7 141
7 143
7 146
7 151
7 153
7 156
7 163
7 176
7 189
7 194
7 227
7 267
7 282
7 335
7 341
7 351
7 362
7 376
7 394
7 403
7 404
7 407
7 410
7 434
7 452
8 16
8 17
8 18
8 19
8 20
8 21
8 25
8 27
8 32
8 47
8 51
8 52
8 54
8 57
8 60
8 78
8 83
8 89
8 91
8 101
8 123
8 135
8 158
8 164
8 178
8 184
8 213
8 225
8 253
8 289
8 313
8 357
8 396
9 16
9 17
9 18
9 19
9 20
9 22
9 25
9 31
9 32
9 33
9 34
9 37
9 39
9 43
9 44
9 51
9 53
9 54
9 55
9 56
9 58
9 59
9 63
9 66
9 69
9 73
9 78
9 83
9 89
9 91
9 94
9 99
9 100
9 102
9 110
9 115
9 117
9 126
9 129
9 134
9 136
9 139
9 140
9 157
9 158
9 159
9 160
9 184
9 189
9 191
9 201
9 203
9 233
9 243
9 246
9 265
9 268
9 276
9 286
9 312
9 319
9 321
9 329
9 360
9 363
9 387
9 389
9 394
9 406
9 423
9 427
9 433
9 448
9 452
10 16
10 17
10 18
10 19
10 20
10 21
10 24
10 26
10 27
10 28
10 29
10 31
10 33
10 34
10 35
10 38
10 40
10 41
10 46
10 54
10 57
10 63
10 64
10 66
10 81
10 82
10 83
10 84
10 87
10 89
10 90
10 91
10 96
10 108
10 110
10 111
10 116
10 123
10 133
10 140
10 144
10 145
10 146
10 148
10 152
10 155
10 158
10 167
10 185
10 193
10 195
10 210
10 211
10 215
10 226
10 230
10 231
10 243
10 257
10 284
10 295
10 308
10 370
10 372
10 407
10 411
10 412
10 421
11 345
12 16
12 17
12 18
12 20
12 21
12 26
12 33
12 55
12 56
12 58
12 60
12 70
12 79
12 84
12 111
12 120
12 125
12 131
12 171
12 177
12 184
12 185
12 193
12 196
12 210
12 213
12 216
12 283
12 352
12 375
12 448
13 16
13 17
13 21
13 22
13 25
13 30
13 34
13 35
13 38
13 39
13 41
13 47
13 59
13 102
13 111
13 147
13 180
13 213
13 258
13 268
13 290
13 331
13 374
13 430
14 16
14 17
14 18
14 19
14 21
14 23
14 24
14 25
14 26
14 27
14 29
14 30
14 32
14 34
14 36
14 39
14 44
14 52
14 53
14 56
14 61
14 66
14 69
14 72
14 79
14 80
14 82
14 87
14 102
14 103
14 104
14 137
14 145
14 167
14 170
14 186
14 187
14 222
14 228
14 231
14 254
14 277
14 286
14 317
14 340
14 374
14 380
14 386
14 400
14 403
14 420
14 423
14 431
14 445
14 453
14 455
15 16
15 18
15 19
15 22
15 26
15 27
15 30
15 34
15 35
15 40
15 45
15 46
15 47
15 48
15 51
15 54
15 68
15 73
15 97
15 112
15 127
15 128
15 140
15 142
15 150
15 152
15 167
15 168
15 182
15 198
15 206
15 207
15 209
15 210
15 212
15 220
15 227
15 234
15 271
15 301
15 305
15 307
15 336
15 348
15 357
15 373
15 388
15 438
15 442
16 17
16 18
16 19
16 20
16 21
16 22
16 23
16 24
16 25
16 27
16 28
16 29
16 30
16 31
16 32
16 33
16 35
16 36
16 37
16 38
16 41
16 42
16 43
16 44
16 45
16 47
16 48
16 50
16 52
16 53
16 55
16 56
16 58
16 59
16 62
16 70
16 72
16 75
16 83
16 89
16 90
16 92
16 98
16 101
16 103
16 114
16 119
16 122
16 124
16 127
16 128
16 130
16 131
16 133
16 134
16 136
16 137
16 138
16 139
16 143
16 144
16 146
16 153
16 158
16 164
16 165
16 174
16 175
16 179
16 180
16 181
16 187
16 193
16 195
16 196
16 197
16 208
16 210
16 212
16 220
16 226
16 227
16 239
16 245
16 248
16 249
16 250
16 253
16 266
16 268
16 269
16 279
16 283
16 285
16 286
16 296
16 302
16 303
16 305
16 312
16 314
16 317
16 320
16 334
16 335
16 340
16 347
16 354
16 356
16 363
16 366
16 373
16 380
16 382
16 389
16 399
16 406
16 408
16 413
16 422
16 423
16 425
16 426
16 429
16 446
16 450
16 458
16 459
17 18
17 19
17 20
17 21
17 22
17 23
17 24
17 25
17 26
17 27
17 30
17 31
17 32
17 35
17 36
17 37
17 38
17 39
17 43
17 44
17 45
17 46
17 48
17 49
17 51
17 52
17 53
17 54
17 56
17 57
17 58
17 62
17 64
17 67
17 71
17 72
17 73
17 79
17 84
17 88
17 89
17 92
17 96
17 97
17 98
17 101
17 102
17 106
17 107
17 108
17 113
17 115
17 121
17 126
17 129
17 134
17 143
17 158
17 163
17 164
17 166
17 170
17 176
17 178
17 180
17 181
17 194
17 201
17 205
17 210
17 218
17 226
17 230
17 233
17 237
17 245
17 246
17 251
17 255
17 259
17 265
17 268
17 272
17 274
17 282
17 292
17 312
17 315
17 327
17 333
17 336
17 338
17 343
17 351
17 352
17 368
17 377
17 379
17 388
17 389
17 392
17 398
17 401
17 405
17 418
17 421
17 425
17 441
17 446
17 447
17 454
18 19
18 20
18 21
18 22
18 23
18 24
18 25
18 26
18 27
18 28
18 29
18 30
18 32
18 33
18 35
18 36
18 37
18 38
18 39
18 40
18 41
18 42
18 49
18 55
18 62
18 63
18 66
18 77
18 79
18 81
18 87
18 90
18 94
18 95
18 103
18 104
18 105
18 106
18 107
18 108
18 111
18 112
18 114
18 116
18 118
18 119
18 127
18 128
18 139
18 145
18 146
18 147
18 150
18 155
18 156
18 157
18 159
18 161
18 163
18 177
18 180
18 182
18 189
18 190
18 197
18 198
18 207
18 224
18 225
18 226
18 227
18 229
18 235
18 238
18 244
18 247
18 248
18 249
18 252
18 254
18 257
18 276
18 277
18 283
18 288
18 289
18 291
18 308
18 319
18 324
18 327
18 331
18 340
18 341
18 351
18 354
18 356
18 362
18 379
18 387
18 388
18 397
18 405
18 408
18 409
18 413
18 431
18 437
18 441
18 443
18 447
18 454
18 456
19 20
19 21
19 22
19 23
19 24
19 25
19 26
19 27
19 28
19 32
19 33
19 34
19 35
19 36
19 38
19 40
19 41
19 42
19 43
19 45
19 46
19 49
19 52
19 53
19 59
19 68
19 71
19 72
19 74
19 81
19 87
19 97
19 98
19 100
19 115
19 118
19 127
19 133
19 135
19 136
19 141
19 153
19 155
19 161
19 165
19 166
19 171
19 172
19 182
19 194
19 196
19 200
19 202
19 204
19 206
19 209
19 220
19 234
19 236
19 259
19 266
19 283
19 286
19 303
19 314
19 322
19 329
19 333
19 334
19 339
19 342
19 343
19 373
19 374
19 380
19 405
19 427
19 438
19 448
20 21
20 22
20 23
20 24
20 25
20 26
20 28
20 29
20 30
20 31
20 33
20 39
20 43
20 48
20 49
20 55
20 57
20 69
20 77
20 78
20 79
20 81
20 84
20 90
20 91
20 97
20 100
20 102
20 103
20 104
20 105
20 108
20 125
20 131
20 138
20 139
20 140
20 154
20 156
20 157
20 161
20 166
20 168
20 174
20 179
20 180
20 183
20 185
20 196
20 198
20 202
20 214
20 215
20 231
20 234
20 235
20 236
20 238
20 239
20 240
20 241
20 254
20 263
20 268
20 274
20 284
20 289
20 298
20 308
20 309
20 318
20 324
20 326
20 330
20 348
20 354
20 361
20 372
20 375
20 378
20 384
20 385
20 388
20 390
20 395
20 400
20 421
20 423
20 429
20 431
20 434
20 451
20 453
21 22
21 23
21 24
21 26
21 28
21 29
21 31
21 32
21 33
21 35
21 37
21 38
21 42
21 44
21 46
21 47
21 58
21 61
21 62
21 64
21 65
21 66
21 67
21 76
21 77
21 88
21 95
21 100
21 101
21 102
21 107
21 118
21 123
21 124
21 126
21 127
21 128
21 135
21 136
21 138
21 141
21 146
21 150
21 159
21 160
21 161
21 173
21 199
21 213
21 227
21 229
21 230
21 254
21 264
21 273
21 276
21 280
21 298
21 316
21 320
21 334
21 336
21 337
21 350
21 353
21 360
21 373
21 385
21 391
21 398
21 405
21 409
21 419
21 422
21 429
21 433
21 436
22 23
22 24
22 25
22 26
22 27
22 28
22 29
22 30
22 31
22 33
22 35
22 37
22 45
22 46
22 49
22 50
22 52
22 54
22 55
22 62
22 63
22 65
22 69
22 73
22 74
22 75
22 80
22 82
22 83
22 85
22 88
22 89
22 90
22 92
22 93
22 98
22 99
22 100
22 101
22 102
22 105
22 122
22 130
22 132
22 136
22 151
22 154
22 161
22 169
22 176
22 179
22 191
22 195
22 198
22 199
22 200
22 203
22 204
22 214
22 220
22 228
22 233
22 249
22 262
22 269
22 282
22 308
22 319
22 326
22 328
22 340
22 352
22 356
22 361
22 365
22 377
22 385
22 397
22 405
22 419
22 422
22 428
22 431
22 445
22 452
22 454
22 455
23 24
23 26
23 27
23 28
23 29
23 30
23 31
23 33
23 34
23 35
23 36
23 37
23 38
23 39
23 41
23 45
23 48
23 49
23 54
23 63
23 65
23 68
23 76
23 80
23 81
23 82
23 83
23 84
23 85
23 86
23 93
23 96
23 106
23 107
23 108
23 112
23 120
23 124
23 127
23 128
23 130
23 131
23 143
23 145
23 146
23 148
23 155
23 160
23 164
23 167
23 179
23 186
23 190
23 192
23 203
23 211
23 214
23 247
23 275
23 287
23 290
23 296
23 323
23 324
23 353
23 361
23 390
23 397
23 400
23 415
23 422
23 428
23 436
23 445
23 451
23 454
23 457
24 25
24 27
24 28
24 29
24 30
24 32
24 33
24 34
24 36
24 37
24 39
24 40
24 41
24 42
24 44
24 45
24 47
24 52
24 53
24 56
24 57
24 58
24 69
24 70
24 71
24 75
24 76
24 80
24 81
24 87
24 89
24 93
24 96
24 97
24 102
24 103
24 105
24 106
24 109
24 110
24 114
24 116
24 117
24 125
24 138
24 147
24 149
24 150
24 151
24 158
24 159
24 160
24 167
24 178
24 185
24 187
24 191
24 195
24 198
24 202
24 205
24 217
24 224
24 226
24 227
24 230
24 233
24 237
24 241
24 246
24 254
24 259
24 264
24 265
24 267
24 270
24 280
24 281
24 283
24 296
24 302
24 315
24 317
24 318
24 328
24 350
24 356
24 362
24 364
24 367
24 369
24 397
24 401
24 411
24 423
24 434
24 442
25 26
25 29
25 30
25 35
25 38
25 40
25 43
25 49
25 52
25 55
25 57
25 60
25 66
25 70
25 72
25 78
25 80
25 91
25 93
25 96
25 102
25 104
25 112
25 114
25 125
25 127
25 130
25 148
25 151
25 152
25 175
25 176
25 179
25 182
25 186
25 193
25 213
25 214
25 217
25 228
25 236
25 246
25 248
25 253
25 257
25 259
25 261
25 287
25 292
25 310
25 314
25 323
25 348
25 354
25 357
25 393
25 396
25 399
25 404
25 415
25 418
25 419
25 421
25 431
25 432
25 445
25 459
26 27
26 28
26 31
26 32
26 33
26 34
26 35
26 36
26 38
26 39
26 40
26 41
26 42
26 43
26 44
26 45
26 47
26 50
26 51
26 52
26 53
26 54
26 55
26 56
26 57
26 61
26 63
26 65
26 69
26 71
26 72
26 74
26 76
26 79
26 80
26 82
26 84
26 85
26 88
26 96
26 97
26 99
26 100
26 103
26 106
26 108
26 113
26 125
26 132
26 136
26 144
26 147
26 149
26 155
26 159
26 161
26 164
26 166
26 167
26 169
26 173
26 181
26 184
26 187
26 202
26 204
26 209
26 216
26 218
26 238
26 241
26 244
26 255
26 263
26 268
26 278
26 286
26 290
26 294
26 301
26 302
26 311
26 314
26 318
26 322
26 324
26 339
26 346
26 351
26 353
26 355
26 380
26 390
26 392
26 395
26 400
26 414
26 437
26 455
26 456
26 457
27 28
27 29
27 34
27 36
27 39
27 50
27 59
27 65
27 67
27 70
27 72
27 74
27 76
27 84
27 88
27 94
27 105
27 130
27 132
27 137
27 139
27 148
27 149
27 151
27 162
27 165
27 174
27 179
27 185
27 193
27 194
27 196
27 202
27 205
27 225
27 236
27 244
27 258
27 260
27 265
27 272
27 279
27 282
27 284
27 312
27 321
27 330
27 334
27 341
27 390
27 420
27 440
27 441
27 454
28 29
28 31
28 36
28 41
28 42
28 43
28 77
28 85
28 86
28 90
28 92
28 94
28 103
28 106
28 107
28 109
28 122
28 130
28 135
28 144
28 147
28 148
28 153
28 164
28 170
28 172
28 183
28 187
28 188
28 209
28 215
28 219
28 221
28 222
28 241
28 242
28 254
28 263
28 275
28 290
28 318
28 321
28 324
28 325
28 326
28 336
28 340
28 366
28 377
28 439
28 440
28 447
28 456
29 31
29 32
29 34
29 38
29 40
29 41
29 47
29 51
29 66
29 68
29 74
29 82
29 83
29 84
29 97
29 99
29 122
29 125
29 127
29 137
29 144
29 159
29 164
29 174
29 182
29 189
29 235
29 243
29 245
29 251
29 258
29 259
29 263
29 276
29 278
29 283
29 298
29 302
29 311
29 321
29 325
29 336
29 353
29 373
29 375
29 377
29 379
29 381
29 386
29 396
29 402
29 408
29 417
29 449
30 31
30 33
30 37
30 38
30 40
30 41
30 51
30 52
30 57
30 64
30 66
30 77
30 79
30 81
30 90
30 101
30 110
30 112
30 117
30 128
30 134
30 135
30 136
30 144
30 154
30 158
30 162
30 186
30 204
30 231
30 233
30 237
30 244
30 255
30 257
30 277
30 313
30 346
30 364
30 366
30 372
30 393
30 415
30 416
30 426
30 432
30 443
31 32
31 37
31 40
31 42
31 47
31 50
31 53
31 60
31 71
31 75
31 76
31 91
31 92
31 104
31 107
31 139
31 142
31 144
31 153
31 155
31 162
31 200
31 206
31 213
31 225
31 228
31 239
31 276
31 277
31 298
31 303
31 320
31 331
31 350
31 357
31 370
31 385
31 391
31 392
31 442
31 448
32 36
32 38
32 42
32 44
32 46
32 47
32 50
32 59
32 60
32 61
32 62
32 64
32 81
32 83
32 85
32 88
32 92
32 95
32 96
32 98
32 101
32 128
32 129
32 150
32 151
32 169
32 172
32 173
32 194
32 199
32 206
32 207
32 212
32 217
32 219
32 228
32 229
32 234
32 279
32 285
32 290
32 292
32 296
32 325
32 347
32 351
32 356
32 357
32 361
32 398
32 405
32 409
32 412
32 414
32 419
32 423
32 429
32 430
32 434
32 446
32 459
33 34
33 35
33 39
33 43
33 50
33 54
33 55
33 56
33 62
33 63
33 65
33 71
33 72
33 78
33 82
33 83
33 84
33 89
33 94
33 100
33 104
33 113
33 119
33 121
33 122
33 128
33 161
33 162
33 165
33 175
33 177
33 187
33 202
33 209
33 211
33 219
33 226
33 230
33 240
33 253
33 262
33 265
33 281
33 282
33 295
33 300
33 309
33 319
33 333
33 337
33 341
33 348
33 349
33 359
33 363
33 370
33 374
33 382
33 403
33 418
33 423
33 432
33 441
34 36
34 38
34 40
34 41
34 48
34 50
34 51
34 53
34 54
34 56
34 59
34 60
34 61
34 64
34 66
34 70
34 73
34 77
34 79
34 93
34 95
34 98
34 100
34 101
34 102
34 106
34 124
34 126
34 131
34 137
34 138
34 149
34 157
34 159
34 168
34 175
34 187
34 198
34 199
34 201
34 207
34 211
34 212
34 231
34 239
34 252
34 262
34 270
34 271
34 276
34 289
34 299
34 303
34 313
34 317
34 322
34 323
34 355
34 359
34 369
34 376
34 415
34 453
35 42
35 50
35 55
35 58
35 61
35 65
35 66
35 68
35 69
35 74
35 80
35 84
35 115
35 135
35 142
35 154
35 174
35 176
35 177
35 194
35 199
35 202
35 216
35 229
35 230
35 233
35 255
35 268
35 292
35 313
35 332
35 333
35 338
35 347
35 360
35 418
35 433
35 435
35 451
35 452
35 455
36 42
36 43
36 45
36 46
36 48
36 50
36 59
36 60
36 68
36 71
36 72
36 74
36 93
36 94
36 97
36 100
36 109
36 110
36 111
36 112
36 141
36 146
36 154
36 160
36 174
36 180
36 189
36 190
36 215
36 231
36 258
36 259
36 263
36 288
36 296
36 300
36 302
36 306
36 314
36 318
36 328
36 332
36 352
36 364
36 370
36 385
36 395
36 413
36 446
36 448
37 38
37 43
37 45
37 48
37 51
37 55
37 56
37 59
37 60
37 62
37 63
37 65
37 67
37 68
37 77
37 78
37 83
37 86
37 87
37 90
37 105
37 108
37 114
37 116
37 122
37 141
37 142
37 143
37 146
37 151
37 153
37 155
37 156
37 160
37 163
37 188
37 211
37 226
37 238
37 266
37 267
37 270
37 279
37 280
37 282
37 283
37 288
37 291
37 292
37 295
37 297
37 300
37 302
37 313
37 316
37 323
37 329
37 352
37 371
37 397
37 404
37 441
37 456
38 40
38 44
38 47
38 58
38 61
38 65
38 66
38 68
38 69
38 74
38 80
38 92
38 93
38 95
38 98
38 101
38 106
38 114
38 116
38 117
38 119
38 120
38 127
38 130
38 131
38 132
38 133
38 135
38 136
38 152
38 177
38 184
38 186
38 188
38 201
38 204
38 205
38 206
38 212
38 232
38 233
38 250
38 251
38 255
38 261
38 269
38 274
38 277
38 278
38 283
38 286
38 304
38 308
38 335
38 342
38 343
38 347
38 353
38 359
38 369
38 370
38 388
38 395
38 401
38 429
38 445
39 42
39 43
39 44
39 45
39 46
39 49
39 53
39 57
39 60
39 61
39 63
39 65
39 75
39 76
39 77
39 79
39 86
39 96
39 100
39 105
39 110
39 122
39 123
39 134
39 141
39 152
39 154
39 160
39 163
39 178
39 190
39 191
39 196
39 197
39 213
39 214
39 224
39 229
39 240
39 242
39 250
39 267
39 302
39 308
39 321
39 343
39 387
39 394
39 411
39 439
39 444
40 45
40 53
40 54
40 57
40 58
40 63
40 66
40 71
40 78
40 81
40 82
40 86
40 90
40 91
40 97
40 98
40 99
40 112
40 113
40 120
40 125
40 141
40 142
40 148
40 155
40 163
40 168
40 179
40 183
40 203
40 204
40 220
40 225
40 228
40 234
40 242
40 250
40 253
40 261
40 264
40 267
40 300
40 310
40 319
40 326
40 344
40 346
40 347
40 355
40 357
40 373
40 396
40 408
40 420
40 425
40 433
40 438
40 457
41 47
41 48
41 54
41 55
41 56
41 57
41 70
41 75
41 86
41 93
41 118
41 121
41 140
41 153
41 179
41 197
41 205
41 223
41 254
41 265
41 268
41 300
41 325
41 355
41 378
41 384
41 405
41 411
41 444
41 453
42 43
42 44
42 45
42 50
42 54
42 58
42 61
42 63
42 64
42 68
42 74
42 79
42 80
42 86
42 88
42 89
42 90
42 91
42 95
42 129
42 130
42 142
42 148
42 161
42 169
42 196
42 216
42 237
42 288
42 293
42 298
42 324
42 327
42 369
42 373
42 383
42 391
42 411
42 418
42 438
42 443
42 449
43 46
43 49
43 59
43 60
43 67
43 70
43 71
43 89
43 92
43 97
43 123
43 124
43 139
43 142
43 156
43 247
43 262
43 281
43 282
43 289
43 307
43 329
43 352
43 367
43 377
43 394
43 429
43 435
43 447
44 51
44 57
44 59
44 61
44 62
44 68
44 70
44 75
44 84
44 95
44 97
44 104
44 106
44 109
44 118
44 139
44 147
44 148
44 152
44 161
44 165
44 176
44 197
44 220
44 230
44 251
44 260
44 294
44 322
44 328
44 335
44 354
44 356
44 362
44 366
44 368
44 371
44 382
44 390
44 391
44 394
44 396
44 397
44 416
44 439
44 447
45 48
45 49
45 62
45 64
45 66
45 67
45 72
45 73
45 76
45 77
45 101
45 107
45 145
45 150
45 157
45 168
45 175
45 184
45 192
45 194
45 224
45 233
45 257
45 264
45 268
45 276
45 311
45 323
45 329
45 358
45 382
45 383
45 392
45 429
45 435
45 440
45 449
45 450
45 458
46 47
46 49
46 50
46 51
46 54
46 65
46 67
46 70
46 71
46 73
46 75
46 77
46 85
46 104
46 105
46 107
46 111
46 118
46 119
46 127
46 128
46 129
46 133
46 135
46 145
46 146
46 172
46 173
46 183
46 222
46 246
46 249
46 250
46 252
46 255
46 270
46 272
46 283
46 302
46 305
46 307
46 331
46 335
46 342
46 345
46 346
46 350
46 369
46 371
46 390
46 397
46 406
46 417
46 423
46 438
46 440
46 443
47 48
47 50
47 52
47 58
47 60
47 62
47 69
47 72
47 77
47 81
47 84
47 94
47 105
47 108
47 113
47 122
47 123
47 134
47 135
47 136
47 143
47 150
47 157
47 179
47 182
47 183
47 188
47 196
47 200
47 201
47 211
47 216
47 219
47 220
47 226
47 242
47 245
47 250
47 271
47 303
47 314
47 315
47 323
47 326
47 327
47 337
47 348
47 360
47 366
47 385
47 405
47 407
47 408
47 416
47 426
47 433
47 436
47 446
47 448
47 450
47 457
48 49
48 69
48 71
48 74
48 79
48 84
48 87
48 96
48 99
48 110
48 115
48 117
48 123
48 125
48 129
48 139
48 148
48 154
48 167
48 169
48 173
48 174
48 181
48 209
48 244
48 245
48 256
48 264
48 268
48 269
48 274
48 284
48 301
48 311
48 312
48 315
48 322
48 324
48 326
48 336
48 339
48 354
48 363
48 374
48 379
48 382
48 400
48 409
48 420
48 421
48 450
48 456
49 51
49 56
49 64
49 65
49 72
49 93
49 94
49 102
49 103
49 112
49 143
49 145
49 166
49 185
49 187
49 198
49 201
49 217
49 219
49 221
49 225
49 235
49 256
49 280
49 281
49 284
49 288
49 290
49 292
49 298
49 305
49 316
49 319
49 344
49 346
49 348
49 378
49 381
49 390
49 393
49 442
49 446
50 52
50 62
50 64
50 70
50 74
50 76
50 99
50 100
50 107
50 121
50 132
50 141
50 149
50 154
50 156
50 158
50 176
50 180
50 186
50 187
50 195
50 196
50 204
50 214
50 232
50 250
50 255
50 257
50 266
50 276
50 279
50 280
50 304
50 310
50 312
50 319
50 328
50 373
50 386
50 391
50 395
50 418
50 419
50 420
50 423
50 424
50 459
51 57
51 59
51 65
51 72
51 75
51 90
51 92
51 96
51 98
51 99
51 103
51 104
51 111
51 120
51 124
51 125
51 132
51 144
51 150
51 159
51 165
51 170
51 181
51 197
51 201
51 203
51 254
51 260
51 285
51 286
51 291
51 310
51 342
51 359
51 384
51 385
51 415
51 419
51 449
51 458
52 53
52 55
52 61
52 67
52 69
52 75
52 88
52 90
52 99
52 102
52 105
52 108
52 109
52 110
52 111
52 112
52 114
52 124
52 125
52 128
52 132
52 133
52 142
52 144
52 147
52 154
52 156
52 165
52 167
52 193
52 196
52 204
52 211
52 213
52 223
52 239
52 252
52 279
52 302
52 317
52 331
52 336
52 339
52 347
52 358
52 375
52 387
52 390
52 409
52 412
52 436
52 437
53 117
53 119
53 121
53 127
53 131
53 132
53 136
53 160
53 162
53 176
53 177
53 183
53 188
53 199
53 200
53 206
53 221
53 252
53 257
53 260
53 291
53 297
53 311
53 313
53 327
53 343
53 345
53 353
53 365
53 371
53 388
53 393
53 401
53 430
53 434
53 442
54 58
54 65
54 67
54 72
54 73
54 76
54 81
54 85
54 86
54 91
54 99
54 100
54 107
54 113
54 137
54 145
54 151
54 172
54 177
54 181
54 191
54 192
54 193
54 200
54 204
54 211
54 212
54 216
54 247
54 250
54 264
54 266
54 274
54 304
54 316
54 336
54 394
54 415
54 418
54 430
54 439
54 449
55 57
55 72
55 76
55 78
55 87
55 88
55 89
55 101
55 110
55 112
55 113
55 114
55 138
55 139
55 166
55 184
55 187
55 192
55 198
55 220
55 241
55 269
55 271
55 272
55 293
55 297
55 300
55 308
55 309
55 310
55 338
55 339
55 346
55 347
55 348
55 375
55 394
55 422
55 427
55 432
55 434
56 63
56 70
56 73
56 74
56 85
56 98
56 99
56 100
56 109
56 110
56 113
56 115
56 118
56 129
56 132
56 134
56 151
56 153
56 171
56 185
56 186
56 188
56 203
56 205
56 208
56 211
56 219
56 220
56 256
56 264
56 277
56 280
56 290
56 294
56 297
56 354
56 378
56 381
56 387
56 389
56 392
56 401
56 410
56 414
56 416
56 455
57 60
57 61
57 62
57 63
57 68
57 81
57 112
57 130
57 131
57 138
57 146
57 147
57 151
57 157
57 158
57 160
57 163
57 170
57 184
57 201
57 214
57 218
57 223
57 255
57 257
57 268
57 293
57 297
57 318
57 360
57 365
57 370
57 381
57 404
57 406
57 419
57 449
57 458
58 60
58 61
58 77
58 85
58 94
58 98
58 106
58 107
58 132
58 140
58 152
58 156
58 157
58 158
58 170
58 178
58 181
58 183
58 199
58 217
58 223
58 235
58 248
58 252
58 266
58 278
58 280
58 325
58 338
58 351
58 369
58 372
58 400
58 405
58 418
58 432
58 434
59 64
59 66
59 67
59 73
59 74
59 77
59 117
59 122
59 134
59 137
59 148
59 149
59 167
59 169
59 183
59 191
59 195
59 198
59 199
59 207
59 211
59 222
59 227
59 266
59 270
59 278
59 311
59 344
59 351
59 355
59 386
59 391
59 417
59 419
59 448
60 61
60 64
60 68
60 70
60 71
60 73
60 78
60 83
60 95
60 109
60 111
60 140
60 141
60 157
60 168
60 181
60 212
60 240
60 246
60 275
60 303
60 304
60 346
60 359
60 374
60 380
60 389
60 420
60 427
60 428
60 431
60 446
61 64
61 86
61 107
61 110
61 113
61 116
61 118
61 122
61 123
61 126
61 130
61 151
61 154
61 157
61 164
61 190
61 191
61 218
61 235
61 252
61 253
61 259
61 267
61 311
61 344
61 349
61 381
61 391
61 396
61 412
61 431
61 444
62 63
62 115
62 118
62 121
62 124
62 183
62 188
62 189
62 194
62 197
62 202
62 207
62 219
62 227
62 229
62 235
62 236
62 244
62 252
62 253
62 261
62 285
62 286
62 292
62 295
62 301
62 309
62 310
62 314
62 337
62 338
62 354
62 416
62 428
62 441
63 67
63 68
63 71
63 75
63 82
63 93
63 95
63 98
63 103
63 116
63 131
63 136
63 137
63 150
63 154
63 165
63 169
63 172
63 174
63 181
63 220
63 244
63 272
63 275
63 281
63 289
63 296
63 301
63 303
63 336
63 337
63 342
63 347
63 354
63 355
63 357
63 361
63 376
63 384
63 394
63 415
63 450
64 79
64 84
64 94
64 95
64 102
64 109
64 120
64 125
64 134
64 142
64 168
64 169
64 172
64 174
64 185
64 188
64 191
64 205
64 255
64 265
64 278
64 285
64 287
64 294
64 304
64 310
64 314
64 322
64 330
64 333
64 392
64 396
64 409
64 446
65 66
65 68
65 71
65 78
65 79
65 82
65 85
65 88
65 126
65 131
65 136
65 142
65 143
65 149
65 162
65 170
65 174
65 180
65 188
65 209
65 220
65 244
65 251
65 262
65 280
65 289
65 291
65 292
65 318
65 342
65 350
65 354
65 362
65 376
65 380
65 381
65 394
65 403
65 406
65 421
65 422
65 429
65 433
65 439
66 75
66 78
66 79
66 86
66 88
66 145
66 152
66 153
66 171
66 240
66 248
66 273
66 288
66 307
66 310
66 334
66 349
66 409
66 436
67 78
67 93
67 104
67 119
67 120
67 137
67 141
67 144
67 148
67 162
67 235
67 242
67 249
67 250
67 259
67 269
67 281
67 292
67 294
67 296
67 313
67 342
67 377
68 77
68 81
68 82
68 83
68 89
68 91
68 99
68 116
68 131
68 133
68 134
68 159
68 195
68 197
68 201
68 229
68 286
68 290
68 294
68 305
68 317
68 339
68 346
68 350
68 359
68 367
68 383
68 384
68 406
68 414
68 451
69 76
69 80
69 83
69 84
69 87
69 98
69 106
69 114
69 126
69 139
69 158
69 168
69 171
69 181
69 184
69 190
69 203
69 204
69 216
69 223
69 228
69 236
69 238
69 240
69 261
69 264
69 275
69 297
69 303
69 319
69 320
69 325
69 333
69 339
69 363
69 390
69 398
69 408
69 418
69 421
69 435
69 442
70 77
70 80
70 87
70 96
70 102
70 103
70 114
70 116
70 120
70 129
70 150
70 153
70 157
70 184
70 200
70 213
70 215
70 218
70 219
70 228
70 236
70 238
70 247
70 252
70 261
70 286
70 299
70 301
70 340
70 348
70 375
70 407
71 82
71 111
71 116
71 125
71 145
71 156
71 179
71 187
71 201
71 224
71 251
71 266
71 313
71 348
71 408
71 431
72 90
72 94
72 96
72 114
72 147
72 149
72 158
72 164
72 170
72 190
72 201
72 217
72 244
72 261
72 282
72 289
72 320
72 323
72 341
72 382
72 383
72 396
72 410
72 430
72 432
72 446
73 74
73 76
73 83
73 119
73 121
73 141
73 148
73 163
73 165
73 169
73 179
73 196
73 217
73 241
73 257
73 282
73 290
73 367
73 386
73 403
73 405
73 422
74 87
74 89
74 95
74 96
74 175
74 180
74 189
74 193
74 217
74 231
74 243
74 265
74 293
74 305
74 316
74 320
74 327
74 343
74 345
74 390
74 396
75 82
75 86
75 100
75 104
75 111
75 116
75 134
75 137
75 164
75 191
75 192
75 259
75 269
75 282
75 301
75 327
75 339
75 386
75 388
75 422
75 433
75 437
75 451
76 80
76 87
76 108
76 113
76 120
76 130
76 140
76 155
76 182
76 197
76 201
76 213
76 221
76 229
76 237
76 259
76 279
76 281
76 292
76 299
76 323
76 328
76 329
76 337
76 339
76 357
76 358
76 383
76 400
76 431
76 433
76 457
77 83
77 92
77 105
77 124
77 125
77 168
77 224
77 251
77 270
77 272
77 278
77 287
77 334
77 395
77 414
77 420
77 456
78 91
78 92
78 96
78 108
78 118
78 121
78 138
78 152
78 189
78 215
78 221
78 262
78 270
78 278
78 311
78 320
78 344
78 345
78 363
78 404
78 409
78 430
79 86
79 87
79 93
79 105
79 132
79 166
79 171
79 174
79 211
79 224
79 235
79 237
79 253
79 262
79 284
79 363
79 374
79 375
79 382
79 391
79 407
79 436
80 89
80 91
80 118
80 123
80 125
80 142
80 156
80 160
80 164
80 171
80 173
80 177
80 190
80 221
80 225
80 235
80 249
80 266
80 277
80 319
80 321
80 336
80 343
80 374
80 387
80 389
80 390
80 407
80 422
81 85
81 93
81 94
81 97
81 99
81 105
81 124
81 137
81 139
81 141
81 143
81 173
81 186
81 187
81 189
81 200
81 226
81 240
81 255
81 276
81 277
81 338
81 355
81 407
81 433
81 453
82 92
82 128
82 131
82 158
82 183
82 204
82 220
82 225
82 253
82 274
82 296
82 301
82 307
82 342
82 344
82 361
82 366
82 378
82 403
82 406
82 416
82 417
82 422
83 87
83 95
83 110
83 111
83 117
83 121
83 130
83 136
83 138
83 215
83 217
83 222
83 258
83 279
83 292
83 297
83 306
83 307
83 328
83 343
83 353
83 399
83 410
83 423
83 432
83 439
83 441
84 92
84 95
84 97
84 113
84 115
84 117
84 125
84 133
84 153
84 155
84 178
84 188
84 195
84 197
84 208
84 212
84 249
84 256
84 269
84 288
84 325
84 345
84 382
84 398
84 407
84 416
85 88
85 91
85 93
85 95
85 107
85 115
85 148
85 149
85 155
85 210
85 218
85 297
85 307
85 324
85 326
85 360
85 408
85 451
86 92
86 101
86 103
86 118
86 119
86 126
86 175
86 178
86 183
86 191
86 209
86 210
86 229
86 301
86 304
86 333
86 382
86 399
86 411
86 431
86 448
87 112
87 126
87 134
87 173
87 176
87 182
87 185
87 204
87 231
87 263
87 273
87 274
87 283
87 320
87 332
87 339
87 372
87 373
87 391
87 402
87 432
87 451
88 94
88 104
88 121
88 164
88 169
88 170
88 218
88 223
88 262
88 274
88 318
88 329
88 344
88 367
88 368
89 97
89 98
89 109
89 112
89 137
89 144
89 147
89 193
89 194
89 198
89 199
89 208
89 210
89 218
89 248
89 257
89 266
89 270
89 314
89 325
89 339
89 359
89 371
89 405
89 412
90 114
90 118
90 141
90 161
90 162
90 165
90 200
90 222
90 229
90 230
90 245
90 253
90 279
90 282
90 297
90 323
90 340
90 347
90 364
90 379
90 381
90 388
90 395
90 435
90 443
90 453
91 110
91 123
91 124
91 130
91 140
91 161
91 163
91 190
91 196
91 199
91 215
91 222
91 229
91 232
91 243
91 248
91 260
91 269
91 320
91 414
91 457
92 94
92 100
92 103
92 109
92 115
92 118
92 133
92 138
92 152
92 154
92 161
92 169
92 172
92 177
92 189
92 192
92 210
92 223
92 224
92 235
92 242
92 263
92 270
92 299
92 320
92 327
92 330
92 352
92 363
92 424
92 427
92 432
92 442
92 443
93 97
93 98
93 101
93 103
93 109
93 124
93 129
93 143
93 152
93 157
93 184
93 185
93 193
93 207
93 208
93 226
93 228
93 255
93 261
93 275
93 309
93 324
93 327
93 350
93 356
93 393
93 409
93 429
93 434
94 104
94 106
94 113
94 114
94 116
94 117
94 123
94 129
94 135
94 138
94 156
94 175
94 193
94 204
94 219
94 253
94 296
94 445
94 447
95 115
95 117
95 120
95 136
95 149
95 187
95 189
95 192
95 203
95 204
95 207
95 270
95 271
95 287
95 440
96 110
96 115
96 133
96 145
96 160
96 176
96 180
96 188
96 194
96 200
96 202
96 205
96 225
96 227
96 232
96 294
96 330
96 332
96 335
96 353
96 399
97 116
97 131
97 134
97 145
97 163
97 165
97 166
97 175
97 178
97 192
97 205
97 207
97 239
97 251
97 255
97 270
97 289
97 295
97 308
97 331
97 358
97 362
97 364
97 402
97 409
97 419
97 458
98 108
98 113
98 120
98 133
98 145
98 164
98 167
98 173
98 198
98 245
98 247
98 267
98 273
98 284
98 295
98 310
98 313
98 361
98 426
99 101
99 133
99 141
99 157
99 181
99 183
99 205
99 208
99 209
99 224
99 225
99 233
99 236
99 249
99 273
99 286
99 287
99 293
99 299
99 306
99 313
99 357
99 377
99 401
99 412
99 418
99 426
100 127
100 138
100 142
100 153
100 168
100 176
100 180
100 182
100 199
100 218
100 232
100 244
100 278
100 282
100 283
100 297
100 299
100 312
100 332
100 334
100 335
100 372
100 428
100 445
101 104
101 109
101 111
101 118
101 130
101 142
101 149
101 181
101 212
101 231
101 254
101 263
101 273
101 285
101 287
101 300
101 318
101 328
101 364
101 434
101 443
102 105
102 109
102 119
102 129
102 134
102 197
102 203
102 237
102 239
102 243
102 269
102 272
102 285
102 316
102 325
102 388
102 397
102 410
102 431
102 450
103 108
103 129
103 152
103 170
103 176
103 258
103 294
103 295
103 315
103 359
103 361
103 364
103 367
103 377
103 380
103 392
103 394
103 395
103 400
103 413
103 449
104 117
104 123
104 152
104 162
104 167
104 178
104 276
104 284
104 291
104 298
104 309
104 384
104 399
104 440
104 450
105 106
105 112
105 120
105 126
105 129
105 133
105 144
105 161
105 172
105 243
105 252
105 272
105 347
105 349
105 357
105 364
105 414
106 116
106 122
106 135
106 152
106 173
106 176
106 177
106 208
106 209
106 212
106 221
106 223
106 225
106 277
106 304
106 331
106 379
106 380
106 390
106 405
106 408
106 436
106 439
106 449
106 451
106 453
107 112
107 120
107 140
107 149
107 172
107 238
107 242
107 248
107 282
107 284
107 292
107 302
107 321
107 326
107 356
107 371
107 383
107 417
107 449
108 111
108 117
108 145
108 147
108 174
108 208
108 211
108 272
108 290
108 297
108 321
108 336
108 365
108 371
108 372
108 425
108 428
109 124
109 156
109 172
109 179
109 226
109 238
109 243
109 244
109 256
109 412
109 416
110 121
110 122
110 135
110 137
110 150
110 162
110 166
110 203
110 238
110 240
110 243
110 306
110 308
110 342
110 357
110 359
110 360
110 389
110 392
110 408
110 437
111 126
111 192
111 211
111 231
111 239
111 273
111 356
111 397
111 415
111 425
112 115
112 147
112 234
112 245
112 256
112 274
112 280
112 288
112 294
112 300
112 316
112 362
112 377
112 440
113 120
113 139
113 166
113 169
113 188
113 195
113 206
113 214
113 236
113 256
113 271
113 293
113 308
113 335
113 337
113 368
113 372
113 389
113 403
113 435
114 115
114 119
114 157
114 171
114 181
114 200
114 221
114 284
114 287
114 293
114 315
114 357
114 362
114 424
114 437
114 456
115 126
115 160
115 193
115 203
115 241
115 261
115 262
115 307
115 321
115 344
115 349
115 370
115 426
115 438
115 452
116 121
116 132
116 154
116 165
116 197
116 205
116 215
116 219
116 228
116 242
116 282
116 329
116 331
116 355
116 376
116 432
116 440
116 448
117 132
117 146
117 169
117 215
117 221
117 222
117 235
117 254
117 256
117 264
117 267
117 284
117 296
117 319
117 373
117 388
117 410
117 438
118 119
118 121
118 122
118 127
118 138
118 140
118 144
118 149
118 202
118 216
118 223
118 234
118 242
118 246
118 247
118 315
118 348
118 353
118 374
118 416
118 429
118 441
119 134
119 140
119 159
119 195
119 370
119 390
119 393
119 437
120 122
120 137
120 138
120 166
120 168
120 170
120 176
120 178
120 195
120 199
120 214
120 219
120 224
120 247
120 254
120 269
120 308
120 325
120 346
120 347
120 354
120 377
120 384
120 385
120 420
120 425
121 136
121 140
121 158
121 170
121 177
121 182
121 186
121 193
121 234
121 247
121 260
121 289
121 292
121 299
121 341
121 401
121 403
121 454
122 126
122 129
122 133
122 156
122 229
122 263
122 323
122 375
122 421
122 425
122 454
123 128
123 146
123 160
123 166
123 202
123 208
123 228
123 252
123 254
123 319
124 172
124 192
124 250
124 273
124 276
124 377
124 414
124 432
125 157
125 165
125 180
125 185
125 234
125 299
125 346
125 404
125 429
126 151
126 161
126 162
126 176
126 181
126 224
126 239
126 270
126 271
126 277
126 294
126 312
126 337
126 410
126 430
126 449
126 451
127 164
127 184
127 189
127 199
127 207
127 213
127 215
127 258
127 266
127 309
127 311
127 318
127 343
127 352
127 375
127 394
127 399
127 404
127 417
128 135
128 150
128 159
128 200
128 236
128 250
128 303
128 305
128 318
128 329
128 330
128 342
128 381
128 404
128 415
128 439
128 456
129 139
129 172
129 187
129 209
129 212
129 250
129 349
129 354
129 391
129 424
129 443
129 448
130 199
130 224
130 229
130 231
130 240
130 273
130 306
130 316
130 317
130 326
130 329
130 360
130 383
130 409
131 151
131 153
131 155
131 198
131 207
131 209
131 227
131 233
131 248
131 270
131 281
131 322
131 390
131 407
131 448
132 139
132 140
132 150
132 162
132 164
132 170
132 186
132 200
132 202
132 207
132 212
132 215
132 228
132 275
132 288
132 306
132 336
132 345
132 363
132 379
132 436
132 450
133 145
133 153
133 168
133 170
133 184
133 188
133 192
133 203
133 221
133 244
133 285
133 293
133 322
133 331
133 384
133 422
133 442
133 452
134 135
134 147
134 155
134 163
134 173
134 180
134 194
134 216
134 219
134 227
134 235
134 241
134 283
134 291
134 314
134 333
134 373
134 393
134 402
134 410
134 413
134 438
135 166
135 177
135 214
135 240
135 245
135 260
135 265
135 383
135 435
136 191
136 232
136 239
136 256
136 314
136 342
136 408
137 147
137 155
137 271
137 282
137 309
137 353
137 393
137 412
137 438
137 447
137 453
138 171
138 219
138 272
138 278
138 303
138 315
138 334
138 356
138 424
138 437
139 225
139 246
139 270
139 296
139 322
139 365
139 374
139 408
139 427
140 165
140 177
140 266
140 267
140 289
140 304
140 340
140 384
140 395
140 402
140 449
140 454
141 174
141 185
141 193
141 210
141 256
141 298
141 300
141 312
141 350
141 380
141 381
141 386
141 413
141 425
141 452
142 143
142 267
142 374
142 415
143 178
143 222
143 238
143 269
143 298
143 336
143 341
143 402
143 446
144 146
144 148
144 149
144 182
144 206
144 217
144 223
144 237
144 247
144 302
144 312
144 328
144 347
144 393
144 409
144 414
144 434
145 148
145 150
145 171
145 206
145 209
145 227
145 234
145 250
145 256
145 270
145 309
145 313
145 316
145 334
145 357
145 367
145 396
145 398
145 427
146 182
146 194
146 202
146 215
146 278
146 287
146 348
146 356
146 358
147 208
147 211
147 216
147 224
147 249
147 265
147 281
147 300
147 315
147 320
147 321
147 322
147 326
147 328
147 362
147 366
147 377
147 381
147 387
147 402
147 412
147 416
148 151
148 234
148 237
148 261
148 314
148 327
148 331
148 338
148 341
148 358
148 399
148 400
148 433
149 180
149 181
149 195
149 206
149 213
149 285
149 402
149 426
149 459
150 184
150 222
150 251
150 266
150 281
150 455
151 153
151 254
151 326
151 431
151 445
152 185
152 227
152 248
152 251
152 315
152 387
152 403
152 407
152 444
153 159
153 173
153 186
153 190
153 192
153 242
153 280
153 301
153 316
153 341
153 420
154 169
154 171
154 186
154 190
154 191
154 221
154 237
154 256
154 271
154 296
154 304
154 315
154 326
154 347
154 374
154 423
155 239
155 241
155 269
155 296
155 303
155 324
155 338
155 350
155 368
155 379
155 393
155 411
156 159
156 163
156 213
156 225
156 231
156 249
156 276
156 294
156 307
156 332
156 334
156 355
156 379
156 407
156 414
156 426
156 444
156 447
156 449
156 456
157 162
157 194
157 241
157 242
157 263
157 266
157 277
157 315
157 329
157 345
157 346
158 195
158 208
158 219
158 241
158 352
158 369
158 417
159 160
159 162
159 171
159 174
159 179
159 202
159 240
159 242
159 251
159 257
159 259
159 265
159 306
159 322
159 325
159 364
159 382
159 402
159 439
159 446
159 453
160 163
160 168
160 171
160 233
160 259
160 261
160 264
160 288
160 307
160 317
160 334
160 388
161 171
161 178
161 192
161 284
161 317
161 322
161 324
161 350
161 356
161 402
161 440
161 445
162 172
162 188
162 198
162 214
162 216
162 218
162 267
162 280
162 331
162 338
162 359
162 361
162 376
162 392
162 415
162 419
162 427
162 438
163 180
163 198
163 216
163 258
163 354
163 358
163 360
163 375
163 377
163 401
164 167
164 209
164 216
164 232
164 262
164 286
164 290
164 303
164 356
164 380
164 395
164 411
165 168
165 177
165 185
165 206
165 212
165 223
165 269
165 312
165 335
165 366
165 376
165 379
165 405
165 420
165 443
166 172
166 173
166 175
166 183
166 188
166 203
166 272
166 285
166 300
166 307
166 310
166 323
166 327
166 358
166 384
166 397
166 411
166 442
167 260
167 262
167 342
167 374
167 404
167 452
167 458
168 175
168 206
168 210
168 256
168 265
168 302
168 340
168 410
168 444
169 171
169 190
169 205
169 227
169 234
169 244
169 245
169 247
169 274
169 293
169 301
169 302
169 305
169 323
169 339
169 367
169 376
169 383
169 404
169 447
170 214
170 217
170 220
170 226
170 241
170 272
170 274
170 279
170 367
170 394
171 218
171 252
171 259
171 279
171 291
171 338
171 362
171 371
172 217
172 218
172 223
172 246
172 258
172 315
172 327
172 338
172 346
172 348
172 403
172 406
172 413
172 424
172 427
172 457
173 189
173 195
173 196
173 207
173 248
173 249
173 285
173 413
173 443
174 203
174 226
174 298
174 300
174 316
174 400
174 408
175 191
175 197
175 205
175 243
175 275
175 305
175 308
175 330
175 384
175 417
175 421
176 223
176 234
176 275
176 391
176 455
177 178
177 179
177 204
177 207
177 208
177 258
177 271
177 294
177 349
177 386
177 388
177 396
177 414
177 439
177 459
178 183
178 208
178 239
178 323
179 224
179 271
179 351
179 362
179 402
179 428
179 430
179 452
180 202
180 215
180 249
180 253
180 280
180 291
180 360
180 365
180 366
180 369
180 376
180 406
180 428
180 434
181 190
181 200
181 221
181 398
182 221
182 253
182 364
182 403
183 201
183 205
183 208
183 210
183 250
183 251
183 255
183 271
183 299
183 410
183 447
184 186
184 194
184 206
184 214
184 238
184 260
184 268
184 273
184 281
184 287
184 309
184 329
184 333
184 368
184 411
184 419
184 431
184 442
185 199
185 214
185 231
185 305
185 309
185 339
185 352
185 386
185 397
185 415
185 427
186 191
186 215
186 221
186 231
186 245
186 246
186 268
186 308
186 312
186 365
186 371
186 399
186 436
187 192
187 193
187 194
187 223
187 260
187 293
188 189
188 345
188 448
189 236
189 243
189 260
189 312
189 331
190 351
190 379
190 382
190 395
191 200
191 246
191 288
191 318
191 351
191 367
191 372
191 424
191 438
191 439
192 222
192 241
192 261
192 268
192 308
192 317
192 346
192 348
192 376
192 398
192 452
193 228
193 237
193 283
193 285
193 411
193 435
194 206
194 225
194 238
194 291
194 332
195 245
195 253
195 268
195 375
196 201
196 209
196 230
196 241
196 258
196 273
196 295
196 309
196 329
196 355
196 358
196 360
196 366
196 371
197 230
197 274
197 284
197 293
197 396
198 207
198 226
198 246
198 248
198 283
198 289
198 319
198 348
198 392
198 454
199 257
199 364
199 370
199 401
199 439
199 445
199 455
200 232
200 253
200 374
200 400
200 404
200 421
200 440
201 246
201 285
201 310
201 317
201 403
201 424
201 445
201 457
202 210
202 212
202 249
202 278
202 379
202 401
203 271
203 289
203 330
203 333
203 366
203 376
203 416
203 453
204 247
204 260
204 265
204 291
204 302
204 377
204 414
204 423
204 459
205 263
205 329
205 414
205 427
205 455
206 233
206 247
206 255
206 271
206 308
206 324
206 353
206 359
206 363
206 366
206 390
206 436
207 216
207 232
207 240
207 275
207 291
207 309
207 355
207 428
208 232
208 344
208 348
208 362
208 371
208 392
208 399
209 222
209 232
209 239
209 247
209 255
209 256
209 311
209 338
209 365
209 405
210 263
210 297
210 313
210 327
210 332
210 355
211 220
211 262
211 276
211 426
212 266
212 367
212 368
212 415
212 445
212 449
212 454
213 223
213 225
213 229
213 237
213 251
213 422
213 431
213 453
213 457
214 219
214 222
214 235
214 276
214 335
214 345
214 358
214 389
215 235
215 303
215 377
215 426
215 454
216 230
216 232
216 237
216 256
216 299
216 327
216 345
216 378
216 399
216 416
217 232
217 343
217 361
217 442
217 443
218 233
218 264
218 281
218 321
218 417
219 281
219 451
220 234
220 238
220 261
220 280
220 306
220 330
220 353
220 369
220 439
220 441
221 238
221 242
221 291
221 293
221 318
221 321
221 393
222 245
222 361
222 412
222 418
222 422
222 424
222 428
223 240
223 277
223 278
223 322
223 335
223 352
223 353
223 385
223 416
223 428
223 429
224 228
224 243
224 260
224 267
224 278
224 290
224 313
224 333
224 342
224 349
224 387
224 397
224 399
224 411
224 412
224 421
224 458
225 229
225 230
225 231
225 233
225 234
225 258
225 259
225 262
225 304
225 332
225 359
225 378
225 393
226 232
226 243
226 295
226 434
226 444
226 451
227 232
227 307
227 385
227 419
227 428
227 436
227 459
228 286
228 288
228 361
228 386
228 389
228 391
228 412
228 418
228 433
228 446
229 337
229 342
229 347
229 411
229 449
230 265
230 272
230 275
230 286
230 288
230 299
230 300
230 320
230 420
230 441
231 242
231 243
231 248
231 295
231 302
231 304
231 316
231 324
231 329
231 334
231 380
231 397
231 432
231 442
232 236
232 261
232 277
232 317
232 346
232 381
232 406
233 333
233 365
233 398
234 252
234 257
234 272
234 291
234 332
234 339
234 367
234 381
234 383
234 417
234 428
235 252
235 283
235 311
235 320
235 372
235 406
236 250
236 257
236 286
236 383
236 422
236 457
237 244
237 290
237 307
238 239
238 260
238 424
238 433
238 450
239 297
239 320
239 340
239 359
239 365
239 429
239 454
240 242
240 295
240 335
240 344
240 355
240 411
240 425
241 296
241 349
241 356
241 386
241 430
241 447
242 243
242 254
242 274
242 292
242 316
242 337
243 258
243 332
243 378
243 381
243 392
243 399
243 413
243 430
243 441
244 248
244 251
244 263
244 305
244 310
244 319
244 391
245 273
245 301
245 321
245 437
245 439
246 290
246 351
246 380
246 400
246 447
247 258
247 264
247 287
247 326
247 343
247 387
248 257
248 261
248 281
248 309
248 320
248 332
248 376
248 413
248 451
249 301
249 306
249 361
249 362
249 371
249 384
250 279
250 299
250 305
250 357
250 401
251 455
252 267
252 277
252 280
252 298
252 301
252 322
252 340
252 410
253 259
253 275
253 367
253 424
253 426
253 435
253 453
254 300
254 307
254 357
254 394
255 424
255 458
256 311
257 297
257 368
257 389
258 276
258 365
259 331
259 369
259 379
259 396
259 403
259 412
259 446
260 351
260 359
260 406
260 435
260 438
261 275
261 280
261 287
261 351
261 369
262 267
262 294
262 311
262 352
262 397
262 407
262 427
262 453
262 457
263 298
263 353
263 392
264 284
264 336
264 384
264 450
265 293
265 299
266 269
266 291
266 340
267 273
267 275
267 295
267 425
267 435
268 277
268 330
268 358
268 431
269 298
269 317
269 335
269 362
269 429
270 295
270 305
270 313
270 331
270 337
271 306
271 330
271 358
271 388
271 429
272 274
272 288
272 306
272 328
272 344
272 395
272 416
272 457
273 289
273 319
273 352
273 375
274 295
274 332
274 450
275 279
276 287
276 355
276 385
276 423
277 323
277 372
277 378
277 404
278 288
278 295
278 353
278 355
278 418
278 437
278 441
278 446
278 455
279 340
279 363
279 383
279 441
279 456
280 285
280 294
280 305
280 342
281 290
281 303
281 311
281 378
281 426
281 447
282 338
282 339
283 361
283 413
284 332
284 365
284 370
284 397
285 287
285 293
285 297
285 306
285 337
285 349
285 351
285 414
285 444
285 450
285 452
286 400
286 402
287 303
287 305
287 333
287 341
287 384
287 389
287 396
287 417
287 440
288 324
288 393
288 440
289 304
289 331
289 420
290 306
290 310
292 368
292 395
293 330
293 393
294 328
294 401
295 298
295 341
295 358
295 385
295 388
295 434
296 311
296 319
296 325
296 340
296 351
296 386
296 450
297 298
297 379
297 437
298 318
298 328
298 344
298 369
298 404
298 451
298 454
298 458
299 403
300 310
300 458
301 395
302 350
303 352
303 404
303 426
304 314
304 366
304 372
305 358
306 318
306 326
306 368
306 382
306 387
306 395
306 433
307 333
307 345
307 363
307 369
307 398
307 409
307 416
307 451
308 309
309 327
309 330
309 349
309 372
310 343
310 398
311 411
311 438
312 317
312 325
312 334
312 341
312 349
312 364
312 445
313 317
313 325
313 362
313 427
314 315
314 341
314 363
314 373
314 382
314 385
314 435
315 324
315 404
315 406
315 428
315 440
316 325
316 367
316 370
317 371
317 378
317 386
317 436
317 458
318 334
318 364
318 450
319 322
319 394
319 430
320 392
320 444
321 347
321 350
321 365
321 442
321 459
322 334
322 345
322 350
323 374
323 406
324 332
324 344
324 432
325 388
325 410
325 421
326 335
326 370
327 360
327 398
328 375
328 415
328 451
329 423
330 349
330 364
330 382
330 413
330 432
330 447
330 457
331 345
331 378
331 415
334 364
335 359
335 401
335 458
336 360
336 383
337 360
337 417
338 400
338 413
339 341
339 407
339 410
339 421
339 430
341 350
341 373
341 444
342 444
343 345
343 349
343 378
343 386
343 402
343 419
343 425
344 389
344 402
344 421
344 424
344 436
344 441
344 458
344 459
346 352
346 368
346 372
346 384
347 369
347 410
348 433
349 350
349 432
350 391
350 430
351 370
352 368
352 435
352 454
353 368
353 392
353 403
353 408
353 442
353 444
354 385
354 433
355 363
355 430
358 399
358 400
358 436
359 361
359 376
359 378
359 389
359 443
360 386
361 385
361 401
362 365
362 379
362 456
362 459
363 381
365 366
365 413
365 425
366 370
366 413
366 425
367 371
368 426
368 459
369 425
370 375
372 383
372 396
372 407
373 382
373 430
374 420
375 398
375 458
376 387
378 456
380 417
380 425
381 387
381 409
381 444
383 420
383 434
383 443
385 440
385 448
388 410
388 437
388 445
388 448
389 394
389 427
391 447
391 458
392 412
393 414
393 452
394 398
394 412
395 437
395 444
395 452
396 409
397 455
398 401
398 408
399 417
400 424
401 424
405 455
408 446
412 438
413 419
413 420
413 459
423 440
426 449
426 457
427 443
432 436
433 437
433 455
437 439
437 452
437 455
437 456
443 450
446 453
447 456
