0 1
0 2
0 3
0 4
0 5
0 6
0 7
0 8
0 9
0 10
0 11
0 12
0 13
0 14
0 15
0 16
0 17
0 18
0 19
0 20
0 21
0 22
0 23
0 24
0 25
0 26
0 27
0 29
0 33
0 34
0 35
0 36
0 37
0 39
0 40
0 42
0 44
0 46
0 48
0 50
0 51
0 52
0 58
0 60
0 64
0 68
0 69
0 70
0 73
0 75
0 78
0 82
0 87
0 88
0 91
0 92
0 97
0 105
0 106
0 108
0 111
0 113
0 118
0 120
0 121
0 122
0 123
0 126
0 128
0 129
0 136
0 137
0 138
0 140
0 141
0 145
0 149
0 156
0 157
0 162
0 164
0 165
0 169
0 170
0 177
0 183
0 187
0 188
0 191
0 193
0 194
0 196
0 201
0 208
0 209
0 211
0 213
0 216
0 217
0 220
0 233
0 246
0 249
0 250
0 252
0 259
0 265
0 275
0 279
0 281
0 288
0 291
0 294
0 296
0 305
0 306
0 310
0 313
0 326
0 328
0 329
0 337
0 344
0 346
0 347
0 348
0 354
0 355
0 356
0 362
0 366
0 379
0 387
0 388
0 399
0 401
0 404
1 16
1 17
1 18
1 19
1 20
1 22
1 23
1 28
1 30
1 35
1 37
1 41
1 52
1 53
1 61
1 69
1 81
1 82
1 85
1 86
1 87
1 93
1 101
1 106
1 116
1 127
1 139
1 146
1 148
1 154
1 160
1 166
1 178
1 191
1 192
1 201
1 214
1 238
1 245
1 260
1 265
1 271
1 287
1 292
1 338
1 346
1 356
1 386
2 16
2 17
2 18
2 19
2 20
2 24
2 30
2 31
2 49
2 89
2 102
2 108
2 150
2 151
2 153
2 166
2 170
2 208
2 211
2 216
2 230
2 244
2 245
2 253
2 282
2 320
2 344
2 345
2 388
2 391
3 16
3 17
3 18
3 20
3 21
3 22
3 23
3 24
3 25
3 26
3 28
3 29
3 34
3 40
3 43
3 44
3 50
3 53
3 56
3 58
3 63
3 64
3 71
3 73
3 75
3 78
3 89
3 108
3 110
3 115
3 117
3 121
3 143
3 145
3 148
3 150
3 169
3 189
3 191
3 207
3 243
3 265
3 272
3 276
3 290
3 309
3 333
3 346
3 350
3 360
3 376
3 380
3 386
3 393
3 396
3 399
4 16
4 17
4 18
4 20
4 22
4 23
4 24
4 25
4 26
4 29
4 32
4 33
4 34
4 35
4 36
4 38
4 39
4 41
4 43
4 46
4 47
4 51
4 55
4 58
4 64
4 65
4 69
4 70
4 77
4 79
4 81
4 82
4 88
4 98
4 102
4 104
4 122
4 125
4 135
4 136
4 141
4 142
4 144
4 148
4 149
4 154
4 167
4 170
4 173
4 176
4 177
4 187
4 188
4 200
4 202
4 204
4 206
4 211
4 220
4 233
4 242
4 250
4 251
4 261
4 268
4 270
4 272
4 279
4 284
4 300
4 311
4 313
4 332
4 339
4 341
4 342
4 348
4 355
4 356
4 363
4 365
4 375
4 376
4 387
4 389
4 391
4 406
5 16
5 17
5 18
5 19
5 20
5 21
5 22
5 23
5 26
5 27
5 30
5 34
5 35
5 36
5 37
5 39
5 40
5 42
5 50
5 57
5 60
5 64
5 66
5 69
5 81
5 86
5 87
5 92
5 96
5 103
5 113
5 114
5 126
5 129
5 157
5 167
5 175
5 181
5 187
5 195
5 197
5 198
5 210
5 217
5 224
5 229
5 251
5 252
5 265
5 277
5 291
5 292
5 294
5 302
5 333
5 358
5 368
5 371
5 401
6 16
6 17
6 19
6 21
6 22
6 24
6 25
6 26
6 28
6 29
6 32
6 45
6 46
6 48
6 49
6 52
6 59
6 61
6 67
6 80
6 95
6 111
6 114
6 118
6 122
6 126
6 135
6 148
6 173
6 191
6 220
6 228
6 230
6 250
6 257
6 283
6 305
6 312
6 314
6 345
6 371
6 388
6 402
7 16
7 17
7 18
7 19
7 20
7 21
7 22
7 25
7 26
7 31
7 32
7 50
7 56
7 57
7 58
7 63
7 75
7 82
7 104
7 118
7 131
7 133
7 147
7 152
7 162
7 179
7 204
7 210
7 212
7 219
7 226
7 229
7 248
7 259
7 263
7 275
7 320
7 327
7 341
7 383
7 389
7 394
8 16
8 17
8 18
8 19
8 21
8 22
8 27
8 41
8 45
8 47
8 51
8 56
8 73
8 100
8 119
8 120
8 123
8 136
8 152
8 157
8 169
8 171
8 198
8 200
8 208
8 220
8 233
8 254
8 284
8 328
8 340
8 343
8 356
8 357
8 375
8 382
9 16
9 17
9 18
9 19
9 22
9 23
9 25
9 26
9 28
9 34
9 35
9 37
9 38
9 39
9 43
9 45
9 48
9 52
9 55
9 57
9 65
9 67
9 68
9 76
9 87
9 88
9 95
9 106
9 109
9 123
9 130
9 140
9 157
9 171
9 182
9 186
9 193
9 194
9 197
9 210
9 225
9 250
9 264
9 279
9 281
9 284
9 290
9 300
9 309
9 323
9 325
9 336
9 349
9 359
9 377
9 382
9 385
9 394
10 16
10 17
10 18
10 19
10 20
10 27
10 31
10 37
10 38
10 45
10 49
10 53
10 58
10 59
10 63
10 66
10 95
10 98
10 110
10 116
10 119
10 127
10 141
10 152
10 156
10 158
10 162
10 167
10 177
10 193
10 212
10 222
10 239
10 260
10 277
10 309
10 331
10 336
10 341
10 353
11 16
11 17
11 20
11 21
11 23
11 24
11 26
11 27
11 28
11 33
11 34
11 35
11 36
11 37
11 38
11 39
11 43
11 48
11 51
11 53
11 55
11 57
11 58
11 61
11 64
11 74
11 80
11 83
11 94
11 98
11 100
11 102
11 116
11 122
11 141
11 155
11 157
11 164
11 171
11 173
11 188
11 191
11 196
11 215
11 227
11 250
11 252
11 282
11 291
11 297
11 300
11 302
11 307
11 338
11 350
11 369
11 385
11 393
12 16
12 18
12 21
12 23
12 24
12 25
12 28
12 29
12 38
12 39
12 46
12 67
12 77
12 78
12 82
12 101
12 114
12 121
12 128
12 148
12 168
12 183
12 213
12 229
12 286
12 300
12 343
12 344
12 384
12 390
12 405
13 16
13 17
13 18
13 19
13 20
13 21
13 22
13 24
13 26
13 27
13 36
13 41
13 48
13 52
13 54
13 55
13 58
13 60
13 66
13 72
13 83
13 84
13 91
13 97
13 98
13 100
13 103
13 104
13 107
13 113
13 122
13 124
13 126
13 130
13 133
13 135
13 136
13 140
13 146
13 158
13 172
13 174
13 176
13 181
13 182
13 186
13 194
13 200
13 201
13 205
13 211
13 218
13 226
13 228
13 240
13 252
13 259
13 262
13 263
13 264
13 273
13 274
13 279
13 283
13 289
13 296
13 317
13 319
13 324
13 326
13 328
13 335
13 347
13 372
13 373
13 381
13 394
13 398
13 405
14 19
14 20
14 30
14 47
14 50
14 74
14 96
14 108
14 127
14 158
14 162
14 166
14 188
14 198
14 199
14 281
14 294
14 325
14 332
14 373
15 16
15 17
15 18
15 19
15 21
15 22
15 23
15 25
15 29
15 30
15 32
15 33
15 35
15 37
15 38
15 40
15 43
15 47
15 50
15 53
15 55
15 57
15 61
15 65
15 68
15 70
15 73
15 82
15 84
15 89
15 94
15 104
15 106
15 110
15 115
15 117
15 119
15 120
15 126
15 135
15 138
15 142
15 152
15 153
15 154
15 161
15 162
15 167
15 168
15 169
15 185
15 186
15 195
15 196
15 210
15 226
15 234
15 236
15 245
15 249
15 250
15 258
15 278
15 288
15 291
15 311
15 350
15 368
15 371
15 381
15 385
15 387
15 399
16 17
16 18
16 19
16 20
16 21
16 22
16 23
16 24
16 25
16 26
16 27
16 28
16 29
16 32
16 33
16 36
16 38
16 39
16 40
16 41
16 42
16 46
16 49
16 50
16 51
16 52
16 53
16 54
16 56
16 57
16 60
16 61
16 68
16 81
16 82
16 85
16 87
16 89
16 92
16 98
16 100
16 108
16 117
16 122
16 150
16 155
16 157
16 158
16 159
16 161
16 170
16 180
16 183
16 186
16 191
16 206
16 216
16 224
16 237
16 239
16 250
16 251
16 253
16 259
16 265
16 274
16 275
16 280
16 282
16 291
16 299
16 321
16 328
16 347
16 350
16 375
16 382
16 385
16 401
17 18
17 19
17 20
17 21
17 23
17 24
17 25
17 26
17 27
17 29
17 30
17 31
17 32
17 33
17 34
17 35
17 37
17 38
17 40
17 42
17 47
17 48
17 51
17 52
17 54
17 67
17 68
17 69
17 72
17 73
17 74
17 76
17 81
17 82
17 84
17 85
17 87
17 95
17 99
17 102
17 106
17 109
17 112
17 113
17 117
17 119
17 121
17 129
17 133
17 135
17 147
17 149
17 151
17 153
17 156
17 159
17 160
17 161
17 164
17 173
17 180
17 184
17 194
17 200
17 212
17 226
17 227
17 234
17 236
17 262
17 266
17 276
17 277
17 280
17 289
17 295
17 309
17 322
17 326
17 328
17 340
17 366
17 369
17 394
17 399
18 19
18 20
18 21
18 23
18 24
18 25
18 27
18 28
18 29
18 30
18 31
18 32
18 33
18 34
18 35
18 39
18 41
18 42
18 44
18 45
18 46
18 47
18 49
18 53
18 55
18 59
18 60
18 62
18 65
18 66
18 68
18 69
18 70
18 71
18 75
18 76
18 78
18 82
18 83
18 86
18 87
18 92
18 93
18 94
18 99
18 102
18 109
18 118
18 121
18 124
18 128
18 130
18 134
18 138
18 139
18 141
18 149
18 164
18 167
18 171
18 174
18 176
18 177
18 184
18 189
18 197
18 198
18 199
18 205
18 207
18 212
18 214
18 216
18 220
18 223
18 227
18 231
18 232
18 238
18 247
18 251
18 253
18 254
18 256
18 258
18 259
18 266
18 271
18 284
18 285
18 287
18 304
18 312
18 314
18 319
18 330
18 336
18 348
18 365
18 372
18 378
18 389
18 394
19 20
19 21
19 22
19 23
19 24
19 26
19 30
19 31
19 32
19 37
19 39
19 40
19 41
19 45
19 47
19 50
19 54
19 62
19 69
19 71
19 77
19 79
19 80
19 83
19 89
19 90
19 91
19 92
19 95
19 100
19 101
19 103
19 107
19 110
19 111
19 116
19 119
19 121
19 123
19 124
19 129
19 130
19 138
19 140
19 142
19 148
19 151
19 155
19 161
19 174
19 182
19 186
19 188
19 191
19 203
19 217
19 228
19 233
19 239
19 254
19 257
19 259
19 273
19 277
19 292
19 294
19 303
19 312
19 317
19 322
19 326
19 336
19 342
19 344
19 345
19 350
19 380
19 385
19 390
19 397
20 21
20 22
20 23
20 24
20 25
20 27
20 28
20 29
20 30
20 32
20 33
20 35
20 36
20 37
20 38
20 39
20 41
20 42
20 43
20 45
20 48
20 49
20 56
20 57
20 58
20 60
20 61
20 62
20 66
20 67
20 71
20 74
20 83
20 85
20 88
20 91
20 93
20 94
20 95
20 109
20 111
20 112
20 115
20 121
20 124
20 125
20 130
20 131
20 133
20 135
20 138
20 140
20 147
20 149
20 160
20 166
20 176
20 186
20 187
20 199
20 203
20 208
20 209
20 231
20 237
20 238
20 240
20 241
20 242
20 243
20 244
20 259
20 263
20 265
20 271
20 276
20 278
20 287
20 295
20 298
20 311
20 318
20 323
20 361
20 389
20 391
21 22
21 24
21 25
21 26
21 27
21 28
21 29
21 30
21 31
21 36
21 42
21 43
21 44
21 46
21 47
21 49
21 51
21 53
21 54
21 60
21 61
21 62
21 64
21 66
21 70
21 73
21 74
21 78
21 80
21 84
21 88
21 96
21 101
21 105
21 107
21 108
21 114
21 115
21 118
21 121
21 124
21 125
21 128
21 131
21 132
21 136
21 142
21 145
21 149
21 150
21 151
21 153
21 156
21 160
21 163
21 165
21 171
21 175
21 176
21 177
21 178
21 182
21 183
21 192
21 198
21 209
21 222
21 233
21 234
21 235
21 243
21 246
21 248
21 253
21 258
21 264
21 265
21 268
21 271
21 274
21 276
21 282
21 283
21 285
21 287
21 290
21 292
21 309
21 311
21 317
21 320
21 323
21 325
21 326
21 335
21 342
21 344
21 345
21 351
21 354
21 355
21 359
21 367
21 369
21 378
21 381
21 390
21 396
21 403
21 405
22 23
22 25
22 26
22 27
22 28
22 30
22 31
22 32
22 33
22 35
22 36
22 37
22 38
22 43
22 44
22 45
22 50
22 51
22 53
22 62
22 68
22 74
22 79
22 80
22 81
22 84
22 96
22 98
22 102
22 104
22 105
22 108
22 114
22 117
22 119
22 123
22 126
22 131
22 143
22 147
22 150
22 151
22 152
22 155
22 156
22 159
22 167
22 174
22 176
22 182
22 186
22 190
22 199
22 201
22 238
22 240
22 243
22 247
22 286
22 296
22 305
22 318
22 319
22 320
22 321
22 323
22 327
22 328
22 331
22 342
22 348
22 349
22 352
22 361
22 369
22 373
22 389
22 400
23 24
23 25
23 27
23 29
23 31
23 32
23 34
23 36
23 37
23 38
23 39
23 40
23 45
23 47
23 51
23 67
23 68
23 70
23 71
23 72
23 73
23 74
23 76
23 85
23 86
23 87
23 88
23 93
23 95
23 101
23 110
23 116
23 124
23 131
23 132
23 133
23 144
23 149
23 150
23 151
23 156
23 158
23 161
23 166
23 170
23 174
23 185
23 193
23 205
23 206
23 214
23 218
23 225
23 226
23 228
23 230
23 239
23 240
23 254
23 257
23 264
23 275
23 281
23 285
23 286
23 300
23 308
23 329
23 336
23 337
23 339
23 350
23 352
23 364
23 379
24 27
24 28
24 29
24 30
24 31
24 33
24 34
24 39
24 40
24 41
24 42
24 44
24 46
24 50
24 52
24 53
24 54
24 56
24 57
24 62
24 63
24 65
24 70
24 75
24 77
24 79
24 80
24 82
24 84
24 86
24 90
24 91
24 94
24 97
24 103
24 106
24 110
24 113
24 115
24 116
24 128
24 131
24 137
24 153
24 155
24 157
24 160
24 161
24 170
24 179
24 183
24 186
24 188
24 190
24 194
24 196
24 201
24 204
24 211
24 215
24 221
24 222
24 228
24 240
24 248
24 264
24 268
24 274
24 294
24 301
24 308
24 310
24 322
24 329
24 331
24 351
24 352
24 366
24 374
24 377
24 383
24 392
24 396
24 402
25 26
25 28
25 29
25 30
25 32
25 33
25 35
25 37
25 41
25 42
25 43
25 44
25 45
25 46
25 48
25 49
25 50
25 51
25 52
25 55
25 56
25 65
25 73
25 77
25 83
25 86
25 89
25 91
25 93
25 96
25 97
25 104
25 105
25 108
25 110
25 114
25 123
25 141
25 142
25 148
25 149
25 151
25 158
25 159
25 162
25 168
25 177
25 179
25 181
25 204
25 205
25 211
25 235
25 238
25 242
25 244
25 245
25 248
25 266
25 267
25 269
25 275
25 319
25 321
25 338
25 350
25 353
25 360
25 363
25 366
25 374
25 378
25 380
25 388
25 390
25 397
25 398
25 404
26 27
26 28
26 29
26 30
26 31
26 35
26 40
26 41
26 43
26 47
26 48
26 49
26 50
26 54
26 57
26 58
26 61
26 69
26 73
26 78
26 79
26 92
26 97
26 98
26 102
26 107
26 126
26 129
26 131
26 150
26 165
26 172
26 181
26 182
26 184
26 187
26 194
26 197
26 198
26 200
26 204
26 215
26 224
26 229
26 234
26 258
26 268
26 271
26 273
26 274
26 286
26 289
26 301
26 315
26 321
26 336
26 339
26 352
26 355
26 388
26 405
26 406
27 28
27 31
27 32
27 33
27 34
27 36
27 40
27 42
27 45
27 46
27 49
27 59
27 60
27 61
27 63
27 65
27 66
27 70
27 73
27 78
27 81
27 87
27 89
27 93
27 96
27 100
27 104
27 106
27 115
27 118
27 124
27 125
27 127
27 140
27 143
27 145
27 149
27 150
27 163
27 165
27 168
27 169
27 184
27 190
27 192
27 195
27 202
27 203
27 204
27 221
27 227
27 228
27 249
27 257
27 267
27 277
27 309
27 314
27 319
27 340
27 348
27 354
27 394
27 397
27 405
28 31
28 32
28 33
28 34
28 44
28 48
28 52
28 56
28 66
28 76
28 78
28 81
28 91
28 92
28 93
28 96
28 103
28 107
28 114
28 138
28 139
28 158
28 177
28 193
28 196
28 202
28 215
28 219
28 233
28 244
28 249
28 253
28 274
28 299
28 301
28 322
28 332
28 338
28 364
28 398
28 402
29 30
29 31
29 33
29 34
29 35
29 36
29 38
29 39
29 42
29 43
29 44
29 47
29 48
29 51
29 54
29 55
29 56
29 61
29 62
29 64
29 66
29 67
29 68
29 70
29 71
29 72
29 76
29 83
29 89
29 96
29 100
29 105
29 106
29 117
29 122
29 126
29 129
29 130
29 135
29 136
29 143
29 144
29 147
29 151
29 155
29 156
29 179
29 180
29 182
29 192
29 208
29 210
29 216
29 217
29 220
29 222
29 224
29 225
29 230
29 236
29 240
29 241
29 249
29 255
29 256
29 258
29 261
29 271
29 277
29 285
29 287
29 302
29 312
29 314
29 327
29 339
29 340
29 406
30 31
30 33
30 36
30 37
30 41
30 58
30 60
30 65
30 67
30 70
30 71
30 72
30 74
30 76
30 81
30 84
30 93
30 98
30 99
30 102
30 105
30 132
30 134
30 150
30 153
30 164
30 173
30 179
30 182
30 186
30 190
30 231
30 262
30 293
30 313
30 316
30 317
30 329
30 335
30 339
30 350
30 394
30 400
31 32
31 34
31 36
31 46
31 49
31 50
31 51
31 56
31 57
31 62
31 64
31 65
31 66
31 77
31 78
31 94
31 99
31 107
31 109
31 119
31 134
31 151
31 169
31 184
31 189
31 197
31 201
31 205
31 210
31 222
31 234
31 245
31 246
31 251
31 253
31 287
31 293
31 299
31 307
31 336
31 346
31 365
31 406
32 34
32 40
32 42
32 46
32 48
32 52
32 55
32 56
32 57
32 60
32 73
32 75
32 76
32 77
32 79
32 85
32 94
32 96
32 98
32 104
32 109
32 112
32 116
32 123
32 155
32 157
32 161
32 163
32 171
32 172
32 175
32 192
32 199
32 235
32 236
32 239
32 241
32 247
32 252
32 272
32 283
32 300
32 310
32 312
32 331
32 334
32 337
32 351
32 368
32 381
32 399
32 403
33 38
33 41
33 43
33 44
33 45
33 54
33 56
33 58
33 61
33 66
33 71
33 75
33 77
33 81
33 85
33 89
33 90
33 108
33 111
33 112
33 115
33 119
33 120
33 154
33 155
33 160
33 161
33 162
33 164
33 165
33 167
33 169
33 173
33 176
33 177
33 185
33 200
33 209
33 216
33 219
33 221
33 227
33 236
33 238
33 241
33 254
33 257
33 295
33 317
33 347
33 351
33 352
33 353
33 364
33 372
33 388
33 390
33 397
33 402
33 405
34 35
34 36
34 39
34 40
34 42
34 43
34 45
34 47
34 57
34 64
34 70
34 72
34 77
34 88
34 90
34 91
34 111
34 114
34 116
34 118
34 143
34 153
34 157
34 168
34 173
34 178
34 180
34 187
34 194
34 232
34 233
34 235
34 239
34 257
34 274
34 276
34 285
34 312
34 320
34 330
34 391
34 398
35 37
35 38
35 39
35 41
35 44
35 46
35 47
35 53
35 54
35 59
35 62
35 69
35 70
35 72
35 84
35 85
35 86
35 88
35 92
35 97
35 103
35 109
35 113
35 114
35 119
35 133
35 147
35 152
35 156
35 165
35 181
35 182
35 192
35 202
35 212
35 213
35 218
35 221
35 223
35 241
35 245
35 260
35 265
35 266
35 277
35 281
35 297
35 299
35 300
35 306
35 313
35 315
35 321
35 349
35 356
35 360
35 392
35 397
35 400
36 42
36 53
36 54
36 59
36 60
36 61
36 71
36 74
36 75
36 84
36 86
36 90
36 92
36 95
36 98
36 99
36 104
36 115
36 117
36 125
36 130
36 132
36 135
36 138
36 143
36 145
36 157
36 162
36 163
36 167
36 169
36 185
36 210
36 213
36 221
36 223
36 228
36 239
36 246
36 255
36 270
36 277
36 283
36 304
36 306
36 316
36 322
36 348
36 378
36 380
36 386
36 404
37 38
37 40
37 45
37 59
37 63
37 74
37 76
37 80
37 83
37 84
37 88
37 91
37 94
37 101
37 109
37 120
37 132
37 143
37 155
37 159
37 162
37 169
37 173
37 174
37 177
37 183
37 190
37 218
37 229
37 231
37 246
37 261
37 270
37 272
37 296
37 300
37 302
37 325
37 330
37 333
37 343
37 344
37 346
37 356
37 359
37 389
37 391
37 404
38 41
38 49
38 54
38 55
38 57
38 59
38 63
38 64
38 75
38 77
38 79
38 80
38 85
38 86
38 89
38 112
38 114
38 116
38 119
38 120
38 123
38 127
38 128
38 131
38 132
38 134
38 136
38 137
38 148
38 154
38 155
38 168
38 199
38 208
38 218
38 219
38 223
38 226
38 229
38 234
38 245
38 249
38 257
38 261
38 291
38 294
38 301
38 325
38 329
38 339
38 354
38 364
38 370
38 389
39 40
39 43
39 44
39 49
39 54
39 59
39 63
39 66
39 77
39 78
39 90
39 98
39 107
39 112
39 133
39 138
39 141
39 146
39 147
39 154
39 156
39 191
39 193
39 199
39 213
39 227
39 237
39 257
39 258
39 260
39 279
39 281
39 285
39 295
39 314
39 323
39 327
39 331
39 337
39 398
40 42
40 43
40 48
40 49
40 54
40 55
40 58
40 59
40 63
40 73
40 74
40 77
40 79
40 86
40 94
40 101
40 107
40 110
40 115
40 116
40 117
40 130
40 132
40 137
40 143
40 148
40 158
40 159
40 162
40 163
40 170
40 176
40 178
40 184
40 190
40 227
40 237
40 264
40 284
40 315
40 316
40 328
40 330
40 337
40 358
40 359
40 365
40 372
40 381
40 386
40 388
41 44
41 45
41 50
41 57
41 62
41 64
41 67
41 72
41 78
41 91
41 92
41 93
41 97
41 105
41 110
41 128
41 143
41 151
41 189
41 193
41 237
41 267
41 268
41 273
41 280
41 286
41 301
41 336
41 348
41 355
41 365
41 366
42 44
42 46
42 57
42 58
42 63
42 65
42 70
42 75
42 76
42 78
42 95
42 99
42 101
42 104
42 106
42 110
42 113
42 128
42 132
42 140
42 143
42 160
42 162
42 173
42 176
42 178
42 179
42 189
42 197
42 203
42 206
42 211
42 217
42 227
42 232
42 234
42 235
42 242
42 245
42 254
42 256
42 275
42 278
42 289
42 297
42 346
42 350
42 353
42 362
42 363
42 376
42 386
42 402
43 44
43 47
43 48
43 55
43 61
43 62
43 69
43 71
43 76
43 82
43 87
43 107
43 111
43 122
43 123
43 128
43 140
43 152
43 159
43 174
43 198
43 220
43 230
43 237
43 238
43 247
43 251
43 259
43 271
43 278
43 280
43 318
43 328
43 329
43 348
43 351
43 359
43 367
43 372
44 52
44 56
44 60
44 62
44 64
44 69
44 83
44 89
44 102
44 112
44 116
44 154
44 160
44 162
44 194
44 199
44 216
44 234
44 236
44 251
44 267
44 271
44 273
44 319
44 324
44 349
44 355
44 365
44 393
44 399
45 46
45 49
45 51
45 54
45 55
45 59
45 60
45 62
45 67
45 68
45 73
45 78
45 80
45 100
45 103
45 104
45 111
45 115
45 119
45 122
45 124
45 129
45 131
45 134
45 138
45 140
45 145
45 151
45 161
45 186
45 192
45 195
45 197
45 199
45 200
45 203
45 209
45 212
45 213
45 216
45 217
45 222
45 224
45 227
45 229
45 238
45 240
45 241
45 243
45 244
45 256
45 257
45 282
45 295
45 296
45 305
45 312
45 313
45 317
45 319
45 358
45 394
45 402
46 47
46 50
46 53
46 59
46 64
46 69
46 74
46 78
46 79
46 80
46 89
46 90
46 93
46 97
46 102
46 127
46 142
46 158
46 169
46 196
46 199
46 202
46 207
46 232
46 244
46 260
46 261
46 263
46 265
46 275
46 290
46 297
46 298
46 303
46 338
46 342
46 354
46 370
46 398
46 404
47 48
47 51
47 52
47 53
47 56
47 58
47 59
47 67
47 71
47 72
47 76
47 88
47 93
47 95
47 100
47 103
47 112
47 120
47 124
47 125
47 128
47 140
47 164
47 168
47 184
47 189
47 195
47 196
47 243
47 246
47 254
47 258
47 268
47 271
47 275
47 277
47 280
47 285
47 289
47 296
47 298
47 306
47 322
47 335
47 336
47 343
47 365
47 373
47 391
48 51
48 52
48 61
48 63
48 64
48 65
48 75
48 84
48 89
48 91
48 94
48 110
48 113
48 125
48 133
48 142
48 152
48 179
48 181
48 184
48 197
48 200
48 213
48 215
48 240
48 242
48 271
48 282
48 287
48 295
48 321
48 326
48 354
48 406
49 64
49 66
49 68
49 71
49 72
49 76
49 80
49 84
49 90
49 93
49 100
49 110
49 135
49 137
49 149
49 152
49 167
49 174
49 183
49 186
49 194
49 203
49 238
49 247
49 251
49 261
49 262
49 263
49 268
49 276
49 286
49 289
49 297
49 299
49 303
49 317
49 319
49 322
49 325
49 340
49 342
49 343
49 354
49 355
49 360
49 367
49 384
49 391
49 398
49 401
50 65
50 67
50 75
50 109
50 123
50 124
50 136
50 144
50 165
50 167
50 170
50 179
50 185
50 199
50 207
50 243
50 303
50 322
50 331
50 387
50 403
51 52
51 55
51 56
51 66
51 67
51 68
51 79
51 82
51 86
51 90
51 96
51 97
51 98
51 99
51 101
51 102
51 113
51 120
51 129
51 131
51 164
51 173
51 175
51 180
51 183
51 185
51 193
51 204
51 216
51 218
51 220
51 228
51 232
51 241
51 246
51 289
51 294
51 298
51 299
51 302
51 313
51 319
51 322
51 334
51 335
51 341
51 368
51 392
51 401
52 53
52 55
52 58
52 65
52 75
52 79
52 83
52 86
52 88
52 90
52 99
52 105
52 129
52 131
52 137
52 139
52 140
52 156
52 159
52 163
52 165
52 171
52 182
52 193
52 215
52 217
52 235
52 241
52 260
52 275
52 276
52 293
52 312
52 317
52 334
52 374
52 388
52 394
52 395
52 398
52 401
52 403
53 60
53 62
53 63
53 65
53 67
53 68
53 71
53 85
53 88
53 96
53 113
53 138
53 139
53 144
53 153
53 172
53 173
53 175
53 178
53 188
53 205
53 218
53 219
53 246
53 248
53 264
53 266
53 270
53 273
53 283
53 288
53 300
53 307
53 339
53 345
53 354
53 368
53 369
53 374
53 375
53 400
54 66
54 70
54 77
54 83
54 85
54 87
54 101
54 103
54 116
54 124
54 126
54 134
54 135
54 139
54 142
54 144
54 145
54 167
54 175
54 196
54 206
54 214
54 239
54 247
54 248
54 289
54 294
54 308
54 311
54 383
54 386
54 390
55 75
55 81
55 83
55 99
55 112
55 122
55 130
55 132
55 138
55 156
55 164
55 196
55 203
55 208
55 217
55 220
55 227
55 233
55 242
55 312
55 336
55 347
55 371
56 59
56 76
56 95
56 105
56 116
56 124
56 137
56 147
56 148
56 243
56 251
56 259
56 288
56 291
56 297
56 300
56 317
56 337
56 342
56 367
56 368
56 370
56 379
56 381
56 383
57 60
57 63
57 65
57 73
57 74
57 79
57 81
57 82
57 99
57 105
57 107
57 108
57 113
57 117
57 123
57 125
57 137
57 139
57 163
57 181
57 192
57 206
57 227
57 231
57 265
57 270
57 275
57 279
57 288
57 289
57 291
57 293
57 318
57 378
57 391
58 59
58 61
58 69
58 72
58 79
58 127
58 128
58 134
58 144
58 171
58 180
58 183
58 189
58 195
58 213
58 214
58 217
58 220
58 262
58 267
58 313
58 318
58 388
58 395
58 405
58 406
59 63
59 67
59 69
59 70
59 72
59 73
59 83
59 86
59 115
59 121
59 124
59 137
59 140
59 145
59 147
59 154
59 168
59 169
59 209
59 231
59 241
59 242
59 254
59 256
59 257
59 270
59 273
59 279
59 292
59 295
59 305
59 312
59 320
59 329
59 342
59 362
59 393
59 403
59 404
60 63
60 91
60 92
60 101
60 109
60 136
60 150
60 158
60 159
60 163
60 201
60 210
60 222
60 235
60 260
60 262
60 266
60 274
60 277
60 302
60 311
60 332
60 339
60 351
60 357
60 361
60 372
60 382
60 395
61 62
61 69
61 71
61 72
61 76
61 77
61 89
61 90
61 91
61 107
61 118
61 119
61 120
61 145
61 146
61 149
61 155
61 171
61 253
61 292
61 298
61 305
61 324
61 340
61 341
61 373
61 393
62 87
62 111
62 117
62 125
62 130
62 133
62 136
62 139
62 157
62 168
62 191
62 226
62 236
62 247
62 249
62 259
62 268
62 293
62 310
62 312
62 316
62 327
62 336
62 368
62 374
62 376
62 380
62 390
62 398
63 68
63 79
63 80
63 81
63 99
63 101
63 122
63 133
63 134
63 139
63 148
63 159
63 161
63 185
63 189
63 196
63 203
63 260
63 315
63 335
63 345
63 353
63 393
64 72
64 81
64 82
64 97
64 106
64 131
64 142
64 145
64 146
64 188
64 190
64 194
64 195
64 198
64 231
64 234
64 246
64 272
64 281
64 286
64 287
64 299
64 301
64 307
64 319
64 329
64 337
64 400
64 403
65 88
65 90
65 91
65 93
65 102
65 103
65 104
65 120
65 127
65 154
65 175
65 200
65 204
65 221
65 236
65 262
65 279
65 312
65 325
65 332
65 356
65 375
66 87
66 94
66 102
66 104
66 111
66 148
66 160
66 174
66 181
66 225
66 226
66 230
66 267
66 280
66 287
66 332
66 360
66 361
67 68
67 89
67 90
67 97
67 99
67 103
67 110
67 115
67 122
67 132
67 140
67 141
67 143
67 146
67 160
67 174
67 186
67 201
67 221
67 244
67 248
67 254
67 256
67 289
67 340
67 361
68 71
68 72
68 74
68 78
68 80
68 87
68 90
68 97
68 111
68 119
68 122
68 135
68 142
68 155
68 178
68 183
68 187
68 190
68 192
68 212
68 215
68 218
68 231
68 235
68 247
68 251
68 254
68 288
68 327
68 330
68 335
68 344
68 345
68 397
69 74
69 92
69 106
69 125
69 136
69 145
69 190
69 244
69 284
69 289
69 313
69 353
70 80
70 84
70 86
70 98
70 106
70 125
70 142
70 148
70 150
70 164
70 179
70 207
70 234
70 244
70 255
70 264
70 268
70 283
70 285
70 299
70 302
70 320
70 337
70 359
71 82
71 84
71 86
71 88
71 92
71 108
71 113
71 120
71 126
71 128
71 132
71 178
71 179
71 182
71 187
71 195
71 197
71 219
71 223
71 245
71 252
71 260
71 266
71 268
71 276
71 279
71 285
71 293
71 303
71 372
71 380
71 384
71 398
72 84
72 87
72 88
72 90
72 94
72 99
72 102
72 107
72 116
72 117
72 127
72 133
72 136
72 139
72 144
72 147
72 162
72 168
72 176
72 191
72 198
72 219
72 237
72 238
72 251
72 256
72 266
72 275
72 277
72 278
72 281
72 287
72 296
72 330
72 342
72 351
72 358
72 369
72 394
72 401
73 92
73 95
73 96
73 100
73 114
73 124
73 130
73 140
73 163
73 185
73 192
73 215
73 216
73 254
73 259
73 260
73 270
73 273
73 280
73 284
73 298
73 301
73 307
73 316
73 323
73 326
73 335
73 357
73 359
73 379
74 75
74 91
74 93
74 96
74 136
74 150
74 157
74 164
74 174
74 179
74 227
74 229
74 244
74 248
74 249
74 280
74 310
74 317
74 321
74 334
74 337
74 370
74 377
74 388
75 77
75 79
75 81
75 94
75 99
75 103
75 113
75 120
75 127
75 161
75 170
75 177
75 179
75 194
75 200
75 228
75 251
75 256
75 274
75 283
75 290
75 308
75 314
75 384
76 85
76 101
76 126
76 128
76 133
76 146
76 156
76 171
76 172
76 178
76 183
76 191
76 196
76 205
76 213
76 251
76 267
76 314
76 315
76 385
76 390
76 396
77 80
77 105
77 132
77 141
77 146
77 147
77 196
77 197
77 214
77 246
77 252
77 253
77 277
77 307
77 327
78 85
78 98
78 105
78 142
78 184
78 190
78 222
78 224
78 266
78 268
78 282
78 315
78 364
78 391
79 83
79 85
79 107
79 131
79 165
79 170
79 181
79 185
79 211
79 225
79 255
79 258
79 262
79 263
79 291
79 293
79 308
79 331
79 338
79 364
79 365
79 404
80 93
80 94
80 105
80 127
80 129
80 134
80 156
80 172
80 238
80 269
80 272
80 273
80 296
80 313
80 404
81 85
81 94
81 96
81 100
81 109
81 112
81 117
81 137
81 152
81 168
81 222
81 236
81 261
81 264
81 306
81 310
81 311
81 330
81 341
81 361
81 369
81 401
82 83
82 100
82 101
82 113
82 121
82 129
82 131
82 145
82 151
82 153
82 171
82 172
82 178
82 208
82 215
82 222
82 243
82 266
82 291
82 301
82 314
82 325
82 332
82 343
82 345
82 346
82 384
82 393
83 95
83 118
83 119
83 160
83 171
83 181
83 188
83 192
83 195
83 210
83 225
83 279
83 325
83 363
83 393
84 135
84 147
84 157
84 180
84 204
84 207
84 230
84 253
84 360
84 406
85 100
85 101
85 105
85 106
85 109
85 118
85 139
85 175
85 178
85 232
85 233
85 243
85 248
85 262
85 297
85 324
85 333
85 340
85 345
85 349
85 377
85 379
85 395
85 396
86 110
86 111
86 112
86 113
86 123
86 137
86 165
86 176
86 211
86 216
86 229
86 266
86 305
86 308
86 366
86 373
86 396
87 97
87 98
87 106
87 108
87 111
87 114
87 121
87 130
87 157
87 159
87 180
87 188
87 200
87 220
87 225
87 237
87 239
87 262
87 288
87 323
87 351
87 361
87 373
87 395
87 404
88 97
88 111
88 124
88 142
88 197
88 214
88 217
88 222
88 243
88 248
88 285
88 302
88 303
88 307
88 321
88 346
88 354
88 358
89 130
89 141
89 151
89 163
89 180
89 242
89 252
89 255
89 272
89 289
89 304
89 355
89 391
90 92
90 96
90 99
90 100
90 103
90 108
90 121
90 125
90 129
90 154
90 172
90 175
90 184
90 189
90 214
90 258
90 261
90 264
90 288
90 303
90 306
90 316
90 332
90 360
90 362
90 372
91 95
91 104
91 107
91 111
91 114
91 118
91 121
91 248
91 249
91 267
91 268
91 281
91 311
91 340
91 357
91 380
91 386
92 97
92 102
92 103
92 107
92 118
92 123
92 148
92 149
92 168
92 169
92 180
92 181
92 185
92 192
92 193
92 198
92 216
92 217
92 227
92 237
92 252
92 269
92 273
92 275
92 288
92 306
92 331
92 340
92 364
92 369
92 380
92 400
93 110
93 114
93 117
93 129
93 135
93 147
93 170
93 196
93 212
93 221
93 247
93 262
93 274
93 276
93 304
93 323
93 353
93 357
93 402
93 404
94 95
94 115
94 127
94 136
94 154
94 162
94 177
94 190
94 202
94 215
94 236
94 284
94 287
94 292
94 311
94 318
94 349
94 403
95 106
95 132
95 135
95 137
95 153
95 154
95 155
95 157
95 168
95 174
95 188
95 189
95 193
95 197
95 202
95 210
95 256
95 258
95 272
95 295
95 309
95 329
95 356
96 128
96 150
96 186
96 198
96 240
96 288
96 315
96 316
96 319
96 326
96 386
97 108
97 109
97 117
97 119
97 126
97 138
97 158
97 175
97 203
97 215
97 232
97 262
97 273
97 281
97 304
97 309
97 341
97 387
97 397
98 108
98 109
98 116
98 121
98 146
98 224
98 283
98 293
98 294
98 303
98 335
98 364
99 120
99 125
99 154
99 155
99 169
99 172
99 190
99 221
99 226
99 229
99 230
99 286
99 306
99 364
99 371
99 381
99 403
100 103
100 131
100 138
100 139
100 143
100 201
100 218
100 222
100 224
100 235
100 259
100 265
100 298
100 347
100 355
100 359
101 104
101 112
101 123
101 125
101 148
101 152
101 165
101 168
101 173
101 176
101 185
101 189
101 195
101 196
101 209
101 224
101 229
101 234
101 237
101 249
101 252
101 258
101 273
101 277
101 283
101 284
101 288
101 301
101 328
101 339
101 354
101 400
102 105
102 112
102 122
102 154
102 192
102 237
102 238
102 295
102 320
102 326
102 336
102 366
103 112
103 145
103 156
103 160
103 162
103 165
103 172
103 197
103 214
103 215
103 218
103 226
103 233
103 246
103 250
103 259
103 299
103 300
103 328
103 334
103 382
104 114
104 117
104 133
104 138
104 153
104 200
104 220
104 304
104 383
104 397
105 109
105 115
105 118
105 134
105 144
105 159
105 176
105 179
105 184
105 210
105 223
105 237
105 245
105 302
105 310
105 320
105 333
105 360
106 118
106 122
106 126
106 129
106 146
106 161
106 166
106 187
106 200
106 217
106 221
106 232
106 267
106 294
106 303
106 309
106 321
106 335
106 349
106 360
106 391
106 392
107 128
107 141
107 146
107 177
107 193
107 196
107 201
107 218
107 270
107 304
107 311
107 334
108 141
108 150
108 165
108 170
108 175
108 194
108 210
108 225
108 240
108 253
108 276
108 278
108 290
108 333
108 338
108 365
108 399
109 120
109 126
109 146
109 195
109 222
109 248
109 284
109 291
109 353
110 112
110 127
110 142
110 146
110 158
110 187
110 210
110 286
110 304
110 348
110 376
110 383
110 400
111 118
111 146
111 151
111 156
111 236
111 331
111 357
111 400
112 115
112 126
112 144
112 153
112 173
112 177
112 206
112 213
112 242
112 246
112 270
112 275
112 277
112 350
112 351
112 357
112 370
112 391
113 172
113 215
113 225
113 259
113 297
113 302
113 336
113 343
113 349
113 368
113 371
113 386
114 125
114 132
114 139
114 152
114 153
114 163
114 181
114 204
114 207
114 280
114 298
114 299
114 323
115 177
115 242
115 316
115 343
115 350
115 385
115 404
116 136
116 150
116 180
116 183
116 201
116 207
116 250
116 271
116 273
116 290
116 291
116 316
116 326
116 345
116 360
116 368
116 382
116 402
117 137
117 185
117 192
117 200
117 224
117 255
117 290
117 296
117 313
117 320
117 326
117 353
117 370
117 379
117 392
118 120
118 153
118 187
118 204
118 215
118 238
118 240
118 256
118 323
118 325
118 352
119 121
119 129
119 139
119 143
119 235
119 323
120 132
120 134
120 175
120 218
120 256
120 324
120 326
120 345
120 379
121 127
121 134
121 144
121 147
121 160
121 161
121 188
121 227
121 292
121 314
121 315
121 320
121 377
121 381
121 386
122 123
122 127
122 146
122 149
122 154
122 192
122 199
122 227
122 228
122 267
122 269
122 301
122 303
122 325
122 334
122 342
122 344
122 353
123 174
123 180
123 181
123 204
123 220
123 276
123 301
123 325
123 335
124 151
124 158
124 195
124 207
124 221
124 266
124 298
124 302
124 324
124 328
124 369
124 380
125 194
125 205
125 240
125 263
125 315
125 324
125 336
125 373
126 134
126 141
126 164
126 201
126 202
126 204
126 236
126 256
126 261
126 267
126 311
126 323
126 359
126 367
127 130
127 137
127 142
127 149
127 163
127 189
127 203
127 206
127 223
127 255
127 257
127 263
127 292
127 306
127 346
127 367
127 369
127 382
128 137
128 143
128 144
128 177
128 205
128 284
128 297
128 307
128 323
128 326
128 342
128 367
129 130
129 133
129 134
129 135
129 153
129 166
129 167
129 182
129 218
129 219
129 229
129 232
129 237
129 257
129 266
129 273
129 285
129 304
129 313
129 314
129 321
129 339
129 356
129 371
129 384
129 401
130 168
130 188
130 199
130 202
130 209
130 214
130 219
130 239
130 240
130 257
130 269
130 279
130 293
130 299
130 318
130 324
130 397
130 400
131 133
131 134
131 138
131 140
131 144
131 152
131 249
131 347
131 375
131 377
131 389
131 402
132 176
132 202
132 225
132 250
132 310
132 338
132 367
133 144
133 160
133 167
133 199
133 205
133 210
133 235
133 236
133 245
133 267
133 272
133 281
133 362
133 370
134 143
134 147
134 160
134 209
134 213
134 235
134 241
134 308
134 367
134 395
135 187
135 207
135 247
135 272
135 283
135 286
135 361
135 367
135 374
136 158
136 166
136 167
136 173
136 190
136 193
136 197
136 205
136 252
136 278
136 306
136 324
136 327
136 358
136 363
136 372
136 385
137 149
137 164
137 170
137 172
137 211
137 260
137 279
137 280
137 298
137 362
137 370
137 379
138 139
138 141
138 163
138 179
138 185
138 206
138 209
138 212
138 250
138 261
138 376
138 401
139 145
139 161
139 166
139 207
139 226
139 304
139 370
139 396
140 141
140 169
140 172
140 180
140 184
140 193
140 205
140 229
140 233
140 243
140 255
140 266
140 330
140 384
140 395
140 405
141 164
141 166
141 184
141 190
141 210
141 240
141 263
141 283
141 296
141 342
141 380
141 384
141 392
141 402
142 145
142 230
142 233
142 300
142 318
142 349
142 360
142 362
142 387
143 144
143 152
143 158
143 166
143 172
143 195
143 204
143 220
143 232
143 284
143 285
143 289
143 337
143 349
143 358
143 364
143 377
143 384
143 389
144 166
144 198
144 202
144 214
144 220
144 222
144 272
144 289
144 291
144 340
144 341
144 352
144 356
145 155
145 159
145 169
145 171
145 203
145 242
145 278
145 322
145 342
145 362
145 371
145 374
146 152
146 159
146 185
146 205
146 206
146 209
146 223
146 244
146 299
146 366
146 373
147 165
147 208
147 216
147 230
147 233
147 272
147 292
147 295
147 297
147 299
147 303
147 308
147 344
147 352
147 378
147 380
148 163
148 165
148 184
148 223
148 242
148 246
148 269
148 281
148 293
148 349
148 352
148 357
148 364
148 385
148 397
149 171
149 208
149 219
149 230
149 236
149 254
149 266
149 269
149 332
149 357
149 361
149 366
149 375
149 376
150 182
150 191
150 195
150 201
150 237
150 278
150 293
150 318
150 322
150 354
150 371
150 394
150 395
151 166
151 167
151 170
151 171
151 182
151 187
151 189
151 209
151 226
151 237
151 264
151 288
151 291
151 298
151 308
151 338
151 352
151 363
151 369
151 377
152 159
152 163
152 179
152 182
152 263
152 279
152 296
152 302
152 307
152 310
152 322
152 326
152 360
152 379
152 380
152 406
153 170
153 205
153 212
153 221
153 223
153 235
153 245
153 263
153 321
153 324
153 374
153 379
153 395
153 403
154 183
154 203
154 219
154 232
154 247
154 258
154 269
154 270
154 276
154 312
155 188
155 209
155 219
155 223
155 247
155 260
155 276
155 316
155 333
155 341
155 346
155 385
155 406
156 178
156 206
156 216
156 230
156 232
156 250
156 252
156 262
156 265
156 278
156 295
156 320
156 392
157 206
157 207
157 221
157 231
157 301
157 329
157 340
157 350
157 390
158 191
158 201
158 225
158 239
158 279
158 341
159 161
159 164
159 174
159 175
159 178
159 180
159 198
159 203
159 212
159 281
159 290
159 309
159 403
160 166
160 184
160 258
160 265
160 282
160 286
160 341
161 175
161 204
161 214
161 224
161 225
161 228
161 246
161 278
161 306
161 310
161 328
161 343
161 354
162 172
162 174
162 178
162 194
162 202
162 215
162 234
162 235
162 270
162 285
162 306
162 308
163 166
163 208
163 241
163 242
163 252
163 280
163 283
163 347
163 362
163 387
164 202
164 208
164 214
164 296
164 300
164 303
164 312
164 341
164 381
165 183
165 187
165 203
165 206
165 243
165 274
165 283
165 334
165 335
165 384
166 208
166 268
166 269
166 272
166 292
166 340
167 175
167 178
167 181
167 203
167 228
167 244
167 251
167 315
167 331
167 354
167 374
168 173
168 211
168 219
168 225
168 247
168 257
168 286
168 315
168 322
168 333
168 341
168 358
168 390
168 392
168 406
169 193
169 208
169 224
169 239
169 241
169 259
169 318
169 330
169 332
169 405
170 191
170 223
170 265
170 275
170 287
170 300
170 324
170 337
170 346
170 361
170 370
170 371
170 375
170 395
171 187
171 206
171 233
171 278
171 280
171 308
171 393
172 180
172 189
172 194
172 226
172 231
172 234
172 239
172 248
172 269
172 274
172 276
172 345
172 373
173 176
173 211
173 217
173 225
173 229
173 230
173 235
173 269
173 274
173 286
173 307
173 310
173 319
173 327
173 359
173 361
174 181
174 185
174 191
174 198
174 206
174 213
174 254
174 263
174 317
174 348
174 349
174 376
175 213
175 296
176 200
176 213
176 295
176 362
176 379
176 399
177 209
177 255
177 343
177 381
177 398
178 205
178 234
178 239
178 255
178 275
178 295
178 376
178 394
178 397
179 213
179 218
179 225
179 250
179 280
179 303
179 327
179 339
179 393
180 189
180 207
180 214
180 229
180 345
180 358
180 374
180 380
180 382
180 383
181 183
181 186
181 202
181 212
181 311
181 316
181 338
181 361
181 366
181 384
182 197
182 260
182 274
182 383
183 212
183 221
183 267
183 301
183 306
183 308
183 369
183 370
183 404
184 190
184 226
184 262
185 186
185 188
185 202
185 236
185 294
185 339
186 244
186 296
186 305
186 320
186 356
186 385
187 281
187 351
187 369
187 391
187 392
188 247
188 255
189 245
189 293
189 324
189 343
189 364
189 385
189 390
190 195
190 232
190 234
190 249
190 261
190 263
191 198
191 224
191 265
191 318
191 321
191 334
191 351
191 355
191 384
191 406
192 201
192 228
192 274
192 334
192 346
192 357
192 363
192 391
193 199
193 211
193 261
193 271
193 278
193 291
193 297
193 329
193 332
193 334
193 338
193 341
193 389
193 396
193 404
194 221
194 253
194 270
194 283
194 295
194 297
194 359
194 374
195 223
195 282
195 317
195 371
195 399
196 209
196 318
196 387
196 393
197 231
197 327
197 334
197 353
197 395
198 231
198 253
198 256
198 279
198 324
199 311
199 318
199 396
200 207
200 258
200 262
200 269
200 276
200 305
200 306
200 330
200 402
201 228
201 238
201 310
201 313
201 325
201 358
201 366
201 374
201 387
201 393
202 207
202 211
202 212
202 298
202 329
203 217
203 334
203 353
203 355
204 208
204 211
204 212
204 241
204 243
204 282
204 288
204 289
204 290
204 302
204 319
204 325
204 397
205 361
205 398
206 214
206 223
206 285
206 292
207 254
207 258
207 302
207 320
207 372
207 375
207 378
207 382
207 399
208 216
208 222
208 307
208 308
208 317
208 327
208 350
208 373
208 375
208 381
209 308
209 362
209 363
209 376
209 389
210 224
210 231
210 232
210 253
210 270
210 284
210 285
210 287
210 333
210 367
210 368
210 387
210 393
210 403
211 244
211 293
211 298
211 305
211 392
212 249
212 269
212 333
212 374
212 377
212 387
212 396
212 405
213 217
213 272
213 290
213 315
213 344
213 366
213 368
213 377
214 218
214 219
214 305
214 319
214 335
214 368
214 390
214 402
215 219
215 241
215 261
215 323
215 356
215 376
216 250
216 297
216 303
216 305
216 396
217 226
217 231
217 232
217 233
217 249
217 319
217 405
218 228
218 231
218 263
218 286
218 346
219 230
219 238
219 267
219 347
219 364
220 224
220 269
220 331
220 347
221 223
221 242
221 256
221 331
221 357
221 365
221 375
221 376
222 253
222 386
223 242
223 257
223 263
223 282
224 230
224 321
225 248
225 255
225 270
225 301
225 313
225 339
225 361
225 363
226 241
226 312
226 365
226 380
226 402
227 298
227 304
227 322
227 337
227 352
227 357
227 369
228 240
228 248
228 282
228 299
229 246
229 264
229 345
229 375
229 394
230 309
230 334
230 335
230 390
230 392
230 396
231 268
231 293
231 332
231 355
232 254
232 278
232 292
232 316
232 382
233 299
233 336
233 403
234 292
235 239
235 243
235 293
235 297
235 307
235 345
235 358
235 383
236 245
236 278
236 348
237 244
237 255
237 309
237 372
237 384
238 245
238 252
238 277
238 284
238 368
239 261
239 268
239 287
239 290
239 328
239 371
239 384
239 401
240 250
240 314
241 392
242 252
242 255
242 270
242 315
242 329
242 338
242 340
242 393
243 267
243 307
243 317
243 338
243 348
243 392
243 405
244 253
244 280
244 290
245 256
245 260
245 360
245 377
245 402
246 247
246 255
246 358
247 251
247 288
247 307
247 332
247 349
248 249
248 352
248 362
249 261
249 292
249 305
249 314
249 365
250 273
250 305
250 316
250 358
250 385
250 387
250 389
251 328
251 332
251 333
252 260
252 272
252 343
252 356
252 367
252 371
252 392
253 269
253 288
253 303
253 304
253 351
253 352
253 368
253 383
253 394
254 271
254 287
254 314
254 318
254 398
255 264
255 300
255 329
255 365
255 395
255 397
256 282
256 352
256 363
257 271
257 307
257 309
257 321
257 376
258 280
258 290
258 338
258 363
258 378
258 395
259 310
259 366
260 264
261 281
261 317
261 332
261 368
261 395
262 264
262 333
262 346
262 347
262 363
262 378
262 396
263 306
263 396
263 401
264 313
264 349
264 382
264 389
265 304
265 305
265 315
265 374
266 314
267 394
268 342
268 359
269 271
269 284
269 304
269 316
269 342
269 378
269 385
270 295
270 347
270 376
271 282
272 310
272 330
272 340
272 365
272 367
272 377
273 297
273 330
273 361
273 399
274 375
275 406
276 294
276 351
277 282
277 343
277 344
277 352
277 356
277 378
277 383
277 387
278 386
278 400
279 357
280 302
280 338
281 343
282 347
282 357
282 382
282 386
283 286
283 324
283 351
283 376
284 346
284 371
285 294
285 298
285 311
285 326
285 356
285 390
286 290
287 309
287 316
287 348
287 364
287 367
288 320
289 330
289 383
290 294
290 296
290 362
291 309
291 325
291 327
292 314
292 327
292 330
292 343
292 347
292 377
292 381
293 294
293 355
293 375
293 400
295 383
296 389
297 337
298 301
298 304
299 330
299 359
299 387
300 331
301 355
301 358
301 363
301 379
301 384
302 318
302 388
303 354
303 403
304 313
304 360
304 372
305 315
305 333
305 339
305 399
306 311
306 396
306 404
307 308
307 310
307 324
308 322
308 323
308 373
309 362
309 367
310 328
310 331
310 397
311 350
311 373
312 344
312 381
313 403
314 321
314 364
316 386
316 400
317 359
317 362
317 369
319 373
320 327
320 339
320 344
320 353
320 379
321 333
322 341
323 334
324 378
327 337
327 382
327 383
328 329
328 333
328 335
328 388
329 331
329 350
329 353
329 365
329 378
330 358
331 401
332 381
333 337
333 344
333 348
333 353
333 371
333 405
334 390
335 363
335 393
336 354
336 366
337 349
337 370
337 372
338 374
338 400
339 372
341 386
342 344
342 348
342 355
342 370
343 347
343 379
344 357
344 387
344 395
345 360
345 383
347 377
347 380
347 391
348 359
350 351
350 381
350 388
352 370
352 379
352 382
353 388
354 377
355 363
356 375
359 401
360 366
363 373
365 398
365 399
367 370
367 378
368 382
369 406
370 372
372 378
372 389
373 403
374 399
378 399
378 402
378 405
379 397
381 404
383 392
383 400
384 385
384 388
384 405
384 406
396 398
400 401
403 406
