0 1
0 2
0 3
0 4
0 5
0 6
0 7
0 8
0 9
0 10
0 11
0 12
0 13
0 14
0 15
0 16
0 17
0 18
0 19
0 20
0 21
0 22
0 23
0 25
0 26
0 27
0 28
0 29
0 31
0 32
0 33
0 34
0 35
0 36
0 38
0 39
0 40
0 42
0 44
0 45
0 46
0 47
0 48
0 51
0 55
0 56
0 58
0 59
0 60
0 67
0 68
0 69
0 70
0 71
0 73
0 82
0 86
0 87
0 89
0 91
0 92
0 95
0 96
0 105
0 116
0 120
0 128
0 129
0 136
0 137
0 141
0 146
0 150
0 151
0 152
0 153
0 156
0 163
0 175
0 188
0 192
0 203
0 210
0 216
0 218
0 219
0 228
0 239
0 247
0 257
0 267
0 272
0 273
0 280
0 286
0 313
0 329
0 347
0 349
0 355
0 409
0 411
0 414
0 418
0 421
0 423
1 16
1 17
1 19
1 20
1 24
1 25
1 26
1 30
1 34
1 36
1 37
1 41
1 43
1 45
1 48
1 58
1 69
1 78
1 98
1 117
1 127
1 129
1 132
1 141
1 154
1 155
1 162
1 169
1 196
1 217
1 229
1 260
1 278
1 327
1 335
1 342
1 350
1 369
1 381
1 386
1 391
2 16
2 17
2 18
2 19
2 23
2 24
2 25
2 26
2 28
2 29
2 38
2 48
2 49
2 62
2 71
2 72
2 81
2 94
2 100
2 105
2 114
2 117
2 121
2 136
2 139
2 142
2 144
2 147
2 148
2 150
2 153
2 156
2 167
2 172
2 182
2 194
2 197
2 211
2 214
2 219
2 228
2 239
2 276
2 285
2 302
2 304
2 329
2 332
2 339
2 345
2 349
2 350
2 359
2 363
2 371
2 375
2 381
2 397
2 400
2 414
2 415
2 429
3 16
3 17
3 18
3 20
3 21
3 26
3 27
3 29
3 30
3 31
3 32
3 39
3 41
3 43
3 46
3 53
3 58
3 63
3 74
3 80
3 93
3 95
3 99
3 101
3 102
3 113
3 120
3 121
3 126
3 138
3 153
3 175
3 180
3 186
3 193
3 202
3 206
3 210
3 216
3 227
3 251
3 297
3 308
3 315
3 316
3 317
3 330
3 355
3 420
3 422
3 427
4 16
4 17
4 18
4 19
4 20
4 21
4 23
4 24
4 25
4 28
4 33
4 35
4 36
4 40
4 41
4 43
4 46
4 50
4 53
4 60
4 61
4 66
4 67
4 68
4 75
4 76
4 80
4 87
4 88
4 93
4 97
4 105
4 108
4 109
4 117
4 131
4 148
4 150
4 155
4 159
4 178
4 182
4 186
4 201
4 205
4 212
4 217
4 230
4 243
4 247
4 259
4 270
4 295
4 303
4 336
4 357
5 16
5 18
5 19
5 20
5 22
5 23
5 24
5 32
5 34
5 36
5 37
5 41
5 48
5 70
5 77
5 85
5 86
5 95
5 97
5 111
5 118
5 135
5 140
5 145
5 151
5 155
5 156
5 190
5 202
5 214
5 221
5 304
5 317
5 322
5 325
5 375
5 387
5 425
6 16
6 17
6 18
6 19
6 21
6 22
6 23
6 25
6 27
6 28
6 32
6 34
6 39
6 40
6 43
6 46
6 48
6 51
6 54
6 56
6 61
6 62
6 64
6 66
6 68
6 73
6 84
6 92
6 107
6 111
6 114
6 118
6 121
6 133
6 134
6 137
6 142
6 164
6 171
6 180
6 197
6 207
6 208
6 211
6 213
6 223
6 234
6 236
6 237
6 241
6 262
6 270
6 282
6 286
6 292
6 297
6 304
6 328
6 338
6 340
6 363
6 364
6 381
6 389
6 398
6 427
6 429
7 16
7 17
7 18
7 19
7 21
7 28
7 29
7 34
7 35
7 37
7 41
7 45
7 47
7 55
7 68
7 69
7 85
7 89
7 92
7 101
7 103
7 109
7 110
7 111
7 124
7 125
7 153
7 164
7 217
7 218
7 229
7 244
7 249
7 264
7 282
7 290
7 293
7 358
7 375
7 383
7 394
7 421
8 16
8 17
8 18
8 19
8 20
8 21
8 22
8 23
8 24
8 25
8 31
8 33
8 38
8 39
8 46
8 47
8 50
8 53
8 56
8 60
8 61
8 71
8 73
8 76
8 79
8 88
8 93
8 98
8 104
8 107
8 112
8 118
8 119
8 122
8 134
8 135
8 154
8 156
8 158
8 159
8 168
8 173
8 177
8 181
8 183
8 186
8 195
8 200
8 201
8 209
8 212
8 213
8 222
8 223
8 229
8 250
8 256
8 259
8 268
8 276
8 277
8 301
8 303
8 341
8 343
8 347
8 354
8 365
8 398
8 421
8 426
8 428
9 16
9 17
9 18
9 20
9 21
9 22
9 27
9 29
9 30
9 33
9 34
9 50
9 51
9 52
9 55
9 58
9 59
9 63
9 64
9 68
9 70
9 71
9 73
9 78
9 82
9 84
9 90
9 91
9 111
9 114
9 122
9 127
9 129
9 138
9 158
9 159
9 164
9 167
9 179
9 198
9 203
9 213
9 219
9 230
9 239
9 241
9 249
9 252
9 283
9 290
9 300
9 333
9 349
9 356
9 358
9 366
9 368
9 377
9 392
9 417
10 16
10 17
10 18
10 20
10 23
10 24
10 25
10 30
10 44
10 45
10 46
10 61
10 100
10 141
10 179
10 205
10 221
10 239
10 247
10 262
10 272
10 323
10 378
11 16
11 17
11 18
11 19
11 20
11 21
11 22
11 24
11 26
11 35
11 36
11 52
11 53
11 62
11 65
11 77
11 101
11 110
11 120
11 142
11 149
11 185
11 193
11 207
11 225
11 233
11 248
11 265
11 278
11 296
11 297
11 298
11 304
11 307
11 313
11 375
11 376
11 390
12 16
12 17
12 18
12 19
12 20
12 22
12 23
12 24
12 27
12 32
12 41
12 43
12 48
12 49
12 63
12 82
12 95
12 120
12 121
12 122
12 124
12 134
12 152
12 158
12 168
12 185
12 215
12 231
12 292
12 295
12 318
12 320
12 325
12 351
12 361
12 364
12 381
12 401
12 411
13 16
13 17
13 18
13 19
13 20
13 21
13 22
13 23
13 24
13 25
13 27
13 28
13 30
13 31
13 33
13 36
13 39
13 48
13 52
13 54
13 56
13 60
13 68
13 79
13 83
13 85
13 100
13 105
13 106
13 111
13 119
13 128
13 148
13 160
13 170
13 176
13 187
13 198
13 207
13 212
13 215
13 230
13 237
13 239
13 250
13 274
13 276
13 278
13 285
13 300
13 338
13 350
13 354
13 367
13 376
13 383
13 387
13 415
13 426
14 16
14 17
14 19
14 22
14 27
14 37
14 38
14 39
14 51
14 65
14 83
14 92
14 97
14 106
14 139
14 177
14 192
14 236
14 263
14 275
14 279
14 281
14 341
14 360
14 426
15 21
15 173
15 348
16 17
16 18
16 19
16 20
16 21
16 22
16 23
16 24
16 25
16 26
16 27
16 28
16 29
16 30
16 31
16 32
16 34
16 35
16 36
16 38
16 39
16 40
16 41
16 42
16 45
16 47
16 48
16 49
16 50
16 51
16 52
16 53
16 54
16 58
16 68
16 70
16 71
16 72
16 73
16 74
16 75
16 79
16 83
16 85
16 87
16 88
16 89
16 91
16 92
16 93
16 94
16 96
16 101
16 105
16 110
16 114
16 115
16 116
16 118
16 123
16 126
16 129
16 130
16 138
16 139
16 143
16 145
16 146
16 149
16 154
16 156
16 158
16 159
16 162
16 174
16 179
16 182
16 186
16 188
16 190
16 191
16 192
16 200
16 206
16 213
16 214
16 215
16 222
16 223
16 227
16 232
16 234
16 235
16 237
16 239
16 247
16 259
16 264
16 269
16 271
16 277
16 278
16 279
16 287
16 291
16 292
16 297
16 298
16 307
16 312
16 320
16 321
16 325
16 330
16 345
16 346
16 347
16 351
16 352
16 357
16 363
16 364
16 365
16 373
16 379
16 389
16 390
16 391
16 398
16 399
16 401
16 404
16 405
16 406
16 408
16 409
16 412
16 418
16 423
16 424
16 425
17 18
17 19
17 20
17 21
17 22
17 23
17 24
17 26
17 27
17 28
17 29
17 30
17 31
17 32
17 33
17 34
17 35
17 38
17 40
17 44
17 49
17 60
17 61
17 65
17 77
17 90
17 95
17 98
17 99
17 101
17 104
17 106
17 107
17 119
17 121
17 123
17 127
17 133
17 143
17 145
17 148
17 150
17 153
17 167
17 168
17 169
17 171
17 175
17 180
17 190
17 191
17 192
17 194
17 201
17 203
17 205
17 208
17 212
17 217
17 226
17 234
17 235
17 237
17 243
17 244
17 247
17 249
17 252
17 253
17 257
17 263
17 279
17 280
17 282
17 284
17 314
17 320
17 331
17 342
17 354
17 359
17 368
17 390
18 19
18 20
18 21
18 22
18 24
18 25
18 26
18 27
18 28
18 29
18 30
18 31
18 33
18 35
18 36
18 37
18 41
18 42
18 43
18 47
18 52
18 56
18 59
18 60
18 62
18 63
18 64
18 65
18 66
18 67
18 69
18 70
18 71
18 73
18 74
18 75
18 76
18 77
18 86
18 87
18 91
18 94
18 98
18 100
18 105
18 109
18 110
18 111
18 112
18 113
18 117
18 118
18 129
18 131
18 132
18 133
18 134
18 135
18 136
18 137
18 143
18 147
18 156
18 157
18 163
18 171
18 184
18 185
18 192
18 193
18 197
18 201
18 205
18 206
18 212
18 214
18 222
18 226
18 235
18 243
18 246
18 252
18 258
18 260
18 261
18 266
18 283
18 285
18 291
18 292
18 302
18 303
18 306
18 307
18 312
18 314
18 315
18 326
18 332
18 336
18 343
18 349
18 357
18 364
18 368
18 373
18 383
18 384
18 386
18 393
18 401
18 403
18 408
18 409
18 412
18 416
18 422
18 423
19 20
19 21
19 22
19 23
19 26
19 27
19 28
19 29
19 31
19 32
19 33
19 34
19 35
19 36
19 37
19 38
19 39
19 43
19 45
19 46
19 49
19 50
19 52
19 54
19 55
19 57
19 61
19 62
19 63
19 64
19 65
19 66
19 67
19 72
19 76
19 78
19 79
19 84
19 85
19 94
19 100
19 104
19 105
19 108
19 123
19 129
19 131
19 132
19 138
19 146
19 151
19 152
19 161
19 162
19 163
19 164
19 173
19 174
19 175
19 206
19 210
19 212
19 220
19 224
19 225
19 235
19 240
19 244
19 255
19 262
19 265
19 269
19 280
19 284
19 286
19 289
19 304
19 306
19 308
19 312
19 313
19 316
19 321
19 323
19 325
19 327
19 332
19 340
19 345
19 360
19 372
19 389
19 396
19 397
19 426
20 21
20 22
20 23
20 24
20 25
20 26
20 28
20 30
20 32
20 33
20 39
20 42
20 44
20 46
20 48
20 49
20 51
20 52
20 54
20 65
20 66
20 68
20 70
20 73
20 77
20 80
20 83
20 87
20 91
20 94
20 101
20 102
20 103
20 104
20 111
20 113
20 114
20 122
20 128
20 131
20 133
20 135
20 137
20 139
20 143
20 145
20 149
20 160
20 177
20 184
20 194
20 197
20 204
20 206
20 212
20 222
20 227
20 229
20 230
20 238
20 243
20 248
20 249
20 255
20 261
20 269
20 270
20 274
20 286
20 289
20 291
20 322
20 327
20 331
20 332
20 341
20 353
20 387
20 388
20 397
20 414
20 420
21 22
21 23
21 25
21 26
21 27
21 29
21 30
21 31
21 32
21 33
21 35
21 37
21 39
21 40
21 42
21 43
21 44
21 45
21 47
21 51
21 52
21 53
21 55
21 58
21 67
21 71
21 72
21 74
21 75
21 77
21 82
21 84
21 85
21 90
21 91
21 96
21 97
21 106
21 107
21 110
21 112
21 118
21 124
21 125
21 127
21 131
21 135
21 138
21 143
21 147
21 161
21 166
21 174
21 181
21 187
21 189
21 211
21 212
21 218
21 234
21 235
21 245
21 247
21 250
21 260
21 264
21 276
21 279
21 304
21 307
21 312
21 322
21 324
21 325
21 332
21 333
21 344
21 374
21 376
21 392
21 397
21 410
21 412
21 418
21 426
22 23
22 24
22 25
22 26
22 27
22 28
22 29
22 30
22 31
22 32
22 33
22 34
22 35
22 36
22 38
22 39
22 41
22 43
22 44
22 45
22 47
22 50
22 54
22 56
22 58
22 59
22 61
22 64
22 67
22 72
22 73
22 74
22 75
22 79
22 83
22 86
22 88
22 93
22 94
22 103
22 104
22 106
22 111
22 112
22 119
22 121
22 125
22 126
22 128
22 131
22 135
22 139
22 140
22 142
22 149
22 157
22 158
22 160
22 164
22 165
22 171
22 172
22 182
22 186
22 195
22 197
22 199
22 204
22 206
22 209
22 221
22 225
22 226
22 227
22 230
22 232
22 237
22 239
22 241
22 254
22 260
22 269
22 270
22 279
22 284
22 286
22 287
22 288
22 292
22 299
22 305
22 309
22 315
22 319
22 335
22 344
22 346
22 354
22 371
22 372
22 382
22 388
22 394
22 407
22 426
22 427
23 24
23 25
23 26
23 28
23 30
23 31
23 37
23 38
23 39
23 42
23 44
23 47
23 48
23 49
23 50
23 54
23 55
23 56
23 59
23 62
23 63
23 64
23 70
23 77
23 78
23 79
23 82
23 85
23 87
23 89
23 96
23 97
23 99
23 100
23 103
23 105
23 108
23 121
23 122
23 124
23 125
23 128
23 132
23 137
23 140
23 143
23 149
23 156
23 157
23 159
23 164
23 165
23 185
23 186
23 193
23 204
23 206
23 211
23 231
23 238
23 248
23 256
23 263
23 265
23 277
23 278
23 279
23 284
23 297
23 300
23 306
23 309
23 311
23 312
23 318
23 322
23 323
23 325
23 328
23 332
23 337
23 341
23 343
23 344
23 346
23 348
23 350
23 354
23 358
23 372
23 382
23 396
23 398
23 404
23 407
23 425
23 427
24 25
24 26
24 27
24 29
24 32
24 34
24 35
24 41
24 42
24 47
24 52
24 59
24 61
24 62
24 68
24 69
24 81
24 87
24 98
24 99
24 102
24 108
24 111
24 122
24 128
24 129
24 138
24 142
24 147
24 161
24 166
24 176
24 180
24 181
24 184
24 186
24 188
24 202
24 203
24 207
24 209
24 212
24 232
24 246
24 273
24 295
24 298
24 311
24 312
24 320
24 330
24 344
24 348
24 351
24 368
24 379
24 386
24 392
24 394
24 399
24 406
24 420
24 424
25 26
25 27
25 29
25 31
25 32
25 33
25 34
25 37
25 38
25 40
25 41
25 42
25 44
25 47
25 49
25 50
25 51
25 53
25 54
25 55
25 56
25 57
25 61
25 62
25 65
25 74
25 78
25 85
25 90
25 91
25 97
25 110
25 112
25 115
25 119
25 120
25 125
25 129
25 133
25 157
25 162
25 163
25 169
25 173
25 174
25 180
25 181
25 183
25 186
25 187
25 192
25 196
25 209
25 210
25 225
25 228
25 241
25 261
25 272
25 278
25 282
25 296
25 310
25 315
25 323
25 327
25 329
25 333
25 336
25 356
25 358
25 361
25 374
25 377
25 380
25 384
25 388
25 393
25 394
25 403
25 407
25 411
25 428
26 28
26 29
26 30
26 34
26 36
26 37
26 39
26 41
26 43
26 49
26 50
26 51
26 57
26 62
26 63
26 65
26 67
26 69
26 71
26 74
26 76
26 78
26 81
26 82
26 95
26 96
26 99
26 101
26 102
26 105
26 112
26 114
26 115
26 122
26 127
26 136
26 138
26 157
26 161
26 162
26 163
26 174
26 179
26 182
26 183
26 188
26 192
26 198
26 207
26 208
26 210
26 230
26 234
26 239
26 243
26 248
26 255
26 261
26 295
26 329
26 339
26 348
26 362
26 369
26 376
26 380
26 382
26 392
26 393
26 412
26 413
27 28
27 29
27 31
27 33
27 35
27 38
27 40
27 45
27 46
27 51
27 54
27 55
27 62
27 75
27 79
27 86
27 87
27 116
27 124
27 130
27 132
27 138
27 139
27 156
27 159
27 165
27 180
27 182
27 190
27 191
27 199
27 219
27 250
27 255
27 256
27 284
27 291
27 292
27 294
27 316
27 322
27 324
27 325
27 329
27 340
27 344
27 361
27 363
27 366
27 426
28 30
28 31
28 35
28 36
28 38
28 40
28 42
28 46
28 49
28 50
28 58
28 59
28 67
28 72
28 74
28 78
28 79
28 80
28 81
28 89
28 92
28 108
28 118
28 134
28 136
28 141
28 146
28 165
28 167
28 173
28 181
28 186
28 189
28 190
28 205
28 219
28 232
28 238
28 244
28 280
28 294
28 301
28 308
28 321
28 362
28 365
28 367
28 369
28 373
29 30
29 31
29 32
29 33
29 38
29 42
29 43
29 44
29 54
29 57
29 60
29 61
29 62
29 63
29 64
29 65
29 68
29 70
29 74
29 75
29 80
29 81
29 82
29 86
29 87
29 90
29 91
29 93
29 94
29 108
29 110
29 116
29 118
29 120
29 121
29 123
29 124
29 125
29 126
29 138
29 141
29 142
29 143
29 144
29 148
29 149
29 156
29 158
29 161
29 163
29 169
29 171
29 172
29 173
29 177
29 180
29 193
29 197
29 200
29 201
29 211
29 213
29 216
29 220
29 223
29 241
29 242
29 246
29 248
29 251
29 255
29 261
29 262
29 265
29 271
29 273
29 277
29 308
29 314
29 323
29 334
29 356
29 357
29 362
29 382
29 386
29 395
29 397
29 404
29 407
29 418
29 429
30 32
30 35
30 36
30 37
30 40
30 42
30 44
30 51
30 53
30 54
30 55
30 81
30 84
30 91
30 99
30 102
30 104
30 113
30 117
30 131
30 140
30 143
30 147
30 155
30 167
30 169
30 171
30 201
30 203
30 209
30 211
30 213
30 217
30 225
30 238
30 240
30 247
30 249
30 258
30 268
30 283
30 292
30 295
30 297
30 298
30 321
30 335
30 338
30 345
30 351
30 359
30 365
30 369
30 370
30 381
30 387
30 413
31 34
31 37
31 38
31 39
31 45
31 46
31 51
31 54
31 57
31 63
31 66
31 67
31 73
31 76
31 78
31 80
31 85
31 86
31 106
31 109
31 118
31 120
31 126
31 133
31 134
31 136
31 137
31 142
31 143
31 165
31 166
31 187
31 204
31 213
31 232
31 236
31 255
31 256
31 258
31 259
31 271
31 276
31 287
31 324
31 355
31 385
31 390
32 33
32 34
32 35
32 37
32 38
32 43
32 44
32 45
32 48
32 49
32 52
32 53
32 55
32 58
32 60
32 61
32 63
32 64
32 65
32 66
32 69
32 72
32 73
32 75
32 80
32 91
32 95
32 96
32 98
32 99
32 100
32 103
32 109
32 116
32 125
32 128
32 140
32 141
32 146
32 155
32 157
32 163
32 171
32 177
32 189
32 219
32 227
32 233
32 234
32 237
32 246
32 249
32 250
32 251
32 260
32 263
32 269
32 273
32 302
32 318
32 333
32 335
32 337
32 344
32 350
32 365
32 374
32 378
32 386
32 388
32 422
33 37
33 40
33 44
33 47
33 48
33 49
33 51
33 52
33 55
33 56
33 59
33 62
33 75
33 78
33 93
33 101
33 115
33 134
33 147
33 149
33 152
33 169
33 175
33 183
33 190
33 204
33 215
33 228
33 240
33 249
33 252
33 259
33 262
33 273
33 305
33 309
33 312
33 342
33 362
33 380
33 402
33 407
33 410
33 420
33 427
34 36
34 41
34 43
34 47
34 59
34 64
34 68
34 73
34 79
34 83
34 85
34 98
34 111
34 124
34 127
34 128
34 129
34 130
34 133
34 137
34 144
34 145
34 147
34 157
34 161
34 163
34 166
34 169
34 180
34 183
34 195
34 212
34 224
34 227
34 229
34 245
34 254
34 260
34 277
34 279
34 283
34 286
34 289
34 301
34 302
34 321
34 332
34 333
34 351
34 369
34 370
34 376
34 381
34 400
34 415
34 419
34 426
35 36
35 37
35 40
35 41
35 46
35 57
35 58
35 61
35 62
35 65
35 69
35 72
35 73
35 95
35 97
35 100
35 102
35 104
35 105
35 107
35 109
35 112
35 119
35 142
35 144
35 145
35 151
35 154
35 160
35 161
35 168
35 169
35 172
35 187
35 205
35 213
35 222
35 228
35 247
35 261
35 262
35 270
35 281
35 286
35 287
35 293
35 315
35 316
35 350
35 401
35 402
35 428
36 40
36 42
36 44
36 46
36 47
36 52
36 53
36 55
36 59
36 60
36 66
36 79
36 86
36 89
36 92
36 94
36 96
36 98
36 104
36 111
36 130
36 134
36 137
36 144
36 152
36 169
36 201
36 216
36 219
36 233
36 239
36 240
36 241
36 243
36 247
36 255
36 270
36 277
36 294
36 302
36 310
36 337
36 359
36 367
36 371
36 386
36 396
36 412
36 415
36 417
36 419
37 39
37 40
37 41
37 42
37 44
37 46
37 47
37 48
37 50
37 53
37 54
37 56
37 57
37 59
37 63
37 64
37 65
37 73
37 75
37 82
37 88
37 89
37 106
37 107
37 109
37 115
37 120
37 128
37 129
37 136
37 137
37 141
37 147
37 152
37 167
37 173
37 178
37 185
37 188
37 191
37 193
37 194
37 201
37 223
37 225
37 233
37 234
37 238
37 240
37 241
37 242
37 244
37 247
37 252
37 253
37 256
37 262
37 263
37 267
37 270
37 271
37 272
37 274
37 290
37 296
37 309
37 313
37 330
37 339
37 351
37 353
37 355
37 359
37 360
37 367
37 381
37 404
37 424
38 42
38 43
38 45
38 48
38 50
38 56
38 58
38 59
38 60
38 61
38 71
38 79
38 87
38 91
38 94
38 98
38 99
38 103
38 107
38 110
38 113
38 117
38 120
38 126
38 127
38 135
38 140
38 145
38 159
38 165
38 167
38 170
38 180
38 182
38 186
38 190
38 200
38 206
38 211
38 218
38 222
38 223
38 228
38 233
38 242
38 284
38 298
38 302
38 305
38 328
38 334
38 340
38 342
38 372
38 374
38 375
38 380
38 386
38 414
39 40
39 45
39 48
39 50
39 57
39 59
39 72
39 73
39 79
39 96
39 102
39 114
39 135
39 151
39 176
39 184
39 186
39 246
39 278
39 306
39 325
39 346
39 349
39 366
39 370
39 375
39 384
39 402
39 403
40 45
40 52
40 55
40 64
40 66
40 72
40 75
40 76
40 80
40 88
40 91
40 99
40 103
40 113
40 117
40 130
40 175
40 177
40 193
40 225
40 229
40 231
40 265
40 284
40 288
40 306
40 318
40 365
40 388
40 401
41 42
41 43
41 46
41 50
41 51
41 53
41 56
41 59
41 60
41 66
41 69
41 70
41 75
41 79
41 81
41 83
41 84
41 85
41 92
41 100
41 105
41 113
41 118
41 126
41 133
41 139
41 144
41 152
41 167
41 174
41 182
41 188
41 191
41 192
41 195
41 198
41 207
41 214
41 219
41 222
41 223
41 232
41 233
41 237
41 240
41 241
41 250
41 256
41 264
41 274
41 291
41 300
41 302
41 305
41 326
41 331
41 338
41 339
41 343
41 374
41 376
41 403
42 63
42 71
42 82
42 104
42 115
42 128
42 150
42 156
42 162
42 175
42 184
42 210
42 244
42 251
42 271
42 308
42 327
42 344
42 362
42 394
42 421
43 44
43 45
43 55
43 56
43 74
43 76
43 77
43 80
43 81
43 84
43 85
43 86
43 93
43 94
43 95
43 100
43 106
43 108
43 113
43 115
43 116
43 120
43 123
43 125
43 130
43 155
43 177
43 195
43 198
43 200
43 206
43 210
43 246
43 249
43 253
43 288
43 290
43 301
43 325
43 328
43 341
43 354
43 357
43 371
43 385
43 388
43 405
43 410
44 49
44 53
44 56
44 61
44 83
44 84
44 90
44 93
44 98
44 108
44 123
44 139
44 146
44 149
44 176
44 243
44 244
44 248
44 270
44 297
44 328
44 347
44 371
44 399
44 406
45 52
45 54
45 57
45 69
45 70
45 72
45 74
45 77
45 80
45 82
45 83
45 92
45 94
45 97
45 100
45 103
45 113
45 124
45 145
45 161
45 165
45 187
45 188
45 191
45 192
45 211
45 218
45 220
45 227
45 247
45 255
45 270
45 288
45 298
45 310
45 315
45 321
45 330
45 333
45 357
45 361
45 362
45 367
45 396
45 402
45 418
46 47
46 50
46 53
46 54
46 57
46 61
46 62
46 63
46 64
46 67
46 71
46 74
46 76
46 77
46 79
46 111
46 112
46 116
46 122
46 123
46 138
46 143
46 148
46 150
46 160
46 166
46 177
46 183
46 189
46 199
46 200
46 223
46 227
46 230
46 231
46 247
46 275
46 276
46 279
46 280
46 283
46 284
46 297
46 300
46 304
46 313
46 319
46 322
46 323
46 332
46 335
46 336
46 340
46 355
46 366
46 381
46 393
46 405
46 408
47 49
47 51
47 55
47 58
47 59
47 60
47 80
47 81
47 84
47 88
47 92
47 99
47 100
47 102
47 107
47 110
47 116
47 117
47 136
47 148
47 155
47 161
47 167
47 200
47 212
47 215
47 220
47 237
47 244
47 248
47 250
47 251
47 260
47 264
47 275
47 289
47 298
47 311
47 325
47 335
47 336
47 341
47 343
47 358
47 362
47 367
47 377
47 400
47 402
47 403
47 405
47 408
47 413
47 416
47 422
47 426
48 49
48 52
48 67
48 68
48 69
48 76
48 77
48 89
48 90
48 92
48 96
48 99
48 101
48 104
48 106
48 107
48 109
48 112
48 115
48 122
48 123
48 131
48 134
48 137
48 142
48 145
48 152
48 158
48 165
48 181
48 193
48 197
48 199
48 213
48 215
48 216
48 223
48 226
48 232
48 234
48 239
48 244
48 245
48 250
48 253
48 257
48 265
48 274
48 275
48 277
48 281
48 283
48 302
48 304
48 310
48 348
48 350
48 356
48 363
48 372
48 384
48 394
48 400
48 407
49 53
49 66
49 76
49 83
49 93
49 99
49 103
49 118
49 119
49 147
49 194
49 197
49 202
49 205
49 216
49 220
49 232
49 234
49 248
49 256
49 268
49 269
49 271
49 291
49 292
49 295
49 339
49 349
49 370
49 371
49 381
49 410
49 428
50 58
50 66
50 74
50 76
50 83
50 84
50 88
50 94
50 97
50 102
50 105
50 113
50 126
50 137
50 149
50 164
50 178
50 188
50 241
50 245
50 257
50 266
50 269
50 297
50 302
50 305
50 309
50 326
50 338
50 346
50 357
50 379
50 382
50 383
50 389
50 395
50 397
50 409
50 416
50 420
51 56
51 57
51 58
51 67
51 81
51 84
51 91
51 93
51 95
51 97
51 101
51 119
51 128
51 136
51 138
51 139
51 143
51 153
51 162
51 170
51 180
51 183
51 184
51 191
51 198
51 206
51 208
51 218
51 220
51 228
51 242
51 280
51 289
51 307
51 308
51 332
51 336
51 351
51 353
51 373
51 399
51 405
51 409
51 422
52 57
52 60
52 64
52 65
52 69
52 70
52 76
52 81
52 87
52 88
52 89
52 90
52 95
52 97
52 98
52 100
52 108
52 110
52 136
52 138
52 141
52 151
52 167
52 168
52 176
52 185
52 191
52 205
52 213
52 216
52 227
52 277
52 279
52 282
52 294
52 297
52 312
52 314
52 316
52 327
52 339
52 353
52 357
52 367
52 374
52 399
53 57
53 65
53 98
53 99
53 104
53 131
53 132
53 179
53 183
53 189
53 218
53 220
53 233
53 243
53 254
53 266
53 272
53 327
53 343
53 361
53 370
53 403
53 422
53 427
54 63
54 66
54 70
54 75
54 80
54 86
54 92
54 96
54 101
54 105
54 112
54 114
54 121
54 126
54 132
54 136
54 147
54 151
54 160
54 163
54 164
54 170
54 179
54 192
54 195
54 197
54 199
54 202
54 204
54 226
54 230
54 236
54 237
54 241
54 266
54 274
54 281
54 290
54 299
54 301
54 312
54 328
54 419
54 424
55 57
55 80
55 86
55 88
55 96
55 102
55 115
55 125
55 128
55 139
55 145
55 154
55 171
55 206
55 234
55 240
55 287
55 289
55 305
55 317
55 344
55 351
55 397
56 57
56 58
56 60
56 67
56 69
56 70
56 72
56 88
56 89
56 101
56 107
56 129
56 130
56 131
56 134
56 137
56 145
56 146
56 157
56 163
56 164
56 176
56 178
56 189
56 198
56 200
56 201
56 212
56 220
56 234
56 240
56 251
56 254
56 264
56 274
56 282
56 303
56 320
56 345
56 348
56 384
57 63
57 64
57 91
57 93
57 112
57 113
57 124
57 127
57 178
57 180
57 187
57 224
57 227
57 248
57 340
57 418
58 60
58 64
58 78
58 86
58 90
58 95
58 103
58 109
58 113
58 118
58 130
58 132
58 137
58 146
58 158
58 166
58 170
58 178
58 183
58 186
58 226
58 233
58 241
58 243
58 245
58 253
58 256
58 260
58 263
58 284
58 343
58 355
58 358
58 364
58 374
59 62
59 66
59 69
59 78
59 80
59 82
59 84
59 100
59 106
59 114
59 115
59 117
59 141
59 171
59 173
59 184
59 191
59 195
59 218
59 222
59 225
59 237
59 259
59 273
59 281
59 285
59 293
59 301
59 309
59 326
59 352
59 358
59 391
59 392
59 405
59 407
59 413
59 414
60 66
60 67
60 72
60 75
60 77
60 79
60 82
60 83
60 84
60 87
60 97
60 107
60 111
60 115
60 118
60 130
60 133
60 135
60 145
60 149
60 164
60 166
60 168
60 189
60 190
60 191
60 194
60 197
60 199
60 235
60 254
60 261
60 262
60 264
60 265
60 276
60 280
60 283
60 290
60 303
60 306
60 308
60 309
60 332
60 333
60 337
60 352
60 375
60 376
60 378
60 392
60 399
60 405
60 416
61 74
61 83
61 89
61 96
61 101
61 102
61 115
61 117
61 122
61 124
61 141
61 144
61 156
61 157
61 163
61 194
61 213
61 224
61 238
61 242
61 263
61 276
61 283
61 289
61 324
61 339
61 353
61 354
61 360
61 361
61 366
61 381
61 393
61 395
61 414
61 418
61 421
61 425
61 427
62 70
62 72
62 74
62 84
62 94
62 103
62 104
62 107
62 116
62 122
62 139
62 146
62 154
62 155
62 162
62 168
62 175
62 177
62 179
62 185
62 202
62 209
62 215
62 216
62 220
62 221
62 241
62 250
62 252
62 255
62 266
62 294
62 296
62 297
62 312
62 316
62 319
62 325
62 329
62 345
62 350
62 357
62 365
62 369
62 388
62 395
62 407
62 415
62 421
63 69
63 71
63 84
63 87
63 89
63 96
63 127
63 134
63 142
63 143
63 148
63 162
63 166
63 176
63 179
63 180
63 186
63 193
63 202
63 205
63 208
63 229
63 231
63 243
63 251
63 264
63 271
63 272
63 277
63 278
63 285
63 292
63 320
63 321
63 326
63 329
63 338
63 342
63 361
63 362
63 373
63 388
64 65
64 68
64 88
64 96
64 114
64 121
64 127
64 139
64 141
64 164
64 168
64 179
64 181
64 201
64 208
64 226
64 232
64 277
64 288
64 292
64 294
64 329
64 361
64 383
64 385
64 424
64 428
65 68
65 71
65 73
65 83
65 88
65 89
65 94
65 120
65 125
65 138
65 165
65 170
65 174
65 175
65 190
65 193
65 221
65 226
65 250
65 259
65 269
65 283
65 291
65 331
65 338
65 340
65 358
65 370
65 378
65 394
65 406
65 409
65 413
65 418
65 426
66 67
66 68
66 70
66 72
66 76
66 77
66 86
66 93
66 109
66 119
66 120
66 163
66 172
66 176
66 178
66 186
66 189
66 190
66 197
66 199
66 207
66 215
66 250
66 268
66 281
66 292
66 301
66 318
66 356
66 406
66 407
67 78
67 86
67 93
67 95
67 103
67 122
67 130
67 135
67 157
67 201
67 204
67 208
67 212
67 216
67 217
67 219
67 231
67 256
67 259
67 264
67 267
67 275
67 289
67 302
67 303
67 313
67 317
67 318
67 332
67 338
67 348
67 356
67 370
67 374
67 388
67 389
67 419
67 420
67 425
68 71
68 89
68 102
68 103
68 108
68 109
68 111
68 112
68 114
68 116
68 117
68 125
68 129
68 132
68 142
68 143
68 195
68 202
68 209
68 219
68 229
68 250
68 254
68 288
68 291
68 296
68 300
68 317
68 327
68 338
68 363
68 386
68 404
69 81
69 82
69 85
69 90
69 102
69 106
69 121
69 123
69 125
69 133
69 136
69 149
69 150
69 152
69 172
69 178
69 183
69 190
69 194
69 196
69 209
69 218
69 226
69 237
69 254
69 256
69 265
69 274
69 296
69 324
69 335
69 346
69 356
69 358
69 367
69 370
69 387
70 71
70 78
70 90
70 110
70 111
70 152
70 161
70 166
70 182
70 199
70 200
70 237
70 263
70 266
70 278
70 294
70 332
70 339
70 353
70 367
70 380
70 387
70 400
71 78
71 81
71 107
71 114
71 117
71 120
71 157
71 161
71 162
71 166
71 169
71 171
71 189
71 196
71 202
71 254
71 283
71 318
71 373
71 404
71 428
72 77
72 81
72 85
72 87
72 97
72 106
72 123
72 133
72 184
72 189
72 196
72 198
72 222
72 234
72 259
72 274
72 287
72 299
72 300
72 322
72 323
72 330
72 352
72 353
72 379
72 382
72 415
72 422
73 105
73 108
73 112
73 140
73 144
73 146
73 162
73 188
73 220
73 230
73 235
73 236
73 238
73 269
73 275
73 290
73 311
73 327
73 393
74 75
74 77
74 86
74 88
74 90
74 97
74 121
74 126
74 151
74 175
74 187
74 189
74 222
74 228
74 235
74 307
74 312
74 318
74 394
74 427
75 76
75 78
75 114
75 119
75 124
75 148
75 149
75 168
75 170
75 177
75 200
75 214
75 233
75 257
75 264
75 291
75 304
75 309
75 318
75 333
75 350
75 360
75 371
75 372
75 411
76 80
76 82
76 96
76 98
76 108
76 109
76 126
76 135
76 175
76 197
76 198
76 213
76 252
76 261
76 301
76 308
76 322
76 341
76 353
76 373
76 385
76 390
77 85
77 90
77 95
77 144
77 148
77 150
77 153
77 158
77 214
77 248
77 259
77 264
77 279
77 282
77 303
77 322
77 367
77 383
77 415
77 427
78 87
78 97
78 100
78 106
78 124
78 125
78 128
78 132
78 148
78 150
78 152
78 189
78 191
78 193
78 202
78 259
78 261
78 279
78 305
78 319
78 327
79 90
79 99
79 103
79 104
79 108
79 135
79 150
79 160
79 174
79 183
79 196
79 209
79 229
79 258
79 266
79 270
79 271
79 273
79 287
79 293
79 307
79 316
79 328
79 335
79 351
79 362
79 371
79 379
79 394
79 408
80 81
80 82
80 83
80 179
80 206
80 208
80 245
80 266
80 280
80 298
80 300
80 314
80 318
80 330
80 331
80 348
80 366
80 428
81 92
81 106
81 107
81 112
81 113
81 116
81 128
81 137
81 152
81 153
81 154
81 160
81 165
81 167
81 170
81 202
81 222
81 224
81 229
81 240
81 251
81 258
81 267
81 277
81 282
81 295
81 306
81 308
81 330
81 373
81 375
81 396
81 415
81 417
82 140
82 147
82 151
82 171
82 210
82 221
82 269
82 272
82 429
83 89
83 98
83 110
83 125
83 130
83 140
83 143
83 155
83 158
83 164
83 169
83 170
83 190
83 194
83 198
83 215
83 288
83 315
83 343
83 408
84 92
84 116
84 121
84 131
84 162
84 170
84 191
84 197
84 216
84 232
84 235
84 241
84 243
84 245
84 270
84 288
84 319
84 367
84 369
84 393
84 400
85 88
85 91
85 99
85 108
85 122
85 131
85 151
85 156
85 172
85 181
85 228
85 232
85 233
85 257
85 308
85 382
85 394
86 128
86 139
86 169
86 213
86 218
86 221
86 228
86 243
86 267
86 268
86 272
86 288
86 296
86 319
86 331
86 335
86 347
86 354
86 365
86 371
86 413
86 418
86 421
87 90
87 116
87 130
87 133
87 134
87 138
87 141
87 153
87 170
87 173
87 199
87 222
87 223
87 265
87 281
87 291
87 301
87 315
87 323
87 343
87 353
87 377
87 391
87 412
87 414
88 171
88 249
88 265
88 276
88 278
88 334
88 363
88 376
88 379
88 380
88 386
88 399
88 410
89 92
89 93
89 94
89 95
89 144
89 147
89 150
89 160
89 199
89 230
89 236
89 261
89 342
89 354
89 355
90 102
90 148
90 158
90 176
90 187
90 211
90 264
90 274
90 288
90 296
90 301
90 306
90 343
90 385
90 410
90 425
91 116
91 117
91 147
91 151
91 159
91 171
91 182
91 183
91 201
91 203
91 214
91 221
91 231
91 233
91 251
91 263
91 272
91 303
91 326
91 337
91 350
91 384
91 393
92 102
92 107
92 109
92 119
92 153
92 219
92 236
92 255
92 311
92 342
92 382
92 423
93 115
93 125
93 153
93 167
93 174
93 187
93 194
93 216
93 226
93 230
93 243
93 258
93 273
93 286
93 303
93 333
93 334
93 347
93 359
93 380
93 403
94 101
94 127
94 132
94 151
94 185
94 200
94 227
94 245
94 268
94 271
94 277
94 286
94 301
94 358
94 379
94 391
94 404
95 103
95 105
95 110
95 115
95 123
95 139
95 166
95 177
95 183
95 196
95 215
95 240
95 260
95 263
95 267
95 280
95 318
95 324
95 326
95 333
95 365
95 383
95 421
96 98
96 127
96 145
96 146
96 157
96 166
96 168
96 172
96 185
96 205
96 209
96 254
96 289
96 306
96 312
96 348
96 351
96 373
97 117
97 135
97 148
97 158
97 175
97 221
97 253
97 264
97 283
97 298
97 300
97 302
97 305
97 309
97 311
97 335
97 340
97 348
97 382
97 398
97 405
97 414
98 109
98 123
98 126
98 172
98 181
98 196
98 249
98 258
98 260
98 327
98 349
98 358
98 374
98 385
98 392
98 395
98 419
99 104
99 119
99 131
99 132
99 133
99 167
99 172
99 173
99 174
99 179
99 191
99 239
99 286
99 314
99 330
99 344
99 364
99 424
99 427
100 101
100 114
100 127
100 136
100 155
100 157
100 160
100 165
100 173
100 178
100 180
100 193
100 197
100 211
100 247
100 272
100 296
100 300
100 330
100 337
100 346
100 352
100 362
100 402
101 104
101 136
101 172
101 238
101 256
101 262
101 347
101 353
101 366
101 410
101 429
102 112
102 113
102 154
102 156
102 176
102 179
102 187
102 200
102 201
102 235
102 236
102 239
102 262
102 263
102 271
102 287
102 292
102 317
102 370
102 387
102 391
103 109
103 110
103 122
103 131
103 140
103 152
103 176
103 178
103 201
103 204
103 211
103 298
103 308
103 323
103 347
103 350
103 406
103 420
104 108
104 116
104 119
104 123
104 141
104 155
104 160
104 162
104 166
104 187
104 188
104 199
104 204
104 207
104 215
104 231
104 262
104 268
104 275
104 299
104 302
104 305
104 332
104 347
105 106
105 119
105 129
105 142
105 150
105 160
105 173
105 184
105 189
105 220
105 229
105 242
105 243
105 251
105 284
105 297
105 299
105 316
105 335
105 342
105 346
105 392
105 413
105 416
106 110
106 113
106 129
106 133
106 134
106 148
106 158
106 167
106 221
106 223
106 253
106 257
106 303
106 369
106 377
106 400
106 403
107 122
107 130
107 144
107 149
107 171
107 184
107 222
107 363
107 371
107 401
108 118
108 163
108 198
108 254
108 296
108 310
108 349
108 425
109 114
109 117
109 120
109 126
109 130
109 147
109 152
109 159
109 181
109 194
109 195
109 196
109 218
109 224
109 268
109 269
109 291
109 294
109 319
109 324
109 331
109 352
109 356
109 388
109 400
109 403
110 126
110 134
110 145
110 154
110 165
110 183
110 184
110 190
110 195
110 202
110 209
110 217
110 223
110 238
110 261
110 264
110 267
110 305
110 319
110 336
110 344
110 369
110 373
110 376
110 378
110 380
110 409
111 115
111 120
111 121
111 124
111 142
111 151
111 169
111 174
111 203
111 300
111 362
111 411
111 424
111 426
112 118
112 142
112 146
112 199
112 223
112 252
112 273
112 294
113 123
113 132
113 139
113 171
113 177
113 182
113 187
113 316
113 323
113 377
113 393
113 398
113 408
113 426
114 127
114 137
114 143
114 149
114 155
114 159
114 161
114 162
114 164
114 169
114 170
114 174
114 205
114 210
114 224
114 226
114 236
114 242
114 245
114 252
114 254
114 272
114 280
114 291
114 305
114 306
114 326
114 337
114 346
114 360
114 366
114 403
114 411
114 413
114 414
114 422
114 425
115 154
115 159
115 191
115 196
115 239
115 258
115 262
115 297
115 324
115 366
115 410
116 119
116 130
116 140
116 172
116 176
116 185
116 195
116 225
116 267
116 303
116 306
116 406
116 418
117 140
117 160
117 211
117 234
117 335
117 366
117 385
118 123
118 133
118 134
118 142
118 145
118 158
118 198
118 199
118 233
118 246
118 278
118 295
118 299
118 317
118 378
118 395
118 404
118 428
119 121
119 127
119 129
119 132
119 155
119 158
119 162
119 164
119 166
119 185
119 188
119 192
119 206
119 221
119 228
119 230
119 232
119 248
119 268
119 271
119 275
119 313
119 316
119 327
119 334
119 354
119 372
119 387
119 401
119 422
119 429
120 124
120 131
120 144
120 151
120 154
120 155
120 174
120 187
120 189
120 209
120 210
120 249
120 252
120 256
120 285
120 286
120 293
120 317
120 318
120 340
120 391
120 395
120 410
120 412
121 126
121 144
121 148
121 161
121 174
121 203
121 215
121 309
121 321
121 362
121 364
121 378
121 429
122 146
122 147
122 285
122 315
122 349
122 354
122 361
122 363
122 378
122 392
122 416
122 417
123 124
123 132
123 140
123 141
123 168
123 181
123 192
123 193
123 199
123 218
123 219
123 225
123 229
123 241
123 267
123 282
123 288
123 310
123 313
123 328
123 332
123 334
123 336
123 337
123 341
123 387
123 389
124 153
124 165
124 178
124 201
124 211
124 218
124 226
124 270
124 295
124 299
124 303
124 321
124 384
124 389
124 400
124 402
125 135
125 140
125 146
125 169
125 173
125 174
125 196
125 209
125 236
125 254
125 257
125 311
125 334
125 351
125 377
125 397
125 411
125 414
126 135
126 166
126 195
126 225
126 229
126 231
126 248
126 257
126 280
126 304
126 320
126 324
126 375
126 378
126 382
126 395
126 411
127 138
127 146
127 178
127 235
127 275
127 310
127 342
127 374
127 415
127 428
128 151
128 154
128 160
128 161
128 165
128 178
128 181
128 210
128 214
128 227
128 231
128 233
128 238
128 249
128 287
128 293
128 383
128 405
129 150
129 185
129 265
129 278
129 289
129 291
129 310
129 347
129 416
130 154
130 248
130 268
130 277
130 310
130 368
130 412
130 414
130 415
131 179
131 193
131 203
131 216
131 233
131 258
131 267
131 279
131 309
131 316
131 337
131 375
131 384
131 395
131 404
131 411
132 140
132 179
132 214
132 236
132 252
132 279
132 321
132 343
132 393
133 168
133 217
133 219
133 245
133 257
133 286
133 299
133 314
133 317
133 336
133 386
133 389
134 152
134 154
134 178
134 187
134 193
134 214
134 225
134 228
134 232
134 240
134 259
134 280
134 296
134 357
134 363
134 377
134 389
134 418
135 136
135 149
135 159
135 163
135 194
135 196
135 224
135 261
135 288
135 293
135 311
135 425
136 141
136 163
136 188
136 213
136 250
136 258
136 364
136 368
136 378
136 390
136 393
136 394
137 160
137 165
137 170
137 173
137 188
137 200
137 225
137 227
137 242
137 267
137 309
137 310
137 320
137 365
138 144
138 153
138 159
138 213
138 282
138 330
138 387
138 419
139 144
139 156
139 168
139 172
139 192
139 228
139 233
139 248
139 260
139 265
139 286
139 324
139 327
139 336
139 398
139 400
139 421
139 426
140 150
140 156
140 198
140 200
140 215
140 224
140 228
140 232
140 260
140 279
140 282
140 300
140 315
140 370
140 415
140 421
141 221
141 228
141 292
141 361
141 363
142 206
142 215
142 333
142 351
142 391
142 392
142 417
143 154
143 178
143 203
143 208
143 238
143 242
143 257
143 313
143 329
143 401
144 263
144 281
144 284
144 287
144 290
144 300
144 307
144 357
145 181
145 192
145 204
145 205
145 256
145 269
145 365
145 373
145 408
145 411
145 422
145 428
146 168
146 184
146 226
146 274
146 285
146 338
146 398
146 419
147 153
147 157
147 198
147 202
147 226
147 273
147 277
147 282
147 286
147 317
147 423
148 150
148 153
148 157
148 170
148 175
148 177
148 180
148 202
148 218
148 219
148 283
148 288
148 308
148 329
148 343
148 359
148 399
148 406
148 425
148 428
149 182
149 210
149 220
149 260
149 280
149 295
149 314
149 326
149 336
149 339
149 352
149 384
149 390
150 161
150 177
150 181
150 244
150 338
150 412
151 155
151 164
151 194
151 202
151 247
151 272
151 290
151 384
151 417
151 427
152 180
152 185
152 214
152 244
152 275
152 324
152 333
152 382
152 412
152 416
152 421
152 422
152 424
153 173
153 203
153 209
153 216
153 239
153 244
153 346
153 355
153 415
153 418
153 423
154 182
154 207
154 214
154 217
154 252
154 276
154 380
154 422
155 186
155 329
155 424
156 204
156 207
156 208
156 210
156 212
156 313
156 325
156 351
156 352
156 387
156 392
157 159
157 185
157 196
157 198
157 214
157 254
157 278
157 350
157 366
157 389
157 402
157 419
157 420
158 159
158 170
158 176
158 196
158 261
158 291
158 296
158 342
159 177
159 188
159 189
159 207
159 219
159 221
159 229
159 230
159 241
159 257
159 263
159 294
159 296
159 334
159 340
159 347
159 349
159 352
159 353
159 369
159 408
159 416
159 417
159 429
160 256
160 258
160 315
160 374
160 380
161 167
161 182
161 188
161 199
161 208
161 222
161 246
161 280
161 304
161 323
161 401
162 207
162 216
162 227
162 304
162 308
162 388
162 406
162 420
163 230
163 231
163 245
163 251
163 276
163 281
163 294
163 358
163 379
164 203
164 242
164 265
164 323
164 371
164 374
164 394
165 239
165 244
165 272
165 275
165 285
165 297
165 301
165 310
165 367
166 176
166 179
166 216
166 217
166 240
166 258
166 288
166 289
166 300
166 313
166 340
166 390
166 392
167 168
167 172
167 176
167 207
167 223
167 244
167 245
167 252
167 253
167 281
167 314
167 337
167 373
167 379
167 396
167 404
168 184
168 222
168 262
168 286
168 310
168 375
168 395
168 404
168 406
168 423
168 425
169 295
169 326
169 337
169 400
169 407
169 409
169 426
170 172
170 258
171 181
171 182
171 195
171 204
171 271
171 331
171 345
171 349
171 365
172 183
172 224
172 246
172 266
172 328
172 335
172 398
173 175
173 190
173 208
173 224
173 267
173 313
173 355
173 365
173 377
173 397
174 175
174 184
174 197
174 204
174 217
174 251
174 257
174 269
174 323
174 325
174 342
174 404
174 412
174 428
175 191
175 205
175 207
175 208
175 224
175 236
175 255
175 298
175 312
175 326
175 328
175 416
176 195
176 212
176 269
176 293
176 308
176 319
176 398
176 399
177 224
177 242
177 269
177 271
177 279
177 409
178 205
178 217
178 223
178 253
178 255
178 294
178 302
178 329
178 348
178 353
178 359
178 424
179 185
179 220
179 235
179 271
179 345
179 349
179 372
179 375
179 383
179 387
179 419
180 184
180 190
180 211
180 289
180 311
180 314
180 319
180 323
180 325
180 354
180 372
180 382
180 388
180 391
181 196
181 203
181 217
181 300
181 333
182 194
182 246
182 274
182 351
182 388
182 397
183 204
183 352
183 358
183 364
183 400
183 418
183 423
184 192
184 211
184 302
184 316
184 360
184 368
184 385
184 411
185 238
185 284
185 384
185 397
185 428
186 195
186 204
186 259
186 275
186 277
186 314
186 322
187 200
187 231
187 234
187 238
187 242
187 311
187 316
187 317
187 331
187 337
187 348
187 382
188 206
188 224
188 240
188 281
188 297
188 298
188 330
188 363
188 371
188 377
188 379
188 405
189 235
189 249
189 296
189 372
189 379
189 391
190 208
190 235
190 246
190 299
190 341
190 386
190 397
190 403
191 194
191 203
191 214
191 215
191 290
191 311
191 361
192 307
192 350
193 208
193 210
193 253
193 267
193 287
193 293
193 301
193 320
193 362
193 369
193 413
193 417
194 235
194 252
194 276
194 278
194 301
194 346
194 379
195 205
195 209
195 253
195 261
195 282
195 321
195 325
195 396
196 221
196 227
196 309
196 315
196 352
196 366
196 374
196 375
196 397
196 404
197 217
197 274
197 356
197 372
198 207
198 284
198 299
198 311
198 329
198 359
198 362
198 364
198 369
198 425
199 231
199 295
199 307
199 315
199 345
199 385
199 386
199 396
199 400
200 249
200 293
200 296
200 303
200 313
200 368
200 409
200 420
201 268
201 274
201 303
201 335
201 359
201 361
201 416
202 203
202 220
202 221
202 232
202 246
202 255
202 266
202 268
202 304
202 309
202 353
202 357
202 420
202 423
203 237
203 322
203 331
203 409
204 236
204 275
204 313
204 324
204 339
204 345
204 370
204 392
204 414
205 224
205 229
205 246
205 247
205 260
205 307
205 317
205 337
205 341
205 370
206 259
206 289
206 304
206 368
207 283
207 354
207 378
208 210
208 220
208 237
208 250
208 311
208 344
208 359
208 404
209 217
209 253
209 273
209 334
209 345
209 385
209 405
210 218
210 281
210 299
210 305
210 314
210 315
210 319
210 322
210 369
210 376
210 391
211 240
211 349
211 361
211 410
212 263
212 276
212 298
212 319
212 376
212 421
213 237
213 238
213 242
213 363
214 240
214 265
214 293
214 319
214 355
214 360
215 314
215 330
215 364
216 253
216 320
216 324
216 326
216 364
216 404
216 410
217 251
217 255
217 306
217 336
217 337
217 338
217 344
218 285
218 287
218 312
218 356
218 417
219 284
219 285
219 304
219 354
219 396
219 428
220 244
220 252
220 263
220 266
220 284
220 290
220 413
221 225
221 226
221 249
221 276
221 295
221 322
221 328
221 361
221 380
221 409
222 250
222 278
222 321
222 324
222 386
222 420
223 225
223 341
223 368
224 231
224 234
224 238
224 242
224 275
224 377
224 394
225 245
225 246
225 287
225 317
225 356
225 365
226 231
226 255
226 266
226 299
226 331
226 410
227 242
227 257
227 272
227 293
227 298
227 322
227 344
227 352
227 356
227 399
228 268
228 275
228 276
228 340
228 405
229 230
229 258
229 259
229 298
229 327
229 331
229 352
229 357
230 236
230 251
230 253
230 267
230 293
230 307
230 385
230 401
231 254
231 303
231 352
232 261
232 283
232 306
232 341
232 357
232 389
232 390
233 236
233 326
233 399
234 246
234 253
234 264
234 268
234 294
234 301
234 334
234 338
234 417
235 273
235 327
235 364
236 273
236 350
236 360
236 385
237 273
237 282
237 400
237 402
237 416
238 245
238 248
238 266
238 270
238 288
238 295
238 321
238 358
238 396
238 398
238 424
239 334
239 382
239 395
240 266
240 403
240 411
241 245
241 381
241 392
242 243
242 251
242 265
242 281
242 289
242 290
242 342
242 409
242 420
243 270
243 319
243 414
244 307
244 317
244 351
245 389
245 396
245 409
245 413
246 299
246 328
246 419
247 320
247 396
248 285
248 341
248 345
249 281
249 321
249 333
249 387
249 406
250 262
250 345
250 368
250 381
250 401
250 405
250 413
250 417
251 257
251 289
251 314
251 341
251 391
251 413
252 254
252 326
252 368
252 406
253 256
253 272
253 293
253 359
253 429
254 260
254 391
255 262
255 287
255 307
255 387
256 258
256 274
256 348
256 358
257 429
258 280
258 321
258 338
258 350
258 373
258 378
258 383
259 267
259 268
259 294
259 377
259 380
259 383
259 390
260 339
260 347
261 271
261 305
261 313
261 320
261 322
261 371
261 396
261 428
262 266
262 273
262 292
262 315
262 353
262 372
263 305
263 333
264 270
264 299
264 318
265 290
265 402
265 425
266 376
267 287
267 348
267 415
268 282
268 292
268 373
268 377
268 402
268 407
269 310
269 345
269 355
269 359
269 373
269 417
270 314
270 320
270 336
270 342
270 360
270 366
270 381
271 312
271 381
271 389
271 390
272 331
272 339
272 356
272 399
272 402
272 405
272 419
273 285
273 293
273 340
273 360
274 285
274 306
274 329
274 343
275 291
275 427
276 290
276 305
277 283
277 308
277 332
277 372
277 382
277 386
277 411
277 422
278 281
278 339
278 342
278 360
278 361
278 376
278 388
278 399
279 326
279 347
279 389
279 419
280 318
280 385
280 401
281 285
281 294
281 295
281 310
281 329
281 346
281 384
281 410
282 328
283 316
283 317
283 340
283 393
283 398
283 429
284 328
284 369
285 336
285 366
286 299
286 346
286 355
286 371
286 393
287 302
287 346
287 390
288 290
288 320
288 359
288 384
288 403
288 425
289 423
290 311
290 336
290 356
290 410
291 347
292 328
292 392
293 342
293 370
293 399
294 309
294 337
294 401
294 427
295 377
295 412
296 356
296 378
297 398
298 311
298 417
299 306
299 310
299 370
299 371
300 376
300 383
300 407
301 330
302 422
303 344
303 421
304 330
304 424
305 318
305 395
305 402
306 307
306 385
306 393
307 316
307 324
307 374
308 377
308 423
309 320
309 338
309 423
310 323
310 331
310 374
310 423
311 347
311 368
311 379
311 383
311 398
312 353
312 417
313 339
313 348
313 360
313 391
313 423
315 319
315 334
315 369
315 424
316 365
316 370
316 375
316 380
317 407
318 335
318 355
319 334
319 344
319 409
319 419
320 414
321 367
321 372
321 413
322 339
322 349
322 408
322 421
323 345
323 383
324 355
325 390
325 413
326 331
326 359
326 388
327 340
327 394
328 408
328 427
329 406
329 419
330 334
330 355
330 386
330 407
331 417
332 334
332 343
332 385
332 393
333 378
334 341
335 360
335 368
335 379
335 403
337 362
337 367
337 415
339 390
340 363
340 403
340 427
341 343
341 364
341 367
341 397
342 349
342 366
342 384
343 395
344 346
344 407
344 429
345 360
345 419
346 352
346 402
346 406
347 357
347 406
348 368
348 380
348 401
348 408
349 380
350 408
351 399
351 429
353 354
354 379
355 396
358 364
358 395
358 424
360 363
360 391
360 394
360 401
360 402
360 408
360 412
360 423
361 421
362 415
363 383
366 375
366 384
366 400
366 420
366 422
367 389
368 372
368 396
370 412
371 398
373 418
374 424
375 376
375 378
376 390
376 411
376 420
379 381
379 416
385 387
387 397
388 405
388 412
389 416
390 410
390 418
392 426
393 395
395 425
403 411
406 408
406 429
413 414
414 416
416 429
