0 1
0 2
0 3
0 4
0 5
0 6
0 7
0 8
0 9
0 10
0 11
0 12
0 13
0 14
0 15
0 16
0 17
0 18
0 19
0 20
0 21
0 22
0 23
0 24
0 25
0 26
0 27
0 28
0 29
0 30
0 31
0 32
0 33
0 34
0 36
0 37
0 38
0 39
0 40
0 41
0 43
0 45
0 46
0 47
0 52
0 56
0 57
0 58
0 60
0 63
0 64
0 65
0 66
0 70
0 73
0 74
0 75
0 77
0 78
0 79
0 88
0 90
0 91
0 93
0 102
0 105
0 112
0 114
0 117
0 119
0 130
0 135
0 145
0 155
0 157
0 159
0 163
0 167
0 168
0 169
0 176
0 183
0 202
0 203
0 205
0 209
0 215
0 223
0 226
0 236
0 255
0 257
0 261
0 267
0 283
0 287
0 294
0 295
0 297
0 299
0 331
0 334
0 339
0 358
0 362
0 366
0 373
0 403
0 405
0 408
0 426
0 429
0 434
0 438
0 448
0 466
0 479
0 480
0 488
0 490
0 505
0 506
1 16
1 17
1 18
1 19
1 20
1 21
1 23
1 25
1 27
1 29
1 34
1 35
1 37
1 40
1 43
1 46
1 47
1 51
1 52
1 54
1 57
1 59
1 61
1 62
1 64
1 65
1 69
1 70
1 76
1 81
1 83
1 86
1 90
1 99
1 104
1 113
1 119
1 123
1 125
1 130
1 132
1 141
1 146
1 150
1 157
1 173
1 178
1 183
1 198
1 201
1 207
1 212
1 218
1 222
1 225
1 238
1 246
1 286
1 294
1 307
1 308
1 309
1 323
1 325
1 329
1 340
1 363
1 368
1 372
1 391
1 401
1 410
1 416
1 420
1 444
1 457
1 480
1 496
1 499
1 503
1 506
2 16
2 17
2 18
2 19
2 20
2 23
2 24
2 25
2 26
2 27
2 30
2 31
2 33
2 36
2 42
2 44
2 45
2 49
2 50
2 52
2 60
2 61
2 62
2 64
2 66
2 71
2 76
2 77
2 79
2 84
2 90
2 96
2 97
2 99
2 116
2 118
2 134
2 137
2 140
2 159
2 162
2 164
2 187
2 194
2 212
2 214
2 227
2 232
2 238
2 241
2 251
2 270
2 286
2 293
2 295
2 304
2 327
2 334
2 350
2 357
2 359
2 376
2 383
2 423
2 427
2 438
2 447
2 452
2 488
2 489
2 494
2 496
3 16
3 17
3 19
3 24
3 25
3 30
3 32
3 33
3 35
3 36
3 46
3 47
3 49
3 53
3 55
3 57
3 59
3 61
3 65
3 76
3 82
3 86
3 87
3 89
3 93
3 94
3 96
3 97
3 99
3 106
3 111
3 113
3 114
3 118
3 125
3 127
3 130
3 131
3 134
3 144
3 148
3 155
3 159
3 161
3 163
3 165
3 173
3 175
3 176
3 180
3 184
3 188
3 195
3 197
3 201
3 202
3 205
3 210
3 221
3 229
3 233
3 236
3 238
3 250
3 251
3 264
3 271
3 275
3 302
3 306
3 307
3 315
3 327
3 332
3 336
3 368
3 376
3 378
3 400
3 402
3 410
3 420
3 425
3 426
3 467
3 479
3 495
3 496
4 16
4 17
4 18
4 19
4 20
4 21
4 22
4 23
4 25
4 26
4 27
4 28
4 29
4 32
4 33
4 34
4 35
4 36
4 43
4 44
4 47
4 48
4 50
4 52
4 57
4 58
4 59
4 63
4 66
4 68
4 69
4 72
4 74
4 76
4 77
4 83
4 86
4 91
4 111
4 113
4 114
4 124
4 127
4 128
4 129
4 130
4 132
4 134
4 135
4 142
4 145
4 146
4 147
4 160
4 167
4 168
4 169
4 175
4 182
4 191
4 199
4 207
4 213
4 216
4 219
4 225
4 227
4 237
4 239
4 252
4 267
4 287
4 291
4 294
4 300
4 307
4 311
4 319
4 321
4 330
4 333
4 339
4 348
4 354
4 357
4 358
4 359
4 365
4 366
4 381
4 386
4 388
4 396
4 402
4 405
4 406
4 414
4 428
4 439
4 453
4 468
4 472
4 475
4 480
4 487
4 499
4 502
5 16
5 17
5 18
5 19
5 20
5 25
5 27
5 30
5 31
5 33
5 34
5 37
5 45
5 63
5 66
5 71
5 79
5 90
5 101
5 115
5 139
5 140
5 142
5 144
5 155
5 156
5 157
5 180
5 186
5 196
5 198
5 200
5 250
5 256
5 261
5 286
5 299
5 306
5 313
5 318
5 346
5 364
5 372
5 379
5 380
5 396
5 426
5 435
5 452
5 455
5 472
5 502
6 16
6 17
6 18
6 19
6 20
6 21
6 22
6 24
6 31
6 32
6 34
6 39
6 48
6 49
6 61
6 67
6 81
6 88
6 90
6 93
6 99
6 119
6 134
6 146
6 158
6 174
6 192
6 197
6 200
6 209
6 228
6 243
6 283
6 294
6 295
6 306
6 338
6 362
6 364
6 384
6 433
6 477
7 16
7 17
7 18
7 19
7 22
7 23
7 24
7 25
7 27
7 28
7 29
7 31
7 37
7 40
7 53
7 59
7 61
7 68
7 71
7 80
7 100
7 101
7 112
7 193
7 212
7 213
7 218
7 227
7 265
7 272
7 295
7 312
7 321
7 343
7 366
7 399
7 409
7 448
7 470
7 486
7 496
7 501
8 16
8 17
8 35
8 37
8 47
8 48
8 89
8 91
8 92
8 153
8 237
8 385
9 16
9 17
9 18
9 19
9 20
9 21
9 22
9 23
9 25
9 30
9 35
9 38
9 39
9 40
9 41
9 42
9 53
9 54
9 55
9 56
9 68
9 96
9 126
9 140
9 148
9 162
9 177
9 181
9 183
9 186
9 187
9 191
9 199
9 208
9 215
9 216
9 218
9 224
9 232
9 244
9 249
9 250
9 258
9 273
9 282
9 291
9 369
9 382
9 395
9 411
9 412
9 421
9 437
9 442
9 473
9 481
9 485
9 500
9 508
10 16
10 17
10 18
10 19
10 20
10 21
10 22
10 23
10 25
10 26
10 28
10 33
10 36
10 40
10 41
10 44
10 45
10 46
10 47
10 48
10 51
10 55
10 56
10 58
10 63
10 71
10 81
10 83
10 89
10 90
10 110
10 134
10 150
10 153
10 169
10 173
10 174
10 177
10 183
10 190
10 200
10 201
10 221
10 225
10 227
10 232
10 248
10 255
10 265
10 293
10 295
10 298
10 300
10 307
10 356
10 377
10 398
10 408
10 428
10 432
10 456
10 458
10 496
10 507
11 16
11 17
11 18
11 20
11 21
11 22
11 24
11 32
11 35
11 43
11 44
11 52
11 76
11 87
11 94
11 106
11 107
11 109
11 114
11 131
11 134
11 147
11 170
11 187
11 194
11 198
11 205
11 224
11 231
11 244
11 245
11 247
11 271
11 272
11 278
11 289
11 309
11 310
11 314
11 320
11 328
11 336
11 363
11 373
11 380
11 381
11 406
11 412
11 424
11 432
11 436
11 461
11 465
11 483
11 491
11 501
12 16
12 18
12 21
12 22
12 24
12 25
12 27
12 28
12 31
12 33
12 37
12 38
12 40
12 42
12 46
12 54
12 58
12 61
12 64
12 65
12 69
12 70
12 72
12 75
12 83
12 93
12 104
12 106
12 108
12 109
12 112
12 122
12 132
12 136
12 137
12 138
12 140
12 151
12 156
12 159
12 162
12 176
12 182
12 185
12 189
12 190
12 192
12 201
12 204
12 205
12 220
12 239
12 246
12 249
12 253
12 266
12 272
12 285
12 287
12 293
12 303
12 304
12 320
12 325
12 327
12 343
12 345
12 350
12 362
12 368
12 376
12 389
12 418
12 429
12 441
12 444
12 446
12 469
12 482
12 491
12 506
13 16
13 17
13 18
13 19
13 20
13 21
13 22
13 23
13 26
13 30
13 31
13 34
13 37
13 39
13 41
13 43
13 44
13 45
13 51
13 52
13 54
13 57
13 58
13 60
13 64
13 75
13 79
13 81
13 92
13 95
13 100
13 122
13 124
13 128
13 135
13 139
13 142
13 143
13 145
13 148
13 152
13 158
13 164
13 166
13 167
13 168
13 176
13 186
13 212
13 222
13 235
13 253
13 271
13 273
13 277
13 282
13 294
13 302
13 303
13 304
13 308
13 316
13 324
13 328
13 334
13 349
13 352
13 369
13 374
13 377
13 398
13 399
13 404
13 406
13 413
13 421
13 425
13 430
13 441
13 453
13 466
13 474
13 480
13 511
14 16
14 17
14 18
14 19
14 20
14 21
14 22
14 26
14 27
14 29
14 31
14 33
14 38
14 47
14 49
14 57
14 71
14 80
14 109
14 122
14 140
14 150
14 154
14 170
14 239
14 248
14 280
14 285
14 291
14 327
14 338
14 355
14 366
14 380
14 470
14 477
14 484
15 26
15 126
16 17
16 18
16 19
16 20
16 21
16 22
16 23
16 24
16 25
16 26
16 27
16 28
16 29
16 30
16 31
16 32
16 33
16 34
16 37
16 39
16 40
16 41
16 42
16 43
16 44
16 47
16 48
16 50
16 51
16 52
16 53
16 54
16 55
16 56
16 61
16 62
16 65
16 66
16 67
16 69
16 70
16 72
16 74
16 75
16 77
16 78
16 80
16 82
16 84
16 85
16 88
16 89
16 93
16 94
16 96
16 99
16 101
16 103
16 105
16 110
16 113
16 115
16 117
16 118
16 120
16 121
16 124
16 126
16 127
16 128
16 131
16 136
16 147
16 154
16 156
16 158
16 163
16 175
16 184
16 185
16 195
16 210
16 218
16 225
16 228
16 230
16 234
16 237
16 238
16 251
16 253
16 259
16 261
16 277
16 287
16 288
16 290
16 295
16 298
16 316
16 318
16 319
16 326
16 329
16 333
16 338
16 352
16 353
16 354
16 357
16 370
16 379
16 383
16 394
16 403
16 405
16 408
16 413
16 419
16 420
16 424
16 426
16 435
16 437
16 442
16 443
16 448
16 471
16 473
16 474
16 489
16 499
16 504
16 508
17 18
17 19
17 20
17 21
17 22
17 23
17 24
17 25
17 26
17 27
17 28
17 29
17 30
17 31
17 32
17 34
17 35
17 36
17 37
17 39
17 40
17 41
17 42
17 47
17 49
17 51
17 52
17 53
17 55
17 58
17 59
17 70
17 72
17 74
17 75
17 79
17 83
17 85
17 87
17 98
17 101
17 107
17 115
17 118
17 122
17 128
17 132
17 137
17 149
17 161
17 163
17 164
17 171
17 173
17 178
17 182
17 207
17 211
17 217
17 224
17 226
17 227
17 233
17 234
17 238
17 245
17 249
17 256
17 293
17 297
17 301
17 304
17 307
17 310
17 313
17 320
17 322
17 335
17 340
17 342
17 343
17 348
17 353
17 355
17 362
17 369
17 375
17 378
17 381
17 383
17 413
17 421
17 427
17 440
17 442
17 465
17 469
17 477
17 484
17 485
17 486
18 19
18 20
18 21
18 23
18 24
18 26
18 27
18 28
18 29
18 33
18 34
18 35
18 36
18 38
18 39
18 41
18 42
18 43
18 44
18 45
18 46
18 50
18 57
18 67
18 68
18 70
18 71
18 73
18 74
18 77
18 78
18 79
18 80
18 84
18 85
18 94
18 95
18 101
18 104
18 109
18 111
18 113
18 115
18 120
18 121
18 123
18 135
18 143
18 145
18 156
18 163
18 170
18 172
18 175
18 187
18 189
18 191
18 193
18 199
18 200
18 216
18 222
18 228
18 232
18 241
18 247
18 270
18 275
18 276
18 278
18 280
18 296
18 297
18 305
18 308
18 316
18 319
18 324
18 325
18 332
18 350
18 370
18 373
18 383
18 385
18 387
18 391
18 392
18 416
18 423
18 425
18 437
18 444
18 448
18 461
18 462
18 473
18 479
18 488
18 492
18 493
18 504
18 510
19 20
19 21
19 22
19 23
19 24
19 25
19 26
19 28
19 29
19 30
19 32
19 39
19 41
19 42
19 44
19 45
19 50
19 51
19 58
19 62
19 65
19 67
19 68
19 69
19 70
19 73
19 75
19 77
19 82
19 83
19 84
19 87
19 90
19 91
19 95
19 104
19 113
19 114
19 116
19 119
19 122
19 123
19 129
19 135
19 137
19 151
19 157
19 158
19 162
19 166
19 167
19 172
19 177
19 179
19 181
19 182
19 189
19 195
19 208
19 211
19 220
19 222
19 240
19 244
19 247
19 265
19 267
19 268
19 269
19 289
19 290
19 295
19 299
19 302
19 303
19 313
19 317
19 318
19 329
19 332
19 335
19 342
19 343
19 347
19 364
19 367
19 369
19 388
19 395
19 408
19 409
19 424
19 439
19 456
19 462
19 463
19 471
19 476
19 478
19 480
19 488
19 490
19 496
19 497
19 505
20 21
20 22
20 23
20 24
20 25
20 26
20 28
20 29
20 30
20 35
20 37
20 38
20 39
20 44
20 46
20 48
20 50
20 51
20 53
20 55
20 56
20 58
20 64
20 76
20 77
20 87
20 88
20 91
20 98
20 100
20 102
20 103
20 111
20 119
20 126
20 138
20 145
20 147
20 152
20 155
20 158
20 181
20 185
20 211
20 213
20 214
20 217
20 221
20 241
20 251
20 254
20 266
20 276
20 289
20 300
20 310
20 328
20 330
20 337
20 382
20 387
20 398
20 414
20 423
20 429
20 451
20 459
20 460
20 474
20 481
21 22
21 23
21 24
21 26
21 27
21 28
21 29
21 30
21 31
21 34
21 38
21 39
21 42
21 49
21 58
21 59
21 60
21 64
21 66
21 67
21 68
21 69
21 72
21 73
21 76
21 77
21 78
21 80
21 82
21 85
21 86
21 91
21 98
21 102
21 105
21 107
21 108
21 109
21 110
21 126
21 135
21 137
21 138
21 139
21 160
21 165
21 170
21 177
21 179
21 194
21 195
21 196
21 217
21 218
21 237
21 243
21 262
21 266
21 276
21 285
21 297
21 302
21 319
21 323
21 337
21 338
21 354
21 381
21 392
21 394
21 395
21 416
21 420
21 429
21 433
21 461
21 466
21 476
21 487
22 23
22 24
22 25
22 26
22 28
22 29
22 30
22 31
22 34
22 35
22 37
22 38
22 40
22 46
22 48
22 49
22 51
22 52
22 53
22 60
22 61
22 69
22 70
22 74
22 76
22 77
22 80
22 83
22 84
22 85
22 88
22 94
22 95
22 103
22 106
22 110
22 113
22 114
22 115
22 118
22 119
22 125
22 126
22 131
22 143
22 144
22 147
22 152
22 161
22 164
22 165
22 166
22 169
22 178
22 181
22 185
22 198
22 200
22 207
22 212
22 215
22 220
22 230
22 239
22 240
22 242
22 247
22 254
22 257
22 259
22 261
22 264
22 269
22 289
22 292
22 294
22 299
22 328
22 337
22 352
22 362
22 365
22 382
22 390
22 391
22 395
22 396
22 397
22 398
22 408
22 409
22 440
22 445
22 454
22 458
22 461
22 472
22 476
22 486
22 504
22 507
22 509
23 24
23 28
23 32
23 34
23 36
23 37
23 41
23 42
23 46
23 51
23 52
23 56
23 58
23 59
23 62
23 66
23 67
23 72
23 73
23 76
23 78
23 79
23 85
23 88
23 94
23 97
23 98
23 99
23 103
23 109
23 120
23 122
23 125
23 126
23 133
23 138
23 148
23 151
23 164
23 166
23 170
23 175
23 179
23 189
23 191
23 193
23 196
23 203
23 223
23 227
23 229
23 233
23 240
23 257
23 260
23 261
23 263
23 273
23 281
23 282
23 283
23 293
23 302
23 308
23 316
23 318
23 319
23 332
23 336
23 352
23 357
23 358
23 360
23 386
23 389
23 401
23 403
23 427
23 439
23 442
23 458
23 472
23 477
23 481
23 483
23 484
23 493
23 499
23 502
23 503
24 26
24 27
24 29
24 30
24 31
24 33
24 36
24 37
24 41
24 42
24 46
24 47
24 52
24 54
24 55
24 57
24 59
24 62
24 69
24 72
24 73
24 82
24 90
24 92
24 94
24 99
24 111
24 115
24 116
24 118
24 121
24 127
24 128
24 129
24 132
24 138
24 140
24 167
24 173
24 175
24 189
24 195
24 202
24 209
24 214
24 216
24 217
24 220
24 232
24 241
24 245
24 260
24 283
24 287
24 312
24 324
24 328
24 351
24 356
24 383
24 391
24 396
24 410
24 428
24 429
24 439
24 442
24 444
24 455
24 457
24 490
24 491
24 494
25 27
25 29
25 31
25 32
25 33
25 34
25 35
25 40
25 41
25 43
25 44
25 45
25 50
25 55
25 56
25 58
25 60
25 61
25 63
25 67
25 70
25 73
25 76
25 78
25 79
25 82
25 88
25 89
25 92
25 101
25 108
25 116
25 120
25 131
25 135
25 141
25 148
25 166
25 172
25 174
25 177
25 179
25 185
25 188
25 219
25 221
25 222
25 225
25 235
25 244
25 257
25 259
25 260
25 268
25 270
25 290
25 295
25 301
25 329
25 333
25 341
25 345
25 346
25 368
25 369
25 377
25 381
25 389
25 397
25 405
25 431
25 442
25 445
25 446
25 447
25 479
25 484
25 492
26 27
26 28
26 32
26 33
26 34
26 38
26 43
26 46
26 54
26 56
26 59
26 60
26 63
26 68
26 71
26 73
26 79
26 80
26 85
26 86
26 88
26 91
26 92
26 95
26 97
26 100
26 104
26 108
26 110
26 113
26 117
26 118
26 119
26 123
26 127
26 132
26 133
26 137
26 139
26 142
26 151
26 154
26 157
26 159
26 169
26 170
26 176
26 179
26 181
26 186
26 188
26 193
26 198
26 200
26 201
26 215
26 227
26 230
26 231
26 233
26 236
26 241
26 245
26 260
26 271
26 273
26 275
26 277
26 285
26 286
26 296
26 301
26 311
26 326
26 334
26 338
26 340
26 345
26 353
26 356
26 364
26 365
26 374
26 375
26 384
26 400
26 406
26 407
26 408
26 411
26 413
26 415
26 417
26 427
26 430
26 437
26 439
26 441
26 447
26 454
26 462
26 485
26 499
26 504
26 507
26 508
26 509
27 28
27 29
27 32
27 35
27 39
27 41
27 43
27 44
27 45
27 46
27 47
27 50
27 54
27 55
27 56
27 58
27 63
27 68
27 71
27 74
27 84
27 85
27 86
27 92
27 97
27 100
27 108
27 116
27 117
27 123
27 126
27 129
27 132
27 134
27 141
27 143
27 151
27 161
27 165
27 167
27 169
27 170
27 171
27 177
27 179
27 182
27 183
27 192
27 195
27 204
27 205
27 209
27 211
27 217
27 219
27 220
27 224
27 226
27 229
27 239
27 251
27 259
27 279
27 283
27 286
27 319
27 323
27 329
27 333
27 347
27 355
27 359
27 362
27 370
27 378
27 385
27 402
27 409
27 416
27 418
27 424
27 425
27 430
27 436
27 442
27 446
27 459
27 461
27 484
27 489
27 501
27 507
28 30
28 32
28 35
28 36
28 38
28 40
28 41
28 43
28 47
28 48
28 55
28 58
28 63
28 69
28 70
28 72
28 81
28 89
28 92
28 103
28 107
28 115
28 118
28 122
28 131
28 133
28 142
28 146
28 149
28 160
28 162
28 168
28 181
28 183
28 186
28 194
28 197
28 200
28 211
28 212
28 235
28 261
28 264
28 265
28 270
28 290
28 301
28 332
28 361
28 373
28 378
28 380
28 451
28 453
28 485
28 486
28 510
28 511
29 30
29 31
29 33
29 36
29 38
29 39
29 42
29 43
29 44
29 45
29 46
29 47
29 48
29 49
29 53
29 54
29 56
29 60
29 61
29 63
29 65
29 66
29 71
29 85
29 89
29 98
29 100
29 102
29 117
29 121
29 128
29 133
29 138
29 139
29 140
29 149
29 154
29 160
29 163
29 166
29 168
29 171
29 173
29 176
29 177
29 178
29 187
29 190
29 194
29 208
29 222
29 224
29 225
29 231
29 246
29 255
29 268
29 280
29 288
29 304
29 306
29 307
29 308
29 317
29 327
29 337
29 344
29 345
29 372
29 379
29 380
29 393
29 394
29 398
29 400
29 403
29 415
29 435
29 439
29 443
29 452
29 457
29 476
29 480
29 505
29 507
29 508
29 511
30 32
30 34
30 36
30 38
30 39
30 43
30 50
30 51
30 52
30 53
30 54
30 57
30 61
30 65
30 67
30 79
30 82
30 84
30 91
30 94
30 97
30 102
30 107
30 109
30 110
30 117
30 119
30 123
30 126
30 131
30 152
30 165
30 170
30 171
30 178
30 179
30 184
30 191
30 194
30 195
30 219
30 223
30 232
30 247
30 248
30 251
30 258
30 264
30 268
30 278
30 289
30 294
30 305
30 309
30 313
30 315
30 325
30 331
30 336
30 356
30 360
30 368
30 379
30 380
30 381
30 383
30 393
30 396
30 399
30 408
30 409
30 413
30 452
30 486
30 491
30 493
30 506
31 32
31 33
31 38
31 39
31 40
31 46
31 51
31 60
31 61
31 62
31 75
31 82
31 95
31 102
31 107
31 108
31 117
31 119
31 120
31 146
31 158
31 162
31 165
31 169
31 172
31 189
31 217
31 228
31 229
31 231
31 265
31 266
31 270
31 306
31 317
31 353
31 366
31 377
31 380
31 425
31 433
31 435
31 467
31 486
31 502
32 35
32 36
32 37
32 40
32 42
32 44
32 49
32 51
32 54
32 56
32 57
32 65
32 68
32 71
32 72
32 73
32 78
32 81
32 84
32 87
32 106
32 113
32 136
32 145
32 148
32 161
32 166
32 171
32 173
32 184
32 197
32 199
32 207
32 219
32 226
32 235
32 242
32 243
32 251
32 256
32 263
32 264
32 270
32 278
32 282
32 287
32 288
32 289
32 294
32 298
32 343
32 358
32 371
32 394
32 395
32 404
32 422
32 456
32 490
32 501
32 504
33 35
33 40
33 43
33 87
33 89
33 92
33 93
33 96
33 98
33 101
33 102
33 107
33 110
33 132
33 133
33 136
33 141
33 154
33 157
33 169
33 188
33 191
33 205
33 210
33 219
33 229
33 233
33 241
33 248
33 250
33 254
33 260
33 274
33 281
33 287
33 292
33 299
33 311
33 314
33 319
33 324
33 331
33 336
33 353
33 371
33 380
33 387
33 393
33 398
33 406
33 416
33 418
33 425
33 435
33 443
33 454
33 464
33 504
33 510
34 36
34 41
34 45
34 48
34 49
34 56
34 60
34 64
34 71
34 77
34 81
34 82
34 84
34 87
34 91
34 93
34 94
34 95
34 103
34 104
34 105
34 112
34 113
34 117
34 124
34 125
34 130
34 132
34 133
34 139
34 141
34 142
34 148
34 150
34 152
34 153
34 154
34 184
34 192
34 195
34 196
34 213
34 214
34 228
34 231
34 233
34 237
34 239
34 240
34 253
34 258
34 261
34 265
34 272
34 281
34 290
34 299
34 311
34 320
34 335
34 340
34 345
34 351
34 352
34 356
34 367
34 368
34 371
34 387
34 394
34 400
34 404
34 405
34 408
34 411
34 412
34 421
34 438
34 440
34 442
34 455
34 457
34 463
34 497
35 36
35 37
35 48
35 49
35 50
35 51
35 52
35 54
35 56
35 57
35 67
35 72
35 78
35 80
35 81
35 83
35 86
35 107
35 117
35 125
35 128
35 143
35 144
35 147
35 148
35 149
35 167
35 169
35 176
35 187
35 189
35 202
35 209
35 233
35 242
35 244
35 245
35 262
35 283
35 284
35 307
35 313
35 323
35 351
35 372
35 384
35 391
35 396
35 411
35 446
35 453
35 455
35 465
35 472
35 479
35 482
35 484
36 38
36 39
36 44
36 45
36 48
36 49
36 55
36 60
36 63
36 66
36 68
36 72
36 75
36 76
36 79
36 80
36 82
36 83
36 84
36 89
36 91
36 96
36 97
36 104
36 105
36 116
36 120
36 125
36 131
36 133
36 136
36 139
36 146
36 159
36 163
36 166
36 172
36 178
36 190
36 196
36 200
36 204
36 206
36 220
36 241
36 260
36 266
36 274
36 282
36 289
36 290
36 293
36 305
36 308
36 312
36 313
36 314
36 327
36 340
36 357
36 367
36 375
36 379
36 391
36 410
36 415
36 429
36 440
36 442
36 443
36 456
36 462
36 491
36 505
37 38
37 40
37 47
37 53
37 65
37 67
37 71
37 74
37 76
37 87
37 102
37 105
37 109
37 112
37 113
37 121
37 135
37 141
37 142
37 153
37 161
37 165
37 175
37 180
37 214
37 224
37 227
37 228
37 248
37 250
37 252
37 301
37 328
37 337
37 346
37 365
37 369
37 379
37 387
37 398
37 402
37 410
37 432
37 447
37 449
37 454
37 458
37 461
37 470
37 478
37 482
37 494
37 505
37 509
38 41
38 49
38 59
38 60
38 62
38 69
38 75
38 78
38 83
38 84
38 85
38 88
38 92
38 95
38 102
38 106
38 110
38 112
38 115
38 118
38 128
38 143
38 154
38 159
38 171
38 178
38 197
38 204
38 206
38 231
38 248
38 268
38 272
38 274
38 311
38 314
38 331
38 346
38 359
38 364
38 382
38 401
38 418
38 423
38 450
38 489
38 490
38 505
39 42
39 44
39 46
39 49
39 50
39 53
39 71
39 75
39 85
39 92
39 98
39 102
39 106
39 107
39 108
39 115
39 123
39 127
39 130
39 149
39 156
39 157
39 160
39 162
39 163
39 164
39 167
39 175
39 223
39 228
39 248
39 255
39 297
39 344
39 349
39 355
39 367
39 370
39 382
39 397
39 399
39 404
39 406
39 411
39 435
39 441
39 447
39 475
39 495
39 498
40 42
40 43
40 45
40 48
40 51
40 52
40 61
40 63
40 64
40 65
40 67
40 73
40 75
40 77
40 79
40 81
40 85
40 86
40 89
40 91
40 96
40 106
40 108
40 111
40 114
40 124
40 130
40 132
40 149
40 151
40 153
40 155
40 157
40 165
40 178
40 189
40 191
40 202
40 210
40 219
40 225
40 227
40 230
40 233
40 250
40 254
40 258
40 269
40 274
40 277
40 279
40 284
40 292
40 294
40 314
40 315
40 318
40 322
40 335
40 337
40 344
40 363
40 366
40 368
40 372
40 375
40 381
40 397
40 401
40 409
40 413
40 418
40 428
40 453
40 464
40 465
40 485
40 487
40 509
41 42
41 45
41 53
41 56
41 66
41 73
41 78
41 84
41 86
41 94
41 97
41 101
41 106
41 129
41 144
41 153
41 156
41 160
41 168
41 178
41 180
41 189
41 198
41 207
41 215
41 235
41 239
41 257
41 264
41 295
41 303
41 324
41 334
41 341
41 350
41 389
41 393
41 395
41 397
41 414
41 435
41 445
41 448
41 460
41 465
41 468
41 471
41 484
41 507
42 45
42 53
42 56
42 62
42 74
42 77
42 86
42 92
42 95
42 101
42 102
42 104
42 108
42 116
42 120
42 130
42 133
42 137
42 149
42 150
42 165
42 166
42 168
42 182
42 203
42 206
42 211
42 245
42 254
42 262
42 272
42 275
42 289
42 292
42 299
42 346
42 351
42 358
42 365
42 379
42 386
42 400
42 405
42 407
42 472
42 479
42 494
42 507
43 50
43 54
43 55
43 59
43 64
43 65
43 69
43 88
43 92
43 95
43 96
43 98
43 107
43 114
43 116
43 117
43 118
43 125
43 130
43 135
43 145
43 148
43 180
43 193
43 223
43 234
43 237
43 243
43 256
43 261
43 275
43 278
43 279
43 291
43 302
43 326
43 389
43 404
43 412
43 433
43 449
43 474
43 479
43 487
44 47
44 49
44 54
44 57
44 59
44 60
44 61
44 62
44 65
44 68
44 75
44 82
44 93
44 94
44 95
44 103
44 108
44 109
44 116
44 118
44 127
44 136
44 139
44 141
44 143
44 151
44 152
44 156
44 159
44 199
44 205
44 206
44 210
44 218
44 238
44 240
44 269
44 276
44 277
44 279
44 280
44 289
44 309
44 310
44 312
44 321
44 339
44 340
44 353
44 355
44 370
44 413
44 437
44 438
44 456
44 459
44 471
44 472
44 475
44 477
44 478
44 487
44 491
44 496
44 498
44 502
45 58
45 64
45 68
45 74
45 99
45 101
45 106
45 107
45 122
45 125
45 127
45 128
45 142
45 152
45 159
45 178
45 185
45 187
45 192
45 227
45 229
45 235
45 243
45 247
45 252
45 265
45 279
45 285
45 290
45 299
45 332
45 333
45 349
45 377
45 417
45 418
45 419
45 426
45 467
46 48
46 55
46 62
46 76
46 87
46 88
46 89
46 99
46 114
46 120
46 154
46 157
46 158
46 194
46 201
46 202
46 219
46 223
46 229
46 235
46 292
46 400
46 420
46 427
46 433
46 501
47 48
47 50
47 51
47 52
47 55
47 57
47 58
47 62
47 66
47 76
47 85
47 111
47 113
47 117
47 126
47 150
47 152
47 159
47 168
47 180
47 204
47 244
47 294
47 304
47 345
47 385
47 387
47 407
47 410
47 468
47 486
47 501
47 509
48 50
48 53
48 57
48 60
48 61
48 63
48 64
48 68
48 69
48 72
48 73
48 76
48 91
48 105
48 113
48 121
48 128
48 131
48 134
48 135
48 153
48 158
48 163
48 179
48 185
48 197
48 201
48 208
48 213
48 223
48 232
48 236
48 242
48 249
48 281
48 289
48 298
48 301
48 325
48 329
48 333
48 341
48 349
48 354
48 355
48 365
48 390
48 395
48 399
48 401
48 408
48 424
48 442
48 465
48 477
48 495
49 50
49 53
49 55
49 62
49 64
49 91
49 100
49 115
49 125
49 145
49 149
49 153
49 221
49 226
49 242
49 274
49 283
49 294
49 298
49 313
49 318
49 384
49 393
49 417
49 424
49 426
49 429
49 451
49 468
49 475
49 476
50 79
50 88
50 136
50 146
50 150
50 155
50 162
50 183
50 184
50 227
50 230
50 234
50 252
50 303
50 305
50 357
50 373
50 386
50 392
50 483
51 63
51 65
51 74
51 80
51 81
51 88
51 92
51 114
51 115
51 129
51 142
51 170
51 216
51 233
51 246
51 276
51 301
51 309
51 320
51 349
51 359
51 377
51 386
51 394
51 411
51 499
51 504
52 54
52 59
52 62
52 63
52 71
52 81
52 83
52 89
52 90
52 92
52 99
52 109
52 119
52 122
52 125
52 150
52 153
52 174
52 177
52 179
52 186
52 193
52 197
52 202
52 203
52 205
52 232
52 274
52 278
52 280
52 283
52 306
52 315
52 316
52 327
52 334
52 339
52 340
52 346
52 370
52 419
52 422
52 429
52 449
52 450
52 459
52 463
53 59
53 64
53 65
53 68
53 82
53 90
53 106
53 107
53 110
53 111
53 119
53 126
53 146
53 155
53 160
53 167
53 168
53 170
53 174
53 187
53 191
53 220
53 259
53 262
53 269
53 317
53 321
53 331
53 353
53 354
53 372
53 392
53 396
53 421
53 483
54 62
54 66
54 80
54 89
54 93
54 108
54 112
54 114
54 115
54 117
54 136
54 146
54 180
54 198
54 208
54 214
54 257
54 268
54 296
54 307
54 334
54 337
54 344
54 347
54 355
54 364
54 386
54 401
54 427
54 441
54 453
54 464
54 475
54 487
54 497
55 57
55 59
55 63
55 69
55 75
55 86
55 87
55 88
55 95
55 98
55 99
55 100
55 102
55 109
55 112
55 121
55 124
55 133
55 140
55 145
55 153
55 159
55 175
55 182
55 183
55 186
55 190
55 228
55 230
55 238
55 239
55 241
55 245
55 272
55 277
55 282
55 315
55 343
55 349
55 364
55 386
55 401
55 420
55 425
55 430
55 436
55 437
55 450
55 474
56 60
56 97
56 146
56 163
56 186
56 187
56 199
56 202
56 213
56 217
56 221
56 234
56 269
56 297
56 302
56 342
56 348
56 369
56 374
56 439
56 458
56 461
57 70
57 79
57 80
57 82
57 85
57 104
57 122
57 123
57 124
57 134
57 150
57 171
57 174
57 182
57 193
57 195
57 199
57 254
57 256
57 263
57 270
57 274
57 297
57 305
57 314
57 334
57 337
57 341
57 349
57 365
57 396
57 399
57 402
57 413
57 418
57 429
57 462
57 495
57 509
58 66
58 67
58 70
58 73
58 75
58 83
58 99
58 111
58 126
58 129
58 131
58 141
58 142
58 162
58 173
58 188
58 197
58 222
58 238
58 244
58 246
58 254
58 286
58 295
58 315
58 316
58 335
58 337
58 338
58 347
58 355
58 403
58 426
58 430
58 431
58 478
58 499
58 506
58 508
58 511
59 64
59 67
59 68
59 74
59 80
59 90
59 93
59 96
59 97
59 98
59 105
59 114
59 119
59 122
59 127
59 131
59 134
59 138
59 140
59 141
59 142
59 143
59 146
59 155
59 158
59 176
59 184
59 191
59 201
59 207
59 208
59 212
59 215
59 222
59 236
59 261
59 262
59 265
59 268
59 273
59 294
59 305
59 309
59 323
59 324
59 334
59 341
59 346
59 351
59 354
59 361
59 367
59 378
59 398
59 424
59 432
59 444
59 459
59 474
59 477
59 479
59 482
60 70
60 75
60 97
60 103
60 136
60 138
60 156
60 185
60 198
60 209
60 232
60 242
60 253
60 254
60 259
60 267
60 280
60 311
60 341
60 391
60 394
60 417
60 422
60 436
60 486
60 501
61 102
61 105
61 134
61 144
61 181
61 188
61 208
61 221
61 240
61 248
61 254
61 275
61 282
61 285
61 297
61 313
61 361
61 363
61 367
61 368
61 397
61 406
61 443
61 469
61 477
61 504
62 69
62 72
62 73
62 99
62 102
62 128
62 135
62 137
62 151
62 153
62 158
62 168
62 190
62 198
62 200
62 202
62 208
62 216
62 221
62 237
62 238
62 248
62 252
62 286
62 320
62 324
62 339
62 341
62 353
62 359
62 382
62 389
62 405
62 411
62 418
62 421
62 433
62 434
62 460
62 467
62 487
62 510
63 66
63 78
63 81
63 92
63 101
63 108
63 121
63 139
63 156
63 168
63 177
63 190
63 202
63 207
63 230
63 232
63 233
63 271
63 293
63 298
63 299
63 300
63 317
63 332
63 349
63 368
63 383
63 390
63 421
63 429
63 438
63 462
63 465
63 467
63 489
63 510
64 66
64 67
64 78
64 84
64 86
64 90
64 93
64 94
64 124
64 126
64 147
64 150
64 173
64 176
64 183
64 184
64 198
64 224
64 231
64 243
64 261
64 262
64 307
64 313
64 320
64 327
64 347
64 351
64 352
64 375
64 388
64 390
64 402
64 409
64 410
64 442
64 444
64 459
64 466
64 473
64 475
64 498
65 67
65 69
65 73
65 77
65 81
65 105
65 127
65 172
65 191
65 228
65 245
65 255
65 270
65 278
65 293
65 333
65 382
65 384
65 385
65 399
65 404
65 475
65 490
65 491
66 70
66 87
66 107
66 112
66 114
66 116
66 117
66 138
66 155
66 170
66 177
66 180
66 219
66 267
66 271
66 273
66 281
66 291
66 297
66 300
66 303
66 310
66 344
66 370
66 385
66 405
66 430
66 443
66 455
66 460
66 461
66 480
66 505
67 71
67 83
67 90
67 93
67 94
67 96
67 120
67 124
67 125
67 131
67 140
67 158
67 169
67 181
67 210
67 218
67 219
67 241
67 270
67 298
67 300
67 306
67 355
67 365
67 371
67 376
67 388
67 390
67 433
67 434
67 438
67 465
67 475
67 486
68 70
68 81
68 83
68 90
68 101
68 110
68 115
68 116
68 123
68 127
68 138
68 144
68 146
68 152
68 170
68 171
68 177
68 181
68 187
68 188
68 195
68 252
68 253
68 255
68 263
68 265
68 292
68 295
68 296
68 309
68 333
68 344
68 373
68 402
68 421
68 446
68 489
69 94
69 95
69 96
69 104
69 113
69 121
69 130
69 143
69 160
69 189
69 234
69 249
69 253
69 259
69 266
69 280
69 281
69 315
69 325
69 341
69 346
69 354
69 386
69 401
69 417
69 492
70 72
70 74
70 81
70 82
70 84
70 103
70 115
70 119
70 124
70 132
70 135
70 164
70 181
70 210
70 224
70 232
70 251
70 301
70 315
70 326
70 332
70 336
70 350
70 361
70 401
70 418
70 437
70 472
70 475
70 485
71 72
71 74
71 77
71 78
71 131
71 141
71 146
71 178
71 202
71 209
71 214
71 217
71 239
71 282
71 288
71 321
71 322
71 329
71 403
71 440
71 450
72 79
72 89
72 90
72 93
72 97
72 100
72 105
72 109
72 111
72 136
72 142
72 144
72 146
72 148
72 180
72 185
72 189
72 192
72 211
72 218
72 237
72 264
72 276
72 278
72 302
72 330
72 346
72 357
72 389
72 418
72 438
72 447
72 458
73 74
73 78
73 91
73 95
73 105
73 106
73 109
73 116
73 117
73 139
73 145
73 152
73 176
73 203
73 215
73 226
73 228
73 231
73 237
73 246
73 296
73 307
73 351
73 356
73 359
73 364
73 393
73 397
73 407
73 494
74 99
74 100
74 106
74 109
74 144
74 149
74 193
74 208
74 216
74 224
74 248
74 252
74 254
74 257
74 266
74 271
74 288
74 303
74 309
74 335
74 360
74 383
74 386
74 388
74 409
74 463
74 472
74 489
74 505
74 508
75 86
75 112
75 113
75 116
75 119
75 125
75 131
75 135
75 137
75 162
75 174
75 176
75 183
75 195
75 199
75 203
75 209
75 220
75 226
75 246
75 249
75 259
75 263
75 269
75 276
75 309
75 324
75 355
75 364
75 384
75 386
75 388
75 421
75 454
75 478
75 483
76 77
76 78
76 80
76 91
76 110
76 118
76 130
76 134
76 160
76 163
76 171
76 257
76 319
76 337
76 360
76 370
76 373
76 375
76 411
76 415
76 470
77 80
77 96
77 99
77 100
77 103
77 142
77 147
77 148
77 157
77 160
77 182
77 192
77 200
77 203
77 206
77 218
77 250
77 320
77 329
77 335
77 365
77 374
77 376
77 381
77 420
77 429
77 449
77 499
77 505
78 87
78 100
78 101
78 103
78 112
78 128
78 169
78 190
78 192
78 206
78 213
78 269
78 281
78 299
78 325
78 379
78 386
78 393
78 395
78 402
78 460
78 470
79 85
79 87
79 147
79 149
79 155
79 166
79 194
79 205
79 208
79 220
79 249
79 251
79 257
79 264
79 285
79 354
79 373
79 388
79 389
79 399
79 410
79 419
79 483
79 486
79 488
80 82
80 87
80 103
80 104
80 115
80 121
80 129
80 134
80 139
80 143
80 154
80 162
80 172
80 174
80 177
80 187
80 190
80 196
80 204
80 214
80 230
80 238
80 239
80 283
80 292
80 312
80 317
80 329
80 343
80 375
80 387
80 434
80 489
80 499
81 86
81 97
81 103
81 118
81 125
81 128
81 129
81 133
81 137
81 138
81 145
81 148
81 167
81 175
81 185
81 189
81 212
81 222
81 242
81 251
81 255
81 258
81 275
81 281
81 296
81 301
81 303
81 318
81 322
81 324
81 326
81 344
81 361
81 366
81 378
81 396
81 404
81 438
81 474
81 494
81 510
82 83
82 96
82 98
82 103
82 109
82 111
82 122
82 151
82 158
82 166
82 174
82 175
82 186
82 194
82 197
82 201
82 218
82 226
82 244
82 250
82 286
82 290
82 310
82 321
82 350
82 359
82 364
82 412
82 441
82 444
82 451
82 457
82 497
83 84
83 86
83 112
83 126
83 136
83 141
83 144
83 161
83 178
83 188
83 208
83 212
83 223
83 226
83 242
83 273
83 287
83 288
83 346
83 380
83 470
83 480
83 481
84 88
84 93
84 96
84 100
84 101
84 105
84 123
84 128
84 129
84 137
84 148
84 149
84 188
84 193
84 194
84 196
84 209
84 216
84 228
84 257
84 259
84 264
84 279
84 281
84 289
84 296
84 338
84 349
84 360
84 382
84 391
84 407
84 427
84 434
84 449
84 459
84 465
84 499
84 502
85 89
85 94
85 98
85 104
85 108
85 136
85 138
85 140
85 141
85 145
85 147
85 151
85 154
85 155
85 156
85 162
85 206
85 218
85 234
85 238
85 258
85 262
85 265
85 268
85 286
85 339
85 401
85 493
86 104
86 172
86 174
86 190
86 220
86 248
86 275
86 284
86 301
86 359
86 375
86 407
86 434
86 456
86 472
86 478
86 499
87 95
87 97
87 101
87 110
87 119
87 121
87 122
87 158
87 162
87 167
87 177
87 182
87 197
87 204
87 206
87 216
87 223
87 236
87 248
87 251
87 267
87 273
87 277
87 307
87 309
87 339
87 352
87 371
87 384
87 401
87 402
87 414
87 432
87 457
87 468
87 469
87 473
87 506
88 93
88 104
88 110
88 112
88 134
88 166
88 179
88 191
88 200
88 230
88 245
88 292
88 357
88 362
88 427
88 452
88 468
88 477
88 482
89 96
89 100
89 105
89 122
89 124
89 139
89 231
89 240
89 264
89 270
89 276
89 333
89 336
89 364
89 387
89 400
89 457
89 474
89 511
90 98
90 104
90 105
90 111
90 121
90 161
90 172
90 181
90 185
90 198
90 199
90 206
90 229
90 231
90 235
90 244
90 251
90 265
90 285
90 295
90 310
90 332
90 374
90 390
90 422
90 424
90 440
90 449
91 112
91 127
91 136
91 143
91 149
91 151
91 157
91 168
91 183
91 214
91 224
91 237
91 260
91 263
91 287
91 342
91 384
91 401
91 411
91 416
91 450
91 476
91 488
91 492
91 499
92 98
92 107
92 108
92 111
92 123
92 138
92 144
92 168
92 201
92 217
92 226
92 241
92 272
92 296
92 317
92 357
92 391
92 434
92 436
92 446
92 459
92 498
92 511
93 100
93 102
93 117
93 129
93 138
93 139
93 140
93 161
93 166
93 182
93 204
93 234
93 240
93 299
93 300
93 347
93 400
93 403
93 425
93 472
93 478
93 494
94 120
94 124
94 172
94 221
94 266
94 309
94 322
94 358
94 360
94 363
94 366
94 371
95 110
95 118
95 120
95 161
95 185
95 194
95 249
95 283
95 302
95 349
95 390
95 406
95 409
95 412
95 418
95 435
95 464
95 481
96 97
96 98
96 106
96 108
96 123
96 144
96 179
96 187
96 210
96 213
96 240
96 260
96 261
96 277
96 279
96 309
96 310
96 317
96 367
96 376
96 396
96 415
96 437
96 451
96 454
96 461
96 487
96 501
97 140
97 195
97 213
97 241
97 255
97 258
97 269
97 327
97 386
97 438
97 453
98 103
98 130
98 134
98 136
98 143
98 159
98 165
98 168
98 174
98 190
98 211
98 212
98 237
98 271
98 297
98 308
98 310
98 311
98 321
98 357
98 361
98 363
98 378
98 420
98 428
98 445
98 458
98 506
99 124
99 149
99 167
99 194
99 198
99 204
99 212
99 220
99 226
99 236
99 264
99 312
99 333
99 338
99 341
99 348
99 363
99 375
99 387
99 420
99 426
99 463
99 471
100 129
100 132
100 179
100 232
100 239
100 310
100 326
100 354
100 361
100 390
100 395
100 436
100 468
100 481
100 487
101 116
101 131
101 132
101 141
101 159
101 184
101 195
101 209
101 247
101 265
101 270
101 289
101 343
101 351
101 382
101 469
101 508
102 112
102 120
102 121
102 170
102 190
102 199
102 206
102 208
102 266
102 268
102 277
102 280
102 300
102 305
102 326
102 330
102 366
102 385
102 395
102 410
102 452
102 479
102 486
103 107
103 110
103 123
103 133
103 139
103 172
103 192
103 203
103 209
103 249
103 293
103 304
103 329
103 414
103 429
103 461
103 498
103 500
103 502
104 106
104 111
104 114
104 126
104 140
104 148
104 151
104 154
104 157
104 163
104 164
104 182
104 221
104 227
104 284
104 298
104 300
104 303
104 310
104 320
104 323
104 363
104 365
104 400
104 402
104 439
104 446
104 451
104 456
104 495
105 118
105 120
105 154
105 156
105 161
105 164
105 189
105 190
105 207
105 211
105 215
105 218
105 243
105 249
105 271
105 331
105 369
105 389
105 391
105 415
105 431
105 432
105 435
105 447
105 485
105 505
106 137
106 151
106 166
106 169
106 175
106 188
106 224
106 235
106 239
106 266
106 271
106 335
106 344
106 347
106 349
106 369
106 370
106 382
106 409
106 425
106 488
106 509
107 111
107 116
107 127
107 137
107 139
107 177
107 184
107 219
107 272
107 289
107 292
107 299
107 316
107 319
107 359
107 414
107 438
108 122
108 132
108 133
108 143
108 150
108 171
108 209
108 237
108 258
108 265
108 283
108 288
108 320
108 336
108 390
108 398
108 454
108 482
109 132
109 133
109 144
109 164
109 181
109 194
109 278
109 339
109 340
109 402
109 433
109 466
109 482
110 145
110 147
110 150
110 162
110 186
110 189
110 212
110 221
110 256
110 289
110 295
110 304
110 314
110 325
110 328
110 367
110 371
110 390
110 434
110 441
110 450
110 451
110 462
111 114
111 152
111 155
111 159
111 164
111 181
111 192
111 202
111 203
111 205
111 266
111 311
111 314
111 333
111 334
111 347
111 371
111 378
111 385
111 432
111 447
111 453
111 460
111 466
111 467
112 129
112 152
112 164
112 172
112 175
112 193
112 209
112 214
112 220
112 223
112 260
112 262
112 314
112 316
112 337
112 344
112 357
112 392
112 394
112 419
112 442
112 467
112 476
112 504
112 511
113 120
113 121
113 123
113 129
113 135
113 157
113 161
113 167
113 176
113 187
113 197
113 216
113 221
113 225
113 236
113 259
113 277
113 285
113 286
113 317
113 321
113 324
113 332
113 344
113 364
113 394
113 437
113 494
113 495
114 124
114 127
114 142
114 143
114 163
114 165
114 186
114 211
114 252
114 255
114 256
114 291
114 300
114 305
114 306
114 307
114 336
114 350
114 360
114 382
114 388
114 389
114 394
114 400
114 407
114 430
114 448
114 457
114 491
114 493
114 511
115 120
115 121
115 123
115 149
115 184
115 191
115 202
115 206
115 224
115 237
115 286
115 298
115 300
115 324
115 338
115 350
115 403
115 446
116 130
116 180
116 210
116 220
116 235
116 242
116 246
116 275
116 296
116 326
116 372
116 428
116 497
117 130
117 141
117 147
117 182
117 199
117 236
117 238
117 263
117 301
117 319
117 340
117 344
117 463
117 468
117 504
118 124
118 153
118 155
118 228
118 261
118 273
118 279
118 288
118 297
118 301
118 302
118 322
118 325
118 342
118 363
118 372
118 376
118 440
118 443
118 452
118 482
118 489
118 493
119 140
119 147
119 174
119 225
119 246
119 274
119 283
119 317
119 331
119 332
119 348
119 352
119 362
119 363
119 393
119 413
119 469
119 476
119 486
119 487
119 496
119 497
120 125
120 130
120 153
120 166
120 179
120 192
120 196
120 215
120 222
120 229
120 230
120 234
120 243
120 262
120 267
120 273
120 278
120 288
120 298
120 304
120 344
120 447
120 464
120 500
121 174
121 178
121 229
121 335
121 361
121 362
121 412
122 129
122 207
122 234
122 308
122 331
122 349
122 353
122 449
122 452
122 463
122 504
123 210
123 220
123 229
123 281
123 338
123 388
123 396
123 454
124 145
124 155
124 196
124 203
124 213
124 214
124 258
124 314
124 353
124 354
124 398
124 399
124 412
125 133
125 144
125 158
125 160
125 173
125 194
125 206
125 261
125 267
125 268
125 279
125 293
125 294
125 323
125 330
125 356
125 380
125 392
125 415
125 419
125 420
125 430
125 439
125 472
126 127
126 142
126 144
126 153
126 157
126 185
126 204
126 219
126 230
126 256
126 275
126 277
126 279
126 312
126 400
126 407
126 453
126 495
127 128
127 138
127 156
127 171
127 235
127 247
127 256
127 304
127 333
127 342
127 422
127 433
127 443
127 495
127 504
127 510
128 151
128 156
128 160
128 164
128 186
128 203
128 234
128 245
128 252
128 269
128 284
128 296
128 308
128 395
128 414
128 432
128 436
128 448
128 466
128 488
128 499
128 506
129 133
129 135
129 172
129 199
129 201
129 207
129 224
129 257
129 332
129 336
129 428
129 486
129 498
130 136
130 137
130 145
130 187
130 195
130 204
130 223
130 247
130 282
130 321
130 339
130 344
130 363
130 403
130 419
130 433
130 467
130 485
130 493
131 160
131 197
131 215
131 301
131 422
131 491
132 169
132 180
132 183
132 188
132 193
132 196
132 201
132 214
132 221
132 230
132 258
132 263
132 271
132 431
132 494
132 495
133 147
133 153
133 161
133 169
133 176
133 191
133 195
133 212
133 216
133 240
133 250
133 254
133 280
133 290
133 303
133 348
133 382
133 385
133 431
133 441
133 473
134 137
134 164
134 234
134 256
134 262
134 312
134 323
134 352
134 367
134 430
134 502
134 503
135 143
135 159
135 172
135 184
135 238
135 263
135 291
135 341
135 372
135 391
135 421
135 464
135 466
135 474
135 488
135 507
136 148
136 182
136 196
136 204
136 226
136 247
136 336
136 359
136 363
137 141
137 156
137 158
137 186
137 201
137 250
137 302
137 334
137 342
137 400
138 160
138 161
138 201
138 215
138 234
138 249
138 252
138 281
138 296
138 316
138 378
138 381
138 406
138 417
138 455
138 461
138 492
139 152
139 164
139 165
139 168
139 187
139 237
139 243
139 264
139 305
139 318
139 322
139 323
139 334
139 415
139 450
139 459
140 146
140 203
140 207
140 215
140 217
140 220
140 223
140 238
140 244
140 246
140 261
140 272
140 273
140 276
140 280
140 311
140 324
140 339
140 348
140 358
140 391
140 405
140 412
140 430
140 432
140 511
141 156
141 298
141 360
141 370
141 388
142 149
142 152
142 167
142 177
142 188
142 213
142 223
142 242
142 252
142 258
142 284
142 291
142 326
142 342
142 409
142 413
142 416
142 440
142 489
143 150
143 155
143 229
143 240
143 262
143 285
143 308
143 492
143 504
143 507
144 150
144 151
144 154
144 171
144 175
144 253
144 276
144 372
144 404
144 419
144 478
145 147
145 167
145 171
145 173
145 179
145 182
145 192
145 216
145 218
145 225
145 232
145 277
145 279
145 300
145 343
145 360
145 401
145 464
145 480
145 490
146 165
146 229
146 231
146 236
146 330
146 387
146 398
146 404
146 415
146 426
146 480
147 152
147 165
147 186
147 199
147 211
147 226
147 249
147 250
147 258
147 334
147 369
147 376
147 383
147 407
147 469
148 150
148 154
148 184
148 211
148 214
148 219
148 241
148 242
148 256
148 257
148 277
148 293
148 307
148 320
148 323
148 328
148 342
148 345
148 395
148 433
148 438
148 484
148 501
149 180
149 181
149 247
149 266
149 280
149 354
149 356
149 360
149 361
149 383
149 434
150 161
150 163
150 184
150 193
150 200
150 201
150 204
150 216
150 259
150 260
150 267
150 268
150 276
150 287
150 299
150 338
150 345
150 418
150 505
151 154
151 183
151 192
151 203
151 226
151 236
151 241
151 255
151 283
151 311
151 383
151 425
152 157
152 165
152 185
152 239
152 279
152 292
152 362
152 385
152 469
153 160
153 170
153 171
153 180
153 183
153 196
153 203
153 242
153 244
153 249
153 258
153 264
153 312
153 348
153 351
153 357
153 377
153 379
153 396
153 423
153 455
153 457
154 162
154 180
154 205
154 213
154 233
154 365
154 394
154 438
154 478
155 163
155 176
155 179
155 185
155 210
155 217
155 222
155 231
155 250
155 274
155 284
155 299
155 302
155 339
155 354
155 356
155 357
155 378
155 385
155 398
155 416
155 469
155 474
155 483
155 484
155 495
156 200
156 210
156 297
156 386
156 469
156 497
156 505
157 173
157 199
157 211
157 290
157 305
157 367
157 368
157 389
157 449
157 485
158 174
158 178
158 206
158 305
158 314
158 348
158 372
158 414
158 418
158 427
158 461
159 183
159 197
159 240
159 262
159 277
159 292
159 364
159 384
159 397
159 410
159 421
159 443
159 450
159 500
159 508
160 199
160 234
160 252
160 374
160 412
160 445
160 449
161 274
161 317
161 356
161 374
161 434
161 440
161 490
162 171
162 173
162 174
162 300
162 367
162 466
162 471
162 509
163 170
163 175
163 196
163 197
163 215
163 295
163 342
163 368
163 482
164 198
164 241
164 268
164 274
164 275
164 281
164 315
164 342
164 417
164 422
164 495
165 188
165 197
165 273
165 284
165 343
165 377
165 380
165 392
165 396
165 398
165 459
166 169
166 172
166 173
166 190
166 202
166 205
166 209
166 219
166 227
166 230
166 231
166 244
166 245
166 270
166 303
166 321
166 399
166 415
167 178
167 180
167 184
167 205
167 217
167 243
167 317
167 322
167 327
167 330
167 368
167 403
167 424
167 481
167 482
167 495
168 200
168 208
168 260
168 269
168 283
168 294
168 296
168 305
168 312
168 316
168 362
168 377
168 453
169 188
169 198
169 224
169 272
169 275
169 291
169 317
169 318
169 395
169 398
169 410
169 454
169 458
169 466
169 492
170 250
170 275
170 326
170 340
170 365
170 394
170 407
170 466
170 475
170 500
171 193
171 207
171 222
171 244
171 262
171 282
171 314
171 324
171 356
171 373
171 392
171 424
171 436
171 462
172 173
172 204
172 217
172 369
172 445
172 490
172 510
172 511
173 176
173 189
173 193
173 235
173 267
173 317
173 338
173 377
173 380
173 437
174 186
174 213
174 247
174 258
174 287
174 293
174 311
174 322
174 330
174 349
174 367
174 430
174 462
174 495
174 500
175 188
175 210
175 236
175 253
175 256
175 272
175 273
175 296
175 318
175 337
175 342
175 422
175 460
175 470
175 480
175 481
175 498
175 508
176 194
176 245
176 254
176 280
176 287
176 310
176 340
176 471
176 478
176 497
176 510
177 207
177 231
177 306
177 332
178 206
178 208
178 242
178 244
178 362
178 375
178 426
178 460
178 480
179 181
179 205
179 214
179 229
179 281
179 283
179 285
179 312
179 316
179 339
179 392
179 433
179 461
179 500
179 503
180 205
180 224
180 227
180 260
180 311
180 350
180 383
180 491
181 193
181 234
181 240
181 293
181 313
181 347
182 204
182 215
182 219
182 221
182 225
182 338
182 375
182 380
182 414
182 421
182 442
182 451
183 191
183 212
183 246
183 253
183 288
183 331
183 338
183 343
183 347
183 352
183 374
184 217
184 225
184 243
184 255
184 266
184 269
184 276
184 284
184 316
184 319
184 320
184 338
184 353
184 370
184 415
184 427
184 431
184 437
184 443
184 497
185 192
185 200
185 246
185 248
185 262
185 307
185 327
185 329
185 400
185 414
186 191
186 192
186 354
186 357
186 365
186 393
186 511
187 203
187 210
187 251
187 254
187 259
187 263
187 290
187 291
187 306
187 345
187 436
188 211
188 222
188 229
188 246
188 279
188 313
188 321
188 336
188 364
188 402
188 410
188 442
188 462
188 470
189 190
189 196
189 221
189 255
189 279
189 332
189 368
189 370
189 377
189 404
189 440
189 503
190 341
190 360
190 383
190 384
190 437
190 473
190 511
191 202
191 211
191 213
191 225
191 227
191 259
191 271
191 274
191 310
191 319
191 321
191 323
191 328
191 350
191 366
191 379
191 402
191 411
191 444
191 446
191 468
191 479
191 507
192 196
192 216
192 293
192 299
192 301
192 311
192 315
192 320
192 321
192 343
192 403
192 416
192 429
192 435
192 447
193 206
193 228
193 255
193 323
193 352
193 419
193 477
193 494
194 208
194 217
194 222
194 223
194 226
194 228
194 235
194 242
194 269
194 278
194 286
194 311
194 351
194 359
194 371
194 400
194 440
194 453
195 218
195 274
195 292
195 326
195 330
195 331
195 337
195 359
195 366
195 379
195 381
195 389
195 508
196 198
196 225
196 274
196 300
196 308
196 326
196 351
196 426
196 428
196 443
196 446
196 497
197 209
197 212
197 225
197 231
197 273
197 275
197 335
197 342
197 356
197 383
197 405
197 412
197 434
197 441
197 452
197 464
197 472
197 490
197 492
197 503
198 243
198 249
198 406
198 417
198 429
198 480
199 228
199 308
199 325
199 455
199 470
200 236
200 286
200 289
200 322
200 343
200 356
200 372
200 379
200 475
200 497
201 252
201 263
201 285
201 313
201 336
201 379
201 381
201 412
201 473
201 510
202 230
202 241
202 253
202 271
202 273
202 287
202 291
202 314
202 371
202 382
202 417
202 424
202 450
202 451
202 463
202 469
203 240
203 261
203 263
203 334
203 355
203 397
204 279
204 284
204 311
204 312
204 349
204 391
204 414
205 240
205 245
205 290
205 322
205 343
205 397
205 399
205 402
205 417
205 490
205 504
206 207
206 250
206 267
206 295
206 322
206 325
206 329
206 341
206 356
206 411
206 419
206 430
206 503
207 214
207 268
207 322
207 363
207 377
207 488
208 210
208 230
208 235
208 246
208 325
208 342
208 345
208 373
208 421
208 440
208 486
209 216
209 330
209 477
210 213
210 233
210 270
210 304
210 419
210 426
210 498
211 254
211 367
211 390
211 403
211 408
211 457
212 222
212 247
212 256
212 263
212 265
212 288
212 293
212 343
212 396
212 409
212 455
213 218
213 244
213 287
213 328
213 340
213 348
213 352
213 377
213 431
213 445
213 506
214 215
214 233
214 243
214 316
214 318
214 329
214 363
214 395
214 404
214 428
214 471
215 233
215 236
215 251
215 276
215 301
215 319
215 320
215 326
215 347
215 351
215 370
215 373
215 378
215 420
216 223
216 269
216 278
216 285
216 350
216 441
216 450
216 452
216 482
216 488
217 257
217 284
217 286
217 335
217 341
217 366
217 382
217 405
217 408
217 412
217 499
217 503
217 509
218 236
218 285
218 298
218 345
218 417
218 493
219 303
219 313
219 335
219 396
219 422
219 436
219 455
220 232
220 356
220 361
220 379
220 427
220 466
220 469
221 243
221 260
221 306
221 346
221 392
221 444
221 470
222 233
222 267
222 280
222 399
222 448
222 453
222 464
222 487
222 506
223 243
223 245
223 247
223 248
223 270
223 274
223 296
223 303
223 305
223 333
223 347
223 374
223 376
223 398
223 426
223 454
223 479
223 481
224 247
224 254
224 346
224 384
224 393
224 416
224 448
224 481
224 502
225 235
225 253
225 298
225 312
225 406
225 417
225 455
225 470
226 239
226 242
226 334
226 337
226 371
226 420
226 422
226 446
226 452
227 248
227 268
227 284
227 285
227 305
227 321
227 351
227 358
227 378
227 407
227 408
227 459
228 397
228 423
228 503
229 237
229 257
229 328
229 411
229 471
230 232
230 256
230 287
230 315
230 482
230 493
231 252
231 258
231 266
231 276
231 290
231 323
231 379
231 387
231 417
232 238
232 239
232 253
232 272
232 339
232 353
232 392
232 423
232 427
232 431
232 452
232 470
232 483
232 493
232 494
233 245
233 246
233 255
233 272
233 304
233 358
233 406
233 471
233 473
233 484
233 498
234 262
234 267
234 269
234 278
234 280
234 282
234 345
234 361
234 463
235 268
235 282
235 297
235 408
235 446
235 460
236 259
236 292
236 298
236 330
236 387
236 423
236 437
236 444
237 271
237 313
237 360
237 369
237 374
237 375
237 419
238 253
238 260
238 263
238 264
238 270
238 278
238 297
238 425
238 436
238 460
239 282
239 288
239 294
239 303
239 330
239 341
239 364
239 372
239 425
239 447
239 467
239 474
239 487
240 255
240 281
240 302
240 306
240 355
240 407
240 487
240 488
241 257
241 272
241 288
241 292
241 388
241 479
242 251
242 277
242 292
242 393
242 456
242 462
242 508
243 296
243 366
243 370
243 378
243 392
243 403
243 416
243 449
243 459
243 469
243 508
244 249
244 250
244 348
244 360
244 388
244 496
245 264
245 267
245 351
245 376
245 383
245 397
245 496
246 253
246 256
246 304
246 309
246 377
246 428
246 439
247 271
247 319
247 331
247 347
247 360
247 401
247 404
247 447
247 483
248 276
248 298
248 304
248 306
248 466
248 490
248 510
249 252
249 282
249 288
249 290
249 323
249 329
249 351
249 370
249 416
249 422
249 451
250 259
250 323
250 331
250 444
250 448
250 456
251 335
251 363
251 376
251 385
251 449
251 481
251 498
252 291
252 318
252 350
252 367
252 376
252 409
252 503
253 280
253 339
253 484
254 321
254 350
254 384
254 452
254 456
254 478
255 260
255 344
255 354
255 371
255 440
255 465
255 473
255 479
255 481
256 263
256 281
256 284
256 327
256 328
256 375
256 419
256 439
256 441
256 463
256 502
257 266
257 303
257 315
257 331
257 435
257 457
258 267
258 358
259 306
259 456
260 286
260 309
260 423
260 511
261 265
261 275
261 306
261 327
261 345
261 362
262 317
262 328
262 368
262 497
262 501
263 335
263 342
263 355
263 384
263 403
263 473
263 480
263 502
263 508
264 320
264 410
264 413
265 319
265 330
265 358
265 380
265 432
266 401
266 453
266 470
266 475
266 485
267 392
267 404
267 428
267 443
267 446
267 458
267 494
268 291
268 326
268 358
268 359
268 413
269 278
269 394
269 399
269 414
269 468
270 308
270 313
270 335
270 348
270 375
270 400
270 447
270 481
271 284
271 340
271 395
271 397
271 484
272 297
272 330
272 357
272 360
272 381
272 385
272 430
272 448
272 454
272 469
273 315
273 325
273 355
273 422
273 482
274 381
274 385
274 417
274 457
274 506
275 284
275 291
275 302
275 315
275 337
275 348
275 361
275 428
275 450
275 454
275 461
275 492
275 500
275 505
275 509
276 309
277 282
277 322
277 426
277 448
277 457
277 503
277 507
278 324
278 376
279 387
279 432
279 446
279 498
280 307
280 318
280 324
280 353
280 505
281 290
281 318
281 358
281 509
282 302
282 310
282 322
282 411
282 431
282 482
283 374
283 408
283 423
284 288
284 312
284 435
284 467
285 346
285 413
285 463
286 300
286 388
286 419
286 424
286 467
287 385
287 402
287 455
287 457
288 328
288 359
288 374
288 378
288 393
288 410
288 450
288 482
289 316
289 371
289 461
290 291
290 325
290 329
290 397
290 399
290 409
290 414
290 447
290 457
290 504
291 339
291 405
291 406
291 414
291 415
291 464
292 373
292 404
292 432
292 465
293 305
293 310
293 345
293 346
293 474
293 485
294 331
294 365
294 378
295 314
295 503
296 304
296 314
296 353
296 424
296 436
296 456
297 437
297 441
297 455
297 485
298 341
298 347
298 460
298 507
300 349
300 358
300 477
301 308
301 336
301 347
301 348
301 358
301 372
301 501
302 350
302 368
302 416
303 331
303 449
304 308
304 377
304 388
304 430
304 476
305 438
305 441
306 432
306 434
306 449
307 333
307 353
307 390
307 423
307 491
308 352
308 463
309 336
309 371
309 387
309 433
309 445
310 312
310 392
311 315
311 373
311 437
311 460
311 471
311 493
312 325
312 332
312 434
312 467
312 469
312 500
313 424
313 483
313 490
313 494
314 316
314 423
314 479
315 361
315 415
315 464
316 326
316 330
316 373
316 435
316 438
316 444
317 318
317 361
317 405
317 406
318 431
318 454
318 459
319 327
319 392
319 394
319 399
319 408
319 471
320 344
320 386
320 411
320 431
320 443
320 462
321 327
321 328
321 346
321 372
321 389
321 393
321 462
322 350
322 375
323 354
323 374
323 380
323 465
323 489
324 340
324 348
324 355
324 361
324 470
325 492
326 352
326 376
326 421
326 423
326 443
326 451
326 490
326 507
327 390
327 422
327 464
327 476
327 502
328 435
328 439
328 448
328 498
328 509
329 425
329 428
329 489
329 495
330 333
330 345
331 374
331 440
332 471
333 365
333 391
333 413
333 455
334 439
335 369
335 454
335 484
336 435
337 340
337 422
337 427
337 431
337 443
337 445
337 451
337 478
337 483
338 425
339 500
339 505
340 366
340 470
340 493
341 451
341 478
342 471
342 485
343 366
343 445
343 492
343 506
344 369
344 371
344 381
344 421
344 494
345 362
345 486
346 406
346 442
346 444
346 463
346 473
347 369
347 374
347 387
347 423
347 428
347 468
347 487
350 433
350 496
351 352
351 426
351 452
351 459
351 489
352 474
352 483
353 425
353 450
353 501
354 439
354 460
354 468
355 415
355 468
356 367
356 384
356 389
356 390
356 393
356 412
356 417
356 499
357 373
357 397
357 407
357 449
358 509
359 362
359 390
359 458
359 477
360 386
361 391
363 477
363 479
364 382
364 481
364 506
365 419
365 427
365 500
365 506
366 445
367 404
367 405
367 407
367 409
368 393
368 414
369 415
369 488
370 420
370 423
370 459
370 463
370 472
371 460
374 381
374 431
374 465
374 485
375 376
375 389
375 465
375 498
375 510
376 388
376 500
377 384
377 448
377 462
377 484
378 466
378 471
380 451
380 478
381 493
381 509
382 418
382 500
383 411
383 412
383 416
383 450
384 407
384 458
384 488
385 394
385 403
385 427
385 446
386 445
386 474
386 501
387 445
387 489
388 405
388 416
388 439
388 496
389 438
389 464
389 473
389 503
391 445
391 492
391 493
391 508
392 447
392 495
392 508
394 418
394 420
394 458
394 468
394 475
394 483
395 441
395 458
395 478
395 484
395 502
396 436
397 445
398 487
400 432
401 492
402 496
403 466
403 501
405 453
405 474
405 510
406 420
406 440
406 496
407 410
407 429
407 448
407 497
408 431
408 432
408 455
409 441
409 475
409 492
409 511
410 424
410 507
411 475
411 497
412 413
412 456
413 428
413 430
413 451
413 491
413 493
413 496
414 507
417 434
417 476
419 422
419 431
419 468
419 483
420 465
420 483
420 500
421 452
421 456
421 464
421 476
421 502
422 450
423 434
423 460
424 436
424 449
424 453
425 473
426 433
427 467
427 503
428 476
429 458
431 488
431 498
432 480
432 497
434 444
435 436
437 464
438 510
439 454
440 463
442 444
442 500
443 485
446 476
447 502
448 456
448 473
450 511
451 458
451 462
452 467
452 476
457 491
461 467
462 472
464 501
465 491
466 481
467 489
467 494
470 477
470 506
472 509
476 490
481 498
488 491
489 503
491 492
507 510
