0 1
0 2
0 3
0 4
0 5
0 6
0 7
0 8
0 9
0 10
0 11
0 12
0 13
0 14
0 15
0 16
0 17
0 18
0 19
0 20
0 21
0 23
0 25
0 26
0 27
0 28
0 30
0 33
0 34
0 35
0 36
0 39
0 40
0 41
0 42
0 46
0 49
0 50
0 52
0 59
0 62
0 63
0 66
0 69
0 71
0 73
0 77
0 79
0 88
0 89
0 92
0 93
0 98
0 100
0 103
0 113
0 117
0 124
0 132
0 133
0 134
0 139
0 141
0 142
0 153
0 158
0 160
0 164
0 168
0 170
0 188
0 192
0 195
0 196
0 202
0 208
0 211
0 213
0 219
0 227
0 239
0 249
0 250
0 251
0 255
0 265
0 269
0 273
0 274
0 277
0 283
0 298
0 309
0 312
0 314
0 316
0 324
0 338
0 370
0 384
0 389
0 390
0 391
0 392
0 402
0 403
0 406
0 410
0 417
0 418
0 441
0 444
0 449
0 452
0 459
0 462
0 478
0 495
0 496
0 497
0 532
0 558
1 16
1 17
1 18
1 19
1 22
1 24
1 27
1 29
1 31
1 33
1 34
1 38
1 42
1 48
1 58
1 65
1 66
1 67
1 115
1 116
1 122
1 142
1 146
1 169
1 193
1 208
1 214
1 246
1 259
1 260
1 274
1 279
1 287
1 304
1 307
1 394
1 408
1 440
1 478
1 516
1 526
1 544
2 16
2 17
2 18
2 19
2 21
2 22
2 23
2 24
2 25
2 27
2 28
2 29
2 30
2 31
2 32
2 33
2 34
2 37
2 38
2 40
2 41
2 42
2 45
2 47
2 48
2 54
2 57
2 59
2 60
2 63
2 65
2 68
2 74
2 76
2 81
2 87
2 89
2 94
2 100
2 101
2 103
2 112
2 114
2 128
2 129
2 131
2 150
2 162
2 163
2 166
2 186
2 192
2 198
2 200
2 204
2 228
2 242
2 246
2 256
2 265
2 270
2 273
2 283
2 286
2 287
2 289
2 294
2 300
2 325
2 326
2 331
2 353
2 354
2 369
2 395
2 402
2 419
2 439
2 440
2 456
2 462
2 475
2 485
2 496
2 501
2 507
2 522
2 523
2 524
2 526
2 532
2 552
3 16
3 17
3 18
3 19
3 20
3 21
3 23
3 25
3 27
3 28
3 35
3 43
3 46
3 49
3 50
3 56
3 59
3 61
3 64
3 67
3 75
3 87
3 99
3 105
3 120
3 125
3 128
3 132
3 133
3 144
3 151
3 160
3 166
3 168
3 170
3 208
3 220
3 238
3 239
3 246
3 251
3 257
3 282
3 292
3 302
3 313
3 318
3 325
3 376
3 389
3 395
3 396
3 399
3 412
3 429
3 482
3 485
3 489
3 498
3 509
3 511
4 16
4 18
4 19
4 21
4 22
4 23
4 24
4 28
4 29
4 32
4 35
4 45
4 46
4 48
4 49
4 51
4 54
4 57
4 58
4 59
4 60
4 64
4 68
4 71
4 76
4 78
4 80
4 82
4 85
4 86
4 89
4 90
4 96
4 98
4 100
4 115
4 121
4 122
4 126
4 132
4 138
4 163
4 183
4 184
4 185
4 224
4 231
4 239
4 244
4 251
4 258
4 282
4 305
4 309
4 320
4 321
4 331
4 332
4 352
4 363
4 368
4 373
4 384
4 402
4 408
4 413
4 414
4 444
4 473
4 476
4 498
4 500
4 513
4 518
4 527
4 529
4 538
5 16
5 17
5 18
5 19
5 20
5 24
5 27
5 32
5 69
5 85
5 105
5 123
5 133
5 137
5 145
5 190
5 193
5 194
5 218
5 236
5 243
5 257
5 277
5 319
5 336
5 377
5 378
5 422
5 515
6 16
6 17
6 18
6 20
6 21
6 22
6 29
6 31
6 34
6 35
6 36
6 43
6 49
6 50
6 58
6 61
6 62
6 96
6 97
6 104
6 108
6 111
6 114
6 131
6 135
6 139
6 144
6 147
6 148
6 150
6 156
6 159
6 174
6 179
6 187
6 201
6 207
6 211
6 221
6 236
6 250
6 251
6 255
6 272
6 309
6 380
6 415
6 430
6 447
6 464
6 476
6 477
6 519
7 16
7 20
7 21
7 24
7 25
7 26
7 28
7 29
7 41
7 53
7 93
7 102
7 103
7 192
7 199
7 226
7 228
7 270
7 384
7 397
7 406
7 435
7 462
7 544
7 547
8 17
8 18
8 19
8 20
8 21
8 22
8 23
8 24
8 26
8 28
8 30
8 32
8 33
8 35
8 38
8 39
8 41
8 45
8 47
8 49
8 51
8 61
8 63
8 64
8 66
8 70
8 71
8 73
8 80
8 83
8 94
8 109
8 113
8 116
8 123
8 125
8 130
8 131
8 148
8 149
8 155
8 156
8 159
8 170
8 176
8 191
8 193
8 196
8 212
8 228
8 232
8 238
8 260
8 279
8 294
8 313
8 316
8 323
8 327
8 344
8 345
8 355
8 374
8 378
8 379
8 382
8 384
8 399
8 403
8 406
8 424
8 434
8 439
8 509
8 545
8 551
8 559
9 16
9 17
9 18
9 19
9 20
9 25
9 26
9 32
9 34
9 35
9 37
9 44
9 51
9 52
9 53
9 56
9 69
9 72
9 75
9 77
9 80
9 93
9 112
9 113
9 117
9 118
9 120
9 122
9 136
9 169
9 171
9 181
9 203
9 226
9 244
9 248
9 259
9 267
9 270
9 273
9 287
9 303
9 308
9 318
9 319
9 345
9 349
9 366
9 386
9 389
9 413
9 434
9 477
9 536
9 538
9 547
9 549
10 16
10 17
10 18
10 19
10 20
10 21
10 22
10 24
10 27
10 28
10 30
10 34
10 36
10 38
10 42
10 44
10 52
10 53
10 54
10 55
10 58
10 60
10 62
10 66
10 68
10 77
10 81
10 82
10 84
10 85
10 88
10 106
10 120
10 121
10 129
10 137
10 139
10 179
10 180
10 187
10 196
10 200
10 203
10 213
10 215
10 217
10 221
10 230
10 236
10 244
10 247
10 250
10 256
10 257
10 259
10 282
10 284
10 300
10 326
10 359
10 372
10 375
10 380
10 382
10 402
10 414
10 424
10 429
10 440
10 451
10 460
10 467
10 502
10 534
10 553
11 16
11 17
11 20
11 22
11 23
11 25
11 26
11 30
11 35
11 36
11 39
11 42
11 44
11 48
11 49
11 52
11 54
11 63
11 69
11 72
11 75
11 82
11 86
11 92
11 97
11 101
11 104
11 105
11 106
11 109
11 115
11 126
11 175
11 183
11 185
11 186
11 192
11 202
11 211
11 216
11 224
11 234
11 251
11 274
11 287
11 289
11 305
11 317
11 325
11 335
11 337
11 343
11 350
11 356
11 372
11 375
11 400
11 433
11 438
11 456
11 462
11 475
11 484
11 510
11 513
11 514
11 545
11 559
12 16
12 17
12 18
12 19
12 21
12 22
12 24
12 27
12 31
12 32
12 35
12 37
12 39
12 40
12 55
12 59
12 62
12 73
12 75
12 76
12 77
12 78
12 83
12 86
12 90
12 98
12 99
12 101
12 121
12 136
12 138
12 159
12 170
12 171
12 196
12 207
12 219
12 222
12 256
12 283
12 299
12 342
12 356
12 370
12 380
12 408
12 434
12 490
12 491
12 556
13 16
13 17
13 20
13 22
13 23
13 31
13 47
13 62
13 64
13 69
13 70
13 101
13 107
13 110
13 131
13 142
13 152
13 163
13 179
13 184
13 199
13 250
13 318
13 320
13 370
13 422
13 444
13 455
13 475
13 502
13 523
13 535
14 16
14 17
14 18
14 19
14 20
14 21
14 25
14 26
14 28
14 29
14 31
14 33
14 34
14 37
14 39
14 43
14 45
14 46
14 49
14 50
14 52
14 65
14 66
14 73
14 75
14 77
14 83
14 91
14 98
14 143
14 148
14 156
14 157
14 166
14 172
14 178
14 216
14 220
14 227
14 245
14 262
14 265
14 270
14 271
14 294
14 304
14 307
14 328
14 343
14 361
14 367
14 377
14 475
14 496
14 502
14 556
15 16
15 17
15 18
15 19
15 21
15 23
15 26
15 32
15 37
15 40
15 41
15 48
15 49
15 50
15 51
15 60
15 63
15 71
15 77
15 80
15 91
15 96
15 103
15 115
15 130
15 139
15 143
15 145
15 147
15 163
15 170
15 175
15 176
15 180
15 186
15 203
15 205
15 242
15 260
15 271
15 280
15 281
15 302
15 324
15 351
15 353
15 384
15 401
15 411
15 433
15 451
15 453
15 457
15 483
15 509
15 518
15 522
15 527
15 539
15 550
16 17
16 18
16 19
16 20
16 22
16 23
16 24
16 25
16 26
16 27
16 28
16 30
16 32
16 33
16 35
16 36
16 37
16 38
16 39
16 40
16 42
16 44
16 46
16 47
16 49
16 51
16 53
16 55
16 58
16 61
16 62
16 65
16 68
16 72
16 75
16 76
16 77
16 84
16 86
16 95
16 107
16 111
16 118
16 126
16 134
16 136
16 142
16 143
16 146
16 148
16 158
16 161
16 167
16 175
16 178
16 185
16 197
16 198
16 202
16 205
16 216
16 218
16 220
16 225
16 226
16 230
16 232
16 239
16 249
16 253
16 268
16 271
16 275
16 283
16 309
16 314
16 316
16 318
16 321
16 332
16 352
16 360
16 364
16 373
16 374
16 393
16 405
16 412
16 416
16 417
16 428
16 445
16 464
16 467
16 480
16 501
16 504
16 506
16 509
16 510
16 517
16 549
17 18
17 19
17 20
17 21
17 22
17 23
17 24
17 25
17 27
17 28
17 29
17 30
17 31
17 32
17 33
17 35
17 37
17 39
17 42
17 45
17 46
17 47
17 49
17 50
17 51
17 52
17 54
17 55
17 57
17 58
17 59
17 64
17 65
17 66
17 68
17 70
17 71
17 72
17 73
17 74
17 78
17 80
17 87
17 90
17 93
17 97
17 99
17 101
17 102
17 106
17 107
17 108
17 110
17 111
17 112
17 115
17 116
17 117
17 119
17 121
17 124
17 125
17 127
17 128
17 129
17 134
17 137
17 142
17 143
17 145
17 147
17 148
17 149
17 150
17 151
17 156
17 165
17 166
17 169
17 176
17 179
17 184
17 187
17 188
17 198
17 206
17 213
17 215
17 218
17 219
17 223
17 227
17 229
17 240
17 247
17 252
17 258
17 262
17 265
17 267
17 270
17 276
17 279
17 280
17 284
17 290
17 295
17 296
17 298
17 305
17 307
17 324
17 328
17 335
17 339
17 341
17 344
17 346
17 350
17 353
17 357
17 364
17 366
17 370
17 371
17 386
17 387
17 392
17 408
17 409
17 415
17 417
17 431
17 436
17 446
17 457
17 458
17 462
17 464
17 470
17 480
17 481
17 484
17 500
17 504
17 507
17 508
17 517
17 525
17 526
17 533
17 535
17 536
17 541
17 548
17 553
18 19
18 20
18 21
18 22
18 23
18 25
18 26
18 28
18 29
18 30
18 31
18 33
18 38
18 39
18 40
18 43
18 46
18 52
18 63
18 66
18 71
18 75
18 76
18 78
18 83
18 88
18 100
18 127
18 135
18 157
18 168
18 183
18 184
18 197
18 198
18 200
18 209
18 211
18 215
18 217
18 236
18 246
18 260
18 266
18 276
18 277
18 284
18 290
18 299
18 303
18 312
18 322
18 335
18 336
18 360
18 364
18 387
18 397
18 398
18 436
18 453
18 459
18 464
18 477
18 511
18 513
18 552
18 554
19 20
19 21
19 22
19 23
19 24
19 25
19 26
19 27
19 29
19 30
19 31
19 32
19 33
19 34
19 35
19 36
19 37
19 39
19 40
19 41
19 42
19 46
19 48
19 50
19 51
19 52
19 54
19 56
19 60
19 61
19 65
19 70
19 72
19 74
19 75
19 76
19 79
19 86
19 87
19 96
19 102
19 103
19 104
19 109
19 110
19 121
19 124
19 131
19 136
19 138
19 139
19 141
19 142
19 161
19 164
19 165
19 173
19 193
19 199
19 200
19 211
19 212
19 233
19 236
19 239
19 244
19 248
19 250
19 253
19 254
19 263
19 270
19 291
19 293
19 296
19 301
19 305
19 306
19 310
19 314
19 322
19 325
19 328
19 334
19 335
19 336
19 337
19 339
19 343
19 347
19 349
19 351
19 355
19 368
19 384
19 385
19 391
19 403
19 411
19 417
19 428
19 429
19 437
19 448
19 452
19 462
19 465
19 466
19 468
19 471
19 472
19 488
19 492
19 505
19 508
19 517
19 540
19 547
19 551
19 552
19 559
20 21
20 22
20 23
20 24
20 25
20 26
20 27
20 29
20 30
20 33
20 34
20 35
20 36
20 37
20 38
20 41
20 43
20 44
20 45
20 46
20 47
20 53
20 56
20 57
20 59
20 60
20 63
20 67
20 72
20 73
20 74
20 75
20 76
20 78
20 79
20 83
20 84
20 87
20 91
20 93
20 95
20 100
20 103
20 106
20 107
20 108
20 109
20 113
20 115
20 116
20 118
20 119
20 124
20 125
20 126
20 127
20 129
20 132
20 140
20 146
20 153
20 155
20 160
20 161
20 162
20 167
20 168
20 169
20 172
20 173
20 174
20 175
20 177
20 186
20 189
20 190
20 195
20 199
20 200
20 205
20 217
20 219
20 220
20 221
20 228
20 230
20 231
20 235
20 246
20 250
20 252
20 255
20 261
20 266
20 268
20 269
20 272
20 276
20 279
20 281
20 293
20 295
20 298
20 302
20 305
20 306
20 309
20 330
20 333
20 338
20 339
20 341
20 344
20 347
20 350
20 357
20 364
20 367
20 368
20 371
20 374
20 381
20 396
20 398
20 400
20 403
20 405
20 413
20 423
20 424
20 428
20 437
20 439
20 442
20 452
20 453
20 454
20 456
20 459
20 465
20 468
20 473
20 477
20 498
20 499
20 502
20 506
20 507
20 515
20 532
20 537
20 541
20 545
20 550
20 559
21 22
21 23
21 24
21 26
21 27
21 28
21 29
21 31
21 32
21 34
21 36
21 37
21 38
21 39
21 42
21 44
21 48
21 50
21 53
21 61
21 66
21 67
21 71
21 73
21 80
21 84
21 89
21 92
21 100
21 102
21 105
21 110
21 113
21 122
21 125
21 129
21 142
21 145
21 150
21 157
21 158
21 160
21 167
21 174
21 178
21 194
21 197
21 199
21 229
21 232
21 238
21 242
21 245
21 259
21 262
21 267
21 279
21 280
21 293
21 316
21 325
21 334
21 347
21 352
21 354
21 362
21 374
21 375
21 382
21 385
21 388
21 397
21 399
21 404
21 412
21 436
21 438
21 444
21 459
21 479
21 488
21 489
21 503
21 513
21 515
21 516
21 528
21 535
21 553
22 23
22 24
22 25
22 26
22 28
22 29
22 30
22 32
22 36
22 37
22 38
22 39
22 40
22 41
22 42
22 49
22 54
22 58
22 59
22 61
22 64
22 70
22 72
22 78
22 79
22 80
22 82
22 91
22 93
22 95
22 98
22 99
22 100
22 102
22 110
22 111
22 115
22 116
22 118
22 126
22 130
22 142
22 147
22 148
22 187
22 189
22 194
22 195
22 196
22 206
22 213
22 214
22 215
22 226
22 236
22 242
22 257
22 264
22 268
22 271
22 278
22 281
22 294
22 306
22 312
22 322
22 332
22 336
22 345
22 352
22 354
22 358
22 368
22 411
22 415
22 446
22 451
22 460
22 470
22 478
22 479
22 514
22 518
22 527
22 543
22 555
22 558
23 24
23 25
23 27
23 28
23 30
23 37
23 45
23 48
23 50
23 56
23 62
23 67
23 68
23 69
23 78
23 80
23 84
23 88
23 90
23 91
23 92
23 94
23 98
23 103
23 110
23 119
23 122
23 124
23 130
23 133
23 134
23 142
23 144
23 150
23 161
23 168
23 169
23 172
23 181
23 185
23 187
23 197
23 198
23 211
23 214
23 215
23 217
23 222
23 223
23 236
23 238
23 240
23 254
23 261
23 263
23 264
23 266
23 272
23 281
23 285
23 288
23 293
23 295
23 296
23 315
23 321
23 349
23 352
23 355
23 362
23 370
23 371
23 383
23 397
23 403
23 424
23 429
23 431
23 435
23 444
23 447
23 453
23 463
23 472
23 481
23 494
23 527
23 542
23 557
24 25
24 26
24 28
24 30
24 31
24 33
24 34
24 38
24 41
24 42
24 45
24 47
24 48
24 51
24 60
24 65
24 76
24 79
24 87
24 93
24 94
24 103
24 110
24 118
24 126
24 127
24 128
24 133
24 135
24 139
24 141
24 143
24 155
24 156
24 157
24 161
24 162
24 165
24 182
24 192
24 195
24 198
24 200
24 225
24 250
24 253
24 272
24 291
24 308
24 311
24 314
24 315
24 324
24 331
24 361
24 371
24 379
24 384
24 387
24 391
24 395
24 396
24 406
24 411
24 424
24 431
24 465
24 479
24 480
24 486
24 499
24 503
24 513
24 525
24 526
24 527
24 539
24 542
25 26
25 27
25 29
25 32
25 36
25 41
25 43
25 44
25 45
25 47
25 49
25 50
25 62
25 73
25 74
25 79
25 83
25 84
25 89
25 90
25 91
25 94
25 96
25 109
25 110
25 113
25 115
25 122
25 132
25 136
25 138
25 145
25 150
25 166
25 177
25 191
25 209
25 219
25 221
25 222
25 225
25 228
25 229
25 231
25 232
25 240
25 241
25 248
25 254
25 280
25 288
25 292
25 307
25 311
25 320
25 325
25 331
25 343
25 355
25 357
25 359
25 368
25 385
25 393
25 394
25 400
25 413
25 416
25 420
25 422
25 431
25 434
25 435
25 458
25 488
25 493
25 495
25 508
25 511
25 521
25 524
25 533
25 534
25 535
25 540
26 27
26 33
26 34
26 35
26 36
26 37
26 40
26 45
26 46
26 53
26 56
26 57
26 79
26 86
26 87
26 114
26 123
26 136
26 137
26 141
26 144
26 147
26 151
26 180
26 186
26 191
26 199
26 217
26 219
26 221
26 228
26 238
26 249
26 273
26 278
26 298
26 303
26 305
26 308
26 324
26 326
26 333
26 340
26 346
26 407
26 443
26 467
26 495
26 496
26 501
26 506
26 527
26 536
26 550
26 553
27 29
27 30
27 31
27 34
27 36
27 38
27 39
27 40
27 41
27 44
27 47
27 54
27 55
27 56
27 58
27 63
27 64
27 75
27 77
27 82
27 91
27 92
27 93
27 101
27 106
27 112
27 129
27 138
27 140
27 146
27 155
27 159
27 160
27 172
27 182
27 199
27 202
27 205
27 211
27 234
27 265
27 275
27 282
27 285
27 297
27 306
27 318
27 320
27 332
27 333
27 356
27 390
27 409
27 426
27 429
27 439
27 458
27 459
27 462
27 497
27 549
27 557
28 29
28 30
28 31
28 45
28 52
28 56
28 57
28 63
28 74
28 79
28 94
28 102
28 119
28 120
28 125
28 127
28 128
28 131
28 136
28 140
28 142
28 143
28 145
28 153
28 166
28 176
28 182
28 187
28 188
28 198
28 204
28 216
28 254
28 262
28 263
28 276
28 296
28 299
28 301
28 311
28 330
28 333
28 348
28 356
28 368
28 398
28 407
28 415
28 416
28 435
28 460
28 468
28 470
28 494
28 505
28 517
28 532
28 538
28 552
29 31
29 32
29 33
29 36
29 37
29 38
29 41
29 43
29 44
29 45
29 47
29 48
29 55
29 56
29 58
29 63
29 73
29 74
29 79
29 81
29 82
29 84
29 87
29 88
29 89
29 93
29 97
29 100
29 101
29 102
29 104
29 113
29 120
29 121
29 126
29 133
29 143
29 146
29 150
29 151
29 152
29 156
29 170
29 171
29 173
29 175
29 176
29 183
29 195
29 196
29 204
29 205
29 207
29 210
29 228
29 230
29 234
29 242
29 244
29 247
29 248
29 249
29 251
29 263
29 265
29 269
29 272
29 279
29 283
29 300
29 308
29 312
29 327
29 343
29 357
29 367
29 370
29 375
29 378
29 382
29 385
29 388
29 407
29 409
29 413
29 415
29 416
29 419
29 426
29 440
29 450
29 453
29 457
29 461
29 462
29 486
29 502
29 508
29 509
29 511
29 520
29 527
29 537
29 555
30 31
30 34
30 40
30 42
30 43
30 44
30 52
30 54
30 55
30 57
30 58
30 60
30 61
30 64
30 66
30 68
30 69
30 71
30 74
30 90
30 94
30 105
30 109
30 111
30 112
30 114
30 119
30 133
30 141
30 144
30 154
30 158
30 159
30 167
30 206
30 207
30 212
30 216
30 221
30 225
30 234
30 238
30 267
30 269
30 279
30 281
30 291
30 299
30 304
30 306
30 321
30 334
30 342
30 346
30 359
30 366
30 369
30 373
30 374
30 375
30 376
30 384
30 386
30 400
30 422
30 427
30 429
30 442
30 455
30 456
30 486
30 514
30 519
30 528
30 530
30 531
30 532
30 537
30 543
30 554
31 32
31 33
31 34
31 35
31 36
31 38
31 39
31 46
31 49
31 51
31 53
31 54
31 57
31 58
31 61
31 65
31 66
31 67
31 72
31 77
31 80
31 81
31 83
31 86
31 92
31 99
31 100
31 106
31 109
31 111
31 139
31 150
31 153
31 160
31 164
31 174
31 179
31 188
31 193
31 195
31 196
31 201
31 204
31 210
31 213
31 214
31 216
31 233
31 242
31 250
31 258
31 271
31 274
31 278
31 284
31 297
31 324
31 325
31 326
31 327
31 351
31 362
31 364
31 366
31 371
31 377
31 379
31 389
31 391
31 400
31 423
31 427
31 452
31 455
31 461
31 466
31 471
31 499
31 503
31 516
31 553
32 33
32 35
32 36
32 39
32 40
32 43
32 46
32 55
32 60
32 70
32 71
32 79
32 81
32 83
32 85
32 87
32 93
32 94
32 97
32 99
32 103
32 105
32 117
32 122
32 123
32 143
32 144
32 152
32 156
32 177
32 181
32 185
32 204
32 224
32 225
32 231
32 240
32 251
32 261
32 286
32 293
32 299
32 304
32 309
32 328
32 334
32 336
32 338
32 343
32 349
32 373
32 390
32 392
32 397
32 413
32 425
32 432
32 447
32 448
32 452
32 461
32 466
32 486
32 487
32 499
32 528
33 43
33 53
33 54
33 57
33 64
33 74
33 75
33 79
33 81
33 90
33 94
33 95
33 98
33 105
33 107
33 108
33 113
33 114
33 116
33 117
33 146
33 148
33 166
33 167
33 190
33 195
33 198
33 201
33 210
33 234
33 235
33 243
33 245
33 258
33 260
33 269
33 277
33 279
33 283
33 285
33 292
33 294
33 307
33 314
33 316
33 321
33 322
33 332
33 342
33 343
33 360
33 363
33 387
33 395
33 402
33 403
33 404
33 434
33 439
33 456
33 457
33 458
33 462
33 487
33 520
33 527
33 529
33 545
33 553
34 37
34 40
34 41
34 44
34 45
34 47
34 49
34 52
34 55
34 61
34 69
34 73
34 78
34 81
34 95
34 101
34 102
34 105
34 108
34 110
34 118
34 119
34 124
34 131
34 137
34 138
34 139
34 152
34 155
34 180
34 184
34 192
34 193
34 206
34 212
34 222
34 231
34 235
34 239
34 243
34 245
34 253
34 254
34 257
34 260
34 265
34 267
34 271
34 308
34 315
34 316
34 317
34 323
34 328
34 340
34 358
34 388
34 399
34 414
34 416
34 427
34 435
34 441
34 446
34 447
34 460
34 462
34 476
34 489
34 500
34 508
34 528
35 40
35 41
35 43
35 47
35 48
35 51
35 52
35 66
35 67
35 69
35 70
35 82
35 84
35 85
35 91
35 96
35 102
35 103
35 106
35 113
35 116
35 124
35 130
35 131
35 141
35 148
35 149
35 163
35 169
35 180
35 194
35 197
35 198
35 208
35 218
35 231
35 232
35 243
35 246
35 248
35 278
35 287
35 304
35 306
35 314
35 328
35 338
35 369
35 378
35 395
35 407
35 410
35 411
35 426
35 447
35 454
35 457
35 464
35 485
35 486
35 502
35 537
35 546
35 557
36 38
36 42
36 44
36 45
36 48
36 50
36 58
36 59
36 63
36 66
36 68
36 73
36 76
36 78
36 88
36 94
36 97
36 99
36 105
36 108
36 110
36 114
36 119
36 120
36 123
36 125
36 139
36 140
36 141
36 144
36 157
36 159
36 162
36 171
36 173
36 176
36 178
36 201
36 203
36 208
36 221
36 233
36 237
36 245
36 263
36 264
36 290
36 302
36 303
36 315
36 322
36 332
36 342
36 349
36 358
36 371
36 399
36 416
36 420
36 443
36 498
36 506
36 526
36 538
36 540
36 548
36 553
37 38
37 43
37 44
37 46
37 50
37 54
37 59
37 61
37 63
37 65
37 68
37 69
37 76
37 86
37 104
37 112
37 124
37 129
37 132
37 135
37 141
37 146
37 152
37 157
37 166
37 167
37 173
37 201
37 203
37 205
37 210
37 250
37 255
37 259
37 261
37 268
37 269
37 290
37 294
37 306
37 309
37 323
37 327
37 329
37 341
37 349
37 368
37 375
37 406
37 409
37 412
37 449
37 453
37 478
37 487
37 512
37 516
37 533
37 544
38 39
38 40
38 43
38 44
38 46
38 50
38 51
38 53
38 55
38 71
38 73
38 80
38 83
38 85
38 88
38 98
38 107
38 109
38 119
38 120
38 122
38 125
38 126
38 145
38 151
38 158
38 160
38 162
38 167
38 178
38 182
38 183
38 184
38 186
38 189
38 198
38 202
38 204
38 210
38 213
38 221
38 247
38 257
38 267
38 278
38 289
38 296
38 298
38 327
38 349
38 355
38 367
38 377
38 421
38 432
38 447
38 458
38 488
38 504
38 510
38 512
38 518
38 519
38 528
38 529
38 540
38 554
39 41
39 42
39 43
39 46
39 51
39 52
39 55
39 61
39 71
39 93
39 103
39 105
39 106
39 108
39 112
39 121
39 136
39 140
39 152
39 160
39 162
39 163
39 172
39 173
39 177
39 184
39 185
39 191
39 213
39 223
39 225
39 226
39 236
39 239
39 240
39 244
39 258
39 270
39 272
39 285
39 303
39 328
39 342
39 362
39 376
39 380
39 387
39 399
39 404
39 410
39 412
39 428
39 433
39 442
39 448
39 458
39 461
39 504
39 513
39 517
39 523
39 528
39 530
40 54
40 55
40 56
40 59
40 61
40 62
40 68
40 78
40 82
40 85
40 87
40 89
40 94
40 98
40 101
40 116
40 121
40 127
40 134
40 147
40 149
40 153
40 174
40 185
40 222
40 234
40 277
40 280
40 281
40 283
40 326
40 331
40 342
40 360
40 370
40 379
40 384
40 393
40 402
40 415
40 424
40 428
40 444
40 452
40 457
40 483
40 504
40 507
41 42
41 43
41 48
41 51
41 53
41 57
41 64
41 66
41 70
41 71
41 76
41 79
41 85
41 86
41 89
41 90
41 94
41 100
41 111
41 112
41 131
41 136
41 145
41 156
41 162
41 181
41 199
41 202
41 210
41 213
41 222
41 227
41 233
41 237
41 258
41 278
41 281
41 284
41 286
41 298
41 311
41 320
41 341
41 342
41 346
41 349
41 352
41 356
41 386
41 391
41 392
41 398
41 400
41 417
41 418
41 420
41 425
41 430
41 442
41 455
41 463
41 471
41 515
41 517
41 519
41 522
41 530
42 44
42 48
42 53
42 55
42 57
42 62
42 64
42 70
42 75
42 78
42 85
42 95
42 100
42 101
42 102
42 107
42 109
42 118
42 120
42 125
42 130
42 138
42 145
42 156
42 167
42 179
42 186
42 203
42 208
42 211
42 215
42 236
42 256
42 260
42 282
42 312
42 315
42 320
42 339
42 355
42 360
42 383
42 387
42 398
42 401
42 423
42 425
42 441
42 460
42 488
42 491
42 521
42 530
43 47
43 56
43 60
43 62
43 63
43 67
43 74
43 76
43 77
43 101
43 114
43 123
43 136
43 144
43 166
43 186
43 245
43 256
43 277
43 297
43 345
43 358
43 376
43 402
43 414
43 420
43 428
43 446
43 485
43 516
43 526
43 538
44 45
44 47
44 52
44 53
44 55
44 56
44 57
44 62
44 64
44 67
44 84
44 91
44 108
44 117
44 122
44 123
44 126
44 140
44 142
44 179
44 183
44 188
44 192
44 194
44 207
44 209
44 215
44 219
44 220
44 223
44 229
44 249
44 258
44 280
44 288
44 291
44 298
44 302
44 306
44 313
44 322
44 336
44 342
44 344
44 358
44 373
44 437
44 449
44 464
44 480
44 484
44 487
44 500
44 503
44 518
44 528
44 541
44 543
44 545
45 47
45 48
45 50
45 53
45 54
45 56
45 57
45 65
45 70
45 82
45 87
45 99
45 101
45 104
45 111
45 116
45 120
45 121
45 122
45 123
45 127
45 159
45 164
45 171
45 178
45 189
45 190
45 191
45 193
45 214
45 220
45 238
45 264
45 271
45 284
45 310
45 313
45 317
45 330
45 337
45 348
45 362
45 364
45 369
45 376
45 381
45 413
45 419
45 432
45 451
45 476
45 518
45 529
45 530
45 547
45 550
46 49
46 51
46 59
46 64
46 71
46 72
46 78
46 81
46 83
46 89
46 142
46 147
46 160
46 174
46 188
46 215
46 226
46 228
46 238
46 253
46 255
46 262
46 264
46 267
46 278
46 286
46 301
46 320
46 324
46 328
46 342
46 343
46 348
46 370
46 396
46 420
46 461
46 472
46 474
46 477
46 482
46 489
46 515
46 520
46 525
46 537
46 542
46 555
47 50
47 55
47 56
47 60
47 83
47 92
47 95
47 98
47 113
47 125
47 137
47 154
47 186
47 188
47 193
47 201
47 209
47 226
47 233
47 239
47 249
47 259
47 267
47 273
47 284
47 286
47 288
47 313
47 368
47 386
47 421
47 450
47 483
47 494
47 507
47 526
47 548
48 51
48 59
48 68
48 70
48 72
48 82
48 86
48 88
48 104
48 105
48 109
48 113
48 115
48 117
48 122
48 126
48 131
48 134
48 135
48 139
48 151
48 152
48 154
48 168
48 173
48 188
48 203
48 209
48 211
48 217
48 227
48 237
48 241
48 242
48 248
48 252
48 253
48 260
48 267
48 325
48 338
48 346
48 348
48 365
48 369
48 394
48 426
48 441
48 446
48 448
48 459
48 461
48 499
48 501
48 503
48 531
49 65
49 69
49 73
49 82
49 85
49 111
49 113
49 122
49 137
49 165
49 189
49 217
49 245
49 253
49 259
49 350
49 353
49 377
49 454
49 504
49 513
49 521
49 554
50 53
50 60
50 63
50 65
50 69
50 70
50 74
50 79
50 96
50 98
50 99
50 104
50 106
50 124
50 130
50 141
50 143
50 144
50 145
50 148
50 155
50 161
50 164
50 189
50 197
50 203
50 206
50 211
50 215
50 223
50 227
50 242
50 251
50 273
50 282
50 296
50 302
50 317
50 319
50 321
50 330
50 385
50 417
50 419
50 422
50 434
50 457
50 465
50 466
50 469
50 497
50 518
50 532
50 555
50 556
51 52
51 58
51 75
51 76
51 89
51 93
51 95
51 96
51 106
51 108
51 112
51 121
51 125
51 146
51 160
51 164
51 186
51 188
51 191
51 204
51 210
51 212
51 218
51 224
51 231
51 241
51 254
51 295
51 297
51 301
51 308
51 312
51 319
51 324
51 354
51 356
51 373
51 376
51 383
51 400
51 407
51 410
51 417
51 455
51 474
51 482
51 485
51 534
52 58
52 59
52 60
52 62
52 63
52 70
52 73
52 81
52 93
52 97
52 101
52 119
52 133
52 140
52 150
52 152
52 153
52 156
52 161
52 163
52 164
52 185
52 205
52 219
52 220
52 223
52 231
52 232
52 261
52 264
52 274
52 319
52 326
52 333
52 354
52 367
52 389
52 412
52 419
52 425
52 450
52 494
52 500
52 501
52 502
52 530
52 558
53 54
53 60
53 82
53 85
53 88
53 95
53 126
53 132
53 156
53 162
53 164
53 171
53 176
53 178
53 182
53 187
53 189
53 190
53 194
53 201
53 205
53 243
53 254
53 263
53 267
53 288
53 300
53 320
53 321
53 324
53 331
53 347
53 359
53 418
53 420
53 422
53 430
53 441
53 466
53 480
53 496
53 501
53 525
53 528
53 529
53 532
53 549
54 57
54 58
54 65
54 67
54 69
54 72
54 73
54 74
54 77
54 79
54 80
54 92
54 103
54 106
54 108
54 109
54 112
54 126
54 130
54 131
54 137
54 147
54 157
54 170
54 171
54 177
54 180
54 191
54 203
54 205
54 206
54 208
54 222
54 235
54 239
54 248
54 249
54 261
54 293
54 299
54 319
54 325
54 327
54 375
54 377
54 385
54 403
54 405
54 473
54 501
54 510
54 527
54 546
54 548
54 550
55 56
55 75
55 77
55 85
55 88
55 91
55 92
55 95
55 96
55 107
55 118
55 123
55 127
55 148
55 172
55 176
55 177
55 182
55 185
55 192
55 194
55 195
55 204
55 218
55 220
55 225
55 233
55 234
55 236
55 237
55 258
55 271
55 276
55 283
55 285
55 299
55 313
55 317
55 322
55 323
55 329
55 330
55 339
55 345
55 357
55 394
55 407
55 415
55 432
55 460
55 482
55 486
55 517
55 524
55 530
56 57
56 62
56 64
56 66
56 67
56 69
56 71
56 75
56 76
56 81
56 85
56 94
56 97
56 104
56 106
56 107
56 112
56 116
56 117
56 124
56 128
56 130
56 132
56 156
56 163
56 168
56 171
56 181
56 182
56 196
56 203
56 205
56 209
56 217
56 230
56 242
56 259
56 263
56 274
56 278
56 297
56 313
56 324
56 361
56 364
56 418
56 451
56 469
56 471
56 476
56 479
56 495
56 519
56 521
56 534
56 540
57 60
57 74
57 84
57 86
57 92
57 97
57 98
57 100
57 102
57 114
57 135
57 141
57 143
57 145
57 170
57 176
57 177
57 178
57 180
57 184
57 191
57 207
57 220
57 232
57 241
57 251
57 255
57 269
57 276
57 278
57 296
57 311
57 344
57 366
57 385
57 386
57 392
57 458
57 470
58 59
58 61
58 62
58 64
58 65
58 66
58 69
58 81
58 93
58 96
58 97
58 112
58 113
58 115
58 123
58 129
58 135
58 142
58 147
58 149
58 157
58 161
58 166
58 172
58 178
58 213
58 229
58 230
58 262
58 291
58 336
58 339
58 342
58 352
58 366
58 369
58 399
58 407
58 412
58 413
58 422
58 432
58 434
58 437
58 455
58 458
58 468
58 482
58 519
58 538
58 549
59 61
59 65
59 68
59 80
59 83
59 84
59 87
59 88
59 90
59 92
59 95
59 97
59 99
59 104
59 116
59 121
59 127
59 131
59 132
59 135
59 138
59 155
59 165
59 166
59 187
59 188
59 189
59 194
59 210
59 214
59 225
59 226
59 229
59 255
59 256
59 266
59 299
59 300
59 324
59 337
59 341
59 359
59 371
59 378
59 380
59 398
59 399
59 427
59 443
59 451
59 455
59 456
59 490
59 531
59 540
59 543
60 67
60 72
60 76
60 86
60 88
60 95
60 105
60 110
60 126
60 132
60 137
60 143
60 145
60 160
60 174
60 178
60 209
60 225
60 226
60 230
60 231
60 234
60 240
60 287
60 329
60 341
60 346
60 353
60 417
60 480
60 525
61 67
61 77
61 79
61 90
61 104
61 118
61 120
61 124
61 134
61 146
61 149
61 154
61 178
61 212
61 229
61 241
61 247
61 255
61 257
61 270
61 271
61 324
61 328
61 345
61 349
61 361
61 374
61 380
61 390
61 398
61 402
61 405
61 463
61 466
61 492
61 495
61 510
61 524
61 538
61 549
62 67
62 71
62 74
62 77
62 78
62 84
62 86
62 91
62 98
62 106
62 107
62 120
62 128
62 131
62 153
62 155
62 164
62 171
62 179
62 181
62 199
62 207
62 250
62 265
62 270
62 276
62 290
62 293
62 300
62 301
62 317
62 347
62 352
62 400
62 418
62 426
62 427
62 480
62 493
62 494
62 499
62 507
62 508
62 509
62 531
62 533
63 68
63 95
63 104
63 110
63 114
63 123
63 138
63 145
63 151
63 178
63 192
63 200
63 238
63 241
63 246
63 293
63 309
63 331
63 341
63 344
63 367
63 393
63 397
63 433
63 443
63 451
63 510
63 512
63 519
63 520
63 533
64 68
64 72
64 109
64 126
64 130
64 149
64 171
64 182
64 198
64 201
64 204
64 209
64 223
64 227
64 239
64 248
64 249
64 275
64 316
64 323
64 369
64 387
64 410
64 421
64 456
64 467
64 468
64 476
64 489
64 493
65 70
65 72
65 81
65 87
65 154
65 175
65 190
65 197
65 231
65 233
65 239
65 249
65 297
65 327
65 374
65 410
65 411
65 419
65 486
65 512
65 552
66 67
66 80
66 90
66 96
66 102
66 119
66 121
66 127
66 129
66 137
66 160
66 164
66 176
66 182
66 183
66 191
66 195
66 202
66 233
66 235
66 240
66 249
66 264
66 284
66 320
66 346
66 347
66 377
66 381
66 416
66 428
66 444
66 468
66 471
66 489
66 491
66 495
66 496
66 506
66 524
66 526
66 539
66 558
67 68
67 78
67 82
67 85
67 88
67 90
67 99
67 108
67 134
67 139
67 144
67 153
67 168
67 172
67 183
67 194
67 211
67 219
67 232
67 246
67 253
67 275
67 334
67 359
67 393
67 402
67 414
67 418
67 449
67 450
67 458
67 462
67 499
67 555
68 74
68 83
68 84
68 89
68 92
68 105
68 106
68 115
68 116
68 121
68 133
68 140
68 160
68 161
68 182
68 223
68 227
68 262
68 269
68 308
68 310
68 315
68 329
68 333
68 339
68 365
68 369
68 382
68 388
68 390
68 404
68 416
68 428
68 431
68 452
68 494
68 509
68 512
68 517
68 534
68 538
68 550
68 554
69 70
69 72
69 82
69 92
69 102
69 103
69 105
69 117
69 120
69 122
69 124
69 128
69 161
69 162
69 164
69 167
69 168
69 182
69 185
69 213
69 222
69 230
69 232
69 238
69 239
69 245
69 260
69 261
69 277
69 284
69 288
69 319
69 327
69 329
69 352
69 355
69 361
69 370
69 408
69 413
69 414
69 430
69 447
69 475
69 479
69 484
69 487
69 490
69 512
69 530
70 83
70 84
70 87
70 89
70 146
70 149
70 150
70 173
70 193
70 227
70 231
70 235
70 255
70 275
70 276
70 332
70 361
70 377
70 419
70 491
70 510
70 522
70 543
70 552
71 80
71 89
71 90
71 91
71 93
71 96
71 99
71 135
71 151
71 152
71 153
71 154
71 189
71 211
71 267
71 311
71 318
71 327
71 353
71 380
71 418
71 423
71 457
71 490
71 497
71 504
71 506
71 537
71 539
71 547
71 551
71 557
72 86
72 95
72 101
72 104
72 107
72 108
72 120
72 124
72 125
72 138
72 145
72 156
72 159
72 175
72 179
72 184
72 186
72 200
72 202
72 216
72 225
72 229
72 262
72 271
72 301
72 305
72 307
72 308
72 317
72 319
72 333
72 421
72 498
72 511
73 107
73 130
73 143
73 144
73 157
73 158
73 168
73 169
73 202
73 217
73 229
73 230
73 286
73 297
73 302
73 335
73 340
73 343
73 362
73 375
73 378
73 383
73 392
73 400
73 413
73 420
73 489
73 493
73 559
74 77
74 78
74 80
74 81
74 88
74 118
74 123
74 138
74 148
74 169
74 173
74 175
74 181
74 191
74 204
74 207
74 222
74 227
74 239
74 243
74 244
74 261
74 280
74 295
74 323
74 329
74 344
74 349
74 359
74 416
74 442
74 445
74 450
74 510
74 514
74 558
75 81
75 91
75 95
75 109
75 111
75 114
75 124
75 132
75 134
75 141
75 158
75 168
75 172
75 174
75 176
75 183
75 189
75 195
75 199
75 209
75 210
75 217
75 222
75 252
75 266
75 287
75 290
75 322
75 334
75 340
75 348
75 354
75 389
75 395
75 404
75 427
75 443
75 466
75 481
75 502
75 508
75 519
75 520
75 525
76 97
76 105
76 110
76 129
76 138
76 142
76 166
76 183
76 184
76 196
76 205
76 218
76 225
76 234
76 245
76 252
76 260
76 262
76 283
76 287
76 305
76 321
76 329
76 364
76 370
76 415
76 418
76 432
76 442
76 448
76 471
76 481
76 483
76 509
76 511
76 523
77 82
77 84
77 115
77 141
77 146
77 149
77 154
77 173
77 174
77 184
77 203
77 208
77 254
77 275
77 301
77 335
77 347
77 404
77 442
77 469
77 472
77 473
77 475
77 483
77 541
77 546
77 551
77 555
77 559
78 83
78 85
78 89
78 90
78 94
78 99
78 117
78 118
78 135
78 149
78 150
78 159
78 160
78 179
78 202
78 205
78 218
78 220
78 222
78 237
78 242
78 247
78 268
78 287
78 298
78 314
78 330
78 335
78 347
78 359
78 369
78 426
78 463
78 486
78 496
78 550
79 81
79 115
79 135
79 218
79 290
79 365
79 415
79 421
79 423
79 447
79 450
79 466
79 481
79 528
79 533
79 554
80 103
80 110
80 114
80 130
80 151
80 155
80 161
80 169
80 223
80 241
80 267
80 276
80 289
80 290
80 295
80 310
80 321
80 335
80 345
80 371
80 378
80 419
80 427
80 449
80 454
80 472
80 519
81 100
81 106
81 113
81 117
81 122
81 144
81 169
81 174
81 180
81 183
81 203
81 213
81 224
81 237
81 243
81 251
81 301
81 322
81 334
81 344
81 347
81 377
81 389
81 419
81 425
81 428
81 441
81 445
81 466
81 470
81 477
81 482
81 483
81 495
81 502
81 537
81 555
82 86
82 99
82 133
82 140
82 149
82 157
82 167
82 225
82 249
82 251
82 283
82 287
82 322
82 350
82 358
82 398
82 405
82 464
82 468
83 89
83 101
83 107
83 123
83 129
83 152
83 159
83 163
83 165
83 170
83 198
83 268
83 278
83 292
83 311
83 312
83 350
83 356
83 363
83 427
83 439
83 459
83 487
83 492
83 500
83 520
83 529
84 96
84 98
84 112
84 119
84 135
84 152
84 162
84 180
84 201
84 209
84 212
84 238
84 243
84 244
84 258
84 259
84 288
84 292
84 295
84 302
84 309
84 409
84 435
84 548
85 116
85 117
85 152
85 172
85 174
85 193
85 212
85 289
85 318
85 348
85 374
85 378
85 426
85 430
85 433
85 537
85 548
85 555
85 556
86 87
86 91
86 99
86 102
86 114
86 117
86 118
86 129
86 139
86 146
86 156
86 190
86 282
86 329
86 334
86 347
86 361
86 363
86 384
86 401
86 417
86 421
86 479
86 487
86 535
87 88
87 94
87 114
87 174
87 180
87 201
87 212
87 253
87 260
87 262
87 268
87 295
87 307
87 322
87 337
87 352
87 360
87 363
87 408
87 409
87 418
87 432
87 503
87 525
88 90
88 96
88 103
88 109
88 111
88 115
88 125
88 128
88 131
88 157
88 159
88 165
88 173
88 189
88 224
88 227
88 246
88 254
88 255
88 269
88 306
88 364
88 395
88 396
88 404
88 459
88 494
88 498
88 526
88 553
88 559
89 91
89 100
89 102
89 111
89 127
89 128
89 134
89 145
89 170
89 177
89 185
89 189
89 197
89 201
89 204
89 218
89 221
89 238
89 245
89 271
89 287
89 308
89 316
89 320
89 330
89 331
89 345
89 353
89 358
89 364
89 386
89 387
89 390
89 402
89 426
89 442
89 462
89 503
89 521
90 92
90 97
90 100
90 119
90 122
90 134
90 140
90 153
90 195
90 207
90 219
90 223
90 237
90 249
90 255
90 256
90 278
90 310
90 317
90 364
90 406
90 429
90 441
90 493
90 517
91 92
91 97
91 140
91 165
91 172
91 190
91 229
91 255
91 257
91 265
91 284
91 285
91 289
91 304
91 347
91 357
91 403
91 414
91 420
91 437
91 450
91 452
91 472
91 504
91 539
91 540
92 104
92 117
92 127
92 147
92 149
92 161
92 189
92 192
92 212
92 229
92 288
92 297
92 299
92 303
92 350
92 355
92 414
92 420
93 96
93 107
93 114
93 134
93 154
93 181
93 187
93 215
93 218
93 230
93 233
93 241
93 246
93 250
93 254
93 259
93 276
93 290
93 313
93 314
93 319
93 340
93 348
93 378
93 393
93 411
93 425
93 440
93 444
93 451
93 478
93 491
93 496
93 525
93 528
94 97
94 109
94 115
94 118
94 123
94 135
94 140
94 164
94 181
94 199
94 213
94 214
94 228
94 289
94 316
94 322
94 333
94 376
94 384
94 394
94 396
94 411
94 414
94 423
94 425
94 480
94 489
94 498
94 524
94 531
94 540
94 542
94 557
95 111
95 112
95 119
95 165
95 173
95 178
95 193
95 228
95 232
95 299
95 343
95 351
95 359
95 362
95 385
95 389
95 401
95 409
95 410
95 440
95 453
95 461
95 464
95 501
95 515
96 108
96 132
96 144
96 146
96 153
96 230
96 246
96 255
96 276
96 308
96 333
96 383
96 431
96 484
96 522
96 542
96 550
97 98
97 126
97 130
97 159
97 161
97 163
97 171
97 192
97 212
97 235
97 241
97 252
97 293
97 296
97 310
97 354
97 360
97 362
97 369
97 372
97 395
97 430
97 498
97 502
97 503
97 524
97 526
97 529
98 119
98 120
98 151
98 154
98 163
98 196
98 274
98 300
98 333
98 348
98 350
98 365
98 374
98 422
98 491
98 492
98 522
98 533
99 117
99 161
99 166
99 191
99 192
99 201
99 202
99 296
99 318
99 353
99 416
99 449
99 457
99 499
100 104
100 123
100 149
100 151
100 154
100 173
100 183
100 235
100 241
100 246
100 247
100 293
100 350
100 392
100 427
100 430
100 435
100 448
100 469
100 488
100 548
101 107
101 111
101 130
101 141
101 155
101 177
101 178
101 182
101 194
101 202
101 206
101 270
101 292
101 303
101 317
101 321
101 323
101 383
101 390
101 400
101 402
101 417
101 418
101 420
101 435
101 515
101 533
102 152
102 155
102 167
102 174
102 180
102 186
102 190
102 201
102 217
102 227
102 276
102 307
102 308
102 321
102 331
102 359
102 383
102 394
102 396
102 438
102 443
102 454
102 461
102 465
102 497
102 516
102 528
102 558
102 559
103 128
103 153
103 198
103 202
103 209
103 246
103 284
103 319
103 352
103 445
103 544
104 114
104 121
104 170
104 172
104 215
104 221
104 225
104 227
104 237
104 241
104 280
104 281
104 289
104 304
104 305
104 353
104 358
104 364
104 376
104 476
104 506
104 538
104 559
105 108
105 128
105 150
105 169
105 188
105 254
105 271
105 383
105 385
105 394
105 415
105 474
105 526
105 529
106 138
106 139
106 152
106 174
106 175
106 177
106 185
106 188
106 210
106 241
106 248
106 258
106 280
106 288
106 295
106 332
106 350
106 379
106 385
106 387
106 406
106 422
106 423
106 442
106 482
106 486
106 495
106 507
106 513
106 520
106 522
106 539
106 552
107 108
107 111
107 112
107 127
107 132
107 133
107 141
107 169
107 175
107 181
107 193
107 209
107 222
107 252
107 267
107 314
107 322
107 367
107 372
107 397
107 401
107 404
107 412
107 427
107 481
107 488
107 516
107 519
107 535
107 536
108 110
108 113
108 119
108 151
108 159
108 181
108 188
108 190
108 199
108 207
108 212
108 217
108 242
108 273
108 294
108 339
108 350
108 364
108 448
108 524
108 533
109 154
109 158
109 165
109 176
109 190
109 207
109 213
109 272
109 277
109 286
109 290
109 312
109 328
109 361
109 362
109 372
109 447
109 453
109 460
109 488
109 501
109 541
110 124
110 129
110 130
110 136
110 143
110 147
110 149
110 187
110 214
110 218
110 248
110 264
110 288
110 300
110 303
110 357
110 367
110 388
110 408
110 446
110 466
110 478
110 506
111 128
111 136
111 158
111 163
111 165
111 168
111 193
111 201
111 242
111 259
111 273
111 323
111 327
111 329
111 376
111 401
111 412
111 419
111 447
111 472
111 510
112 116
112 125
112 133
112 147
112 157
112 177
112 182
112 224
112 240
112 242
112 291
112 315
112 326
112 327
112 331
112 406
112 429
112 433
112 442
112 445
112 454
112 481
112 483
112 498
112 504
112 515
113 116
113 128
113 139
113 149
113 173
113 179
113 233
113 253
113 350
113 394
113 416
113 458
113 478
114 118
114 127
114 134
114 137
114 143
114 207
114 235
114 241
114 247
114 260
114 351
114 405
114 409
114 422
114 454
114 528
114 546
115 199
115 264
115 280
115 293
115 300
115 309
115 318
115 336
115 345
115 363
115 421
115 476
115 499
115 500
115 532
116 137
116 162
116 179
116 180
116 189
116 198
116 215
116 224
116 226
116 276
116 277
116 287
116 325
116 344
116 455
116 494
116 500
116 507
116 515
116 518
117 118
117 120
117 150
117 162
117 165
117 185
117 274
117 317
117 336
117 366
117 397
117 421
117 435
117 510
117 513
118 125
118 135
118 140
118 167
118 210
118 246
118 282
118 391
118 401
118 437
118 438
119 121
119 158
119 170
119 175
119 237
119 264
119 294
119 368
119 394
119 541
120 128
120 137
120 138
120 140
120 179
120 197
120 223
120 235
120 253
120 254
120 257
120 276
120 279
120 284
120 285
120 326
120 410
120 430
120 434
120 465
120 542
121 127
121 129
121 132
121 135
121 136
121 147
121 154
121 159
121 164
121 165
121 177
121 207
121 228
121 255
121 270
121 272
121 286
121 288
121 290
121 313
121 339
121 389
121 421
121 430
121 446
121 490
121 507
121 527
121 549
122 133
122 134
122 137
122 139
122 146
122 157
122 158
122 178
122 190
122 290
122 292
122 312
122 315
122 323
122 325
122 367
122 370
122 423
122 440
122 468
123 131
123 133
123 168
123 188
123 197
123 236
123 237
123 280
123 316
123 338
123 351
123 404
123 447
123 500
123 505
123 531
124 134
124 148
124 155
124 163
124 175
124 187
124 193
124 200
124 203
124 206
124 258
124 292
124 315
124 330
124 345
124 363
124 374
124 396
124 399
124 404
124 405
124 407
124 422
124 451
124 541
125 147
125 151
125 153
125 154
125 171
125 172
125 197
125 217
125 244
125 261
125 269
125 274
125 281
125 290
125 365
125 379
125 390
125 399
125 438
125 447
125 449
125 465
125 473
126 187
126 216
126 253
126 365
126 366
126 539
126 547
127 129
127 155
127 168
127 176
127 191
127 197
127 252
127 266
127 280
127 289
127 314
127 318
127 334
127 336
127 351
127 407
127 414
127 447
128 132
128 136
128 184
128 202
128 224
128 266
128 323
128 334
128 354
128 356
128 375
128 403
128 445
128 470
128 479
128 493
128 512
128 527
129 140
129 141
129 154
129 171
129 211
129 238
129 240
129 248
129 252
129 257
129 294
129 295
129 326
129 348
129 356
129 367
129 437
129 474
129 505
130 142
130 175
130 244
130 248
130 263
130 284
130 285
130 314
130 359
130 375
130 438
130 472
130 484
130 525
130 529
130 533
130 545
131 158
131 193
131 196
131 205
131 215
131 261
131 266
131 274
131 318
131 321
131 348
131 363
131 406
131 436
131 521
131 540
131 549
132 133
132 136
132 151
132 153
132 166
132 229
132 234
132 243
132 247
132 269
132 274
132 294
132 306
132 316
132 322
132 356
132 393
132 399
132 446
132 464
132 511
132 531
132 536
132 543
133 137
133 155
133 169
133 199
133 241
133 244
133 308
133 310
133 345
133 354
133 389
133 410
133 454
133 459
133 460
133 463
133 474
133 479
133 482
133 514
133 523
133 550
134 138
134 148
134 158
134 159
134 172
134 186
134 230
134 256
134 291
134 292
134 299
134 303
134 354
134 373
134 395
134 418
134 433
134 435
135 144
135 148
135 163
135 194
135 214
135 228
135 261
135 283
135 286
135 291
135 317
135 401
135 411
135 482
135 488
135 515
136 183
136 200
136 212
136 311
136 356
136 369
136 380
136 383
136 391
136 431
136 444
136 471
136 495
136 513
137 170
137 177
137 184
137 191
137 204
137 222
137 234
137 254
137 314
137 330
137 333
137 339
137 400
137 437
137 447
137 465
137 469
137 475
138 143
138 154
138 164
138 166
138 169
138 175
138 179
138 226
138 233
138 264
138 281
138 292
138 334
138 355
138 383
138 428
138 449
138 452
138 462
138 507
139 155
139 165
139 185
139 204
139 216
139 247
139 251
139 263
139 277
139 285
139 292
139 340
139 355
139 455
139 519
139 520
140 180
140 194
140 242
140 256
140 266
140 313
140 335
140 372
140 389
140 454
140 472
140 476
140 477
140 490
140 524
141 153
141 162
141 206
141 221
141 233
141 252
141 263
141 266
141 269
141 291
141 298
141 325
141 334
141 338
141 345
141 346
141 359
141 394
141 395
141 397
141 411
141 454
141 460
141 469
141 494
141 542
141 545
142 144
142 148
142 152
142 185
142 245
142 274
142 312
142 358
142 373
142 381
142 407
142 414
142 423
142 433
142 489
142 500
142 504
142 521
142 531
142 549
143 156
143 204
143 230
143 232
143 265
143 266
143 269
143 288
143 294
143 370
143 371
143 423
143 491
143 496
143 497
143 505
144 146
144 158
144 170
144 204
144 209
144 212
144 247
144 250
144 312
144 396
144 398
144 403
144 425
144 456
144 463
144 555
145 147
145 194
145 197
145 242
145 251
145 273
145 288
145 293
145 306
145 307
145 317
145 320
145 362
145 424
145 512
145 537
145 556
146 170
146 211
146 232
146 259
146 260
146 264
146 314
146 448
147 151
147 173
147 181
147 210
147 214
147 216
147 220
147 222
147 234
147 303
147 338
147 460
147 474
147 503
148 150
148 162
148 167
148 171
148 181
148 219
148 221
148 261
148 275
148 303
148 350
148 362
148 382
148 454
148 495
148 527
148 532
148 534
148 540
148 559
149 150
149 167
149 187
149 244
149 280
149 329
149 413
149 466
149 497
149 499
149 523
150 176
150 196
150 243
150 248
150 292
150 339
150 464
150 467
150 473
150 511
151 157
151 160
151 182
151 186
151 196
151 202
151 255
151 272
151 338
151 371
151 381
151 383
151 392
151 399
151 433
151 469
151 493
151 514
151 536
151 539
151 545
152 161
152 168
152 188
152 200
152 245
152 247
152 274
152 294
152 309
152 310
152 331
152 353
152 369
152 379
152 405
152 428
152 441
152 444
152 450
152 466
152 478
152 505
152 509
153 158
153 200
153 216
153 221
153 238
153 258
153 264
153 268
153 288
153 311
153 315
153 319
153 332
153 336
153 349
153 379
153 456
153 483
153 530
154 167
154 169
154 195
154 231
154 234
154 258
154 298
154 307
154 318
154 334
154 363
154 373
154 376
154 431
154 432
154 529
154 554
155 157
155 163
155 165
155 171
155 174
155 191
155 192
155 207
155 229
155 282
155 289
155 294
155 307
155 314
155 319
155 322
155 333
155 339
155 386
155 481
155 484
156 180
156 191
156 197
156 236
156 240
156 268
156 272
156 313
156 340
156 365
156 382
156 383
156 405
156 521
157 177
157 182
157 194
157 208
157 211
157 245
157 254
157 263
157 285
157 295
157 329
157 341
157 352
157 439
157 519
157 521
157 559
158 162
158 192
158 235
158 273
158 357
158 368
158 497
159 187
159 194
159 240
159 268
159 278
159 295
159 296
159 306
159 376
159 381
159 416
159 491
159 554
160 164
160 172
160 200
160 209
160 215
160 217
160 245
160 302
160 318
160 328
160 359
160 379
160 387
160 419
160 429
160 456
160 483
160 502
160 509
161 189
161 219
161 256
161 263
161 279
161 280
161 305
161 337
161 370
161 506
161 538
161 543
162 226
162 231
162 235
162 248
162 252
162 259
162 272
162 275
162 285
162 307
162 308
162 331
162 388
162 446
162 449
162 517
162 518
162 535
162 545
163 180
163 220
163 224
163 247
163 270
163 316
163 372
163 391
163 461
163 467
163 520
163 543
163 548
163 549
164 181
164 200
164 221
164 224
164 272
164 298
164 332
164 334
164 351
164 352
164 427
164 443
164 479
164 485
165 205
165 208
165 215
165 216
165 257
165 305
165 310
165 353
165 354
165 378
165 379
165 436
165 458
165 516
166 176
166 198
166 206
166 232
166 285
166 308
166 361
166 366
166 435
166 450
166 451
166 455
166 490
166 541
166 546
167 183
167 186
167 220
167 225
167 257
167 258
167 351
167 358
167 487
167 547
168 179
168 246
168 273
168 282
168 324
168 340
168 383
168 451
168 497
169 190
169 195
169 196
169 199
169 206
169 221
169 243
169 250
169 283
169 301
169 330
169 344
169 358
169 380
169 414
169 435
169 438
169 465
169 493
169 535
169 536
170 217
170 226
170 279
170 298
170 310
170 324
170 356
170 373
170 409
170 449
171 329
171 382
171 457
171 493
171 522
171 523
171 537
172 237
172 244
172 307
172 408
172 432
172 506
172 525
172 551
173 181
173 269
173 315
173 363
173 366
173 369
173 375
173 400
173 405
173 418
173 421
173 424
173 435
173 443
173 448
173 454
173 462
173 511
174 175
174 187
174 197
174 236
174 245
174 258
174 330
174 336
174 367
174 378
174 428
174 471
174 477
174 533
174 534
175 195
175 240
175 350
175 373
175 376
175 431
175 463
175 486
175 490
175 491
175 551
176 177
176 192
176 196
176 206
176 208
176 210
176 228
176 252
176 253
176 265
176 297
176 323
176 338
176 391
176 476
176 501
176 522
176 558
177 184
177 200
177 253
177 262
177 330
177 340
177 382
177 429
177 475
177 504
177 529
178 205
178 216
178 220
178 247
178 270
178 345
178 422
178 445
178 514
178 547
179 201
179 216
179 229
179 273
179 275
179 291
179 311
179 319
179 339
179 393
179 408
179 414
179 432
179 437
179 505
179 552
180 184
180 208
180 224
180 249
180 268
180 277
180 323
180 397
180 425
180 458
180 467
180 542
181 203
181 208
181 214
181 259
181 262
181 300
181 306
181 314
181 381
181 388
181 434
181 463
181 509
181 522
182 183
182 195
182 218
182 262
182 315
182 393
182 404
182 429
183 261
183 271
183 275
183 358
183 378
183 441
183 463
183 465
183 504
184 208
184 214
184 224
184 243
184 313
184 315
184 323
184 337
184 357
184 361
184 486
185 190
185 210
185 219
185 229
185 235
185 237
185 263
185 265
185 291
185 390
185 517
185 531
185 539
186 223
186 226
186 227
186 232
186 234
186 239
186 261
186 273
186 285
186 294
186 341
186 367
186 406
186 448
186 487
186 495
186 504
186 528
186 532
186 535
187 219
187 247
187 252
187 263
187 300
187 354
187 384
187 387
187 515
187 542
188 209
188 333
188 368
188 442
188 460
189 190
189 233
189 263
189 305
189 321
189 332
189 360
189 495
189 545
190 227
190 241
190 275
190 309
190 358
190 388
190 404
190 418
190 437
190 443
190 445
190 448
190 463
190 542
190 551
191 203
191 236
191 277
191 313
191 367
191 505
192 216
192 256
192 331
192 398
192 454
192 501
192 511
193 213
193 223
193 224
193 230
193 232
193 265
193 292
193 293
193 302
193 371
193 386
193 396
193 409
193 426
193 438
193 443
193 475
193 482
193 544
193 547
193 555
194 353
194 365
194 393
194 405
194 444
194 451
194 515
195 207
195 226
195 239
195 300
195 311
195 326
195 345
195 436
195 467
195 469
195 497
195 536
196 206
196 269
196 286
196 472
197 206
197 341
197 425
197 433
197 464
197 497
197 507
197 545
198 297
198 305
198 328
198 337
198 351
198 386
198 394
198 459
198 473
198 484
198 508
198 558
199 214
199 219
199 233
199 339
199 345
199 363
199 402
199 411
199 436
199 441
199 484
199 496
199 534
199 543
200 223
200 297
200 317
200 343
200 373
200 438
200 482
201 208
201 249
201 267
201 350
201 355
201 381
201 465
201 530
202 210
202 212
202 231
202 256
202 257
202 275
202 328
202 477
202 489
202 513
203 222
203 257
203 348
203 441
203 447
203 498
204 206
204 250
204 291
204 297
204 310
204 340
204 366
204 413
204 414
204 431
204 543
204 554
205 244
205 365
205 444
205 536
206 223
206 235
206 252
206 279
206 283
206 289
206 320
206 372
206 391
206 429
206 431
206 459
206 477
206 537
206 552
207 256
207 271
207 321
207 361
207 395
207 430
207 453
208 249
208 282
208 405
208 500
208 539
209 214
210 214
210 234
210 275
210 277
210 286
210 352
210 365
210 458
210 476
210 477
210 507
210 531
210 557
211 213
211 283
211 313
211 338
211 445
211 479
211 483
212 218
212 224
212 348
212 478
212 484
213 218
213 231
213 244
213 264
213 286
213 299
213 335
213 368
213 450
213 457
213 464
213 481
214 235
214 237
214 311
214 467
215 220
215 236
215 283
215 299
215 332
215 346
215 356
215 367
215 397
215 406
215 412
215 426
215 452
215 461
215 464
215 513
215 524
216 228
216 233
216 237
216 272
216 300
216 323
216 326
216 357
216 372
216 376
216 388
216 389
216 409
216 415
216 419
216 420
216 425
216 474
216 482
216 485
216 556
217 376
217 426
217 434
217 516
217 550
218 260
218 265
218 284
218 440
218 477
218 547
219 281
219 328
219 362
219 379
219 485
219 510
219 548
220 230
220 243
220 266
220 279
220 291
220 333
220 337
220 372
220 381
220 395
220 491
220 492
221 225
221 228
221 240
221 252
221 261
221 281
221 320
221 377
221 452
221 460
221 470
221 472
221 508
221 540
221 541
221 544
222 250
222 262
222 299
222 302
222 310
222 319
222 341
222 379
222 409
222 421
222 441
222 446
222 490
222 497
222 544
222 547
222 558
223 268
223 278
223 286
223 289
223 352
223 442
223 449
223 473
223 518
224 296
224 305
224 377
224 388
224 459
224 481
224 483
225 237
225 240
225 293
225 303
225 311
225 313
225 337
225 338
225 404
225 423
225 458
225 465
225 466
225 490
225 514
225 547
226 257
226 273
226 287
226 315
226 346
226 405
226 459
226 493
226 494
226 520
226 530
227 273
227 277
227 346
227 348
227 476
227 505
228 238
228 240
228 243
228 284
228 407
228 410
228 418
228 480
228 508
228 532
228 557
229 368
229 412
229 425
229 428
229 431
229 450
230 251
230 254
230 316
230 385
230 415
230 498
230 540
231 287
231 306
231 329
231 360
231 379
231 401
231 521
232 287
232 337
232 420
232 463
233 251
233 298
233 335
233 347
233 372
233 388
233 392
233 410
233 503
233 519
234 248
234 272
234 303
234 390
234 436
235 270
235 291
235 337
235 344
235 363
235 434
236 408
236 432
236 499
237 278
237 300
237 311
237 330
237 354
237 359
237 493
237 539
238 266
238 291
238 315
238 340
238 365
238 382
238 385
238 432
238 495
238 543
239 256
239 368
239 379
239 386
239 441
239 455
239 531
240 243
240 266
240 329
240 335
240 348
240 377
240 417
240 434
240 459
240 499
240 509
241 253
241 264
241 302
241 306
241 334
241 340
241 397
241 401
242 262
242 276
242 390
243 296
243 316
243 333
243 363
243 436
243 469
243 505
243 542
244 279
244 295
244 329
244 330
244 365
244 494
245 265
245 277
245 312
245 405
245 454
245 474
245 515
246 267
246 344
246 353
246 393
246 470
246 490
246 496
246 500
247 266
247 275
247 279
247 281
247 304
247 312
247 325
247 327
247 339
247 362
247 371
247 374
247 520
247 529
248 292
248 311
248 416
248 439
248 456
249 260
249 289
249 298
249 387
249 461
249 550
249 551
250 310
250 380
250 462
251 378
251 401
251 510
251 546
251 552
251 557
252 280
252 292
252 303
252 355
252 361
252 405
252 422
252 430
252 448
252 475
252 526
253 256
253 282
253 303
253 387
253 425
253 470
253 489
254 285
254 310
254 361
254 378
254 403
254 434
254 453
254 508
254 514
255 275
255 286
255 351
255 377
255 424
255 478
256 259
256 270
256 300
256 330
256 331
256 351
256 393
256 464
256 471
256 484
256 489
256 492
256 494
257 268
257 324
257 349
257 385
257 409
257 449
257 517
258 309
258 354
258 415
258 445
258 513
258 514
258 527
259 268
259 366
259 391
259 406
259 410
259 512
259 516
259 548
259 549
260 274
260 293
260 304
260 317
260 354
260 424
260 440
260 443
260 512
260 521
260 546
261 282
261 301
261 304
261 338
261 369
261 451
261 535
262 301
262 428
262 556
263 289
263 320
263 337
263 467
263 523
264 268
264 295
264 297
264 307
264 309
264 376
264 384
264 410
264 422
264 472
264 487
265 304
265 342
265 398
265 425
265 436
266 278
266 282
266 285
266 304
266 326
266 362
266 375
266 400
266 445
266 466
266 474
266 539
267 272
267 274
267 289
267 312
267 366
267 372
267 445
267 534
267 549
268 381
268 402
268 427
268 524
268 551
269 281
269 323
269 398
269 407
269 525
270 271
270 327
270 340
270 344
270 353
270 357
270 379
270 412
270 455
270 480
271 281
271 343
271 436
272 288
272 290
272 336
272 406
272 478
272 505
273 338
273 360
273 381
273 420
273 421
273 467
273 478
273 541
274 304
274 343
274 370
274 386
274 393
274 433
274 491
275 302
275 307
275 327
275 355
275 360
275 481
275 536
276 286
276 296
276 298
276 317
276 338
276 342
276 418
276 427
276 530
276 537
277 321
277 347
277 357
277 398
277 440
277 444
277 445
277 450
277 544
278 297
278 301
278 383
278 386
278 395
278 432
278 448
279 282
279 355
279 381
279 393
279 424
279 427
279 429
279 433
279 445
279 485
279 503
280 394
280 424
281 304
281 344
281 374
281 475
282 290
282 301
282 335
282 336
282 388
282 469
282 552
282 553
283 301
283 302
283 421
283 451
283 500
283 526
284 297
284 342
284 380
284 506
284 535
285 343
285 346
286 299
286 304
286 331
286 340
286 439
286 458
286 522
287 308
287 364
287 395
287 442
287 518
287 558
288 301
288 382
288 417
288 470
288 490
288 544
289 312
289 319
289 327
289 328
289 335
289 551
289 556
289 558
290 296
290 302
290 384
290 469
290 521
290 525
290 547
291 294
291 295
291 407
291 482
291 484
291 492
291 520
292 341
292 388
292 485
292 546
292 554
293 296
293 347
294 326
294 341
294 342
294 349
294 383
294 419
294 420
294 453
294 517
294 533
295 316
295 343
295 434
295 486
295 503
296 336
296 424
296 441
296 442
296 456
296 546
297 310
297 340
297 341
297 374
297 380
297 385
297 400
297 408
297 410
297 417
297 421
297 461
297 487
297 529
297 532
297 533
298 368
298 381
298 474
298 503
298 523
298 541
300 305
300 371
300 380
300 404
300 465
300 491
300 546
301 318
301 411
301 438
301 452
301 492
301 497
301 513
301 536
302 384
302 406
302 423
302 426
302 431
302 444
302 482
302 505
302 539
303 348
303 372
303 440
303 467
303 468
303 490
303 557
304 318
304 326
304 367
304 375
304 385
304 400
304 485
304 555
305 337
305 403
305 429
305 439
305 506
305 512
306 325
306 344
306 415
306 438
306 439
306 468
307 326
307 357
307 360
307 369
307 430
307 468
308 309
308 360
308 378
308 424
308 430
308 436
308 468
308 471
308 502
308 508
308 556
309 408
309 412
309 510
309 548
310 332
310 401
310 465
311 332
311 396
311 433
311 436
311 443
311 446
311 473
311 559
312 351
312 382
313 346
313 392
313 419
313 501
314 357
314 370
314 373
314 391
314 398
314 440
314 493
315 320
315 361
315 364
315 366
315 371
315 435
315 492
315 501
316 479
317 346
317 372
317 431
317 439
318 356
318 468
319 373
319 425
319 473
319 498
319 532
320 332
320 401
320 426
320 459
320 477
321 371
321 408
321 526
321 535
321 555
322 349
322 439
322 470
323 325
323 337
323 359
323 360
323 443
323 471
323 504
323 512
324 453
324 494
324 502
324 505
324 534
325 347
325 365
325 537
325 548
325 557
326 335
326 468
326 512
326 549
327 402
327 404
327 411
327 436
327 452
327 492
327 511
328 357
328 363
328 397
328 437
328 438
328 476
328 483
328 521
328 536
329 380
329 488
329 549
330 391
330 510
331 351
331 423
331 457
331 460
331 494
331 496
331 516
331 531
332 375
332 397
332 417
333 463
333 474
333 511
334 356
334 386
334 401
334 409
334 446
334 448
334 553
335 394
335 453
336 358
336 417
336 433
336 460
336 471
336 543
336 555
337 342
337 355
337 382
337 390
337 392
337 446
337 473
337 499
337 551
338 341
338 401
338 413
338 446
338 521
338 522
338 553
339 399
339 411
339 435
339 505
340 351
340 399
340 402
341 388
341 397
341 443
341 450
341 509
341 524
341 537
341 556
342 363
343 392
343 423
344 346
344 412
344 414
344 464
344 467
344 480
344 502
344 514
345 349
345 422
346 372
346 438
346 548
347 522
348 440
349 353
349 406
349 474
349 492
349 558
350 391
350 518
351 358
351 546
352 398
352 407
352 416
352 426
354 361
354 366
354 375
354 521
354 550
355 360
355 438
355 557
356 362
356 377
356 380
356 408
356 410
356 456
356 545
357 389
357 391
357 509
357 519
358 423
358 428
358 444
358 511
359 457
359 534
359 546
359 559
360 365
360 411
360 438
360 451
360 474
360 558
361 413
361 474
361 495
361 544
363 387
363 473
363 484
363 541
364 365
364 471
365 396
365 489
365 532
365 556
366 382
366 390
366 472
366 547
367 390
367 392
367 479
367 487
367 501
367 516
368 403
368 432
368 471
369 374
369 389
369 449
369 512
369 531
370 373
370 408
370 505
370 542
370 546
371 374
371 437
371 476
371 487
371 491
371 498
371 524
372 407
372 416
372 429
372 490
373 396
373 543
374 381
374 399
374 477
374 526
374 529
374 530
375 377
375 381
375 457
375 540
375 556
376 499
376 511
377 382
377 421
377 554
378 386
378 390
378 403
378 485
379 478
379 496
379 500
379 557
380 389
380 412
380 461
380 475
381 388
381 437
381 480
382 550
383 387
383 488
383 510
383 542
383 558
384 470
384 538
385 394
386 403
386 434
386 497
386 517
387 392
387 393
387 483
388 439
388 488
389 392
389 396
389 448
389 480
389 518
389 529
389 544
389 554
390 420
390 446
390 477
390 524
390 546
391 557
392 394
393 430
393 443
393 465
393 502
394 395
394 409
394 476
394 479
395 396
395 449
395 457
395 507
395 508
395 524
395 559
396 427
396 442
396 463
397 480
399 440
399 498
399 513
399 518
399 527
399 534
400 489
400 533
401 441
401 453
401 481
401 488
401 489
401 512
402 433
402 540
403 415
403 552
404 485
404 492
405 456
405 479
405 508
405 554
406 485
406 494
407 437
407 481
407 506
407 533
408 436
408 440
408 452
408 469
408 483
408 498
408 515
409 413
409 431
409 520
409 544
410 453
410 461
410 486
410 525
410 531
411 520
412 419
412 475
412 514
412 518
413 460
413 479
413 523
414 430
414 541
415 432
415 466
415 515
415 540
418 424
418 439
418 455
418 516
418 556
419 426
419 461
419 469
419 558
420 450
420 467
420 475
422 551
423 469
423 552
424 450
424 488
424 507
425 468
426 473
426 490
426 517
426 525
426 539
429 455
429 456
429 496
430 445
430 548
431 491
432 506
433 493
435 437
435 486
435 525
435 553
436 531
436 534
436 544
437 454
437 470
437 495
437 551
438 467
438 538
440 463
441 481
441 483
442 552
444 534
444 551
444 552
445 449
445 535
445 546
446 538
446 548
447 455
448 452
448 536
448 543
450 516
450 523
450 550
452 527
452 556
452 557
453 480
454 470
454 514
455 469
455 511
456 554
457 463
457 487
457 516
458 473
458 485
458 507
459 486
459 492
459 497
459 504
459 530
460 503
462 478
462 481
462 520
463 472
464 471
464 474
464 528
464 538
465 472
466 493
466 530
466 550
467 473
467 475
467 478
467 523
467 532
468 470
471 491
473 499
473 522
473 523
474 482
475 545
476 484
477 553
479 557
480 500
481 484
481 492
481 514
481 519
482 492
482 528
482 536
483 523
485 487
485 493
487 488
488 545
489 496
489 534
490 556
491 559
492 509
494 503
494 514
496 506
496 508
498 501
499 523
500 535
501 541
502 537
502 542
503 522
504 553
505 542
508 535
508 547
509 538
514 541
516 543
517 544
520 544
527 536
527 549
527 551
530 539
532 555
533 545
535 553
544 555
547 554
