0 1
0 2
0 3
0 4
0 5
0 6
0 7
0 8
0 9
0 10
0 11
0 12
0 13
0 14
0 15
0 16
0 17
0 18
0 19
0 20
0 21
0 22
0 23
0 24
0 25
0 26
0 27
0 28
0 29
0 31
0 32
0 37
0 39
0 41
0 43
0 44
0 45
0 46
0 47
0 49
0 50
0 52
0 53
0 55
0 56
0 59
0 60
0 61
0 62
0 64
0 65
0 70
0 71
0 72
0 73
0 75
0 81
0 83
0 95
0 97
0 99
0 101
0 103
0 104
0 107
0 109
0 112
0 114
0 116
0 117
0 121
0 122
0 129
0 132
0 137
0 138
0 139
0 140
0 146
0 147
0 158
0 159
0 162
0 163
0 166
0 167
0 169
0 180
0 181
0 183
0 187
0 188
0 189
0 197
0 200
0 201
0 204
0 205
0 206
0 208
0 209
0 223
0 232
0 233
0 234
0 235
0 236
0 237
0 240
0 243
0 246
0 247
0 254
0 255
0 260
0 261
0 263
0 264
0 268
0 279
0 281
0 295
0 297
0 302
0 304
0 308
0 309
0 310
0 317
0 318
0 328
0 336
0 340
0 350
0 357
0 363
0 365
0 373
0 374
0 375
0 377
0 406
0 409
0 414
0 421
0 422
0 429
0 433
1 16
1 17
1 19
1 21
1 22
1 24
1 26
1 29
1 33
1 36
1 41
1 52
1 57
1 62
1 87
1 101
1 106
1 111
1 114
1 147
1 148
1 160
1 175
1 176
1 186
1 215
1 231
1 246
1 249
1 251
1 259
1 272
1 290
1 296
1 309
1 324
1 325
1 352
1 382
1 405
2 16
2 17
2 18
2 19
2 20
2 22
2 23
2 24
2 25
2 26
2 28
2 29
2 30
2 31
2 34
2 35
2 37
2 40
2 42
2 43
2 44
2 48
2 49
2 53
2 57
2 62
2 65
2 68
2 74
2 75
2 78
2 86
2 88
2 97
2 98
2 101
2 108
2 123
2 129
2 134
2 141
2 157
2 162
2 164
2 167
2 168
2 173
2 179
2 192
2 193
2 197
2 208
2 209
2 212
2 213
2 223
2 234
2 237
2 250
2 261
2 272
2 274
2 300
2 328
2 337
2 340
2 352
2 356
2 390
2 391
2 409
2 420
2 423
2 428
3 16
3 18
3 24
3 25
3 29
3 39
3 42
3 58
3 59
3 67
3 94
3 99
3 100
3 102
3 106
3 121
3 153
3 160
3 165
3 228
3 236
3 237
3 246
3 253
3 308
3 322
3 346
3 368
3 370
3 389
3 395
4 16
4 17
4 18
4 19
4 20
4 21
4 27
4 28
4 29
4 37
4 44
4 47
4 48
4 51
4 66
4 67
4 71
4 72
4 81
4 85
4 95
4 109
4 113
4 119
4 120
4 149
4 151
4 167
4 186
4 190
4 192
4 193
4 196
4 209
4 213
4 245
4 249
4 258
4 266
4 267
4 290
4 295
4 302
4 315
4 316
4 321
4 335
4 358
4 378
4 410
4 411
4 429
5 16
5 18
5 21
5 23
5 24
5 27
5 35
5 48
5 55
5 56
5 60
5 112
5 126
5 145
5 147
5 165
5 177
5 190
5 194
5 206
5 227
5 240
5 304
5 327
5 331
5 345
5 387
5 394
5 425
6 16
6 17
6 18
6 19
6 22
6 23
6 25
6 31
6 47
6 49
6 57
6 58
6 60
6 90
6 143
6 185
6 203
6 206
6 220
6 222
6 225
6 252
6 310
6 349
6 372
6 419
6 420
6 427
7 17
7 20
7 22
7 24
7 26
7 29
7 36
7 63
7 155
7 163
7 217
7 231
7 262
7 272
7 273
7 295
7 320
7 325
7 338
7 348
7 381
7 386
7 389
8 16
8 17
8 18
8 19
8 20
8 21
8 22
8 23
8 26
8 28
8 29
8 30
8 32
8 33
8 37
8 40
8 50
8 53
8 58
8 63
8 64
8 69
8 75
8 79
8 83
8 88
8 91
8 99
8 100
8 105
8 107
8 129
8 132
8 133
8 134
8 137
8 139
8 149
8 151
8 163
8 170
8 182
8 197
8 205
8 215
8 217
8 231
8 241
8 242
8 247
8 262
8 290
8 291
8 300
8 303
8 307
8 308
8 311
8 320
8 342
8 345
8 377
8 381
8 384
8 389
8 393
8 398
8 399
8 411
8 428
8 431
8 433
9 16
9 17
9 18
9 20
9 22
9 25
9 26
9 27
9 29
9 33
9 35
9 37
9 39
9 48
9 49
9 50
9 56
9 57
9 63
9 76
9 79
9 103
9 116
9 129
9 166
9 186
9 210
9 222
9 228
9 270
9 271
9 312
9 375
9 380
9 399
9 411
9 432
10 16
10 17
10 18
10 19
10 20
10 21
10 23
10 24
10 34
10 37
10 41
10 46
10 56
10 57
10 61
10 63
10 86
10 88
10 102
10 107
10 132
10 189
10 201
10 202
10 272
10 303
10 309
10 327
10 338
10 355
10 375
10 378
10 385
10 391
10 398
10 404
10 422
11 16
11 17
11 18
11 19
11 20
11 21
11 22
11 23
11 25
11 28
11 30
11 32
11 33
11 34
11 36
11 37
11 38
11 42
11 43
11 44
11 45
11 46
11 50
11 51
11 53
11 56
11 58
11 59
11 61
11 63
11 64
11 66
11 68
11 72
11 76
11 80
11 83
11 84
11 87
11 89
11 92
11 94
11 97
11 102
11 109
11 125
11 126
11 130
11 131
11 138
11 142
11 147
11 149
11 158
11 162
11 165
11 176
11 178
11 183
11 187
11 207
11 216
11 219
11 225
11 233
11 239
11 246
11 248
11 260
11 262
11 267
11 270
11 271
11 274
11 275
11 294
11 304
11 335
11 345
11 356
11 362
11 368
11 370
11 380
11 385
11 387
11 393
11 394
11 397
11 402
11 406
11 407
11 418
11 425
11 430
12 16
12 17
12 18
12 19
12 22
12 23
12 27
12 28
12 29
12 33
12 38
12 41
12 42
12 43
12 44
12 45
12 48
12 53
12 57
12 61
12 80
12 87
12 92
12 98
12 102
12 105
12 108
12 113
12 117
12 120
12 131
12 141
12 147
12 152
12 165
12 172
12 175
12 184
12 186
12 193
12 210
12 211
12 214
12 219
12 220
12 239
12 249
12 251
12 262
12 267
12 276
12 292
12 311
12 330
12 338
12 342
12 347
12 351
12 353
12 361
12 415
12 425
12 429
13 16
13 17
13 18
13 19
13 20
13 21
13 23
13 25
13 26
13 27
13 28
13 30
13 32
13 36
13 45
13 49
13 51
13 56
13 62
13 65
13 74
13 78
13 82
13 88
13 92
13 99
13 103
13 105
13 115
13 123
13 125
13 136
13 144
13 148
13 170
13 179
13 181
13 183
13 191
13 193
13 200
13 201
13 241
13 251
13 266
13 291
13 298
13 339
13 341
13 344
13 372
13 383
13 398
13 426
13 431
14 16
14 17
14 19
14 20
14 21
14 24
14 26
14 30
14 31
14 33
14 36
14 41
14 49
14 53
14 66
14 70
14 82
14 83
14 99
14 104
14 120
14 128
14 129
14 130
14 142
14 147
14 157
14 171
14 181
14 193
14 194
14 222
14 230
14 233
14 251
14 254
14 257
14 260
14 261
14 262
14 283
14 287
14 288
14 304
14 306
14 312
14 317
14 324
14 350
14 382
14 389
14 414
14 422
15 16
15 17
15 18
15 19
15 20
15 21
15 22
15 23
15 24
15 25
15 26
15 28
15 31
15 32
15 33
15 34
15 48
15 52
15 54
15 60
15 64
15 66
15 68
15 70
15 81
15 82
15 83
15 87
15 90
15 91
15 96
15 102
15 103
15 110
15 125
15 131
15 133
15 140
15 141
15 142
15 149
15 150
15 156
15 161
15 164
15 176
15 188
15 192
15 194
15 197
15 217
15 229
15 244
15 245
15 252
15 257
15 261
15 265
15 282
15 294
15 297
15 303
15 309
15 314
15 320
15 322
15 327
15 329
15 334
15 339
15 341
15 344
15 362
15 380
15 395
15 397
15 400
15 401
15 418
15 419
16 17
16 18
16 19
16 20
16 21
16 22
16 23
16 24
16 25
16 26
16 27
16 28
16 29
16 30
16 31
16 32
16 33
16 35
16 36
16 37
16 38
16 39
16 40
16 44
16 46
16 49
16 50
16 51
16 52
16 54
16 55
16 56
16 59
16 63
16 64
16 66
16 67
16 71
16 72
16 74
16 76
16 81
16 90
16 92
16 93
16 94
16 95
16 96
16 97
16 98
16 99
16 102
16 103
16 104
16 107
16 108
16 110
16 111
16 112
16 113
16 114
16 117
16 118
16 119
16 123
16 126
16 127
16 133
16 134
16 135
16 136
16 142
16 144
16 145
16 146
16 149
16 150
16 158
16 159
16 160
16 162
16 172
16 174
16 177
16 178
16 183
16 184
16 186
16 187
16 188
16 191
16 195
16 196
16 198
16 201
16 205
16 208
16 212
16 220
16 224
16 226
16 236
16 245
16 247
16 251
16 253
16 255
16 256
16 258
16 260
16 264
16 268
16 269
16 271
16 273
16 280
16 285
16 289
16 292
16 295
16 298
16 310
16 311
16 314
16 323
16 333
16 334
16 336
16 338
16 343
16 349
16 350
16 354
16 363
16 366
16 370
16 385
16 392
16 401
16 403
16 409
16 410
16 418
16 421
16 430
17 18
17 19
17 20
17 21
17 22
17 24
17 25
17 27
17 29
17 30
17 31
17 33
17 34
17 35
17 36
17 38
17 39
17 40
17 43
17 44
17 45
17 46
17 49
17 51
17 53
17 54
17 55
17 56
17 60
17 61
17 62
17 63
17 65
17 71
17 72
17 77
17 84
17 90
17 99
17 101
17 106
17 109
17 114
17 118
17 121
17 124
17 131
17 136
17 144
17 145
17 148
17 153
17 161
17 166
17 168
17 169
17 171
17 172
17 180
17 185
17 199
17 204
17 211
17 218
17 220
17 229
17 250
17 253
17 262
17 263
17 269
17 279
17 280
17 290
17 297
17 305
17 306
17 309
17 314
17 321
17 340
17 342
17 350
17 353
17 357
17 359
17 367
17 368
17 372
17 382
17 396
17 399
17 407
17 421
17 424
17 426
18 19
18 20
18 21
18 22
18 23
18 24
18 25
18 26
18 27
18 28
18 31
18 34
18 35
18 37
18 40
18 41
18 43
18 44
18 47
18 48
18 55
18 56
18 58
18 59
18 60
18 62
18 65
18 67
18 69
18 70
18 71
18 74
18 75
18 80
18 81
18 82
18 83
18 84
18 86
18 87
18 88
18 93
18 96
18 110
18 115
18 118
18 120
18 126
18 127
18 128
18 130
18 135
18 146
18 150
18 152
18 154
18 158
18 165
18 186
18 189
18 205
18 208
18 222
18 224
18 232
18 238
18 245
18 256
18 268
18 273
18 298
18 299
18 308
18 311
18 315
18 316
18 318
18 319
18 326
18 330
18 333
18 334
18 349
18 352
18 358
18 375
18 394
18 395
18 405
18 408
18 410
18 413
18 416
18 420
18 424
19 20
19 21
19 23
19 24
19 25
19 26
19 30
19 31
19 32
19 34
19 36
19 37
19 38
19 42
19 43
19 44
19 46
19 47
19 50
19 52
19 53
19 54
19 61
19 64
19 66
19 72
19 74
19 79
19 82
19 85
19 90
19 94
19 96
19 101
19 102
19 104
19 110
19 112
19 114
19 130
19 133
19 137
19 142
19 143
19 157
19 174
19 179
19 182
19 186
19 200
19 206
19 208
19 214
19 218
19 221
19 232
19 243
19 245
19 247
19 262
19 265
19 268
19 283
19 286
19 289
19 292
19 297
19 306
19 317
19 326
19 333
19 339
19 341
19 349
19 353
19 355
19 357
19 374
19 379
19 381
19 382
19 384
19 385
19 387
19 388
19 396
19 407
19 416
19 430
20 21
20 22
20 23
20 26
20 27
20 29
20 31
20 33
20 34
20 35
20 36
20 38
20 41
20 42
20 44
20 45
20 49
20 50
20 55
20 57
20 58
20 60
20 61
20 69
20 71
20 74
20 82
20 86
20 100
20 106
20 108
20 110
20 112
20 116
20 125
20 131
20 138
20 139
20 149
20 152
20 154
20 157
20 158
20 167
20 170
20 176
20 183
20 193
20 200
20 209
20 221
20 222
20 225
20 233
20 249
20 255
20 266
20 271
20 274
20 286
20 287
20 293
20 325
20 329
20 333
20 349
20 352
20 364
20 377
20 379
20 386
20 391
21 22
21 23
21 27
21 28
21 29
21 30
21 32
21 34
21 35
21 36
21 39
21 40
21 45
21 46
21 48
21 57
21 60
21 61
21 65
21 73
21 79
21 84
21 95
21 98
21 100
21 105
21 107
21 111
21 122
21 129
21 131
21 141
21 143
21 153
21 155
21 170
21 173
21 175
21 180
21 190
21 196
21 197
21 198
21 206
21 226
21 232
21 266
21 268
21 277
21 278
21 283
21 285
21 299
21 301
21 308
21 310
21 316
21 322
21 330
21 377
21 379
21 388
21 392
21 402
21 404
21 408
21 411
21 414
21 420
21 423
22 24
22 25
22 27
22 28
22 29
22 30
22 31
22 32
22 37
22 40
22 41
22 47
22 51
22 52
22 53
22 62
22 63
22 69
22 70
22 73
22 74
22 80
22 86
22 90
22 91
22 94
22 95
22 96
22 97
22 98
22 99
22 109
22 114
22 117
22 118
22 121
22 122
22 124
22 128
22 129
22 130
22 132
22 135
22 136
22 141
22 143
22 144
22 146
22 149
22 150
22 152
22 153
22 165
22 171
22 177
22 178
22 184
22 188
22 191
22 197
22 203
22 205
22 209
22 214
22 224
22 226
22 242
22 247
22 258
22 264
22 272
22 285
22 288
22 290
22 292
22 295
22 296
22 301
22 305
22 319
22 327
22 332
22 335
22 339
22 341
22 356
22 360
22 361
22 367
22 371
22 388
22 389
22 405
22 410
22 411
22 416
22 423
22 427
22 433
23 24
23 25
23 26
23 27
23 28
23 31
23 32
23 35
23 36
23 37
23 38
23 42
23 43
23 44
23 47
23 49
23 50
23 51
23 54
23 62
23 63
23 66
23 67
23 69
23 78
23 82
23 88
23 89
23 106
23 115
23 118
23 125
23 131
23 132
23 135
23 146
23 147
23 161
23 164
23 174
23 183
23 202
23 207
23 225
23 244
23 273
23 274
23 282
23 287
23 295
23 303
23 304
23 306
23 307
23 320
23 325
23 346
23 357
23 362
23 366
23 373
23 376
23 387
23 406
23 408
23 409
23 416
23 418
23 419
23 431
24 25
24 26
24 27
24 30
24 32
24 33
24 34
24 35
24 36
24 45
24 46
24 52
24 53
24 54
24 55
24 79
24 81
24 91
24 98
24 104
24 109
24 116
24 119
24 124
24 128
24 134
24 144
24 149
24 151
24 157
24 158
24 171
24 173
24 175
24 181
24 228
24 229
24 230
24 242
24 270
24 281
24 287
24 290
24 291
24 297
24 301
24 303
24 315
24 321
24 330
24 331
24 334
24 353
24 361
24 365
24 370
24 383
24 394
24 406
24 407
24 412
24 428
25 27
25 30
25 35
25 39
25 40
25 42
25 47
25 50
25 52
25 54
25 55
25 56
25 57
25 59
25 60
25 68
25 75
25 76
25 79
25 80
25 81
25 82
25 86
25 91
25 93
25 104
25 111
25 113
25 114
25 116
25 117
25 120
25 123
25 128
25 130
25 143
25 145
25 153
25 154
25 157
25 162
25 165
25 174
25 175
25 190
25 195
25 198
25 224
25 230
25 233
25 235
25 244
25 247
25 251
25 256
25 260
25 261
25 274
25 277
25 292
25 294
25 299
25 304
25 310
25 316
25 317
25 328
25 333
25 335
25 337
25 338
25 340
25 341
25 352
25 353
25 355
25 365
25 369
25 377
25 386
25 392
25 410
25 415
25 420
25 430
26 28
26 30
26 32
26 34
26 35
26 37
26 38
26 39
26 42
26 43
26 45
26 46
26 47
26 49
26 52
26 54
26 57
26 59
26 61
26 62
26 65
26 71
26 72
26 73
26 78
26 81
26 85
26 87
26 90
26 95
26 96
26 101
26 103
26 108
26 110
26 112
26 114
26 115
26 128
26 132
26 136
26 139
26 143
26 153
26 156
26 163
26 184
26 194
26 196
26 198
26 209
26 213
26 221
26 223
26 225
26 228
26 231
26 240
26 241
26 242
26 251
26 253
26 265
26 276
26 284
26 286
26 298
26 302
26 307
26 323
26 326
26 332
26 343
26 347
26 351
26 373
26 393
26 398
26 403
26 413
26 421
27 28
27 31
27 32
27 33
27 34
27 35
27 40
27 42
27 44
27 47
27 55
27 60
27 61
27 63
27 66
27 67
27 70
27 73
27 75
27 76
27 78
27 80
27 83
27 86
27 87
27 89
27 90
27 92
27 93
27 94
27 95
27 100
27 101
27 102
27 103
27 106
27 109
27 113
27 118
27 119
27 132
27 133
27 134
27 136
27 139
27 143
27 151
27 159
27 167
27 168
27 170
27 177
27 185
27 187
27 192
27 199
27 202
27 211
27 213
27 216
27 224
27 257
27 270
27 275
27 280
27 281
27 282
27 285
27 290
27 305
27 306
27 311
27 313
27 322
27 328
27 332
27 348
27 359
27 374
27 375
27 379
27 381
27 383
27 385
27 386
27 387
27 389
27 395
27 396
27 403
27 404
27 408
27 413
27 415
28 29
28 30
28 31
28 34
28 35
28 36
28 37
28 38
28 39
28 40
28 41
28 45
28 48
28 50
28 54
28 58
28 61
28 63
28 66
28 69
28 76
28 78
28 84
28 85
28 87
28 88
28 92
28 95
28 97
28 98
28 100
28 101
28 103
28 107
28 109
28 111
28 113
28 121
28 126
28 129
28 143
28 147
28 164
28 171
28 181
28 190
28 195
28 199
28 201
28 213
28 216
28 223
28 232
28 235
28 236
28 238
28 242
28 245
28 255
28 256
28 275
28 278
28 279
28 281
28 282
28 286
28 289
28 293
28 301
28 311
28 330
28 338
28 349
28 357
28 368
28 387
28 390
28 404
28 408
28 431
29 30
29 31
29 32
29 38
29 39
29 42
29 46
29 47
29 49
29 54
29 57
29 58
29 62
29 65
29 68
29 69
29 70
29 71
29 84
29 85
29 86
29 89
29 91
29 94
29 99
29 101
29 108
29 109
29 112
29 115
29 120
29 124
29 126
29 128
29 138
29 152
29 166
29 171
29 197
29 208
29 214
29 223
29 232
29 237
29 252
29 253
29 264
29 275
29 282
29 307
29 308
29 313
29 315
29 317
29 321
29 330
29 331
29 338
29 340
29 341
29 346
29 347
29 351
29 361
29 364
29 365
29 366
29 380
29 383
29 386
29 400
29 406
29 432
30 32
30 33
30 34
30 38
30 40
30 41
30 42
30 45
30 49
30 55
30 58
30 60
30 63
30 68
30 71
30 77
30 78
30 113
30 119
30 123
30 124
30 137
30 139
30 142
30 153
30 157
30 163
30 167
30 168
30 170
30 179
30 182
30 184
30 219
30 234
30 245
30 248
30 294
30 325
30 326
30 327
30 344
30 346
30 363
30 371
30 390
30 429
31 33
31 34
31 37
31 38
31 39
31 41
31 43
31 45
31 46
31 48
31 52
31 54
31 56
31 57
31 59
31 60
31 62
31 75
31 77
31 81
31 84
31 90
31 102
31 109
31 112
31 114
31 116
31 120
31 122
31 123
31 125
31 128
31 133
31 144
31 148
31 154
31 168
31 179
31 180
31 199
31 208
31 217
31 248
31 253
31 261
31 263
31 278
31 279
31 298
31 301
31 315
31 322
31 333
31 340
31 341
31 366
31 381
31 385
31 395
31 398
31 430
32 33
32 36
32 38
32 42
32 44
32 62
32 67
32 70
32 76
32 80
32 81
32 85
32 88
32 92
32 93
32 95
32 102
32 103
32 108
32 110
32 115
32 116
32 123
32 139
32 140
32 142
32 146
32 148
32 157
32 166
32 175
32 193
32 195
32 197
32 200
32 210
32 211
32 217
32 218
32 219
32 220
32 248
32 249
32 251
32 254
32 258
32 274
32 280
32 305
32 325
32 328
32 331
32 361
32 380
32 387
32 405
32 408
32 424
32 427
33 35
33 39
33 40
33 41
33 42
33 48
33 54
33 61
33 66
33 69
33 70
33 72
33 89
33 96
33 100
33 105
33 121
33 144
33 145
33 152
33 158
33 159
33 166
33 171
33 179
33 184
33 185
33 211
33 214
33 215
33 222
33 229
33 238
33 240
33 284
33 288
33 289
33 300
33 301
33 302
33 303
33 305
33 315
33 324
33 328
33 334
33 341
33 354
33 366
33 373
33 378
33 408
33 413
33 418
34 40
34 43
34 44
34 46
34 48
34 49
34 53
34 56
34 67
34 73
34 77
34 83
34 86
34 87
34 88
34 96
34 103
34 109
34 111
34 113
34 115
34 118
34 122
34 128
34 133
34 141
34 148
34 150
34 151
34 162
34 168
34 178
34 179
34 181
34 195
34 209
34 213
34 215
34 226
34 231
34 240
34 243
34 263
34 268
34 270
34 285
34 286
34 296
34 300
34 315
34 327
34 343
34 379
34 380
34 384
34 401
34 407
34 431
35 36
35 38
35 39
35 41
35 43
35 47
35 50
35 51
35 64
35 65
35 69
35 73
35 74
35 78
35 87
35 89
35 95
35 97
35 104
35 106
35 113
35 121
35 125
35 135
35 151
35 153
35 169
35 183
35 188
35 190
35 200
35 204
35 216
35 228
35 248
35 255
35 256
35 263
35 274
35 284
35 291
35 292
35 296
35 301
35 305
35 323
35 342
35 348
35 350
35 363
35 401
35 410
35 416
35 423
35 432
36 38
36 39
36 40
36 41
36 45
36 59
36 67
36 68
36 72
36 75
36 76
36 78
36 81
36 82
36 83
36 88
36 89
36 91
36 100
36 102
36 111
36 120
36 128
36 130
36 145
36 156
36 161
36 169
36 170
36 189
36 190
36 191
36 195
36 203
36 207
36 214
36 224
36 236
36 244
36 267
36 276
36 278
36 279
36 280
36 282
36 283
36 284
36 293
36 296
36 297
36 306
36 314
36 337
36 346
36 348
36 353
36 354
36 362
36 369
36 371
36 378
36 380
36 382
36 388
36 419
37 41
37 47
37 50
37 51
37 52
37 53
37 57
37 58
37 60
37 64
37 68
37 69
37 71
37 73
37 85
37 86
37 89
37 93
37 95
37 99
37 101
37 108
37 125
37 135
37 151
37 168
37 170
37 172
37 173
37 175
37 178
37 181
37 184
37 198
37 210
37 222
37 224
37 230
37 241
37 242
37 245
37 249
37 252
37 321
37 334
37 353
37 372
37 380
37 388
37 410
37 423
37 424
38 39
38 51
38 66
38 70
38 72
38 80
38 85
38 87
38 89
38 104
38 106
38 107
38 118
38 119
38 121
38 130
38 144
38 152
38 159
38 164
38 174
38 182
38 189
38 193
38 194
38 198
38 201
38 202
38 205
38 209
38 215
38 227
38 231
38 235
38 248
38 252
38 256
38 262
38 263
38 319
38 320
38 328
38 364
38 366
38 395
38 401
38 407
39 40
39 47
39 50
39 63
39 71
39 76
39 77
39 79
39 80
39 86
39 97
39 105
39 120
39 122
39 129
39 130
39 140
39 142
39 149
39 152
39 153
39 168
39 178
39 188
39 202
39 211
39 216
39 227
39 240
39 243
39 250
39 257
39 258
39 264
39 274
39 276
39 278
39 286
39 292
39 293
39 297
39 299
39 312
39 316
39 324
39 345
39 347
39 355
39 373
39 381
39 399
39 417
39 418
40 42
40 43
40 48
40 51
40 55
40 59
40 64
40 66
40 67
40 68
40 71
40 72
40 73
40 74
40 78
40 81
40 83
40 84
40 97
40 107
40 122
40 133
40 134
40 137
40 138
40 140
40 141
40 144
40 152
40 156
40 158
40 159
40 161
40 170
40 172
40 174
40 182
40 184
40 188
40 189
40 192
40 193
40 203
40 216
40 219
40 231
40 239
40 241
40 246
40 249
40 259
40 265
40 271
40 273
40 286
40 294
40 309
40 322
40 329
40 332
40 335
40 336
40 337
40 339
40 350
40 351
40 383
40 403
40 405
40 412
40 419
40 430
41 43
41 45
41 50
41 56
41 59
41 60
41 62
41 64
41 68
41 75
41 86
41 92
41 94
41 98
41 103
41 119
41 135
41 139
41 141
41 143
41 150
41 152
41 161
41 164
41 167
41 169
41 170
41 171
41 172
41 189
41 192
41 195
41 196
41 203
41 207
41 211
41 212
41 229
41 246
41 256
41 276
41 284
41 294
41 302
41 313
41 318
41 320
41 323
41 332
41 357
41 365
41 367
41 374
41 385
41 410
41 426
42 43
42 44
42 45
42 46
42 47
42 48
42 57
42 62
42 75
42 80
42 92
42 94
42 98
42 126
42 131
42 140
42 149
42 153
42 156
42 163
42 169
42 174
42 178
42 183
42 185
42 187
42 191
42 196
42 204
42 206
42 208
42 212
42 214
42 222
42 225
42 230
42 247
42 258
42 266
42 269
42 274
42 279
42 289
42 291
42 296
42 298
42 308
42 319
42 335
42 369
42 397
42 398
42 408
42 409
42 428
43 46
43 51
43 53
43 55
43 58
43 59
43 60
43 61
43 66
43 71
43 73
43 77
43 79
43 82
43 84
43 89
43 90
43 95
43 109
43 113
43 119
43 133
43 134
43 148
43 160
43 163
43 167
43 177
43 187
43 189
43 191
43 192
43 202
43 203
43 204
43 213
43 218
43 229
43 233
43 235
43 245
43 249
43 271
43 276
43 281
43 299
43 302
43 313
43 346
43 349
43 360
43 361
43 374
43 399
43 404
43 414
43 424
44 49
44 53
44 55
44 58
44 59
44 64
44 65
44 67
44 87
44 88
44 93
44 94
44 107
44 123
44 135
44 167
44 173
44 176
44 187
44 198
44 217
44 225
44 226
44 233
44 238
44 251
44 291
44 306
44 312
44 317
44 321
44 322
44 328
44 348
44 392
44 412
45 46
45 51
45 52
45 53
45 54
45 55
45 63
45 64
45 66
45 68
45 70
45 72
45 78
45 81
45 91
45 93
45 95
45 105
45 106
45 118
45 125
45 129
45 146
45 155
45 157
45 162
45 173
45 227
45 239
45 243
45 244
45 248
45 255
45 258
45 265
45 268
45 277
45 284
45 285
45 309
45 334
45 341
45 342
45 363
45 410
45 414
45 416
45 427
45 429
45 431
46 48
46 52
46 57
46 63
46 64
46 65
46 69
46 73
46 76
46 78
46 80
46 93
46 106
46 107
46 135
46 162
46 169
46 181
46 201
46 207
46 225
46 237
46 241
46 244
46 254
46 275
46 284
46 332
46 336
46 348
46 358
46 364
46 368
46 430
47 52
47 75
47 83
47 85
47 89
47 92
47 98
47 112
47 116
47 143
47 144
47 154
47 159
47 171
47 198
47 250
47 253
47 255
47 260
47 278
47 282
47 300
47 314
47 318
47 329
47 350
47 357
47 360
47 386
47 404
47 412
48 50
48 55
48 58
48 64
48 65
48 67
48 73
48 79
48 107
48 125
48 142
48 155
48 159
48 171
48 173
48 184
48 188
48 204
48 215
48 219
48 250
48 252
48 259
48 264
48 268
48 278
48 317
48 342
48 345
48 384
48 385
48 398
48 400
48 415
49 51
49 54
49 66
49 69
49 70
49 72
49 78
49 91
49 106
49 109
49 126
49 136
49 140
49 141
49 149
49 155
49 158
49 179
49 200
49 207
49 218
49 220
49 221
49 233
49 279
49 318
49 354
49 355
49 380
49 390
49 403
49 426
49 427
50 51
50 54
50 58
50 59
50 61
50 69
50 75
50 77
50 78
50 82
50 90
50 94
50 95
50 110
50 111
50 114
50 116
50 118
50 121
50 138
50 145
50 147
50 150
50 154
50 156
50 163
50 173
50 199
50 203
50 206
50 223
50 230
50 235
50 236
50 237
50 239
50 250
50 276
50 281
50 285
50 298
50 334
50 336
50 344
50 353
50 356
50 363
50 366
50 425
50 427
50 433
51 52
51 59
51 71
51 76
51 77
51 79
51 80
51 81
51 94
51 96
51 104
51 105
51 111
51 112
51 113
51 123
51 130
51 140
51 145
51 153
51 156
51 165
51 169
51 181
51 182
51 188
51 192
51 195
51 205
51 209
51 210
51 216
51 219
51 225
51 229
51 235
51 269
51 272
51 273
51 303
51 304
51 307
51 309
51 313
51 314
51 326
51 355
51 367
51 381
51 397
51 399
51 418
51 426
52 56
52 82
52 92
52 104
52 111
52 114
52 127
52 160
52 178
52 218
52 224
52 225
52 260
52 270
52 283
52 291
52 314
52 323
52 351
52 359
52 390
52 418
53 56
53 61
53 62
53 68
53 77
53 82
53 88
53 97
53 100
53 108
53 118
53 125
53 149
53 172
53 173
53 179
53 192
53 196
53 200
53 204
53 210
53 257
53 259
53 267
53 275
53 281
53 282
53 287
53 288
53 294
53 348
53 360
53 399
53 401
53 422
53 425
54 75
54 76
54 79
54 93
54 98
54 101
54 114
54 118
54 121
54 135
54 138
54 147
54 151
54 160
54 162
54 163
54 168
54 192
54 197
54 198
54 204
54 212
54 214
54 215
54 234
54 239
54 265
54 314
54 325
54 327
54 329
54 333
54 346
54 371
54 415
54 430
55 65
55 77
55 159
55 163
55 166
55 177
55 180
55 195
55 197
55 198
55 201
55 206
55 207
55 374
55 397
55 419
55 421
56 58
56 64
56 67
56 83
56 85
56 100
56 106
56 107
56 117
56 126
56 128
56 129
56 136
56 160
56 204
56 205
56 238
56 248
56 250
56 253
56 254
56 261
56 272
56 280
56 294
56 310
56 314
56 325
56 340
56 369
56 384
56 393
56 402
56 407
56 411
57 67
57 73
57 84
57 85
57 86
57 90
57 105
57 109
57 115
57 134
57 137
57 150
57 155
57 160
57 170
57 184
57 202
57 203
57 214
57 256
57 259
57 295
57 302
57 310
57 324
57 365
57 377
57 391
57 403
58 74
58 75
58 84
58 85
58 96
58 98
58 102
58 117
58 123
58 148
58 156
58 165
58 172
58 175
58 183
58 193
58 213
58 216
58 239
58 255
58 257
58 318
58 319
58 325
58 367
58 368
58 383
58 385
58 397
58 432
59 72
59 77
59 85
59 88
59 97
59 101
59 110
59 111
59 117
59 119
59 123
59 133
59 136
59 138
59 143
59 148
59 154
59 160
59 213
59 214
59 268
59 291
59 343
59 347
59 390
59 405
59 411
59 415
59 424
59 432
60 70
60 74
60 79
60 87
60 91
60 92
60 103
60 107
60 108
60 121
60 123
60 144
60 148
60 151
60 158
60 160
60 191
60 193
60 198
60 232
60 250
60 258
60 270
60 281
60 284
60 289
60 305
60 321
60 338
60 345
60 355
60 375
60 380
60 417
60 419
60 433
61 65
61 68
61 70
61 100
61 106
61 119
61 125
61 143
61 152
61 160
61 162
61 166
61 185
61 186
61 193
61 198
61 199
61 202
61 224
61 240
61 243
61 259
61 283
61 300
61 306
61 329
61 378
61 403
61 414
62 68
62 69
62 73
62 80
62 91
62 97
62 101
62 102
62 103
62 118
62 145
62 158
62 161
62 165
62 177
62 190
62 196
62 200
62 202
62 269
62 287
62 307
62 314
62 319
62 336
62 343
62 355
62 372
62 374
62 392
62 403
62 432
63 65
63 71
63 74
63 83
63 92
63 137
63 155
63 170
63 173
63 177
63 191
63 216
63 239
63 247
63 258
63 264
63 266
63 269
63 295
63 332
63 347
63 350
63 363
63 368
64 76
64 83
64 95
64 110
64 124
64 126
64 130
64 133
64 137
64 152
64 154
64 155
64 159
64 161
64 165
64 172
64 173
64 188
64 212
64 227
64 238
64 249
64 264
64 275
64 279
64 302
64 303
64 319
64 322
64 355
64 360
64 362
64 370
64 389
64 401
64 413
64 431
65 67
65 69
65 74
65 82
65 84
65 101
65 103
65 115
65 126
65 129
65 131
65 142
65 153
65 184
65 208
65 210
65 219
65 226
65 238
65 242
65 250
65 262
65 277
65 284
65 285
65 293
65 299
65 308
65 330
65 375
65 388
65 429
66 77
66 78
66 79
66 86
66 89
66 91
66 93
66 97
66 104
66 111
66 124
66 126
66 127
66 155
66 176
66 185
66 206
66 207
66 232
66 288
66 291
66 306
66 316
66 328
66 343
66 403
67 68
67 74
67 76
67 79
67 80
67 87
67 92
67 101
67 103
67 114
67 117
67 122
67 127
67 129
67 141
67 142
67 154
67 156
67 161
67 163
67 182
67 221
67 229
67 252
67 325
67 331
67 350
67 351
67 368
67 379
67 394
67 404
67 407
68 70
68 72
68 97
68 104
68 119
68 121
68 125
68 126
68 129
68 135
68 158
68 161
68 171
68 182
68 193
68 203
68 219
68 227
68 240
68 246
68 253
68 276
68 310
68 356
68 364
68 411
69 73
69 82
69 93
69 96
69 99
69 116
69 125
69 131
69 138
69 141
69 147
69 210
69 220
69 233
69 241
69 253
69 255
69 259
69 260
69 305
69 356
70 98
70 115
70 116
70 119
70 120
70 122
70 133
70 137
70 142
70 157
70 168
70 174
70 177
70 178
70 186
70 234
70 271
70 284
70 291
70 337
70 358
70 374
70 392
70 417
71 74
71 77
71 84
71 86
71 90
71 94
71 102
71 119
71 145
71 146
71 153
71 166
71 169
71 170
71 174
71 175
71 177
71 180
71 187
71 197
71 200
71 228
71 259
71 271
71 281
71 294
71 300
71 308
71 311
71 329
71 332
71 352
71 373
71 381
71 393
71 402
71 403
71 433
72 88
72 93
72 115
72 130
72 131
72 171
72 185
72 190
72 224
72 237
72 305
72 324
72 328
72 331
72 355
72 358
72 369
72 380
72 415
73 83
73 89
73 98
73 109
73 124
73 131
73 139
73 143
73 144
73 148
73 165
73 185
73 188
73 226
73 237
73 238
73 296
73 357
73 377
73 400
74 75
74 84
74 108
74 112
74 115
74 125
74 127
74 130
74 132
74 140
74 148
74 150
74 157
74 205
74 212
74 220
74 234
74 236
74 239
74 247
74 250
74 257
74 261
74 265
74 305
74 311
74 318
74 320
74 356
74 370
74 392
75 76
75 77
75 91
75 96
75 123
75 128
75 132
75 137
75 138
75 147
75 190
75 191
75 194
75 211
75 214
75 221
75 251
75 273
75 281
75 320
75 324
75 340
75 345
75 387
75 389
75 397
75 400
75 427
76 77
76 79
76 92
76 105
76 116
76 127
76 132
76 134
76 135
76 136
76 148
76 161
76 167
76 182
76 185
76 187
76 194
76 196
76 199
76 208
76 226
76 235
76 253
76 292
76 307
76 325
76 335
76 351
76 353
76 405
77 80
77 84
77 85
77 87
77 94
77 105
77 106
77 107
77 110
77 120
77 122
77 142
77 146
77 164
77 177
77 186
77 216
77 222
77 224
77 237
77 244
77 266
77 271
77 274
77 282
77 298
77 300
77 329
77 340
77 354
78 85
78 115
78 127
78 134
78 140
78 141
78 151
78 169
78 176
78 201
78 210
78 249
78 256
78 259
78 268
78 278
78 283
78 286
78 290
78 298
78 305
78 318
78 323
78 344
78 388
78 417
78 429
79 81
79 99
79 132
79 149
79 162
79 178
79 180
79 189
79 213
79 234
79 241
79 271
79 298
79 300
79 383
80 94
80 96
80 99
80 120
80 129
80 139
80 155
80 161
80 166
80 180
80 204
80 222
80 292
80 337
80 364
80 419
81 91
81 100
81 105
81 139
81 159
81 160
81 217
81 224
81 236
81 249
81 275
81 284
81 299
81 336
81 350
81 354
81 366
81 374
81 375
82 91
82 108
82 121
82 122
82 132
82 146
82 158
82 162
82 199
82 202
82 285
82 299
82 300
82 332
82 339
82 347
82 375
82 410
82 431
83 90
83 104
83 115
83 117
83 118
83 124
83 155
83 180
83 194
83 214
83 297
83 303
83 321
83 357
83 365
83 371
83 373
83 395
83 419
84 99
84 100
84 113
84 124
84 136
84 137
84 138
84 145
84 171
84 189
84 212
84 223
84 233
84 236
84 243
84 274
84 284
84 287
84 331
84 354
84 374
84 389
84 414
85 88
85 89
85 96
85 114
85 119
85 143
85 148
85 194
85 195
85 218
85 242
85 249
85 313
85 319
85 361
85 387
86 90
86 104
86 105
86 112
86 117
86 162
86 164
86 169
86 195
86 209
86 234
86 242
86 252
86 263
86 264
86 270
86 320
86 323
86 328
87 96
87 100
87 122
87 164
87 175
87 186
87 199
87 218
87 226
87 228
87 234
87 239
87 246
87 253
87 258
87 283
87 297
87 352
87 375
87 411
88 89
88 98
88 108
88 112
88 115
88 124
88 126
88 150
88 157
88 166
88 173
88 209
88 220
88 222
88 243
88 265
88 289
88 296
88 314
88 333
88 339
88 361
88 362
88 371
88 375
88 382
88 383
88 392
88 401
88 402
88 418
89 93
89 111
89 127
89 138
89 180
89 182
89 184
89 190
89 213
89 220
89 262
89 326
89 332
89 334
89 346
89 356
89 357
89 360
89 372
89 373
89 392
89 426
90 124
90 127
90 144
90 151
90 214
90 234
90 268
90 286
90 307
90 327
90 329
90 330
90 376
90 395
90 409
91 104
91 105
91 127
91 141
91 165
91 198
91 202
91 213
91 217
91 223
91 312
91 322
91 420
92 93
92 97
92 99
92 100
92 108
92 118
92 128
92 140
92 168
92 176
92 203
92 265
92 272
92 282
92 284
92 288
92 301
92 352
93 106
93 107
93 114
93 126
93 130
93 152
93 174
93 179
93 187
93 192
93 218
93 225
93 229
93 273
93 280
93 302
93 307
93 312
93 321
93 330
93 366
93 384
93 387
94 122
94 127
94 137
94 139
94 195
94 226
94 247
94 283
94 288
94 413
95 112
95 156
95 183
95 186
95 206
95 241
95 245
95 269
95 407
95 428
96 134
96 136
96 140
96 166
96 181
96 188
96 208
96 266
96 278
96 340
96 367
96 389
96 396
96 398
96 409
96 432
97 105
97 117
97 123
97 169
97 173
97 178
97 210
97 225
97 235
97 243
97 294
97 330
97 353
97 377
97 426
98 131
98 137
98 145
98 155
98 156
98 157
98 164
98 269
98 281
98 318
98 330
98 345
98 362
98 368
98 388
98 419
99 102
99 108
99 120
99 132
99 178
99 179
99 186
99 200
99 242
99 250
99 257
99 267
99 329
99 371
99 380
99 395
99 396
100 112
100 134
100 143
100 180
100 256
100 264
100 275
100 276
100 297
100 320
100 326
100 394
100 422
100 424
100 431
101 110
101 113
101 127
101 137
101 155
101 174
101 188
101 200
101 207
101 223
101 240
101 257
101 272
101 307
101 311
101 322
101 327
101 399
101 404
101 408
101 420
101 423
101 429
102 160
102 219
102 221
102 223
102 227
102 261
102 264
102 266
102 269
102 299
102 305
102 343
102 354
102 365
102 395
102 412
102 415
103 141
103 142
103 154
103 160
103 221
103 229
103 252
103 254
103 262
103 274
103 311
103 349
103 371
103 373
103 394
103 398
104 116
104 135
104 138
104 159
104 164
104 167
104 169
104 215
104 263
104 267
104 272
104 276
104 308
104 326
104 355
104 359
104 378
104 384
104 409
105 116
105 117
105 122
105 144
105 151
105 208
105 218
105 227
105 317
105 335
105 369
105 376
105 414
106 110
106 117
106 124
106 130
106 131
106 138
106 159
106 163
106 167
106 183
106 206
106 223
106 224
106 231
106 233
106 239
106 249
106 270
106 338
106 347
106 350
106 357
106 390
106 409
106 421
106 427
107 110
107 113
107 120
107 124
107 127
107 133
107 165
107 174
107 243
107 244
107 254
107 282
107 312
107 314
107 316
107 328
107 353
107 361
107 375
107 390
107 399
107 406
107 409
108 110
108 150
108 159
108 162
108 176
108 205
108 216
108 267
108 312
108 319
108 331
108 353
108 373
108 417
109 111
109 121
109 122
109 132
109 136
109 140
109 149
109 150
109 154
109 163
109 168
109 187
109 192
109 205
109 217
109 230
109 241
109 265
109 291
109 312
109 346
109 366
109 381
109 395
109 417
109 422
110 111
110 113
110 146
110 151
110 201
110 232
110 234
110 277
110 293
110 299
110 358
110 361
110 378
110 391
111 124
111 153
111 156
111 203
111 259
111 272
111 332
111 340
111 341
111 400
111 402
112 121
112 132
112 172
112 185
112 230
112 276
112 337
112 345
112 354
112 356
112 365
112 419
112 424
112 427
112 428
113 116
113 139
113 173
113 179
113 189
113 204
113 211
113 218
113 220
113 227
113 246
113 247
113 256
113 260
113 268
113 283
113 304
113 310
113 337
113 410
114 120
114 145
114 149
114 164
114 172
114 202
114 207
114 221
114 239
114 253
114 275
114 285
114 286
114 306
114 358
114 373
114 410
115 117
115 140
115 156
115 159
115 182
115 200
115 212
115 254
115 259
115 307
115 321
115 359
116 157
116 206
116 218
116 245
116 260
116 266
116 303
116 313
116 317
116 360
116 367
116 429
116 430
117 128
117 133
117 147
117 157
117 185
117 194
117 206
117 232
117 249
117 260
117 266
117 280
117 306
117 307
117 311
117 329
117 356
117 371
117 377
117 381
117 424
118 119
118 139
118 154
118 180
118 183
118 196
118 215
118 277
118 282
118 289
118 357
118 363
118 388
118 418
119 137
119 147
119 207
119 214
119 271
119 278
119 326
119 333
119 351
119 355
119 363
119 371
119 377
119 386
119 405
120 123
120 135
120 136
120 140
120 145
120 199
120 252
120 291
120 308
120 323
120 404
121 160
121 185
121 201
121 217
121 292
121 303
121 359
121 360
121 392
121 396
121 400
121 405
122 134
122 154
122 166
122 211
122 212
122 226
122 227
122 254
122 280
122 321
122 323
122 376
122 379
122 390
122 398
122 399
122 402
122 408
123 128
123 141
123 155
123 167
123 170
123 181
123 195
123 201
123 205
123 217
123 264
123 316
123 331
123 358
123 370
123 376
123 378
123 428
124 127
124 131
124 136
124 189
124 218
124 220
124 226
124 236
124 248
124 257
124 302
124 319
124 363
124 397
125 134
125 142
125 150
125 156
125 162
125 174
125 238
125 247
125 248
125 258
125 263
125 273
125 359
125 361
125 413
126 155
126 195
126 230
126 261
126 278
126 351
126 360
126 431
127 146
127 187
127 190
127 229
127 250
127 277
127 284
127 292
127 299
127 315
127 352
127 382
127 399
127 405
127 427
128 134
128 151
128 178
128 205
128 242
128 267
128 285
128 304
128 371
128 376
128 393
129 145
129 146
129 161
129 233
129 251
129 255
129 273
129 313
129 339
129 367
129 374
129 418
130 139
130 146
130 152
130 164
130 172
130 183
130 198
130 211
130 227
130 229
130 238
130 286
130 309
130 310
130 311
130 343
130 384
130 394
131 144
131 161
131 179
131 189
131 213
131 216
131 277
131 331
131 344
131 366
131 369
131 406
132 133
132 191
132 220
132 406
133 135
133 176
133 181
133 185
133 191
133 212
133 295
133 297
133 312
134 176
134 203
134 207
134 212
134 239
134 248
134 251
134 274
134 277
134 338
134 354
134 413
135 138
135 150
135 188
135 199
135 212
135 228
135 239
135 241
135 257
135 292
135 323
135 365
135 384
136 174
136 228
136 237
136 246
136 293
136 311
136 315
136 348
136 425
137 146
137 148
137 151
137 164
137 168
137 177
137 180
137 197
137 221
137 235
137 247
137 256
137 264
137 269
137 288
137 293
137 330
137 416
137 425
138 171
138 215
138 320
138 327
138 422
139 147
139 150
139 161
139 177
139 203
139 230
139 237
139 297
139 321
139 339
139 418
140 168
140 170
140 175
140 226
140 228
140 231
140 232
140 240
140 241
140 252
140 287
140 372
140 376
140 386
140 388
140 401
140 403
140 418
141 180
141 209
141 221
141 248
141 392
142 166
142 169
142 205
142 247
142 289
142 295
142 301
142 324
142 359
142 395
142 411
142 423
142 428
142 429
143 152
143 158
143 178
143 190
143 193
143 196
143 270
143 288
143 318
143 344
143 388
144 163
144 165
144 196
144 220
144 234
144 270
144 293
144 333
144 345
144 408
145 154
145 184
145 267
145 275
145 308
145 315
145 339
145 343
145 378
145 390
145 415
146 181
146 196
146 210
146 229
146 275
146 289
146 290
146 304
146 349
146 365
146 370
146 376
146 391
146 425
146 430
147 153
147 191
147 194
147 206
147 217
147 229
147 233
147 235
147 256
147 269
147 278
147 279
147 285
147 345
147 367
147 383
147 397
147 432
148 163
148 176
148 181
148 228
148 242
148 255
148 268
148 273
148 277
148 289
148 309
148 328
148 366
149 164
149 176
149 199
149 226
149 243
149 244
149 292
149 309
149 347
149 372
149 396
149 422
149 427
150 154
150 167
150 182
150 204
150 259
150 290
150 297
150 314
150 409
150 432
151 252
151 296
151 298
151 310
151 385
152 177
152 178
152 194
152 315
152 325
152 377
152 383
152 419
153 183
153 190
153 233
153 259
153 276
153 341
153 342
154 173
154 196
154 225
154 309
154 320
154 324
154 364
154 433
155 156
155 158
155 167
155 201
155 203
155 211
155 229
155 238
155 246
155 257
155 301
155 305
155 317
155 392
156 182
156 200
156 230
156 242
156 260
156 304
156 310
156 326
156 339
156 381
156 382
156 388
156 421
157 168
157 171
157 180
157 182
157 216
157 222
157 252
157 273
157 275
157 296
157 380
158 187
158 193
158 231
158 237
158 255
158 279
158 296
158 362
158 364
158 374
158 423
158 425
159 172
159 187
159 207
159 211
159 227
159 263
159 269
159 286
159 301
159 302
159 309
159 312
159 334
159 363
159 368
159 374
159 396
159 407
159 414
160 174
160 175
160 179
160 186
160 187
160 205
160 208
160 232
160 235
160 251
160 252
160 259
160 267
160 299
160 304
160 362
160 367
160 415
160 416
160 422
160 423
161 190
161 206
161 228
161 245
161 254
161 281
161 345
161 350
161 431
162 192
162 215
162 218
162 244
162 274
162 296
162 302
162 310
162 326
162 382
162 432
163 181
163 183
163 196
163 227
163 260
163 262
163 266
163 303
163 312
163 335
163 349
163 354
163 362
163 398
164 166
164 184
164 220
164 231
164 244
164 273
164 282
164 329
164 360
164 368
164 417
165 172
165 175
165 223
165 242
165 285
165 303
165 319
165 332
165 337
165 367
165 379
165 393
165 400
166 175
166 179
166 194
166 215
166 219
166 223
166 230
166 235
166 253
166 257
166 301
166 305
166 323
166 361
166 395
166 407
167 176
167 202
167 207
167 219
167 240
167 388
167 406
168 169
168 204
168 265
168 269
168 290
168 317
168 319
168 344
168 380
168 396
168 420
169 182
169 236
169 295
169 313
169 348
169 382
170 172
170 191
170 203
170 222
170 276
170 295
170 313
170 322
170 347
170 354
170 371
170 397
170 403
170 416
171 176
171 201
171 208
171 222
171 248
171 250
171 282
171 323
171 339
171 346
171 405
171 408
172 184
172 188
172 197
172 209
172 269
172 280
172 331
172 343
172 344
172 355
172 366
172 368
172 377
173 191
173 231
173 283
173 287
173 289
173 294
173 297
173 335
173 359
173 370
174 175
174 177
174 194
174 221
174 228
174 234
174 286
174 288
174 320
174 426
175 234
175 291
175 316
175 376
175 420
176 189
176 191
176 245
176 278
176 288
176 304
176 322
176 333
176 351
176 369
176 396
176 417
176 428
177 189
177 197
177 215
177 251
177 291
177 321
177 351
177 383
177 421
177 423
178 277
178 296
178 362
178 386
179 192
179 210
179 227
179 230
179 278
179 376
179 396
179 399
179 425
179 432
180 199
180 213
180 224
180 245
180 246
180 330
180 334
180 338
180 372
180 400
180 417
181 195
181 283
181 309
181 422
181 425
182 185
182 215
182 248
182 272
182 307
182 344
182 378
182 421
183 288
183 310
183 342
183 357
183 359
183 382
183 387
183 405
183 414
184 186
184 262
184 358
184 384
185 192
185 197
185 216
185 223
185 359
185 379
186 199
186 217
186 241
186 279
186 348
186 412
186 424
187 212
187 221
187 235
187 237
187 263
187 264
187 316
188 212
188 244
188 264
188 274
188 335
188 369
188 400
188 424
189 200
189 225
189 227
189 231
189 258
189 280
189 326
189 335
189 401
190 194
190 202
190 207
190 236
190 238
190 272
190 275
190 361
190 372
191 198
191 210
191 226
191 281
191 302
191 327
191 343
191 382
191 404
191 420
192 209
192 210
192 211
192 222
192 232
192 238
192 240
192 243
192 361
192 362
192 373
192 418
192 427
193 199
193 233
193 252
193 347
193 424
194 210
194 243
194 263
194 294
194 298
194 333
194 336
194 346
194 389
195 204
195 218
195 246
195 249
195 261
195 272
195 333
195 365
195 379
195 413
196 201
196 214
196 250
196 349
196 360
196 421
197 213
197 219
197 250
197 305
197 348
197 354
197 367
197 387
197 402
197 411
197 420
198 219
198 231
198 267
198 388
198 405
198 430
199 209
199 261
199 289
199 342
199 360
199 400
199 420
200 202
200 204
200 265
200 293
200 337
200 344
200 356
200 363
200 364
200 396
201 288
201 289
201 296
201 342
201 355
202 230
202 244
202 302
202 319
202 352
202 374
202 394
202 404
203 215
203 326
204 208
204 228
204 230
204 232
204 236
204 254
204 255
204 270
204 272
204 301
204 413
205 240
205 295
205 321
205 370
205 378
205 421
206 217
206 270
206 277
206 302
206 326
206 393
206 402
206 415
206 422
207 221
207 259
207 280
207 343
208 224
208 319
208 330
209 211
209 221
209 232
209 260
209 261
209 262
209 279
209 307
209 313
209 318
209 359
209 362
210 223
210 267
210 270
210 277
210 306
210 308
210 312
210 313
210 338
210 353
210 416
211 217
211 236
211 238
211 279
211 360
211 395
211 433
212 293
212 300
212 303
212 304
212 336
212 348
212 351
212 371
212 429
213 216
213 237
213 267
214 337
214 376
214 417
215 238
215 246
215 269
215 295
215 296
215 306
215 349
215 397
215 420
216 288
216 324
216 356
216 399
217 219
217 228
217 290
217 325
217 370
218 254
219 248
219 254
219 271
219 338
219 348
219 368
219 382
219 402
219 412
220 231
220 241
220 261
220 286
220 287
220 331
220 337
220 373
220 388
220 408
220 424
220 425
221 234
221 241
221 245
221 255
221 325
221 332
221 341
221 344
221 404
221 414
222 225
222 240
222 254
222 266
222 271
222 311
222 375
222 412
222 415
222 431
223 258
223 275
223 374
223 381
223 391
223 409
224 266
224 294
224 320
224 340
224 394
224 414
225 263
226 260
226 301
226 315
226 347
226 394
227 265
227 322
227 358
227 415
228 240
228 268
228 330
228 384
228 393
228 416
229 237
229 251
229 263
229 270
229 276
229 352
229 364
229 379
229 383
229 433
230 243
230 379
230 423
231 247
231 268
231 273
231 350
231 369
231 372
231 412
231 417
231 421
232 236
232 242
232 257
232 266
232 319
232 356
232 431
233 239
233 262
233 293
233 307
233 412
233 431
234 235
234 243
234 246
234 255
234 294
234 352
234 370
234 387
234 390
234 398
234 406
235 253
235 281
235 298
235 303
235 312
235 394
236 271
236 278
236 292
236 323
236 386
236 422
237 284
237 313
237 343
237 360
237 370
237 428
238 244
238 258
238 271
238 283
238 324
238 331
239 293
239 334
239 385
239 428
240 244
240 279
240 287
240 357
240 429
241 257
241 273
241 280
241 295
241 312
241 367
241 404
241 411
242 371
243 256
243 353
244 287
244 325
244 334
244 347
244 391
244 416
245 291
245 297
245 299
245 334
245 375
245 393
246 254
246 300
246 304
247 276
247 288
247 329
247 332
247 389
247 430
248 283
248 363
248 372
248 377
248 431
248 433
249 277
249 343
249 353
250 283
250 293
250 367
250 396
251 287
251 322
251 340
251 348
251 351
251 426
252 280
252 285
252 317
252 341
252 406
252 413
253 258
253 265
253 292
253 342
253 370
253 386
253 399
253 409
253 410
253 422
253 433
254 267
254 285
254 318
254 324
254 342
254 351
254 365
254 376
254 430
255 256
255 324
255 327
255 379
255 380
255 386
255 422
256 261
256 309
256 329
256 348
256 407
257 345
258 263
258 279
258 306
258 383
258 412
258 432
259 370
259 385
260 368
260 381
260 416
261 401
262 265
262 321
263 365
264 336
264 337
264 391
264 401
264 417
265 289
265 394
266 327
266 328
266 336
266 386
266 432
267 280
267 290
267 314
267 364
267 398
267 426
268 306
268 382
269 287
269 298
269 345
270 336
270 396
270 397
270 414
271 349
271 372
271 382
272 286
273 290
273 377
273 426
275 277
275 282
275 310
275 317
275 335
275 336
275 344
275 346
275 397
275 402
275 406
275 412
276 301
276 389
276 397
276 405
277 368
277 402
278 281
278 293
278 300
278 320
278 364
278 406
278 422
279 299
279 308
279 340
279 357
279 371
279 423
280 298
280 323
281 336
281 428
282 287
282 369
283 342
283 364
283 377
283 391
284 300
284 315
284 339
284 378
284 381
285 322
285 344
285 349
285 390
285 395
286 294
286 408
286 413
288 290
288 318
288 332
288 333
288 339
288 401
288 413
289 311
289 340
289 385
290 315
290 373
290 401
290 402
291 369
291 407
292 313
292 314
292 315
293 346
293 347
293 383
294 308
294 316
294 379
294 406
294 411
296 316
296 333
296 346
297 299
297 318
297 363
297 400
297 433
298 300
298 356
298 376
298 385
298 416
300 316
300 337
300 411
301 324
301 342
301 376
301 393
302 356
302 429
303 381
305 349
305 354
305 358
305 364
306 326
306 337
306 350
306 383
306 401
307 369
307 384
307 387
307 393
307 400
307 419
309 331
310 327
310 328
310 335
310 341
310 342
310 378
310 384
310 427
310 428
311 313
311 316
311 365
311 386
312 316
312 358
312 384
313 317
313 414
313 425
314 317
314 318
314 359
314 386
314 389
315 324
315 334
315 372
315 403
315 411
315 415
315 424
316 341
316 407
317 412
318 345
318 421
319 327
319 433
320 323
320 359
320 362
321 394
322 362
322 372
322 413
324 423
325 335
325 346
325 400
326 329
326 361
327 331
327 352
327 364
327 376
328 338
329 378
329 413
329 418
329 425
329 433
330 339
331 360
331 432
333 352
333 354
333 366
333 392
334 351
334 359
334 375
334 391
334 399
334 400
335 336
335 344
335 408
336 338
336 391
337 433
338 358
339 358
339 369
339 391
339 397
339 423
340 343
340 402
340 417
341 378
341 387
342 412
343 347
344 350
344 366
344 415
344 426
345 367
345 398
345 429
346 393
346 430
347 396
347 419
348 394
349 355
349 379
351 352
351 391
351 419
353 393
354 417
355 358
355 369
355 412
357 427
357 432
358 363
358 421
358 423
360 390
360 406
361 384
362 385
362 410
365 402
366 410
367 373
368 417
370 420
371 390
372 390
372 392
374 393
374 398
378 389
379 391
380 404
381 426
382 404
382 405
384 420
385 409
386 392
386 407
390 424
393 429
394 430
396 421
396 427
398 403
401 414
402 403
408 409
408 428
410 416
411 426
415 426
423 428
424 425
