0 1
0 2
0 3
0 4
0 5
0 6
0 7
0 8
0 9
0 10
0 11
0 12
0 13
0 14
0 15
0 16
0 17
0 18
0 19
0 20
0 21
0 22
0 23
0 24
0 25
0 26
0 27
0 28
0 29
0 30
0 31
0 33
0 34
0 35
0 36
0 37
0 38
0 39
0 41
0 46
0 47
0 59
0 61
0 63
0 65
0 68
0 70
0 71
0 75
0 79
0 82
0 86
0 89
0 93
0 94
0 96
0 101
0 102
0 104
0 105
0 107
0 109
0 111
0 113
0 115
0 117
0 118
0 124
0 126
0 128
0 129
0 132
0 135
0 136
0 141
0 142
0 147
0 149
0 152
0 153
0 156
0 157
0 158
0 162
0 165
0 172
0 176
0 179
0 181
0 183
0 190
0 191
0 194
0 202
0 206
0 208
0 209
0 211
0 214
0 221
0 223
0 225
0 228
0 233
0 242
0 243
0 255
0 261
0 275
0 279
0 282
0 285
0 290
0 291
0 298
0 333
0 334
0 339
0 344
0 355
0 357
0 361
0 366
0 386
0 389
0 412
0 415
0 418
0 425
0 426
0 444
0 458
0 461
0 464
0 466
0 471
0 478
0 491
0 498
0 512
0 514
0 516
0 536
0 551
0 553
0 558
0 569
0 570
0 574
0 605
0 610
0 614
0 620
0 623
0 636
0 639
0 660
0 663
0 679
0 699
0 719
0 720
0 748
0 757
0 796
0 824
0 827
0 832
0 838
0 842
0 843
0 846
0 849
0 861
0 863
0 878
0 896
0 916
0 924
1 16
1 17
1 18
1 19
1 20
1 21
1 24
1 28
1 30
1 32
1 47
1 53
1 54
1 58
1 60
1 72
1 79
1 99
1 108
1 109
1 115
1 127
1 143
1 150
1 170
1 188
1 199
1 218
1 233
1 245
1 258
1 273
1 275
1 294
1 312
1 334
1 351
1 358
1 375
1 392
1 400
1 421
1 436
1 445
1 454
1 479
1 485
1 527
1 638
1 647
1 652
1 691
1 702
1 728
1 729
1 742
1 743
1 790
1 802
1 832
1 837
1 853
1 893
2 16
2 17
2 18
2 19
2 20
2 21
2 26
2 31
2 35
2 36
2 37
2 43
2 44
2 45
2 46
2 54
2 57
2 59
2 87
2 88
2 89
2 94
2 95
2 96
2 98
2 118
2 131
2 138
2 145
2 167
2 178
2 184
2 198
2 213
2 240
2 251
2 262
2 280
2 306
2 327
2 340
2 344
2 373
2 393
2 406
2 410
2 440
2 458
2 464
2 495
2 520
2 539
2 560
2 647
2 648
2 730
2 740
2 754
2 762
2 776
2 801
2 828
2 839
2 850
2 874
2 888
2 900
3 16
3 17
3 18
3 19
3 20
3 24
3 25
3 28
3 32
3 33
3 34
3 39
3 44
3 45
3 54
3 55
3 58
3 61
3 66
3 72
3 76
3 77
3 81
3 82
3 89
3 91
3 96
3 97
3 104
3 113
3 124
3 131
3 140
3 144
3 146
3 159
3 188
3 199
3 229
3 237
3 239
3 252
3 258
3 267
3 282
3 283
3 294
3 315
3 317
3 320
3 326
3 328
3 329
3 352
3 355
3 358
3 363
3 367
3 377
3 381
3 387
3 388
3 392
3 405
3 408
3 420
3 434
3 450
3 459
3 462
3 481
3 484
3 519
3 524
3 534
3 537
3 546
3 591
3 644
3 647
3 708
3 723
3 739
3 749
3 750
3 755
3 791
3 794
3 800
3 809
3 824
3 845
3 850
3 860
4 17
4 18
4 19
4 20
4 28
4 29
4 30
4 36
4 37
4 47
4 76
4 78
4 86
4 100
4 101
4 108
4 111
4 125
4 130
4 139
4 145
4 151
4 153
4 169
4 230
4 265
4 268
4 273
4 285
4 297
4 318
4 357
4 366
4 393
4 402
4 416
4 437
4 460
4 483
4 520
4 536
4 545
4 552
4 559
4 589
4 602
4 642
4 676
4 704
4 722
4 771
4 796
4 852
4 856
4 875
4 923
5 16
5 17
5 19
5 21
5 22
5 23
5 24
5 27
5 34
5 35
5 36
5 37
5 39
5 41
5 45
5 46
5 48
5 50
5 71
5 81
5 82
5 99
5 105
5 107
5 109
5 121
5 123
5 127
5 136
5 137
5 140
5 142
5 154
5 187
5 198
5 212
5 233
5 236
5 244
5 245
5 255
5 260
5 268
5 278
5 290
5 294
5 296
5 320
5 324
5 330
5 333
5 360
5 389
5 399
5 400
5 413
5 428
5 453
5 456
5 457
5 493
5 563
5 571
5 573
5 577
5 604
5 608
5 634
5 742
5 834
5 845
5 905
5 909
6 16
6 17
6 18
6 19
6 21
6 22
6 23
6 24
6 25
6 28
6 29
6 31
6 33
6 37
6 38
6 46
6 47
6 57
6 58
6 61
6 76
6 92
6 108
6 142
6 150
6 157
6 162
6 181
6 184
6 194
6 202
6 208
6 213
6 215
6 219
6 231
6 234
6 235
6 241
6 245
6 279
6 303
6 309
6 310
6 359
6 369
6 374
6 402
6 410
6 436
6 470
6 502
6 504
6 528
6 540
6 600
6 606
6 613
6 627
6 628
6 629
6 654
6 655
6 674
6 702
6 725
6 734
6 737
6 745
6 748
6 843
6 854
6 863
7 16
7 18
7 20
7 21
7 22
7 26
7 33
7 36
7 52
7 58
7 85
7 92
7 100
7 114
7 123
7 135
7 138
7 149
7 180
7 212
7 214
7 242
7 243
7 244
7 272
7 288
7 291
7 296
7 316
7 335
7 339
7 355
7 402
7 413
7 422
7 438
7 442
7 457
7 512
7 540
7 581
7 583
7 700
7 723
7 760
7 769
7 778
7 797
7 817
7 838
7 873
7 877
7 879
7 889
7 902
8 16
8 17
8 22
8 23
8 24
8 27
8 28
8 30
8 31
8 38
8 42
8 43
8 44
8 49
8 55
8 56
8 61
8 64
8 70
8 71
8 77
8 80
8 81
8 94
8 99
8 104
8 109
8 112
8 114
8 126
8 129
8 134
8 139
8 155
8 159
8 163
8 168
8 172
8 215
8 246
8 280
8 281
8 283
8 345
8 355
8 358
8 362
8 378
8 380
8 394
8 412
8 418
8 457
8 486
8 491
8 494
8 521
8 524
8 533
8 535
8 559
8 630
8 631
8 636
8 638
8 675
8 682
8 690
8 692
8 772
8 775
8 870
8 871
8 875
8 914
9 16
9 17
9 18
9 19
9 20
9 22
9 23
9 24
9 25
9 26
9 33
9 35
9 37
9 40
9 41
9 50
9 52
9 69
9 73
9 84
9 101
9 106
9 113
9 122
9 125
9 132
9 148
9 156
9 157
9 163
9 187
9 193
9 206
9 207
9 220
9 263
9 270
9 282
9 284
9 290
9 295
9 296
9 305
9 313
9 325
9 341
9 343
9 344
9 357
9 360
9 365
9 381
9 388
9 398
9 411
9 424
9 430
9 461
9 462
9 469
9 522
9 533
9 542
9 547
9 578
9 615
9 623
9 625
9 642
9 643
9 657
9 677
9 686
9 738
9 793
9 798
9 813
9 818
9 875
10 16
10 17
10 18
10 19
10 20
10 21
10 22
10 23
10 25
10 26
10 27
10 28
10 30
10 31
10 33
10 35
10 38
10 39
10 40
10 42
10 44
10 45
10 49
10 52
10 55
10 59
10 61
10 63
10 64
10 67
10 73
10 75
10 77
10 78
10 83
10 87
10 91
10 93
10 97
10 99
10 106
10 121
10 122
10 126
10 132
10 134
10 150
10 152
10 179
10 183
10 184
10 189
10 190
10 197
10 202
10 203
10 216
10 224
10 239
10 245
10 251
10 253
10 255
10 256
10 265
10 281
10 285
10 288
10 289
10 294
10 297
10 300
10 305
10 328
10 332
10 349
10 359
10 366
10 370
10 372
10 373
10 383
10 387
10 403
10 411
10 421
10 430
10 443
10 460
10 466
10 471
10 481
10 495
10 496
10 503
10 504
10 513
10 555
10 561
10 579
10 586
10 587
10 588
10 592
10 616
10 621
10 632
10 636
10 642
10 655
10 665
10 705
10 713
10 749
10 758
10 766
10 782
10 833
10 839
10 842
10 845
10 850
10 862
11 16
11 17
11 18
11 19
11 21
11 22
11 26
11 30
11 32
11 33
11 34
11 35
11 37
11 50
11 57
11 58
11 66
11 69
11 73
11 80
11 81
11 89
11 92
11 104
11 110
11 121
11 123
11 129
11 132
11 135
11 146
11 148
11 158
11 179
11 182
11 189
11 196
11 211
11 226
11 230
11 231
11 241
11 247
11 259
11 282
11 285
11 287
11 288
11 290
11 293
11 295
11 310
11 314
11 321
11 323
11 335
11 347
11 352
11 353
11 373
11 379
11 380
11 397
11 410
11 419
11 425
11 436
11 437
11 446
11 454
11 471
11 485
11 508
11 527
11 552
11 606
11 618
11 628
11 656
11 659
11 661
11 664
11 670
11 683
11 688
11 712
11 714
11 717
11 720
11 776
11 783
11 809
11 816
11 817
11 823
11 831
11 844
11 863
11 877
11 897
11 898
12 16
12 17
12 18
12 20
12 21
12 23
12 25
12 28
12 32
12 35
12 37
12 38
12 39
12 40
12 41
12 42
12 49
12 52
12 54
12 57
12 61
12 63
12 70
12 72
12 73
12 74
12 76
12 83
12 101
12 105
12 107
12 111
12 116
12 125
12 141
12 142
12 143
12 145
12 152
12 170
12 173
12 176
12 177
12 180
12 183
12 185
12 203
12 214
12 219
12 221
12 230
12 239
12 240
12 261
12 265
12 279
12 311
12 322
12 337
12 342
12 349
12 359
12 367
12 371
12 391
12 416
12 422
12 425
12 441
12 452
12 458
12 461
12 471
12 473
12 485
12 487
12 488
12 500
12 503
12 525
12 540
12 548
12 558
12 566
12 580
12 614
12 615
12 617
12 639
12 646
12 701
12 759
12 772
12 785
12 795
12 814
12 818
12 829
12 911
13 16
13 17
13 19
13 20
13 23
13 24
13 25
13 27
13 28
13 29
13 36
13 41
13 43
13 46
13 48
13 50
13 56
13 64
13 68
13 83
13 103
13 107
13 112
13 125
13 126
13 129
13 148
13 168
13 174
13 178
13 186
13 189
13 190
13 191
13 195
13 201
13 211
13 217
13 223
13 245
13 271
13 274
13 282
13 289
13 296
13 297
13 299
13 304
13 325
13 359
13 373
13 378
13 381
13 419
13 478
13 483
13 498
13 504
13 523
13 561
13 577
13 578
13 680
13 705
13 721
13 778
13 793
13 796
13 805
13 848
13 852
13 864
13 865
13 923
14 16
14 17
14 18
14 19
14 21
14 22
14 27
14 32
14 34
14 35
14 40
14 44
14 51
14 55
14 56
14 57
14 60
14 69
14 71
14 81
14 87
14 88
14 92
14 102
14 104
14 114
14 126
14 134
14 139
14 157
14 158
14 189
14 194
14 196
14 199
14 234
14 237
14 243
14 256
14 273
14 274
14 289
14 326
14 329
14 350
14 381
14 389
14 406
14 430
14 457
14 467
14 476
14 483
14 512
14 514
14 522
14 541
14 553
14 559
14 567
14 572
14 632
14 663
14 684
14 691
14 725
14 729
14 745
14 763
14 771
14 786
14 907
14 924
15 16
15 18
15 20
15 24
15 29
15 37
15 58
15 74
15 77
15 99
15 111
15 112
15 119
15 133
15 159
15 162
15 171
15 216
15 232
15 245
15 258
15 306
15 314
15 324
15 388
15 449
15 455
15 544
15 558
15 587
15 611
15 710
15 875
15 880
15 902
15 914
16 17
16 18
16 19
16 20
16 21
16 22
16 23
16 24
16 25
16 26
16 28
16 29
16 30
16 38
16 39
16 40
16 44
16 45
16 46
16 47
16 48
16 49
16 50
16 51
16 53
16 54
16 57
16 59
16 61
16 63
16 64
16 65
16 70
16 71
16 72
16 74
16 75
16 78
16 79
16 84
16 87
16 88
16 90
16 92
16 98
16 99
16 101
16 103
16 109
16 113
16 115
16 117
16 120
16 122
16 126
16 128
16 130
16 131
16 151
16 153
16 155
16 158
16 161
16 164
16 171
16 175
16 177
16 181
16 183
16 184
16 205
16 209
16 216
16 226
16 227
16 229
16 232
16 234
16 238
16 244
16 250
16 254
16 270
16 280
16 286
16 291
16 298
16 313
16 355
16 371
16 390
16 395
16 397
16 400
16 415
16 428
16 442
16 446
16 459
16 471
16 497
16 512
16 514
16 524
16 532
16 536
16 551
16 553
16 578
16 579
16 586
16 594
16 598
16 603
16 608
16 619
16 624
16 628
16 637
16 642
16 647
16 658
16 684
16 693
16 738
16 739
16 744
16 748
16 749
16 755
16 757
16 780
16 781
16 788
16 799
16 802
16 806
16 811
16 819
16 823
16 834
16 839
16 840
16 858
16 861
16 874
16 895
16 898
16 909
16 910
16 922
17 18
17 19
17 20
17 21
17 22
17 23
17 25
17 26
17 27
17 28
17 29
17 30
17 31
17 33
17 35
17 36
17 39
17 40
17 41
17 42
17 44
17 45
17 46
17 47
17 48
17 54
17 55
17 57
17 64
17 65
17 66
17 67
17 68
17 70
17 71
17 76
17 77
17 78
17 80
17 83
17 84
17 85
17 87
17 89
17 94
17 95
17 96
17 98
17 100
17 103
17 106
17 109
17 111
17 113
17 119
17 123
17 126
17 128
17 130
17 133
17 136
17 137
17 139
17 148
17 150
17 151
17 153
17 155
17 156
17 161
17 167
17 171
17 174
17 175
17 177
17 180
17 195
17 199
17 201
17 205
17 208
17 212
17 224
17 226
17 227
17 230
17 234
17 235
17 237
17 238
17 242
17 246
17 248
17 254
17 264
17 269
17 271
17 275
17 281
17 284
17 285
17 297
17 314
17 315
17 317
17 321
17 325
17 333
17 337
17 338
17 343
17 358
17 360
17 362
17 366
17 367
17 383
17 385
17 397
17 403
17 424
17 426
17 430
17 432
17 441
17 446
17 450
17 451
17 452
17 453
17 454
17 463
17 475
17 489
17 496
17 500
17 506
17 519
17 532
17 547
17 553
17 556
17 557
17 558
17 559
17 560
17 562
17 565
17 581
17 595
17 602
17 605
17 617
17 619
17 627
17 630
17 631
17 632
17 645
17 650
17 657
17 679
17 681
17 682
17 714
17 721
17 726
17 735
17 737
17 741
17 745
17 752
17 771
17 775
17 781
17 797
17 806
17 808
17 835
17 840
17 847
17 848
17 860
17 862
17 868
17 869
17 887
17 892
17 912
17 923
18 19
18 20
18 21
18 22
18 23
18 24
18 25
18 26
18 27
18 28
18 29
18 31
18 32
18 34
18 35
18 37
18 40
18 41
18 42
18 46
18 48
18 49
18 50
18 51
18 54
18 56
18 58
18 60
18 61
18 64
18 65
18 66
18 67
18 69
18 72
18 73
18 76
18 77
18 80
18 82
18 84
18 86
18 87
18 93
18 95
18 96
18 97
18 104
18 111
18 114
18 116
18 120
18 125
18 127
18 128
18 130
18 132
18 133
18 139
18 142
18 144
18 146
18 151
18 156
18 162
18 163
18 167
18 168
18 170
18 171
18 177
18 188
18 202
18 203
18 207
18 210
18 213
18 220
18 223
18 228
18 236
18 237
18 242
18 261
18 262
18 277
18 286
18 292
18 295
18 298
18 308
18 309
18 322
18 323
18 328
18 329
18 341
18 351
18 356
18 365
18 377
18 379
18 383
18 389
18 400
18 410
18 411
18 414
18 422
18 425
18 428
18 435
18 437
18 450
18 451
18 463
18 474
18 488
18 504
18 506
18 509
18 521
18 529
18 532
18 533
18 535
18 544
18 545
18 552
18 555
18 563
18 566
18 576
18 582
18 585
18 586
18 591
18 604
18 612
18 619
18 629
18 653
18 655
18 658
18 673
18 676
18 680
18 695
18 702
18 704
18 716
18 724
18 730
18 764
18 776
18 780
18 789
18 792
18 795
18 803
18 805
18 807
18 812
18 818
18 828
18 829
18 839
18 851
18 862
18 873
18 889
18 903
18 905
18 924
19 20
19 21
19 22
19 23
19 25
19 26
19 29
19 30
19 31
19 32
19 33
19 34
19 35
19 36
19 37
19 38
19 39
19 41
19 42
19 43
19 45
19 47
19 51
19 52
19 53
19 56
19 59
19 61
19 62
19 63
19 64
19 70
19 71
19 73
19 82
19 87
19 88
19 95
19 96
19 98
19 102
19 112
19 115
19 116
19 122
19 124
19 125
19 127
19 128
19 129
19 130
19 131
19 136
19 146
19 150
19 154
19 157
19 166
19 167
19 169
19 173
19 175
19 181
19 184
19 188
19 196
19 204
19 205
19 210
19 211
19 215
19 217
19 220
19 221
19 229
19 233
19 238
19 240
19 257
19 263
19 265
19 267
19 272
19 276
19 277
19 280
19 282
19 286
19 293
19 295
19 299
19 303
19 307
19 313
19 314
19 316
19 318
19 322
19 328
19 334
19 346
19 350
19 362
19 374
19 418
19 430
19 431
19 436
19 455
19 463
19 464
19 465
19 472
19 476
19 484
19 489
19 490
19 528
19 538
19 554
19 559
19 572
19 574
19 580
19 596
19 604
19 614
19 617
19 619
19 649
19 677
19 680
19 694
19 695
19 750
19 760
19 784
19 788
19 806
19 812
19 824
19 847
19 866
19 867
19 902
19 908
19 909
19 923
20 21
20 22
20 23
20 24
20 25
20 26
20 27
20 29
20 30
20 31
20 32
20 33
20 34
20 36
20 37
20 38
20 42
20 43
20 46
20 48
20 51
20 52
20 56
20 58
20 65
20 66
20 67
20 73
20 74
20 75
20 78
20 82
20 83
20 85
20 88
20 94
20 99
20 101
20 102
20 103
20 105
20 106
20 109
20 111
20 120
20 122
20 124
20 131
20 134
20 138
20 140
20 144
20 145
20 148
20 150
20 155
20 163
20 164
20 166
20 170
20 184
20 205
20 219
20 227
20 234
20 254
20 262
20 270
20 271
20 272
20 276
20 279
20 280
20 290
20 294
20 303
20 306
20 313
20 320
20 329
20 331
20 332
20 337
20 352
20 356
20 363
20 394
20 403
20 420
20 426
20 429
20 455
20 460
20 475
20 476
20 482
20 488
20 493
20 497
20 499
20 510
20 516
20 517
20 526
20 531
20 542
20 560
20 576
20 581
20 586
20 607
20 608
20 611
20 623
20 624
20 635
20 636
20 637
20 643
20 651
20 657
20 660
20 668
20 670
20 700
20 715
20 716
20 755
20 768
20 781
20 787
20 826
20 828
20 849
20 851
20 862
20 863
20 872
20 883
20 888
20 893
20 901
20 921
21 22
21 23
21 24
21 25
21 26
21 27
21 28
21 29
21 30
21 31
21 34
21 36
21 38
21 39
21 40
21 42
21 43
21 44
21 45
21 48
21 51
21 53
21 55
21 56
21 60
21 62
21 64
21 65
21 68
21 70
21 73
21 78
21 80
21 84
21 85
21 86
21 90
21 95
21 98
21 101
21 103
21 119
21 120
21 125
21 137
21 155
21 162
21 164
21 173
21 174
21 176
21 183
21 189
21 192
21 195
21 208
21 210
21 212
21 219
21 228
21 238
21 249
21 263
21 272
21 276
21 289
21 291
21 298
21 301
21 303
21 304
21 315
21 324
21 339
21 341
21 344
21 352
21 353
21 357
21 363
21 365
21 367
21 372
21 376
21 379
21 382
21 386
21 388
21 401
21 426
21 440
21 467
21 473
21 478
21 483
21 484
21 492
21 500
21 505
21 516
21 540
21 590
21 600
21 614
21 622
21 625
21 628
21 633
21 641
21 651
21 671
21 681
21 701
21 736
21 737
21 747
21 750
21 763
21 815
21 827
21 862
21 889
21 890
21 909
21 923
22 23
22 24
22 26
22 27
22 28
22 29
22 30
22 32
22 33
22 39
22 43
22 44
22 45
22 46
22 49
22 51
22 57
22 58
22 59
22 63
22 65
22 66
22 67
22 68
22 75
22 76
22 79
22 80
22 81
22 84
22 85
22 86
22 93
22 96
22 100
22 104
22 109
22 113
22 119
22 128
22 133
22 142
22 146
22 158
22 159
22 166
22 168
22 175
22 176
22 177
22 181
22 185
22 188
22 191
22 193
22 196
22 197
22 198
22 203
22 204
22 212
22 223
22 225
22 227
22 231
22 233
22 242
22 252
22 256
22 262
22 277
22 278
22 301
22 305
22 306
22 310
22 319
22 331
22 333
22 334
22 349
22 352
22 373
22 386
22 395
22 397
22 399
22 408
22 424
22 435
22 436
22 448
22 458
22 470
22 490
22 499
22 501
22 506
22 522
22 538
22 545
22 569
22 570
22 583
22 584
22 589
22 592
22 624
22 632
22 633
22 637
22 639
22 643
22 650
22 661
22 662
22 664
22 666
22 668
22 669
22 673
22 674
22 693
22 696
22 704
22 710
22 725
22 727
22 749
22 769
22 774
22 777
22 787
22 796
22 806
22 864
22 867
22 877
22 878
22 881
22 909
22 913
22 924
23 24
23 25
23 26
23 27
23 29
23 31
23 32
23 34
23 35
23 36
23 38
23 40
23 41
23 43
23 48
23 59
23 63
23 64
23 65
23 67
23 70
23 72
23 76
23 79
23 80
23 93
23 94
23 98
23 106
23 110
23 124
23 125
23 126
23 128
23 133
23 136
23 139
23 145
23 153
23 156
23 172
23 175
23 180
23 182
23 194
23 197
23 199
23 207
23 227
23 240
23 241
23 253
23 254
23 258
23 265
23 270
23 279
23 290
23 303
23 310
23 317
23 323
23 332
23 333
23 334
23 347
23 351
23 355
23 357
23 360
23 362
23 377
23 383
23 384
23 388
23 392
23 420
23 422
23 423
23 427
23 450
23 457
23 468
23 474
23 481
23 484
23 506
23 510
23 511
23 518
23 523
23 559
23 561
23 566
23 568
23 574
23 575
23 577
23 603
23 611
23 612
23 633
23 644
23 648
23 659
23 660
23 665
23 675
23 679
23 685
23 693
23 700
23 707
23 723
23 725
23 729
23 732
23 747
23 751
23 753
23 798
23 811
23 820
23 826
23 827
23 836
23 857
23 862
23 880
23 901
23 905
23 910
24 25
24 27
24 28
24 29
24 31
24 32
24 33
24 34
24 35
24 40
24 41
24 42
24 45
24 51
24 53
24 61
24 68
24 72
24 74
24 76
24 79
24 80
24 82
24 91
24 103
24 110
24 112
24 116
24 117
24 118
24 125
24 132
24 140
24 149
24 152
24 155
24 165
24 186
24 195
24 207
24 208
24 216
24 218
24 224
24 235
24 242
24 244
24 246
24 247
24 253
24 261
24 273
24 277
24 287
24 317
24 329
24 330
24 339
24 362
24 380
24 384
24 393
24 401
24 410
24 447
24 501
24 511
24 531
24 539
24 546
24 562
24 566
24 567
24 573
24 596
24 631
24 633
24 635
24 637
24 645
24 681
24 708
24 717
24 740
24 779
24 782
24 793
24 800
24 810
24 823
24 887
24 918
25 26
25 27
25 30
25 31
25 32
25 33
25 34
25 36
25 38
25 39
25 42
25 44
25 45
25 54
25 58
25 59
25 60
25 61
25 62
25 66
25 67
25 68
25 69
25 73
25 74
25 75
25 77
25 78
25 79
25 85
25 88
25 90
25 92
25 105
25 106
25 111
25 114
25 115
25 118
25 126
25 128
25 129
25 132
25 134
25 136
25 138
25 149
25 150
25 159
25 162
25 164
25 179
25 181
25 184
25 190
25 199
25 208
25 214
25 221
25 224
25 229
25 243
25 250
25 251
25 259
25 268
25 270
25 276
25 277
25 300
25 323
25 354
25 361
25 362
25 368
25 394
25 400
25 401
25 404
25 405
25 429
25 435
25 438
25 440
25 450
25 454
25 455
25 462
25 468
25 476
25 489
25 504
25 506
25 508
25 510
25 517
25 518
25 523
25 527
25 570
25 605
25 610
25 622
25 647
25 651
25 652
25 676
25 679
25 705
25 710
25 722
25 728
25 732
25 736
25 755
25 782
25 802
25 812
25 816
25 826
25 827
25 865
25 869
25 884
25 899
25 906
25 924
26 27
26 29
26 32
26 40
26 42
26 43
26 48
26 55
26 59
26 64
26 71
26 74
26 77
26 81
26 82
26 85
26 90
26 93
26 95
26 97
26 107
26 112
26 117
26 128
26 132
26 135
26 142
26 145
26 147
26 148
26 154
26 173
26 185
26 194
26 204
26 219
26 220
26 225
26 232
26 241
26 246
26 253
26 264
26 270
26 287
26 289
26 293
26 294
26 299
26 301
26 323
26 345
26 356
26 383
26 417
26 418
26 423
26 434
26 444
26 448
26 480
26 481
26 482
26 511
26 551
26 558
26 562
26 571
26 578
26 627
26 640
26 659
26 668
26 680
26 693
26 715
26 730
26 738
26 754
26 760
26 763
26 766
26 808
26 809
26 815
26 830
26 842
26 850
26 870
26 883
26 889
26 891
26 896
27 40
27 43
27 47
27 48
27 49
27 50
27 55
27 56
27 61
27 77
27 78
27 82
27 83
27 87
27 88
27 100
27 104
27 106
27 113
27 123
27 125
27 127
27 133
27 140
27 141
27 142
27 174
27 175
27 181
27 189
27 195
27 201
27 209
27 212
27 214
27 261
27 262
27 267
27 274
27 283
27 289
27 290
27 296
27 298
27 305
27 320
27 336
27 346
27 347
27 351
27 368
27 374
27 396
27 424
27 435
27 436
27 440
27 487
27 510
27 518
27 528
27 532
27 536
27 553
27 596
27 615
27 633
27 635
27 640
27 649
27 664
27 670
27 684
27 692
27 697
27 700
27 732
27 738
27 742
27 757
27 825
27 874
27 903
27 916
28 30
28 31
28 32
28 34
28 35
28 37
28 38
28 40
28 41
28 43
28 44
28 45
28 47
28 48
28 49
28 53
28 54
28 55
28 57
28 60
28 62
28 65
28 69
28 78
28 79
28 90
28 91
28 97
28 104
28 106
28 114
28 120
28 121
28 124
28 126
28 128
28 131
28 132
28 151
28 160
28 163
28 171
28 180
28 189
28 199
28 205
28 207
28 212
28 216
28 225
28 228
28 239
28 248
28 264
28 267
28 271
28 288
28 290
28 306
28 311
28 325
28 346
28 353
28 357
28 361
28 363
28 370
28 383
28 390
28 395
28 405
28 431
28 437
28 443
28 446
28 459
28 460
28 493
28 501
28 503
28 508
28 513
28 515
28 531
28 547
28 562
28 568
28 570
28 573
28 595
28 609
28 626
28 642
28 643
28 646
28 648
28 683
28 689
28 703
28 706
28 715
28 718
28 719
28 722
28 733
28 744
28 745
28 759
28 793
28 823
28 829
28 832
28 834
28 835
28 842
28 870
29 30
29 32
29 33
29 36
29 39
29 41
29 42
29 46
29 47
29 50
29 53
29 59
29 60
29 66
29 67
29 69
29 72
29 83
29 84
29 104
29 107
29 110
29 112
29 115
29 117
29 119
29 121
29 127
29 130
29 131
29 135
29 145
29 152
29 156
29 162
29 163
29 167
29 187
29 190
29 203
29 212
29 217
29 220
29 225
29 234
29 236
29 241
29 269
29 274
29 282
29 291
29 295
29 303
29 306
29 316
29 335
29 338
29 351
29 352
29 363
29 369
29 396
29 400
29 404
29 418
29 435
29 461
29 465
29 470
29 471
29 472
29 509
29 527
29 546
29 554
29 559
29 566
29 590
29 605
29 649
29 660
29 669
29 723
29 755
29 756
29 762
29 773
29 782
29 786
29 810
29 863
29 872
29 882
29 888
29 895
30 31
30 36
30 38
30 41
30 47
30 48
30 49
30 56
30 57
30 60
30 67
30 68
30 69
30 71
30 74
30 75
30 77
30 79
30 81
30 84
30 86
30 87
30 89
30 93
30 95
30 102
30 103
30 105
30 108
30 117
30 121
30 131
30 133
30 142
30 146
30 151
30 161
30 162
30 169
30 170
30 175
30 178
30 184
30 190
30 204
30 209
30 213
30 222
30 223
30 228
30 229
30 242
30 247
30 261
30 272
30 273
30 282
30 285
30 291
30 294
30 307
30 311
30 312
30 339
30 340
30 353
30 362
30 386
30 406
30 415
30 417
30 443
30 507
30 509
30 519
30 541
30 566
30 593
30 603
30 629
30 630
30 643
30 645
30 665
30 670
30 680
30 699
30 718
30 719
30 733
30 741
30 746
30 751
30 752
30 756
30 757
30 761
30 793
30 804
30 834
30 842
30 845
30 857
30 867
30 882
30 887
30 906
30 911
31 33
31 47
31 49
31 51
31 52
31 53
31 55
31 56
31 60
31 62
31 70
31 73
31 75
31 79
31 85
31 86
31 89
31 91
31 98
31 102
31 105
31 107
31 111
31 115
31 138
31 143
31 149
31 165
31 180
31 181
31 201
31 222
31 228
31 234
31 239
31 240
31 244
31 249
31 253
31 259
31 265
31 273
31 280
31 287
31 312
31 337
31 342
31 378
31 388
31 399
31 403
31 419
31 445
31 450
31 458
31 462
31 474
31 496
31 507
31 526
31 527
31 531
31 542
31 543
31 550
31 551
31 576
31 581
31 600
31 602
31 606
31 608
31 613
31 614
31 627
31 628
31 632
31 635
31 640
31 665
31 683
31 692
31 705
31 721
31 765
31 768
31 798
31 806
31 843
31 882
31 884
31 895
31 899
32 34
32 35
32 37
32 43
32 44
32 48
32 49
32 50
32 63
32 68
32 70
32 74
32 79
32 83
32 88
32 89
32 94
32 101
32 102
32 110
32 111
32 124
32 125
32 129
32 133
32 136
32 147
32 150
32 158
32 163
32 174
32 196
32 198
32 228
32 230
32 231
32 232
32 240
32 265
32 273
32 275
32 311
32 316
32 365
32 390
32 399
32 425
32 443
32 454
32 465
32 476
32 477
32 478
32 489
32 514
32 516
32 517
32 519
32 527
32 559
32 561
32 571
32 588
32 610
32 614
32 626
32 631
32 634
32 657
32 675
32 738
32 747
32 773
32 780
32 782
32 789
32 793
32 825
32 829
32 842
32 844
32 861
32 866
32 893
32 906
33 34
33 36
33 39
33 41
33 43
33 50
33 56
33 58
33 59
33 66
33 67
33 68
33 79
33 80
33 88
33 90
33 97
33 106
33 117
33 118
33 119
33 122
33 133
33 134
33 135
33 141
33 143
33 144
33 148
33 151
33 157
33 159
33 160
33 177
33 193
33 197
33 201
33 204
33 205
33 208
33 211
33 221
33 236
33 237
33 240
33 243
33 257
33 268
33 273
33 276
33 301
33 306
33 313
33 314
33 316
33 323
33 327
33 329
33 336
33 338
33 349
33 357
33 360
33 362
33 367
33 371
33 381
33 382
33 396
33 406
33 412
33 431
33 440
33 451
33 483
33 484
33 485
33 495
33 496
33 501
33 516
33 523
33 525
33 536
33 543
33 554
33 560
33 583
33 610
33 623
33 633
33 655
33 656
33 659
33 676
33 684
33 719
33 768
33 825
33 828
33 837
33 839
33 859
33 874
33 924
34 37
34 38
34 43
34 44
34 45
34 46
34 49
34 52
34 61
34 62
34 63
34 64
34 65
34 70
34 76
34 86
34 88
34 97
34 99
34 109
34 111
34 116
34 117
34 122
34 125
34 129
34 133
34 137
34 139
34 153
34 154
34 155
34 162
34 168
34 176
34 199
34 214
34 218
34 223
34 227
34 244
34 251
34 252
34 258
34 265
34 277
34 290
34 295
34 302
34 331
34 354
34 409
34 414
34 415
34 466
34 472
34 504
34 509
34 525
34 528
34 543
34 552
34 561
34 568
34 579
34 593
34 614
34 624
34 631
34 653
34 656
34 664
34 675
34 681
34 687
34 710
34 713
34 734
34 750
34 767
34 789
34 797
34 811
34 813
34 814
34 841
34 851
34 862
34 876
34 879
34 924
35 40
35 45
35 46
35 47
35 50
35 51
35 52
35 53
35 55
35 58
35 62
35 63
35 66
35 84
35 85
35 90
35 99
35 101
35 111
35 114
35 116
35 140
35 147
35 149
35 153
35 159
35 162
35 166
35 177
35 179
35 190
35 191
35 195
35 211
35 224
35 244
35 255
35 267
35 269
35 290
35 319
35 327
35 334
35 348
35 357
35 380
35 392
35 393
35 405
35 411
35 419
35 431
35 442
35 465
35 475
35 481
35 482
35 504
35 512
35 519
35 539
35 543
35 544
35 550
35 554
35 574
35 593
35 607
35 609
35 611
35 613
35 615
35 616
35 632
35 643
35 649
35 672
35 682
35 707
35 714
35 734
35 739
35 743
35 745
35 762
35 766
35 810
35 830
35 832
35 857
35 874
36 39
36 42
36 51
36 53
36 55
36 60
36 61
36 69
36 75
36 82
36 95
36 115
36 117
36 133
36 137
36 140
36 158
36 160
36 165
36 167
36 169
36 198
36 202
36 206
36 214
36 254
36 261
36 263
36 265
36 269
36 275
36 301
36 312
36 331
36 354
36 361
36 363
36 364
36 380
36 382
36 386
36 390
36 394
36 397
36 402
36 408
36 427
36 447
36 465
36 485
36 529
36 544
36 557
36 586
36 591
36 657
36 663
36 668
36 671
36 694
36 707
36 731
36 769
36 779
36 805
36 844
36 875
36 895
36 905
36 913
36 919
37 38
37 39
37 42
37 43
37 50
37 54
37 72
37 74
37 75
37 77
37 80
37 94
37 103
37 107
37 108
37 120
37 122
37 131
37 135
37 143
37 144
37 147
37 148
37 162
37 163
37 172
37 173
37 187
37 202
37 226
37 235
37 263
37 279
37 310
37 315
37 331
37 349
37 364
37 368
37 410
37 420
37 425
37 432
37 441
37 495
37 497
37 520
37 523
37 524
37 528
37 549
37 555
37 562
37 569
37 585
37 587
37 594
37 605
37 614
37 617
37 625
37 627
37 631
37 639
37 647
37 675
37 687
37 718
37 725
37 760
37 817
37 819
37 831
37 868
37 871
37 877
37 880
37 884
37 904
37 924
38 40
38 41
38 48
38 51
38 53
38 54
38 66
38 74
38 82
38 88
38 90
38 96
38 100
38 105
38 110
38 119
38 132
38 137
38 163
38 164
38 171
38 190
38 196
38 197
38 200
38 205
38 217
38 278
38 286
38 289
38 297
38 307
38 312
38 325
38 332
38 337
38 339
38 342
38 360
38 380
38 385
38 387
38 446
38 448
38 452
38 466
38 493
38 508
38 560
38 586
38 610
38 636
38 683
38 697
38 728
38 748
38 754
38 771
38 817
38 826
38 846
38 878
38 891
39 42
39 57
39 71
39 75
39 80
39 84
39 94
39 114
39 116
39 127
39 129
39 130
39 141
39 142
39 146
39 154
39 200
39 211
39 263
39 264
39 265
39 267
39 300
39 344
39 367
39 375
39 403
39 406
39 407
39 451
39 471
39 477
39 484
39 493
39 495
39 515
39 531
39 540
39 550
39 555
39 575
39 590
39 595
39 597
39 623
39 632
39 656
39 719
39 733
39 740
39 767
39 790
39 797
39 822
39 880
39 887
39 908
39 911
39 919
40 44
40 45
40 47
40 51
40 57
40 58
40 61
40 77
40 88
40 89
40 95
40 97
40 98
40 103
40 112
40 116
40 121
40 145
40 146
40 169
40 172
40 173
40 180
40 192
40 196
40 198
40 205
40 207
40 211
40 219
40 220
40 222
40 236
40 251
40 256
40 259
40 265
40 270
40 274
40 288
40 301
40 341
40 397
40 411
40 427
40 430
40 435
40 448
40 462
40 480
40 520
40 524
40 533
40 537
40 588
40 614
40 620
40 622
40 653
40 666
40 693
40 713
40 731
40 742
40 843
40 848
40 900
40 902
40 908
41 49
41 52
41 53
41 54
41 57
41 60
41 66
41 67
41 70
41 74
41 76
41 78
41 79
41 83
41 88
41 92
41 96
41 100
41 102
41 114
41 118
41 121
41 127
41 129
41 157
41 171
41 189
41 197
41 200
41 203
41 210
41 214
41 233
41 235
41 292
41 299
41 300
41 303
41 313
41 326
41 346
41 347
41 369
41 401
41 444
41 450
41 453
41 466
41 480
41 485
41 491
41 497
41 504
41 526
41 559
41 569
41 570
41 575
41 592
41 597
41 598
41 599
41 611
41 612
41 615
41 620
41 628
41 633
41 651
41 653
41 674
41 688
41 694
41 699
41 711
41 741
41 767
41 770
41 773
41 780
41 781
41 799
41 814
41 837
41 856
41 889
41 893
41 904
41 907
41 915
42 44
42 49
42 52
42 53
42 56
42 62
42 63
42 64
42 65
42 72
42 80
42 83
42 84
42 93
42 99
42 102
42 108
42 110
42 116
42 117
42 118
42 135
42 136
42 137
42 158
42 164
42 167
42 172
42 192
42 206
42 226
42 237
42 241
42 266
42 272
42 275
42 276
42 290
42 302
42 337
42 338
42 344
42 347
42 372
42 373
42 389
42 407
42 412
42 416
42 431
42 450
42 466
42 473
42 477
42 515
42 531
42 533
42 549
42 570
42 589
42 607
42 635
42 641
42 652
42 663
42 694
42 736
42 762
42 766
42 821
42 828
42 839
42 848
42 849
42 879
42 884
42 886
42 896
42 915
43 46
43 55
43 59
43 76
43 85
43 87
43 93
43 97
43 100
43 109
43 115
43 120
43 131
43 137
43 147
43 153
43 173
43 179
43 195
43 204
43 226
43 241
43 249
43 256
43 276
43 293
43 294
43 302
43 308
43 310
43 316
43 332
43 336
43 340
43 347
43 348
43 351
43 359
43 362
43 378
43 386
43 392
43 415
43 416
43 424
43 439
43 459
43 474
43 479
43 482
43 499
43 501
43 502
43 538
43 543
43 574
43 620
43 644
43 660
43 767
43 841
43 855
43 878
43 905
44 49
44 50
44 52
44 53
44 54
44 62
44 64
44 66
44 77
44 78
44 85
44 86
44 92
44 99
44 100
44 113
44 131
44 132
44 147
44 150
44 152
44 154
44 159
44 160
44 164
44 168
44 170
44 172
44 176
44 192
44 194
44 234
44 253
44 261
44 272
44 289
44 291
44 321
44 337
44 340
44 360
44 384
44 428
44 443
44 469
44 472
44 475
44 570
44 578
44 588
44 590
44 597
44 606
44 617
44 618
44 649
44 684
44 685
44 688
44 697
44 708
44 709
44 733
44 738
44 748
44 765
44 786
44 790
44 795
44 812
44 818
44 825
44 836
44 840
44 841
44 843
44 848
44 863
44 876
44 901
44 903
44 904
44 917
45 46
45 47
45 48
45 50
45 51
45 56
45 69
45 72
45 73
45 82
45 86
45 90
45 96
45 113
45 121
45 136
45 140
45 151
45 152
45 154
45 158
45 161
45 166
45 182
45 187
45 191
45 195
45 207
45 209
45 231
45 234
45 246
45 259
45 286
45 293
45 303
45 304
45 305
45 313
45 319
45 321
45 343
45 346
45 350
45 354
45 374
45 381
45 384
45 386
45 408
45 409
45 447
45 467
45 476
45 505
45 520
45 521
45 534
45 571
45 578
45 589
45 613
45 614
45 640
45 641
45 685
45 718
45 745
45 762
45 807
45 815
45 834
45 902
45 906
46 53
46 62
46 65
46 74
46 82
46 85
46 95
46 98
46 101
46 102
46 107
46 108
46 110
46 112
46 120
46 128
46 138
46 146
46 147
46 156
46 164
46 169
46 172
46 178
46 186
46 188
46 189
46 196
46 199
46 215
46 222
46 224
46 236
46 237
46 238
46 242
46 251
46 261
46 273
46 281
46 284
46 314
46 328
46 330
46 334
46 347
46 352
46 369
46 370
46 376
46 377
46 380
46 386
46 390
46 401
46 407
46 424
46 428
46 436
46 438
46 498
46 502
46 508
46 539
46 566
46 593
46 612
46 673
46 693
46 698
46 701
46 707
46 732
46 741
46 774
46 811
46 813
46 814
46 837
46 838
46 844
46 846
46 859
46 863
46 867
46 872
46 890
46 899
46 916
46 922
47 64
47 71
47 80
47 81
47 84
47 88
47 92
47 94
47 95
47 101
47 114
47 120
47 130
47 137
47 153
47 161
47 177
47 188
47 193
47 198
47 209
47 234
47 278
47 282
47 293
47 329
47 341
47 400
47 409
47 426
47 449
47 451
47 508
47 524
47 562
47 572
47 619
47 640
47 652
47 690
47 704
47 743
47 789
47 791
47 825
48 50
48 52
48 54
48 56
48 63
48 69
48 70
48 72
48 74
48 76
48 78
48 91
48 92
48 98
48 99
48 101
48 108
48 110
48 118
48 126
48 131
48 134
48 141
48 146
48 160
48 192
48 196
48 206
48 215
48 221
48 222
48 225
48 234
48 235
48 237
48 250
48 253
48 254
48 257
48 266
48 286
48 297
48 301
48 304
48 319
48 330
48 331
48 335
48 338
48 389
48 390
48 391
48 398
48 424
48 433
48 434
48 436
48 447
48 462
48 469
48 476
48 500
48 529
48 530
48 551
48 587
48 589
48 595
48 608
48 636
48 640
48 645
48 650
48 664
48 672
48 685
48 711
48 730
48 733
48 744
48 764
48 771
48 787
48 813
48 821
48 840
48 878
48 888
49 51
49 56
49 59
49 60
49 62
49 69
49 74
49 78
49 81
49 83
49 100
49 105
49 113
49 118
49 122
49 123
49 126
49 133
49 135
49 138
49 140
49 141
49 142
49 173
49 198
49 207
49 212
49 227
49 232
49 234
49 236
49 256
49 257
49 271
49 274
49 288
49 290
49 313
49 334
49 339
49 345
49 346
49 349
49 366
49 371
49 372
49 375
49 377
49 389
49 393
49 400
49 404
49 406
49 416
49 417
49 418
49 432
49 440
49 444
49 445
49 447
49 466
49 475
49 476
49 480
49 486
49 499
49 504
49 558
49 564
49 593
49 624
49 633
49 638
49 650
49 666
49 671
49 727
49 728
49 737
49 740
49 753
49 755
49 764
49 823
49 882
49 905
49 907
49 920
50 52
50 60
50 75
50 81
50 82
50 86
50 91
50 105
50 106
50 113
50 132
50 135
50 157
50 160
50 164
50 167
50 171
50 196
50 197
50 205
50 206
50 210
50 216
50 219
50 222
50 224
50 239
50 244
50 251
50 263
50 296
50 307
50 311
50 312
50 317
50 340
50 366
50 370
50 382
50 399
50 411
50 422
50 424
50 432
50 433
50 472
50 473
50 496
50 498
50 508
50 528
50 529
50 571
50 573
50 598
50 618
50 620
50 625
50 634
50 637
50 653
50 669
50 692
50 701
50 709
50 715
50 719
50 745
50 758
50 768
50 898
50 919
51 52
51 60
51 65
51 77
51 152
51 162
51 168
51 183
51 185
51 197
51 206
51 228
51 243
51 261
51 282
51 283
51 294
51 317
51 327
51 337
51 341
51 376
51 390
51 456
51 522
51 534
51 535
51 562
51 585
51 586
51 598
51 600
51 660
51 701
51 727
51 750
51 755
52 54
52 55
52 59
52 60
52 63
52 68
52 69
52 91
52 107
52 110
52 111
52 121
52 122
52 143
52 144
52 145
52 154
52 160
52 177
52 183
52 199
52 214
52 227
52 235
52 239
52 260
52 274
52 300
52 308
52 320
52 324
52 325
52 327
52 333
52 338
52 339
52 340
52 344
52 345
52 355
52 406
52 416
52 421
52 426
52 432
52 443
52 464
52 491
52 495
52 539
52 548
52 563
52 564
52 601
52 604
52 608
52 638
52 653
52 659
52 664
52 760
52 791
52 808
52 812
52 846
52 851
52 885
52 899
52 905
52 906
53 55
53 57
53 65
53 90
53 91
53 96
53 116
53 120
53 161
53 169
53 176
53 178
53 181
53 182
53 187
53 221
53 230
53 233
53 257
53 305
53 308
53 339
53 342
53 359
53 360
53 385
53 418
53 471
53 477
53 487
53 493
53 550
53 558
53 565
53 624
53 635
53 646
53 723
53 735
53 812
53 861
53 880
53 913
54 84
54 100
54 118
54 119
54 120
54 125
54 127
54 128
54 130
54 139
54 144
54 169
54 196
54 211
54 271
54 273
54 302
54 348
54 375
54 405
54 420
54 459
54 467
54 504
54 592
54 627
54 648
54 651
54 706
54 712
54 723
54 729
54 747
54 797
54 841
54 865
54 880
54 884
54 920
55 57
55 58
55 62
55 63
55 84
55 89
55 90
55 91
55 102
55 122
55 124
55 147
55 149
55 154
55 168
55 183
55 189
55 193
55 209
55 211
55 272
55 299
55 318
55 324
55 360
55 371
55 378
55 394
55 424
55 434
55 482
55 512
55 522
55 537
55 538
55 539
55 588
55 631
55 649
55 652
55 663
55 726
55 741
55 747
55 773
55 788
55 862
55 886
55 923
56 58
56 59
56 62
56 65
56 72
56 75
56 76
56 92
56 97
56 104
56 109
56 115
56 117
56 125
56 134
56 135
56 142
56 144
56 150
56 151
56 170
56 190
56 200
56 225
56 231
56 233
56 257
56 264
56 270
56 277
56 292
56 303
56 304
56 314
56 322
56 325
56 326
56 342
56 344
56 346
56 350
56 366
56 369
56 372
56 373
56 378
56 382
56 388
56 390
56 394
56 399
56 407
56 408
56 409
56 428
56 434
56 444
56 447
56 460
56 461
56 464
56 465
56 466
56 469
56 477
56 500
56 510
56 541
56 549
56 557
56 564
56 623
56 635
56 648
56 652
56 662
56 671
56 700
56 706
56 717
56 728
56 739
56 752
56 753
56 788
56 795
56 808
56 820
56 866
56 885
56 894
56 895
56 913
56 916
57 64
57 66
57 73
57 98
57 108
57 112
57 117
57 149
57 169
57 173
57 193
57 195
57 201
57 205
57 207
57 256
57 264
57 272
57 273
57 309
57 350
57 379
57 381
57 422
57 429
57 446
57 469
57 479
57 486
57 489
57 516
57 527
57 532
57 537
57 539
57 552
57 567
57 586
57 622
57 630
57 637
57 655
57 664
57 667
57 682
57 685
57 689
57 701
57 707
57 737
57 746
57 751
57 760
57 774
57 783
57 784
57 859
57 863
57 906
57 911
58 66
58 67
58 68
58 71
58 72
58 80
58 83
58 84
58 87
58 101
58 108
58 123
58 127
58 129
58 139
58 152
58 160
58 168
58 180
58 186
58 187
58 196
58 199
58 203
58 210
58 218
58 219
58 220
58 231
58 249
58 265
58 267
58 269
58 300
58 351
58 377
58 400
58 414
58 437
58 443
58 459
58 468
58 472
58 476
58 499
58 574
58 575
58 594
58 601
58 607
58 632
58 644
58 655
58 679
58 697
58 714
58 730
58 750
58 760
58 765
58 775
58 780
58 783
58 789
58 794
58 806
58 812
58 842
58 887
58 908
59 62
59 63
59 68
59 72
59 78
59 89
59 98
59 103
59 118
59 123
59 140
59 144
59 165
59 166
59 174
59 178
59 186
59 191
59 200
59 208
59 218
59 219
59 231
59 235
59 242
59 265
59 286
59 302
59 330
59 331
59 356
59 370
59 373
59 380
59 382
59 438
59 475
59 477
59 478
59 497
59 526
59 532
59 579
59 583
59 591
59 593
59 602
59 604
59 615
59 624
59 639
59 649
59 722
59 729
59 734
59 743
59 777
59 873
59 890
60 62
60 96
60 124
60 132
60 134
60 157
60 168
60 174
60 182
60 189
60 200
60 271
60 280
60 304
60 336
60 357
60 412
60 438
60 447
60 452
60 521
60 537
60 567
60 584
60 600
60 613
60 614
60 712
60 718
60 732
60 740
60 754
60 764
60 777
60 809
60 845
61 67
61 76
61 86
61 92
61 93
61 95
61 97
61 102
61 106
61 110
61 111
61 116
61 117
61 125
61 149
61 150
61 152
61 173
61 179
61 182
61 194
61 195
61 218
61 226
61 229
61 250
61 251
61 264
61 293
61 309
61 315
61 342
61 375
61 379
61 399
61 433
61 477
61 545
61 554
61 587
61 660
61 723
61 809
62 71
62 75
62 80
62 81
62 82
62 85
62 87
62 89
62 106
62 119
62 140
62 144
62 149
62 156
62 158
62 160
62 163
62 176
62 178
62 179
62 184
62 185
62 194
62 199
62 200
62 205
62 210
62 219
62 222
62 230
62 236
62 240
62 242
62 269
62 273
62 320
62 326
62 343
62 356
62 368
62 369
62 391
62 396
62 410
62 413
62 423
62 429
62 444
62 445
62 463
62 467
62 487
62 513
62 547
62 568
62 573
62 575
62 579
62 586
62 613
62 660
62 707
62 708
62 714
62 718
62 722
62 735
62 775
62 816
62 819
62 823
62 830
62 853
62 885
63 67
63 77
63 79
63 83
63 109
63 116
63 129
63 136
63 140
63 143
63 151
63 166
63 178
63 184
63 192
63 193
63 195
63 197
63 202
63 212
63 216
63 223
63 225
63 248
63 251
63 259
63 310
63 323
63 331
63 338
63 347
63 355
63 368
63 369
63 396
63 397
63 440
63 446
63 452
63 459
63 478
63 482
63 492
63 530
63 538
63 539
63 568
63 603
63 681
63 736
63 738
63 740
63 742
63 744
63 763
63 797
63 799
63 829
63 857
63 909
64 67
64 68
64 69
64 73
64 86
64 89
64 93
64 94
64 95
64 97
64 101
64 106
64 126
64 131
64 139
64 146
64 154
64 155
64 161
64 169
64 173
64 179
64 188
64 197
64 204
64 216
64 231
64 241
64 247
64 257
64 258
64 259
64 269
64 276
64 284
64 292
64 294
64 307
64 316
64 337
64 348
64 358
64 366
64 373
64 375
64 379
64 384
64 404
64 445
64 464
64 468
64 472
64 474
64 482
64 496
64 512
64 523
64 525
64 528
64 558
64 577
64 587
64 594
64 596
64 599
64 603
64 630
64 634
64 642
64 658
64 666
64 713
64 715
64 720
64 732
64 759
64 775
64 784
64 798
64 801
64 804
64 810
64 826
64 839
64 852
64 853
64 874
64 897
64 904
64 907
65 109
65 124
65 141
65 185
65 193
65 204
65 209
65 214
65 223
65 242
65 258
65 284
65 289
65 305
65 341
65 373
65 438
65 445
65 482
65 499
65 519
65 565
65 571
65 577
65 597
65 601
65 668
65 684
65 702
65 721
65 735
65 777
65 795
65 799
65 842
65 843
65 851
65 864
65 871
66 68
66 70
66 71
66 85
66 94
66 99
66 137
66 166
66 178
66 185
66 219
66 223
66 243
66 267
66 270
66 294
66 313
66 315
66 330
66 372
66 471
66 531
66 545
66 596
66 599
66 610
66 690
66 763
66 855
66 896
66 898
67 69
67 73
67 86
67 91
67 93
67 96
67 103
67 104
67 105
67 110
67 113
67 120
67 127
67 134
67 156
67 160
67 175
67 197
67 230
67 232
67 235
67 249
67 274
67 318
67 376
67 403
67 417
67 469
67 474
67 490
67 502
67 510
67 542
67 548
67 582
67 614
67 618
67 642
67 675
67 686
67 689
67 772
67 779
67 838
67 856
67 893
67 914
68 71
68 108
68 115
68 121
68 160
68 164
68 170
68 173
68 207
68 229
68 248
68 272
68 282
68 284
68 338
68 343
68 348
68 350
68 358
68 374
68 413
68 428
68 432
68 475
68 495
68 506
68 522
68 537
68 539
68 544
68 545
68 611
68 657
68 669
68 738
68 739
68 742
68 748
68 782
68 786
68 849
68 856
68 893
68 899
69 70
69 90
69 118
69 146
69 155
69 178
69 179
69 202
69 221
69 251
69 285
69 311
69 314
69 321
69 354
69 411
69 418
69 537
69 567
69 605
69 671
69 675
69 724
69 749
69 783
69 869
70 81
70 91
70 98
70 105
70 129
70 133
70 137
70 151
70 155
70 165
70 204
70 210
70 213
70 278
70 279
70 294
70 314
70 322
70 328
70 368
70 371
70 376
70 382
70 390
70 422
70 520
70 524
70 534
70 642
70 647
70 650
70 738
70 757
70 761
70 785
70 790
70 807
70 812
70 818
70 828
70 865
71 73
71 100
71 114
71 115
71 124
71 128
71 141
71 154
71 159
71 165
71 166
71 171
71 187
71 188
71 190
71 198
71 212
71 228
71 235
71 266
71 285
71 351
71 363
71 364
71 374
71 383
71 407
71 422
71 438
71 456
71 473
71 481
71 507
71 535
71 568
71 582
71 591
71 599
71 641
71 658
71 707
71 742
71 748
71 770
71 810
71 821
72 81
72 91
72 97
72 101
72 116
72 123
72 130
72 135
72 139
72 145
72 167
72 171
72 182
72 183
72 220
72 221
72 230
72 275
72 296
72 343
72 363
72 400
72 415
72 434
72 442
72 453
72 461
72 480
72 492
72 511
72 513
72 525
72 528
72 546
72 575
72 583
72 593
72 637
72 646
72 664
72 733
72 743
72 747
72 800
72 803
72 873
73 75
73 81
73 88
73 104
73 118
73 150
73 157
73 168
73 170
73 180
73 182
73 190
73 191
73 232
73 237
73 253
73 278
73 287
73 299
73 300
73 303
73 311
73 313
73 340
73 359
73 379
73 393
73 412
73 415
73 440
73 442
73 481
73 492
73 524
73 538
73 587
73 595
73 610
73 653
73 691
73 749
73 754
73 761
73 774
73 812
73 820
73 871
73 875
73 907
74 89
74 90
74 96
74 107
74 112
74 127
74 139
74 171
74 192
74 200
74 208
74 219
74 230
74 231
74 236
74 253
74 289
74 302
74 303
74 326
74 342
74 343
74 377
74 378
74 473
74 537
74 549
74 566
74 573
74 605
74 613
74 622
74 630
74 692
74 721
74 770
74 807
74 876
74 919
75 78
75 85
75 87
75 91
75 106
75 112
75 115
75 122
75 161
75 177
75 183
75 193
75 194
75 198
75 202
75 209
75 215
75 245
75 268
75 274
75 289
75 302
75 312
75 315
75 321
75 337
75 347
75 348
75 377
75 379
75 392
75 396
75 425
75 438
75 473
75 502
75 504
75 506
75 582
75 591
75 626
75 655
75 666
75 700
75 729
75 734
75 739
75 851
75 867
75 877
75 882
75 891
76 92
76 94
76 100
76 108
76 123
76 127
76 147
76 166
76 176
76 184
76 200
76 232
76 233
76 239
76 246
76 260
76 276
76 287
76 299
76 305
76 318
76 334
76 336
76 339
76 340
76 364
76 373
76 387
76 404
76 406
76 442
76 444
76 487
76 489
76 493
76 513
76 548
76 612
76 630
76 637
76 642
76 662
76 684
76 693
76 714
76 724
76 741
76 744
76 774
76 777
76 787
76 833
76 839
76 869
77 79
77 83
77 94
77 100
77 109
77 119
77 122
77 137
77 143
77 147
77 148
77 152
77 159
77 160
77 163
77 172
77 177
77 191
77 207
77 213
77 217
77 231
77 252
77 255
77 259
77 261
77 292
77 301
77 307
77 322
77 350
77 352
77 364
77 369
77 385
77 388
77 418
77 421
77 424
77 440
77 460
77 470
77 479
77 490
77 538
77 543
77 557
77 584
77 588
77 593
77 610
77 611
77 674
77 717
77 720
77 734
77 745
77 772
77 779
77 782
77 808
77 832
77 842
77 853
77 915
78 98
78 100
78 119
78 123
78 130
78 136
78 143
78 146
78 149
78 151
78 152
78 159
78 160
78 162
78 181
78 205
78 225
78 241
78 247
78 268
78 280
78 291
78 298
78 302
78 308
78 322
78 327
78 337
78 345
78 354
78 379
78 403
78 415
78 442
78 451
78 456
78 457
78 462
78 476
78 486
78 500
78 503
78 506
78 515
78 521
78 548
78 551
78 594
78 595
78 598
78 616
78 629
78 645
78 657
78 686
78 705
78 731
78 736
78 754
78 778
78 798
78 847
78 881
78 912
78 923
79 90
79 93
79 96
79 123
79 129
79 149
79 158
79 286
79 346
79 348
79 388
79 425
79 426
79 427
79 489
79 529
79 581
79 591
79 646
79 705
79 728
79 871
79 883
79 910
80 93
80 94
80 95
80 98
80 107
80 109
80 110
80 111
80 121
80 124
80 144
80 160
80 164
80 180
80 183
80 193
80 204
80 205
80 209
80 212
80 213
80 252
80 262
80 263
80 270
80 280
80 284
80 301
80 307
80 343
80 344
80 353
80 371
80 417
80 431
80 472
80 490
80 516
80 518
80 557
80 596
80 625
80 643
80 649
80 697
80 701
80 721
80 744
80 752
80 755
80 765
80 791
80 796
80 810
80 834
80 838
80 860
80 873
80 894
80 900
80 908
81 83
81 86
81 97
81 103
81 107
81 121
81 123
81 145
81 169
81 203
81 264
81 284
81 312
81 318
81 320
81 322
81 343
81 380
81 405
81 410
81 434
81 452
81 456
81 466
81 495
81 499
81 562
81 577
81 581
81 641
81 685
81 690
81 801
81 802
81 813
81 888
81 919
81 920
82 99
82 103
82 121
82 130
82 141
82 159
82 165
82 178
82 185
82 203
82 217
82 229
82 238
82 255
82 273
82 275
82 277
82 279
82 291
82 295
82 321
82 326
82 349
82 355
82 369
82 383
82 388
82 403
82 406
82 408
82 417
82 449
82 451
82 467
82 481
82 487
82 514
82 546
82 574
82 581
82 585
82 641
82 654
82 747
82 773
82 803
82 813
82 919
82 923
83 92
83 110
83 118
83 134
83 144
83 154
83 155
83 168
83 170
83 183
83 192
83 193
83 225
83 243
83 270
83 285
83 287
83 298
83 309
83 325
83 393
83 403
83 440
83 503
83 508
83 525
83 649
83 706
83 708
83 777
83 794
83 817
83 821
83 835
83 908
83 911
84 95
84 105
84 112
84 203
84 212
84 243
84 248
84 251
84 286
84 368
84 427
84 445
84 507
84 516
84 517
84 542
84 561
84 563
84 564
84 573
84 585
84 611
84 620
84 626
84 633
84 667
84 677
84 689
84 701
84 711
84 714
84 717
84 751
84 763
84 810
84 846
84 917
84 922
85 87
85 93
85 135
85 139
85 141
85 143
85 157
85 167
85 177
85 182
85 198
85 235
85 240
85 250
85 256
85 268
85 271
85 272
85 281
85 283
85 290
85 295
85 339
85 345
85 349
85 376
85 395
85 404
85 422
85 434
85 455
85 472
85 479
85 480
85 492
85 503
85 505
85 547
85 588
85 599
85 605
85 616
85 665
85 672
85 677
85 680
85 735
85 769
85 777
85 813
85 822
85 823
85 829
85 890
85 905
85 908
86 87
86 89
86 104
86 113
86 127
86 128
86 141
86 145
86 162
86 185
86 215
86 218
86 219
86 243
86 244
86 253
86 270
86 278
86 279
86 302
86 307
86 330
86 354
86 361
86 369
86 429
86 441
86 446
86 453
86 464
86 491
86 558
86 562
86 563
86 565
86 585
86 648
86 698
86 717
86 844
86 854
86 902
87 106
87 138
87 140
87 170
87 171
87 184
87 192
87 201
87 211
87 215
87 256
87 311
87 328
87 336
87 356
87 365
87 431
87 470
87 484
87 495
87 517
87 589
87 606
87 737
87 789
87 840
87 877
88 92
88 114
88 126
88 137
88 138
88 139
88 152
88 175
88 187
88 210
88 249
88 302
88 314
88 319
88 330
88 399
88 412
88 426
88 441
88 464
88 502
88 522
88 527
88 550
88 594
88 599
88 603
88 605
88 612
88 617
88 621
88 655
88 671
88 697
88 712
88 734
88 735
88 762
88 776
88 784
88 808
88 843
88 854
88 870
88 910
88 917
88 921
89 90
89 128
89 145
89 155
89 185
89 186
89 191
89 210
89 215
89 218
89 242
89 275
89 276
89 277
89 282
89 284
89 309
89 316
89 326
89 351
89 374
89 396
89 405
89 453
89 455
89 464
89 465
89 473
89 498
89 506
89 511
89 527
89 540
89 546
89 595
89 603
89 632
89 668
89 670
89 838
89 841
89 852
89 872
89 897
89 908
90 91
90 112
90 153
90 176
90 190
90 201
90 205
90 226
90 249
90 255
90 274
90 302
90 335
90 338
90 352
90 389
90 399
90 479
90 501
90 510
90 513
90 536
90 572
90 575
90 630
90 635
90 640
90 641
90 684
90 716
90 725
90 759
90 761
90 790
90 803
90 805
90 855
90 898
90 904
91 104
91 165
91 179
91 206
91 246
91 266
91 302
91 305
91 391
91 451
91 525
91 537
91 541
91 544
91 562
91 603
91 623
91 631
91 644
91 667
91 699
91 700
91 723
91 726
91 737
91 750
91 770
91 777
91 811
91 830
91 886
91 892
91 898
91 914
92 102
92 123
92 124
92 176
92 180
92 276
92 284
92 335
92 341
92 385
92 416
92 454
92 462
92 496
92 505
92 517
92 550
92 562
92 589
92 613
92 635
92 699
92 795
92 805
92 810
92 825
92 900
93 105
93 112
93 119
93 139
93 143
93 152
93 159
93 174
93 178
93 179
93 196
93 222
93 224
93 241
93 247
93 257
93 259
93 260
93 268
93 290
93 294
93 295
93 317
93 351
93 371
93 372
93 402
93 414
93 451
93 480
93 497
93 518
93 534
93 587
93 598
93 647
93 672
93 680
93 688
93 716
93 730
93 816
93 822
93 836
93 848
93 877
93 886
93 892
93 919
94 110
94 151
94 217
94 224
94 333
94 381
94 447
94 530
94 544
94 554
94 575
94 694
94 717
94 724
94 821
94 847
95 103
95 113
95 115
95 119
95 130
95 134
95 161
95 165
95 175
95 176
95 178
95 216
95 218
95 250
95 251
95 259
95 268
95 283
95 284
95 299
95 315
95 335
95 338
95 353
95 357
95 393
95 399
95 402
95 421
95 427
95 448
95 449
95 483
95 491
95 515
95 528
95 529
95 554
95 563
95 575
95 592
95 646
95 650
95 667
95 684
95 690
95 743
95 756
95 780
95 786
95 802
95 807
95 847
95 853
95 874
95 885
95 912
96 97
96 99
96 117
96 138
96 141
96 151
96 153
96 159
96 167
96 217
96 221
96 235
96 236
96 247
96 258
96 267
96 315
96 375
96 402
96 410
96 413
96 442
96 444
96 469
96 485
96 501
96 509
96 514
96 515
96 526
96 529
96 540
96 546
96 572
96 591
96 672
96 758
96 793
96 823
96 838
96 860
96 871
96 894
96 921
97 108
97 114
97 138
97 162
97 174
97 179
97 186
97 189
97 250
97 274
97 345
97 355
97 357
97 396
97 409
97 459
97 542
97 556
97 560
97 625
97 656
97 702
97 713
97 727
97 729
97 766
97 794
97 827
97 834
97 888
97 898
98 103
98 105
98 107
98 143
98 163
98 168
98 185
98 243
98 262
98 282
98 289
98 291
98 310
98 316
98 334
98 371
98 376
98 387
98 423
98 435
98 445
98 473
98 485
98 515
98 568
98 605
98 618
98 658
98 666
98 775
98 781
98 791
98 844
98 858
98 869
98 882
98 914
98 918
99 113
99 114
99 116
99 118
99 122
99 141
99 163
99 176
99 177
99 181
99 195
99 200
99 215
99 275
99 298
99 329
99 367
99 374
99 394
99 395
99 447
99 461
99 470
99 494
99 505
99 550
99 598
99 649
99 660
99 705
99 715
99 717
99 755
99 771
99 825
99 860
100 102
100 134
100 136
100 183
100 189
100 192
100 217
100 305
100 372
100 425
100 456
100 490
100 632
100 648
100 703
100 727
100 770
100 824
100 830
100 884
101 102
101 119
101 133
101 157
101 171
101 177
101 185
101 197
101 219
101 232
101 234
101 264
101 278
101 299
101 307
101 326
101 342
101 354
101 368
101 378
101 428
101 430
101 435
101 461
101 464
101 480
101 483
101 543
101 680
101 735
101 804
101 806
101 855
101 872
101 914
102 108
102 137
102 161
102 163
102 169
102 170
102 172
102 226
102 230
102 257
102 278
102 279
102 384
102 395
102 403
102 408
102 449
102 457
102 510
102 527
102 534
102 576
102 603
102 673
102 727
102 740
102 794
102 815
102 906
103 120
103 126
103 135
103 154
103 165
103 170
103 182
103 185
103 187
103 188
103 200
103 213
103 222
103 226
103 227
103 254
103 264
103 293
103 309
103 327
103 370
103 396
103 414
103 426
103 431
103 441
103 456
103 459
103 469
103 486
103 520
103 532
103 559
103 569
103 584
103 596
103 620
103 651
103 665
103 678
103 679
103 691
103 788
103 790
103 800
103 801
103 804
104 114
104 144
104 174
104 180
104 232
104 252
104 297
104 325
104 332
104 346
104 390
104 411
104 419
104 422
104 432
104 446
104 471
104 521
104 522
104 534
104 550
104 560
104 576
104 627
104 640
104 708
104 825
104 826
104 863
104 864
104 883
104 887
104 917
105 107
105 120
105 147
105 154
105 156
105 194
105 202
105 224
105 233
105 281
105 287
105 327
105 346
105 355
105 386
105 409
105 414
105 415
105 428
105 433
105 434
105 440
105 487
105 538
105 578
105 590
105 610
105 672
105 673
105 686
105 706
105 762
105 787
105 791
105 794
105 874
105 895
105 897
106 108
106 143
106 147
106 173
106 193
106 206
106 211
106 251
106 268
106 269
106 278
106 279
106 283
106 298
106 304
106 311
106 328
106 345
106 365
106 373
106 378
106 383
106 396
106 416
106 438
106 535
106 577
106 595
106 611
106 654
106 681
106 692
106 728
106 785
106 788
106 801
106 841
107 129
107 132
107 138
107 145
107 166
107 186
107 192
107 197
107 199
107 220
107 222
107 223
107 232
107 238
107 264
107 286
107 319
107 375
107 376
107 382
107 405
107 412
107 453
107 485
107 497
107 503
107 517
107 545
107 573
107 717
107 748
107 790
107 816
107 826
107 875
107 900
107 917
107 920
108 147
108 148
108 174
108 175
108 281
108 297
108 349
108 363
108 489
108 560
108 732
108 802
108 894
109 115
109 123
109 124
109 138
109 140
109 165
109 196
109 227
109 255
109 256
109 275
109 284
109 286
109 305
109 350
109 481
109 486
109 526
109 543
109 581
109 604
109 661
109 683
109 696
109 821
109 849
109 895
110 119
110 132
110 136
110 150
110 160
110 175
110 180
110 181
110 198
110 288
110 296
110 309
110 324
110 349
110 384
110 426
110 503
110 547
110 564
110 645
110 801
110 854
111 131
111 134
111 153
111 184
111 191
111 250
111 267
111 272
111 281
111 284
111 317
111 322
111 328
111 342
111 347
111 349
111 364
111 399
111 442
111 461
111 481
111 554
111 579
111 587
111 630
111 647
111 746
111 768
111 789
111 799
111 818
111 891
111 924
112 116
112 131
112 150
112 158
112 161
112 178
112 214
112 241
112 301
112 329
112 341
112 344
112 365
112 378
112 383
112 388
112 390
112 391
112 409
112 423
112 468
112 490
112 518
112 525
112 535
112 537
112 546
112 554
112 620
112 622
112 633
112 660
112 675
112 701
112 839
112 868
113 117
113 122
113 171
113 186
113 201
113 215
113 225
113 228
113 238
113 288
113 292
113 317
113 321
113 330
113 402
113 405
113 431
113 496
113 511
113 523
113 534
113 547
113 556
113 659
113 666
113 690
113 703
113 724
113 764
113 769
113 779
113 836
113 841
113 861
113 862
113 895
113 906
113 909
114 121
114 142
114 150
114 158
114 161
114 167
114 174
114 200
114 256
114 281
114 288
114 297
114 305
114 361
114 389
114 528
114 571
114 602
114 750
114 795
114 834
114 851
115 148
115 184
115 209
115 266
115 306
115 340
115 357
115 412
115 463
115 550
115 601
115 617
115 651
115 659
115 696
115 699
115 726
115 760
115 901
116 120
116 134
116 152
116 176
116 178
116 187
116 208
116 214
116 217
116 218
116 227
116 246
116 268
116 361
116 368
116 413
116 461
116 477
116 490
116 492
116 493
116 500
116 529
116 543
116 546
116 635
116 645
116 676
116 682
116 753
116 755
116 765
116 770
116 779
116 848
116 850
116 871
116 912
117 149
117 151
117 156
117 158
117 166
117 172
117 189
117 195
117 228
117 234
117 255
117 257
117 269
117 282
117 289
117 320
117 397
117 424
117 453
117 472
117 514
117 555
117 570
117 574
117 808
117 812
117 829
117 910
118 157
118 186
118 198
118 200
118 216
118 231
118 259
118 262
118 306
118 329
118 340
118 354
118 356
118 359
118 384
118 399
118 413
118 417
118 452
118 505
118 587
118 595
118 600
118 612
118 664
118 703
118 715
118 779
118 787
118 800
118 802
118 809
118 833
118 877
119 130
119 213
119 239
119 247
119 255
119 259
119 309
119 345
119 356
119 372
119 389
119 401
119 441
119 445
119 601
119 626
119 634
119 656
119 697
119 724
119 795
119 855
119 857
120 168
120 190
120 220
120 247
120 296
120 376
120 518
120 537
120 541
120 572
120 603
120 622
120 659
120 710
120 711
120 892
120 902
121 147
121 203
121 204
121 228
121 244
121 269
121 285
121 300
121 311
121 325
121 331
121 335
121 395
121 419
121 420
121 564
121 584
121 622
121 636
121 895
121 918
122 124
122 136
122 158
122 200
122 203
122 227
122 247
122 260
122 291
122 300
122 315
122 318
122 322
122 354
122 365
122 392
122 393
122 458
122 499
122 503
122 541
122 647
122 657
122 687
122 719
122 750
122 758
122 781
122 797
122 850
122 871
122 890
122 916
123 130
123 172
123 186
123 208
123 212
123 213
123 242
123 248
123 277
123 359
123 411
123 423
123 458
123 482
123 501
123 610
123 670
123 679
123 708
123 732
123 744
123 793
123 831
123 833
123 867
123 907
123 920
124 127
124 138
124 250
124 401
124 403
124 421
124 458
124 489
124 517
124 588
124 598
124 599
124 614
124 640
124 650
124 657
124 696
124 805
124 832
124 873
124 885
124 898
124 922
125 143
125 144
125 155
125 172
125 210
125 245
125 246
125 280
125 429
125 448
125 481
125 518
125 526
125 529
125 658
125 672
125 766
125 773
125 830
125 846
125 858
125 867
125 876
125 878
126 153
126 170
126 209
126 214
126 215
126 238
126 244
126 277
126 317
126 321
126 323
126 347
126 405
126 416
126 503
126 549
126 570
126 753
126 783
126 855
127 143
127 215
127 224
127 229
127 234
127 249
127 260
127 272
127 288
127 297
127 306
127 307
127 336
127 365
127 382
127 440
127 482
127 501
127 509
127 521
127 590
127 615
127 636
127 639
127 653
127 673
127 695
127 774
127 914
127 915
128 133
128 137
128 179
128 220
128 258
128 268
128 270
128 271
128 281
128 291
128 300
128 324
128 332
128 382
128 401
128 421
128 463
128 465
128 475
128 533
128 550
128 559
128 583
128 588
128 657
128 664
128 671
128 722
128 748
128 877
128 918
129 142
129 156
129 187
129 217
129 226
129 239
129 240
129 301
129 308
129 351
129 395
129 471
129 488
129 500
129 555
129 581
129 595
129 669
129 677
129 771
129 878
129 900
130 136
130 144
130 146
130 148
130 156
130 181
130 186
130 226
130 319
130 337
130 444
130 462
130 479
130 486
130 522
130 527
130 544
130 563
130 581
130 589
130 601
130 652
130 676
130 702
130 721
130 726
130 749
130 857
130 878
131 135
131 206
131 291
131 305
131 315
131 356
131 426
131 429
131 448
131 478
131 515
131 522
131 555
131 562
131 587
131 773
131 787
131 847
131 868
131 896
132 148
132 149
132 164
132 167
132 193
132 198
132 208
132 210
132 216
132 224
132 248
132 340
132 353
132 361
132 430
132 465
132 474
132 489
132 507
132 586
132 636
132 672
132 677
132 821
132 867
132 892
133 145
133 165
133 181
133 188
133 218
133 232
133 244
133 256
133 263
133 264
133 275
133 280
133 281
133 287
133 336
133 346
133 364
133 369
133 375
133 418
133 432
133 460
133 465
133 472
133 498
133 523
133 541
133 551
133 573
133 576
133 577
133 588
133 634
133 642
133 644
133 667
133 757
133 770
133 791
133 849
133 882
133 886
133 901
133 915
134 138
134 161
134 169
134 177
134 182
134 194
134 227
134 246
134 298
134 386
134 456
134 491
134 505
134 543
134 647
134 654
134 725
134 770
135 148
135 176
135 212
135 229
135 283
135 287
135 292
135 321
135 325
135 499
135 529
135 544
135 601
135 626
135 706
135 720
135 771
135 779
135 794
135 892
135 907
136 188
136 199
136 237
136 267
136 328
136 368
136 384
136 398
136 436
136 463
136 497
136 554
136 577
136 582
136 633
136 675
136 694
136 719
136 746
136 757
136 762
136 774
136 800
136 812
136 867
137 140
137 155
137 169
137 172
137 182
137 194
137 220
137 223
137 247
137 252
137 278
137 337
137 341
137 348
137 353
137 389
137 398
137 426
137 460
137 493
137 497
137 515
137 648
137 748
137 756
137 788
137 810
137 857
138 157
138 166
138 169
138 184
138 191
138 194
138 199
138 207
138 230
138 236
138 262
138 264
138 339
138 345
138 348
138 363
138 402
138 405
138 482
138 524
138 544
138 560
138 577
138 578
138 581
138 620
138 631
138 728
138 756
138 887
139 141
139 146
139 215
139 222
139 229
139 243
139 278
139 283
139 383
139 410
139 427
139 441
139 442
139 471
139 509
139 534
139 670
139 762
139 768
139 859
139 884
139 897
139 916
140 142
140 153
140 154
140 170
140 175
140 246
140 260
140 306
140 327
140 379
140 401
140 425
140 552
140 605
140 609
140 641
140 694
140 843
140 855
140 879
140 920
141 149
141 167
141 173
141 196
141 206
141 224
141 245
141 252
141 257
141 284
141 295
141 304
141 322
141 323
141 335
141 372
141 379
141 380
141 398
141 406
141 407
141 430
141 436
141 460
141 462
141 467
141 479
141 490
141 536
141 561
141 598
141 607
141 609
141 672
141 673
141 735
141 793
141 796
141 806
141 825
141 852
141 862
141 866
141 888
142 159
142 164
142 201
142 220
142 240
142 280
142 332
142 353
142 375
142 381
142 385
142 401
142 439
142 457
142 512
142 542
142 563
142 674
142 681
142 686
142 711
142 801
142 821
143 153
143 166
143 214
143 252
143 254
143 260
143 477
143 489
143 524
143 542
143 662
143 724
143 799
143 858
143 897
144 171
144 175
144 182
144 201
144 206
144 274
144 308
144 324
144 328
144 365
144 368
144 374
144 429
144 437
144 449
144 510
144 515
144 586
144 757
144 886
144 906
144 910
145 194
145 252
145 258
145 263
145 298
145 348
145 410
145 416
145 556
145 563
145 604
145 713
145 746
145 763
145 772
145 776
145 778
145 816
145 818
145 885
145 907
146 148
146 166
146 206
146 210
146 229
146 239
146 244
146 254
146 269
146 272
146 281
146 298
146 334
146 344
146 392
146 412
146 437
146 493
146 508
146 521
146 523
146 535
146 598
146 601
146 719
146 730
146 734
146 743
146 771
146 775
146 779
146 780
146 811
146 824
146 850
146 864
146 871
146 872
146 881
146 909
147 156
147 175
147 231
147 244
147 266
147 332
147 346
147 370
147 398
147 413
147 417
147 418
147 490
147 511
147 516
147 521
147 542
147 622
147 690
147 761
147 817
147 843
147 864
147 865
147 886
147 904
148 156
148 157
148 161
148 165
148 231
148 243
148 263
148 402
148 423
148 437
148 487
148 496
148 619
148 656
148 696
148 751
148 789
148 898
149 179
149 195
149 203
149 208
149 261
149 325
149 360
149 366
149 369
149 414
149 421
149 455
149 626
149 628
149 639
149 654
149 662
149 742
149 778
149 811
149 847
149 856
149 857
149 889
149 904
150 208
150 249
150 257
150 312
150 321
150 377
150 383
150 459
150 535
150 552
150 564
150 589
150 615
150 640
150 678
150 693
150 712
150 713
150 736
150 754
150 911
151 155
151 223
151 228
151 246
151 247
151 249
151 252
151 292
151 303
151 507
151 546
151 565
151 574
151 648
151 658
151 668
151 701
151 830
151 831
151 859
151 865
151 895
151 911
152 173
152 182
152 202
152 245
152 255
152 281
152 304
152 323
152 356
152 425
152 444
152 455
152 470
152 503
152 561
152 700
152 725
152 732
152 756
152 807
152 827
152 915
153 163
153 164
153 217
153 232
153 233
153 252
153 261
153 316
153 320
153 360
153 364
153 417
153 422
153 437
153 460
153 494
153 512
153 538
153 556
153 677
153 688
153 703
153 717
153 727
153 746
153 751
153 777
154 202
154 265
154 313
154 368
154 403
154 413
154 494
154 592
154 607
154 700
154 760
154 807
154 864
155 165
155 167
155 214
155 245
155 254
155 269
155 311
155 333
155 344
155 349
155 350
155 363
155 378
155 390
155 494
155 497
155 501
155 504
155 515
155 552
155 559
155 610
155 628
155 744
155 810
155 848
155 870
156 207
156 241
156 293
156 347
156 396
156 401
156 407
156 409
156 450
156 507
156 688
156 827
156 873
157 216
157 217
157 229
157 304
157 308
157 351
157 353
157 378
157 386
157 398
157 465
157 499
157 522
157 565
157 646
157 730
157 746
157 798
157 849
157 894
158 164
158 183
158 187
158 191
158 220
158 221
158 236
158 248
158 283
158 322
158 335
158 352
158 355
158 389
158 446
158 482
158 488
158 526
158 531
158 553
158 557
158 563
158 579
158 582
158 597
158 625
158 626
158 628
158 667
158 685
158 687
158 730
158 743
158 775
158 808
158 842
158 857
158 868
158 903
158 920
159 161
159 241
159 242
159 253
159 336
159 351
159 375
159 395
159 422
159 505
159 530
159 549
159 579
159 589
159 839
159 911
160 168
160 174
160 188
160 258
160 313
160 317
160 333
160 354
160 369
160 386
160 391
160 403
160 434
160 454
160 459
160 506
160 600
160 614
160 622
160 634
160 685
160 725
160 728
160 852
160 885
161 174
161 190
161 195
161 238
161 265
161 267
161 328
161 365
161 369
161 394
161 407
161 439
161 458
161 470
161 508
161 514
161 519
161 526
161 639
161 670
161 723
161 742
161 784
161 838
161 875
161 907
162 187
162 192
162 223
162 225
162 226
162 436
162 439
162 518
162 537
162 556
162 566
162 584
162 591
162 597
162 774
162 910
162 914
163 180
163 209
163 210
163 216
163 247
163 285
163 317
163 318
163 331
163 332
163 382
163 420
163 436
163 505
163 621
163 648
163 673
163 677
163 711
163 801
163 807
163 808
163 836
163 866
163 913
164 188
164 192
164 229
164 259
164 364
164 490
164 564
164 597
164 638
164 706
165 185
165 193
165 201
165 206
165 226
165 236
165 262
165 312
165 314
165 329
165 338
165 348
165 363
165 409
165 427
165 472
165 493
165 495
165 541
165 576
165 596
165 621
165 637
165 666
165 679
165 689
165 710
165 733
165 765
165 796
165 805
165 825
165 911
165 913
166 190
166 217
166 228
166 304
166 307
166 336
166 380
166 384
166 407
166 412
166 415
166 612
166 620
166 691
166 747
166 769
166 779
166 873
167 198
167 221
167 233
167 249
167 274
167 319
167 333
167 348
167 349
167 394
167 407
167 411
167 433
167 478
167 548
167 572
167 621
167 662
168 172
168 201
168 204
168 216
168 283
168 312
168 324
168 362
168 397
168 400
168 423
168 428
168 445
168 479
168 488
168 520
168 569
168 574
168 602
168 607
168 624
168 704
168 712
168 728
168 749
168 756
168 915
169 174
169 187
169 192
169 224
169 240
169 243
169 246
169 258
169 292
169 347
169 384
169 443
169 476
169 485
169 587
169 592
169 612
169 716
169 740
169 767
169 787
169 809
169 891
170 186
170 247
170 250
170 258
170 266
170 279
170 288
170 319
170 355
170 441
170 458
170 502
170 511
170 609
170 646
170 653
170 720
170 733
170 788
170 801
170 820
171 186
171 197
171 203
171 271
171 288
171 291
171 343
171 370
171 383
171 416
171 435
171 651
171 664
171 709
171 712
171 885
171 903
172 225
172 260
172 267
172 350
172 364
172 367
172 431
172 441
172 474
172 506
172 533
172 557
172 607
172 681
172 682
172 697
172 768
172 795
172 798
172 813
172 834
172 869
172 873
172 891
172 913
173 191
173 192
173 194
173 238
173 263
173 311
173 321
173 323
173 395
173 406
173 423
173 448
173 453
173 467
173 500
173 505
173 528
173 564
173 609
173 626
173 827
173 835
173 888
174 203
174 208
174 237
174 239
174 241
174 261
174 262
174 270
174 289
174 364
174 415
174 433
174 490
174 700
174 748
174 786
174 795
174 796
174 798
174 844
175 189
175 204
175 211
175 216
175 225
175 227
175 249
175 255
175 304
175 305
175 364
175 365
175 404
175 466
175 468
175 470
175 472
175 525
175 554
175 570
175 600
175 612
175 674
175 679
175 855
175 879
175 881
175 907
175 910
175 913
176 183
176 186
176 205
176 218
176 268
176 318
176 329
176 330
176 362
176 371
176 410
176 538
176 553
176 568
176 608
176 615
176 648
176 805
176 843
176 918
177 310
177 330
177 350
177 433
177 480
177 585
177 630
177 856
178 202
178 281
178 292
178 302
178 408
178 444
178 450
178 544
178 569
178 608
178 700
178 713
178 769
178 792
178 802
179 180
179 193
179 236
179 296
179 308
179 385
179 401
179 429
179 488
179 494
179 531
179 549
179 550
179 685
179 716
179 871
179 876
179 911
180 181
180 182
180 191
180 206
180 224
180 233
180 250
180 269
180 271
180 274
180 276
180 280
180 296
180 334
180 353
180 385
180 494
180 502
180 538
180 539
180 581
180 607
180 654
180 668
180 679
180 723
180 764
180 846
180 876
181 209
181 222
181 240
181 254
181 290
181 303
181 308
181 310
181 341
181 358
181 413
181 583
181 644
181 674
181 700
181 705
181 767
181 804
181 823
181 850
181 904
182 231
182 296
182 301
182 312
182 321
182 323
182 392
182 432
182 448
182 488
182 578
182 606
182 763
182 834
183 185
183 213
183 232
183 254
183 260
183 263
183 264
183 284
183 314
183 342
183 445
183 449
183 475
183 498
183 534
183 626
183 701
183 709
183 713
183 736
183 744
183 783
183 848
183 891
184 253
184 364
184 413
184 609
184 624
184 683
184 727
184 772
184 832
184 858
184 901
184 904
184 910
185 202
185 222
185 240
185 261
185 266
185 275
185 276
185 335
185 336
185 337
185 346
185 349
185 367
185 494
185 548
185 553
185 590
185 645
185 687
185 703
185 737
185 739
185 792
185 795
186 201
186 246
186 253
186 307
186 326
186 383
186 433
186 475
186 507
186 544
186 573
186 578
186 602
186 673
186 689
186 696
186 708
186 745
186 762
186 814
186 840
186 906
187 188
187 211
187 213
187 250
187 294
187 381
187 526
187 533
187 550
187 610
187 668
187 718
187 771
188 213
188 221
188 285
188 353
188 458
188 474
188 580
188 584
188 637
188 668
188 686
188 707
188 864
189 191
189 211
189 235
189 268
189 371
189 376
189 382
189 414
189 424
189 430
189 505
189 508
189 541
189 558
189 568
189 594
189 600
189 609
189 613
189 615
189 640
189 760
189 773
189 790
189 793
189 814
189 840
189 882
189 909
190 219
190 301
190 352
190 467
190 626
190 707
190 798
190 824
190 828
190 837
190 902
191 213
191 235
191 245
191 259
191 356
191 376
191 504
191 592
191 612
191 654
191 702
191 903
191 908
192 201
192 207
192 215
192 227
192 249
192 262
192 278
192 324
192 359
192 394
192 419
192 454
192 461
192 492
192 837
192 910
193 197
193 200
193 238
193 239
193 242
193 320
193 360
193 361
193 376
193 392
193 393
193 398
193 548
193 678
193 705
193 708
193 726
193 737
193 740
193 799
193 802
193 831
194 223
194 293
194 303
194 334
194 363
194 371
194 399
194 421
194 541
194 611
194 711
194 731
194 753
194 804
194 842
195 245
195 248
195 249
195 351
195 358
195 376
195 488
195 499
195 500
195 522
195 625
195 697
195 706
195 708
195 808
195 875
195 893
196 237
196 245
196 311
196 339
196 372
196 487
196 532
196 593
196 708
196 710
196 793
197 210
197 248
197 260
197 319
197 343
197 376
197 383
197 388
197 399
197 428
197 431
197 453
197 461
197 476
197 480
197 492
197 493
197 527
197 533
197 548
197 595
197 598
197 599
197 608
197 626
197 627
197 636
197 871
197 897
197 899
197 912
198 204
198 225
198 267
198 271
198 288
198 348
198 355
198 358
198 360
198 367
198 411
198 434
198 480
198 530
198 544
198 557
198 604
198 613
198 687
198 728
198 745
198 868
198 915
199 218
199 252
199 281
199 357
199 365
199 388
199 402
199 423
199 517
199 531
199 532
199 580
199 623
199 643
199 661
199 730
199 811
199 890
199 900
199 906
199 921
199 922
200 202
200 240
200 266
200 336
200 356
200 420
200 471
200 541
200 565
200 574
200 595
200 604
200 691
200 726
200 774
200 799
200 822
200 913
201 230
201 236
201 254
201 262
201 272
201 293
201 304
201 306
201 346
201 359
201 385
201 393
201 411
201 420
201 431
201 454
201 460
201 463
201 474
201 510
201 529
201 536
201 587
201 625
201 644
201 688
201 711
201 712
201 739
201 763
201 764
201 828
201 837
201 900
202 221
202 275
202 279
202 285
202 292
202 329
202 343
202 404
202 448
202 451
202 500
202 520
202 552
202 616
202 676
202 682
202 689
202 757
202 780
202 879
202 890
203 204
203 226
203 233
203 253
203 334
203 367
203 435
203 438
203 444
203 454
203 470
203 494
203 514
203 543
203 607
203 617
203 642
203 819
203 862
204 250
204 280
204 316
204 336
204 353
204 566
204 575
204 621
205 207
205 247
205 259
205 266
205 300
205 302
205 307
205 308
205 310
205 325
205 370
205 439
205 483
205 566
205 577
205 586
205 697
205 763
205 897
205 901
206 213
206 260
206 262
206 318
206 321
206 372
206 378
206 391
206 405
206 457
206 474
206 622
206 630
206 665
206 676
206 796
206 817
206 878
206 880
206 899
207 209
207 222
207 229
207 237
207 254
207 278
207 342
207 380
207 400
207 418
207 486
207 489
207 567
207 644
207 682
207 697
207 702
207 751
207 846
207 888
207 894
207 910
208 230
208 336
208 361
208 387
208 491
208 584
208 672
208 702
209 218
209 221
209 222
209 233
209 237
209 327
209 387
209 525
209 559
209 565
209 581
209 585
209 616
209 829
210 243
210 245
210 275
210 297
210 309
210 316
210 339
210 357
210 421
210 423
210 463
210 466
210 483
210 591
210 618
210 639
210 663
210 759
210 772
210 788
210 802
210 804
210 819
210 892
211 235
211 270
211 285
211 309
211 419
211 475
211 574
211 721
211 734
211 780
211 832
211 841
211 881
212 220
212 292
212 308
212 464
212 533
212 573
212 578
212 673
212 683
212 722
212 804
212 924
213 239
213 286
213 305
213 318
213 342
213 354
213 362
213 397
213 424
213 433
213 469
213 512
213 532
213 544
213 647
213 682
213 772
213 794
213 806
213 845
213 894
214 217
214 296
214 315
214 330
214 331
214 332
214 362
214 380
214 381
214 388
214 392
214 399
214 401
214 404
214 428
214 429
214 523
214 541
214 570
214 576
214 604
214 623
214 652
214 706
214 729
214 772
214 817
214 827
215 405
215 412
215 418
215 688
215 690
215 710
215 814
215 856
216 218
216 264
216 315
216 324
216 326
216 389
216 562
216 631
216 701
216 861
217 223
217 248
217 255
217 256
217 266
217 328
217 335
217 341
217 400
217 408
217 413
217 439
217 446
217 479
217 483
217 501
217 511
217 541
217 556
217 584
217 692
217 773
217 789
217 823
217 911
217 919
218 230
218 232
218 248
218 298
218 340
218 347
218 372
218 375
218 381
218 404
218 423
218 559
218 652
218 810
218 828
219 238
219 248
219 255
219 257
219 434
219 446
219 549
219 607
219 615
219 664
219 678
219 873
219 911
220 228
220 286
220 306
220 353
220 414
220 419
220 461
220 573
220 655
220 665
220 696
220 698
220 785
220 809
220 822
220 823
220 828
220 835
220 854
220 894
221 244
221 252
221 287
221 299
221 312
221 316
221 331
221 356
221 358
221 362
221 403
221 404
221 408
221 468
221 494
221 519
221 536
221 550
221 556
221 560
221 583
221 596
221 680
221 695
221 709
221 710
221 731
221 815
221 816
221 866
221 901
222 238
222 324
222 358
222 360
222 370
222 393
222 445
222 456
222 485
222 590
222 636
222 737
222 764
222 858
222 919
223 253
223 274
223 323
223 342
223 366
223 370
223 378
223 391
223 394
223 408
223 442
223 481
223 491
223 551
223 639
223 646
223 663
223 665
223 706
223 731
223 795
223 837
223 841
223 849
223 879
223 922
224 278
224 300
224 310
224 350
224 360
224 449
224 467
224 489
224 506
224 635
224 656
224 750
224 756
224 814
224 829
224 837
224 884
224 912
225 237
225 251
225 266
225 271
225 304
225 309
225 418
225 500
225 502
225 508
225 513
225 634
225 694
225 741
225 759
225 797
225 807
225 853
225 856
225 915
226 239
226 262
226 296
226 300
226 365
226 512
226 606
226 641
226 685
226 715
226 721
226 837
226 850
226 900
226 917
227 251
227 258
227 263
227 299
227 308
227 326
227 345
227 379
227 402
227 491
227 493
227 519
227 540
227 548
227 553
227 635
227 746
227 786
228 241
228 266
228 295
228 309
228 371
228 407
228 451
228 483
228 521
228 552
228 568
228 570
228 586
228 602
228 662
228 717
228 730
228 758
228 822
229 286
229 414
229 437
229 443
229 496
229 503
229 765
229 769
230 354
230 483
230 545
230 621
230 703
230 840
231 260
231 277
231 352
231 374
231 389
231 475
231 547
231 613
231 642
231 649
231 679
231 712
231 727
231 739
231 805
232 277
232 312
232 317
232 395
232 513
232 528
232 580
232 667
232 688
232 776
232 792
232 803
232 847
232 848
233 273
233 293
233 325
233 438
233 466
233 468
233 502
233 605
233 651
233 733
233 831
233 849
233 850
233 881
234 248
234 249
234 250
234 287
234 341
234 403
234 551
234 642
234 660
234 734
235 280
235 299
235 300
235 302
235 333
235 374
235 427
235 463
235 543
235 652
235 709
235 713
235 731
235 733
235 800
235 848
235 878
236 238
236 256
236 266
236 318
236 320
236 340
236 373
236 413
236 457
236 475
236 492
236 507
236 560
236 602
236 701
236 783
236 846
237 277
237 344
237 385
237 410
237 429
237 441
237 449
237 470
237 491
237 563
237 614
237 753
237 762
237 799
238 246
238 310
238 313
238 436
238 509
238 514
238 609
238 721
238 733
238 758
238 921
239 254
239 256
239 282
239 314
239 318
239 361
239 468
239 639
239 776
239 921
240 295
240 345
240 363
240 377
240 441
240 468
240 499
240 532
240 629
240 663
240 670
240 825
240 839
241 366
241 391
241 428
241 484
241 529
241 695
241 719
241 750
241 830
241 887
241 918
242 266
242 269
242 320
242 326
242 327
242 368
242 375
242 396
242 478
242 523
242 540
242 565
242 586
242 597
242 599
242 665
242 671
242 677
242 713
242 716
242 751
242 786
242 811
242 854
243 288
243 306
243 374
243 386
243 459
243 464
243 547
243 574
243 578
243 608
243 695
243 698
243 861
243 887
244 248
244 319
244 394
244 397
244 420
244 494
244 507
244 588
244 634
244 648
244 739
244 754
244 782
244 849
244 896
245 260
245 273
245 323
245 333
245 359
245 400
245 479
245 533
245 692
245 803
245 828
245 840
245 869
246 252
246 318
246 380
246 421
246 446
246 449
246 491
246 505
246 515
246 517
246 530
246 579
246 589
246 616
246 683
246 695
246 704
246 706
246 785
246 804
246 809
247 250
247 257
247 340
247 357
247 377
247 381
247 382
247 409
247 416
247 531
247 537
247 553
247 575
247 647
247 649
247 714
247 720
247 746
247 791
247 915
248 257
248 263
248 268
248 283
248 293
248 294
248 317
248 364
248 370
248 390
248 395
248 485
248 499
248 542
248 564
248 589
248 627
248 690
248 806
248 850
248 853
248 864
249 255
249 411
249 608
249 734
249 821
249 835
249 855
249 862
249 913
249 914
250 309
250 345
250 362
250 392
250 398
250 426
250 439
250 513
250 590
250 621
250 806
250 813
250 858
250 876
250 902
251 258
251 311
251 358
251 435
251 556
251 677
251 764
251 867
252 260
252 359
252 407
252 418
252 452
252 516
252 540
252 584
252 695
252 707
252 713
252 821
252 868
252 870
253 327
253 368
253 377
253 453
253 503
253 540
253 604
253 630
253 678
253 681
253 789
253 831
253 835
253 854
254 271
254 287
254 292
254 315
254 371
254 391
254 392
254 429
254 457
254 463
254 467
254 476
254 584
254 599
254 602
254 618
254 624
254 661
254 697
254 707
254 751
254 888
255 300
255 310
255 338
255 341
255 377
255 409
255 437
255 477
255 520
255 576
255 627
255 683
255 685
255 691
255 705
255 817
255 822
255 826
255 887
255 922
256 283
256 296
256 299
256 308
256 367
256 389
256 412
256 432
256 629
256 640
256 709
256 757
256 759
256 824
256 898
257 287
257 342
257 354
257 408
257 413
257 417
257 419
257 438
257 495
257 592
257 609
257 689
257 739
257 746
257 765
257 872
257 916
258 283
258 301
258 343
258 378
258 409
258 410
258 700
258 731
258 754
258 792
258 799
258 881
258 919
259 267
259 269
259 271
259 328
259 455
259 465
259 505
259 604
259 632
259 700
259 733
259 735
259 770
259 845
259 860
259 885
259 917
259 922
260 295
260 297
260 374
260 421
260 455
260 457
260 532
260 695
260 716
260 720
260 747
260 761
260 864
261 276
261 291
261 332
261 381
261 385
261 395
261 402
261 417
261 420
261 504
261 515
261 585
261 669
261 703
261 704
261 726
261 727
261 786
261 898
262 312
262 385
262 491
262 502
262 595
262 737
263 354
263 358
263 417
263 442
263 500
263 580
263 594
263 606
263 636
263 689
263 790
263 868
264 279
264 297
264 299
264 371
264 377
264 379
264 387
264 388
264 422
264 435
264 453
264 463
264 519
264 539
264 564
264 582
264 597
264 638
264 646
264 660
264 722
264 836
265 318
265 332
265 387
265 439
265 502
265 503
265 577
265 629
265 669
265 715
265 744
265 773
265 800
265 818
265 819
265 824
265 826
265 851
265 887
265 920
266 279
266 309
266 319
266 324
266 335
266 356
266 367
266 397
266 417
266 427
266 481
266 490
266 500
266 527
266 529
266 538
266 570
266 619
266 656
266 666
266 714
266 722
266 825
266 851
267 276
267 322
267 352
267 377
267 387
267 438
267 517
267 568
267 624
267 643
267 663
267 691
267 709
267 726
267 780
267 781
267 783
267 809
267 827
267 869
268 331
268 370
268 387
268 391
268 411
268 435
268 463
268 515
268 566
268 567
268 593
268 628
268 650
268 681
268 691
268 771
269 277
269 327
269 336
269 341
269 380
269 406
269 422
269 425
269 430
269 433
269 445
269 453
269 551
269 579
269 581
269 603
269 622
269 630
269 641
269 669
269 676
269 687
269 692
269 774
269 813
269 849
270 287
270 303
270 367
270 447
270 450
270 481
270 530
270 537
270 641
270 690
270 712
270 718
270 754
270 846
271 335
271 350
271 453
271 556
271 571
271 784
271 915
272 324
272 437
272 443
272 462
272 467
272 470
272 493
272 552
272 561
272 563
272 592
272 594
272 709
272 840
272 876
272 884
273 314
273 315
273 333
273 338
273 361
273 452
273 484
273 580
273 590
273 643
273 657
273 669
273 686
273 721
273 814
273 851
274 283
274 285
274 298
274 345
274 408
274 504
274 567
274 572
274 579
274 591
274 609
274 693
274 746
274 824
274 886
274 893
275 358
275 424
275 512
275 576
275 580
275 679
275 751
276 384
276 443
276 503
276 607
276 629
276 908
277 292
277 322
277 569
277 582
277 628
277 656
277 691
277 694
277 743
277 749
277 784
277 842
278 310
278 316
278 409
278 477
278 568
278 581
278 638
278 674
278 773
278 778
279 327
279 379
279 424
279 506
279 523
279 580
279 582
279 752
279 768
279 800
279 815
279 818
280 286
280 306
280 317
280 356
280 373
280 395
280 474
280 549
280 556
280 571
280 602
280 622
280 769
280 841
280 902
281 313
281 361
281 374
281 411
281 419
281 501
281 555
281 580
281 693
281 751
281 887
281 912
281 918
282 292
282 316
282 469
282 600
282 669
282 720
282 810
282 843
282 912
283 289
283 297
283 323
283 340
283 429
283 431
283 483
283 520
283 538
283 681
283 716
283 748
284 433
284 436
284 456
284 473
284 565
284 593
284 648
284 675
284 752
284 787
284 792
285 332
285 333
285 387
285 421
285 441
285 449
285 474
285 628
285 631
285 748
285 863
285 884
286 288
286 293
286 350
286 385
286 414
286 492
286 518
286 525
286 540
286 566
286 571
286 678
286 687
286 720
286 790
286 905
287 499
287 549
287 618
287 806
287 845
288 307
288 350
288 426
288 432
288 517
288 588
288 629
288 646
288 703
288 790
288 834
288 878
288 912
289 295
289 297
289 331
289 427
289 456
289 501
289 526
289 625
289 829
290 344
290 391
290 404
290 415
290 427
290 439
290 486
290 545
290 585
290 591
290 601
290 645
290 651
290 711
290 748
290 816
290 836
290 890
291 293
291 314
291 364
291 468
291 486
291 496
291 596
291 789
291 792
291 837
291 844
291 847
291 903
292 298
292 331
292 332
292 361
292 370
292 396
292 400
292 409
292 539
292 698
292 727
292 761
292 783
292 891
293 295
293 337
293 347
293 376
293 414
293 420
293 477
293 495
293 542
293 658
293 661
293 760
294 358
294 393
294 440
294 797
294 830
294 886
295 343
295 390
295 394
295 402
295 484
295 506
295 645
295 741
295 766
295 768
295 860
295 885
295 895
296 299
296 301
296 308
296 348
296 407
296 408
296 427
296 429
296 477
296 488
296 490
296 517
296 535
296 538
296 546
296 565
296 569
296 619
296 659
296 667
296 707
296 716
296 756
296 785
296 801
296 810
296 852
296 902
297 313
297 319
297 326
297 333
297 398
297 453
297 479
297 487
297 549
297 629
297 652
297 658
297 665
297 722
297 751
297 768
297 776
297 816
297 844
297 848
297 873
298 304
298 319
298 456
298 486
298 590
298 640
298 693
298 709
299 320
299 328
299 342
299 382
299 417
299 455
299 469
299 485
299 497
299 509
299 557
299 789
299 819
299 823
299 864
299 896
300 392
300 407
300 478
300 520
300 558
300 594
300 602
300 617
300 676
300 695
300 904
301 391
301 420
301 450
301 519
301 556
301 567
301 651
301 666
301 746
301 862
301 895
302 329
302 355
302 488
302 518
302 536
302 580
302 616
302 630
302 639
302 676
302 690
302 813
302 822
302 879
303 307
303 330
303 386
303 398
303 422
303 450
303 483
303 555
303 556
303 666
303 860
304 401
304 483
304 525
304 530
304 534
304 634
304 777
304 788
305 395
305 433
305 455
305 546
305 575
305 579
305 596
305 645
305 661
306 507
306 597
306 709
306 752
306 919
307 439
307 474
307 480
307 510
307 573
307 653
307 759
307 766
307 900
308 330
308 492
308 498
308 549
308 565
308 621
308 690
308 761
308 836
308 873
308 874
308 904
308 910
309 321
309 338
309 587
309 687
309 729
309 795
309 859
310 311
310 320
310 326
310 334
310 430
310 438
310 449
310 482
310 616
310 705
310 745
310 792
310 793
310 804
310 820
311 361
311 618
311 670
311 683
311 706
311 796
311 870
311 912
311 924
312 349
312 435
312 442
312 455
312 457
312 498
312 568
312 655
312 731
312 849
313 348
313 404
313 406
313 412
313 415
313 421
313 533
313 557
313 685
313 726
313 731
313 751
313 792
313 892
314 319
314 320
314 324
314 346
314 387
314 408
314 423
314 432
314 456
314 484
314 510
314 523
314 525
314 563
314 616
314 661
314 769
314 869
314 887
315 351
315 459
315 510
315 511
315 517
315 611
315 619
315 688
315 870
315 922
316 329
316 339
316 397
316 494
316 509
316 689
316 893
316 898
317 375
317 397
317 475
317 498
317 578
317 593
317 718
317 811
317 850
318 322
318 386
318 443
318 668
318 752
318 815
318 841
319 352
319 398
319 461
319 531
319 535
319 596
319 644
319 741
319 752
319 756
319 812
319 863
319 875
319 909
319 923
320 393
320 444
320 485
320 557
320 631
320 669
320 905
321 325
321 327
321 417
321 481
321 497
321 505
321 587
321 590
321 854
321 859
321 882
321 888
321 923
322 375
322 423
322 540
322 611
322 657
322 660
322 691
322 755
323 414
323 427
323 460
323 530
323 617
323 722
323 764
323 912
324 343
324 359
324 366
324 439
324 456
324 512
324 522
324 671
324 789
324 805
324 834
324 861
325 421
325 426
325 462
325 489
325 554
325 574
325 591
325 613
325 672
325 745
325 765
325 815
325 835
325 852
326 450
326 530
326 677
326 679
326 710
327 345
327 404
327 432
327 452
327 464
327 479
327 511
327 514
327 519
327 553
327 653
327 667
327 730
327 772
327 784
327 921
328 330
328 372
328 382
328 391
328 396
328 495
328 861
328 875
328 884
328 897
329 366
329 631
329 655
329 761
329 829
329 852
329 888
330 401
330 402
330 462
330 466
330 520
330 594
330 599
330 765
330 858
330 868
331 407
331 801
331 871
332 365
332 391
332 415
332 519
332 527
332 531
332 583
332 598
332 696
332 719
332 820
332 866
332 908
333 367
333 405
333 433
333 437
333 506
333 517
333 610
333 618
333 633
333 636
333 686
333 695
333 897
334 335
334 338
334 384
334 429
334 454
334 477
334 518
334 541
334 593
334 663
334 785
334 814
334 870
334 882
335 430
335 432
335 480
335 502
335 515
335 551
335 696
335 738
335 798
335 832
335 883
336 416
336 425
336 444
336 447
336 451
336 460
336 462
336 487
336 537
336 606
336 638
336 705
336 782
336 818
336 826
336 860
336 861
337 369
337 416
337 458
337 535
337 547
337 564
337 623
337 738
337 794
337 905
338 359
338 428
338 478
338 553
338 564
338 639
338 663
338 678
338 861
339 344
339 432
339 559
339 607
339 619
339 651
339 688
339 879
339 887
340 374
340 434
340 478
340 482
340 521
340 526
340 597
340 643
340 744
340 813
340 853
340 894
341 431
341 600
341 757
341 834
342 398
342 420
342 451
342 458
342 512
342 514
342 516
342 536
342 607
342 619
342 620
342 645
342 670
342 749
342 760
342 822
342 830
342 858
342 881
342 892
342 893
342 896
342 903
342 912
343 488
343 659
343 913
344 392
344 524
344 525
344 685
344 702
344 803
344 883
344 894
345 373
345 387
345 442
345 524
345 530
345 696
345 778
345 803
345 850
345 860
345 895
345 917
346 478
346 513
346 526
346 846
346 889
347 352
347 366
347 480
347 553
347 558
347 583
347 642
347 678
347 710
347 711
347 892
348 510
348 520
348 531
348 555
348 565
348 758
349 436
349 491
349 514
349 638
349 669
349 673
349 713
349 718
349 727
349 764
349 811
349 909
350 368
350 460
350 495
350 582
350 662
350 663
350 766
350 804
350 839
350 855
350 865
350 910
351 353
351 413
351 419
351 433
351 451
351 462
351 547
351 646
352 394
352 404
352 448
352 781
352 807
353 449
353 464
353 482
353 487
353 492
353 576
353 624
353 688
353 738
353 800
353 872
353 881
354 617
354 675
354 698
354 753
354 754
354 824
354 847
355 427
355 466
355 516
355 594
355 605
355 680
355 709
355 738
355 790
355 833
355 890
355 894
356 379
356 465
356 470
356 742
356 821
356 844
356 872
356 885
357 390
357 452
357 468
357 572
357 589
357 669
357 694
357 741
357 743
357 759
357 777
357 797
357 831
357 858
358 438
358 451
358 522
358 555
358 569
358 616
358 631
358 716
358 787
358 845
358 846
358 874
358 879
358 920
359 363
359 487
359 601
359 646
359 658
359 719
359 909
360 594
360 685
360 688
360 703
360 853
361 366
361 443
361 871
362 430
362 445
362 490
362 546
362 551
362 561
362 618
362 861
362 886
362 915
363 428
363 550
363 577
363 590
363 618
363 865
363 879
364 372
364 420
364 446
364 528
364 547
364 595
364 641
364 708
364 711
364 760
364 826
364 861
364 882
365 447
365 632
365 661
365 675
365 732
366 370
366 406
366 473
366 533
366 576
366 666
366 757
367 393
367 414
367 686
368 394
368 458
368 535
368 549
368 660
368 783
368 833
368 876
369 423
369 454
369 484
369 534
369 546
369 555
369 567
369 583
369 635
369 691
369 703
369 726
369 816
369 870
369 921
370 498
370 553
370 591
370 607
370 728
370 770
370 841
370 903
370 917
371 384
371 419
371 452
371 545
371 555
371 715
371 833
371 918
372 419
372 560
372 637
372 698
372 708
372 772
372 794
372 798
372 883
373 416
373 447
373 463
373 551
373 567
373 591
373 620
373 662
373 687
373 779
373 836
373 871
374 387
374 419
374 448
374 578
374 605
374 636
374 674
374 703
374 732
374 820
374 831
374 914
375 384
375 385
375 439
375 458
375 494
375 552
375 558
375 562
375 577
375 603
375 692
375 701
375 721
375 837
376 385
376 448
376 470
376 568
376 742
376 836
376 863
376 895
377 447
377 521
377 549
377 756
377 800
377 883
378 440
378 469
378 542
378 604
378 673
378 694
378 698
378 767
378 868
379 381
379 473
379 474
379 603
379 662
379 699
379 776
380 440
380 448
380 712
380 715
380 765
380 767
380 797
380 826
381 456
381 508
381 564
381 621
381 650
381 677
381 785
381 792
381 811
381 833
381 872
381 907
382 410
382 542
382 560
382 684
382 699
382 825
382 851
382 880
383 434
383 442
383 509
383 675
383 679
383 753
383 786
383 803
384 439
384 609
384 783
385 398
385 409
385 455
385 497
385 558
385 598
385 647
385 678
385 787
385 844
386 396
386 437
386 511
386 538
386 601
386 680
386 688
386 703
386 705
386 790
386 802
386 815
386 851
386 923
387 478
387 599
387 608
387 633
387 688
387 733
387 737
387 809
387 812
388 531
388 567
388 571
388 592
388 619
388 702
388 718
388 720
388 859
388 916
388 917
389 498
389 525
389 535
389 545
389 603
389 653
389 654
389 704
389 711
389 803
389 847
389 868
390 439
390 704
390 718
390 920
391 459
391 477
391 507
391 622
391 699
391 744
391 812
391 816
391 829
391 905
391 911
392 397
392 398
392 405
392 568
392 570
392 572
392 582
392 630
392 723
392 838
392 903
392 915
393 414
393 439
393 484
393 488
393 606
393 690
393 729
393 743
394 583
394 638
394 774
394 819
394 823
395 425
395 454
395 501
395 532
395 600
395 638
395 667
395 737
395 838
395 857
395 904
396 513
396 653
396 772
397 415
397 469
397 485
397 781
397 815
398 580
398 583
398 717
398 869
399 492
399 502
399 524
399 600
399 652
399 656
399 683
399 851
399 891
399 907
400 406
400 441
400 446
400 498
400 539
400 576
400 638
400 667
400 674
400 677
400 761
400 788
400 892
401 507
401 571
401 691
401 695
401 797
401 854
402 478
402 487
402 874
402 876
402 887
402 892
403 434
403 459
403 543
403 584
403 650
403 667
403 674
404 412
404 563
404 606
404 778
404 819
404 839
404 851
404 862
405 510
405 576
405 701
405 740
405 762
405 896
406 443
406 501
406 623
406 640
406 805
407 529
407 632
407 712
407 734
408 471
408 508
408 522
408 596
408 913
409 545
409 740
409 827
409 836
410 433
410 488
410 710
410 736
410 814
410 835
410 881
411 468
411 496
411 571
411 580
411 624
411 629
411 661
411 733
411 792
411 868
412 443
412 659
412 874
413 473
413 567
413 575
413 646
413 680
413 815
413 889
414 454
414 518
414 613
414 616
414 666
414 689
414 731
414 784
414 792
414 892
415 454
415 464
415 475
415 516
415 529
415 613
415 617
415 662
415 682
415 844
416 583
416 658
416 753
416 767
416 773
417 472
417 682
417 808
417 896
418 430
418 511
418 627
418 775
418 781
418 821
418 833
418 858
419 431
419 502
419 507
419 585
419 732
419 776
419 802
419 832
419 858
420 467
420 554
420 616
420 655
420 743
420 820
420 831
420 832
420 835
420 900
420 918
421 461
421 471
421 476
421 486
421 547
421 576
421 711
421 766
421 791
421 818
421 845
422 425
422 437
422 473
422 711
422 724
422 735
422 836
422 891
422 897
422 899
422 901
423 449
423 452
423 468
423 561
423 579
423 714
423 821
424 693
424 859
425 572
425 642
425 686
425 694
425 721
426 435
426 444
426 465
426 469
426 494
426 552
426 712
426 762
426 830
426 906
427 447
427 457
427 467
427 479
427 532
427 540
427 548
427 616
427 623
427 761
427 840
427 855
427 903
428 441
428 548
428 670
428 734
428 780
429 467
429 470
429 493
429 524
429 584
429 594
429 663
429 666
429 675
429 729
429 730
429 759
429 804
429 916
430 476
430 597
430 658
430 684
430 756
430 758
430 765
430 789
430 798
431 450
431 497
431 582
431 773
431 795
431 802
432 509
432 598
432 635
432 745
433 448
433 452
433 466
433 585
433 604
433 755
433 832
433 885
433 905
434 460
434 465
434 492
434 505
434 547
434 561
434 638
434 665
434 766
434 860
434 883
435 445
435 452
435 463
435 508
435 523
435 674
435 750
435 760
435 831
436 533
436 601
436 612
436 690
436 723
436 817
436 859
436 873
437 457
437 644
437 673
437 707
437 882
438 513
438 526
439 491
439 644
439 654
439 880
440 449
440 579
440 585
440 674
440 800
441 468
441 495
441 500
441 509
441 519
441 548
441 671
441 672
441 893
442 496
442 540
442 567
442 569
442 627
442 628
442 637
442 683
442 809
442 864
442 899
443 569
443 574
443 606
443 678
443 687
443 838
443 842
443 876
443 903
444 496
444 551
444 555
444 628
444 653
444 773
444 803
444 861
445 573
445 674
445 891
446 473
446 484
446 498
446 536
446 539
446 572
446 590
447 530
447 645
447 835
448 455
448 536
448 539
448 560
448 592
448 617
448 621
448 663
448 740
448 886
449 563
449 921
450 486
450 617
450 655
450 744
450 816
450 916
451 555
451 557
451 676
452 582
452 660
452 664
452 724
452 886
453 486
453 499
453 518
453 599
453 606
453 692
453 727
453 922
454 512
455 509
455 557
455 782
455 833
455 867
456 472
456 543
456 657
456 672
457 484
457 513
457 536
457 656
457 758
457 836
457 883
458 469
458 602
458 680
458 681
458 756
458 770
458 840
458 853
459 492
459 516
459 526
459 561
459 565
459 600
459 610
459 620
459 625
459 698
459 733
459 743
459 797
459 833
459 901
460 514
460 590
460 599
460 775
461 534
461 561
461 698
461 746
462 488
462 557
462 693
462 725
462 772
462 913
463 609
463 640
463 881
464 486
464 489
464 498
464 509
464 569
464 588
464 604
464 618
464 684
464 854
466 588
466 698
466 884
467 549
467 572
467 636
467 766
467 781
467 822
467 873
467 880
467 886
467 897
468 558
468 593
468 646
468 781
468 910
469 480
469 494
469 511
469 573
469 625
469 707
469 736
469 751
469 776
469 816
469 833
470 516
470 535
470 622
470 623
470 793
470 799
471 511
471 661
472 479
472 766
472 813
472 819
473 658
473 786
473 787
474 602
474 726
474 731
474 870
474 883
474 897
474 919
475 527
475 542
475 645
475 656
475 716
475 754
475 763
476 487
476 641
476 819
476 853
476 880
477 778
477 796
478 521
478 567
478 571
478 788
478 820
479 534
479 589
479 597
479 654
479 839
479 840
479 854
479 861
479 883
480 507
480 556
480 589
480 594
480 632
480 831
480 916
481 530
481 571
481 597
481 719
481 893
481 921
482 552
482 596
482 758
482 784
482 797
482 905
483 535
483 536
483 572
483 598
483 625
483 638
483 735
483 753
483 798
483 807
483 890
483 894
483 902
483 914
484 556
484 679
484 812
485 514
485 553
485 661
485 808
486 577
486 628
486 830
487 496
487 533
487 801
487 881
487 909
488 649
488 744
488 850
489 565
489 592
489 648
489 687
489 788
489 814
490 532
490 547
490 575
490 580
490 778
490 786
490 820
490 847
490 890
491 656
491 668
491 842
491 845
491 853
491 869
491 921
492 528
492 562
492 671
492 709
492 715
492 739
492 844
493 601
493 633
493 764
493 817
493 858
494 548
494 615
494 634
494 664
494 687
494 841
495 654
495 704
495 802
495 839
495 889
496 497
496 671
496 722
496 806
496 807
496 817
496 845
496 898
497 654
497 657
497 702
497 716
497 740
497 754
497 796
497 901
498 518
498 595
498 720
498 742
499 528
499 545
499 580
499 613
499 634
499 716
499 730
499 876
500 521
500 550
500 566
500 592
500 637
500 695
500 767
500 827
500 833
501 541
501 569
501 619
501 621
501 624
501 705
501 781
502 519
502 617
502 698
504 586
504 618
504 633
504 835
505 813
505 870
506 643
506 651
506 705
506 726
506 728
506 855
506 856
507 521
507 609
507 620
507 743
507 770
507 840
508 513
508 808
508 883
509 578
509 678
509 761
509 821
510 513
510 561
510 618
510 650
511 530
511 552
511 658
511 677
512 615
512 791
512 863
513 585
513 654
513 723
514 520
514 650
514 681
514 753
514 866
514 869
515 557
515 671
515 675
515 889
516 524
516 593
516 689
516 760
516 885
516 896
516 923
517 530
517 551
517 655
517 750
517 868
517 893
518 608
518 659
518 803
519 523
519 545
519 570
519 682
519 694
519 729
520 601
520 608
520 645
520 664
520 676
520 682
520 782
520 872
521 569
521 904
522 754
522 758
523 566
523 652
523 824
523 917
524 534
524 560
524 564
524 637
525 545
525 671
525 718
525 788
525 792
525 891
526 826
527 720
527 791
528 662
528 779
528 794
528 898
528 899
529 639
529 697
529 855
530 542
530 584
530 725
530 762
530 796
530 865
531 632
531 672
531 912
532 608
532 863
533 554
533 662
533 843
533 867
534 546
534 575
534 641
534 650
534 769
535 657
535 676
535 781
535 909
536 670
536 820
537 543
537 668
537 690
537 742
537 817
537 915
538 599
538 729
538 807
538 829
539 554
539 792
539 921
540 544
540 596
540 724
540 796
540 866
540 912
540 923
541 681
541 686
541 699
541 801
541 831
541 865
542 610
542 696
542 761
543 548
543 600
543 625
543 652
543 668
543 693
543 809
543 866
543 911
544 699
544 719
544 724
544 734
544 771
544 780
544 840
545 659
545 678
545 686
545 719
545 794
545 805
545 899
546 582
546 615
546 678
546 722
546 736
546 795
546 838
546 883
546 914
547 641
547 724
547 728
547 778
547 814
548 605
548 859
548 881
549 582
549 648
549 741
549 783
549 820
549 854
550 720
550 805
550 866
550 872
551 597
551 665
551 704
551 765
551 776
552 611
552 619
552 881
553 826
554 584
554 638
554 694
554 749
554 775
554 787
554 818
554 820
555 611
555 629
555 699
555 752
555 906
556 588
556 777
557 661
557 764
557 794
557 921
558 579
558 616
558 623
558 634
558 707
558 758
558 784
558 877
559 621
559 643
559 680
559 860
560 629
560 670
560 683
560 709
560 722
560 735
560 805
560 876
561 627
561 662
561 706
561 714
561 725
561 769
561 775
561 791
561 846
562 585
562 606
563 626
563 698
563 846
563 847
563 848
564 647
564 737
564 767
566 644
566 694
566 788
566 820
566 841
567 572
567 611
567 659
567 759
567 888
569 674
569 810
569 857
569 868
570 583
570 779
570 922
571 615
571 684
571 849
571 865
571 875
571 915
572 623
572 671
572 730
572 775
572 855
572 882
572 903
573 634
573 673
573 725
573 757
574 621
574 631
574 889
575 639
575 726
575 799
575 827
575 856
575 874
576 643
576 768
576 853
576 869
576 878
576 922
577 644
577 691
577 776
578 627
578 672
578 785
578 799
578 803
578 885
579 602
579 700
579 832
579 916
580 687
580 702
580 734
580 767
580 865
581 654
581 847
582 612
582 619
582 659
582 724
582 768
583 592
583 629
583 650
583 762
584 603
584 609
584 698
584 706
584 710
584 832
584 838
584 869
584 874
585 655
585 678
585 699
585 886
586 665
586 814
587 667
587 686
587 695
587 833
587 908
588 738
588 753
588 852
589 727
589 776
589 824
589 845
589 880
590 629
590 710
590 763
590 785
591 621
591 656
591 838
591 889
591 902
591 909
592 697
592 752
592 866
592 867
593 739
593 879
593 899
593 917
595 658
595 818
595 837
596 601
596 723
597 620
597 652
597 685
597 743
597 774
597 827
597 878
597 916
598 740
598 830
599 669
599 717
599 724
599 752
599 804
600 606
600 612
600 663
600 687
600 805
601 612
601 661
601 704
604 626
604 654
604 683
604 693
604 721
605 725
606 650
606 747
606 813
607 695
607 732
607 815
608 682
608 696
608 708
608 709
608 768
608 837
608 867
609 644
609 666
610 714
610 724
610 741
610 852
611 637
611 651
611 686
611 711
611 747
611 756
611 774
612 625
612 670
612 742
612 879
613 773
613 789
613 917
614 757
614 761
614 815
614 919
615 634
615 704
615 706
615 715
615 835
616 676
616 799
616 847
616 924
617 716
617 868
618 624
618 649
618 667
618 689
618 696
618 791
618 865
619 643
619 747
620 627
620 728
620 806
620 880
620 884
621 626
621 845
621 897
622 669
622 721
622 864
623 752
623 777
624 804
624 892
625 649
625 739
625 822
626 702
626 816
626 865
626 866
627 758
627 815
627 890
628 731
628 878
628 883
629 717
629 725
630 714
630 828
632 635
632 736
632 750
632 819
632 836
633 661
633 779
633 780
633 918
633 920
634 692
634 697
634 785
634 822
634 907
635 787
636 653
636 875
637 678
637 683
638 662
638 770
638 772
639 681
639 689
639 758
639 770
639 794
641 769
641 843
643 749
644 761
645 768
645 824
646 782
646 798
646 895
647 692
647 732
647 748
647 848
647 916
648 763
648 843
649 651
649 784
649 907
649 923
650 891
651 680
651 684
651 777
651 841
651 851
652 686
652 771
653 668
653 759
654 665
654 684
654 692
654 708
654 712
654 736
654 785
654 801
654 880
655 704
655 741
655 749
656 702
656 726
656 764
656 822
656 846
658 698
659 759
659 764
659 769
659 866
659 912
660 803
661 677
661 747
662 736
662 801
663 667
664 691
664 806
664 820
665 747
665 763
665 774
665 779
667 699
667 703
667 740
667 766
667 875
668 704
668 732
668 807
668 819
668 855
668 901
669 673
670 696
670 783
670 835
670 908
671 852
672 717
672 768
672 822
672 869
673 712
673 759
673 778
673 834
674 714
675 682
675 787
676 727
676 750
676 782
676 793
676 849
677 735
677 746
677 771
677 821
678 763
679 715
679 778
679 877
680 786
681 747
682 696
682 828
682 918
683 904
684 713
684 790
686 689
686 718
686 749
686 785
686 848
686 882
686 914
687 729
687 749
688 752
688 881
688 888
689 692
689 715
689 738
689 759
689 784
690 818
692 751
692 778
692 857
693 710
693 844
695 699
695 729
695 755
696 703
697 767
697 879
698 731
698 736
698 803
699 720
699 797
699 823
699 831
700 714
700 856
700 910
701 918
702 745
702 752
703 737
703 771
703 778
703 784
703 809
704 782
704 811
705 722
705 736
705 856
705 862
706 735
706 780
706 819
706 856
706 882
707 781
707 818
708 785
708 791
708 834
708 852
708 857
709 741
709 746
709 758
709 770
709 782
709 785
709 792
709 906
710 908
712 713
712 780
713 757
713 852
713 898
714 753
714 775
714 889
715 731
716 718
716 744
716 897
717 859
717 906
718 767
718 800
719 753
719 922
720 756
720 775
722 723
722 735
722 808
722 889
723 739
723 741
723 742
723 825
723 857
724 828
724 878
726 852
727 918
728 810
729 824
729 854
731 765
731 828
731 854
731 859
732 809
733 918
735 783
735 863
736 822
736 873
739 858
742 754
742 817
742 842
743 885
744 745
744 829
746 766
748 774
748 783
748 876
748 893
748 914
749 765
749 884
749 896
749 918
750 830
750 896
750 901
751 755
751 800
752 874
752 892
753 755
753 790
753 827
753 877
754 905
755 767
755 793
755 825
755 838
756 796
757 807
758 808
758 916
760 836
760 890
760 920
762 920
763 798
764 769
764 776
764 786
765 777
766 794
767 772
767 823
768 811
770 784
770 893
771 854
772 814
772 845
774 804
774 870
774 889
775 817
775 879
776 791
776 833
777 859
777 860
777 894
777 900
778 824
778 902
778 911
779 884
780 786
780 800
780 832
781 864
782 815
782 858
782 872
783 921
786 871
787 872
787 891
788 875
789 811
789 859
789 877
789 923
790 802
791 857
791 904
792 829
792 860
792 899
793 853
797 902
798 799
801 816
802 914
804 870
805 831
805 888
805 900
805 903
806 864
806 901
807 819
808 830
809 860
809 919
810 843
816 880
817 844
818 826
818 920
819 856
820 907
820 920
821 837
823 867
827 908
829 877
831 835
832 865
833 856
836 896
838 891
839 866
839 890
840 850
841 921
841 924
842 894
842 900
844 849
844 853
846 896
847 870
847 922
852 876
854 890
858 877
859 900
861 894
863 922
864 886
864 903
865 913
869 872
871 913
880 899
894 899
897 901
903 917
905 917
910 924
911 924
914 919
