0	0.80561622
1	0.80229932
2	0.80591477
3	0.80549363
4	0.80473909
5	0.80575714
6	0.80548021
7	0.80594035
8	0.80554353
9	0.80585589
10	0.80549228
11	0.80593407
12	0.80591322
13	0.80577008
14	0.80600444
15	0.80599855
16	0.80564971
17	0.80577452
18	0.80550463
19	0.80595965
21	0.80549923
23	0.80577780
24	0.80574498
25	0.80577249
26	0.80598041
30	0.80478658
31	0.80560685
34	0.80605193
38	0.75190869
39	0.80551708
43	0.80598108
45	0.80476747
46	0.80385888
47	0.80596081
50	0.80363214
51	0.80540656
61	0.80508079
62	0.76309131
63	0.80567703
65	0.80237577
68	0.80444228
73	0.80504875
75	0.79725830
76	0.79787066
77	0.80295116
78	0.80337983
80	0.80448890
89	0.75732761
90	0.79240627
92	0.80344903
93	0.80016033
94	0.80542867
96	0.80456573
110	0.80410946
112	0.79697124
115	0.79815705
117	0.80259836
121	0.80236612
131	0.80167703
132	0.78682925
140	0.80550212
148	0.80049131
150	0.80440782
151	0.80064884
157	0.79914373
159	0.79718726
161	0.79702490
166	0.77876959
167	0.80356979
168	0.79500927
173	0.79279073
179	0.78733098
189	0.69994228
197	0.72309894
199	0.74956902
215	0.76335521
216	0.78322249
217	0.78136255
221	0.75030936
231	0.74347346
249	0.75327442
252	0.75147442
253	0.75517008
254	0.78648938
258	0.78720560
261	0.76598620
268	0.78620560
269	0.74612017
292	0.77981458
311	0.78735174
323	0.75816979
325	0.78431467
336	0.71177693
346	0.66391226
347	0.77492645
350	0.72414315
351	0.70862124
375	0.73717471
394	0.73112249
395	0.74781245
400	0.70632799
401	0.75648842
412	0.73593629
433	0.77479440
436	0.79429498
453	0.76742481
463	0.76571438
465	0.73232413
477	0.72477268
484	0.73786419
507	0.71733098
520	0.72402162
526	0.69705985
542	0.68768378
584	0.64111168
626	0.66425039
630	0.73672288
634	0.74185598
637	0.68668967
641	0.72916284
652	0.73445782
655	0.73734817
689	0.68351236
707	0.70051515
714	0.64466622
723	0.64177162
733	0.63419459
740	0.59193340
765	0.72828079
773	0.63662790
808	0.64601786
826	0.61146573
836	0.67155859
872	0.63030376
878	0.60667529
912	0.63344160
926	0.62811458
934	0.67504817
935	0.67651014
964	0.62025299
990	0.65870936
1037	0.58294044
1069	0.60329527
1094	0.60396641
1096	0.68050724
1135	0.68666052
1168	0.65583263
1171	0.65855261
1181	0.56179585
1206	0.57910840
1211	0.59345434
1216	0.61458851
1243	0.63202896
1274	0.60373600
1279	0.61394681
1301	0.68522056
1307	0.66055019
1316	0.61971776
1319	0.60963272
1323	0.54479546
1358	0.57968243
1363	0.58552828
1392	0.58016834
1402	0.58034546
1413	0.60468977
1437	0.59765792
1454	0.60414218
1475	0.53281583
1485	0.54412423
1498	0.65486429
1512	0.60847336
1527	0.57237162
1535	0.62855763
1544	0.63212664
1548	0.66074151
1571	0.58501670
1581	0.56110647
1590	0.62106766
1624	0.63644189
1632	0.62826515
1666	0.56635328
1672	0.56229653
1680	0.56192297
1683	0.60773127
1694	0.59888600
1712	0.53793108
1726	0.57654614
1746	0.57124353
1754	0.54091795
1757	0.52984508
1764	0.55094739
1768	0.58781583
1785	0.57680241
1794	0.56772481
1807	0.53731351
1829	0.57385135
1830	0.57379942
1852	0.58500193
1879	0.57108639
1892	0.56542268
1915	0.56568089
1925	0.55005261
1944	0.55766322
1973	0.55351284
2027	0.55954595
2051	0.53770039
2066	0.55085743
40	0.80342510
44	0.80578678
100	0.78307384
146	0.79537442
169	0.76260019
184	0.77099807
194	0.79144691
443	0.77151911
487	0.77545270
528	0.69189952
576	0.67478514
633	0.72161033
665	0.73297905
920	0.67945357
1011	0.63991873
1040	0.61350483
1075	0.65348929
1104	0.60697037
1304	0.57822722
1529	0.57128658
1633	0.59449749
1647	0.57376708
1652	0.61838436
1777	0.53898195
1844	0.57898118
1882	0.56764691
1990	0.57367529
2053	0.54713147
20	0.80570531
22	0.80571438
29	0.80587201
37	0.80594508
53	0.80567625
55	0.80379469
58	0.80583446
67	0.80520116
79	0.77823494
83	0.79887375
88	0.80500666
95	0.80553407
97	0.80593243
102	0.80570319
111	0.75486805
113	0.79875656
134	0.80145569
136	0.79534170
160	0.74585927
170	0.74334083
175	0.80453784
178	0.78418272
203	0.71138079
206	0.73408909
210	0.78933880
213	0.75567770
240	0.72466757
257	0.78846622
259	0.78236824
262	0.74548571
267	0.74764730
307	0.77965618
322	0.74175811
352	0.78760792
353	0.78275357
370	0.72285656
390	0.77151766
398	0.75453359
406	0.73488523
411	0.75147268
418	0.76699546
422	0.75298156
425	0.71653832
442	0.77449344
470	0.73408427
485	0.74296158
488	0.73471988
498	0.75574527
502	0.72152278
516	0.71183658
521	0.71999353
534	0.69641178
551	0.65495434
558	0.75340869
559	0.66399035
568	0.66979141
595	0.73265994
598	0.71119508
621	0.75828456
627	0.71838446
649	0.68329421
664	0.66203687
685	0.68010212
693	0.75933330
718	0.66446322
743	0.67721264
748	0.64246245
757	0.67075666
759	0.69423485
787	0.65107635
789	0.67609189
837	0.58651506
852	0.59489353
866	0.68415608
868	0.68450135
908	0.69410000
909	0.63414961
960	0.63985569
1000	0.68691390
1003	0.61071477
1004	0.60572239
1012	0.59379469
1013	0.61323523
1019	0.59411448
1028	0.62834884
1043	0.60877172
1085	0.62753919
1109	0.60615087
1127	0.62994517
1139	0.64844836
1156	0.67952346
1201	0.62370830
1224	0.63648417
1228	0.65491168
1247	0.57118060
1256	0.60068002
1273	0.64094469
1391	0.61643871
1415	0.56491216
1416	0.55532230
1430	0.63920541
1513	0.57517934
1531	0.59492886
1563	0.54577432
1668	0.61104585
1673	0.54793552
1675	0.54651351
1685	0.56050830
1720	0.55782616
1751	0.56815569
1758	0.56714759
1802	0.54629459
1823	0.53433755
1877	0.59930936
1900	0.54001293
1906	0.54678475
1932	0.56230541
1976	0.53705328
74	0.78303813
91	0.80214305
129	0.80423649
147	0.78182809
171	0.75492905
186	0.76353832
207	0.76840203
212	0.77843610
256	0.74027625
271	0.77008214
272	0.78750425
276	0.77738214
278	0.80041023
282	0.76696824
290	0.72616178
301	0.76502500
314	0.78046380
327	0.78542384
340	0.72649537
355	0.76806602
357	0.73890010
382	0.64109208
410	0.75471313
424	0.75439527
426	0.72666149
438	0.77709662
444	0.74954971
461	0.57904151
519	0.73984865
525	0.72945994
560	0.71962095
582	0.73968542
596	0.74025888
628	0.68477876
648	0.72856844
651	0.66573378
691	0.70185734
734	0.67237838
747	0.61582239
813	0.57277809
824	0.67006496
996	0.67442384
1016	0.56648147
1027	0.56682268
1038	0.67254015
1112	0.62819836
1119	0.68160743
1131	0.64823021
1134	0.67138832
1138	0.63941496
1178	0.58419778
1191	0.62537461
1195	0.64791014
1207	0.66824102
1222	0.62837963
1237	0.61474788
1268	0.62601284
1306	0.57634102
1322	0.60563793
1500	0.55641602
1574	0.60547114
1580	0.60919585
1589	0.59924459
1650	0.55474054
1674	0.58589672
1678	0.60438880
1734	0.61444373
1750	0.55229759
1773	0.57098967
1798	0.55284073
1843	0.53887268
1859	0.54755241
1862	0.58980830
1911	0.57842317
1978	0.53446371
2011	0.53046988
27	0.80578195
114	0.80088456
125	0.79136786
127	0.79466274
144	0.79777539
165	0.78286004
180	0.76879073
190	0.79821535
265	0.77142230
281	0.78694237
286	0.73308031
334	0.66661583
385	0.78454749
421	0.71759971
494	0.70635724
503	0.76739807
564	0.74378388
583	0.76783475
639	0.71634865
672	0.69139932
674	0.69428224
722	0.64972548
796	0.70149459
850	0.71339585
1071	0.61565183
1293	0.61359131
1641	0.55621766
1778	0.58395569
1953	0.59296593
2044	0.53189411
59	0.80477529
60	0.80540608
81	0.79037510
154	0.77109257
162	0.76297085
176	0.63209025
182	0.78193687
198	0.77085512
204	0.78437625
287	0.72297153
310	0.75940222
513	0.66685811
570	0.76342413
573	0.74700444
585	0.72194064
684	0.64018041
779	0.68796226
831	0.64483707
854	0.65062597
882	0.67355338
893	0.60848108
929	0.60477741
930	0.58089517
971	0.60180705
1007	0.58300589
1008	0.64957510
1033	0.64671458
1058	0.62258378
1091	0.66965261
1118	0.64213205
1121	0.56815077
1159	0.58306110
1262	0.57833407
1290	0.57639681
1313	0.56913958
1356	0.61199334
1549	0.65130434
1642	0.57205328
1690	0.57096728
1982	0.54794884
2069	0.53179527
52	0.80603050
54	0.80551004
57	0.80584488
103	0.79506921
109	0.80550734
145	0.79631255
225	0.75570705
229	0.73046458
255	0.74949208
291	0.76500405
304	0.74307867
328	0.79838533
362	0.73604710
389	0.70738986
547	0.73298726
578	0.76835396
617	0.65871853
635	0.70694218
678	0.67285666
752	0.66586448
755	0.63980434
877	0.59748533
890	0.65537278
961	0.63053050
1082	0.61844624
1230	0.60680734
1236	0.59140888
1383	0.56307645
1420	0.56243060
1471	0.58051853
1481	0.59952606
1521	0.61514778
1598	0.60672297
1631	0.57346351
1643	0.59158707
1689	0.53582239
1875	0.57329266
1946	0.55522375
1966	0.57341728
28	0.80594315
33	0.80588736
35	0.80542770
41	0.80596400
69	0.80579788
82	0.79302220
124	0.75904402
139	0.80309054
192	0.74413803
246	0.80254006
266	0.75971573
300	0.74843224
333	0.76186178
348	0.70570579
358	0.79634411
388	0.64673678
407	0.78026515
415	0.71767210
475	0.68767403
482	0.70383108
500	0.75755685
523	0.68927944
540	0.77450637
546	0.76898465
603	0.69326293
670	0.73378195
746	0.71168330
818	0.58976573
845	0.59824469
918	0.62326361
962	0.65918050
997	0.59423977
1005	0.65018475
1286	0.59452423
1376	0.54529440
1403	0.60584846
1408	0.63262075
1493	0.59811429
1550	0.59448446
1553	0.55090232
1564	0.59497654
1627	0.55214044
1661	0.59983263
1717	0.57183060
1790	0.55532423
1873	0.55753282
1947	0.56130724
1986	0.59745270
2017	0.55637461
2052	0.53814208
48	0.80000174
66	0.80538166
70	0.80100666
72	0.80292973
85	0.73935367
87	0.80458417
119	0.73563098
126	0.80392780
133	0.79755724
138	0.75073263
155	0.78966322
201	0.79179749
214	0.77876844
219	0.79387606
227	0.73105676
233	0.80022172
250	0.78442297
260	0.75540251
273	0.78790830
295	0.75463851
305	0.67820917
319	0.79369421
365	0.72887625
369	0.73829981
372	0.68414836
387	0.71367288
420	0.70835676
423	0.73818436
450	0.70937741
472	0.73235869
474	0.71041940
479	0.72060985
508	0.69340367
588	0.62662857
700	0.70179189
703	0.71644739
725	0.66544334
739	0.71308900
742	0.61829797
774	0.65348205
782	0.65013591
793	0.68753726
825	0.64181207
839	0.71655135
841	0.68932095
891	0.64778060
939	0.62313851
944	0.61798253
959	0.72242983
999	0.65771998
1021	0.68501892
1035	0.68412693
1050	0.59308378
1080	0.65321400
1101	0.66967210
1123	0.67035927
1193	0.61496149
1283	0.60264266
1339	0.60095367
1389	0.64714826
1530	0.60629402
1562	0.57794469
1588	0.55240734
1604	0.58536718
1609	0.57477780
1619	0.59648610
1626	0.59306187
1696	0.59766718
1706	0.60402413
1719	0.58513668
1744	0.56056091
1755	0.57699546
1813	0.56818349
1838	0.58316486
1856	0.53382548
1870	0.57217722
1871	0.56489730
1935	0.56869788
1980	0.58053948
2004	0.55482490
2012	0.55594836
2070	0.55220985
36	0.80577027
42	0.80611149
49	0.80526776
56	0.80591583
64	0.79767905
99	0.80520270
106	0.80592876
116	0.73931477
118	0.76506766
141	0.72244247
152	0.75172548
156	0.78136554
177	0.77401680
188	0.78712886
223	0.72948147
241	0.77220309
243	0.75816071
270	0.75431737
302	0.72487683
303	0.76781129
306	0.74526207
309	0.77580569
341	0.69271100
345	0.74648417
364	0.76036361
378	0.65719199
459	0.75468707
467	0.76267056
483	0.71985956
491	0.69115396
495	0.68465656
530	0.67456718
544	0.73105154
606	0.67444643
612	0.73549614
624	0.68468185
629	0.70350357
667	0.69264257
687	0.66194151
713	0.61833774
737	0.70515386
785	0.67169952
815	0.73742732
857	0.67509952
864	0.60884237
922	0.71495512
931	0.63847384
966	0.59198378
988	0.58491873
991	0.66375685
1041	0.59260560
1055	0.57996525
1115	0.64729450
1126	0.58282983
1161	0.57530010
1167	0.64665849
1182	0.58243185
1192	0.58127790
1198	0.58247500
1295	0.56565068
1320	0.63662712
1362	0.61454083
1412	0.60844015
1450	0.60453813
1452	0.64321458
1480	0.64490656
1489	0.54712143
1492	0.56825232
1495	0.60362346
1537	0.64377983
1559	0.60321815
1561	0.57471786
1605	0.56621158
1677	0.58609807
1701	0.57687201
1703	0.59712191
1860	0.53220772
1878	0.58193224
1920	0.57331844
1945	0.55298900
1989	0.55355212
2039	0.53845415
2040	0.53933031
2054	0.55873919
2067	0.55918832
101	0.80080820
120	0.80444846
158	0.78761525
205	0.69543649
244	0.80043427
245	0.78675357
277	0.76984855
294	0.75313996
320	0.74539102
332	0.77052712
337	0.75875434
402	0.68612056
404	0.71550685
435	0.71521052
533	0.62116226
553	0.77355473
571	0.66031023
590	0.67735261
619	0.58093861
631	0.62171409
717	0.68828552
732	0.64443127
761	0.62190483
768	0.68430541
786	0.76057201
790	0.73127481
803	0.71040328
821	0.65229903
828	0.63730396
834	0.57763176
856	0.61461506
875	0.67932712
914	0.66111409
987	0.65790347
1047	0.52919595
1054	0.63735917
1057	0.66479788
1097	0.67247915
1108	0.64831506
1114	0.64517220
1116	0.58170705
1166	0.58598359
1175	0.64547790
1223	0.63119875
1233	0.64011795
1251	0.61836052
1253	0.59767394
1270	0.58742510
1321	0.59277317
1324	0.56158552
1345	0.66989044
1368	0.61021380
1422	0.62405203
1439	0.60637375
1444	0.58019315
1445	0.61976689
1482	0.58545598
1508	0.54848755
1596	0.56244392
1602	0.62921477
1636	0.53985589
1656	0.58787442
1667	0.53781737
1670	0.55140444
1738	0.58094826
1769	0.60482432
1792	0.58912230
1796	0.57415666
1809	0.57806322
1818	0.55269653
1847	0.58741737
1861	0.56968871
1864	0.56923234
1881	0.53609932
1895	0.54357761
1901	0.53510454
1904	0.55300415
1936	0.54415888
1955	0.52359141
2020	0.52342355
2061	0.55306091
32	0.80569151
137	0.80373021
143	0.79576766
149	0.79631023
211	0.72168958
218	0.78985589
226	0.76811236
298	0.78633687
308	0.72792597
373	0.68405618
380	0.78491226
416	0.76799353
419	0.71434421
446	0.74901583
449	0.69289614
466	0.73884228
541	0.68570898
586	0.66918793
613	0.71448176
632	0.73128591
662	0.72968639
681	0.68748649
726	0.70742104
731	0.74168745
735	0.62594044
769	0.75336081
771	0.61234971
794	0.64837616
807	0.69638871
812	0.63564054
816	0.70422857
829	0.61415386
858	0.67913060
867	0.72443098
874	0.69193398
886	0.58614604
900	0.57767683
915	0.67546419
941	0.59846071
956	0.55854247
998	0.61769286
1022	0.66691091
1051	0.67616207
1073	0.61720492
1079	0.67819122
1093	0.61533716
1102	0.63149614
1143	0.58376515
1155	0.65062268
1177	0.63017259
1226	0.63524653
1241	0.68516844
1248	0.60377963
1249	0.62571207
1250	0.55906535
1260	0.57759527
1302	0.58290048
1325	0.64959643
1349	0.57195386
1414	0.66980705
1419	0.57345376
1448	0.58370183
1451	0.54461120
1470	0.60460116
1514	0.59665994
1546	0.59496332
1556	0.55628842
1566	0.56620898
1594	0.55931728
1644	0.58443272
1654	0.56425560
1662	0.59110782
1663	0.57856931
1739	0.56048562
1826	0.56528736
1888	0.54688958
1981	0.60472153
86	0.80091245
107	0.80327075
123	0.78118774
135	0.78118764
232	0.78588320
236	0.77255956
237	0.76135560
280	0.74285830
288	0.77394228
296	0.77211815
317	0.79607259
318	0.76844653
330	0.68394749
342	0.73136834
376	0.75579633
377	0.73137085
409	0.75892423
414	0.74353436
417	0.79213388
428	0.72881583
431	0.64115676
445	0.70084122
458	0.74306371
473	0.67987712
492	0.67435695
493	0.73298349
501	0.71258600
532	0.68902403
536	0.72809237
545	0.74229498
554	0.75459913
593	0.72840792
594	0.61840347
597	0.70958089
599	0.67142722
615	0.69740444
679	0.67152375
692	0.64909218
763	0.73464556
792	0.71513948
795	0.63594614
809	0.65754199
843	0.67991564
865	0.64267490
869	0.62030463
885	0.59239035
888	0.62156959
892	0.65925241
933	0.68143079
938	0.70973726
1002	0.64886680
1010	0.64655232
1017	0.58013948
1025	0.59014334
1072	0.65561458
1084	0.60470907
1120	0.58481178
1130	0.59382925
1150	0.58722539
1151	0.67309488
1169	0.68436168
1176	0.56912095
1220	0.61162085
1232	0.58815125
1240	0.59864710
1347	0.65644788
1350	0.54306158
1357	0.62941776
1398	0.63892799
1479	0.61864624
1505	0.63845772
1519	0.58539788
1538	0.59065386
1541	0.61051525
1547	0.57393349
1578	0.56406979
1579	0.58037770
1618	0.59029710
1648	0.56812510
1671	0.61477616
1681	0.54064653
1702	0.55292394
1704	0.57521438
1705	0.57336525
1733	0.61046052
1742	0.55559469
1759	0.57160058
1972	0.56498880
163	0.79753185
222	0.76560801
275	0.78268137
381	0.74336795
454	0.77336969
506	0.68577191
548	0.66644778
579	0.75095203
600	0.71064421
682	0.68031255
738	0.63604981
777	0.63845309
798	0.75371042
800	0.65771438
846	0.62020135
848	0.68785444
861	0.67508668
976	0.67918697
1062	0.61492124
1113	0.62744923
1215	0.61356689
1234	0.64676641
1257	0.58834508
1423	0.59942761
1551	0.61608282
1625	0.56952008
1711	0.54495203
1841	0.55228996
1869	0.59298764
1923	0.58215888
71	0.80344720
185	0.76749681
196	0.75591486
208	0.76986226
230	0.79139633
242	0.74572683
263	0.78594739
274	0.71919469
360	0.78003349
371	0.77797046
391	0.66737365
432	0.76511873
441	0.68417249
476	0.70540705
486	0.59738263
497	0.71239208
505	0.68623041
517	0.70987519
563	0.71520309
601	0.72227403
671	0.68162847
697	0.76413195
701	0.66135772
729	0.72530425
744	0.73591593
751	0.64367654
780	0.66285319
791	0.62214363
804	0.61229305
859	0.63929691
897	0.62400183
932	0.60889189
952	0.68487847
957	0.62128707
969	0.57131737
1009	0.63399633
1049	0.66117365
1086	0.62074122
1204	0.63779932
1258	0.61001236
1292	0.59955598
1337	0.61571438
1344	0.55498948
1377	0.57241593
1411	0.58996873
1462	0.61403494
1499	0.57928292
1522	0.60113851
1528	0.61009189
1540	0.56542703
1577	0.53706969
1617	0.60028263
1699	0.66076747
1732	0.57699479
1743	0.61431515
1782	0.55966593
1786	0.58621834
1812	0.57632317
1814	0.54684083
1836	0.53299334
1897	0.56004160
1908	0.53635212
2033	0.55986004
2036	0.56781515
122	0.79445772
130	0.79937857
142	0.78149431
174	0.77141139
183	0.72570907
224	0.72167297
228	0.79826515
283	0.75443118
299	0.78821438
368	0.74078523
440	0.74974691
509	0.73244102
527	0.64704710
538	0.73615097
581	0.75346448
591	0.70907249
646	0.72425608
766	0.67624855
860	0.65670705
889	0.66384691
896	0.59426419
901	0.58536071
937	0.63229662
1048	0.64897934
1070	0.58960125
1103	0.58641448
1163	0.56593108
1275	0.62100763
1281	0.65438195
1296	0.58877925
1298	0.59789749
1336	0.58906052
1366	0.56450927
1453	0.56207394
1467	0.58169952
1469	0.62884624
1568	0.59723948
1608	0.57372867
1630	0.58012809
1688	0.54430936
1698	0.54779537
1713	0.60359054
1729	0.54765000
1821	0.55150811
1886	0.58223900
2022	0.58339141
2031	0.55688127
108	0.79308707
456	0.73479131
535	0.70052046
640	0.75525434
781	0.72150888
802	0.70086544
851	0.64894228
923	0.62015097
970	0.66150946
1026	0.67115261
1142	0.64601708
1187	0.68622210
1384	0.59505917
1442	0.57341873
1478	0.54019392
1491	0.59505598
1565	0.61298253
1682	0.56844305
1684	0.56946284
1803	0.57931940
1927	0.55775618
98	0.79438716
104	0.80392326
105	0.79990473
128	0.72467683
153	0.79259585
187	0.79034971
191	0.74087587
193	0.78400097
234	0.73353842
312	0.71507519
343	0.68776158
392	0.74611728
460	0.72816284
531	0.75591409
567	0.76468774
574	0.71415907
575	0.63445261
654	0.68476033
663	0.65496583
716	0.71941149
727	0.73785290
730	0.60743378
797	0.68934913
799	0.67648822
842	0.69346544
849	0.67465319
879	0.66981187
905	0.71748726
916	0.66041322
925	0.69471361
978	0.65745840
982	0.55872461
1036	0.61204373
1089	0.69233813
1110	0.68124180
1141	0.59581486
1173	0.63522027
1174	0.65024015
1189	0.61884537
1289	0.60756158
1328	0.61494035
1429	0.56744662
1474	0.57358127
1543	0.53268678
1557	0.57461593
1603	0.59743774
1721	0.55666467
1761	0.57520579
1893	0.53982114
1894	0.58131892
1924	0.56114913
1939	0.58767220
1943	0.53438890
1970	0.58765608
2002	0.54457857
2016	0.54562925
2056	0.51653456
84	0.79666033
195	0.77666071
457	0.66446149
504	0.76581496
511	0.70334556
680	0.74328330
686	0.72570405
881	0.66897210
1144	0.61119817
1284	0.60469826
1355	0.56698514
1375	0.59239981
1386	0.58162452
1595	0.59238697
1607	0.57882973
1611	0.55708098
1651	0.63483147
1693	0.55389488
1850	0.52555039
1983	0.53409411
172	0.76969459
200	0.80181680
220	0.79520058
248	0.72997597
313	0.74725589
361	0.66973620
427	0.65124151
469	0.73583465
499	0.73963562
565	0.71538562
572	0.64981892
605	0.67951380
608	0.67744237
611	0.70240106
618	0.68395270
622	0.78550502
623	0.68914189
645	0.67978986
683	0.70209633
758	0.59877490
806	0.71359035
817	0.65643407
883	0.63503465
1023	0.71432925
1074	0.64536071
1081	0.62753938
1106	0.61351815
1210	0.63084855
1263	0.55119537
1285	0.63742336
1318	0.54274990
1352	0.60956998
1378	0.57610309
1382	0.60030405
1388	0.55873166
1432	0.62231313
1436	0.59181940
1554	0.54530077
1560	0.62164942
1760	0.55335946
1763	0.55127336
1801	0.51992905
1851	0.52570656
1872	0.54267905
1898	0.58899440
1928	0.54342973
1988	0.56229199
2006	0.53875174
2013	0.52054527
2015	0.51265492
2046	0.53596737
2062	0.56371071
316	0.73783475
405	0.66885695
512	0.64903147
549	0.66069469
587	0.72279411
636	0.75522857
676	0.72492220
696	0.68865290
715	0.61935772
814	0.68519199
827	0.69059015
945	0.61397548
958	0.64733195
1024	0.68596834
1088	0.59775425
1099	0.60126042
1100	0.63567934
1227	0.63164662
1231	0.62113176
1259	0.60450647
1335	0.58612017
1457	0.60673156
1569	0.59961882
1584	0.56019208
1628	0.59496554
1707	0.56169633
1776	0.57490560
1822	0.59958031
1937	0.54686988
2026	0.55920010
238	0.75922548
293	0.75126149
349	0.78634990
393	0.70895029
413	0.75284942
462	0.59800328
510	0.67096303
550	0.64360039
577	0.71406892
642	0.68691737
706	0.63811660
719	0.71892336
775	0.69387635
810	0.62959846
830	0.73814778
1066	0.68475859
1137	0.57346670
1196	0.67286795
1276	0.58049218
1308	0.58236660
1360	0.58168668
1373	0.62254807
1394	0.57882577
1468	0.56796863
1494	0.55190135
1503	0.63259073
1585	0.57427944
1679	0.57412722
1832	0.56141216
1834	0.55351506
1883	0.55899720
1909	0.53939431
1985	0.54790724
354	0.76556004
471	0.75356728
569	0.74402558
767	0.66148494
835	0.64555936
949	0.65222046
980	0.66115956
995	0.64307239
1212	0.67229527
1303	0.60995985
1407	0.59820261
1421	0.59785116
1440	0.54890753
1447	0.67022346
1463	0.57383697
1788	0.57736680
1831	0.53108147
366	0.72339228
464	0.69308542
481	0.74929701
529	0.67291815
614	0.57127683
643	0.68773041
647	0.65052799
653	0.69485039
659	0.65896042
705	0.71206969
853	0.66464797
1326	0.63149054
1365	0.59536776
1438	0.60630714
1502	0.55315222
1708	0.58432645
1839	0.53140714
1969	0.55474411
1979	0.52881313
1994	0.56271110
2034	0.51021400
2058	0.52687384
284	0.79501902
363	0.73790772
379	0.66191699
384	0.74420444
399	0.77549981
448	0.69783803
451	0.71079257
480	0.66341226
489	0.68486515
562	0.70240734
668	0.65963822
675	0.68639575
805	0.68338938
913	0.65019981
975	0.62689459
1158	0.61582712
1170	0.56153263
1180	0.61382606
1213	0.58311921
1252	0.56979875
1277	0.59722365
1665	0.61066651
1728	0.57962326
1799	0.56492046
1889	0.56232597
1896	0.56050463
2024	0.55484266
2032	0.55365425
2064	0.57582693
264	0.80010705
552	0.72168890
673	0.67780309
895	0.64319566
898	0.62824884
1015	0.58405367
1092	0.64751853
1152	0.62250753
1381	0.58714170
1555	0.58065280
1676	0.57207597
1700	0.53016708
1715	0.55061747
1718	0.56856670
1784	0.54709228
239	0.74295830
285	0.79315328
356	0.69320174
408	0.70989720
561	0.69417326
724	0.71062693
741	0.74766834
904	0.61635975
924	0.69649170
943	0.62252915
981	0.62591071
984	0.67305357
1029	0.59884797
1129	0.61176322
1132	0.71181602
1291	0.62238726
1401	0.56213407
1464	0.57993050
1536	0.57554730
1597	0.60377876
1620	0.58244778
1635	0.59151525
1781	0.59188687
1863	0.55452635
1974	0.55726062
2068	0.55286149
315	0.68033089
447	0.60812934
661	0.65097365
760	0.75068494
876	0.63803485
880	0.64721844
921	0.60976651
1146	0.61131940
1183	0.69022577
1186	0.62637558
1288	0.59911506
1300	0.59517452
1351	0.56985878
1558	0.53463292
235	0.80149315
279	0.78522597
326	0.78541834
339	0.75303784
396	0.69233504
580	0.74294025
669	0.75216844
702	0.62648784
712	0.72085463
910	0.67216004
917	0.66039363
919	0.64488687
928	0.66115309
973	0.62492867
977	0.70318147
1128	0.63731371
1254	0.59127423
1269	0.62093591
1327	0.61525010
1329	0.56127191
1371	0.61864035
1433	0.62805878
1634	0.62796612
1748	0.62117973
1952	0.55837838
1967	0.55810956
2063	0.54071014
181	0.72483581
344	0.62777925
983	0.67761602
1030	0.62555792
1031	0.60431178
1107	0.65429672
1184	0.61476931
1214	0.60348012
1219	0.61255232
1238	0.63170473
1367	0.60109305
1424	0.67077008
1459	0.58872587
1783	0.56100203
1795	0.57700357
1912	0.57049990
1919	0.60776612
2014	0.55299189
515	0.75471902
650	0.67270724
753	0.58697606
778	0.73113002
1053	0.64275232
1157	0.68244546
1165	0.56684247
1266	0.61076342
1305	0.55891226
1570	0.55853118
1640	0.57932056
1820	0.55671380
1825	0.54922162
1885	0.56657983
1903	0.62656766
1984	0.53744633
2025	0.53991467
967	0.62041274
986	0.64330801
1034	0.71743938
1148	0.65423542
1194	0.64500097
1435	0.57656438
1465	0.56537732
1496	0.60915502
1849	0.54118687
209	0.76813050
251	0.77821853
297	0.70884411
439	0.71108600
452	0.76668465
660	0.74741911
695	0.66601139
745	0.68284759
823	0.66171429
887	0.59076950
994	0.70700077
1046	0.60793214
1059	0.61580569
1282	0.54876969
1287	0.61781805
1387	0.62673195
1390	0.57910145
1484	0.58696139
1509	0.56486467
1520	0.60887944
1526	0.55977819
1583	0.55162066
1808	0.54968832
1948	0.58069575
2042	0.53880656
338	0.68839672
397	0.80439797
524	0.71448620
690	0.63566815
694	0.68022780
711	0.68032674
750	0.66519662
1045	0.65980792
1067	0.71458620
1147	0.65663591
1200	0.65376670
1261	0.65349720
1314	0.63268533
1740	0.56368871
1926	0.55086303
1941	0.55787124
1951	0.54357326
1968	0.54072944
1056	0.60950463
1098	0.59007703
1153	0.56804952
1162	0.67386139
1309	0.61707616
1486	0.57266988
1629	0.59565232
1737	0.53982481
1910	0.54414720
1931	0.55563649
1959	0.58374170
2055	0.54060473
359	0.79650782
710	0.62226747
979	0.66153494
1315	0.60251458
1473	0.55374440
1657	0.55803388
2057	0.55941409
383	0.71181207
656	0.72973803
749	0.65148707
894	0.64977925
1065	0.61739488
1179	0.62190830
1202	0.69338832
1235	0.64957162
1239	0.60342056
1409	0.58789846
1425	0.61739556
1428	0.58650569
1455	0.63359228
1918	0.55679508
1996	0.55264488
1999	0.52381612
164	0.77751882
329	0.78833089
556	0.69435965
942	0.71097674
953	0.64146351
1060	0.58701380
1117	0.65230734
1380	0.60749865
1516	0.60895154
1542	0.58688002
1599	0.54000888
1613	0.54175444
1793	0.60800859
1811	0.55573465
1819	0.59725878
1827	0.57685792
1891	0.55941602
2003	0.52034054
610	0.60247413
1076	0.63319025
1876	0.54242432
616	0.73894122
819	0.70798214
840	0.60626400
951	0.62730010
1087	0.61118349
1111	0.61834768
1255	0.62384749
1332	0.56359691
1399	0.55715579
1686	0.59819488
1858	0.54564923
677	0.63873456
783	0.63064353
1221	0.65927857
1265	0.59614295
1741	0.63410463
1857	0.55143726
1940	0.56432442
522	0.74418079
902	0.68721371
1105	0.58781902
1122	0.60636081
1272	0.59567288
1280	0.56434044
1334	0.59827539
1364	0.54803707
1379	0.56210830
1441	0.55971004
1660	0.63919903
1752	0.54579431
1840	0.56580512
2041	0.51513533
589	0.74178205
906	0.63438774
968	0.63062915
1078	0.58021902
1190	0.60343697
1297	0.67894218
1353	0.60768098
1431	0.58334971
1523	0.60316332
1567	0.61316207
1854	0.54205705
1917	0.55214894
1961	0.55185019
2043	0.56227172
566	0.60930164
811	0.63183591
1001	0.58589295
1042	0.58966786
1312	0.65622201
1487	0.57151882
1800	0.60346728
1848	0.55075801
1942	0.56443465
434	0.73516448
437	0.74108446
496	0.69644566
948	0.69609237
985	0.67482162
1014	0.65500058
1020	0.58545647
1217	0.69088050
1278	0.60721795
1348	0.58886988
1458	0.63393427
1515	0.63860772
1518	0.54220280
1524	0.55322481
1615	0.62224044
1658	0.59258137
1775	0.56884865
1833	0.53745154
1902	0.56264575
2045	0.52468552
557	0.62767085
592	0.71346264
688	0.66786544
698	0.68985512
940	0.63249855
1575	0.62017597
1770	0.57650029
754	0.67327490
1294	0.58046342
1545	0.58544614
1645	0.56170029
1787	0.53596042
1997	0.57563880
202	0.78972876
1090	0.63703514
1145	0.61109180
1267	0.64554720
1410	0.57362008
321	0.76402066
965	0.66792278
1188	0.57678195
1343	0.56510994
1880	0.53876342
490	0.62553234
801	0.63080782
955	0.71905396
1311	0.59514807
1331	0.55848031
1354	0.58999952
1400	0.57880878
1806	0.57639913
1846	0.58875019
1956	0.53858446
2050	0.53757278
455	0.72892992
602	0.74612519
658	0.74356969
1124	0.56378581
1299	0.59616737
1472	0.56037268
1533	0.56932317
1593	0.59561429
1722	0.55654199
2010	0.54325019
947	0.64794971
1443	0.55105521
1653	0.63170936
1664	0.52642181
247	0.77845106
871	0.56867307
1052	0.57955483
1063	0.55623967
1456	0.55538958
367	0.72903340
1449	0.58140068
1461	0.56061737
1466	0.63950135
1534	0.55288195
1835	0.58886776
1995	0.55226737
478	0.76868967
543	0.76348813
899	0.63447500
1083	0.57854585
1199	0.64293301
1637	0.54549923
1762	0.58877220
1874	0.53128813
2065	0.53522413
331	0.73309064
756	0.59046892
863	0.64355087
1208	0.61282693
1460	0.57325840
1490	0.57296293
1587	0.56908098
1600	0.63263504
1774	0.53348851
1971	0.52101708
324	0.73627973
1077	0.68095502
1727	0.53105347
1736	0.56487983
1779	0.61464189
1817	0.54981824
2001	0.53037085
289	0.73474759
620	0.71151438
638	0.65983147
776	0.66838649
936	0.62973649
1374	0.62154257
1506	0.59203533
1612	0.60304575
518	0.75670521
903	0.66782143
927	0.62284643
1921	0.58606255
607	0.73151506
873	0.66206313
1333	0.61538446
1434	0.56492384
884	0.62723736
1370	0.62948639
1476	0.61592355
1789	0.55375956
1842	0.58878523
1933	0.54713871
514	0.66480618
728	0.63866766
862	0.72787085
1018	0.60346400
1160	0.56214044
1417	0.58285985
2059	0.57239247
374	0.71318678
1395	0.57772181
822	0.70100541
1245	0.57873340
1372	0.63167761
1950	0.53149083
644	0.70568292
704	0.70188707
1865	0.53012654
1907	0.53899228
335	0.71276863
539	0.74239015
974	0.68709025
1095	0.57399083
1225	0.60551255
1501	0.60904025
1606	0.57549373
1616	0.54008050
1709	0.54820087
1723	0.57479334
1771	0.58054266
1361	0.56545772
1791	0.53255193
1905	0.57855174
429	0.72791187
555	0.74701795
844	0.64967162
847	0.63582741
1044	0.65211091
1125	0.65641486
1772	0.54483127
403	0.74560425
1136	0.60650763
1780	0.53455019
1039	0.65811699
1359	0.57451023
1532	0.56210820
1710	0.56803678
604	0.72625405
1393	0.59055936
1397	0.61435898
1866	0.52081149
1639	0.60495589
1828	0.54073900
1958	0.55649653
537	0.71301207
1203	0.61303127
1396	0.63204459
1340	0.56864025
1427	0.57071641
1975	0.52090145
2019	0.54682847
764	0.66220068
1061	0.55568697
1592	0.62836351
1913	0.57914546
1993	0.55466641
1497	0.61313427
1517	0.55349286
2021	0.53380106
911	0.71939006
720	0.72514865
1646	0.54997606
1649	0.55638880
1507	0.55935309
1687	0.50989759
657	0.72097983
770	0.67744286
1264	0.68318485
1525	0.56188176
736	0.72592944
1406	0.63532693
1824	0.57398571
1511	0.53802761
855	0.63095029
870	0.69803263
954	0.63369363
963	0.67918822
1197	0.55419276
1338	0.58491477
1405	0.60142597
1916	0.55201988
1622	0.60630985
1887	0.53476255
1998	0.55765512
2048	0.52914643
699	0.64295637
1218	0.56870386
1922	0.54096322
1342	0.58584585
1669	0.55414961
1749	0.54480396
709	0.66369112
1582	0.56983195
468	0.75650405
1310	0.57630270
1914	0.58124517
2030	0.53260376
1172	0.57791931
1691	0.58525270
1766	0.59518880
1591	0.53664517
1765	0.57711602
1899	0.53665734
946	0.57522288
1446	0.61660801
788	0.64427751
1154	0.64894459
1957	0.55232770
1867	0.55954006
1731	0.54623552
2049	0.53507461
2047	0.52800299
609	0.58755608
907	0.65394315
993	0.58325241
1244	0.61418253
1404	0.58138041
430	0.73272664
972	0.58660106
1133	0.63325328
1938	0.55035705
1504	0.58170985
1638	0.57203224
1725	0.56303272
1992	0.54771149
2000	0.55160840
1369	0.59722259
1815	0.54307635
1816	0.54133320
1064	0.65309112
1418	0.56284498
1242	0.60094093
1140	0.65536207
1229	0.58710097
2009	0.54486284
2037	0.53842992
1346	0.58284865
1385	0.59254170
989	0.67515492
1068	0.66427934
1488	0.55986100
1692	0.58452886
2060	0.55714585
1991	0.54794720
625	0.69375685
1164	0.63466950
1837	0.57324122
1810	0.56897317
772	0.69017481
1601	0.58329392
1552	0.65524778
820	0.63774015
1573	0.57499633
1855	0.58162693
1804	0.53930251
1477	0.61170676
1697	0.53929083
1714	0.51957664
1246	0.57237326
1960	0.54244894
833	0.59748977
1586	0.57871535
1659	0.52762674
1716	0.51402442
721	0.72582230
1695	0.55297847
1735	0.58345058
762	0.65952761
1621	0.54813678
1797	0.60221207
784	0.62888745
1205	0.62693272
1610	0.54997095
2023	0.53626081
1756	0.57527394
1330	0.63715241
2028	0.55316737
1185	0.59535193
1730	0.56436931
1655	0.57314633
386	0.68743523
1805	0.52799334
1962	0.52459035
1767	0.56138736
1614	0.54538417
666	0.67549257
1963	0.53171602
2038	0.50456689
2007	0.53807905
2008	0.52493707
2071	0.54193620
1745	0.63680763
1965	0.53824421
1747	0.56560695
1868	0.53666313
1317	0.56023803
1209	0.53512326
992	0.59618919
1845	0.56753571
838	0.67527355
1032	0.69923127
1149	0.55136602
1539	0.58205145
1341	0.52395550
1890	0.58600714
832	0.73418774
1949	0.52130859
1623	0.58562037
1006	0.58937017
1930	0.57655502
1510	0.55476554
1576	0.53493658
708	0.55842210
2029	0.52879817
2018	0.54475531
1977	0.54916178
950	0.54325280
1724	0.56427288
1964	0.52528359
1426	0.52087519
1987	0.55118890
1483	0.55551988
1934	0.52000492
1572	0.55364788
1954	0.51547954
2035	0.52444131
1753	0.54173890
1929	0.50832017
1271	0.61672046
1884	0.52453398
1853	0.51150261
2005	0.52169865
