0	0.80505597
1	0.80502599
2	0.77699520
3	0.80329455
4	0.80524178
5	0.80493583
6	0.79881399
7	0.80508516
8	0.80528296
9	0.80494893
10	0.80509725
11	0.80503288
12	0.80479520
13	0.80509315
14	0.80506977
15	0.80512724
18	0.80511064
21	0.80488526
22	0.80461539
24	0.80501649
28	0.80490415
30	0.80529165
31	0.80485057
33	0.80485677
34	0.80485547
37	0.80491444
38	0.80490565
42	0.80503728
43	0.80456332
46	0.80505207
48	0.80404318
51	0.80420880
57	0.80509105
60	0.80481219
67	0.78796572
68	0.78620620
71	0.80082409
74	0.80390435
81	0.80379610
82	0.80031514
85	0.79181959
88	0.79884988
90	0.80154013
95	0.78529795
102	0.80111134
103	0.78772104
120	0.80247986
121	0.79171764
125	0.79480470
132	0.79901639
140	0.78747726
145	0.79277391
148	0.79952494
151	0.79254533
154	0.80399120
172	0.75092254
186	0.79698201
188	0.79688976
190	0.70102489
191	0.78926537
201	0.74837161
204	0.79999170
217	0.80294093
223	0.77827826
232	0.76059020
246	0.76045817
248	0.78607176
252	0.76601329
265	0.77436132
274	0.76794903
277	0.71619860
305	0.76687716
312	0.73513673
334	0.74201049
335	0.69769295
343	0.76603238
345	0.76918111
359	0.78436892
361	0.76968176
362	0.71509485
393	0.73845297
394	0.77784208
399	0.77567026
400	0.69166457
405	0.66671804
431	0.70436552
433	0.73391804
450	0.62359070
458	0.73686107
464	0.76162839
466	0.63557781
472	0.77119530
485	0.66506097
491	0.71370265
492	0.68374783
519	0.68208926
521	0.73126077
556	0.72265547
565	0.67291894
588	0.68246537
607	0.68481309
616	0.69785087
622	0.61668146
624	0.64290925
627	0.73273383
645	0.70331044
648	0.59742129
665	0.62595422
667	0.73059620
681	0.66534703
688	0.62125677
709	0.64561259
754	0.68362339
791	0.71160820
796	0.63725787
805	0.65254853
807	0.66105027
809	0.60076352
832	0.66761229
835	0.66567496
837	0.69388566
849	0.64060320
850	0.65957191
868	0.65066807
897	0.70553843
900	0.66786447
901	0.60959500
902	0.70754943
910	0.66984028
912	0.61617071
918	0.59869945
936	0.67215142
944	0.63738411
973	0.65160510
1006	0.55441319
1023	0.59853163
1061	0.64060080
1068	0.55920170
1082	0.62239550
1088	0.60096872
1110	0.63263028
1116	0.60013203
1125	0.58569715
1126	0.60430825
1130	0.58803738
1161	0.63005617
1175	0.58596762
1181	0.62202289
1197	0.59126727
1202	0.64588136
1203	0.59346637
1231	0.60952634
1237	0.62018711
1249	0.58811454
1254	0.54278961
1267	0.56063868
1344	0.59389005
1363	0.61374043
1375	0.61698091
1377	0.63766807
1383	0.60766037
1404	0.55601499
1405	0.63614423
1426	0.59121589
1437	0.59315752
1446	0.53668186
1462	0.57097371
1474	0.60029965
1476	0.58581449
1481	0.57333043
1486	0.57521609
1487	0.58085107
1488	0.60860510
1490	0.59098151
1496	0.62094923
1510	0.57746487
1536	0.58770965
1556	0.55034253
1573	0.58452754
1575	0.60095422
1627	0.59212054
1629	0.62279530
1656	0.58626757
1676	0.58309215
1678	0.57462129
1718	0.61167706
1800	0.54677451
1821	0.54319210
1866	0.54330465
1964	0.54751504
1979	0.54591904
1988	0.56701409
1996	0.53742269
17	0.80485767
20	0.80509315
23	0.80523818
26	0.80474223
32	0.80505957
55	0.80447656
73	0.80467116
76	0.79780530
93	0.80377721
105	0.80268256
134	0.80471844
157	0.77629355
183	0.78339020
247	0.77898051
294	0.71934793
298	0.69965697
300	0.71215012
319	0.76056612
349	0.66558831
377	0.69382119
378	0.64365097
396	0.69003558
480	0.74864238
512	0.70643928
559	0.66486307
573	0.70127016
574	0.70186547
586	0.69262819
604	0.68026297
625	0.65302489
628	0.66019560
674	0.71086537
714	0.67541259
740	0.59031224
741	0.66497661
908	0.65303708
942	0.62320960
976	0.61081789
1025	0.66458831
1029	0.60471584
1069	0.60220140
1070	0.66843088
1111	0.67096852
1275	0.59005487
1293	0.60419310
1317	0.59131004
1381	0.58701699
1477	0.56846297
1493	0.55362279
1534	0.60348566
1546	0.60010645
1587	0.59241069
1603	0.57630505
1667	0.55973223
1777	0.57025477
1785	0.55189145
1913	0.53909875
1933	0.53516052
1985	0.55588186
52	0.78615422
87	0.79677151
117	0.80341159
147	0.79729865
158	0.80106207
245	0.68932464
269	0.75363378
391	0.71620740
613	0.68977801
623	0.65722259
729	0.68050335
862	0.62713413
904	0.62928236
1252	0.59574203
1401	0.59070055
1494	0.55865087
1565	0.59426007
1702	0.58353133
1960	0.55279660
45	0.79467276
122	0.80474453
133	0.78189365
167	0.77923878
175	0.76745787
193	0.79601059
256	0.69611574
278	0.75374203
281	0.79219580
320	0.77632904
322	0.67560620
326	0.76807676
385	0.67470395
439	0.75806147
445	0.75196622
496	0.74513783
553	0.68930015
577	0.60566287
594	0.76352744
621	0.67605477
643	0.66719750
801	0.68356392
818	0.67105157
826	0.66645277
996	0.59675032
1106	0.69495602
1156	0.61670095
1183	0.62502019
1332	0.61720000
1420	0.60200900
1620	0.55922839
1634	0.61154853
1683	0.57050025
1762	0.54540770
1783	0.62901909
1875	0.55554273
19	0.80512764
25	0.80480650
29	0.80433963
35	0.80474863
39	0.80479650
40	0.80251624
44	0.80482869
47	0.80513743
50	0.80386587
56	0.80494593
104	0.80382079
149	0.78713403
153	0.77461349
182	0.77095472
197	0.79979160
199	0.78701539
205	0.78898291
227	0.80214503
253	0.79326897
257	0.79052604
296	0.70035392
306	0.67597771
331	0.67349005
348	0.76819890
363	0.76161429
372	0.73349315
383	0.62685967
390	0.75206327
430	0.64986637
440	0.64221919
446	0.72355222
543	0.59245917
550	0.64225407
582	0.67609815
585	0.70146777
737	0.59134813
766	0.63317431
779	0.71221099
827	0.60456512
875	0.63716422
924	0.70908486
947	0.67255762
977	0.63982499
1007	0.60207966
1019	0.62398181
1022	0.57529505
1048	0.57944378
1065	0.67397451
1119	0.64538361
1164	0.56364118
1225	0.65198731
1241	0.56730835
1251	0.66497031
1256	0.56654623
1258	0.53415412
1274	0.65862219
1318	0.59848216
1327	0.60087806
1331	0.54332634
1345	0.65961969
1347	0.63667546
1367	0.60431474
1373	0.58867106
1447	0.57966917
1470	0.54348996
1524	0.56705587
1550	0.56261099
1569	0.57047916
1577	0.55082789
1591	0.57692434
1605	0.58471324
1672	0.54331034
1685	0.55465557
1692	0.55791494
1732	0.55848766
1772	0.55674593
1816	0.57727336
1877	0.56594503
1883	0.54339980
1895	0.55830005
1975	0.58733583
1984	0.53102949
16	0.80516392
36	0.80473513
58	0.80245437
70	0.80173943
91	0.78443118
92	0.80317961
97	0.80447176
115	0.79629265
128	0.80370295
141	0.69642769
156	0.80051254
185	0.79095592
212	0.73664168
213	0.74701799
215	0.77107026
228	0.78261109
233	0.74395912
280	0.66452984
284	0.72975832
339	0.70708156
411	0.73704378
513	0.76901939
514	0.60897991
515	0.64942109
524	0.74640660
575	0.66439110
593	0.76670255
598	0.69521869
639	0.70409305
644	0.69751234
675	0.69402669
736	0.67915472
781	0.59063558
792	0.62241089
883	0.70568776
906	0.64836732
907	0.64728226
982	0.63415112
986	0.59900910
989	0.63025327
1030	0.64935682
1050	0.68491584
1057	0.68085757
1139	0.60499280
1257	0.57553113
1314	0.61755992
1376	0.57992754
1398	0.62071444
1403	0.57429725
1554	0.58253913
1608	0.54247886
1635	0.58031354
1658	0.54956372
1699	0.54855282
1716	0.56274903
1725	0.57278181
1764	0.57760470
1789	0.55895292
1801	0.54000020
1819	0.54125027
1831	0.54182589
1835	0.55738181
1928	0.54275892
116	0.77870085
118	0.80205337
152	0.80048286
207	0.77006817
218	0.68140990
291	0.79429865
292	0.76459970
316	0.76244238
495	0.66426097
500	0.75033813
580	0.77977121
793	0.62982619
895	0.74425697
927	0.66123128
948	0.62746127
1004	0.63742529
1028	0.61842019
1107	0.62227976
1220	0.62722939
1243	0.54426217
1266	0.57609185
1284	0.65189995
1288	0.65248636
1308	0.63601559
1349	0.66451344
1632	0.58922689
1636	0.56797501
96	0.79419900
99	0.80000920
126	0.79748276
131	0.79850845
159	0.79384888
160	0.72318781
168	0.78443368
231	0.78158111
267	0.76465077
276	0.78929765
308	0.74598711
328	0.73100510
369	0.74454763
402	0.70786307
453	0.76503458
457	0.75581819
482	0.72041619
511	0.74485497
534	0.62699220
555	0.67007446
587	0.70991174
631	0.72031274
640	0.70721799
663	0.71140120
723	0.68808826
768	0.58872704
780	0.64081359
834	0.68811864
856	0.66974053
899	0.69983968
1012	0.62372344
1038	0.63111474
1117	0.61609505
1185	0.65802999
1186	0.59062189
1218	0.67663898
1264	0.61250655
1339	0.54396672
1341	0.63370995
1361	0.61398381
1397	0.54706997
1431	0.53795172
1529	0.56716442
1609	0.57506037
1646	0.55281569
1671	0.55328716
1684	0.56473993
1860	0.55247486
1939	0.54160610
69	0.80479590
189	0.72996312
220	0.70410615
222	0.80180350
230	0.79978001
237	0.74337681
286	0.75335002
293	0.72306197
302	0.73399420
318	0.74762199
342	0.73832004
364	0.77489555
367	0.68173843
374	0.74833053
375	0.71037311
384	0.76446467
397	0.77237351
407	0.74718581
408	0.70164638
478	0.73929095
481	0.71236532
506	0.74301639
571	0.68243128
620	0.67905337
650	0.72044548
672	0.72153763
678	0.61573853
775	0.65546137
819	0.60457011
841	0.64940810
888	0.67793133
958	0.57213633
997	0.64897991
1005	0.63827446
1026	0.70789155
1129	0.65180280
1133	0.58806117
1143	0.65343988
1145	0.55440130
1163	0.67070735
1182	0.63929385
1217	0.58518851
1244	0.60008786
1273	0.59195992
1280	0.57201339
1393	0.60103318
1421	0.56260540
1450	0.59268676
1457	0.55811174
1530	0.57710575
1560	0.56223138
1583	0.56098561
1673	0.57307736
1712	0.58621719
1756	0.54299030
1798	0.54141639
1805	0.54680600
1823	0.57906787
1911	0.58322899
1925	0.53974343
1940	0.55124628
1941	0.56898761
1949	0.55459610
1990	0.56464028
27	0.80499640
41	0.80404168
49	0.80494863
54	0.80117701
72	0.80506217
79	0.78875882
83	0.80309625
89	0.77918861
113	0.78083258
138	0.80162509
142	0.79664208
166	0.74334103
176	0.80406317
219	0.77802009
221	0.77330055
226	0.67448326
240	0.73228526
244	0.73355472
250	0.69613843
261	0.69634293
273	0.78571244
279	0.75720780
283	0.80200250
327	0.73636732
329	0.78482909
333	0.72248196
341	0.61116472
360	0.78195092
373	0.72610845
381	0.75126577
392	0.68847466
414	0.78490435
422	0.68669785
434	0.78516802
455	0.72762299
488	0.70298451
490	0.73150965
497	0.66316852
522	0.69258771
549	0.61937541
558	0.67631634
603	0.74411684
652	0.64241539
656	0.65864438
659	0.65145867
664	0.72480380
673	0.65057191
697	0.71051214
703	0.64820450
706	0.60862129
719	0.59621049
753	0.73513463
756	0.63489415
765	0.63567186
794	0.67523338
860	0.65990635
887	0.69970755
898	0.63171834
935	0.55923208
950	0.64841139
962	0.63776792
1051	0.57552974
1058	0.58301849
1084	0.64905657
1100	0.61934793
1153	0.63022749
1155	0.56884548
1171	0.59751594
1215	0.60417681
1329	0.58099500
1335	0.61997981
1387	0.60704888
1392	0.59576612
1400	0.59368606
1458	0.59883268
1460	0.56273593
1466	0.56102729
1503	0.58498201
1537	0.53460770
1571	0.55117431
1581	0.56280490
1584	0.58936562
1599	0.56037701
1639	0.58927366
1642	0.57853943
1665	0.55367406
1670	0.57173193
1680	0.56548276
1720	0.56482879
1747	0.55507126
1775	0.56894813
1782	0.51500490
1796	0.55980970
1811	0.53079890
1822	0.58164398
1838	0.53760330
1851	0.53619250
1861	0.56015722
1889	0.53290625
1942	0.54141139
1992	0.56324818
61	0.80154433
63	0.79827906
84	0.80502609
86	0.79558871
98	0.80452464
106	0.78241739
107	0.80382389
109	0.80159500
114	0.79967986
130	0.79677261
162	0.79896302
173	0.79090145
184	0.76185897
211	0.74943648
241	0.75248306
243	0.78655892
251	0.66140260
282	0.75099780
307	0.71431474
344	0.76212254
350	0.75571244
352	0.73211934
353	0.72699100
370	0.70710915
459	0.72867186
465	0.76484198
468	0.76512924
475	0.73127826
486	0.76233433
487	0.67617471
494	0.76283828
502	0.67187696
505	0.68977631
510	0.72727816
539	0.77122479
552	0.74507956
566	0.69937841
578	0.67640980
597	0.66353783
611	0.63814063
630	0.66430275
658	0.68245757
676	0.70385057
682	0.68942379
704	0.59541789
718	0.66530025
730	0.73018971
790	0.58268126
821	0.76512124
828	0.63396142
829	0.72587506
858	0.63145007
878	0.65646267
905	0.68205217
914	0.64487486
925	0.61664708
930	0.62921379
934	0.70022569
941	0.57262959
949	0.62181589
1032	0.60018891
1041	0.62597771
1087	0.63656542
1104	0.60863228
1112	0.58793263
1189	0.60179010
1250	0.57753813
1272	0.59525527
1326	0.57063378
1336	0.58741829
1340	0.60240810
1346	0.62591334
1353	0.58458941
1408	0.56087536
1473	0.58245537
1497	0.54383748
1500	0.58717461
1535	0.55369465
1549	0.60816372
1600	0.55204058
1617	0.58083388
1706	0.58420670
1787	0.53468656
1878	0.55892294
1888	0.54645727
1931	0.55374573
62	0.80447566
65	0.80356642
165	0.79253093
206	0.80328826
216	0.75536832
229	0.77846457
238	0.75409625
271	0.61094983
309	0.78404168
337	0.73599210
357	0.68341039
388	0.75069225
412	0.76607926
415	0.72252224
428	0.68799570
429	0.70380210
436	0.66658831
469	0.68365697
476	0.67885417
507	0.72372754
547	0.74095562
608	0.67098561
614	0.70727956
641	0.76099090
668	0.75196652
671	0.69916482
738	0.64018761
739	0.64343558
747	0.67803758
770	0.64718521
785	0.70639870
815	0.64917321
817	0.65957761
919	0.60684958
1033	0.61116412
1052	0.58210665
1067	0.66019480
1136	0.62612014
1141	0.66191764
1219	0.57363028
1222	0.61337481
1262	0.68308206
1269	0.54012844
1324	0.60245537
1366	0.66829335
1395	0.67446027
1424	0.61078131
1425	0.60631234
1484	0.55352854
1491	0.56413523
1517	0.56490585
1544	0.54880240
1557	0.59521479
1664	0.55750755
1689	0.52737641
1709	0.57974663
1765	0.54702609
1803	0.57567686
1839	0.55137491
1884	0.54782979
1953	0.59160670
1956	0.55609875
1993	0.54423628
53	0.79263998
59	0.80401969
75	0.80480880
80	0.78974543
100	0.80025667
135	0.78769365
136	0.80128896
150	0.78055392
171	0.79587686
178	0.79571634
242	0.77200660
263	0.77334713
270	0.77606297
275	0.71880140
311	0.73243098
332	0.78491394
386	0.67219590
404	0.73285637
413	0.73816802
418	0.75988616
460	0.72884368
467	0.69619860
537	0.73578791
548	0.71916512
557	0.64634663
637	0.69073243
677	0.63370945
715	0.71010765
727	0.69356602
731	0.71233053
745	0.70190325
746	0.70017481
808	0.64238581
811	0.66280330
844	0.67533103
855	0.66900640
864	0.63428186
881	0.59790005
946	0.67355222
952	0.58176882
1016	0.63003738
1040	0.57190445
1049	0.66426727
1173	0.59340550
1194	0.60011194
1239	0.62484128
1281	0.66396002
1282	0.64281769
1369	0.60915502
1384	0.59608096
1413	0.58432454
1414	0.55301229
1461	0.60266527
1521	0.55210255
1531	0.58227206
1596	0.59790965
1601	0.55671584
1631	0.54762809
1645	0.59069085
1657	0.58659230
1682	0.54353193
1690	0.58099140
1717	0.55381429
1832	0.57099300
1865	0.55953193
1891	0.58513753
1909	0.54951864
1952	0.56241029
1967	0.54771604
1969	0.56302599
101	0.79639470
123	0.76164008
155	0.77713423
180	0.65334083
187	0.74626427
194	0.76199010
208	0.72741879
210	0.79808766
288	0.77002079
315	0.76358211
325	0.77413113
368	0.76218161
379	0.74607356
395	0.75874123
409	0.74718191
420	0.72762969
456	0.66733433
461	0.68541949
483	0.70315942
498	0.74019520
504	0.68149225
509	0.69591504
554	0.73014563
561	0.69812914
601	0.59826757
606	0.66009895
634	0.64606927
651	0.66160260
654	0.77102469
660	0.68708426
666	0.65381969
683	0.63121009
755	0.64455842
795	0.65711904
879	0.68687846
892	0.64696782
920	0.63653683
921	0.60324978
955	0.62402699
978	0.64736632
979	0.63595972
983	0.61257111
985	0.63980390
1053	0.64376932
1090	0.67349585
1109	0.61142989
1134	0.58193433
1190	0.59436332
1270	0.58016052
1294	0.57820010
1309	0.55754653
1316	0.59674953
1319	0.58258811
1350	0.56412484
1435	0.60041809
1440	0.57580330
1449	0.59667026
1505	0.57033703
1523	0.54860470
1528	0.64917131
1540	0.58749265
1568	0.59101159
1626	0.57384168
1644	0.57908246
1666	0.59638661
1713	0.55461649
1722	0.59566637
1759	0.55398571
1760	0.52231714
1808	0.55674073
1905	0.53342299
1917	0.55951294
1923	0.58544148
1930	0.53901499
1943	0.55892284
1962	0.53551834
1980	0.55874923
1981	0.56122359
1991	0.53733703
1998	0.53567296
1999	0.54682219
66	0.80365867
161	0.77380870
203	0.78776782
321	0.69561679
351	0.73642059
366	0.70796772
452	0.73417561
499	0.71994293
583	0.67546107
584	0.66461599
626	0.74606697
662	0.62272624
679	0.63651264
685	0.67622429
693	0.69651944
750	0.60382899
752	0.72047226
774	0.63045577
788	0.71304948
810	0.72372564
814	0.61204008
823	0.59864298
843	0.64285357
880	0.57053373
994	0.55789215
999	0.59616772
1002	0.72962039
1017	0.63457871
1047	0.61133093
1054	0.64874953
1118	0.69401929
1176	0.63014393
1238	0.62033043
1245	0.56812614
1374	0.62849255
1467	0.59109245
1495	0.56693853
1518	0.58028216
1520	0.60452344
1545	0.54938131
1555	0.57320730
1621	0.55344478
1630	0.59437391
1686	0.58412884
1721	0.56616082
1724	0.56083338
1735	0.57723128
1807	0.54638131
1863	0.57196682
1896	0.57231734
1902	0.57209915
1937	0.54631124
1968	0.56996122
1972	0.56416882
110	0.80377561
119	0.78475972
214	0.77843388
323	0.75052904
365	0.71069855
520	0.68738411
526	0.68720000
544	0.67676232
545	0.74451714
572	0.69914553
576	0.76402409
698	0.63763168
759	0.66742139
871	0.69667976
987	0.66602529
1056	0.68888266
1083	0.59558111
1148	0.64374103
1168	0.60414803
1174	0.65860690
1205	0.59381669
1211	0.57752664
1223	0.59736482
1271	0.69709715
1277	0.62206607
1291	0.61349475
1298	0.59965657
1358	0.63634603
1428	0.60550635
1559	0.57017691
1576	0.57858621
1616	0.59278891
1745	0.55762439
1749	0.57409815
1766	0.59972604
1793	0.58326307
1815	0.52046827
1885	0.53792984
1955	0.55944388
137	0.79261099
139	0.79926237
177	0.79080910
179	0.80308056
249	0.78745227
304	0.77759720
338	0.78865217
398	0.76212944
410	0.70254653
424	0.74808346
449	0.71370095
484	0.69055622
569	0.69158341
605	0.71813003
655	0.66490055
695	0.68721519
711	0.74099010
722	0.74654143
782	0.69101819
806	0.67610205
845	0.59646617
873	0.65070935
891	0.62970565
915	0.59757291
923	0.70473813
929	0.62132554
937	0.56985317
939	0.64801029
1008	0.65570985
1091	0.60705287
1124	0.68230425
1132	0.58836282
1137	0.61942479
1196	0.58436192
1200	0.62373783
1206	0.57086137
1230	0.56237581
1268	0.55132334
1297	0.61113683
1315	0.56447426
1364	0.61272474
1419	0.61107326
1432	0.58256462
1448	0.61814493
1455	0.54835642
1482	0.59017981
1563	0.56235062
1614	0.55640150
1643	0.56236672
1719	0.54640090
1734	0.54206367
1769	0.55623148
1788	0.58457561
1894	0.54886767
1901	0.56796842
1944	0.55043718
1963	0.54262129
1971	0.52869675
1976	0.54287256
129	0.77854853
313	0.71931604
314	0.77040780
317	0.76236932
527	0.74499340
653	0.75238931
702	0.64510035
707	0.61938541
717	0.65756562
744	0.71201239
799	0.63173053
893	0.68754583
909	0.67528226
972	0.66952294
991	0.63843858
1031	0.61350795
1098	0.62320870
1234	0.67342289
1253	0.61003268
1278	0.54582649
1378	0.64697501
1429	0.55742709
1454	0.53840660
1459	0.63110965
1548	0.56553603
1566	0.65299870
1740	0.55979920
1743	0.56169585
1850	0.56416232
1881	0.55600050
1958	0.56420820
1989	0.55982649
146	0.77633533
164	0.79617501
297	0.75601129
303	0.72720370
347	0.76797981
591	0.67343318
732	0.70217411
762	0.68180920
830	0.61075982
1039	0.55805637
1044	0.67510855
1099	0.58292634
1162	0.63379060
1255	0.64705447
1310	0.57419100
1809	0.53224558
1870	0.54865537
64	0.80464368
77	0.80115472
78	0.79836482
111	0.79331564
112	0.79041869
163	0.80362189
235	0.75883388
255	0.72644468
401	0.66096692
531	0.70841819
538	0.70587426
581	0.71248916
596	0.71501859
612	0.70991304
661	0.66889735
689	0.74940720
692	0.67480170
710	0.68506867
720	0.64135172
742	0.67508126
783	0.68279330
803	0.64328576
816	0.62248636
876	0.69177991
917	0.60797431
931	0.66986267
1020	0.59481599
1095	0.65590465
1096	0.64333103
1152	0.61172044
1207	0.57407556
1212	0.67137311
1224	0.65670265
1247	0.59527766
1259	0.65048996
1283	0.57221509
1285	0.60597591
1354	0.57943418
1382	0.64756012
1578	0.57688696
1593	0.54563058
1607	0.57324778
1700	0.58624768
1730	0.56433803
1753	0.55691534
1795	0.60485287
1802	0.58470685
1812	0.55594223
1854	0.55141109
1957	0.57201999
1994	0.54562869
143	0.77788016
225	0.73394683
259	0.74718011
264	0.75106137
387	0.73511764
441	0.74331114
463	0.77057701
493	0.75631074
501	0.70423418
535	0.66388886
551	0.72468916
564	0.69718121
728	0.60260150
760	0.67252594
854	0.62462409
859	0.66707596
877	0.63406457
945	0.63554293
959	0.65973403
1059	0.59604408
1213	0.67136042
1334	0.56515552
1368	0.59287606
1394	0.57697251
1543	0.55616022
1567	0.63681469
1574	0.58754353
1638	0.54980600
1662	0.55583658
1675	0.56376412
1695	0.55323668
1746	0.56430505
1750	0.56757881
1758	0.56513723
1778	0.52742099
1907	0.56926577
258	0.76562659
340	0.77000530
358	0.67770435
417	0.75303798
432	0.70246537
437	0.73890195
595	0.67558261
599	0.75801859
600	0.68631354
680	0.63779360
700	0.70873663
751	0.69755712
771	0.66393873
957	0.56156492
984	0.68797451
988	0.66080250
1179	0.62970385
1260	0.59423198
1371	0.58844368
1390	0.59952104
1418	0.58286127
1472	0.58508506
1525	0.53062409
1623	0.55814403
1652	0.56999730
1898	0.52328746
1950	0.55490945
127	0.79814863
144	0.74561599
196	0.79976902
198	0.77680720
239	0.61658171
442	0.75124828
536	0.77792504
769	0.73850415
825	0.69089455
857	0.69205977
903	0.58268696
961	0.61767606
1062	0.69259310
1077	0.59737931
1085	0.58221749
1093	0.62728806
1158	0.63967156
1170	0.60992374
1184	0.62964178
1304	0.57880400
1348	0.57006437
1456	0.56741809
1606	0.58079120
1663	0.57912954
1794	0.57680850
1804	0.57412484
1827	0.56106557
1910	0.54747766
1916	0.54622709
108	0.76648066
192	0.80024948
260	0.75182969
310	0.79695332
336	0.72321629
346	0.68796892
443	0.72908726
546	0.73006797
629	0.66228406
735	0.68056202
867	0.68658921
913	0.63159950
974	0.68602729
998	0.57055502
1157	0.56568126
1351	0.61645017
1452	0.58652404
1547	0.57951364
1602	0.56039290
1625	0.56070365
1677	0.59100060
1693	0.56152204
1701	0.56748626
1774	0.53432234
1828	0.53432374
1873	0.55724418
1915	0.57888886
268	0.77985267
272	0.68521219
287	0.76466337
295	0.68712064
355	0.75255592
438	0.76748146
447	0.78824038
473	0.76762879
503	0.69666937
609	0.67484358
669	0.67699220
776	0.72152834
863	0.70317401
990	0.69304008
1014	0.60420720
1021	0.57561699
1075	0.60328056
1076	0.64036682
1080	0.65295762
1226	0.56645737
1355	0.60258571
1410	0.55921299
1415	0.54953003
1624	0.57492244
1729	0.55580970
1744	0.55964508
1862	0.54161489
1908	0.55358331
1973	0.54122349
124	0.79909685
174	0.80198951
234	0.75716252
290	0.70315022
421	0.76470555
435	0.66812664
525	0.73921249
533	0.71601969
579	0.72869995
602	0.63836642
712	0.74779290
713	0.65493333
773	0.64788496
846	0.62126587
852	0.69601569
890	0.62803828
1010	0.71671884
1018	0.59725737
1036	0.57005827
1037	0.66028996
1073	0.68158751
1103	0.57731424
1138	0.56429075
1166	0.57954353
1229	0.67760630
1299	0.60816202
1337	0.61574413
1542	0.56654233
1562	0.57866927
1655	0.55228176
1660	0.53293433
1840	0.56281499
1924	0.55287816
1926	0.58063168
200	0.76527266
419	0.75590985
540	0.70974683
592	0.74689295
646	0.66543718
699	0.60415762
772	0.72957951
839	0.65522409
866	0.60015372
911	0.67111524
1009	0.64901189
1071	0.60875412
1300	0.59396492
1391	0.58968446
1539	0.59548326
1570	0.58260480
1633	0.53798901
1707	0.55195432
1867	0.55648416
1869	0.54139420
1871	0.55251634
1938	0.54940940
1945	0.56543068
1961	0.53334073
1977	0.54645097
1986	0.53604818
254	0.73088586
262	0.77546637
470	0.75182139
705	0.61239520
884	0.69802749
1079	0.69194523
1242	0.64870725
1422	0.52581599
1509	0.55253563
1513	0.62298111
1558	0.61015312
1589	0.59425837
1833	0.55701629
266	0.76541549
426	0.68565887
444	0.65450685
749	0.65623938
764	0.70430915
789	0.70956322
840	0.65471444
882	0.54792864
964	0.63645147
1078	0.63383148
1086	0.62338601
1128	0.58682649
1165	0.61142069
1210	0.57334023
1362	0.61480280
1498	0.59652864
1595	0.55208926
1659	0.55843218
1679	0.55854503
1813	0.54255662
532	0.72709465
1289	0.55838231
1501	0.56633943
1921	0.57870185
94	0.80404488
324	0.76615602
403	0.74312944
542	0.71694873
847	0.67443618
851	0.57736402
886	0.62824488
1154	0.62860880
1188	0.58153173
1201	0.59969355
1276	0.57406257
1463	0.56264348
1471	0.58887986
1615	0.55866267
1650	0.55823208
1742	0.57919180
1790	0.54902729
1836	0.57364458
1842	0.58913463
1845	0.56442629
224	0.71234213
427	0.71569545
448	0.70550695
570	0.70372054
635	0.65652124
684	0.72225847
690	0.72593243
872	0.69595562
874	0.64685277
975	0.61146867
1522	0.56616732
1561	0.58805967
1585	0.59114103
1588	0.57645997
1715	0.54410415
1771	0.56712024
1799	0.52712414
1897	0.54697061
1995	0.55175042
285	0.72366547
454	0.68012324
529	0.74276842
567	0.66790305
589	0.67004478
657	0.64956092
758	0.62717401
932	0.55984928
943	0.59275302
992	0.56409455
1178	0.63729675
1279	0.68715192
1464	0.61573363
1506	0.57358291
1826	0.53027936
181	0.72254693
354	0.76269425
508	0.75574253
516	0.71426797
617	0.62253133
743	0.72912094
951	0.67085977
1015	0.62955282
1216	0.56708696
1232	0.60373673
1290	0.57009375
1306	0.55464888
1492	0.59713013
1688	0.59180800
1903	0.55309395
1936	0.53153783
2000	0.53441019
356	0.75295772
619	0.70284618
721	0.60920260
787	0.69791054
954	0.58771744
1122	0.62114433
1240	0.55265477
1261	0.63641059
1417	0.61510225
1480	0.63322489
1485	0.60035632
1511	0.55612404
1728	0.60170675
1856	0.53926077
1912	0.59342909
169	0.79420210
560	0.66651654
963	0.73634273
1160	0.57960430
1302	0.64437651
1407	0.55114043
1433	0.55955552
1592	0.53179570
1612	0.57648846
1974	0.55886047
389	0.73487016
474	0.68671384
528	0.67439840
638	0.66247046
853	0.68073103
1072	0.62065947
1193	0.62280100
1195	0.54297921
1372	0.56783508
1386	0.55708866
1572	0.57628396
1579	0.64759340
1580	0.56905897
1703	0.58521379
1779	0.54913213
1818	0.57284998
236	0.72399580
471	0.71063908
642	0.66718341
708	0.64574093
797	0.66997411
870	0.64185657
940	0.72034823
967	0.68438491
1338	0.55248936
1508	0.60026177
1622	0.59769645
1810	0.54356592
382	0.74986457
562	0.71592234
691	0.64942779
748	0.69183678
836	0.57068996
938	0.63461939
1233	0.57771874
1311	0.54620010
1370	0.54311404
1441	0.62512544
1526	0.55438291
1727	0.58585367
1754	0.57816292
1855	0.52921639
800	0.68155572
812	0.58925407
865	0.71857701
1514	0.52862779
1641	0.53702409
1736	0.54655402
1738	0.55066307
1761	0.57037781
1899	0.55181659
1919	0.55193513
767	0.63519870
1356	0.58933193
1515	0.61370585
1519	0.58229055
1552	0.57806777
618	0.71717481
1081	0.64012684
1172	0.66942469
1192	0.63151854
1611	0.55763098
1970	0.56537671
299	0.75260830
462	0.77240080
523	0.58856352
636	0.72586657
696	0.68729695
1115	0.58095302
1248	0.64283828
1295	0.59672444
1483	0.63208786
1739	0.58214853
1767	0.59383398
1927	0.56822319
380	0.69294563
477	0.71992054
647	0.63406297
701	0.71177151
1011	0.66004748
1042	0.67103728
1055	0.67457611
1604	0.56993483
1619	0.59206947
1661	0.60295402
1959	0.55678411
289	0.77767626
423	0.70645327
726	0.68378961
833	0.60559680
889	0.61792804
933	0.59992724
1000	0.65825287
1097	0.65116112
1101	0.57830755
1209	0.59825597
1312	0.56126297
1320	0.58595292
1359	0.57552764
1844	0.57325717
1893	0.56392314
1412	0.60317011
1797	0.55677271
1848	0.57450895
330	0.70327396
406	0.74578691
724	0.66029925
733	0.66443158
1886	0.52755952
1914	0.56118591
1983	0.57409495
195	0.77507056
784	0.63193973
798	0.71503648
971	0.55871784
1140	0.59216002
1149	0.68459420
1402	0.54246497
1445	0.55002129
1541	0.58047996
1773	0.53866017
1887	0.54620050
633	0.71336452
725	0.59131224
1074	0.66115322
1159	0.69317311
1597	0.58007656
632	0.68658321
926	0.62681949
1187	0.58489135
1342	0.66289505
1396	0.62179570
1489	0.59361519
1499	0.61675722
1610	0.62056932
1697	0.56741649
371	0.74722789
425	0.73491644
993	0.60497301
1399	0.59449815
1409	0.55615862
1710	0.51277131
1776	0.54972774
1829	0.55874713
1852	0.55444268
894	0.65877191
1144	0.59789355
1874	0.58086907
1303	0.59835502
1502	0.60294213
953	0.64418711
1035	0.61612254
1092	0.58098511
1108	0.62962939
1357	0.59551344
1323	0.55873743
1618	0.59133323
1691	0.54880490
301	0.76427626
376	0.74638601
820	0.58734663
1046	0.59327096
1214	0.59894143
1236	0.61748516
1321	0.54676652
1479	0.55200210
1825	0.53246947
1868	0.54573023
1932	0.53608146
615	0.71954213
777	0.70998221
802	0.68076122
869	0.65290515
928	0.64914573
1027	0.65193163
1146	0.61559120
1416	0.57430545
1439	0.56633553
1951	0.53125587
170	0.79422029
813	0.61962819
824	0.72554983
965	0.65282999
969	0.67137281
1089	0.58341619
1465	0.58832994
1698	0.58633063
1654	0.56915902
687	0.66005387
804	0.62015792
1287	0.59571984
1442	0.59141389
1806	0.52982149
1892	0.60272394
1978	0.52119170
209	0.76953653
416	0.74364588
1094	0.69420770
1147	0.70698651
1228	0.59705197
1328	0.61472234
518	0.78090485
1613	0.59832284
1651	0.55140690
1859	0.53707496
530	0.66055632
838	0.65546997
1527	0.55152174
1647	0.60638211
479	0.72596122
848	0.60784408
960	0.71750735
1024	0.57360070
1301	0.62005737
1307	0.55267246
1763	0.54739030
694	0.67115012
778	0.67596162
1436	0.62190745
1628	0.54771014
1864	0.54821809
670	0.66191204
1060	0.60310255
1708	0.52930505
1752	0.51798021
1131	0.63122789
1286	0.64998451
1841	0.54634273
1935	0.57977661
489	0.65400030
1507	0.57320730
1696	0.59359900
1731	0.58549405
1043	0.63122669
1120	0.68978251
1444	0.58204098
1538	0.52477391
1586	0.54362809
1784	0.55629335
716	0.57257381
916	0.70294813
1388	0.55277051
995	0.61633183
1064	0.63979750
1199	0.59999700
1265	0.54683448
1121	0.66651824
1343	0.56999850
1814	0.57589105
1934	0.55183028
734	0.66689295
1900	0.57034423
649	0.67449605
1532	0.58181929
1533	0.58309755
1681	0.57564878
1704	0.60093913
1001	0.67490405
1469	0.59069285
1003	0.60838681
1379	0.60129115
1102	0.63260490
1737	0.53582199
202	0.79389665
1135	0.64436652
1142	0.61594113
1208	0.61400780
1687	0.52873703
1475	0.58905677
761	0.62530125
861	0.62804658
896	0.68602809
1034	0.60497691
1167	0.60512454
1169	0.58994563
1438	0.60239880
1640	0.59038711
1872	0.51993153
1151	0.57774623
1564	0.55669865
763	0.58298731
980	0.56561459
590	0.70728206
610	0.70975392
1045	0.59505597
1330	0.57326557
1598	0.59537021
517	0.65311484
1191	0.64803428
1594	0.59680000
968	0.61356752
1352	0.59369135
1453	0.57566857
1781	0.55359030
563	0.73032364
1365	0.60282829
1434	0.57688636
1858	0.54066157
1127	0.60714543
1430	0.60815782
1837	0.57512214
1313	0.62458171
1880	0.54167946
541	0.72159280
1817	0.51132794
885	0.61245637
1221	0.63076782
1468	0.59794883
1751	0.55961339
1791	0.55510375
1333	0.59946867
1478	0.58909575
922	0.70171104
1906	0.53660200
451	0.75550655
1847	0.52094863
1150	0.57511274
1997	0.53308916
1325	0.58634533
1516	0.55532564
1227	0.54941519
1504	0.65314913
1857	0.55095862
757	0.63865227
1792	0.59375282
1947	0.53876412
1551	0.60126557
1292	0.52590005
1553	0.58681949
1674	0.56494813
970	0.62073153
1711	0.53672574
1726	0.55884748
1235	0.65561319
966	0.62149185
786	0.76462369
1843	0.53571794
1063	0.64682929
1966	0.53277831
1246	0.57497481
1748	0.57605557
1920	0.56351294
1849	0.54642609
1876	0.53498451
1423	0.64967276
1582	0.53030035
1105	0.63153603
1786	0.58215332
1512	0.59530335
831	0.67445657
1824	0.53626747
1904	0.53440550
822	0.60935042
1954	0.53496252
1846	0.55136672
1668	0.55223588
1948	0.54391424
1296	0.56176402
1922	0.53491574
1322	0.58531524
1305	0.60137541
1669	0.54398611
1882	0.58146337
1123	0.60855182
1723	0.53842989
1820	0.54995362
981	0.60330785
1830	0.55855382
1965	0.52529725
1649	0.56876692
1741	0.51843378
1757	0.55140320
1982	0.54275092
1637	0.54371984
686	0.58196712
1918	0.52214013
1768	0.57958491
568	0.66167926
1385	0.55360450
842	0.56904158
956	0.70373143
1360	0.63040500
1411	0.59312534
1987	0.50950785
1443	0.55827566
1066	0.64640860
1380	0.56848316
1590	0.55306767
1648	0.57883368
1114	0.61459770
1834	0.53354793
1180	0.57441249
1705	0.57574453
1890	0.52439740
1653	0.53802729
1780	0.54367496
1389	0.61856342
1263	0.62748786
1177	0.58000820
1714	0.57721319
1406	0.67162979
1451	0.55913563
1198	0.55557411
1204	0.63180450
1733	0.55344428
1946	0.49325797
1929	0.52927596
1694	0.53058611
1755	0.56692674
1427	0.59000850
1770	0.55762579
1879	0.52940010
1013	0.52498641
1113	0.69076032
1853	0.52122099
